Wansh/Snow_depth/snowdepth-1983/spring/1983075.txt
ncols 321
nrows 161
xllcenter 60
yllcenter 15 
cellsize  0.25 
NODATA_value -1
[rows 0 to 36 of 161, columns 84 to 167 of 321]
20.08 19.42 18.91 21.90 27.59 25.70 19.86 18.98 19.42 20.66 22.78 0.00 0.00 0.00 0.00 0.00 0.00 0.00 0.00 0.00 0.00 14.89 0.00 0.00 0.00 0.00 0.00 0.00 0.00 0.00 0.00 10.51 13.29 12.05 12.41 15.70 16.13 15.11 14.75 0.00 0.00 17.81 12.85 12.85 0.00 0.00 0.00 0.00 0.00 0.00 0.00 0.00 0.00 7.74 7.96 8.98 11.39 11.75 9.93 6.50 6.35 0.00 0.00 0.00 0.00 0.00 0.00 0.00 0.00 0.00 0.00 0.00 0.00 0.00 0.00 0.00 0.00 0.00 0.00 0.00 0.00 0.00 0.00 10.51
17.52 16.43 18.32 23.00 25.70 27.45 26.13 23.51 18.91 18.98 0.00 0.00 0.00 0.00 0.00 0.00 0.00 17.74 17.74 16.86 17.45 18.47 18.10 0.00 0.00 7.23 6.79 0.00 0.00 0.00 0.00 0.00 0.00 0.00 0.00 0.00 0.00 0.00 5.04 10.73 0.00 0.00 0.00 0.00 0.00 0.00 0.00 0.00 0.00 0.00 0.00 0.00 0.00 0.00 0.00 0.00 7.59 8.69 8.25 0.00 0.00 0.00 7.96 6.57 0.00 0.00 0.00 0.00 0.00 0.00 0.00 0.00 0.00 0.00 0.00 0.00 19.27 0.00 19.05 17.30 16.50 0.00 0.00 0.00
19.86 18.18 18.18 18.54 17.52 21.97 22.85 23.36 25.55 0.00 0.00 0.00 0.00 0.00 0.00 0.00 0.00 0.00 0.00 14.24 14.02 16.35 20.37 19.42 0.00 0.00 0.00 0.00 0.00 0.00 0.00 0.00 0.00 0.00 0.00 0.00 0.00 0.00 0.00 18.98 21.97 0.00 0.00 0.00 0.00 0.00 0.00 0.00 0.00 0.00 0.00 0.00 0.00 0.00 0.00 0.00 11.17 12.99 14.45 13.80 13.87 15.04 13.65 11.75 0.00 0.00 0.00 0.00 0.00 0.00 0.00 0.00 0.00 0.00 0.00 0.00 0.00 20.59 21.75 22.12 23.65 24.97 22.34 20.37
19.86 18.18 18.18 18.54 17.52 21.97 22.85 23.36 25.55 0.00 0.00 0.00 0.00 0.00 0.00 0.00 0.00 0.00 0.00 14.24 14.02 16.35 20.37 19.42 0.00 0.00 0.00 0.00 0.00 0.00 0.00 0.00 0.00 0.00 0.00 0.00 0.00 0.00 0.00 18.98 21.97 0.00 0.00 0.00 0.00 0.00 0.00 0.00 0.00 0.00 0.00 0.00 0.00 0.00 0.00 0.00 11.17 12.99 14.45 13.80 13.87 15.04 13.65 11.75 0.00 0.00 0.00 0.00 0.00 0.00 0.00 0.00 0.00 0.00 0.00 0.00 0.00 20.59 21.75 22.12 23.65 24.97 22.34 20.37
16.79 14.53 11.24 13.21 17.52 17.67 19.56 24.16 0.00 0.00 0.00 0.00 0.00 0.00 0.00 0.00 0.00 0.00 0.00 0.00 9.56 12.48 18.32 21.24 18.69 0.00 0.00 0.00 0.00 0.00 0.00 0.00 0.00 0.00 0.00 0.00 0.00 0.00 13.51 15.40 16.72 16.28 20.08 20.08 21.61 19.86 23.58 0.00 0.00 0.00 0.00 0.00 0.00 0.00 0.00 0.00 0.00 6.28 10.95 13.87 15.18 16.57 15.33 10.66 5.04 4.60 0.00 0.00 0.00 0.00 0.00 0.00 0.00 0.00 0.00 0.00 0.00 0.00 19.27 19.93 21.68 21.75 23.51 22.05
25.33 24.45 23.58 23.00 17.67 12.19 12.56 0.00 0.00 0.00 0.00 0.00 0.00 12.70 14.97 16.64 0.00 0.00 0.00 0.00 0.00 7.66 12.78 17.23 20.29 0.00 0.00 0.00 0.00 0.00 0.00 0.00 0.00 0.00 0.00 0.00 0.00 0.00 0.00 0.00 0.00 7.15 16.06 16.06 14.67 15.04 21.17 26.28 0.00 0.00 0.00 0.00 0.00 0.00 0.00 0.00 4.02 6.57 7.52 9.78 13.51 16.50 24.89 19.86 14.53 10.00 6.86 5.11 5.11 5.55 0.00 0.00 0.00 0.00 0.00 0.00 0.00 0.00 0.00 0.00 20.08 21.68 22.05 22.27
27.01 28.47 26.65 26.65 24.75 21.97 0.00 0.00 0.00 0.00 13.58 14.60 14.89 0.00 0.00 17.30 21.02 23.73 23.73 24.16 17.30 11.02 0.00 0.00 0.00 0.00 0.00 0.00 0.00 0.00 0.00 0.00 0.00 0.00 0.00 0.00 0.00 0.00 0.00 0.00 0.00 5.26 18.54 18.54 0.00 0.00 0.00 0.00 0.00 0.00 0.00 0.00 0.00 0.00 0.00 0.00 9.42 13.14 16.28 14.45 15.70 19.20 27.23 26.79 22.12 19.49 18.03 11.02 11.02 9.56 11.61 15.77 20.44 18.18 14.67 15.04 14.24 11.32 9.78 10.73 13.07 18.03 20.95 24.97
27.01 28.47 26.65 26.65 24.75 21.97 0.00 0.00 0.00 0.00 13.58 14.60 14.89 0.00 0.00 17.30 21.02 23.73 23.73 24.16 17.30 11.02 0.00 0.00 0.00 0.00 0.00 0.00 0.00 0.00 0.00 0.00 0.00 0.00 0.00 0.00 0.00 0.00 0.00 0.00 0.00 5.26 18.54 18.54 0.00 0.00 0.00 0.00 0.00 0.00 0.00 0.00 0.00 0.00 0.00 0.00 9.42 13.14 16.28 14.45 15.70 19.20 27.23 26.79 22.12 19.49 18.03 11.02 11.02 9.56 11.61 15.77 20.44 18.18 14.67 15.04 14.24 11.32 9.78 10.73 13.07 18.03 20.95 24.97
26.50 24.97 22.27 24.60 26.35 0.00 0.00 0.00 0.00 0.00 0.00 0.00 0.00 0.00 0.00 0.00 20.29 22.12 22.12 23.29 0.00 0.00 0.00 0.00 0.00 0.00 0.00 0.00 0.00 0.00 0.00 0.00 0.00 0.00 0.00 0.00 0.00 0.00 0.00 0.00 0.00 0.00 0.00 0.00 0.00 0.00 0.00 0.00 0.00 0.00 8.25 8.98 7.96 6.35 6.28 6.35 7.88 9.05 11.46 13.29 15.04 15.70 18.83 18.91 19.86 23.80 22.56 19.93 19.93 18.69 19.56 19.49 18.69 17.89 18.10 18.47 17.81 16.06 16.13 15.18 12.19 11.46 13.87 18.54
23.87 23.43 22.63 24.60 0.00 0.00 0.00 0.00 0.00 0.00 0.00 0.00 0.00 0.00 17.16 19.20 20.29 21.90 21.90 22.85 0.00 0.00 0.00 0.00 0.00 0.00 0.00 0.00 0.00 0.00 0.00 0.00 0.00 0.00 0.00 0.00 0.00 0.00 0.00 0.00 0.00 0.00 0.00 0.00 0.00 0.00 0.00 0.00 10.44 10.07 11.39 15.04 18.03 14.24 11.75 10.37 9.86 8.47 7.23 9.05 10.29 13.72 12.41 12.56 15.84 16.79 15.18 15.33 15.33 15.77 13.43 17.89 19.78 18.03 14.60 16.50 19.49 21.90 21.61 18.83 14.82 10.88 0.00 10.29
21.53 17.30 17.08 0.00 0.00 5.55 0.00 0.00 0.00 0.00 2.41 5.99 10.29 12.70 13.87 17.01 22.48 26.13 26.13 25.11 0.00 0.00 0.00 0.00 0.00 0.00 0.00 0.00 0.00 0.00 0.00 0.00 0.00 0.00 0.00 0.00 0.00 0.00 0.00 0.00 0.00 0.00 0.00 0.00 0.00 0.00 0.00 0.00 12.05 9.64 8.54 12.34 12.78 11.75 9.71 9.20 10.59 10.80 9.05 9.56 15.04 15.33 12.78 12.99 14.24 18.83 20.22 24.09 24.09 24.02 20.95 20.22 22.12 19.93 15.04 15.18 19.64 23.80 22.12 15.99 10.00 13.14 12.63 9.42
21.53 17.30 17.08 0.00 0.00 5.55 0.00 0.00 0.00 0.00 2.41 5.99 10.29 12.70 13.87 17.01 22.48 26.13 26.13 25.11 0.00 0.00 0.00 0.00 0.00 0.00 0.00 0.00 0.00 0.00 0.00 0.00 0.00 0.00 0.00 0.00 0.00 0.00 0.00 0.00 0.00 0.00 0.00 0.00 0.00 0.00 0.00 0.00 12.05 9.64 8.54 12.34 12.78 11.75 9.71 9.20 10.59 10.80 9.05 9.56 15.04 15.33 12.78 12.99 14.24 18.83 20.22 24.09 24.09 24.02 20.95 20.22 22.12 19.93 15.04 15.18 19.64 23.80 22.12 15.99 10.00 13.14 12.63 9.42
13.80 14.16 14.60 0.00 0.00 0.00 0.00 0.00 0.00 0.00 0.00 0.00 10.07 13.51 0.00 18.69 21.61 0.00 0.00 0.00 0.00 0.00 0.00 0.00 0.00 0.00 0.00 0.00 0.00 0.00 0.00 0.00 0.00 0.00 0.00 0.00 0.00 0.00 0.00 0.00 12.99 13.94 12.85 12.85 10.88 8.61 7.01 8.25 9.86 13.07 16.64 18.25 16.28 12.85 12.26 13.29 16.94 20.08 19.42 16.43 13.21 13.21 12.19 14.02 15.55 14.89 17.45 20.88 20.88 22.78 23.43 24.67 24.31 21.90 19.20 17.81 18.32 21.68 22.48 21.46 20.15 21.39 22.56 21.39
16.72 13.58 0.00 0.00 0.00 0.00 0.00 0.00 0.00 0.00 0.00 0.00 0.00 0.00 0.00 0.00 0.00 0.00 0.00 0.00 0.00 0.00 0.00 0.00 0.00 0.00 0.00 0.00 0.00 0.00 15.04 16.79 18.03 13.29 13.29 17.08 18.69 14.82 13.87 12.05 12.78 10.88 10.15 10.15 9.49 13.29 14.89 14.53 13.87 14.60 16.57 16.13 17.45 19.56 18.98 14.75 12.56 14.09 14.75 15.55 19.42 18.98 18.91 20.95 19.78 18.32 21.39 21.53 21.53 23.58 26.21 27.23 28.32 26.43 25.26 21.17 18.54 18.98 19.05 19.93 16.21 15.40 16.43 18.83
15.40 0.00 0.00 0.00 0.00 0.00 0.00 0.00 0.00 0.00 0.00 0.00 0.00 0.00 0.00 0.00 0.00 0.00 0.00 0.00 0.00 0.00 0.00 0.00 0.00 0.00 0.00 0.00 16.35 19.86 25.40 27.52 23.80 19.56 18.25 15.91 15.62 18.91 12.26 11.75 12.26 15.26 15.04 15.04 16.06 18.25 21.39 20.88 17.89 18.47 18.10 17.45 17.67 22.92 25.99 27.81 25.40 18.40 11.46 10.44 11.32 10.51 15.91 19.64 19.05 18.69 16.50 16.64 16.64 20.51 21.90 22.19 22.92 22.70 19.86 19.56 10.07 4.09 4.16 9.71 11.83 11.32 9.93 13.36
0.00 0.00 0.00 0.00 0.00 0.00 0.00 0.00 0.00 0.00 0.00 0.00 0.00 0.00 0.00 0.00 0.00 0.00 0.00 0.00 0.00 0.00 0.00 0.00 0.00 15.77 12.12 12.92 17.81 21.24 25.40 27.23 21.53 15.70 14.38 13.21 12.70 21.90 19.20 16.35 17.89 18.54 17.16 17.16 13.72 14.82 14.02 13.51 12.78 15.84 17.89 11.90 12.85 18.54 23.58 27.01 26.94 18.91 9.56 7.96 0.00 0.00 8.03 9.20 11.83 17.01 17.89 18.69 18.69 21.02 21.32 19.56 14.75 13.94 17.16 16.86 9.64 0.00 0.00 11.68 16.21 12.41 14.45 15.84
0.00 0.00 0.00 0.00 0.00 0.00 0.00 0.00 0.00 0.00 0.00 0.00 0.00 0.00 0.00 0.00 0.00 0.00 0.00 0.00 0.00 0.00 0.00 0.00 0.00 15.77 12.12 12.92 17.81 21.24 25.40 27.23 21.53 15.70 14.38 13.21 12.70 21.90 19.20 16.35 17.89 18.54 17.16 17.16 13.72 14.82 14.02 13.51 12.78 15.84 17.89 11.90 12.85 18.54 23.58 27.01 26.94 18.91 9.56 7.96 0.00 0.00 8.03 9.20 11.83 17.01 17.89 18.69 18.69 21.02 21.32 19.56 14.75 13.94 17.16 16.86 9.64 0.00 0.00 11.68 16.21 12.41 14.45 15.84
0.00 0.00 0.00 0.00 0.00 0.00 0.00 0.00 0.00 0.00 0.00 0.00 0.00 0.00 0.00 0.00 0.00 0.00 0.00 0.00 0.00 10.00 11.24 11.97 16.94 17.01 11.46 9.78 11.32 14.75 18.91 22.78 21.68 17.89 12.99 13.21 15.11 16.94 16.13 13.80 15.33 15.91 16.50 16.50 16.64 18.76 18.54 18.76 18.91 19.20 17.59 16.28 16.72 18.25 18.83 17.59 16.06 12.48 8.54 9.20 12.34 14.31 12.34 9.93 11.75 15.91 15.99 18.32 18.32 25.77 22.12 15.40 10.95 13.36 14.31 11.68 5.77 0.00 7.96 9.13 9.64 7.74 9.56 9.20
0.00 0.00 0.00 0.00 0.00 0.00 0.00 0.00 0.00 0.00 0.00 14.60 18.61 21.24 19.13 0.00 0.00 0.00 0.00 15.91 0.00 0.00 0.00 9.05 13.14 16.13 14.60 14.31 15.55 17.59 20.81 23.51 28.11 26.06 19.20 15.48 12.63 10.95 10.29 13.80 18.10 23.58 25.04 25.04 25.99 25.99 22.19 19.86 19.35 18.18 17.01 16.35 15.48 14.31 14.82 15.18 14.45 13.43 16.79 19.27 23.73 23.87 18.83 13.65 15.18 19.05 17.74 23.14 23.14 28.18 26.65 18.25 13.14 12.26 9.42 6.79 6.13 7.23 7.59 5.84 8.25 9.56 9.05 8.91
0.00 0.00 0.00 0.00 0.00 0.00 0.00 0.00 0.00 0.00 16.43 17.59 18.18 19.49 20.08 21.02 21.46 22.12 22.12 22.56 20.88 15.55 11.02 9.34 12.99 17.89 19.78 21.46 18.18 16.57 20.73 27.08 28.03 25.40 22.70 20.00 12.19 8.98 10.51 13.36 18.83 25.11 31.90 31.90 35.11 32.92 22.70 18.47 22.41 22.56 20.37 19.49 19.27 17.30 16.21 16.50 17.45 23.73 20.66 21.53 26.72 28.40 23.65 18.98 17.45 17.81 26.28 28.54 28.54 24.16 15.77 13.65 9.42 10.15 10.15 5.62 9.49 11.90 10.59 9.78 10.51 10.59 12.05 11.46
0.00 0.00 0.00 0.00 0.00 0.00 0.00 0.00 0.00 0.00 22.19 21.32 20.59 19.20 0.00 0.00 21.90 22.85 22.85 21.32 20.51 16.28 16.79 15.62 19.35 21.46 21.68 17.96 12.99 12.63 17.96 22.27 28.03 27.38 18.32 7.88 5.26 4.82 8.91 14.67 18.47 21.90 26.35 26.35 32.56 33.94 30.44 27.52 30.22 30.15 25.62 24.97 24.02 22.34 22.12 23.07 25.55 23.07 21.17 19.86 19.20 21.39 21.39 22.56 20.95 22.12 23.14 20.81 20.81 12.85 5.91 3.87 8.69 11.02 9.20 8.32 10.88 12.92 10.88 10.88 12.70 12.85 12.92 11.90
0.00 0.00 0.00 0.00 0.00 0.00 0.00 0.00 20.22 28.32 33.58 36.28 34.97 27.59 22.92 21.46 23.58 23.94 23.94 25.11 27.96 26.94 26.28 26.43 27.23 28.84 27.30 24.45 20.00 14.53 11.24 12.85 18.18 23.00 13.80 6.86 3.43 0.00 5.91 13.94 17.96 13.43 12.48 12.48 16.72 16.35 18.40 19.27 22.41 23.51 24.53 28.62 31.03 31.97 30.95 28.03 24.16 23.14 23.07 21.39 20.51 22.19 21.90 20.81 19.71 15.91 15.18 11.17 11.17 7.45 6.42 6.13 7.08 7.15 3.58 4.89 13.72 12.92 10.29 9.86 11.02 11.10 11.53 12.63
0.00 0.00 0.00 0.00 0.00 0.00 0.00 0.00 20.22 28.32 33.58 36.28 34.97 27.59 22.92 21.46 23.58 23.94 23.94 25.11 27.96 26.94 26.28 26.43 27.23 28.84 27.30 24.45 20.00 14.53 11.24 12.85 18.18 23.00 13.80 6.86 3.43 0.00 5.91 13.94 17.96 13.43 12.48 12.48 16.72 16.35 18.40 19.27 22.41 23.51 24.53 28.62 31.03 31.97 30.95 28.03 24.16 23.14 23.07 21.39 20.51 22.19 21.90 20.81 19.71 15.91 15.18 11.17 11.17 7.45 6.42 6.13 7.08 7.15 3.58 4.89 13.72 12.92 10.29 9.86 11.02 11.10 11.53 12.63
0.00 0.00 0.00 0.00 0.00 0.00 0.00 17.45 20.37 25.19 32.70 38.33 39.71 38.62 34.24 27.67 25.62 23.87 23.87 23.58 25.70 25.33 27.45 30.08 32.92 31.76 30.15 28.32 20.59 13.87 8.10 6.50 7.52 8.76 8.47 6.13 4.31 5.04 6.28 10.29 12.05 9.05 9.27 9.27 11.39 13.21 12.19 13.14 13.21 13.58 13.80 15.62 17.30 18.98 21.17 23.07 15.99 18.10 17.37 22.12 22.56 24.31 27.38 27.45 26.06 21.90 19.78 18.91 18.91 20.66 17.45 11.90 10.37 10.59 7.96 7.08 7.81 8.25 6.94 6.13 7.66 7.88 9.27 9.05
0.00 0.00 0.00 0.00 8.91 19.78 28.69 32.34 32.34 29.93 29.35 33.36 34.46 31.46 29.05 25.92 24.89 23.36 23.36 22.41 24.24 26.72 28.32 28.75 29.49 30.17 24.78 23.36 14.31 7.08 6.35 5.99 4.67 0.00 3.07 0.00 0.00 0.00 8.10 9.42 10.37 8.47 7.66 7.66 8.76 10.95 12.85 12.92 9.71 8.54 11.10 14.45 16.35 14.45 13.14 13.72 12.92 11.90 13.94 21.97 23.36 23.21 28.91 31.68 32.19 27.16 21.68 21.97 21.97 26.43 25.48 21.10 18.25 15.33 10.00 6.35 4.82 4.60 7.45 11.32 11.68 9.42 9.20 9.13
0.00 18.69 22.05 22.34 28.47 35.26 41.10 40.81 36.35 22.34 11.32 9.93 10.15 13.87 17.37 20.95 26.72 34.31 34.31 37.16 37.38 35.92 33.80 32.29 37.32 32.18 31.39 32.51 28.84 17.59 12.26 9.93 7.59 4.09 0.00 0.00 4.67 5.18 5.99 7.59 10.00 7.88 6.50 6.50 7.23 9.93 12.48 13.80 12.70 8.03 6.94 8.69 11.02 14.38 13.87 9.86 10.73 13.21 17.37 26.65 25.99 23.14 24.67 25.40 26.57 27.16 29.42 26.65 26.65 24.53 20.66 15.91 13.51 10.51 7.88 8.10 8.03 7.52 7.96 10.29 7.88 4.60 0.00 7.66
14.53 15.77 23.07 27.38 28.84 33.94 39.93 40.66 34.24 18.40 2.85 0.00 0.00 0.00 0.00 0.00 15.40 15.70 15.70 18.47 20.88 23.72 27.92 31.76 33.13 31.09 35.38 34.14 31.98 26.67 15.48 13.87 13.14 6.28 5.04 4.67 6.13 6.57 5.11 4.82 8.32 9.86 5.55 5.55 2.77 5.69 10.80 12.56 12.56 9.93 8.40 8.61 10.29 11.10 10.44 9.05 10.95 10.88 13.94 20.73 25.99 22.85 22.85 21.61 20.81 27.08 31.54 29.27 29.27 28.32 25.19 18.25 16.06 14.67 13.94 15.33 12.19 8.25 8.98 7.37 4.67 6.79 10.66 13.29
14.09 10.88 12.99 21.32 25.19 29.13 32.78 35.62 28.69 16.94 7.37 1.83 0.00 0.00 0.00 0.00 0.00 0.00 0.00 0.00 0.00 0.00 2.63 12.34 18.90 22.12 32.44 35.31 42.30 35.25 29.13 22.48 19.78 15.33 12.12 12.63 8.61 5.91 5.62 2.41 4.67 10.00 10.95 10.95 7.88 6.57 9.05 11.53 12.99 11.83 10.15 8.47 7.30 5.77 5.91 5.33 4.16 0.00 8.18 17.81 24.38 27.96 31.97 28.25 23.65 28.40 31.24 30.30 30.30 26.13 24.60 20.59 18.83 20.15 22.63 20.51 12.56 6.64 10.66 8.18 8.47 10.15 10.59 13.14
14.09 10.88 12.99 21.32 25.19 29.13 32.78 35.62 28.69 16.94 7.37 1.83 0.00 0.00 0.00 0.00 0.00 0.00 0.00 0.00 0.00 0.00 2.57 12.65 18.61 22.12 31.46 32.81 39.52 35.79 29.42 23.42 22.23 16.22 12.43 12.63 8.61 5.91 5.62 2.41 4.67 10.00 10.95 10.95 7.88 6.57 9.05 11.53 12.99 11.83 10.15 8.47 7.30 5.77 5.91 5.33 4.16 0.00 8.18 17.81 24.38 27.96 31.97 28.25 23.65 28.40 31.24 30.30 30.30 26.13 24.60 20.59 18.83 20.15 22.63 20.51 12.56 6.64 10.66 8.18 8.47 10.15 10.59 13.14
0.00 11.68 13.36 19.64 26.13 30.81 31.68 31.10 28.03 18.32 9.71 5.91 3.58 0.00 0.00 0.00 0.00 0.00 0.00 0.00 0.00 0.00 0.00 0.00 0.00 13.49 17.25 18.34 21.83 32.50 31.56 26.10 29.12 32.36 23.48 19.90 13.64 7.01 5.84 5.84 3.14 5.55 10.07 10.07 12.05 11.46 14.53 17.45 16.21 12.78 10.15 6.72 3.50 0.00 0.00 0.00 0.00 0.00 4.45 11.53 17.89 22.48 28.98 31.46 28.91 26.21 27.30 26.72 26.72 22.48 20.37 18.83 18.32 18.54 20.95 17.37 11.10 10.66 11.53 9.93 8.03 7.88 0.00 3.50
0.00 0.00 0.00 10.15 11.53 13.36 22.63 32.27 34.02 28.98 19.05 9.93 5.84 0.00 0.00 0.00 0.00 0.00 0.00 0.00 0.00 0.00 0.00 0.00 0.00 0.00 0.00 3.48 7.00 14.38 16.94 16.06 20.37 29.76 32.14 32.36 23.72 11.67 6.64 6.42 5.11 3.94 6.42 6.42 10.22 10.73 11.39 13.94 17.45 16.35 14.09 11.10 7.45 5.99 0.00 0.00 0.00 0.00 0.00 3.07 5.40 12.34 21.61 30.00 28.98 22.34 19.35 21.75 21.75 17.37 15.91 15.99 15.70 16.79 18.47 14.82 8.03 11.39 12.85 8.54 3.87 3.80 4.09 4.96
0.00 0.00 8.98 9.56 8.40 7.52 8.76 13.21 17.59 18.61 14.89 6.86 0.00 0.00 0.00 0.00 9.71 5.62 5.62 0.00 0.00 1.39 0.00 0.00 0.00 0.00 0.00 0.00 0.00 0.00 4.89 11.24 19.42 24.53 25.82 29.20 30.64 23.21 13.36 10.15 10.88 6.42 3.36 3.36 8.25 10.80 9.42 9.93 11.97 17.23 20.59 18.25 13.21 11.24 6.79 5.04 0.00 0.00 0.00 0.00 0.00 0.00 12.34 19.86 19.49 16.64 13.43 12.78 12.78 10.29 5.99 5.77 8.69 10.29 11.46 13.80 14.38 14.75 13.72 12.26 12.05 12.41 13.80 16.43
0.00 0.00 0.00 0.00 0.00 7.08 8.40 12.41 15.33 12.85 8.40 0.00 0.00 0.00 4.67 9.86 8.40 4.74 4.74 1.75 0.00 0.00 0.00 0.00 0.00 0.00 0.00 0.00 0.00 0.00 0.00 3.65 8.18 13.65 19.78 25.19 25.05 25.57 20.11 12.61 9.78 7.88 5.40 5.40 4.96 6.35 6.20 9.34 13.58 17.67 20.37 17.96 14.24 16.79 13.94 6.86 0.00 1.61 5.11 0.00 0.00 0.00 4.96 7.88 9.49 8.61 8.98 8.32 8.32 5.62 3.80 2.56 2.77 2.77 5.69 11.39 13.87 15.99 16.28 17.30 18.25 18.40 20.44 20.81
0.00 0.00 0.00 0.00 0.00 0.00 0.00 0.00 0.00 0.00 0.00 0.00 10.07 9.64 8.18 11.24 7.59 5.40 5.40 1.75 0.00 0.00 0.00 0.00 0.00 0.00 0.00 0.00 0.00 0.00 0.00 0.00 0.00 3.14 5.62 10.59 16.06 16.06 16.30 12.95 6.38 6.79 6.06 6.06 4.31 4.16 4.67 4.96 6.42 7.59 8.91 9.64 11.61 20.73 19.27 7.81 4.38 4.67 4.89 4.02 3.65 0.00 0.00 3.07 0.00 2.04 4.31 3.94 3.94 0.00 0.00 0.00 0.00 6.28 12.12 19.13 22.48 21.02 17.81 15.18 16.43 19.27 19.93 17.89
0.00 0.00 0.00 0.00 0.00 0.00 0.00 0.00 0.00 0.00 0.00 0.00 8.47 6.20 4.02 0.00 0.00 0.00 0.00 0.00 0.00 0.00 0.00 0.00 0.00 0.00 0.00 0.00 0.00 0.00 0.00 0.00 0.00 0.00 0.00 3.29 3.58 3.02 3.07 4.96 4.57 4.38 6.28 6.28 6.20 3.29 0.00 1.46 4.96 6.50 6.28 4.23 3.80 7.52 9.71 7.52 3.72 3.50 3.87 5.40 6.06 0.00 0.00 0.00 0.00 0.00 1.53 1.53 1.53 0.00 0.00 0.00 0.00 3.58 12.48 21.61 24.31 24.38 19.13 17.16 16.72 16.21 14.38 11.75
0.00 0.00 0.00 0.00 0.00 0.00 0.00 0.00 0.00 0.00 0.00 0.00 8.47 6.20 4.02 0.00 0.00 0.00 0.00 0.00 0.00 0.00 0.00 0.00 0.00 0.00 0.00 0.00 0.00 0.00 0.00 0.00 0.00 0.00 0.00 3.30 3.58 3.01 3.10 4.96 4.53 4.38 6.28 6.28 6.20 3.29 0.00 1.46 4.96 6.50 6.28 4.23 3.80 7.52 9.71 7.52 3.72 3.50 3.87 5.40 6.06 0.00 0.00 0.00 0.00 0.00 1.53 1.53 1.53 0.00 0.00 0.00 0.00 3.58 12.48 21.61 24.31 24.38 19.13 17.16 16.72 16.21 14.38 11.75
0.00 0.00 0.00 0.00 0.00 0.00 0.00 0.00 0.00 0.00 0.00 3.29 6.50 3.72 2.48 2.77 0.00 0.00 0.00 0.00 0.00 0.00 0.00 0.00 0.00 0.00 0.00 0.00 0.00 0.00 0.00 0.00 0.00 1.02 1.02 0.00 2.63 0.00 0.00 3.36 2.56 0.00 0.00 0.00 1.10 1.10 0.00 3.14 4.60 5.77 4.31 1.97 0.00 0.00 0.00 0.00 0.00 4.67 0.00 6.72 9.27 5.04 0.00 2.92 3.07 3.58 2.56 1.61 1.61 2.41 2.56 1.83 1.75 1.31 2.04 4.23 5.55 10.07 16.94 19.27 16.79 11.53 10.07 9.49
