Wansh/Snow_depth/snowdepth-1983/spring/1983083.txt
ncols 321
nrows 161
xllcenter 60
yllcenter 15 
cellsize  0.25 
NODATA_value -1
[rows 0 to 36 of 161, columns 0 to 82 of 321]
17.74 17.74 22.05 23.29 21.61 19.86 22.63 24.31 24.67 23.65 23.00 21.90 18.47 14.45 13.65 13.65 15.40 16.50 17.08 16.35 12.85 13.80 14.97 15.04 13.65 12.92 12.92 13.07 14.09 14.16 14.60 15.04 15.40 16.72 16.64 16.21 17.37 17.96 18.18 19.93 21.97 22.92 23.14 24.82 24.45 24.97 24.67 24.67 23.14 23.36 24.45 24.45 24.09 21.53 20.44 20.51 20.81 20.37 19.49 18.03 18.76 18.76 18.32 17.59 16.94 16.72 16.72 15.70 16.86 18.03 19.78 20.66 20.37 19.27 18.91 18.54 18.54 18.03 17.01 16.28 16.72 17.16 18.76
18.32 18.32 19.27 20.15 19.86 20.59 22.34 24.09 22.41 22.12 20.66 17.81 17.16 14.38 13.14 12.48 12.85 10.51 12.41 12.41 11.68 11.53 11.61 11.32 11.97 12.41 12.41 13.58 15.62 14.45 13.87 13.80 14.45 15.70 15.99 14.82 15.77 17.23 18.10 18.98 19.64 20.00 21.10 21.97 22.63 22.27 23.65 24.38 23.94 23.29 22.70 22.70 21.83 22.48 21.32 21.32 21.17 17.81 16.86 16.64 16.35 17.74 18.03 17.89 17.89 18.03 17.01 16.35 16.57 17.96 19.71 22.05 22.41 20.37 20.15 17.52 17.52 19.56 21.90 21.75 20.73 17.96 17.81
17.01 17.01 14.75 17.89 22.27 21.75 23.43 24.38 23.21 20.59 17.37 15.40 14.38 13.65 13.36 12.34 13.14 13.07 9.27 8.98 9.49 11.53 10.15 10.29 10.15 10.66 10.66 11.24 11.53 11.32 10.80 12.12 10.37 10.00 11.83 13.29 13.29 13.80 14.60 15.62 15.48 15.48 15.70 14.89 15.11 18.18 21.10 22.41 21.97 21.24 21.17 21.17 21.02 19.78 20.15 19.56 19.05 18.69 19.42 17.81 19.20 19.71 20.00 20.88 20.37 20.22 19.56 18.91 20.59 19.49 19.49 19.71 19.49 19.35 19.20 18.91 18.91 18.98 18.91 18.91 18.69 18.03 19.93
17.01 17.01 14.75 17.89 22.27 21.75 23.43 24.38 23.21 20.59 17.37 15.40 14.38 13.65 13.36 12.34 13.14 13.07 9.27 8.98 9.49 11.53 10.15 10.29 10.15 10.66 10.66 11.24 11.53 11.32 10.80 12.12 10.37 10.00 11.83 13.29 13.29 13.80 14.60 15.62 15.48 15.48 15.70 14.89 15.11 18.18 21.10 22.41 21.97 21.24 21.17 21.17 21.02 19.78 20.15 19.56 19.05 18.69 19.42 17.81 19.20 19.71 20.00 20.88 20.37 20.22 19.56 18.91 20.59 19.49 19.49 19.71 19.49 19.35 19.20 18.91 18.91 18.98 18.91 18.91 18.69 18.03 19.93
14.24 14.24 14.24 18.61 23.21 23.94 22.19 24.75 24.31 23.80 18.03 14.67 13.29 12.41 13.07 12.70 14.16 14.53 11.17 8.03 8.10 8.47 8.47 8.69 8.32 9.86 9.86 8.98 9.42 9.64 8.54 8.61 8.32 8.83 10.22 12.12 13.14 13.29 11.90 12.85 15.11 14.09 13.21 12.63 14.09 16.21 19.71 21.17 20.51 20.00 19.64 19.64 20.73 18.40 18.32 18.32 19.49 18.91 18.32 17.89 18.47 19.35 20.66 19.20 18.18 18.32 17.89 18.32 19.13 18.61 18.40 18.91 18.40 18.47 18.32 17.81 17.81 19.56 21.24 20.15 18.91 18.76 18.18
14.97 14.97 17.23 19.71 23.14 22.12 23.29 23.58 20.95 17.52 14.16 11.46 11.90 13.65 14.16 13.36 14.53 16.72 14.38 12.41 9.49 7.30 7.23 7.15 7.88 8.91 8.91 9.49 9.27 9.27 9.86 10.00 8.91 8.32 8.10 7.74 10.15 11.17 10.51 9.56 6.50 4.89 6.79 11.83 14.60 15.04 18.47 22.05 20.88 17.89 17.08 17.08 17.01 16.64 17.45 16.64 15.99 16.43 17.45 17.16 16.79 18.10 18.83 18.47 18.10 18.69 20.29 18.40 18.03 18.98 19.49 18.91 17.59 18.18 19.27 18.69 18.69 19.13 19.86 18.83 16.28 15.84 17.81
15.84 15.84 18.54 17.37 19.05 17.08 18.98 19.64 15.62 13.36 12.99 13.72 16.06 16.86 15.91 13.36 13.21 12.99 12.78 11.46 11.75 10.07 8.61 8.03 9.20 9.78 9.78 10.88 10.59 10.44 11.10 10.88 9.05 7.88 7.08 5.77 4.16 4.67 5.99 4.53 0.00 0.00 1.90 8.98 11.46 11.97 20.08 19.35 19.56 18.18 16.13 16.13 16.35 17.30 17.45 16.64 15.48 14.09 15.33 16.64 16.13 16.35 17.23 17.37 17.59 18.03 17.37 16.79 16.86 16.72 16.50 18.25 18.54 18.25 17.89 18.18 18.18 18.40 18.18 20.15 20.66 20.95 20.88
15.84 15.84 18.54 17.37 19.05 17.08 18.98 19.64 15.62 13.36 12.99 13.72 16.06 16.86 15.91 13.36 13.21 12.99 12.78 11.46 11.75 10.07 8.61 8.03 9.20 9.78 9.78 10.88 10.59 10.44 11.10 10.88 9.05 7.88 7.08 5.77 4.16 4.67 5.99 4.53 0.00 0.00 1.90 8.98 11.46 11.97 20.08 19.35 19.56 18.18 16.13 16.13 16.35 17.30 17.45 16.64 15.48 14.09 15.33 16.64 16.13 16.35 17.23 17.37 17.59 18.03 17.37 16.79 16.86 16.72 16.50 18.25 18.54 18.25 17.89 18.18 18.18 18.40 18.18 20.15 20.66 20.95 20.88
8.10 8.10 14.38 15.18 14.75 15.04 16.06 17.08 15.84 13.29 14.53 17.37 19.05 18.61 15.77 12.85 10.15 10.51 11.61 12.19 11.46 10.66 10.51 10.37 10.15 10.80 10.80 10.59 11.53 11.02 12.26 12.05 8.91 7.01 7.59 6.42 5.40 9.56 12.99 9.56 2.56 1.02 1.31 7.23 11.90 20.00 19.42 18.61 16.72 15.40 11.53 11.53 10.15 11.75 17.45 19.49 18.83 17.96 17.08 17.67 18.61 16.64 14.82 14.24 15.33 15.91 15.70 16.94 17.74 17.01 16.50 17.16 18.03 17.96 17.81 18.83 18.83 18.76 18.40 20.15 20.81 25.92 24.38
11.10 11.10 12.70 14.24 13.87 13.94 13.94 15.18 15.77 15.40 17.23 18.47 18.03 18.32 15.18 14.89 13.80 13.14 13.07 13.72 13.87 13.58 13.29 12.19 11.75 12.99 12.99 14.09 13.94 13.51 12.63 11.75 11.39 11.17 10.29 10.29 11.97 14.97 16.50 15.70 11.68 8.76 8.83 9.05 15.55 15.77 15.99 15.48 16.43 18.61 14.89 14.89 6.35 2.26 4.82 10.44 16.35 18.10 18.69 18.76 18.25 18.25 18.83 18.69 17.74 15.99 15.70 18.47 19.71 17.23 16.79 17.74 20.00 21.75 22.41 24.09 24.09 22.85 21.61 22.48 23.36 25.11 23.94
8.76 8.76 11.02 11.68 11.53 11.17 12.56 13.51 13.94 15.18 16.35 17.81 16.28 14.60 14.60 13.43 13.14 14.31 14.38 14.60 13.87 12.92 12.56 12.92 13.14 13.51 13.51 13.51 13.80 14.67 13.65 13.21 13.58 13.29 12.48 11.75 10.80 13.29 14.38 16.06 13.07 11.10 11.32 15.91 14.45 14.60 15.18 12.63 14.45 17.96 15.62 15.62 11.46 4.09 1.17 0.22 4.09 9.86 14.97 18.25 18.91 20.08 20.15 20.59 20.95 18.61 12.70 8.69 11.97 17.45 21.39 22.78 24.45 24.67 24.24 25.62 25.62 28.03 27.08 24.75 22.78 19.86 22.05
8.76 8.76 11.02 11.68 11.53 11.17 12.56 13.51 13.94 15.18 16.35 17.81 16.28 14.60 14.60 13.43 13.14 14.31 14.38 14.60 13.87 12.92 12.56 12.92 13.14 13.51 13.51 13.51 13.80 14.67 13.65 13.21 13.58 13.29 12.48 11.75 10.80 13.29 14.38 16.06 13.07 11.10 11.32 15.91 14.45 14.60 15.18 12.63 14.45 17.96 15.62 15.62 11.46 4.09 1.17 0.22 4.09 9.86 14.97 18.25 18.91 20.08 20.15 20.59 20.95 18.61 12.70 8.69 11.97 17.45 21.39 22.78 24.45 24.67 24.24 25.62 25.62 28.03 27.08 24.75 22.78 19.86 22.05
7.59 7.59 7.01 8.98 11.61 9.93 12.05 13.58 14.24 13.72 13.21 13.65 11.83 12.34 12.56 13.94 13.58 14.16 15.33 16.50 15.40 14.24 13.43 13.14 13.14 12.99 12.99 14.02 15.04 14.89 14.75 13.80 11.75 12.41 13.07 14.97 15.04 14.02 14.31 13.94 13.21 11.61 15.48 16.28 15.70 16.72 16.79 16.94 17.08 15.40 13.43 13.43 10.44 4.09 0.95 0.00 0.00 3.72 6.28 5.40 5.48 6.13 10.59 17.08 23.36 25.04 14.53 0.51 2.04 16.35 24.97 27.23 26.13 20.88 15.33 13.14 13.14 20.00 22.85 23.65 24.16 26.79 17.89
16.43 16.43 11.90 9.78 9.42 10.44 12.05 12.70 14.24 12.92 12.48 11.75 11.17 12.56 14.38 16.28 17.30 15.55 15.26 14.67 13.58 12.78 11.53 9.71 11.02 12.56 12.56 13.58 12.92 12.56 14.09 14.97 14.09 14.45 16.06 16.13 14.38 13.21 11.97 10.88 10.51 9.34 17.30 16.86 17.16 17.74 18.61 18.03 15.70 12.99 13.07 13.07 9.93 4.89 2.34 0.00 5.04 7.30 8.10 7.74 4.96 0.00 0.00 7.30 16.57 24.09 23.07 19.13 17.67 24.02 31.24 31.46 29.57 24.24 18.25 15.91 15.91 17.37 19.20 21.68 18.54 16.43 12.19
13.14 13.14 11.97 9.42 6.28 8.54 9.34 9.64 10.07 11.02 11.39 11.46 10.95 11.39 13.58 14.67 14.53 14.45 13.72 12.63 12.70 12.70 12.12 11.32 10.22 10.80 10.80 12.05 11.83 12.41 13.43 13.80 14.67 14.67 16.06 16.28 12.78 10.51 10.44 10.80 10.00 18.54 20.08 19.13 20.37 20.66 19.13 17.67 16.35 14.60 14.24 14.24 10.15 3.14 3.72 8.25 10.66 10.22 7.08 7.96 5.69 3.29 2.77 3.87 2.04 0.00 0.00 9.20 14.67 13.72 18.76 25.92 27.01 22.34 18.91 18.18 18.18 17.67 18.61 13.14 12.56 13.65 12.12
7.81 7.81 5.84 5.69 6.42 7.30 7.96 7.96 8.91 9.42 11.97 12.99 13.14 12.63 13.21 13.94 12.85 16.64 16.64 15.40 15.04 14.53 13.29 11.75 10.88 9.20 9.20 9.49 10.80 12.19 13.07 14.16 14.89 14.24 15.18 13.65 11.90 11.68 12.26 12.99 20.66 20.66 21.10 18.98 18.91 18.10 19.71 19.05 18.98 16.64 13.80 13.80 13.94 12.99 12.48 13.36 11.90 12.70 11.53 11.02 9.27 3.58 0.00 0.00 0.00 0.00 0.00 0.00 0.00 0.00 2.12 5.18 13.51 17.08 13.36 14.60 14.60 12.56 10.00 8.91 7.52 5.18 4.31
7.81 7.81 5.84 5.69 6.42 7.30 7.96 7.96 8.91 9.42 11.97 12.99 13.14 12.63 13.21 13.94 12.85 16.64 16.64 15.40 15.04 14.53 13.29 11.75 10.88 9.20 9.20 9.49 10.80 12.19 13.07 14.16 14.89 14.24 15.18 13.65 11.90 11.68 12.26 12.99 20.66 20.66 21.10 18.98 18.91 18.10 19.71 19.05 18.98 16.64 13.80 13.80 13.94 12.99 12.48 13.36 11.90 12.70 11.53 11.02 9.27 3.58 0.00 0.00 0.00 0.00 0.00 0.00 0.00 0.00 2.12 5.18 13.51 17.08 13.36 14.60 14.60 12.56 10.00 8.91 7.52 5.18 4.31
6.42 6.42 5.84 6.57 6.64 5.77 6.64 8.91 10.22 11.61 12.41 12.19 12.12 13.07 13.58 13.36 13.29 14.09 15.26 16.28 16.06 13.36 11.61 12.26 12.92 13.36 13.36 15.11 15.70 14.02 13.65 13.29 14.53 15.77 15.11 12.05 13.51 16.06 15.33 22.92 23.36 21.90 20.22 17.52 18.03 18.91 19.78 18.76 17.45 17.01 16.50 16.50 17.45 17.81 16.21 13.58 10.80 9.42 7.81 2.92 0.00 0.00 0.00 0.00 0.00 0.00 0.00 0.00 0.00 0.00 0.00 0.00 0.00 0.00 5.99 11.53 11.53 8.98 11.39 11.83 10.80 8.69 5.69
7.01 7.01 7.30 8.91 10.07 9.93 8.25 7.96 9.64 11.53 14.53 14.82 14.67 14.53 14.24 13.36 12.48 15.26 16.43 16.50 14.45 13.14 14.24 16.21 14.53 15.04 15.04 15.18 13.80 14.31 17.08 18.10 17.52 18.10 17.01 14.75 14.16 15.33 16.06 20.29 21.32 19.27 18.54 18.40 18.61 17.59 19.05 19.71 16.21 17.23 17.37 17.37 18.10 19.35 19.56 16.86 10.66 3.43 1.53 0.00 0.00 0.00 0.00 0.00 0.00 0.00 0.00 0.00 0.00 0.00 0.00 0.00 0.00 0.00 0.00 0.00 0.00 3.14 4.45 6.06 9.64 15.33 18.83
10.29 10.29 10.07 12.56 11.90 10.88 10.66 10.73 12.34 13.51 15.48 15.33 15.62 15.26 15.55 15.18 16.86 17.89 19.05 16.94 14.31 13.36 15.55 16.64 13.72 14.97 14.97 15.18 14.60 16.43 17.59 18.25 17.81 19.27 20.66 19.56 16.79 15.62 20.51 19.49 20.59 20.00 20.73 21.02 18.83 18.10 18.69 19.05 19.71 19.93 18.76 18.76 14.09 16.57 19.56 18.54 14.31 9.27 9.56 8.25 1.39 0.15 4.67 8.54 0.00 0.00 0.00 0.00 0.00 0.00 0.00 0.00 0.00 0.00 0.00 0.00 0.00 0.00 5.04 3.50 3.21 3.65 4.38
14.89 14.89 15.55 15.99 14.82 12.99 13.51 13.58 13.87 15.26 17.89 18.25 17.81 18.03 18.69 20.59 21.24 20.15 16.13 16.06 15.91 15.48 14.89 14.45 13.94 14.02 14.02 15.77 17.16 16.72 14.09 14.45 14.82 12.92 14.16 17.37 17.52 22.63 24.24 23.36 22.34 19.78 18.83 19.42 21.24 22.27 22.70 22.92 21.97 16.21 10.37 10.37 8.32 9.49 12.78 9.93 7.59 8.32 10.95 12.70 13.43 13.07 16.06 15.11 7.45 0.00 0.00 0.00 0.00 0.00 0.00 0.00 0.00 0.00 3.94 0.00 0.00 0.00 3.07 4.60 7.96 6.86 4.38
16.28 16.28 16.43 16.13 15.55 14.82 15.04 15.62 16.35 18.18 21.02 21.02 20.37 20.29 21.53 21.10 21.02 20.88 19.78 18.18 17.96 17.89 18.25 15.70 13.29 15.70 15.70 17.23 17.45 16.28 15.91 16.94 17.74 18.10 19.05 18.61 23.65 24.09 24.67 23.36 21.53 21.17 19.64 21.61 24.16 24.60 21.90 20.81 18.10 11.39 2.48 2.48 5.69 11.17 13.43 10.73 5.55 0.00 5.11 8.98 7.59 3.29 0.00 0.00 1.90 3.94 3.87 1.90 0.80 0.00 0.00 0.00 0.00 5.84 5.48 0.00 0.00 0.00 0.00 0.00 6.35 7.59 3.43
16.28 16.28 16.43 16.13 15.55 14.82 15.04 15.62 16.35 18.18 21.02 21.02 20.37 20.29 21.53 21.10 21.02 20.88 19.78 18.18 17.96 17.89 18.25 15.70 13.29 15.70 15.70 17.23 17.45 16.28 15.91 16.94 17.74 18.10 19.05 18.61 23.65 24.09 24.67 23.36 21.53 21.17 19.64 21.61 24.16 24.60 21.90 20.81 18.10 11.39 2.48 2.48 5.69 11.17 13.43 10.73 5.55 0.00 5.11 8.98 7.59 3.29 0.00 0.00 1.90 3.94 3.87 1.90 0.80 0.00 0.00 0.00 0.00 5.84 5.48 0.00 0.00 0.00 0.00 0.00 6.35 7.59 3.43
18.32 18.32 16.13 15.26 15.18 16.28 18.18 19.27 18.83 18.03 16.79 16.28 18.61 19.35 22.12 21.75 20.44 20.08 20.44 20.08 19.56 20.37 22.48 18.54 17.08 20.37 20.37 18.98 16.64 16.79 17.96 18.03 20.00 22.19 23.21 23.65 25.19 25.77 25.04 23.29 23.73 23.73 22.34 23.00 24.38 23.58 22.19 19.42 18.25 15.26 11.24 11.24 11.68 16.28 20.08 18.25 11.46 5.84 4.53 3.50 2.56 6.28 5.55 3.58 5.91 4.23 0.95 1.46 2.77 0.00 0.00 2.34 0.00 7.01 5.77 0.00 0.00 0.00 0.00 2.92 5.77 8.25 5.69
21.10 21.10 18.25 18.61 18.98 18.83 22.27 23.73 21.46 16.13 13.14 14.16 18.25 21.10 19.35 16.43 17.16 19.86 21.83 22.19 21.02 15.18 18.10 22.05 24.38 23.36 23.36 19.86 19.05 21.17 21.17 22.48 23.14 24.45 25.11 25.62 27.52 28.47 27.52 27.16 28.91 28.84 25.70 24.24 24.89 24.09 23.43 19.56 17.89 18.69 15.55 15.55 11.68 16.86 19.56 18.54 15.55 12.63 11.17 10.22 7.15 9.27 15.62 15.84 13.29 10.88 14.60 13.87 13.87 9.86 6.86 1.83 9.49 9.78 8.47 4.38 4.38 0.00 4.67 9.20 14.24 13.21 7.52
18.03 18.03 16.50 16.35 16.86 19.93 23.36 21.75 13.43 10.44 15.99 19.27 18.61 17.08 14.09 5.77 6.50 8.98 7.96 12.05 18.18 16.94 16.86 21.10 23.00 20.51 20.51 15.77 17.59 21.46 21.61 22.56 23.43 24.02 23.87 26.13 29.05 30.81 29.27 28.76 30.88 28.03 25.92 24.45 25.55 20.81 17.08 15.40 14.82 12.99 13.65 13.65 14.53 17.52 17.52 16.72 20.00 21.17 23.58 23.21 21.39 20.22 22.27 25.11 25.92 26.57 28.98 26.94 24.31 21.90 17.96 21.39 22.56 23.87 24.31 16.57 16.57 7.59 7.37 20.44 22.41 18.32 14.60
20.29 20.29 13.29 7.59 5.62 5.62 2.92 4.38 4.89 3.14 7.30 12.26 12.85 4.31 2.19 1.39 0.88 1.02 1.61 7.37 14.02 14.45 12.92 15.99 16.35 16.57 16.57 18.03 23.00 20.08 12.63 12.78 16.79 21.24 25.11 27.38 30.95 32.19 32.19 28.62 21.68 12.12 8.83 7.74 5.18 3.80 3.50 1.31 0.00 2.34 6.20 6.20 13.21 16.43 17.89 18.32 19.20 22.85 25.92 26.35 24.60 22.27 24.53 25.77 25.62 26.06 20.81 19.56 12.78 10.51 12.34 18.54 23.87 31.39 28.91 24.31 24.31 18.61 13.94 11.61 17.59 18.69 19.93
21.17 21.17 13.58 5.26 1.75 0.00 0.00 0.00 0.00 0.00 0.00 0.00 0.00 0.00 0.00 0.00 0.00 0.00 0.00 0.00 0.00 0.66 6.28 15.40 17.74 21.61 21.61 21.83 16.28 8.47 3.80 4.16 8.47 26.65 31.10 28.91 28.25 23.21 19.35 12.41 0.00 0.00 0.00 0.00 0.00 0.00 0.00 0.00 4.53 3.58 0.00 0.00 0.29 6.50 16.86 22.56 20.44 20.81 20.22 21.83 19.93 14.53 12.70 13.58 11.75 7.30 7.74 11.02 9.56 5.18 1.75 2.26 7.37 18.03 23.94 28.25 28.25 28.47 22.41 16.13 16.13 19.78 21.97
21.17 21.17 13.58 5.26 1.75 0.00 0.00 0.00 0.00 0.00 0.00 0.00 0.00 0.00 0.00 0.00 0.00 0.00 0.00 0.00 0.00 0.66 6.28 15.40 17.74 21.61 21.61 21.83 16.28 8.47 3.80 4.16 8.47 26.65 31.10 28.91 28.25 23.21 19.35 12.41 0.00 0.00 0.00 0.00 0.00 0.00 0.00 0.00 4.53 3.58 0.00 0.00 0.29 6.50 16.86 22.56 20.44 20.81 20.22 21.83 19.93 14.53 12.70 13.58 11.75 7.30 7.74 11.02 9.56 5.18 1.75 2.26 7.37 18.03 23.94 28.25 28.25 28.47 22.41 16.13 16.13 19.78 21.97
11.24 11.24 3.50 0.00 0.00 0.00 0.00 0.00 0.00 0.00 0.00 0.00 0.00 0.00 0.00 0.00 0.00 0.00 0.00 0.00 0.00 0.00 9.78 16.94 19.93 20.08 20.08 13.51 2.26 0.00 0.00 0.00 2.92 25.84 24.24 18.25 12.92 1.17 0.00 0.00 0.00 0.00 3.65 1.17 0.00 0.00 5.62 12.19 13.43 14.97 10.73 10.73 7.45 11.32 13.36 10.80 8.61 7.74 8.32 10.51 7.37 3.65 2.41 1.75 0.00 0.00 0.00 2.77 6.57 5.33 2.70 0.00 4.74 12.34 19.86 23.29 23.29 30.44 30.51 26.21 24.31 24.31 21.24
1.39 1.39 0.00 0.00 0.00 0.00 0.00 0.00 0.00 0.00 0.00 0.00 0.00 0.00 0.00 0.00 0.00 0.00 0.00 0.00 0.00 0.00 1.17 5.11 10.95 15.99 15.99 13.14 1.53 0.00 2.26 0.00 7.96 6.86 3.21 0.00 0.00 0.00 0.00 0.00 0.00 0.00 11.61 8.98 5.62 2.19 6.86 11.32 14.75 17.67 18.98 18.98 14.31 10.95 5.69 1.39 0.00 0.00 0.58 2.85 2.19 1.17 0.00 0.00 0.00 0.00 0.00 0.00 0.00 0.00 1.90 2.04 5.18 18.76 17.89 12.56 12.56 14.75 8.91 9.56 12.05 14.53 12.70
0.00 0.00 0.00 0.00 0.00 0.00 0.00 0.00 0.00 0.00 0.00 0.00 0.00 0.00 0.00 0.00 0.00 0.00 0.00 0.00 0.00 0.00 0.00 0.00 3.29 8.76 8.76 2.63 0.00 2.63 0.00 11.68 0.00 0.00 0.00 0.00 0.00 0.00 0.00 0.00 0.00 0.00 0.00 0.00 3.72 4.89 7.81 9.42 4.16 4.82 5.91 5.91 2.34 0.00 0.00 0.00 0.00 0.00 0.00 0.00 0.00 0.22 0.00 0.00 0.00 0.00 0.00 0.00 0.00 0.00 0.00 0.00 3.94 8.32 10.29 4.74 4.74 0.00 0.00 0.00 0.00 0.00 0.00
0.00 0.00 0.00 0.00 0.00 0.00 0.00 0.00 0.00 0.00 0.00 0.00 0.00 0.00 0.00 0.00 0.00 0.00 0.00 0.00 0.00 0.00 0.00 0.00 0.00 0.00 0.00 0.00 0.00 0.00 0.00 0.00 0.00 0.00 0.00 0.00 0.00 0.00 0.00 0.00 0.00 0.00 0.00 0.00 0.00 0.58 0.80 0.00 0.00 0.00 0.00 0.00 0.00 0.00 0.00 0.00 0.00 0.00 0.00 0.00 0.00 0.00 0.00 0.00 0.00 0.00 0.00 0.00 0.00 0.00 0.00 0.00 0.00 0.00 0.00 0.00 0.00 0.00 0.00 0.00 0.00 0.00 0.00
0.00 0.00 0.00 0.00 0.00 0.00 0.00 0.00 0.00 0.00 0.00 0.00 0.00 0.00 0.00 0.00 0.00 0.00 0.00 0.00 0.00 0.00 0.00 0.00 0.00 0.00 0.00 0.00 0.00 0.00 0.00 0.00 0.00 0.00 0.00 0.00 0.00 0.00 0.00 0.00 0.00 0.00 0.00 0.00 0.00 0.00 0.00 0.00 0.00 0.00 0.00 0.00 0.00 0.00 0.00 0.00 0.00 0.00 0.00 5.04 0.00 0.00 0.00 0.00 0.00 0.00 0.00 0.00 0.00 0.00 0.00 0.00 0.00 0.00 0.00 0.00 0.00 0.00 0.00 0.00 0.00 0.00 0.00
0.00 0.00 0.00 0.00 0.00 0.00 0.00 0.00 0.00 0.00 0.00 0.00 0.00 0.00 0.00 0.00 0.00 0.00 0.00 0.00 0.00 0.00 0.00 0.00 0.00 0.00 0.00 0.00 0.00 0.00 0.00 0.00 0.00 0.00 0.00 0.00 0.00 0.00 0.00 0.00 0.00 0.00 0.00 0.00 0.00 0.00 0.00 0.00 0.00 0.00 0.00 0.00 0.00 0.00 0.00 0.00 0.00 0.00 5.91 7.74 5.18 0.00 0.00 0.00 0.00 0.00 0.00 0.00 0.00 0.00 0.00 0.00 0.00 0.00 0.00 0.00 0.00 0.00 0.00 0.00 0.00 0.00 0.00
0.00 0.00 0.00 0.00 0.00 0.00 0.00 0.00 0.00 0.00 0.00 0.00 0.00 0.00 0.00 0.00 0.00 0.00 0.00 0.00 0.00 0.00 0.00 0.00 0.00 0.00 0.00 0.00 0.00 0.00 0.00 0.00 0.00 0.00 0.00 0.00 0.00 0.00 0.00 0.00 0.00 0.00 0.00 0.00 0.00 0.00 0.00 0.00 0.00 0.00 0.00 0.00 0.00 0.00 0.00 0.00 0.00 0.00 5.91 7.74 5.18 0.00 0.00 0.00 0.00 0.00 0.00 0.00 0.00 0.00 0.00 0.00 0.00 0.00 0.00 0.00 0.00 0.00 0.00 0.00 0.00 0.00 0.00
0.00 0.00 0.00 0.00 0.00 0.00 0.00 0.00 0.00 0.00 0.00 0.00 0.00 0.00 0.00 0.00 0.00 0.00 0.00 0.00 0.00 0.00 0.00 0.00 0.00 0.00 0.00 0.00 0.00 0.00 0.00 0.00 0.00 0.00 0.00 0.00 0.00 0.00 0.00 0.00 0.00 0.00 0.00 0.00 0.00 0.00 0.00 0.00 0.00 0.00 1.24 1.24 0.00 0.00 0.00 0.00 0.00 0.00 0.00 0.00 0.00 0.00 0.00 0.00 0.00 0.00 0.00 0.00 0.00 0.00 0.00 0.00 0.00 0.00 0.00 0.00 0.00 0.00 0.00 0.00 0.00 0.00 0.00
