Wansh/Snow_depth/snowdepth-1983/spring/1983101.txt
ncols 321
nrows 161
xllcenter 60
yllcenter 15 
cellsize  0.25 
NODATA_value -1
[rows 0 to 36 of 161, columns 84 to 167 of 321]
28.11 28.69 28.47 30.95 31.97 30.37 19.78 15.26 19.64 23.94 23.58 24.24 26.35 26.28 25.48 25.62 24.09 25.40 25.40 25.84 24.75 22.41 18.83 13.87 8.03 5.91 4.23 2.41 2.70 4.53 9.05 11.02 12.05 5.84 4.38 5.33 7.01 6.13 6.64 8.03 9.42 10.73 9.56 9.56 7.01 4.60 4.53 4.02 6.94 11.90 16.64 15.91 9.78 6.94 5.84 7.96 9.93 13.94 10.95 6.64 4.60 3.87 3.21 2.41 3.29 5.62 7.15 7.15 7.15 8.98 10.66 12.92 12.34 11.83 10.80 11.39 13.72 19.05 23.29 19.56 13.94 9.78 10.00 14.53
29.49 23.14 26.06 29.05 32.70 29.86 24.67 21.17 18.54 18.61 18.03 17.30 15.26 15.33 15.11 13.36 13.14 12.34 12.34 14.82 19.20 20.59 23.58 17.59 10.37 6.28 5.91 4.16 2.92 3.36 5.62 7.52 6.64 4.23 1.61 0.00 0.00 0.00 1.68 7.37 11.97 14.53 13.94 13.94 10.37 6.35 4.38 2.56 3.43 4.23 5.40 7.01 6.35 0.00 7.45 6.79 6.86 6.94 5.99 4.09 7.88 6.42 5.18 3.80 3.36 5.26 7.30 8.98 8.98 9.42 9.78 6.64 4.45 8.32 12.92 17.67 17.74 15.99 16.28 16.28 15.84 14.38 13.51 14.60
31.61 28.11 29.78 25.33 24.82 24.31 27.45 29.93 26.72 24.24 22.12 19.56 15.48 11.10 8.40 7.81 9.93 12.05 12.05 7.81 4.45 11.24 17.23 18.98 10.51 7.96 7.66 6.72 4.23 4.89 5.40 6.28 6.50 4.82 4.02 4.31 4.23 0.00 4.53 5.84 9.20 13.29 16.43 16.43 19.27 20.44 15.18 5.40 0.00 2.26 0.00 0.00 0.00 0.00 9.42 9.93 10.88 14.02 14.45 11.75 11.46 10.59 11.17 10.37 9.71 10.37 11.24 14.02 14.02 12.99 11.10 8.18 5.77 7.15 11.61 14.82 13.36 10.15 9.64 13.21 17.30 18.91 19.64 23.07
31.61 28.11 29.78 25.33 24.82 24.31 27.45 29.93 26.72 24.24 22.12 19.56 15.48 11.10 8.40 7.81 9.93 12.05 12.05 7.81 4.45 11.24 17.23 18.98 10.51 7.96 7.66 6.72 4.23 4.89 5.40 6.28 6.50 4.82 4.02 4.31 4.23 0.00 4.53 5.84 9.20 13.29 16.43 16.43 19.27 20.44 15.18 5.40 0.00 2.26 0.00 0.00 0.00 0.00 9.42 9.93 10.88 14.02 14.45 11.75 11.46 10.59 11.17 10.37 9.71 10.37 11.24 14.02 14.02 12.99 11.10 8.18 5.77 7.15 11.61 14.82 13.36 10.15 9.64 13.21 17.30 18.91 19.64 23.07
17.67 20.22 14.24 20.29 22.78 28.69 26.79 30.08 31.10 28.84 24.45 21.17 21.32 19.64 17.30 14.09 8.76 8.47 8.47 8.47 8.47 10.66 8.83 11.02 13.51 11.83 9.42 7.37 7.08 6.50 6.06 5.84 7.96 9.34 10.59 9.49 7.59 7.08 6.50 3.07 0.00 0.00 5.04 5.04 12.92 21.68 25.33 20.44 8.76 8.69 6.06 6.28 0.00 4.53 2.56 3.43 6.50 8.69 10.44 11.24 12.85 14.02 10.88 10.07 9.93 10.88 11.97 12.85 12.85 14.53 12.63 9.56 8.83 8.76 10.88 14.60 16.50 14.97 14.82 15.91 16.13 14.82 13.80 15.77
25.11 23.73 22.85 24.02 18.91 16.06 15.70 15.18 18.83 20.51 22.34 26.65 27.74 25.04 24.97 24.09 21.83 17.67 17.67 11.68 10.22 10.29 10.88 10.07 9.13 8.32 7.08 7.37 8.18 7.52 6.28 5.84 7.96 10.80 13.80 12.92 7.37 4.82 2.92 0.00 0.00 0.00 0.00 0.00 4.45 8.10 18.10 21.75 18.69 11.68 6.94 0.00 0.00 0.00 5.55 5.18 4.96 6.50 8.25 9.05 11.53 14.02 15.40 16.06 13.14 10.00 8.18 7.81 7.81 5.04 6.13 7.88 9.56 9.42 7.81 8.69 9.56 12.63 14.75 17.96 21.90 19.93 16.28 16.21
28.32 23.58 18.69 14.02 11.68 9.71 9.05 7.52 10.51 11.61 10.37 13.36 22.48 24.75 25.77 23.94 20.44 18.91 18.91 18.47 16.57 11.24 9.34 13.51 13.87 11.10 8.18 7.15 7.52 6.57 6.06 6.57 8.40 10.66 10.88 9.49 5.77 2.99 0.00 0.00 0.00 0.00 0.00 0.00 4.82 10.66 13.21 9.49 0.00 0.00 0.00 0.00 0.00 0.00 0.00 6.50 7.81 9.71 9.56 10.59 12.63 16.64 18.47 18.47 17.96 15.55 11.53 9.49 9.49 8.10 9.86 13.07 15.77 15.55 13.87 13.80 12.19 10.22 9.78 11.97 18.69 21.83 22.41 20.73
28.32 23.58 18.69 14.02 11.68 9.71 9.05 7.52 10.51 11.61 10.37 13.36 22.48 24.75 25.77 23.94 20.44 18.91 18.91 18.47 16.57 11.24 9.34 13.51 13.87 11.10 8.18 7.15 7.52 6.57 6.06 6.57 8.40 10.66 10.88 9.49 5.77 2.99 0.00 0.00 0.00 0.00 0.00 0.00 4.82 10.66 13.21 9.49 0.00 0.00 0.00 0.00 0.00 0.00 0.00 6.50 7.81 9.71 9.56 10.59 12.63 16.64 18.47 18.47 17.96 15.55 11.53 9.49 9.49 8.10 9.86 13.07 15.77 15.55 13.87 13.80 12.19 10.22 9.78 11.97 18.69 21.83 22.41 20.73
16.28 18.54 16.43 16.21 12.99 8.98 5.04 4.23 4.53 4.96 4.96 8.54 13.65 20.66 26.13 22.27 17.59 13.36 13.36 11.53 17.81 20.00 15.70 13.14 13.58 13.14 11.90 9.34 7.88 6.06 4.89 6.57 8.18 9.27 7.74 4.09 3.07 2.99 3.36 4.60 3.94 2.34 4.53 4.53 7.45 10.88 0.00 0.00 0.00 0.00 0.00 0.00 3.36 3.36 3.87 5.48 7.15 9.93 12.26 13.80 15.18 17.23 18.83 20.66 20.44 20.81 19.13 17.37 17.37 15.55 16.13 16.21 13.87 13.58 15.99 15.91 14.38 13.14 12.26 12.34 9.71 14.53 21.46 19.93
0.00 0.00 5.18 9.42 8.91 5.91 4.31 4.16 4.45 4.53 4.74 6.13 8.83 12.19 17.01 16.50 15.55 15.62 15.62 13.72 15.70 15.26 12.99 6.42 5.69 7.81 7.66 8.54 6.86 6.94 7.66 6.79 8.47 12.99 9.93 5.69 5.33 7.88 8.83 8.40 5.99 6.28 6.28 6.28 7.01 8.10 0.00 0.00 5.84 7.59 10.00 11.61 12.05 8.40 7.81 7.88 6.86 8.18 9.93 11.17 12.34 12.99 14.09 16.64 18.32 15.91 14.24 13.51 13.51 13.21 13.21 14.97 15.33 14.82 14.38 15.26 15.99 19.93 20.15 16.72 11.90 11.17 12.78 14.45
0.00 0.00 0.00 0.00 0.00 0.00 0.00 0.00 0.00 0.00 1.24 3.65 4.53 5.77 6.79 6.42 5.48 7.37 7.37 9.20 10.44 9.64 4.89 2.99 3.29 2.92 2.26 2.92 3.36 3.14 4.16 5.04 6.28 6.94 7.30 7.30 8.40 8.91 7.66 6.50 6.72 6.06 6.72 6.72 6.57 7.08 5.62 8.18 9.86 7.23 10.80 11.90 14.60 10.51 7.01 9.05 11.46 12.34 11.46 11.90 14.09 14.67 13.87 14.75 16.13 16.57 17.89 20.00 20.00 20.51 18.91 17.67 18.32 16.79 11.24 13.29 19.56 22.70 19.86 15.11 11.17 13.14 11.02 10.59
0.00 0.00 0.00 0.00 0.00 0.00 0.00 0.00 0.00 0.00 1.24 3.65 4.53 5.77 6.79 6.42 5.48 7.37 7.37 9.20 10.44 9.64 4.89 2.99 3.29 2.92 2.26 2.92 3.36 3.14 4.16 5.04 6.28 6.94 7.30 7.30 8.40 8.91 7.66 6.50 6.72 6.06 6.72 6.72 6.57 7.08 5.62 8.18 9.86 7.23 10.80 11.90 14.60 10.51 7.01 9.05 11.46 12.34 11.46 11.90 14.09 14.67 13.87 14.75 16.13 16.57 17.89 20.00 20.00 20.51 18.91 17.67 18.32 16.79 11.24 13.29 19.56 22.70 19.86 15.11 11.17 13.14 11.02 10.59
0.00 0.00 0.00 0.00 0.00 0.00 0.00 0.00 0.00 0.66 0.00 1.24 1.97 2.70 3.07 2.85 3.65 6.72 6.72 14.38 16.28 13.65 7.96 5.26 5.69 4.82 2.92 1.83 1.68 2.34 3.58 4.82 6.13 7.30 8.18 10.15 13.29 12.05 8.40 9.27 10.00 11.10 11.90 11.90 8.61 6.86 7.23 9.56 11.46 15.33 25.26 29.20 19.27 13.07 11.24 14.02 18.10 20.81 18.03 14.89 13.14 12.78 11.97 14.75 15.40 15.40 16.50 18.54 18.54 21.02 21.17 19.42 16.94 17.96 16.86 17.30 17.96 21.61 19.71 17.52 11.39 19.93 18.91 16.64
0.00 0.00 0.00 0.00 0.00 0.00 0.00 0.00 0.00 0.00 0.00 0.00 0.00 6.13 3.80 2.92 3.14 4.60 4.60 5.84 5.69 3.87 4.45 4.23 3.65 3.50 3.07 2.70 4.74 5.69 7.59 10.44 12.56 12.63 12.78 16.21 17.67 15.18 13.14 13.29 14.02 12.05 8.61 8.61 8.76 9.42 11.46 13.51 11.61 13.29 15.99 17.23 14.31 14.38 13.14 13.94 16.72 17.74 19.05 16.72 15.62 16.50 16.28 16.43 15.48 15.04 17.59 19.35 19.35 21.75 23.00 23.21 24.09 23.00 21.90 19.93 18.03 19.35 22.12 24.45 19.56 16.13 16.06 16.06
0.00 0.00 0.00 0.00 0.00 0.00 0.00 0.00 0.00 0.00 5.26 4.09 4.16 4.38 4.23 4.60 4.31 3.72 3.72 3.87 3.50 6.06 8.03 6.86 4.16 7.30 9.34 9.49 9.93 11.90 15.33 19.71 20.22 17.45 16.72 16.21 14.24 14.24 11.90 11.02 11.17 7.08 7.23 7.23 6.20 8.54 8.03 7.81 9.05 11.17 10.59 6.86 4.53 9.05 13.80 18.91 26.28 19.64 10.07 9.42 12.05 14.31 17.96 19.35 19.49 18.47 16.64 16.57 16.57 20.44 22.19 21.61 22.27 22.70 22.85 18.76 5.33 0.00 8.76 5.99 8.25 11.68 9.93 10.29
0.00 0.00 0.00 0.00 0.00 0.00 0.00 0.00 0.00 0.00 4.09 4.53 7.01 6.42 4.96 6.79 6.94 6.72 6.72 5.91 4.23 7.08 12.41 13.36 12.78 11.24 11.39 12.34 16.06 18.54 21.75 23.07 18.32 13.43 11.97 8.25 3.87 3.94 3.36 4.89 6.64 5.04 6.94 6.94 10.00 11.24 8.98 7.88 9.20 11.39 12.41 11.68 11.68 17.37 24.67 29.49 23.00 18.03 11.02 6.79 7.74 9.13 8.40 8.54 11.83 16.13 17.96 17.45 17.45 17.59 19.78 18.03 12.92 14.89 18.25 16.35 7.45 0.00 0.00 9.71 14.24 11.75 13.43 15.40
0.00 0.00 0.00 0.00 0.00 0.00 0.00 0.00 0.00 0.00 4.09 4.53 7.01 6.42 4.96 6.79 6.94 6.72 6.72 5.91 4.23 7.08 12.41 13.36 12.78 11.24 11.39 12.34 16.06 18.54 21.75 23.07 18.32 13.43 11.97 8.25 3.87 3.94 3.36 4.89 6.64 5.04 6.94 6.94 10.00 11.24 8.98 7.88 9.20 11.39 12.41 11.68 11.68 17.37 24.67 29.49 23.00 18.03 11.02 6.79 7.74 9.13 8.40 8.54 11.83 16.13 17.96 17.45 17.45 17.59 19.78 18.03 12.92 14.89 18.25 16.35 7.45 0.00 0.00 9.71 14.24 11.75 13.43 15.40
0.00 0.00 0.00 0.00 0.00 0.00 0.00 0.00 0.00 0.00 7.59 7.59 9.78 10.07 7.96 8.10 10.00 10.73 10.73 8.61 7.45 7.59 10.29 12.19 14.75 14.38 9.71 9.78 13.87 17.96 21.61 20.15 16.64 14.45 8.47 4.31 0.00 3.36 6.64 5.48 10.15 11.39 14.67 14.67 17.59 18.40 18.40 16.35 15.48 14.67 15.18 15.77 15.77 18.76 20.37 19.86 15.91 9.27 6.35 9.71 13.29 13.80 11.17 10.29 12.41 15.99 17.37 19.13 19.13 22.05 19.13 9.93 5.55 9.20 15.70 14.09 10.95 0.00 5.26 11.17 8.40 5.62 5.18 8.03
0.00 0.00 0.00 0.00 0.00 0.00 0.00 0.00 0.00 0.00 3.87 6.79 11.68 14.16 10.88 12.12 12.85 11.10 11.10 8.40 7.74 4.09 4.96 8.83 12.05 12.78 10.59 8.91 11.83 16.86 19.05 20.22 22.78 22.41 15.77 8.47 7.08 7.23 8.40 15.40 19.35 21.24 26.21 26.21 32.49 37.16 34.53 35.26 25.84 23.87 24.31 25.99 27.59 27.96 28.11 17.37 11.46 12.12 12.92 15.55 19.27 19.27 15.33 14.24 17.16 18.69 18.03 23.00 23.00 26.72 22.63 12.05 8.10 9.64 9.86 9.05 0.00 0.00 3.65 5.11 4.23 4.23 3.36 4.60
0.00 0.00 0.00 0.00 0.00 0.00 0.00 0.00 0.00 0.00 8.91 10.51 12.19 13.29 11.97 11.46 13.07 11.61 11.61 9.34 8.54 7.88 5.91 5.55 9.71 14.02 14.60 15.77 15.55 15.70 20.95 24.82 23.51 20.88 21.17 15.48 9.71 7.96 8.40 11.90 18.10 29.05 43.00 43.00 47.89 46.14 42.85 40.51 37.96 33.00 30.95 29.49 31.32 31.17 31.54 31.32 27.52 21.39 18.25 20.44 26.50 25.48 19.71 16.94 16.79 18.98 23.94 28.03 28.03 22.34 15.11 8.83 5.69 4.82 3.94 2.56 5.48 7.66 5.91 6.35 7.15 6.35 4.60 3.07
0.00 0.00 0.00 0.00 0.00 0.00 0.00 0.00 0.00 0.00 7.66 0.00 6.64 7.59 8.69 11.24 11.97 11.17 11.17 11.02 12.41 10.88 10.59 10.73 13.58 17.01 16.86 14.38 9.93 8.10 9.86 17.01 25.33 24.38 12.26 6.64 4.89 0.00 0.00 6.42 12.56 26.06 38.33 38.33 44.90 46.79 43.73 46.06 47.23 40.15 36.14 34.16 32.85 29.49 29.64 34.02 31.90 27.59 23.36 21.24 23.14 22.48 18.91 17.59 18.54 20.81 22.63 19.13 19.13 10.00 2.63 1.31 0.00 0.00 3.21 3.94 4.38 7.08 7.52 6.94 5.69 6.20 7.59 6.35
0.00 0.00 0.00 0.00 0.00 0.00 0.00 0.00 0.00 0.00 0.00 0.00 0.00 0.00 6.42 10.51 15.62 15.18 15.18 16.72 18.25 17.81 18.91 20.00 20.08 22.48 23.14 19.49 14.97 7.88 5.11 9.05 17.45 20.37 9.56 3.21 2.41 0.00 5.84 13.21 13.87 8.10 14.75 14.75 22.12 23.43 28.47 33.43 33.00 33.22 35.41 36.50 35.84 34.89 33.00 31.97 30.51 26.57 25.40 24.60 23.94 23.58 21.75 18.40 17.23 14.02 11.75 6.42 6.42 1.24 0.00 1.61 0.00 0.00 0.00 0.00 2.63 3.58 4.45 5.11 8.76 7.96 5.26 4.45
0.00 0.00 0.00 0.00 0.00 0.00 0.00 0.00 0.00 0.00 0.00 0.00 0.00 0.00 6.42 10.51 15.62 15.18 15.18 16.72 18.25 17.81 18.91 20.00 20.08 22.48 23.14 19.49 14.97 7.88 5.11 9.05 17.45 20.37 9.56 3.21 2.41 0.00 5.84 13.21 13.87 8.10 14.75 14.75 22.12 23.43 28.47 33.43 33.00 33.22 35.41 36.50 35.84 34.89 33.00 31.97 30.51 26.57 25.40 24.60 23.94 23.58 21.75 18.40 17.23 14.02 11.75 6.42 6.42 1.24 0.00 1.61 0.00 0.00 0.00 0.00 2.63 3.58 4.45 5.11 8.76 7.96 5.26 4.45
0.00 0.00 0.00 0.00 0.00 0.00 0.00 0.00 0.00 0.00 0.00 0.00 0.00 0.00 8.03 8.47 7.30 8.76 8.76 12.70 17.89 17.23 17.37 22.12 25.92 26.13 26.21 24.97 20.73 14.16 6.13 4.89 5.62 8.25 3.94 3.36 0.00 0.00 0.00 8.47 7.37 3.80 4.53 4.53 10.00 5.62 2.92 5.48 8.47 8.25 11.02 14.24 17.74 21.46 20.66 22.63 22.19 19.71 20.44 23.73 24.75 24.75 27.38 26.72 23.65 16.35 10.88 13.07 13.07 15.48 16.79 8.18 5.91 2.70 5.18 6.42 5.55 3.65 2.99 0.00 0.00 0.00 0.00 0.00
0.00 0.00 0.00 0.00 0.00 0.00 0.00 0.00 0.00 0.00 0.00 0.00 0.00 0.00 9.64 11.02 10.66 10.07 10.07 12.26 14.82 18.10 19.49 21.68 22.01 23.15 19.47 17.08 11.68 5.62 3.14 3.21 0.00 0.00 2.70 2.92 0.00 0.00 0.00 0.00 1.68 0.00 0.00 0.00 0.00 2.04 2.48 2.19 2.41 0.00 0.00 4.09 3.43 3.87 5.48 5.55 5.55 6.57 14.24 21.39 24.53 25.70 30.08 31.46 30.00 23.14 12.41 18.40 18.40 25.33 26.50 14.31 9.93 12.34 5.33 4.02 3.72 2.19 1.46 3.07 0.00 0.00 0.00 0.00
0.00 0.00 0.00 0.00 0.00 0.00 0.00 0.00 0.00 0.00 0.00 0.00 0.00 0.00 10.66 16.94 24.02 29.57 29.57 31.46 27.81 23.14 21.83 23.17 26.44 25.85 25.30 26.57 22.56 12.99 5.62 4.45 0.00 0.00 0.00 0.00 0.00 0.00 0.00 2.70 2.34 3.58 2.56 2.56 1.61 0.00 2.56 2.19 0.00 0.00 0.00 0.00 0.00 0.00 0.00 0.00 0.00 5.77 15.77 23.73 23.36 22.19 25.04 25.92 26.94 26.21 22.63 21.68 21.68 18.91 17.08 12.85 7.59 3.36 2.48 0.00 4.38 6.94 5.26 4.96 0.00 0.00 0.00 0.00
0.00 0.00 0.00 0.00 0.00 0.00 0.00 0.00 0.00 0.00 0.00 0.00 0.00 0.00 0.00 7.37 13.65 13.94 13.94 17.74 19.78 15.19 12.04 19.27 24.51 22.85 27.42 28.24 23.18 15.57 3.94 7.81 9.05 5.84 0.00 0.00 5.69 3.80 4.02 2.92 0.00 0.00 1.31 1.31 0.00 0.00 0.00 1.61 0.00 0.00 0.00 0.00 0.00 0.00 0.00 0.00 0.00 0.00 11.17 22.27 25.40 21.61 20.95 17.67 18.76 27.08 30.08 26.21 26.21 20.73 15.33 7.01 11.75 8.91 10.95 10.15 8.03 5.62 7.59 6.13 0.00 0.00 0.00 0.00
0.00 0.00 0.00 0.00 0.00 0.00 0.00 0.00 0.00 0.00 0.00 0.00 0.00 0.00 0.00 0.00 0.00 0.00 0.00 0.00 0.00 0.00 0.00 5.91 8.30 12.41 21.67 25.79 30.54 28.24 17.46 15.11 15.18 12.26 8.32 8.54 5.91 4.96 3.87 0.00 0.00 0.00 0.00 0.00 0.00 0.00 0.00 0.00 0.00 0.00 0.00 0.00 0.00 0.00 0.00 0.00 0.00 0.00 4.23 16.06 24.31 27.23 30.00 21.90 17.37 26.72 29.64 29.20 29.20 25.33 20.66 19.56 16.86 18.32 19.05 12.48 7.59 4.02 6.64 4.89 0.00 0.00 0.00 0.00
0.00 0.00 0.00 0.00 0.00 0.00 0.00 0.00 0.00 0.00 0.00 0.00 0.00 0.00 0.00 0.00 0.00 0.00 0.00 0.00 0.00 0.00 0.00 6.06 8.18 12.41 21.02 23.96 28.54 28.68 17.64 15.74 17.06 12.98 8.54 8.54 5.91 4.96 3.87 0.00 0.00 0.00 0.00 0.00 0.00 0.00 0.00 0.00 0.00 0.00 0.00 0.00 0.00 0.00 0.00 0.00 0.00 0.00 4.23 16.06 24.31 27.23 30.00 21.90 17.37 26.72 29.64 29.20 29.20 25.33 20.66 19.56 16.86 18.32 19.05 12.48 7.59 4.02 6.64 4.89 0.00 0.00 0.00 0.00
0.00 0.00 0.00 0.00 0.00 0.00 0.00 0.00 0.00 0.00 0.00 0.00 0.00 0.00 0.00 0.00 0.00 0.00 0.00 0.00 0.00 0.00 0.00 0.00 0.00 0.00 0.00 6.90 10.07 22.67 21.75 17.63 21.73 24.33 17.31 13.01 7.37 4.53 5.33 4.89 0.00 0.00 0.00 0.00 0.00 0.00 0.00 0.00 0.00 0.00 0.00 0.00 0.00 0.00 0.00 0.00 0.00 0.00 1.97 7.96 15.40 18.91 25.19 28.69 27.08 25.26 27.45 24.60 24.60 22.85 19.35 12.85 10.37 12.05 15.99 12.85 4.02 4.67 8.10 6.28 5.26 0.00 0.00 0.00
0.00 0.00 0.00 0.00 0.00 0.00 0.00 0.00 0.00 0.00 0.00 0.00 0.00 0.00 0.00 0.00 0.00 0.00 0.00 0.00 0.00 0.00 0.00 0.00 0.00 0.00 0.00 0.00 0.00 1.84 4.02 8.40 11.39 24.60 27.73 26.36 16.01 8.07 4.96 4.45 4.23 3.43 0.00 0.00 0.00 0.00 2.48 2.26 0.00 0.00 0.00 0.00 0.00 0.00 0.00 0.00 0.00 0.00 0.00 0.00 0.00 3.94 14.02 24.67 27.89 21.17 19.35 22.12 22.12 22.56 15.33 11.53 9.64 13.72 15.48 8.69 5.18 5.40 5.62 3.94 2.92 0.00 0.00 0.00
0.00 0.00 0.00 0.00 0.00 0.00 0.00 0.00 0.00 0.00 0.00 0.00 0.00 0.00 0.00 0.00 0.00 0.00 0.00 0.00 0.00 0.00 0.00 0.00 0.00 0.00 0.00 0.00 0.00 0.00 0.00 0.00 6.28 13.21 17.21 21.30 24.87 15.70 7.37 6.57 8.54 5.26 0.00 0.00 0.00 0.00 0.00 0.00 1.53 0.00 0.00 0.00 0.00 0.00 0.00 0.00 0.00 0.00 0.00 0.00 0.00 0.00 8.25 18.54 18.18 12.70 10.51 14.45 14.45 5.62 3.14 3.36 2.19 4.53 7.01 7.01 7.96 9.34 8.69 8.47 7.96 6.35 5.62 0.00
0.00 0.00 0.00 0.00 0.00 0.00 0.00 0.00 0.00 0.00 0.00 0.00 0.00 0.00 0.00 0.00 6.50 3.07 3.07 0.88 0.00 0.00 0.00 0.00 0.00 0.00 0.00 0.00 0.00 0.00 0.00 0.00 0.00 0.00 2.19 11.17 21.57 21.94 15.12 8.18 6.35 5.48 4.23 4.23 3.29 0.00 0.00 0.00 0.00 0.00 0.00 0.00 0.00 0.00 0.00 0.00 0.00 0.00 0.00 0.00 0.00 0.00 3.36 5.77 7.30 5.48 7.37 9.34 9.34 1.90 1.83 0.00 0.00 0.00 0.00 5.77 7.08 9.20 9.42 13.58 17.16 16.06 15.70 16.13
0.00 0.00 0.00 0.00 0.00 0.00 0.00 0.00 0.00 0.00 0.00 0.00 0.00 0.00 6.64 5.40 2.77 0.00 0.00 0.00 0.00 0.00 0.00 0.00 0.00 0.00 0.00 0.00 0.00 0.00 0.00 0.00 0.00 0.00 0.00 0.00 5.04 8.47 13.71 8.76 3.59 4.09 4.53 4.53 0.00 3.43 4.02 0.00 0.00 0.00 0.00 0.73 1.10 0.00 0.00 0.00 0.00 3.58 2.99 2.63 1.61 0.00 0.00 0.00 0.00 0.00 0.00 0.00 0.00 0.00 1.83 0.00 0.00 0.00 0.00 4.23 9.49 14.60 11.02 9.64 12.12 14.24 13.72 11.61
0.00 0.00 0.00 0.00 0.00 0.00 0.00 0.00 0.00 0.00 0.00 0.00 0.00 0.00 2.48 2.12 0.00 0.00 0.00 0.00 0.00 0.00 0.00 0.00 0.00 0.00 0.00 0.00 0.00 0.00 0.00 0.00 0.00 0.00 0.00 0.00 0.00 0.00 1.24 3.65 3.61 3.43 4.53 4.53 3.58 0.00 0.00 0.00 0.00 3.07 4.16 3.50 0.00 1.68 1.02 2.12 3.80 3.21 0.00 2.12 3.14 0.00 0.00 0.00 0.00 0.00 2.92 0.00 0.00 0.00 0.00 0.00 0.00 0.88 2.04 5.62 10.00 6.79 5.84 5.84 6.42 7.59 10.37 7.59
0.00 0.00 0.00 0.00 0.00 0.00 0.00 0.00 0.00 0.00 0.00 0.00 0.00 0.00 2.48 2.12 0.00 0.00 0.00 0.00 0.00 0.00 0.00 0.00 0.00 0.00 0.00 0.00 0.00 0.00 0.00 0.00 0.00 0.00 0.00 0.00 0.00 0.00 1.25 3.65 3.58 3.43 4.53 4.53 3.58 0.00 0.00 0.00 0.00 3.07 4.16 3.50 0.00 1.68 1.02 2.12 3.80 3.21 0.00 2.12 3.14 0.00 0.00 0.00 0.00 0.00 2.92 0.00 0.00 0.00 0.00 0.00 0.00 0.88 2.04 5.62 10.00 6.79 5.84 5.84 6.42 7.59 10.37 7.59
0.00 0.00 16.86 8.47 0.00 0.00 0.00 0.00 0.00 0.00 0.00 0.00 0.00 3.80 0.00 0.00 0.00 0.00 0.00 0.00 0.00 0.00 0.00 0.00 0.00 0.00 0.00 0.00 0.00 0.00 0.00 0.00 0.00 0.00 0.00 3.29 4.60 4.09 0.00 3.36 0.00 0.00 0.00 0.00 0.00 0.00 0.00 1.39 2.56 4.16 4.53 0.00 0.00 0.00 0.00 0.00 0.00 0.00 0.00 0.00 3.87 4.89 3.72 3.36 3.43 2.19 0.00 0.00 0.00 1.10 0.00 1.68 1.24 1.46 1.68 2.56 0.00 0.00 0.00 3.07 3.65 3.80 0.00 0.00
