Wansh/Snow_depth/snowdepth-1983/spring/1983073.txt
ncols 321
nrows 161
xllcenter 60
yllcenter 15 
cellsize  0.25 
NODATA_value -1
[rows 74 to 110 of 161, columns 84 to 167 of 321]
0.00 0.00 0.00 0.00 0.00 0.00 0.00 0.00 0.66 0.00 6.06 7.15 9.13 8.61 8.61 5.69 5.62 4.89 4.89 0.00 0.00 0.00 0.00 3.29 0.00 8.47 7.15 3.21 3.94 3.80 3.65 3.21 0.00 6.13 7.66 5.26 4.38 4.45 4.53 5.26 6.42 3.29 0.58 0.58 1.39 0.00 0.66 0.00 0.00 2.77 0.00 0.00 0.00 0.00 0.00 0.00 0.00 0.00 0.00 0.00 0.00 0.00 3.43 0.00 1.83 0.00 0.00 0.00 0.00 4.84 5.94 3.43 0.00 0.00 0.00 0.00 0.00 0.00 0.00 0.00 5.91 0.00 0.00 0.00
0.00 0.00 0.00 0.00 3.87 8.10 7.45 1.39 8.40 8.83 8.76 7.88 8.10 5.26 4.67 4.67 3.29 0.00 0.00 0.00 4.74 0.00 0.00 0.00 5.48 10.00 6.42 5.99 0.00 4.16 4.02 0.00 0.00 0.00 7.30 8.61 8.47 4.74 0.00 5.77 5.69 6.72 9.49 9.49 8.61 0.00 1.46 0.00 0.00 2.63 0.00 1.46 0.00 0.00 3.21 0.00 3.65 3.43 0.00 0.00 0.00 0.00 0.00 0.00 0.00 0.00 0.00 0.00 0.00 9.10 13.07 11.90 4.82 0.00 0.00 0.00 0.00 0.00 0.00 0.00 4.31 0.00 0.00 0.00
0.00 0.58 1.46 3.50 7.30 8.03 9.93 9.49 7.23 7.66 0.00 5.55 5.84 5.55 5.04 5.48 4.45 0.00 0.00 0.00 0.00 0.00 0.00 0.00 0.00 0.00 0.00 0.00 2.48 2.77 0.00 0.00 0.00 0.00 0.00 3.29 5.77 0.00 6.64 11.97 7.30 4.89 5.40 5.40 4.74 4.96 6.06 10.73 9.64 0.00 5.99 6.86 5.69 4.31 0.80 2.70 4.53 5.18 4.89 4.02 6.28 2.85 1.90 1.68 0.00 1.98 4.09 6.35 6.35 12.99 19.05 18.83 11.75 4.16 0.00 0.00 0.00 0.00 0.00 0.00 0.00 0.00 0.00 0.00
7.01 8.10 6.35 3.94 3.87 4.38 4.16 4.74 5.48 6.50 5.40 5.62 4.74 6.79 5.91 4.45 0.00 2.56 2.56 0.00 0.00 0.00 0.00 0.00 0.00 0.00 0.00 0.00 2.92 0.00 0.00 0.00 0.00 0.00 0.00 2.19 0.00 0.00 10.59 6.13 0.00 4.60 5.48 5.48 6.50 6.20 7.59 9.05 10.37 9.78 9.78 10.07 7.88 6.13 4.09 4.74 6.57 6.94 8.10 8.98 9.34 5.40 9.20 8.32 7.59 6.79 9.78 9.20 9.20 10.29 14.89 15.11 11.97 8.03 2.85 0.00 0.00 0.00 0.00 0.00 0.00 0.00 0.00 0.00
2.85 3.72 3.80 4.45 6.57 8.69 3.80 4.23 5.33 4.67 0.00 0.00 4.45 6.42 6.86 0.00 6.13 5.77 5.77 5.11 0.00 0.00 3.94 0.00 3.43 3.65 4.23 3.87 3.58 0.00 0.00 0.00 0.00 0.00 3.80 0.88 0.00 0.00 0.00 0.00 0.00 0.00 2.70 2.70 5.26 5.04 1.83 0.00 0.00 0.00 8.83 8.61 7.96 9.78 11.24 8.47 7.52 5.91 4.31 0.00 7.23 8.83 8.61 7.01 8.69 11.10 11.53 10.00 10.00 11.02 10.80 8.25 8.54 10.80 4.09 0.00 0.00 0.00 0.00 0.00 0.00 0.00 0.00 0.00
10.22 8.10 5.91 6.35 6.86 7.52 3.65 3.94 0.00 0.00 0.00 0.00 0.00 0.00 5.40 5.69 0.00 0.00 0.00 5.62 4.23 0.00 4.89 5.04 0.00 0.00 0.00 0.00 0.00 0.00 0.00 0.00 0.00 0.00 2.12 0.00 0.00 0.00 0.00 0.00 0.00 3.80 3.65 3.65 0.00 0.00 0.00 0.00 0.00 0.00 3.14 0.00 0.00 0.00 0.00 5.55 6.20 5.48 5.48 0.00 4.09 5.11 6.13 4.96 5.26 8.32 11.17 10.29 10.29 10.73 8.40 4.67 3.72 6.86 4.26 0.00 0.00 0.00 0.00 0.00 0.00 0.00 0.00 0.00
0.00 4.31 4.38 5.55 5.33 4.82 3.43 4.16 0.00 0.00 4.96 0.00 3.07 3.36 0.00 0.00 0.00 0.00 0.00 4.89 5.04 3.29 4.89 5.77 0.00 0.00 3.36 3.29 0.00 3.36 1.83 0.00 0.00 0.00 0.00 0.00 0.00 0.00 0.00 2.41 3.58 2.19 2.48 2.48 0.00 0.00 0.00 0.00 0.00 0.00 0.00 0.00 0.00 0.00 0.00 0.00 7.88 8.32 9.05 8.03 5.77 6.35 4.60 3.07 6.57 6.86 6.50 8.18 8.18 8.18 7.01 9.27 10.37 6.57 5.40 0.00 0.00 0.00 0.00 0.00 0.00 0.00 0.00 0.00
0.00 0.00 0.00 0.00 4.31 4.60 3.43 2.85 4.16 4.60 4.89 5.40 4.38 0.00 0.00 3.43 0.00 0.00 0.00 0.00 0.00 3.29 2.26 0.00 2.34 2.63 4.02 2.85 0.00 3.43 0.00 0.00 0.00 0.00 1.61 0.00 0.00 0.00 0.00 3.87 4.31 3.72 2.70 2.70 3.94 0.00 0.00 0.00 0.00 0.00 0.00 0.00 0.00 0.00 0.00 0.00 6.94 10.59 10.95 12.92 10.73 9.27 8.40 6.20 6.72 5.91 5.99 6.06 6.06 8.76 7.37 14.89 24.53 20.08 13.80 5.87 0.96 0.00 0.00 0.00 0.00 0.00 0.00 0.00
0.00 2.56 0.00 0.00 0.00 5.99 0.00 2.77 1.46 0.00 0.00 3.21 4.60 0.00 0.00 3.36 3.80 0.00 0.00 0.00 0.00 1.17 0.66 0.00 0.00 0.00 2.99 0.00 0.00 0.00 0.00 0.00 0.00 0.00 2.48 0.00 0.00 0.00 0.00 2.92 3.72 5.55 1.83 1.83 0.00 0.00 0.00 0.00 0.00 0.00 0.00 0.00 0.00 0.00 0.00 0.00 0.00 6.79 10.59 15.04 19.05 16.50 8.91 4.82 5.55 8.10 8.32 3.36 3.36 5.33 5.48 8.91 18.47 26.86 20.59 4.16 4.09 0.00 3.07 0.00 0.00 0.00 0.00 0.00
0.00 7.08 3.94 0.00 0.00 0.00 0.00 0.00 0.00 1.83 2.41 0.00 0.00 4.38 3.43 2.92 2.63 0.00 0.00 3.36 2.99 0.95 0.00 0.00 0.00 0.00 0.00 0.00 0.00 0.00 0.00 0.00 0.00 0.00 3.72 4.38 0.00 0.00 0.00 0.00 0.00 0.00 0.00 0.00 0.00 1.39 0.00 0.00 0.00 0.00 0.00 0.00 0.00 1.17 3.36 5.26 7.59 5.40 8.18 12.99 15.99 15.55 13.36 12.26 10.44 13.80 9.49 3.94 3.94 3.29 2.85 0.00 9.42 17.30 18.61 7.59 6.79 5.55 4.38 0.00 0.00 0.00 0.00 0.00
0.00 5.11 0.00 5.91 6.72 0.00 0.00 3.36 4.09 3.14 0.00 0.00 0.00 4.09 0.00 0.00 0.00 0.00 0.00 2.56 2.70 0.00 0.00 0.00 0.00 0.00 0.00 0.88 2.41 0.00 0.00 0.00 0.00 0.00 2.04 3.29 3.87 3.50 0.00 0.00 0.00 0.00 0.00 0.00 1.02 0.00 0.00 0.00 0.00 0.00 0.00 0.00 4.82 5.99 5.26 2.34 5.40 5.69 3.21 6.86 10.88 11.75 11.90 10.44 7.52 10.95 11.02 7.66 7.66 3.58 1.90 1.53 4.09 10.44 11.68 8.61 9.93 9.56 7.30 9.56 0.00 0.00 0.00 0.00
0.00 0.00 0.00 0.00 0.00 0.00 0.00 2.92 0.00 3.72 0.00 3.21 2.56 2.85 0.00 0.00 0.00 0.00 0.00 2.99 3.65 0.00 3.36 3.80 0.00 0.00 3.50 3.29 2.34 3.87 0.00 0.00 7.15 4.45 1.83 0.00 0.00 4.82 4.82 0.00 0.00 0.00 0.00 0.00 0.00 0.00 0.00 0.00 0.00 0.00 0.00 0.00 7.15 12.99 11.68 8.03 5.99 6.64 3.07 1.68 8.80 10.95 9.63 5.40 1.24 6.28 12.26 13.87 13.87 10.44 5.84 4.89 0.00 5.04 0.00 9.05 12.48 14.75 11.10 10.15 11.10 0.00 0.00 0.00
0.00 3.58 6.35 6.72 3.14 4.74 0.00 5.40 6.06 7.59 0.00 0.00 0.00 0.00 2.12 0.00 2.48 0.00 0.00 0.00 0.00 4.60 2.70 2.12 0.00 3.29 0.00 0.00 3.29 3.72 0.00 2.70 1.75 3.87 0.00 0.00 0.00 0.00 5.04 4.96 9.34 4.67 1.90 1.90 2.99 0.00 0.00 0.00 1.02 0.00 2.34 0.00 0.00 10.88 21.90 25.70 26.13 21.17 17.08 7.08 2.26 3.72 8.19 10.80 8.54 5.91 4.67 3.58 3.58 8.25 14.09 14.89 12.34 8.91 5.04 7.30 9.05 12.92 16.43 14.67 9.34 0.00 0.00 0.00
1.75 0.00 0.00 2.77 4.60 5.62 3.29 2.56 0.00 3.80 0.00 0.00 0.00 0.00 0.00 0.00 4.45 4.60 4.60 0.00 1.90 4.02 0.00 0.00 0.00 3.87 3.50 1.68 0.00 0.00 0.00 0.00 3.94 4.89 0.00 0.00 0.00 0.00 5.77 9.13 14.24 10.51 7.37 7.37 5.99 4.53 2.70 2.12 1.75 0.00 3.50 5.33 2.99 5.18 10.66 16.94 22.27 23.21 23.36 13.14 2.85 1.10 4.82 4.60 3.41 1.97 0.22 0.07 0.07 4.89 10.59 19.71 18.10 7.01 7.88 7.23 0.00 8.18 10.80 14.31 15.48 11.83 0.00 0.00
0.00 0.00 0.00 0.00 0.00 0.00 0.00 0.00 0.00 0.00 0.00 3.21 0.00 0.00 0.00 0.00 0.00 0.00 0.00 0.00 2.70 3.43 4.23 0.00 0.00 2.19 2.04 3.29 4.09 0.00 0.00 3.72 3.29 4.82 4.53 0.00 0.00 0.00 0.00 6.42 9.20 13.65 12.48 12.48 13.07 11.10 3.50 6.13 2.34 1.68 2.41 3.87 3.07 5.62 10.00 12.78 10.51 14.60 14.38 13.29 5.55 0.00 2.70 3.14 3.17 6.41 7.15 1.83 1.83 1.83 4.31 11.90 16.28 15.48 10.88 10.15 7.37 10.22 12.26 13.51 15.11 12.78 10.29 0.00
4.23 2.19 0.00 0.00 0.00 0.00 0.00 0.00 0.00 0.00 0.00 0.00 3.43 0.00 4.45 4.23 3.07 0.00 0.00 2.85 3.36 3.21 0.00 0.00 0.00 0.00 1.61 2.77 4.09 0.00 3.94 5.91 5.26 4.02 3.29 2.48 0.00 3.07 2.85 0.00 4.82 8.98 14.02 14.02 15.84 18.54 21.02 18.47 12.19 6.64 3.14 2.48 2.56 5.04 8.32 9.78 7.15 8.25 9.19 8.63 3.72 1.90 6.56 10.15 11.41 12.49 20.06 18.91 18.91 6.42 1.53 8.69 13.87 17.67 13.51 13.43 12.26 12.34 13.36 13.07 14.96 11.29 7.19 4.40
3.50 3.65 0.00 0.00 0.00 0.00 0.00 0.00 0.00 0.00 0.00 2.92 0.00 0.00 0.00 3.72 3.87 0.00 0.00 4.53 3.07 3.07 0.00 0.58 0.00 3.72 0.00 2.41 3.07 2.85 2.99 2.34 3.58 3.65 3.65 3.58 3.72 3.36 3.65 4.60 6.35 6.72 6.06 6.06 11.68 24.75 30.44 22.27 18.03 13.43 8.83 10.22 12.78 8.40 7.37 9.34 7.37 4.23 4.09 2.77 1.05 2.12 7.52 18.25 24.53 17.81 11.57 15.71 15.21 13.57 14.02 16.57 11.32 15.33 15.84 16.13 17.89 18.91 16.36 10.85 9.39 9.61 9.65 8.62
3.50 2.92 4.23 4.89 0.00 0.00 0.00 0.00 0.00 1.53 0.00 0.00 0.00 0.00 0.00 0.00 0.00 0.00 0.00 0.00 0.00 0.00 0.00 0.00 0.00 0.00 1.83 0.00 1.53 1.75 2.77 2.48 1.97 2.34 5.91 0.00 0.00 2.63 0.00 0.00 5.33 5.33 3.50 3.50 6.79 13.43 15.40 18.25 13.58 11.02 13.72 20.44 25.11 20.51 16.86 15.99 13.07 6.86 6.71 6.86 4.45 3.21 3.58 10.34 21.60 25.33 23.43 17.16 17.24 14.68 14.60 9.93 0.00 10.29 12.11 10.15 13.07 12.48 14.45 12.32 9.35 10.00 10.06 9.25
0.00 0.00 0.00 0.00 0.00 5.04 4.23 0.00 2.41 3.72 0.00 0.00 0.00 0.00 0.00 0.00 0.00 0.00 0.00 0.00 0.00 0.00 0.00 0.00 0.00 0.00 0.00 0.00 0.00 0.00 0.00 0.00 0.00 3.36 0.00 0.00 0.00 0.00 0.00 0.00 0.00 0.00 1.46 1.46 3.21 0.00 4.82 3.80 11.02 11.83 14.53 20.22 24.09 24.09 23.87 23.87 20.59 19.64 15.62 9.58 7.89 7.72 4.71 5.15 12.22 17.38 22.61 18.69 18.69 9.78 9.09 10.47 13.65 7.78 8.66 8.18 7.96 8.15 11.82 12.59 12.63 12.87 8.48 8.21
0.00 0.00 0.00 0.00 0.00 4.45 0.00 0.00 0.00 0.00 0.00 0.00 0.00 0.00 0.00 0.00 0.00 0.00 0.00 0.00 0.00 0.00 0.00 0.00 0.00 0.00 0.00 0.00 0.00 0.00 0.00 0.00 0.00 0.00 2.77 0.00 0.00 0.00 0.00 0.00 0.00 0.00 0.00 0.00 6.50 5.69 5.18 3.14 13.58 22.70 18.54 14.16 16.28 17.52 20.22 21.90 25.76 28.25 23.43 16.57 9.27 8.41 0.00 5.99 13.12 16.70 9.24 5.40 5.40 5.60 6.25 11.73 16.90 12.69 10.08 10.20 10.66 8.45 0.00 0.00 10.93 13.22 13.17 8.97
0.00 1.10 0.00 1.31 0.00 0.00 0.00 0.00 0.00 3.29 0.00 0.00 0.00 0.00 0.00 3.36 3.14 0.00 0.00 0.00 0.00 3.72 0.00 1.46 0.00 0.00 0.00 0.00 0.00 0.00 0.00 0.00 0.00 0.00 0.00 0.00 0.00 0.00 0.00 0.00 0.00 0.00 0.00 0.00 0.00 0.00 13.65 9.93 13.43 23.00 14.53 12.12 13.41 12.72 16.05 19.19 19.94 22.19 26.21 26.28 17.08 8.80 4.61 4.19 7.06 13.55 10.74 0.00 0.00 0.00 0.00 0.00 11.21 14.52 15.60 12.56 8.79 9.38 0.00 8.56 10.68 12.79 12.47 7.02
5.04 0.00 0.00 2.92 0.00 0.00 0.00 0.00 0.00 2.85 0.00 0.00 0.00 0.00 0.00 0.00 0.00 2.04 2.04 2.70 0.00 0.00 0.00 4.02 0.00 0.00 0.00 0.00 0.00 0.00 0.00 0.00 0.00 1.46 0.00 0.00 0.00 0.00 0.00 0.00 0.00 0.00 0.00 0.00 0.00 3.87 9.13 6.28 11.83 15.33 12.99 11.97 10.80 9.94 15.08 18.51 17.83 21.38 21.12 24.33 20.03 11.74 6.00 4.35 4.36 10.66 0.00 0.00 0.00 0.00 0.00 0.00 0.00 12.15 14.89 15.19 11.92 10.21 0.00 0.00 11.51 16.34 19.57 8.62
3.80 4.23 4.82 3.94 0.00 3.43 0.00 4.45 0.00 0.00 0.00 0.00 0.00 0.00 0.00 0.00 0.00 0.00 0.00 0.00 0.00 0.00 0.00 4.23 0.00 4.74 0.00 0.00 0.00 0.00 0.00 0.00 0.00 3.21 0.00 0.00 0.00 0.00 0.00 0.00 0.00 0.00 0.00 0.00 0.15 1.90 7.59 12.48 19.49 23.36 18.25 14.60 9.78 8.14 9.68 16.87 10.03 15.75 16.85 18.61 22.57 18.93 10.91 5.18 5.91 0.00 0.00 0.00 0.00 0.00 0.00 0.00 0.00 14.28 15.33 15.26 12.67 0.00 0.00 0.00 10.46 15.43 13.77 0.00
0.00 0.00 0.00 6.94 0.00 5.33 0.00 0.00 0.00 5.04 0.00 0.00 0.00 0.00 0.00 0.00 0.00 0.00 0.00 0.00 0.00 0.00 0.00 0.00 0.00 0.00 0.00 0.00 0.00 0.00 0.00 0.00 0.00 0.00 0.00 0.00 0.00 0.00 0.00 2.70 22.78 19.05 9.13 9.13 9.42 6.86 8.69 15.77 21.46 22.01 18.74 16.38 15.21 20.14 12.43 6.60 7.08 6.64 8.39 11.85 16.07 17.60 17.66 8.91 0.00 0.00 0.00 0.00 0.00 0.00 0.00 0.00 0.00 16.23 14.45 12.70 8.26 0.00 0.00 8.27 8.78 12.95 7.26 0.00
5.99 5.26 0.00 0.00 0.00 6.35 8.32 5.91 7.30 5.26 0.00 3.14 0.00 2.56 0.00 0.00 0.00 0.00 0.00 0.00 0.00 0.00 1.31 0.00 3.14 3.80 2.41 1.31 2.19 2.63 2.92 0.00 1.24 4.23 0.00 2.92 0.00 0.00 5.48 5.77 2.77 6.42 10.73 10.73 14.53 15.04 18.40 19.93 20.15 17.01 14.98 12.33 8.85 7.51 8.70 5.68 11.27 14.82 14.97 15.41 10.42 4.77 8.08 10.84 7.15 4.77 0.00 0.00 0.00 0.00 0.00 0.00 0.00 12.92 16.47 18.47 10.29 0.00 0.00 0.00 0.00 15.36 12.96 13.01
9.27 8.83 8.69 11.83 11.46 8.98 8.54 0.00 0.00 0.00 0.00 0.00 0.00 1.97 0.00 0.00 1.90 0.00 0.00 2.12 0.00 0.00 0.00 0.00 2.70 4.67 5.26 3.58 1.24 2.77 1.24 1.75 3.07 3.80 3.07 0.51 7.52 9.13 0.00 2.41 0.73 3.43 10.00 10.00 11.75 19.27 20.08 18.54 13.17 12.93 13.62 9.71 6.06 5.66 1.78 0.00 4.34 7.73 10.53 16.82 16.44 12.10 9.40 6.25 3.43 5.26 0.00 0.00 0.00 0.00 0.00 0.00 0.00 7.57 15.45 13.94 13.13 0.00 0.00 0.00 0.00 0.00 12.66 12.85
12.19 10.00 8.98 5.26 6.72 11.17 11.68 5.55 0.00 0.00 0.00 0.00 0.00 0.00 2.04 0.00 2.48 0.00 0.00 0.00 0.00 0.00 0.00 1.17 0.00 1.31 0.66 1.68 0.58 1.39 1.10 1.24 2.34 2.26 4.02 4.16 8.40 0.95 0.00 0.00 0.00 1.61 0.00 0.00 7.08 12.63 14.16 13.86 10.71 10.35 9.28 7.81 8.20 10.61 8.64 1.44 0.00 3.09 6.43 10.48 15.54 20.34 18.83 8.03 1.17 2.09 0.00 0.00 0.00 0.00 0.00 0.00 0.00 10.28 17.97 15.26 12.05 0.00 0.00 0.00 0.00 0.00 9.06 12.65
7.96 4.74 11.10 0.00 1.31 10.44 10.73 9.61 3.80 0.00 0.00 0.00 0.00 0.00 4.31 0.00 0.00 3.14 3.14 3.72 3.21 1.53 0.00 1.46 1.53 1.46 0.00 0.00 0.44 1.83 0.88 1.02 0.00 0.00 2.70 3.87 3.50 0.95 0.00 0.00 0.00 0.00 2.92 2.92 6.79 10.59 10.51 14.23 17.16 13.09 9.08 9.00 10.26 14.50 13.18 7.76 0.00 0.00 4.06 7.87 11.51 18.31 19.59 17.59 10.73 2.39 3.61 0.00 0.00 0.00 0.00 0.00 0.00 13.91 15.90 12.13 13.64 0.00 0.00 0.00 0.00 0.00 12.18 12.05
0.00 0.00 0.00 0.00 0.00 6.79 9.27 9.20 5.62 0.00 0.00 0.00 0.00 0.00 0.00 0.00 1.46 0.00 0.00 3.87 2.34 0.00 0.00 0.00 0.00 0.07 0.00 0.00 0.95 0.73 0.00 0.22 0.00 0.00 0.37 3.14 2.56 3.07 0.73 0.00 0.00 0.00 6.79 6.79 7.81 6.28 10.15 17.67 18.54 18.47 19.34 15.90 12.73 9.79 11.21 0.00 0.00 0.00 0.00 7.03 9.23 12.21 16.39 19.28 16.29 6.25 3.03 7.18 7.22 0.00 0.00 0.00 0.00 11.63 10.45 7.57 0.00 0.00 0.00 0.00 0.00 10.32 10.81 10.63
0.00 0.00 0.00 0.00 0.00 8.10 11.68 9.20 7.15 4.67 7.01 4.31 0.00 0.00 0.00 0.00 0.00 0.00 0.00 0.00 0.95 0.58 0.00 0.00 0.00 0.00 0.00 0.00 0.00 1.17 0.00 0.95 0.00 0.00 0.00 1.17 0.00 0.00 0.00 0.00 0.00 0.00 0.00 0.00 4.48 2.77 9.46 13.07 16.08 19.87 20.22 15.30 14.07 0.00 0.00 0.00 0.00 0.00 0.00 0.00 8.19 10.77 14.92 17.31 17.00 15.19 9.65 5.34 6.24 0.00 0.00 0.00 0.00 0.00 0.00 0.00 0.00 0.00 0.00 0.00 0.00 9.68 11.44 7.34
0.00 0.00 0.00 0.00 0.00 0.00 10.15 7.08 9.71 7.81 5.77 1.61 0.00 0.00 0.00 0.00 0.00 0.00 0.00 0.00 0.37 0.15 0.00 0.00 0.00 0.00 0.00 0.00 0.22 0.00 0.00 0.00 0.00 0.00 0.00 0.73 0.80 0.00 0.00 0.00 0.00 0.00 0.00 0.00 0.00 1.02 2.57 4.11 10.74 11.05 9.57 10.62 0.00 0.00 0.00 0.00 0.00 0.00 0.00 0.00 6.66 6.56 9.46 12.62 12.62 13.27 15.70 3.94 4.41 10.64 0.00 0.00 0.00 0.00 0.00 0.00 0.00 0.00 0.00 0.00 0.00 0.00 16.53 0.00
0.00 0.00 0.00 0.00 0.00 0.00 0.00 6.64 8.83 9.13 6.50 1.75 7.15 7.66 6.72 5.04 2.51 0.00 0.00 0.00 0.00 0.00 0.00 1.68 0.58 0.00 0.00 0.00 0.00 0.00 0.00 0.00 0.00 0.00 0.22 0.15 0.00 0.00 0.00 0.00 0.00 0.00 0.00 0.00 0.37 0.00 0.00 0.82 2.75 5.68 12.03 11.78 0.00 0.00 0.00 0.00 0.00 0.00 0.00 0.00 0.00 0.00 6.73 8.58 12.85 11.68 18.61 8.18 8.35 8.22 0.00 0.00 0.00 0.00 0.00 0.00 0.00 0.00 0.00 0.00 0.00 0.00 0.00 0.00
0.00 0.00 0.00 0.00 0.00 0.00 0.00 0.00 10.88 8.61 5.18 9.42 10.29 8.98 8.25 6.82 4.89 1.94 1.81 0.00 1.24 1.46 0.00 0.00 0.00 0.00 0.00 0.00 0.00 0.00 0.00 0.00 0.00 0.00 2.26 1.97 0.00 0.00 0.00 0.00 0.00 0.00 3.58 3.58 1.39 1.39 0.37 4.09 12.04 16.91 0.00 0.00 0.00 0.00 0.00 0.00 0.00 0.00 0.00 0.00 0.00 0.00 0.00 5.39 9.97 15.13 18.46 15.61 19.08 0.00 0.00 6.35 0.00 0.00 0.00 0.00 0.00 0.00 0.00 0.00 0.00 0.00 0.00 0.00
0.00 0.00 0.00 0.00 0.00 0.00 0.00 0.00 0.00 0.00 0.00 0.00 0.00 0.00 0.00 0.00 6.28 6.12 6.21 11.17 9.27 10.29 8.91 4.45 3.87 5.11 4.67 0.00 0.00 0.00 0.00 0.00 0.00 0.00 4.53 6.72 8.10 6.57 7.88 6.68 6.85 5.90 6.13 6.13 4.67 1.53 2.19 5.21 0.00 0.00 0.00 0.00 0.00 0.00 0.00 0.00 0.00 0.00 0.00 0.00 0.00 0.00 0.00 0.00 0.00 14.87 6.08 7.92 8.86 0.00 0.00 0.00 0.00 0.00 0.00 0.00 0.00 0.00 0.00 0.00 0.00 0.00 0.00 0.00
0.00 0.00 0.00 0.00 0.00 0.00 0.00 0.00 0.00 0.00 0.00 0.00 0.00 0.00 0.00 0.00 0.00 0.00 0.00 0.00 7.66 9.99 11.53 12.12 11.75 9.09 8.31 6.72 7.88 6.94 9.20 8.03 7.15 4.16 5.18 8.98 13.72 14.60 13.43 12.19 7.97 15.37 11.02 12.32 8.25 5.91 5.69 11.31 0.00 0.00 0.00 0.00 0.00 0.00 0.00 0.00 0.00 0.00 0.00 0.00 0.00 0.00 0.00 0.00 0.00 0.00 0.00 0.00 0.00 0.00 0.00 0.00 0.00 0.00 0.00 0.00 0.00 0.00 0.00 0.00 0.00 0.00 0.00 0.00
0.00 0.00 0.00 0.00 0.00 0.00 0.00 0.00 0.00 0.00 0.00 0.00 0.00 0.00 0.00 0.00 0.00 0.00 0.00 0.00 0.00 4.60 8.54 9.27 13.36 6.82 8.49 11.61 13.80 11.39 10.15 14.75 15.27 6.35 4.23 3.63 6.86 0.00 0.00 0.00 0.00 0.00 0.00 0.00 14.51 11.37 11.01 0.00 0.00 0.00 0.00 0.00 0.00 0.00 0.00 0.00 0.00 0.00 0.00 0.00 0.00 0.00 0.00 0.00 0.00 0.00 0.00 0.00 0.00 0.00 0.00 0.00 0.00 0.00 0.00 0.00 0.00 0.00 0.00 0.00 0.00 0.00 0.00 0.00
0.00 0.00 0.00 0.00 0.00 0.00 0.00 0.00 0.00 0.00 0.00 0.00 0.00 0.00 0.00 0.00 0.00 0.00 0.00 0.00 0.00 0.00 0.00 0.00 0.00 0.00 0.00 6.06 9.05 5.77 0.00 0.00 11.00 0.00 0.00 0.00 0.00 0.00 0.00 0.00 0.00 0.00 0.00 0.00 0.00 0.00 0.00 0.00 0.00 0.00 0.00 0.00 0.00 0.00 0.00 0.00 0.00 0.00 0.00 0.00 0.00 0.00 0.00 0.00 0.00 0.00 0.00 0.00 0.00 0.00 0.00 0.00 0.00 0.00 0.00 0.00 0.00 0.00 0.00 0.00 0.00 0.00 0.00 0.00
