Wansh/Snow_depth/snowdepth-1983/spring/1983107.txt
ncols 321
nrows 161
xllcenter 60
yllcenter 15 
cellsize  0.25 
NODATA_value -1
[rows 0 to 36 of 161, columns 84 to 167 of 321]
27.81 28.76 30.00 30.66 30.22 25.40 16.13 14.24 21.90 28.84 30.59 31.90 33.07 31.46 29.78 28.32 31.10 32.34 32.34 32.85 31.17 26.65 18.69 14.02 0.00 0.00 0.00 0.00 0.00 4.38 6.50 8.61 0.00 0.00 0.00 0.00 0.00 0.00 0.00 0.00 0.00 11.90 13.80 13.80 12.92 16.43 0.00 0.00 0.00 0.00 0.00 0.00 0.00 0.00 0.00 0.00 0.00 0.00 0.00 0.00 0.00 0.00 0.00 0.00 0.00 0.00 0.00 0.00 0.00 0.00 0.00 0.00 0.00 0.00 0.00 0.00 0.00 0.00 0.00 0.00 0.00 0.00 11.90 14.82
34.24 29.27 30.66 29.93 32.41 27.30 23.29 20.51 22.34 27.52 29.13 25.92 22.05 19.71 14.38 8.32 4.38 8.61 8.61 11.17 14.16 21.68 25.62 21.61 17.08 0.00 0.00 0.00 0.00 0.00 6.50 7.52 4.23 0.00 0.00 0.00 0.00 0.00 0.00 0.00 0.00 13.43 8.76 8.76 4.16 0.00 0.00 0.00 0.00 0.00 0.00 0.00 0.00 0.00 0.00 0.00 0.00 0.00 0.00 0.00 0.00 0.00 0.00 0.00 0.00 0.00 0.00 0.00 0.00 0.00 0.00 0.00 0.00 0.00 0.00 0.00 0.00 0.00 0.00 0.00 0.00 18.10 15.91 15.70
33.58 34.16 29.05 29.27 24.31 25.62 26.50 28.11 26.13 29.35 29.64 28.25 24.24 20.81 15.04 11.24 9.93 8.40 8.40 3.14 0.00 6.50 15.62 20.95 16.13 13.29 10.95 0.00 0.00 7.15 7.23 5.84 3.21 0.00 0.00 0.00 0.00 0.00 0.00 0.00 0.00 0.00 16.50 16.50 0.00 0.00 0.00 0.00 0.00 0.00 0.00 0.00 0.00 0.00 0.00 0.00 0.00 0.00 0.00 0.00 8.32 8.98 9.13 0.00 0.00 6.72 9.64 12.78 12.78 10.88 0.00 0.00 0.00 0.00 0.00 9.71 0.00 0.00 0.00 0.00 16.94 18.76 19.42 21.32
33.58 34.16 29.05 29.27 24.31 25.62 26.50 28.11 26.13 29.35 29.64 28.25 24.24 20.81 15.04 11.24 9.93 8.40 8.40 3.14 0.00 6.50 15.62 20.95 16.13 13.29 10.95 0.00 0.00 7.15 7.23 5.84 3.21 0.00 0.00 0.00 0.00 0.00 0.00 0.00 0.00 0.00 16.50 16.50 0.00 0.00 0.00 0.00 0.00 0.00 0.00 0.00 0.00 0.00 0.00 0.00 0.00 0.00 0.00 0.00 8.32 8.98 9.13 0.00 0.00 6.72 9.64 12.78 12.78 10.88 0.00 0.00 0.00 0.00 0.00 9.71 0.00 0.00 0.00 0.00 16.94 18.76 19.42 21.32
25.55 21.97 17.52 19.93 25.48 31.24 34.82 30.59 34.09 36.06 32.49 28.91 27.23 25.62 23.73 19.64 16.28 13.29 13.29 10.80 8.25 8.32 7.52 7.30 10.44 12.92 12.78 9.56 8.40 7.08 4.74 5.84 7.15 6.94 8.25 0.00 0.00 0.00 0.00 0.00 0.00 0.00 0.00 0.00 0.00 0.00 0.00 0.00 0.00 0.00 0.00 0.00 0.00 0.00 0.00 0.00 0.00 6.35 8.54 10.15 12.48 13.51 11.83 9.78 8.54 9.13 10.15 11.46 11.46 0.00 0.00 0.00 0.00 0.00 0.00 0.00 0.00 0.00 0.00 15.99 16.43 16.94 14.09 15.48
12.70 12.78 19.35 21.61 21.68 14.89 15.62 17.23 21.17 24.60 26.13 27.67 29.05 27.81 27.59 27.52 24.75 19.86 19.86 15.62 13.43 13.80 11.61 7.74 6.50 6.94 6.94 0.00 0.00 0.00 0.00 5.62 8.03 9.56 12.85 11.39 0.00 0.00 0.00 0.00 0.00 0.00 0.00 0.00 0.00 0.00 0.00 0.00 0.00 0.00 0.00 0.00 0.00 0.00 0.00 0.00 0.00 0.00 6.06 7.30 9.56 12.70 14.60 15.04 12.19 9.78 7.81 6.06 6.06 6.57 0.00 8.10 8.47 0.00 0.00 0.00 0.00 0.00 14.75 17.81 18.91 17.01 17.30 15.62
9.78 7.37 6.13 5.18 6.20 0.00 0.00 0.00 6.64 8.61 8.10 12.41 21.61 28.54 28.47 24.09 15.40 12.70 12.70 17.16 17.89 15.84 12.99 15.40 14.89 10.88 8.40 0.00 0.00 0.00 0.00 4.53 6.79 10.15 10.07 8.25 0.00 0.00 0.00 0.00 0.00 0.00 0.00 0.00 0.00 0.00 0.00 0.00 0.00 0.00 0.00 0.00 0.00 0.00 0.00 0.00 0.00 10.44 9.20 9.49 11.02 14.31 18.32 19.05 16.13 12.85 9.34 5.99 5.99 5.18 8.98 12.19 13.51 13.36 11.39 11.32 7.45 0.00 7.66 10.37 16.79 19.64 20.51 20.51
9.78 7.37 6.13 5.18 6.20 0.00 0.00 0.00 6.64 8.61 8.10 12.41 21.61 28.54 28.47 24.09 15.40 12.70 12.70 17.16 17.89 15.84 12.99 15.40 14.89 10.88 8.40 0.00 0.00 0.00 0.00 4.53 6.79 10.15 10.07 8.25 0.00 0.00 0.00 0.00 0.00 0.00 0.00 0.00 0.00 0.00 0.00 0.00 0.00 0.00 0.00 0.00 0.00 0.00 0.00 0.00 0.00 10.44 9.20 9.49 11.02 14.31 18.32 19.05 16.13 12.85 9.34 5.99 5.99 5.18 8.98 12.19 13.51 13.36 11.39 11.32 7.45 0.00 7.66 10.37 16.79 19.64 20.51 20.51
0.00 0.00 3.65 0.00 5.55 0.00 0.00 0.00 0.00 0.00 3.50 7.30 13.87 22.48 27.23 21.53 12.26 7.52 7.52 7.59 14.38 19.42 19.64 18.47 16.35 13.80 0.00 0.00 0.00 0.00 0.00 7.37 7.23 9.27 8.10 0.00 0.00 0.00 0.00 0.00 0.00 0.00 0.00 0.00 0.00 0.00 0.00 0.00 0.00 0.00 0.00 0.00 0.00 0.00 0.00 0.00 5.84 7.37 9.27 11.02 13.80 15.62 15.77 15.48 16.21 17.37 16.57 14.67 14.67 12.63 13.07 14.09 13.80 14.24 14.97 14.75 12.70 14.09 13.29 10.80 10.73 13.43 16.72 18.18
0.00 0.00 0.00 0.00 0.00 0.00 0.00 0.00 0.00 0.73 1.46 4.23 9.42 13.58 14.31 14.82 14.89 13.36 13.36 10.22 13.58 18.76 18.76 14.53 11.90 0.00 0.00 0.00 0.00 0.00 0.00 5.99 6.79 10.73 7.23 0.00 0.00 0.00 0.00 0.00 0.00 0.00 0.00 0.00 0.00 0.00 0.00 0.00 0.00 0.00 7.96 11.75 10.29 8.69 7.52 7.96 8.69 7.23 7.45 7.59 8.91 11.68 13.21 13.14 14.53 14.09 11.39 9.20 9.20 8.47 10.73 13.80 15.26 12.56 12.19 13.80 17.67 20.15 21.24 17.67 12.78 10.15 12.12 12.48
0.00 0.00 0.00 0.00 0.00 0.00 0.00 0.00 0.00 0.00 0.00 0.00 0.00 0.00 0.00 0.00 0.00 0.00 0.00 4.45 10.29 16.13 0.00 0.00 0.00 0.00 0.00 0.00 0.00 0.00 0.00 0.00 0.00 6.72 4.82 0.00 0.00 0.00 0.00 0.00 0.00 0.00 0.00 0.00 0.00 0.00 0.00 0.00 0.00 6.64 9.56 14.16 13.29 11.24 7.01 6.20 8.91 9.05 8.91 9.20 13.58 15.33 13.65 12.99 14.45 15.04 15.62 17.52 17.52 17.08 14.82 13.65 16.72 14.67 11.68 15.11 20.08 23.87 21.97 16.13 14.31 11.83 11.17 9.42
0.00 0.00 0.00 0.00 0.00 0.00 0.00 0.00 0.00 0.00 0.00 0.00 0.00 0.00 0.00 0.00 0.00 0.00 0.00 4.45 10.29 16.13 0.00 0.00 0.00 0.00 0.00 0.00 0.00 0.00 0.00 0.00 0.00 6.72 4.82 0.00 0.00 0.00 0.00 0.00 0.00 0.00 0.00 0.00 0.00 0.00 0.00 0.00 0.00 6.64 9.56 14.16 13.29 11.24 7.01 6.20 8.91 9.05 8.91 9.20 13.58 15.33 13.65 12.99 14.45 15.04 15.62 17.52 17.52 17.08 14.82 13.65 16.72 14.67 11.68 15.11 20.08 23.87 21.97 16.13 14.31 11.83 11.17 9.42
0.00 0.00 0.00 0.00 0.00 0.00 0.00 0.00 0.00 0.00 0.00 0.00 0.00 0.00 0.00 0.00 0.00 0.00 0.00 4.16 13.36 13.65 0.00 0.00 0.00 0.00 0.00 0.00 0.00 0.00 0.00 1.90 3.87 5.11 6.13 6.94 6.79 0.00 0.00 7.88 0.00 10.00 9.93 9.93 0.00 0.00 0.00 0.00 0.00 12.41 17.45 22.48 16.79 11.75 12.70 14.16 17.30 20.51 17.16 10.95 8.76 9.13 9.34 9.64 11.24 12.41 13.29 12.56 12.56 15.84 16.57 16.94 16.50 16.50 18.03 17.30 19.13 22.92 21.68 17.96 18.83 19.56 18.32 15.62
0.00 0.00 0.00 0.00 0.00 0.00 0.00 0.00 0.00 0.00 0.00 0.00 0.00 0.00 0.00 0.00 0.00 0.00 0.00 0.00 0.00 0.00 0.00 0.00 0.00 0.00 0.00 4.89 6.06 6.57 7.37 10.80 12.26 10.00 11.17 8.25 13.87 11.10 10.15 9.56 9.93 0.00 0.00 0.00 0.00 0.00 0.00 0.00 0.00 0.00 0.00 0.00 0.00 8.83 10.44 12.92 14.89 16.35 15.55 15.04 13.72 13.65 13.72 13.58 12.48 11.75 14.31 15.26 15.26 18.91 19.78 20.66 20.22 22.05 22.34 21.10 19.64 23.00 21.46 19.20 17.52 15.84 16.94 15.48
0.00 0.00 0.00 0.00 0.00 0.00 0.00 0.00 0.00 0.00 0.00 0.00 0.00 0.00 0.00 0.00 0.00 0.00 0.00 0.00 0.00 0.00 0.00 0.00 0.00 4.74 8.69 9.78 10.44 11.32 15.26 20.37 19.35 16.72 14.97 13.51 9.71 8.03 0.00 0.00 0.00 0.00 0.00 0.00 0.00 0.00 0.00 0.00 0.00 0.00 0.00 0.00 0.00 0.00 2.92 10.29 14.38 11.97 8.18 8.18 11.17 11.90 14.24 16.06 17.67 15.91 13.87 12.48 12.48 16.72 17.74 19.56 20.88 21.97 20.44 18.10 10.88 2.26 1.75 5.40 9.49 8.69 7.96 11.02
0.00 0.00 0.00 0.00 0.00 0.00 0.00 0.00 0.00 0.00 0.00 0.00 0.00 8.98 8.03 9.34 0.00 0.00 0.00 0.00 6.57 8.98 13.58 14.53 12.70 10.80 7.59 8.98 14.31 17.89 21.68 24.60 16.72 17.23 9.86 6.72 2.41 0.00 0.00 0.00 0.00 0.00 0.00 0.00 5.40 6.86 6.35 5.11 5.40 0.00 0.00 4.53 5.77 6.13 8.03 14.38 15.99 9.93 5.84 3.72 3.14 4.60 4.60 7.01 10.88 15.04 15.40 13.58 13.58 15.40 16.28 17.59 13.58 12.05 16.50 17.30 8.25 0.00 0.00 6.57 11.83 12.78 10.73 15.18
0.00 0.00 0.00 0.00 0.00 0.00 0.00 0.00 0.00 0.00 0.00 0.00 0.00 8.98 8.03 9.34 0.00 0.00 0.00 0.00 6.57 8.98 13.58 14.53 12.70 10.80 7.59 8.98 14.31 17.89 21.68 24.60 16.72 17.23 9.86 6.72 2.41 0.00 0.00 0.00 0.00 0.00 0.00 0.00 5.40 6.86 6.35 5.11 5.40 0.00 0.00 4.53 5.77 6.13 8.03 14.38 15.99 9.93 5.84 3.72 3.14 4.60 4.60 7.01 10.88 15.04 15.40 13.58 13.58 15.40 16.28 17.59 13.58 12.05 16.50 17.30 8.25 0.00 0.00 6.57 11.83 12.78 10.73 15.18
0.00 0.00 0.00 0.00 0.00 0.00 0.00 0.00 0.00 0.00 11.97 12.26 12.85 10.29 2.70 4.60 6.72 7.59 7.59 6.72 6.86 6.35 7.08 10.22 13.51 11.90 6.86 6.13 9.64 15.99 19.20 19.71 16.86 12.99 7.52 2.56 0.00 0.00 0.00 0.00 0.00 7.37 8.03 8.03 11.17 17.08 16.79 15.11 15.04 13.07 12.63 13.65 16.28 16.06 15.77 9.49 3.29 3.43 4.60 7.59 11.61 12.19 9.34 7.59 10.22 14.16 14.67 16.79 16.79 19.13 19.64 12.26 5.40 9.86 15.11 13.36 0.00 0.00 0.00 10.07 9.20 5.18 4.89 7.45
0.00 0.00 0.00 0.00 0.00 0.00 0.00 0.00 0.00 11.75 12.92 15.62 18.10 15.26 10.00 8.69 12.19 10.66 10.66 10.07 8.18 3.58 3.36 7.30 11.02 13.21 9.64 8.18 11.46 16.50 19.64 19.49 18.25 18.03 12.70 7.52 4.23 6.72 9.78 12.70 15.33 17.96 21.61 21.61 28.69 30.73 30.30 27.96 21.97 17.08 18.76 22.12 26.50 28.03 25.26 19.13 11.90 9.56 11.83 15.55 20.00 18.76 16.50 12.48 15.04 17.23 14.09 20.73 20.73 21.61 23.07 12.78 7.37 8.91 9.13 6.72 3.43 0.00 0.00 4.16 5.26 4.09 3.50 5.40
0.00 0.00 0.00 0.00 0.00 0.00 0.00 0.00 11.10 15.70 18.03 18.47 17.96 14.82 10.66 12.70 13.94 13.94 13.94 13.80 12.92 7.81 4.96 4.96 9.64 14.09 14.24 14.97 13.94 13.65 20.73 22.92 18.40 18.40 16.43 13.80 7.96 7.08 8.40 8.61 14.53 23.21 31.24 31.24 37.08 37.81 34.02 35.55 35.55 29.42 27.30 28.54 32.49 30.44 29.05 28.32 24.97 20.88 18.91 21.39 23.73 23.29 17.74 15.77 14.45 11.75 20.00 27.96 27.96 23.36 15.04 6.42 4.60 2.34 2.92 0.66 0.00 4.60 4.02 4.38 6.35 4.67 4.16 3.21
0.00 0.00 0.00 0.00 0.00 0.00 0.00 0.00 0.00 23.07 23.80 19.13 16.79 18.10 19.49 19.27 17.81 14.67 14.67 13.58 11.75 11.46 11.17 10.59 14.60 16.79 15.77 15.40 10.29 7.45 13.65 15.04 21.75 18.76 9.49 2.77 0.00 0.00 0.00 0.00 5.55 17.96 31.32 31.32 36.87 36.35 36.35 39.49 44.60 39.13 31.46 29.42 27.67 23.00 25.92 30.37 29.57 26.72 22.70 19.71 20.15 20.00 16.79 16.21 17.89 18.40 23.73 30.88 30.88 10.59 4.09 1.17 1.46 1.24 2.63 3.21 3.50 5.26 6.79 6.35 5.48 4.31 6.64 6.20
0.00 0.00 0.00 0.00 0.00 0.00 0.00 0.00 0.00 0.00 0.00 0.00 0.00 10.44 15.18 20.29 23.73 22.92 22.92 22.05 20.44 18.98 19.93 21.46 23.00 22.05 22.63 20.66 17.16 10.07 0.00 9.49 16.72 18.40 8.47 3.36 0.00 0.00 5.69 8.83 8.32 6.57 12.26 12.26 22.85 20.44 22.85 30.88 26.06 26.06 31.10 35.04 35.77 33.73 31.46 29.49 27.16 26.86 26.28 24.09 22.56 21.10 18.54 16.28 12.99 9.42 14.45 6.72 6.72 3.14 0.80 1.39 1.46 0.00 0.00 0.00 3.43 3.87 3.94 4.02 7.66 5.55 3.58 3.72
0.00 0.00 0.00 0.00 0.00 0.00 0.00 0.00 0.00 0.00 0.00 0.00 0.00 10.44 15.18 20.29 23.73 22.92 22.92 22.05 20.44 18.98 19.93 21.46 23.00 22.05 22.63 20.66 17.16 10.07 0.00 9.49 16.72 18.40 8.47 3.36 0.00 0.00 5.69 8.83 8.32 6.57 12.26 12.26 22.85 20.44 22.85 30.88 26.06 26.06 31.10 35.04 35.77 33.73 31.46 29.49 27.16 26.86 26.28 24.09 22.56 21.10 18.54 16.28 12.99 9.42 14.45 6.72 6.72 3.14 0.80 1.39 1.46 0.00 0.00 0.00 3.43 3.87 3.94 4.02 7.66 5.55 3.58 3.72
0.00 0.00 0.00 0.00 0.00 0.00 0.00 0.00 0.00 0.00 0.00 0.00 0.00 0.00 8.18 12.63 16.57 18.10 18.10 19.64 19.78 17.96 20.37 23.58 26.57 26.86 26.13 24.53 21.02 18.47 7.23 5.26 4.74 3.36 0.00 0.00 0.00 0.00 0.00 3.94 2.63 0.00 2.92 2.92 4.23 4.16 2.19 3.14 4.53 3.43 6.06 8.91 14.45 18.03 18.98 19.49 19.27 16.86 17.96 22.34 23.00 23.29 24.67 23.58 18.91 10.51 9.13 11.10 11.10 13.36 12.70 8.69 7.66 7.59 5.11 4.60 3.80 2.48 2.85 2.92 3.65 3.21 2.19 3.80
0.00 0.00 0.00 0.00 0.00 0.00 0.00 0.00 0.00 0.00 0.00 0.00 0.00 0.00 13.43 14.31 15.55 15.84 15.84 16.06 17.59 19.56 20.29 21.97 23.99 22.83 19.69 17.59 13.21 5.18 0.00 1.10 0.00 0.00 0.00 0.00 2.12 0.00 0.00 0.00 0.00 0.00 0.00 0.00 0.00 0.00 0.00 0.00 0.00 0.00 0.00 0.73 1.31 2.85 2.19 3.21 3.21 0.00 10.80 20.08 21.46 21.83 27.52 28.91 28.84 21.10 12.92 14.31 14.31 24.38 23.87 16.86 12.78 10.73 6.79 4.53 2.19 1.53 1.46 2.85 3.07 1.83 1.83 1.97
0.00 0.00 0.00 0.00 0.00 0.00 0.00 0.00 0.00 0.00 0.00 0.00 0.00 11.46 13.80 18.54 26.57 34.38 34.38 37.60 30.51 21.02 16.72 20.01 29.98 26.74 26.70 25.21 19.27 10.73 3.29 0.00 0.00 0.00 0.00 1.75 2.85 2.99 3.65 0.00 0.00 0.00 0.00 0.00 0.00 0.00 0.00 0.00 0.00 0.00 0.00 0.00 0.00 0.00 0.00 0.00 0.00 0.00 12.26 24.09 20.37 17.37 22.56 23.36 25.48 25.33 22.78 19.49 19.49 18.76 17.01 10.95 7.88 5.26 1.83 3.29 5.04 5.62 4.23 3.21 2.34 0.44 0.00 0.00
0.00 0.00 0.00 0.00 0.00 0.00 0.00 0.00 0.00 0.00 0.00 0.00 0.00 0.00 2.48 5.77 9.34 13.43 13.43 17.52 17.01 13.19 8.65 18.96 24.59 24.28 31.05 30.75 16.18 10.28 4.38 5.55 4.96 0.00 1.39 3.94 3.94 3.36 3.14 3.14 0.00 0.00 0.00 0.00 0.00 0.00 0.00 0.00 0.00 0.00 0.00 0.00 0.00 0.00 0.00 0.00 0.00 0.00 4.82 18.32 22.48 18.91 20.73 20.29 18.91 27.52 29.78 25.62 25.62 22.78 15.91 10.15 8.32 8.69 9.34 8.32 7.81 7.30 7.01 3.58 0.22 0.00 0.00 0.00
0.00 0.00 0.00 0.00 0.00 0.00 0.00 0.00 0.00 0.00 0.00 0.00 0.00 0.00 0.00 0.00 0.00 0.00 0.00 0.00 0.00 0.00 0.00 5.69 9.71 11.02 22.95 9.84 18.62 22.34 13.50 8.32 9.86 5.91 3.36 4.02 2.56 1.75 0.44 0.00 2.19 0.00 0.00 0.00 0.00 0.00 0.00 0.00 0.00 0.00 0.00 0.00 0.00 0.00 0.00 0.00 0.00 0.00 0.00 11.97 21.83 25.70 29.05 23.29 20.51 28.25 32.19 28.40 28.40 25.77 22.48 18.40 14.45 16.28 19.20 12.48 6.42 3.80 3.72 2.92 1.97 3.36 3.94 5.11
0.00 0.00 0.00 0.00 0.00 0.00 0.00 0.00 0.00 0.00 0.00 0.00 0.00 0.00 0.00 0.00 0.00 0.00 0.00 0.00 0.00 0.00 0.00 5.84 9.56 11.02 22.27 9.14 17.40 22.69 13.64 8.67 11.07 6.26 3.44 4.02 2.56 1.75 0.44 0.00 2.19 0.00 0.00 0.00 0.00 0.00 0.00 0.00 0.00 0.00 0.00 0.00 0.00 0.00 0.00 0.00 0.00 0.00 0.00 11.97 21.83 25.70 29.05 23.29 20.51 28.25 32.19 28.40 28.40 25.77 22.48 18.40 14.45 16.28 19.20 12.48 6.42 3.80 3.72 2.92 1.97 3.36 3.94 5.11
0.00 0.00 0.00 0.00 0.00 0.00 0.00 0.00 0.00 0.00 0.00 19.42 9.78 0.00 0.00 0.00 0.00 0.00 0.00 0.00 0.00 0.00 0.00 0.00 0.00 0.00 3.98 0.00 9.56 15.55 10.84 10.06 14.60 16.05 12.27 10.06 5.60 3.29 0.00 0.00 0.00 0.00 0.00 0.00 0.00 0.00 0.00 0.00 0.00 0.00 0.00 0.00 0.00 0.00 0.00 0.00 0.00 0.00 0.00 0.00 9.64 14.45 21.39 31.03 28.47 26.43 25.77 23.58 23.58 20.15 15.91 11.61 9.13 9.93 13.87 12.34 5.18 3.94 6.06 3.94 3.43 4.38 3.07 2.99
0.00 0.00 0.00 0.00 0.00 0.00 0.00 0.00 0.00 0.00 0.00 0.00 0.00 0.00 0.00 0.00 0.00 0.00 0.00 0.00 0.00 0.00 0.00 0.00 0.00 0.00 0.00 0.00 0.00 0.00 0.00 0.00 5.18 12.91 16.80 18.78 14.01 6.31 3.07 3.07 0.00 0.00 0.00 0.00 0.00 0.00 0.00 0.00 0.00 0.00 0.00 0.00 0.00 0.00 0.00 0.00 0.00 0.00 0.00 0.00 0.00 0.00 0.00 23.58 27.45 20.95 19.20 19.13 19.13 14.82 13.29 11.53 10.37 12.78 12.63 9.86 4.96 4.09 4.89 3.94 2.63 2.19 0.44 0.00
0.00 0.00 0.00 0.00 0.00 0.00 0.00 0.00 0.00 0.00 0.00 0.00 0.00 0.00 0.00 0.00 0.00 0.00 0.00 0.00 0.00 0.00 0.00 0.00 0.00 0.00 0.00 0.00 0.00 0.00 0.00 0.00 0.00 0.00 7.84 15.58 18.45 12.41 5.55 5.62 5.40 2.41 1.61 1.61 0.00 0.00 0.00 0.00 0.00 0.00 0.00 0.00 0.00 0.00 0.00 0.00 0.00 0.00 0.00 0.00 0.00 0.00 8.98 18.18 19.35 12.70 9.93 11.17 11.17 7.74 5.33 3.87 3.94 7.01 5.11 5.91 6.72 8.76 9.34 9.93 7.88 6.57 5.40 2.63
0.00 0.00 0.00 0.00 0.00 0.00 0.00 0.00 0.00 0.00 0.00 0.00 0.00 0.00 5.18 8.91 7.37 4.96 4.96 0.00 0.00 0.00 0.00 0.00 0.00 0.00 0.00 0.00 0.00 0.00 0.00 0.00 0.00 0.00 0.00 5.99 12.30 16.79 11.47 7.01 5.48 4.38 2.56 2.56 1.61 0.00 0.00 0.00 0.00 0.00 0.00 0.00 0.00 0.00 0.00 0.00 0.00 0.00 0.00 0.00 0.00 0.00 5.11 7.01 5.91 3.21 5.55 5.04 5.04 2.92 1.90 0.00 0.00 0.00 2.34 4.74 8.83 9.64 11.17 14.02 16.79 17.89 17.23 12.78
0.00 0.00 0.00 0.00 0.00 0.00 0.00 0.00 0.00 0.00 0.00 0.00 0.00 0.00 4.96 4.02 3.07 2.77 2.77 1.61 0.00 0.00 0.00 0.00 0.00 0.00 0.00 0.00 0.00 0.00 0.00 0.00 0.00 0.00 0.00 0.00 0.00 7.59 11.41 7.11 3.23 6.64 5.26 5.26 3.94 3.07 3.50 0.00 0.00 0.00 0.00 0.44 0.00 0.00 0.00 0.00 0.00 0.00 2.19 1.46 0.00 0.00 0.00 3.14 3.21 0.00 2.63 0.00 0.00 2.04 0.00 0.00 1.83 0.00 0.00 0.00 6.13 9.93 10.15 10.59 12.34 14.97 14.82 12.05
11.10 0.00 0.00 0.00 0.00 0.00 0.00 0.00 0.00 0.00 0.00 0.00 0.00 4.53 2.12 0.95 0.00 0.00 0.00 0.00 0.00 0.00 0.00 0.00 0.00 0.00 0.00 0.00 0.00 0.00 0.00 0.00 0.00 0.00 0.00 0.00 0.00 0.00 0.95 2.77 2.36 2.77 4.38 4.38 4.45 2.92 0.00 0.00 0.00 0.00 3.07 0.00 0.00 0.00 0.00 0.00 0.00 2.19 1.97 1.68 4.09 0.00 0.00 0.00 0.00 0.00 1.75 1.90 1.90 0.00 0.00 0.00 0.00 3.80 4.23 4.60 4.60 5.77 4.60 3.29 4.89 10.29 14.31 9.93
11.10 0.00 0.00 0.00 0.00 0.00 0.00 0.00 0.00 0.00 0.00 0.00 0.00 4.53 2.12 0.95 0.00 0.00 0.00 0.00 0.00 0.00 0.00 0.00 0.00 0.00 0.00 0.00 0.00 0.00 0.00 0.00 0.00 0.00 0.00 0.00 0.00 0.00 0.96 2.77 2.34 2.77 4.38 4.38 4.45 2.92 0.00 0.00 0.00 0.00 3.07 0.00 0.00 0.00 0.00 0.00 0.00 2.19 1.97 1.68 4.09 0.00 0.00 0.00 0.00 0.00 1.75 1.90 1.90 0.00 0.00 0.00 0.00 3.80 4.23 4.60 4.60 5.77 4.60 3.29 4.89 10.29 14.31 9.93
0.00 0.00 14.82 0.22 0.00 0.00 0.00 0.00 0.00 0.00 0.00 0.00 3.29 4.67 2.99 2.56 0.00 0.00 0.00 0.00 0.00 0.00 0.00 0.00 0.00 0.00 0.00 0.00 0.00 0.00 0.00 0.00 0.00 0.00 0.00 0.00 5.26 3.50 2.93 3.65 2.04 0.00 0.00 0.00 0.00 0.00 0.00 0.00 0.00 3.43 3.87 2.92 0.00 0.00 0.00 0.00 0.00 0.00 0.00 0.00 0.00 0.00 0.00 0.00 0.00 0.00 3.29 2.92 2.92 0.00 0.00 0.00 0.00 2.26 3.14 2.85 0.00 0.00 0.00 0.00 0.00 0.00 1.90 3.58
