Wansh/Snow_depth/snowdepth-1983/spring/1983065.txt
ncols 321
nrows 161
xllcenter 60
yllcenter 15 
cellsize  0.25 
NODATA_value -1
[rows 0 to 36 of 161, columns 84 to 167 of 321]
20.81 21.39 21.68 22.63 23.43 22.85 20.08 15.99 14.67 15.62 17.23 18.10 19.27 24.45 25.70 24.24 21.68 20.81 20.81 20.44 20.73 18.83 15.26 6.94 4.60 5.18 4.82 4.53 0.00 0.00 4.09 9.93 12.99 13.29 10.37 10.44 11.02 12.48 12.05 11.53 13.58 12.26 12.12 12.12 6.13 4.96 0.00 0.00 0.00 0.00 0.00 0.00 0.00 0.00 0.00 0.00 0.00 0.00 0.00 0.00 0.00 0.00 0.00 0.00 0.00 0.00 0.00 0.00 0.00 8.98 11.61 14.02 15.26 13.58 12.63 13.07 14.67 18.40 20.59 19.13 12.99 9.27 9.05 11.83
19.64 19.27 19.42 21.75 22.19 21.75 21.02 18.40 17.52 15.04 12.56 10.22 11.17 13.51 13.87 18.91 22.63 23.65 23.65 23.65 24.60 24.02 20.15 12.12 8.10 4.74 3.87 0.00 0.00 0.00 0.00 7.81 10.66 8.40 6.86 6.35 6.72 7.52 8.76 10.29 16.94 13.94 19.27 19.27 11.39 0.00 0.00 0.00 0.00 0.00 0.00 0.00 0.00 0.00 5.55 0.00 0.00 0.00 0.00 0.00 0.00 0.00 0.00 8.61 7.23 7.37 8.32 11.24 11.24 12.26 12.12 11.24 11.97 13.51 16.21 18.83 19.93 20.95 20.59 18.61 17.59 16.72 15.91 16.35
20.44 20.73 18.91 17.74 18.91 19.64 20.29 21.32 22.12 19.78 15.77 13.72 10.51 9.13 7.08 5.40 10.80 15.33 15.33 18.03 20.29 23.58 22.85 19.93 14.09 9.05 5.77 5.48 0.00 0.00 0.00 0.00 6.28 6.20 0.00 0.00 5.48 6.79 9.20 11.53 12.63 17.59 20.81 20.81 21.02 0.00 0.00 0.00 0.00 0.00 0.00 3.36 5.04 6.28 8.69 10.29 11.61 13.87 15.40 14.31 13.87 15.33 14.31 13.72 11.68 11.17 13.14 15.55 15.55 15.70 9.93 7.81 8.98 9.05 12.05 16.43 19.56 21.10 21.97 23.14 24.97 24.45 23.58 21.02
20.44 20.73 18.91 17.74 18.91 19.64 20.29 21.32 22.12 19.78 15.77 13.72 10.51 9.13 7.08 5.40 10.80 15.33 15.33 18.03 20.29 23.58 22.85 19.93 14.09 9.05 5.77 5.48 0.00 0.00 0.00 0.00 6.28 6.20 0.00 0.00 5.48 6.79 9.20 11.53 12.63 17.59 20.81 20.81 21.02 0.00 0.00 0.00 0.00 0.00 0.00 3.36 5.04 6.28 8.69 10.29 11.61 13.87 15.40 14.31 13.87 15.33 14.31 13.72 11.68 11.17 13.14 15.55 15.55 15.70 9.93 7.81 8.98 9.05 12.05 16.43 19.56 21.10 21.97 23.14 24.97 24.45 23.58 21.02
16.86 15.77 14.02 13.29 16.21 16.64 17.37 18.18 19.78 20.44 17.23 14.38 12.78 11.10 8.69 6.28 7.23 6.06 6.06 7.88 13.43 13.21 21.10 24.67 19.78 15.48 10.00 6.86 0.00 0.00 0.00 0.00 0.00 0.00 12.19 11.17 9.78 10.07 10.51 9.13 7.96 10.80 13.94 13.94 16.57 19.05 0.00 0.00 0.00 0.00 6.13 0.00 0.00 3.43 3.80 5.33 6.13 8.54 11.61 14.45 16.13 18.76 15.55 13.36 11.53 11.97 13.58 14.16 14.16 13.72 11.90 11.02 10.15 10.29 13.51 17.89 21.10 22.12 21.53 21.46 20.22 20.44 18.83 18.61
20.15 20.37 19.35 18.47 16.57 14.24 12.56 11.75 13.58 15.11 14.82 16.50 15.77 15.48 16.72 20.08 18.61 14.31 14.31 5.62 4.45 2.70 7.88 15.11 18.54 17.89 0.00 0.00 0.00 0.00 0.00 0.00 0.00 0.00 12.34 12.41 7.01 3.14 5.04 4.23 9.78 12.26 12.19 12.19 11.90 14.67 20.22 26.28 0.00 0.00 0.00 0.00 0.00 0.00 4.74 4.53 5.40 6.50 7.23 11.46 15.40 18.25 19.35 21.39 18.54 9.71 6.79 7.45 7.45 8.69 7.59 9.42 11.53 11.46 10.37 9.78 10.44 11.61 13.94 18.25 20.81 23.14 22.05 21.46
23.07 23.51 21.68 21.90 20.81 19.86 17.30 16.35 16.43 15.55 14.60 15.11 14.60 16.06 16.94 18.18 17.74 17.01 17.01 18.25 14.82 9.64 6.35 9.49 0.00 0.00 0.00 0.00 0.00 0.00 0.00 0.00 0.00 0.00 0.00 11.17 7.37 3.50 5.18 4.74 7.66 11.32 16.13 16.13 16.06 18.25 21.97 0.00 0.00 0.00 0.00 6.64 5.77 6.50 7.30 10.29 12.26 15.70 15.84 14.24 15.91 19.49 23.87 24.02 22.85 19.78 15.84 10.29 10.29 8.03 12.34 14.82 16.06 16.79 15.55 16.13 15.26 13.43 10.80 10.15 15.48 20.88 21.75 23.94
23.07 23.51 21.68 21.90 20.81 19.86 17.30 16.35 16.43 15.55 14.60 15.11 14.60 16.06 16.94 18.18 17.74 17.01 17.01 18.25 14.82 9.64 6.35 9.49 0.00 0.00 0.00 0.00 0.00 0.00 0.00 0.00 0.00 0.00 0.00 11.17 7.37 3.50 5.18 4.74 7.66 11.32 16.13 16.13 16.06 18.25 21.97 0.00 0.00 0.00 0.00 6.64 5.77 6.50 7.30 10.29 12.26 15.70 15.84 14.24 15.91 19.49 23.87 24.02 22.85 19.78 15.84 10.29 10.29 8.03 12.34 14.82 16.06 16.79 15.55 16.13 15.26 13.43 10.80 10.15 15.48 20.88 21.75 23.94
20.08 18.18 15.62 16.43 17.30 17.37 13.51 13.87 13.58 13.65 11.39 7.52 7.96 9.64 16.50 17.45 17.23 17.23 17.23 18.61 19.35 19.27 14.60 0.00 0.00 0.00 0.00 0.00 0.00 0.00 0.00 0.00 0.00 0.00 13.14 12.92 9.05 7.88 0.00 9.05 0.00 9.27 12.85 12.85 0.00 0.00 0.00 0.00 0.00 0.00 0.00 6.94 4.09 5.40 5.77 7.81 9.05 9.78 12.99 14.24 15.62 17.01 18.91 20.81 21.75 22.34 19.93 19.13 19.13 17.81 18.47 20.00 18.03 15.99 18.61 19.93 17.01 14.67 13.87 12.41 11.75 12.63 15.40 18.40
19.71 17.16 14.89 14.38 14.02 13.94 12.92 12.70 12.78 12.56 9.78 8.10 8.69 10.95 16.79 17.89 17.23 16.72 16.72 16.94 19.35 20.44 0.00 0.00 0.00 0.00 0.00 0.00 0.00 0.00 0.00 0.00 0.00 0.00 0.00 0.00 0.00 0.00 0.00 0.00 0.00 5.26 4.89 4.89 0.00 0.00 0.00 6.57 9.42 10.66 13.14 18.18 18.10 13.72 11.68 10.15 10.00 9.20 9.49 10.88 12.63 14.02 14.60 14.45 15.48 16.94 16.35 16.28 16.28 16.21 16.06 17.74 19.42 17.59 14.75 16.21 19.42 21.24 21.61 17.45 12.63 10.51 12.05 13.29
16.94 14.53 13.72 14.02 13.07 11.90 8.91 7.81 9.93 11.24 9.86 10.80 13.80 14.38 16.79 22.85 17.37 19.56 19.56 19.05 20.59 16.94 0.00 0.00 0.00 0.00 0.00 0.00 0.00 0.00 0.00 0.00 0.00 0.00 0.00 0.00 0.00 0.00 0.00 0.00 7.37 8.32 9.20 9.20 9.20 7.88 9.13 11.97 13.80 11.46 14.45 16.21 16.06 13.43 10.59 12.63 14.67 14.45 13.14 10.29 11.75 12.70 11.68 12.92 14.67 18.47 21.75 24.45 24.45 24.67 22.27 19.78 21.46 20.44 15.40 14.45 18.25 22.19 21.02 15.40 12.05 12.85 11.97 12.19
16.94 14.53 13.72 14.02 13.07 11.90 8.91 7.81 9.93 11.24 9.86 10.80 13.80 14.38 16.79 22.85 17.37 19.56 19.56 19.05 20.59 16.94 0.00 0.00 0.00 0.00 0.00 0.00 0.00 0.00 0.00 0.00 0.00 0.00 0.00 0.00 0.00 0.00 0.00 0.00 7.37 8.32 9.20 9.20 9.20 7.88 9.13 11.97 13.80 11.46 14.45 16.21 16.06 13.43 10.59 12.63 14.67 14.45 13.14 10.29 11.75 12.70 11.68 12.92 14.67 18.47 21.75 24.45 24.45 24.67 22.27 19.78 21.46 20.44 15.40 14.45 18.25 22.19 21.02 15.40 12.05 12.85 11.97 12.19
15.11 14.82 12.12 8.76 5.11 2.12 1.39 3.21 3.29 3.65 6.35 15.04 20.22 23.36 18.47 18.47 20.66 21.68 21.68 0.00 0.00 0.00 0.00 0.00 0.00 0.00 0.00 0.00 0.00 0.00 0.00 0.00 7.66 7.52 8.10 10.44 12.48 11.32 9.05 11.02 13.43 15.26 12.63 12.63 12.63 8.91 9.78 12.05 13.51 16.28 20.44 22.56 19.35 16.43 15.70 17.89 21.46 24.75 24.67 18.54 15.26 13.94 13.58 14.31 16.72 15.99 18.83 21.68 21.68 23.51 26.28 24.75 23.29 21.53 20.29 18.83 18.91 21.61 21.97 20.22 19.56 19.05 18.10 20.37
18.10 13.80 5.26 0.00 0.00 0.00 0.00 2.56 3.50 5.26 7.52 10.59 14.31 15.70 17.81 17.37 18.10 0.00 0.00 0.00 0.00 0.00 0.00 0.00 0.00 0.00 0.00 0.00 9.71 12.85 14.89 16.57 20.51 16.13 15.48 16.35 19.86 17.89 16.43 15.48 13.58 12.70 9.20 9.20 10.88 12.48 14.67 17.23 14.45 15.26 16.35 17.81 18.61 19.86 20.15 20.88 21.97 20.00 18.47 17.81 18.98 20.22 22.05 21.61 21.17 20.73 21.24 23.29 23.29 25.99 28.40 27.67 28.32 25.77 23.87 21.53 18.91 16.72 18.10 16.72 16.21 20.81 14.67 18.25
12.19 5.18 2.26 1.46 1.39 1.02 0.44 1.90 4.96 10.15 14.09 14.24 15.11 0.00 0.00 17.23 16.94 0.00 0.00 0.00 0.00 0.00 0.00 0.00 0.00 0.00 10.59 14.45 17.23 18.91 23.65 27.67 23.65 19.64 18.83 15.04 16.57 14.02 14.16 13.80 12.99 13.65 12.85 12.85 14.16 17.52 22.63 19.71 17.52 17.23 16.35 16.79 19.78 22.85 25.55 29.05 29.71 23.73 15.11 10.29 11.61 14.45 17.23 19.56 21.10 20.08 19.27 18.18 18.18 21.97 23.14 21.39 20.44 19.49 18.91 18.83 8.98 0.00 0.00 5.33 10.15 14.38 13.14 15.18
6.72 8.69 10.59 12.05 11.17 7.74 6.50 7.45 7.30 8.10 10.44 12.19 12.26 0.00 0.00 0.00 0.00 0.00 0.00 0.00 0.00 0.00 0.00 15.33 16.06 14.67 11.32 13.36 16.94 19.64 23.00 25.04 19.93 14.67 12.85 14.24 16.43 19.71 20.95 18.83 18.61 16.72 16.43 16.43 15.11 15.04 15.26 13.65 14.38 17.67 18.25 17.30 17.23 21.83 25.40 29.49 27.59 21.39 14.31 9.34 8.83 9.05 8.25 9.64 14.24 18.47 19.64 18.91 18.91 20.66 23.21 21.53 14.24 12.85 15.77 17.96 6.79 0.00 0.00 4.60 16.06 15.40 13.58 17.89
6.72 8.69 10.59 12.05 11.17 7.74 6.50 7.45 7.30 8.10 10.44 12.19 12.26 0.00 0.00 0.00 0.00 0.00 0.00 0.00 0.00 0.00 0.00 15.33 16.06 14.67 11.32 13.36 16.94 19.64 23.00 25.04 19.93 14.67 12.85 14.24 16.43 19.71 20.95 18.83 18.61 16.72 16.43 16.43 15.11 15.04 15.26 13.65 14.38 17.67 18.25 17.30 17.23 21.83 25.40 29.49 27.59 21.39 14.31 9.34 8.83 9.05 8.25 9.64 14.24 18.47 19.64 18.91 18.91 20.66 23.21 21.53 14.24 12.85 15.77 17.96 6.79 0.00 0.00 4.60 16.06 15.40 13.58 17.89
0.29 2.04 4.89 7.81 11.10 9.42 4.60 5.99 5.69 0.00 11.39 11.02 0.00 0.00 13.29 12.34 14.97 14.53 14.53 13.65 12.56 9.86 8.91 11.97 15.99 15.18 11.53 10.07 11.75 14.75 18.61 21.68 22.19 17.74 13.21 13.14 15.18 17.67 15.77 17.08 16.21 17.16 17.30 17.30 17.52 21.53 21.02 18.47 18.32 18.69 17.96 19.20 20.22 20.37 19.13 19.71 18.40 14.89 11.24 13.14 18.98 16.86 13.51 12.56 14.38 17.81 19.49 22.63 22.63 25.48 23.00 15.99 11.97 12.70 13.58 12.99 6.64 0.00 3.50 5.69 9.49 8.54 9.78 11.46
15.99 17.01 18.83 19.56 18.40 15.40 8.61 7.23 6.79 8.91 8.91 13.87 19.86 25.04 21.68 20.00 21.17 18.47 18.47 18.10 15.26 11.32 8.69 10.80 15.11 17.01 15.99 14.53 14.45 17.23 20.00 23.43 28.62 27.30 17.89 14.89 14.09 12.26 12.56 15.91 18.98 23.00 24.60 24.60 26.21 27.74 25.40 21.90 20.29 20.22 21.46 21.90 22.05 20.00 17.81 16.35 16.57 16.21 17.96 21.10 24.38 22.85 19.78 17.01 17.30 18.47 21.53 27.01 27.01 29.05 25.19 17.59 12.70 11.61 10.59 8.47 7.30 0.00 0.00 9.42 10.37 10.88 10.15 9.64
7.74 10.07 13.14 19.20 23.07 21.90 18.03 12.26 10.80 12.12 16.13 16.50 16.43 19.49 19.35 19.13 20.66 21.75 21.75 22.27 20.66 17.01 11.46 11.90 16.64 18.61 19.86 19.64 20.37 16.35 21.02 26.28 25.19 19.49 20.51 18.76 11.17 9.34 10.22 13.14 20.08 27.52 32.85 32.85 34.82 31.76 23.00 20.81 23.14 25.33 21.90 22.19 21.02 17.45 16.35 17.37 18.18 18.91 19.56 22.63 27.38 27.67 22.48 18.47 17.37 20.00 26.06 30.00 30.00 23.58 14.82 11.53 10.22 11.24 10.00 8.03 13.80 12.78 11.17 11.24 11.24 11.02 11.90 11.39
4.82 6.42 9.42 10.59 16.50 17.16 16.72 15.04 13.80 13.07 19.56 20.44 20.88 20.37 16.72 16.79 19.27 20.37 20.37 21.17 20.22 19.20 18.61 18.98 18.61 22.27 22.34 16.35 12.78 12.99 15.11 19.42 24.82 23.07 16.28 8.76 6.13 7.01 8.98 14.60 18.25 23.58 28.69 28.69 32.41 32.92 28.69 29.93 29.93 28.54 26.79 26.43 24.82 20.15 19.13 24.38 23.51 20.81 19.78 19.42 20.88 21.32 21.17 20.44 21.32 22.85 22.70 18.83 18.83 12.05 6.86 6.72 10.00 10.80 7.37 7.96 10.73 11.53 9.86 10.66 12.85 12.70 13.21 12.56
4.96 5.62 7.52 6.86 6.13 7.37 12.78 18.25 17.52 27.81 30.51 32.63 35.41 32.12 25.19 21.53 23.36 22.63 22.63 24.45 29.27 28.40 26.28 28.47 29.20 28.69 27.96 25.55 21.02 15.62 11.10 10.51 16.43 21.83 13.43 6.94 0.00 2.70 8.76 16.06 15.70 12.99 11.90 11.90 17.37 21.75 18.61 18.40 22.19 22.34 25.99 29.05 30.88 30.88 27.74 26.57 24.16 20.44 18.91 18.40 18.76 20.88 23.07 21.53 20.22 19.49 16.57 13.36 13.36 7.96 6.94 7.52 7.74 7.52 5.11 6.20 9.05 12.92 10.07 10.66 12.78 12.12 11.10 11.75
4.96 5.62 7.52 6.86 6.13 7.37 12.78 18.25 17.52 27.81 30.51 32.63 35.41 32.12 25.19 21.53 23.36 22.63 22.63 24.45 29.27 28.40 26.28 28.47 29.20 28.69 27.96 25.55 21.02 15.62 11.10 10.51 16.43 21.83 13.43 6.94 0.00 2.70 8.76 16.06 15.70 12.99 11.90 11.90 17.37 21.75 18.61 18.40 22.19 22.34 25.99 29.05 30.88 30.88 27.74 26.57 24.16 20.44 18.91 18.40 18.76 20.88 23.07 21.53 20.22 19.49 16.57 13.36 13.36 7.96 6.94 7.52 7.74 7.52 5.11 6.20 9.05 12.92 10.07 10.66 12.78 12.12 11.10 11.75
2.41 2.04 3.80 7.66 10.59 9.20 15.40 17.74 25.33 28.25 31.03 33.73 34.89 36.72 35.04 30.08 28.25 26.65 26.65 23.58 23.87 25.55 26.13 28.62 30.88 30.30 26.65 24.38 19.05 13.07 8.54 5.99 9.13 7.81 7.88 6.13 3.94 5.11 7.66 11.32 11.83 8.25 8.76 8.76 12.70 11.53 11.75 12.34 11.24 13.36 14.09 15.11 15.77 18.25 20.81 21.39 19.05 16.35 17.08 19.13 21.97 23.21 24.31 24.82 22.85 18.76 17.08 19.93 19.93 23.29 19.78 13.80 12.12 12.85 9.71 7.74 8.18 8.40 7.74 8.03 10.51 10.37 10.37 12.05
3.29 3.80 6.13 12.56 13.80 20.08 25.55 21.53 33.14 31.61 27.67 27.89 28.47 27.74 26.35 26.79 26.43 27.08 27.08 26.28 24.02 28.47 29.13 29.57 28.25 29.28 24.63 22.92 19.05 12.26 7.30 5.04 5.33 3.21 0.00 0.00 3.43 6.35 8.03 8.25 9.34 8.91 8.83 8.83 10.44 11.46 13.29 13.58 9.20 6.72 9.93 12.85 12.56 12.56 12.78 13.51 13.29 10.73 13.36 19.20 20.51 22.63 26.35 28.69 28.69 25.26 19.93 23.73 23.73 28.32 27.96 18.98 16.50 13.94 12.05 6.94 6.42 5.62 6.28 11.90 13.21 10.07 9.49 10.59
11.02 15.04 20.29 23.58 27.96 32.63 33.73 31.54 32.70 29.35 24.38 19.20 14.16 12.34 14.31 21.90 28.84 33.87 33.87 36.35 34.53 33.73 33.00 33.22 36.28 32.33 32.24 32.36 28.54 21.32 13.87 8.98 6.50 4.45 0.00 0.00 4.23 5.33 6.57 8.61 9.05 7.74 5.48 5.48 7.23 10.44 14.60 14.60 10.51 7.30 7.45 9.34 11.53 12.78 10.73 9.93 10.95 13.72 16.79 22.85 23.73 21.17 22.63 23.36 24.75 25.26 25.26 25.77 25.77 24.31 22.27 17.08 14.02 11.02 7.23 7.96 9.13 8.40 9.27 10.59 7.81 6.79 7.59 8.76
18.91 17.96 18.32 23.21 27.59 30.22 31.97 31.83 29.86 25.92 18.03 7.01 0.00 2.77 6.94 16.43 25.33 28.69 28.69 22.78 23.87 20.83 27.24 32.36 32.76 32.76 34.61 33.33 31.98 25.33 16.50 17.52 13.43 6.94 4.45 5.18 6.57 6.57 5.62 6.06 8.40 7.88 5.55 5.55 4.38 6.06 10.15 12.85 9.64 8.69 8.32 8.83 9.13 9.56 9.05 7.96 8.98 11.32 13.94 21.46 24.82 23.00 23.51 22.27 20.37 26.43 32.19 29.57 29.57 25.55 22.70 17.96 16.94 15.11 16.72 18.76 14.60 10.07 10.44 8.54 5.04 7.88 10.80 11.68
19.49 16.86 21.24 25.55 29.42 27.67 22.85 24.24 21.17 18.25 12.85 7.23 0.00 2.41 0.00 3.72 4.16 4.96 4.96 4.05 0.00 5.26 10.99 19.35 27.20 28.54 32.81 35.63 39.62 37.24 30.45 23.87 20.66 15.26 13.94 14.31 9.42 6.35 2.92 0.00 5.84 10.59 8.98 8.98 6.42 6.35 8.61 10.80 11.61 11.68 10.66 9.64 6.57 4.89 7.37 6.86 5.55 5.99 10.80 18.91 25.48 29.20 32.05 26.65 23.07 27.30 31.03 31.10 31.10 26.79 24.82 21.39 20.00 18.98 22.48 20.73 13.58 8.32 11.68 8.69 5.84 9.93 9.93 11.24
19.49 16.86 21.24 25.55 29.42 27.67 22.85 24.24 21.17 18.25 12.85 7.23 0.00 2.41 0.00 3.72 4.16 4.96 4.99 4.18 0.00 5.63 10.71 19.84 26.79 28.54 31.83 33.11 37.02 37.81 30.76 24.87 23.21 16.14 14.30 14.31 9.42 6.35 2.92 0.00 5.84 10.59 8.98 8.98 6.42 6.35 8.61 10.80 11.61 11.68 10.66 9.64 6.57 4.89 7.37 6.86 5.55 5.99 10.80 18.91 25.48 29.20 32.05 26.65 23.07 27.30 31.03 31.10 31.10 26.79 24.82 21.39 20.00 18.98 22.48 20.73 13.58 8.32 11.68 8.69 5.84 9.93 9.93 11.24
19.71 18.91 19.20 23.36 26.72 22.12 22.12 21.17 22.56 18.98 14.09 14.45 13.87 10.59 0.00 0.00 0.00 0.00 0.00 0.00 0.00 0.00 0.00 3.04 6.21 11.87 19.84 27.29 32.12 35.58 30.23 24.59 28.27 33.13 22.80 20.12 10.62 6.57 7.01 4.74 3.43 7.08 10.15 10.15 9.13 8.98 14.75 18.25 15.33 10.59 7.96 7.01 4.53 2.48 2.41 2.92 2.19 3.58 5.04 12.05 18.76 22.85 29.20 32.70 28.98 25.19 26.28 26.72 26.72 21.97 18.83 17.37 16.06 17.01 20.44 20.37 12.26 12.34 13.87 10.59 7.96 7.01 6.42 5.69
17.59 15.62 15.26 17.59 17.16 17.16 20.59 25.04 28.25 26.06 22.92 18.69 17.59 19.05 18.83 19.86 20.59 14.02 14.02 6.82 0.00 0.00 2.04 2.41 1.10 0.15 0.00 9.61 23.17 32.59 27.67 23.51 22.85 28.64 30.75 32.04 26.31 9.24 5.26 5.33 3.87 3.50 5.62 5.62 8.69 9.78 11.24 13.80 16.35 15.40 12.34 9.13 6.06 5.11 2.63 1.90 3.14 0.00 0.00 5.11 7.45 12.70 22.27 29.05 27.89 22.63 18.47 19.78 19.78 16.64 14.02 15.48 17.08 17.45 17.74 15.26 11.61 12.92 12.85 8.98 8.32 7.88 6.86 6.94
13.87 14.89 16.13 15.62 12.05 10.44 13.14 18.32 18.76 16.94 16.72 13.87 10.59 8.47 9.93 12.63 8.25 6.50 6.50 0.00 0.00 0.00 2.92 3.14 1.83 0.00 0.00 0.00 11.74 15.83 25.11 26.13 28.32 28.69 26.13 29.20 34.90 24.38 14.16 11.39 8.40 5.69 4.60 4.60 7.30 10.44 9.56 10.15 12.63 18.32 20.08 16.50 12.99 11.24 9.71 7.59 5.91 3.80 0.00 0.00 3.07 6.28 13.14 18.40 17.67 14.38 12.85 12.48 12.48 8.47 6.64 6.86 10.44 10.44 12.56 13.94 16.50 15.84 14.60 13.51 14.75 15.84 16.28 16.79
7.59 6.50 8.54 2.12 5.91 12.26 14.38 18.10 20.59 17.16 13.87 11.97 10.95 9.27 10.37 10.37 7.81 5.04 5.04 4.09 2.48 0.00 1.97 2.12 2.70 2.04 0.00 0.00 7.59 5.69 11.10 18.69 26.79 28.91 26.13 26.57 28.98 28.37 20.71 13.64 12.12 8.61 6.06 6.06 5.26 5.55 8.10 10.80 12.92 13.87 15.91 15.26 14.24 14.53 11.83 7.01 3.65 3.87 4.23 2.92 0.00 4.23 7.01 8.98 8.91 7.52 8.91 7.66 7.66 5.99 7.66 0.00 0.00 5.11 7.15 13.21 14.24 16.72 17.96 19.64 20.15 20.88 22.78 21.68
0.00 6.94 6.50 3.58 0.00 0.00 0.00 0.00 11.80 16.21 17.74 17.96 14.24 10.59 8.91 4.82 0.00 0.00 0.00 0.00 2.41 7.52 11.32 12.92 13.87 13.94 10.66 7.74 7.88 0.00 0.00 5.48 15.99 28.91 29.57 21.83 23.36 21.10 18.23 13.18 7.34 7.52 7.01 7.01 5.55 4.60 5.99 6.50 7.37 7.59 9.42 10.59 12.41 16.57 16.86 9.20 4.82 4.96 4.60 5.40 4.60 3.94 3.36 2.26 0.00 0.00 2.99 0.00 0.00 0.00 0.00 0.00 3.43 6.57 13.80 20.95 22.56 23.94 20.22 17.67 18.32 20.37 21.32 19.49
0.00 0.00 0.00 0.00 0.00 8.25 9.27 0.00 0.00 0.00 10.80 13.36 10.51 6.50 4.53 0.00 0.00 0.00 0.00 1.24 3.58 9.49 15.91 19.20 22.19 23.80 20.37 16.06 9.63 8.47 4.61 0.00 4.67 15.04 14.45 6.86 9.34 8.70 8.83 7.66 4.57 4.16 6.35 6.35 5.40 3.50 3.87 5.11 5.77 5.69 5.26 4.38 4.02 6.57 9.13 8.61 6.13 4.96 6.64 7.88 4.89 2.85 2.26 2.41 0.00 3.29 2.70 0.00 0.00 0.00 0.00 0.00 0.66 3.94 13.87 19.27 24.82 26.35 21.75 19.35 16.86 16.57 14.97 11.02
0.00 0.00 0.00 0.00 0.00 8.25 9.27 0.00 0.00 0.00 10.80 13.36 10.51 6.50 4.53 0.00 0.00 0.00 0.00 1.24 3.58 9.49 15.91 19.20 22.19 23.80 20.37 16.06 9.49 8.18 4.45 0.00 4.53 15.04 14.53 6.90 9.34 8.66 8.92 7.66 4.53 4.16 6.35 6.35 5.40 3.50 3.87 5.11 5.77 5.69 5.26 4.38 4.02 6.57 9.13 8.61 6.13 4.96 6.64 7.88 4.89 2.85 2.26 2.41 0.00 3.29 2.70 0.00 0.00 0.00 0.00 0.00 0.66 3.94 13.87 19.27 24.82 26.35 21.75 19.35 16.86 16.57 14.97 11.02
0.00 0.00 0.00 0.00 10.80 21.90 23.65 16.01 5.78 5.62 7.52 8.47 7.52 6.13 4.67 0.00 0.00 0.00 0.00 0.00 0.00 4.02 8.32 14.97 20.22 22.92 24.75 24.45 22.56 15.04 7.30 3.21 2.99 3.65 4.67 4.89 4.23 4.38 5.43 4.23 2.56 0.00 1.46 1.46 3.07 2.99 3.50 5.11 6.20 6.50 5.18 3.72 0.00 3.58 3.43 3.94 4.45 3.29 6.79 9.64 8.91 2.04 0.00 4.09 2.04 0.00 0.00 1.75 1.75 1.97 0.00 0.00 0.00 1.75 0.00 3.43 7.96 14.67 20.37 22.27 19.71 15.26 12.41 11.24
