Wansh/Snow_depth/snowdepth-1983/spring/1983081.txt
ncols 321
nrows 161
xllcenter 60
yllcenter 15 
cellsize  0.25 
NODATA_value -1
[rows 0 to 36 of 161, columns 166 to 248 of 321]
10.15 12.19 10.88 9.05 7.59 8.98 9.13 0.00 0.00 5.77 6.72 6.72 6.28 6.50 8.25 7.81 6.64 0.00 7.88 10.44 14.45 15.77 12.26 9.27 9.71 8.98 7.45 7.37 9.27 6.50 0.00 0.00 3.14 7.37 12.19 17.81 16.94 16.94 14.67 15.91 18.76 16.35 10.37 8.76 8.83 8.83 8.25 10.44 13.43 15.40 11.32 9.13 9.34 10.95 11.17 8.76 6.50 10.44 15.91 17.45 16.64 13.58 13.58 13.51 16.94 21.02 24.53 23.29 23.73 21.61 17.89 17.16 17.01 17.52 17.81 17.74 18.18 18.03 17.67 20.95 20.88 20.44 20.44
14.53 13.58 10.80 0.00 7.15 8.98 8.69 0.00 0.00 0.00 7.88 7.88 9.13 9.42 10.00 9.05 8.40 8.76 7.96 10.66 14.16 13.14 11.17 9.64 9.93 10.15 7.08 3.43 1.97 0.00 0.00 0.00 0.00 8.47 15.04 16.35 14.53 14.53 9.71 12.85 17.81 17.01 10.95 7.37 7.81 10.66 11.46 11.10 9.20 8.03 7.23 5.40 4.45 5.77 9.64 11.97 10.95 12.70 17.81 21.17 19.56 17.81 17.81 21.83 22.19 24.09 21.83 18.25 18.10 19.64 19.86 19.27 19.20 19.27 18.83 17.23 15.91 16.79 18.91 21.53 20.08 20.22 17.81
20.73 19.05 15.99 0.00 0.00 13.65 14.09 8.47 5.84 6.64 9.13 9.13 10.29 9.93 9.49 8.69 9.34 9.78 11.10 13.14 14.82 13.80 12.99 10.51 9.20 9.05 6.13 1.75 0.00 0.00 0.00 0.00 0.66 10.07 14.75 16.57 12.34 12.34 12.70 15.26 18.91 18.47 10.59 7.96 8.03 8.54 7.23 4.53 2.70 3.21 4.74 0.00 0.00 0.00 8.10 11.53 13.29 10.51 9.34 12.48 17.52 18.76 18.76 19.27 20.15 18.83 14.16 12.85 13.80 15.99 18.83 20.44 20.95 20.73 20.81 20.00 19.20 19.05 20.08 16.72 16.43 17.23 15.18
20.73 19.05 15.99 0.00 0.00 13.65 14.09 8.47 5.84 6.64 9.13 9.13 10.29 9.93 9.49 8.69 9.34 9.78 11.10 13.14 14.82 13.80 12.99 10.51 9.20 9.05 6.13 1.75 0.00 0.00 0.00 0.00 0.66 10.07 14.75 16.57 12.34 12.34 12.70 15.26 18.91 18.47 10.59 7.96 8.03 8.54 7.23 4.53 2.70 3.21 4.74 0.00 0.00 0.00 8.10 11.53 13.29 10.51 9.34 12.48 17.52 18.76 18.76 19.27 20.15 18.83 14.16 12.85 13.80 15.99 18.83 20.44 20.95 20.73 20.81 20.00 19.20 19.05 20.08 16.72 16.43 17.23 15.18
24.24 20.29 18.25 14.24 17.08 18.98 17.52 11.75 7.45 5.69 7.74 7.74 10.00 10.00 9.20 10.66 12.19 15.55 20.29 18.03 13.65 13.36 13.94 14.38 9.78 8.10 4.89 0.00 0.00 0.00 0.00 0.00 4.23 11.39 14.16 12.26 13.65 13.65 14.97 17.74 12.99 8.03 5.69 4.02 3.65 2.04 1.31 0.00 0.00 0.00 0.00 0.00 0.00 4.67 7.08 11.61 0.00 8.32 5.62 7.45 13.65 14.45 14.45 16.06 15.33 13.07 11.24 12.26 13.72 14.02 15.04 15.04 15.33 16.43 17.52 16.64 15.84 14.60 14.97 11.17 10.51 11.75 13.14
21.68 21.75 21.53 22.12 22.41 21.32 21.97 18.25 12.56 8.32 8.83 8.83 12.05 13.43 14.16 14.97 14.89 18.32 21.83 17.45 11.68 10.88 13.07 7.37 0.00 0.00 0.00 0.00 0.00 0.00 0.00 6.64 9.64 8.47 8.91 9.78 14.75 14.75 15.55 9.05 4.67 1.83 1.61 1.02 0.44 1.97 2.04 3.65 5.26 4.89 5.77 6.86 8.83 10.59 10.00 7.45 5.62 6.06 6.42 9.56 10.07 13.94 13.94 17.89 16.72 12.41 9.42 7.08 7.88 9.27 11.53 10.95 11.46 12.56 13.94 14.53 14.24 12.34 6.72 0.00 10.22 11.97 11.17
23.43 24.82 26.57 25.04 21.53 20.29 20.59 21.53 19.56 19.27 15.18 15.18 13.14 14.97 16.72 16.28 16.79 19.35 15.40 10.29 7.88 0.00 3.58 0.00 0.00 0.00 0.00 0.00 0.00 4.23 6.94 9.42 11.97 11.39 14.24 18.47 15.62 15.62 10.00 3.65 0.00 0.37 0.58 1.17 1.61 2.92 4.38 4.23 3.94 4.38 5.91 7.23 8.03 8.69 6.35 0.00 0.00 5.62 9.20 9.05 9.13 10.88 10.88 12.05 11.68 9.42 8.83 7.15 5.91 8.40 8.54 7.01 7.52 7.45 9.05 10.29 9.78 8.91 8.47 9.27 0.00 7.98 0.00
23.43 24.82 26.57 25.04 21.53 20.29 20.59 21.53 19.56 19.27 15.18 15.18 13.14 14.97 16.72 16.28 16.79 19.35 15.40 10.29 7.88 0.00 3.58 0.00 0.00 0.00 0.00 0.00 0.00 4.23 6.94 9.42 11.97 11.39 14.24 18.47 15.62 15.62 10.00 3.65 0.00 0.37 0.58 1.17 1.61 2.92 4.38 4.23 3.94 4.38 5.91 7.23 8.03 8.69 6.35 0.00 0.00 5.62 9.20 9.05 9.13 10.88 10.88 12.05 11.68 9.42 8.83 7.15 5.91 8.40 8.54 7.01 7.52 7.45 9.05 10.29 9.78 10.30 11.68 13.34 0.00 13.57 0.00
17.52 21.17 27.23 30.08 25.40 19.86 18.47 19.42 20.37 20.95 16.86 16.86 13.58 17.96 20.95 21.10 19.42 17.30 10.37 7.59 6.13 0.00 0.00 0.00 0.00 0.00 0.00 0.00 1.90 6.20 7.66 0.00 10.37 13.80 15.62 17.59 16.79 16.79 9.42 2.56 1.02 1.17 1.68 1.61 2.41 3.65 4.38 3.65 5.04 8.98 12.34 11.90 6.35 3.21 0.00 0.00 0.00 7.15 7.88 8.61 9.20 9.34 9.34 8.98 8.98 10.07 9.71 9.34 9.56 9.34 9.42 8.69 9.78 11.10 9.05 9.48 11.68 0.00 11.61 10.40 0.00 15.90 12.27
10.80 13.65 19.93 22.92 24.24 19.71 11.97 10.15 11.46 12.63 15.11 15.11 20.81 22.70 19.56 16.13 12.05 9.42 6.28 7.45 0.00 0.00 0.00 0.00 0.00 0.00 0.80 4.16 8.47 10.95 10.88 12.70 11.90 12.12 10.80 9.93 9.42 9.42 6.35 3.36 2.70 4.23 4.16 4.16 4.16 4.60 4.45 4.74 8.69 13.80 13.29 9.20 5.48 0.00 0.00 0.00 2.56 2.19 3.50 5.11 7.30 7.45 7.45 8.18 9.56 11.17 11.97 11.46 10.44 11.32 11.75 11.17 11.02 10.44 8.82 10.12 13.45 13.63 17.14 15.39 19.04 16.60 14.71
11.39 10.88 9.56 8.61 11.24 16.72 19.42 21.90 17.67 16.57 18.10 18.10 16.86 12.85 8.91 7.08 5.69 0.00 0.51 0.00 0.00 0.00 0.00 0.00 2.04 7.52 8.03 9.42 12.34 11.10 10.44 9.42 7.15 3.94 4.60 5.48 5.33 5.33 5.62 7.01 6.79 9.78 9.34 6.35 5.26 4.74 2.99 2.92 4.45 7.08 6.86 0.00 0.00 0.00 0.00 0.00 0.00 0.00 0.00 0.00 3.87 7.96 7.96 11.10 10.44 8.76 8.54 8.40 8.69 9.56 9.56 8.10 7.30 7.81 8.31 8.23 10.31 16.64 23.98 21.96 17.95 24.12 22.06
11.39 10.88 9.56 8.61 11.24 16.72 19.42 21.90 17.67 16.57 18.10 18.10 16.86 12.85 8.91 7.08 5.69 0.00 0.51 0.00 0.00 0.00 0.00 0.00 2.04 7.52 8.03 9.42 12.34 11.10 10.44 9.42 7.15 3.94 4.60 5.48 5.33 5.33 5.62 7.01 6.79 9.78 9.34 6.35 5.26 4.74 2.99 2.92 4.45 7.08 6.86 0.00 0.00 0.00 0.00 0.00 0.00 0.00 0.00 0.00 3.87 7.96 7.96 11.10 10.44 8.76 8.54 8.40 8.69 9.56 9.56 8.10 7.30 7.81 8.10 8.10 10.00 15.45 21.37 20.33 19.14 25.03 22.06
21.02 20.37 17.30 14.16 10.15 8.54 10.88 12.70 11.53 11.24 11.75 11.75 9.56 4.67 0.95 0.00 0.00 0.00 0.00 4.38 6.86 7.45 8.98 9.71 9.93 9.93 9.42 9.78 10.73 0.00 0.00 0.00 2.77 2.12 4.02 5.33 7.81 7.81 11.32 12.85 12.92 10.88 8.98 6.79 5.55 4.45 3.43 3.07 0.00 0.00 0.00 0.00 0.00 0.00 0.00 0.00 0.00 0.00 0.00 0.00 0.00 7.96 7.96 11.17 9.13 7.59 8.91 9.05 8.10 8.18 9.49 8.69 8.10 8.91 9.78 10.51 10.78 12.28 16.90 16.82 18.33 19.18 23.02
13.87 16.21 17.30 17.45 15.55 11.53 9.34 7.74 7.74 7.15 0.00 0.00 0.00 0.00 0.00 0.00 0.00 0.00 0.00 3.07 4.31 8.47 12.48 13.07 12.48 10.59 10.37 0.00 12.05 12.70 11.53 9.05 0.00 0.00 0.00 8.47 10.59 10.59 13.36 14.02 12.41 8.61 7.23 6.28 0.00 2.26 2.19 0.00 0.00 0.00 0.00 0.00 0.00 0.00 0.00 0.00 0.00 0.00 0.00 0.00 0.00 10.44 10.44 10.15 11.17 12.48 12.34 13.58 14.24 13.36 13.21 13.72 13.21 11.61 12.78 10.06 13.44 14.60 13.61 18.68 20.33 18.07 25.63
11.61 12.41 15.26 16.79 17.74 16.57 14.75 12.26 9.42 8.83 9.20 9.20 6.72 0.00 0.00 0.00 0.00 1.90 4.09 6.20 9.49 14.02 17.30 16.13 12.41 10.51 12.56 11.75 12.48 13.72 14.97 14.24 11.17 0.00 0.00 0.00 13.21 13.21 12.05 13.87 14.67 11.68 7.30 0.00 4.31 3.80 0.00 0.00 0.00 0.00 0.00 0.00 0.00 0.00 0.00 0.00 0.00 0.00 10.73 9.20 8.18 8.69 8.69 10.29 10.51 12.26 13.72 15.04 15.55 15.40 16.21 18.10 18.54 16.86 14.44 14.40 13.97 14.82 18.46 23.14 21.20 21.15 20.87
13.29 18.18 14.67 14.31 15.26 18.25 18.32 17.59 14.89 13.87 11.90 11.90 9.56 10.80 10.37 5.84 7.96 6.72 5.48 5.62 7.52 10.51 15.26 17.89 20.37 21.53 20.51 17.01 12.92 12.99 12.99 12.34 10.80 10.80 11.61 12.05 12.26 12.26 12.63 11.61 8.98 7.23 6.06 7.08 8.69 8.69 6.20 0.00 0.00 0.00 0.00 0.00 0.00 0.00 0.00 0.00 0.00 0.00 0.00 12.99 10.80 8.69 8.69 9.27 9.86 10.00 11.02 12.70 9.42 10.88 16.43 20.95 22.48 20.62 14.33 15.87 17.81 18.10 20.84 18.97 21.14 20.96 21.95
13.29 18.18 14.67 14.31 15.26 18.25 18.32 17.59 14.89 13.87 11.90 11.90 9.56 10.80 10.37 5.84 7.96 6.72 5.48 5.62 7.52 10.51 15.26 17.89 20.37 21.53 20.51 17.01 12.92 12.99 12.99 12.34 10.80 10.80 11.61 12.05 12.26 12.26 12.63 11.61 8.98 7.23 6.06 7.08 8.69 8.69 6.20 0.00 0.00 0.00 0.00 0.00 0.00 0.00 0.00 0.00 0.00 0.00 0.00 12.99 10.80 8.69 8.69 9.27 9.86 10.00 11.02 12.70 9.42 10.88 16.43 20.95 22.48 25.32 13.43 17.24 15.99 22.39 21.15 20.97 21.56 18.90 21.22
8.76 8.98 8.91 9.34 7.96 7.15 8.25 10.07 9.71 11.75 14.67 14.67 14.97 14.82 13.87 6.64 6.57 0.00 0.00 0.00 0.00 3.65 8.03 10.51 12.48 14.53 12.34 11.83 10.66 10.73 10.73 11.90 11.68 12.92 13.07 12.63 12.48 12.48 12.56 9.27 0.00 0.00 10.44 14.02 15.26 0.00 0.00 0.00 0.00 0.00 0.00 0.00 0.00 0.00 0.00 0.00 0.00 0.00 0.00 0.00 8.61 6.72 6.72 6.94 9.49 8.47 7.52 6.57 7.08 10.88 17.81 21.83 21.33 17.31 17.63 16.07 17.99 21.84 25.35 18.91 15.72 20.29 19.53
8.40 7.52 9.27 12.85 12.12 10.15 6.86 5.26 4.82 6.20 6.20 6.20 4.74 5.26 5.77 2.12 0.00 0.00 0.00 0.00 0.00 8.98 12.48 14.38 13.94 12.78 9.27 8.83 10.37 10.80 11.24 12.05 12.05 12.34 12.78 10.95 11.53 11.53 12.34 10.29 10.22 0.00 0.00 11.24 0.00 0.00 0.00 0.00 0.00 0.00 0.00 0.00 0.00 0.00 0.00 0.00 0.00 0.00 0.00 0.00 0.00 0.00 0.00 3.36 3.21 3.07 3.87 6.35 7.88 14.16 17.81 23.26 27.65 35.62 28.38 25.08 26.75 22.97 25.48 23.15 21.51 23.59 18.13
10.66 9.86 7.66 8.54 12.26 14.75 15.18 12.19 7.45 6.94 6.94 6.94 6.20 4.89 6.28 0.00 0.00 2.99 1.46 1.90 5.18 9.56 15.11 15.55 12.92 11.32 10.15 10.22 10.80 10.80 9.42 9.86 11.17 12.63 11.10 10.15 10.00 10.00 9.34 8.98 10.73 10.15 0.00 0.00 0.00 0.00 0.00 0.00 0.00 0.00 0.00 0.00 0.00 0.00 0.00 0.00 0.00 0.00 0.00 0.00 0.00 0.00 0.00 0.00 0.00 0.00 0.00 3.65 7.66 12.05 15.33 21.90 28.11 37.60 37.89 38.47 36.79 32.95 25.84 27.15 29.67 24.16 21.18
12.70 10.88 6.72 5.69 6.72 8.10 11.53 13.29 11.68 10.07 9.13 9.13 7.37 11.17 11.02 7.74 0.00 0.00 4.53 7.81 11.46 15.48 18.10 19.35 19.42 13.43 8.18 7.52 7.66 6.79 7.37 9.71 12.19 13.51 12.56 11.10 12.12 12.12 11.75 9.05 0.00 0.00 0.00 0.00 0.00 0.00 0.00 0.00 0.00 0.00 0.00 0.00 0.00 0.00 0.00 0.00 0.00 0.00 0.00 0.00 0.44 0.00 0.00 0.00 0.00 0.00 0.00 0.00 7.23 14.82 21.75 27.52 31.76 39.64 40.59 39.13 37.32 33.06 34.13 30.62 31.00 22.90 22.70
7.59 9.27 7.66 5.11 4.45 3.58 3.87 5.26 6.79 7.01 8.18 8.18 8.76 14.16 16.50 14.75 9.49 0.00 0.00 9.86 17.89 20.51 20.00 16.13 13.65 10.37 9.20 9.05 8.69 7.88 8.18 11.97 13.29 12.41 11.61 13.58 14.89 14.89 9.93 0.00 0.00 0.00 0.00 0.00 0.00 0.00 0.00 0.00 0.00 0.00 0.00 0.00 0.00 0.00 0.00 0.00 4.09 7.74 11.10 8.03 2.41 1.17 1.17 0.00 0.73 3.29 8.18 12.34 16.13 20.44 25.55 26.13 37.01 39.57 40.81 40.88 41.75 38.23 46.20 36.27 33.12 26.53 20.75
7.59 9.27 7.66 5.11 4.45 3.58 3.87 5.26 6.79 7.01 8.18 8.18 8.76 14.16 16.50 14.75 9.49 0.00 0.00 9.86 17.89 20.51 20.00 16.13 13.65 10.37 9.20 9.05 8.69 7.88 8.18 11.97 13.29 12.41 11.61 13.58 14.89 14.89 9.93 0.00 0.00 0.00 0.00 0.00 0.00 0.00 0.00 0.00 0.00 0.00 0.00 0.00 0.00 0.00 0.00 0.00 4.09 7.74 11.10 8.03 2.41 1.17 1.17 0.00 0.73 3.29 8.18 12.34 16.13 20.44 25.55 26.13 37.01 39.57 40.81 40.88 40.08 38.43 35.88 31.91 27.74 30.88 25.38
6.64 6.64 4.60 2.92 1.97 2.34 4.09 5.99 7.15 8.98 8.47 8.47 9.05 10.07 16.13 16.64 13.80 0.00 0.00 9.05 13.65 14.67 13.87 12.92 11.32 11.46 11.61 10.07 10.07 10.73 12.56 13.65 13.29 11.32 8.03 7.08 6.72 6.72 0.00 0.00 0.00 0.00 0.00 0.00 0.00 0.00 0.00 0.00 0.00 0.00 0.00 7.59 9.27 10.80 17.52 18.61 18.47 18.83 19.56 9.05 5.18 2.34 2.34 0.00 4.23 11.46 17.89 19.71 19.56 20.08 21.75 23.58 28.32 34.24 40.22 39.20 37.45 39.25 35.27 37.36 28.52 25.80 23.34
4.16 3.80 5.40 7.30 6.13 6.94 7.01 7.66 9.05 11.24 13.94 13.94 13.14 14.09 15.33 13.36 9.86 9.05 7.74 8.54 12.41 13.07 11.68 10.95 13.14 13.58 12.56 10.88 15.04 18.76 15.84 13.21 8.83 5.99 4.53 0.00 0.00 0.00 0.00 0.00 0.00 0.00 0.00 0.00 0.00 0.00 0.00 0.00 0.00 4.89 11.90 18.61 21.53 21.68 22.12 24.53 25.11 21.24 17.37 11.39 9.56 4.82 4.82 0.00 7.88 14.97 20.15 21.53 21.24 22.19 22.05 26.06 26.06 29.05 33.87 36.72 36.16 37.01 31.50 30.00 33.93 25.31 26.89
3.29 3.87 9.27 9.86 7.88 8.91 5.62 4.53 5.55 9.20 12.56 12.56 13.14 19.71 15.70 12.78 10.88 12.05 12.26 10.29 10.22 12.12 13.58 12.78 13.21 14.38 13.21 14.31 17.67 19.05 17.16 12.63 7.74 0.00 0.00 0.00 0.00 0.00 0.00 0.00 0.00 0.00 0.00 0.00 0.00 0.00 0.00 8.40 11.32 12.63 13.43 14.89 20.08 22.05 20.29 20.95 20.08 15.91 11.39 13.21 14.02 11.24 11.24 11.61 17.08 24.24 25.92 23.29 16.64 15.99 16.86 16.64 22.27 28.03 32.76 36.43 31.72 31.08 28.37 20.97 19.34 19.54 18.70
8.25 9.64 11.24 8.32 9.64 5.69 2.63 8.69 3.94 17.59 16.06 16.06 21.02 23.29 16.72 9.86 13.07 13.51 13.87 12.78 13.14 12.34 14.31 15.18 15.18 17.16 15.77 12.99 13.21 13.14 15.04 8.25 4.74 0.00 0.00 0.00 0.00 0.00 9.20 12.56 13.43 12.41 0.00 0.00 10.29 9.05 22.48 24.82 25.77 25.19 25.19 23.65 23.07 22.92 23.94 23.73 22.12 18.47 15.70 17.08 19.13 21.17 21.17 20.59 22.19 23.14 21.75 18.91 15.77 14.31 15.40 18.61 15.26 28.11 38.53 38.44 34.83 27.43 22.38 18.93 13.08 12.76 13.14
10.00 12.92 9.27 4.82 9.05 5.33 5.84 9.71 12.63 7.66 12.48 12.48 15.99 13.43 8.25 9.49 12.56 11.39 12.99 12.19 10.88 9.56 12.99 13.29 11.17 11.53 8.98 5.69 5.33 7.52 5.99 4.38 5.11 9.34 15.77 18.54 18.91 18.91 20.73 21.75 18.76 13.58 10.88 18.40 21.75 19.71 30.95 30.81 30.22 30.22 28.69 27.96 28.76 29.78 27.89 24.89 22.12 19.49 18.40 18.18 15.62 11.68 11.68 10.22 9.42 8.47 10.29 13.65 14.67 14.38 16.94 21.83 27.93 27.87 38.48 34.67 29.78 25.45 15.05 11.07 8.49 0.00 0.00
10.00 12.92 9.27 4.82 9.05 5.33 5.84 9.71 12.63 7.66 12.48 12.48 15.99 13.43 8.25 9.49 12.56 11.39 12.99 12.19 10.88 9.56 12.99 13.29 11.17 11.53 8.98 5.69 5.33 7.52 5.99 4.38 5.11 9.34 15.77 18.54 18.91 18.91 20.73 21.75 18.76 13.58 10.88 18.40 21.75 19.71 30.95 30.81 30.22 30.22 28.69 27.96 28.76 29.78 27.89 24.89 22.12 19.49 18.40 18.18 15.62 11.68 11.68 10.22 9.42 8.47 10.29 13.65 14.67 14.38 16.94 21.83 28.07 27.57 34.79 38.63 31.78 29.69 17.47 10.71 8.86 0.00 0.00
5.26 0.00 0.00 4.89 8.54 2.12 0.00 0.00 0.00 0.00 8.69 8.69 7.30 3.80 2.63 2.70 1.75 4.16 8.18 5.84 5.26 4.74 4.96 5.84 5.77 6.20 5.11 5.26 8.98 10.15 8.25 8.18 15.04 19.56 19.49 20.73 20.81 20.81 16.64 17.01 17.37 19.71 21.46 21.46 24.09 28.47 28.18 29.93 30.88 31.54 29.64 29.27 28.54 27.81 25.92 21.61 17.59 14.16 12.85 12.92 6.35 0.00 0.00 0.00 0.00 0.00 4.16 12.56 16.64 16.28 18.42 22.42 28.46 31.26 37.07 39.36 30.32 19.51 9.39 0.00 0.00 0.00 0.00
3.36 4.02 0.00 8.10 13.72 6.06 0.00 7.96 9.34 13.07 18.10 18.10 16.94 8.69 4.31 5.26 3.72 5.77 9.64 11.83 10.66 10.44 7.81 4.16 4.38 2.41 7.01 6.94 10.29 9.49 7.37 9.49 9.93 6.86 9.27 12.12 12.48 12.48 16.79 19.42 23.29 23.94 22.70 18.69 25.62 27.23 27.38 28.76 28.76 29.57 29.20 27.52 25.92 21.46 19.13 10.95 0.00 0.00 0.00 0.00 0.00 0.00 0.00 0.00 0.00 0.00 0.00 6.57 14.02 26.65 25.11 30.22 32.27 32.21 32.58 31.87 19.28 7.59 6.60 0.00 0.00 0.00 0.00
14.97 18.18 17.59 15.33 14.82 13.36 11.53 13.29 11.68 14.09 16.72 16.72 14.89 8.83 5.40 4.60 5.48 8.40 12.48 13.87 13.80 10.88 6.64 2.19 2.41 7.59 12.19 7.30 0.00 5.18 11.53 9.49 7.23 8.32 10.37 13.43 15.91 15.91 17.52 19.86 21.61 17.89 20.81 23.36 20.66 21.75 19.42 19.56 18.25 21.83 21.39 17.23 12.26 8.10 0.00 0.00 0.00 0.00 0.00 0.00 0.00 0.00 0.00 0.00 0.00 0.00 0.00 0.00 12.78 28.32 29.49 29.71 30.37 31.34 31.80 24.44 12.32 5.89 0.00 0.00 0.00 0.00 0.00
22.34 21.53 21.24 20.29 18.25 18.40 17.37 12.41 13.14 15.55 14.53 14.53 6.79 3.65 2.70 7.37 10.80 12.99 13.87 12.99 4.60 0.00 0.00 0.00 4.45 13.14 15.48 15.26 14.09 18.54 16.50 8.61 4.67 5.18 9.93 10.37 7.88 7.88 3.72 2.70 4.23 0.00 10.00 2.77 7.88 7.37 7.37 6.50 7.88 7.45 7.52 3.29 0.00 0.00 0.00 0.00 0.00 0.00 0.00 0.00 0.00 0.00 0.00 0.00 0.00 0.00 0.00 0.00 9.71 21.17 26.57 26.50 29.93 28.68 22.96 11.00 5.95 1.69 0.00 0.00 0.00 0.00 0.00
20.37 17.45 16.21 17.30 18.18 18.32 14.67 10.73 8.10 6.42 4.53 4.53 0.00 0.00 2.26 9.34 10.29 11.02 9.71 6.79 0.00 0.00 0.00 0.00 2.12 7.96 19.71 27.30 20.73 13.36 10.29 7.08 0.00 0.00 0.00 0.00 0.00 0.00 0.00 0.00 0.00 0.00 0.00 0.00 0.00 4.45 0.00 0.00 0.00 0.00 5.84 0.00 0.00 0.00 0.00 0.00 0.00 0.00 0.00 0.00 0.00 0.00 0.00 0.00 0.00 0.00 0.00 0.00 10.15 13.14 24.82 26.86 30.59 23.29 10.63 0.00 0.00 0.00 0.00 0.00 0.00 0.00 0.00
13.94 10.66 7.23 9.05 7.88 6.42 5.48 4.45 3.58 1.90 0.00 0.00 0.00 1.83 1.83 3.43 0.00 3.07 1.83 0.00 0.00 0.00 0.00 0.00 0.00 2.56 4.38 7.45 0.00 0.00 0.00 0.00 0.00 0.00 0.00 0.00 0.00 0.00 0.00 0.00 0.00 0.00 0.00 0.00 6.28 8.47 0.00 4.96 8.18 12.48 15.48 8.91 0.00 0.00 0.00 0.00 0.00 0.00 0.00 0.00 0.00 0.00 0.00 0.00 0.00 0.00 0.00 7.37 12.48 16.79 24.53 25.70 21.75 13.13 4.02 0.00 0.00 0.00 0.00 0.00 0.00 0.00 0.00
13.94 10.66 7.23 9.05 7.88 6.42 5.48 4.45 3.58 1.90 0.00 0.00 0.00 1.83 1.83 3.43 0.00 3.07 1.83 0.00 0.00 0.00 0.00 0.00 0.00 2.56 4.38 7.45 0.00 0.00 0.00 0.00 0.00 0.00 0.00 0.00 0.00 0.00 0.00 0.00 0.00 0.00 0.00 0.00 6.28 8.47 0.00 4.96 8.18 12.48 15.48 8.91 0.00 0.00 0.00 0.00 0.00 0.00 0.00 0.00 0.00 0.00 0.00 0.00 0.00 0.00 0.00 7.37 12.48 16.79 24.53 25.70 21.75 13.07 3.96 0.00 0.00 0.00 0.00 0.00 0.00 0.00 0.00
6.86 5.77 4.23 3.29 0.00 2.34 1.61 0.00 0.00 0.29 0.00 0.00 0.00 0.00 0.00 0.00 0.00 0.00 0.00 0.00 0.00 0.00 0.00 0.00 0.00 0.00 0.00 0.00 0.00 0.00 0.00 0.00 0.00 0.00 0.00 0.00 0.00 0.00 0.00 0.00 0.00 0.00 0.00 5.99 13.29 14.82 13.43 11.90 12.99 12.99 10.00 4.16 0.00 0.00 0.00 0.00 0.00 0.00 0.00 0.00 11.75 0.00 0.00 0.00 0.00 0.00 0.00 12.56 13.07 18.91 14.67 18.40 10.51 4.23 0.00 0.00 0.00 0.00 0.00 0.00 0.00 0.00 0.00
