Wansh/Snow_depth/snowdepth-1983/spring/1983099.txt
ncols 321
nrows 161
xllcenter 60
yllcenter 15 
cellsize  0.25 
NODATA_value -1
[rows 0 to 36 of 161, columns 168 to 251 of 321]
12.34 8.83 6.72 8.10 10.95 10.59 9.34 8.47 8.69 8.69 9.13 8.69 8.83 9.56 9.78 9.42 10.51 12.05 16.79 18.18 14.97 12.34 10.95 9.27 7.15 7.81 8.69 7.96 0.00 0.00 1.97 9.05 14.89 17.81 16.86 16.86 13.07 14.24 18.47 16.28 9.34 12.41 8.91 6.86 7.01 9.78 13.14 14.24 12.92 7.96 9.05 10.80 11.61 7.23 5.84 8.18 11.32 13.80 15.62 12.78 12.78 12.41 15.70 17.45 20.37 20.08 19.42 16.72 14.53 13.14 12.63 12.05 11.75 10.80 11.75 13.21 14.75 14.82 16.86 17.52 17.96 18.61 19.42 19.27
11.24 7.96 6.57 6.13 11.02 8.47 8.10 7.66 11.02 11.02 11.53 11.75 13.36 13.14 11.53 11.17 11.17 13.36 17.23 16.35 14.02 11.83 10.95 9.20 5.91 2.77 0.00 0.00 0.00 0.00 2.99 10.15 14.38 14.67 10.88 10.88 8.76 12.70 18.32 17.37 10.95 5.33 6.72 9.93 8.69 8.18 8.32 5.77 3.87 2.99 2.70 4.89 7.52 8.61 8.54 9.93 13.80 13.43 14.24 15.48 15.48 17.30 19.93 22.34 20.00 15.55 15.11 16.35 16.57 15.62 15.70 14.45 12.92 11.83 9.64 11.17 14.45 16.28 17.81 16.64 13.36 13.14 13.72 14.60
17.67 12.12 6.86 19.20 17.08 9.86 7.45 9.13 11.90 11.90 13.51 11.61 10.29 9.93 8.98 10.07 13.29 14.67 16.64 17.16 14.97 10.22 10.15 9.20 5.18 0.00 0.00 0.00 0.00 0.00 3.29 8.40 10.88 8.32 6.79 6.79 8.47 17.01 22.70 21.75 11.17 6.86 7.08 5.99 5.84 3.21 1.61 2.26 3.07 2.41 1.17 3.80 7.52 11.17 12.41 8.10 6.13 12.05 12.48 15.84 15.84 16.13 21.53 19.35 13.65 11.90 10.73 13.58 15.91 17.08 17.67 19.64 18.25 16.79 14.31 12.92 13.43 15.62 16.28 14.38 12.48 11.39 9.86 9.27
17.67 12.12 6.86 19.20 17.08 9.86 7.45 9.13 11.90 11.90 13.51 11.61 10.29 9.93 8.98 10.07 13.29 14.67 16.64 17.16 14.97 10.22 10.15 9.20 5.18 0.00 0.00 0.00 0.00 0.00 3.29 8.40 10.88 8.32 6.79 6.79 8.47 17.01 22.70 21.75 11.17 6.86 7.08 5.99 5.84 3.21 1.61 2.26 3.07 2.41 1.17 3.80 7.52 11.17 12.41 8.10 6.13 12.05 12.48 15.84 15.84 16.13 21.53 19.35 13.65 11.90 10.73 13.58 15.91 17.08 17.67 19.64 18.25 16.79 14.31 12.92 13.43 15.62 16.28 14.38 12.48 11.39 9.86 9.27
17.16 14.38 22.78 25.26 22.48 15.48 9.71 8.10 10.88 10.88 11.75 11.53 10.15 11.39 14.82 18.32 19.56 19.20 17.52 14.45 11.97 10.15 9.20 8.40 0.00 0.00 0.00 0.00 0.00 2.48 5.18 4.31 1.97 2.26 9.64 9.64 15.40 17.23 19.13 7.81 2.99 2.48 3.14 1.83 1.10 0.88 0.00 0.00 0.00 2.63 3.21 5.91 8.40 10.59 9.78 7.96 5.33 8.91 9.20 9.34 9.34 10.51 13.14 10.29 8.83 10.37 11.61 10.88 11.39 11.39 12.70 14.24 13.87 12.12 10.22 9.56 9.34 8.54 8.47 8.69 8.47 8.40 9.49 9.20
12.26 18.98 20.37 24.75 25.92 20.29 14.75 10.95 10.80 10.80 13.87 16.50 16.57 16.21 17.52 20.00 23.43 18.83 14.97 11.02 7.30 5.62 0.00 0.00 0.00 0.00 0.00 0.00 2.77 6.06 3.14 0.88 3.21 8.83 13.72 13.72 16.13 17.08 5.04 1.68 0.00 0.80 0.80 0.51 0.95 1.83 2.85 0.00 0.00 0.00 0.00 0.00 0.00 0.00 0.00 0.00 3.65 5.55 6.20 11.68 11.68 14.24 11.32 7.30 7.01 6.64 5.99 6.42 7.59 6.13 5.99 6.28 8.10 8.91 8.03 5.91 5.99 5.62 4.82 5.48 6.86 7.74 8.83 9.64
22.56 15.48 14.09 15.40 17.81 22.92 23.29 22.27 16.94 16.94 14.24 17.37 19.20 17.08 18.69 21.17 16.35 12.41 8.61 7.37 5.84 0.00 0.00 0.00 0.00 0.00 0.00 7.30 10.07 10.73 10.37 10.15 14.02 16.21 14.89 14.89 13.36 4.31 3.14 1.97 0.00 0.00 0.00 0.00 2.19 2.56 2.19 2.56 3.14 3.58 0.00 0.00 0.00 0.00 0.00 0.00 2.85 3.87 8.61 9.20 9.20 10.95 5.62 3.87 5.11 2.92 2.63 2.48 2.26 1.75 2.26 3.94 6.06 7.23 6.57 4.31 4.96 6.35 6.94 8.90 9.49 7.59 8.57 10.20
22.56 15.48 14.09 15.40 17.81 22.92 23.29 22.27 16.94 16.94 14.24 17.37 19.20 17.08 18.69 21.17 16.35 12.41 8.61 7.37 5.84 0.00 0.00 0.00 0.00 0.00 0.00 7.30 10.07 10.73 10.37 10.15 14.02 16.21 14.89 14.89 13.36 4.31 3.14 1.97 0.00 0.00 0.00 0.00 2.19 2.56 2.19 2.56 3.14 3.58 0.00 0.00 0.00 0.00 0.00 0.00 2.85 3.87 8.61 9.20 9.20 10.95 5.62 3.87 5.11 2.92 2.63 2.48 2.26 1.75 2.26 3.94 6.06 7.23 6.57 4.98 6.85 9.14 9.50 15.12 15.67 10.10 11.03 10.59
18.76 13.14 5.04 0.00 3.43 10.51 18.18 21.97 20.81 20.81 17.59 19.71 22.05 21.68 20.29 18.91 12.85 9.27 5.48 0.00 0.00 0.00 0.00 0.00 0.00 0.00 1.10 7.96 11.39 11.90 11.39 14.24 16.35 19.35 16.57 16.57 6.72 2.70 2.99 2.12 1.90 2.77 2.41 0.00 0.00 0.00 2.70 5.26 4.60 4.53 0.00 0.00 0.00 0.00 0.00 5.33 4.96 5.77 5.91 5.04 5.04 3.94 3.07 2.12 3.07 2.77 1.97 3.07 3.72 4.38 5.04 5.18 6.28 6.32 9.23 10.03 10.77 8.96 7.16 11.30 12.91 13.08 12.85 11.95
16.64 18.32 15.33 9.49 4.09 3.80 5.77 10.73 14.67 14.67 18.76 20.73 20.15 18.47 12.34 7.96 3.14 1.17 0.00 0.00 0.00 0.00 0.00 0.00 2.48 3.87 7.15 9.05 11.17 12.70 13.36 11.53 9.27 9.27 7.08 7.08 2.92 0.22 3.07 4.38 3.50 2.63 4.02 0.00 0.00 2.04 4.45 8.03 9.71 6.50 0.00 0.00 0.00 0.00 0.00 2.56 3.43 2.92 3.43 3.21 3.21 3.58 3.50 2.99 3.87 3.14 3.14 4.82 4.74 6.06 5.04 3.80 4.09 8.42 11.38 11.25 14.28 12.79 10.28 10.48 13.01 15.68 19.86 18.36
12.26 13.51 17.08 19.64 17.89 11.24 5.18 4.09 7.01 7.01 11.10 12.12 9.78 8.98 4.67 0.00 0.00 0.00 0.00 0.00 0.00 0.00 3.29 8.10 9.05 10.59 10.59 8.18 7.15 10.66 7.66 0.00 0.00 0.00 1.75 1.75 1.10 1.46 3.58 4.23 3.72 2.48 2.77 3.29 0.00 3.50 4.16 5.62 5.33 0.00 0.00 0.00 0.00 0.00 1.61 2.04 1.24 3.36 2.77 4.53 4.53 4.02 3.80 3.36 1.75 2.48 3.58 5.04 3.36 2.77 4.45 4.67 5.17 5.78 6.17 13.58 18.87 17.87 12.67 14.07 15.97 17.84 17.32 17.67
12.26 13.51 17.08 19.64 17.89 11.24 5.18 4.09 7.01 7.01 11.10 12.12 9.78 8.98 4.67 0.00 0.00 0.00 0.00 0.00 0.00 0.00 3.29 8.10 9.05 10.59 10.59 8.18 7.15 10.66 7.66 0.00 0.00 0.00 1.75 1.75 1.10 1.46 3.58 4.23 3.72 2.48 2.77 3.29 0.00 3.50 4.16 5.62 5.33 0.00 0.00 0.00 0.00 0.00 1.61 2.04 1.24 3.36 2.77 4.53 4.53 4.02 3.80 3.36 1.75 2.48 3.58 5.04 3.36 2.77 4.45 4.67 5.04 5.69 5.99 12.61 16.82 16.55 13.52 14.60 15.97 17.46 19.02 18.90
13.07 11.24 12.48 13.14 15.11 15.04 12.63 7.08 6.35 6.35 4.82 4.82 3.43 1.53 0.00 0.00 0.00 0.00 0.00 2.99 7.37 8.76 9.20 7.88 7.23 5.40 4.09 0.00 0.00 0.00 0.00 0.00 0.00 0.88 1.61 1.61 3.87 6.72 7.74 6.28 3.65 1.83 0.51 1.53 0.44 0.44 1.90 2.56 2.19 0.00 0.00 0.00 0.00 0.00 1.75 0.00 0.00 0.00 0.00 0.00 0.00 0.88 1.90 2.92 3.21 4.60 6.42 5.62 4.60 4.16 4.31 4.60 5.26 4.96 5.84 9.48 13.57 13.54 14.60 17.21 18.66 20.08 18.87 17.27
11.61 10.51 10.07 8.40 8.54 7.74 10.15 11.24 8.91 8.91 5.33 2.26 0.00 0.00 0.00 0.00 2.92 2.63 1.75 3.94 5.33 5.40 5.18 3.36 1.46 0.00 0.00 1.10 0.00 0.00 0.00 0.00 2.04 3.21 5.26 5.26 9.34 10.88 10.29 5.18 3.36 2.99 1.53 0.73 1.61 0.00 0.00 0.80 0.00 0.00 0.00 0.00 0.00 0.00 0.15 0.51 0.00 4.45 2.63 3.07 3.07 1.83 1.17 2.63 4.89 6.50 5.62 5.77 6.42 7.15 6.64 6.06 5.77 4.78 7.93 11.29 9.17 12.24 15.27 16.52 20.01 19.03 14.90 14.36
11.02 14.38 15.91 14.02 12.05 9.42 8.83 13.07 18.47 18.47 15.91 8.40 3.36 0.00 0.00 0.00 2.99 5.84 5.77 5.91 5.48 5.99 6.86 6.57 5.55 5.62 3.87 5.48 0.00 1.97 0.00 6.28 7.01 7.66 8.83 8.83 8.47 8.03 9.20 7.15 5.77 4.60 1.83 0.58 0.58 1.61 0.00 0.00 0.00 0.00 0.00 0.00 0.00 2.34 0.00 2.34 6.28 7.74 6.13 3.21 3.21 2.99 4.09 4.45 4.82 5.91 5.69 5.26 5.69 6.35 6.42 6.35 9.18 10.17 11.03 11.39 12.67 16.87 15.62 16.75 16.56 15.64 15.31 11.22
15.11 15.70 16.43 17.96 18.98 16.50 14.16 11.61 10.51 10.51 10.44 9.49 10.51 9.56 7.37 5.77 6.42 5.62 3.43 3.07 2.63 4.38 6.06 8.03 8.69 8.98 6.35 4.45 5.84 5.99 9.64 12.63 10.37 9.93 9.56 9.56 9.05 10.51 9.71 5.99 4.82 7.30 6.57 4.38 3.29 2.92 1.39 0.00 0.00 0.00 0.00 0.00 0.00 0.00 0.00 0.00 2.48 5.62 6.13 5.26 5.26 5.55 5.40 4.82 4.60 4.67 5.18 4.96 5.18 4.02 6.06 7.90 9.44 9.54 12.39 13.50 15.02 14.14 15.26 16.29 15.71 15.14 10.19 9.67
15.11 15.70 16.43 17.96 18.98 16.50 14.16 11.61 10.51 10.51 10.44 9.49 10.51 9.56 7.37 5.77 6.42 5.62 3.43 3.07 2.63 4.38 6.06 8.03 8.69 8.98 6.35 4.45 5.84 5.99 9.64 12.63 10.37 9.93 9.56 9.56 9.05 10.51 9.71 5.99 4.82 7.30 6.57 4.38 3.29 2.92 1.39 0.00 0.00 0.00 0.00 0.00 0.00 0.00 0.00 0.00 2.48 5.62 6.13 5.26 5.26 5.55 5.40 4.82 4.60 4.67 5.18 4.96 5.18 4.02 6.06 9.70 8.84 10.37 11.12 16.70 15.24 15.63 15.57 14.69 15.18 13.02 11.08 10.98
6.94 5.04 5.77 7.01 7.88 8.83 8.47 11.17 13.43 13.43 18.69 14.53 8.98 5.91 2.85 1.24 0.51 0.00 0.00 0.22 0.00 1.68 4.53 7.01 6.94 5.11 3.07 5.11 5.33 6.13 16.64 17.52 15.18 12.63 13.21 13.21 12.92 9.64 7.74 7.01 9.13 12.56 13.51 9.05 4.60 2.26 0.00 0.00 0.00 0.00 0.00 0.00 0.00 0.00 0.00 0.00 0.00 3.80 3.50 2.48 2.48 0.00 0.00 6.72 4.96 4.09 5.26 3.21 0.00 5.91 8.32 8.28 8.55 7.71 9.15 13.15 12.85 7.45 8.37 13.42 13.42 12.30 10.79 9.83
7.52 7.45 5.77 4.53 5.04 1.61 2.48 4.09 5.26 5.26 4.67 2.92 2.26 1.46 0.80 1.53 0.00 0.00 0.00 0.00 1.39 2.99 4.23 4.02 4.67 6.20 5.69 6.42 6.79 14.16 13.29 14.02 13.43 14.75 14.45 14.45 15.18 13.80 13.65 14.16 12.19 11.39 7.52 5.33 2.41 2.12 0.00 0.00 0.00 0.00 0.00 0.00 0.00 0.00 0.00 0.00 0.00 0.00 2.26 2.99 2.99 0.00 0.00 0.00 0.00 6.57 5.33 0.00 0.00 0.00 5.01 7.23 7.71 7.46 8.22 9.49 9.52 9.80 10.26 13.22 11.53 9.22 10.35 13.26
5.11 6.13 7.81 9.42 10.44 8.47 5.69 3.14 3.21 3.21 3.07 1.90 2.77 3.94 0.00 0.00 0.00 0.00 1.83 0.00 0.00 3.80 6.64 8.54 6.42 4.38 5.55 5.62 10.15 10.37 13.29 14.09 12.99 11.17 12.34 12.34 13.14 14.45 13.21 12.41 13.21 10.07 4.96 2.77 0.00 0.00 0.00 0.00 0.00 0.00 0.00 0.00 0.00 0.00 0.00 0.00 0.00 0.00 0.00 0.00 0.00 0.00 0.00 0.00 0.00 0.00 0.00 0.00 0.00 0.00 0.00 0.00 4.09 5.99 8.03 9.97 11.86 15.36 14.84 6.72 5.35 7.94 9.10 11.87
3.50 2.26 4.31 9.27 11.97 12.05 10.73 8.83 7.59 7.59 5.91 3.50 1.83 0.00 0.00 0.00 0.00 0.00 3.50 0.44 0.00 2.56 4.74 3.94 2.34 4.96 6.06 8.32 11.97 14.53 16.35 17.59 14.97 12.99 12.99 12.99 13.65 12.19 9.05 6.57 7.52 4.82 3.14 2.48 0.00 0.00 0.00 0.00 0.00 0.00 0.00 0.00 0.00 0.00 0.00 0.00 0.00 0.00 0.00 0.00 0.00 0.00 0.00 0.00 0.00 0.00 0.00 0.00 0.00 0.00 0.00 0.00 4.82 8.69 10.93 12.25 12.99 13.84 16.96 13.38 10.18 10.40 12.88 11.37
3.07 1.61 1.39 2.12 4.89 6.50 7.96 7.81 6.20 6.20 3.29 4.16 0.00 0.00 0.00 0.00 0.00 0.00 0.00 1.39 2.04 2.92 3.87 4.89 6.06 8.40 8.03 5.55 9.93 15.91 17.01 14.89 14.31 15.18 17.52 17.52 11.61 6.42 2.85 2.34 2.77 0.00 1.31 2.34 0.00 0.00 0.00 0.00 0.00 0.00 0.00 0.00 0.00 0.00 0.00 0.00 0.00 0.00 0.00 0.00 0.00 0.00 0.00 0.00 0.00 0.00 0.00 0.00 0.00 0.00 0.00 0.00 5.62 10.80 12.78 11.93 13.30 11.97 13.73 14.29 9.73 8.07 10.33 12.26
3.07 1.61 1.39 2.12 4.89 6.50 7.96 7.81 6.20 6.20 3.29 4.16 0.00 0.00 0.00 0.00 0.00 0.00 0.00 1.39 2.04 2.92 3.87 4.89 6.06 8.40 8.03 5.55 9.93 15.91 17.01 14.89 14.31 15.18 17.52 17.52 11.61 6.42 2.85 2.34 2.77 0.00 1.31 2.34 0.00 0.00 0.00 0.00 0.00 0.00 0.00 0.00 0.00 0.00 0.00 0.00 0.00 0.00 0.00 0.00 0.00 0.00 0.00 0.00 0.00 0.00 0.00 0.00 0.00 0.00 0.00 0.00 5.62 10.80 12.26 12.00 10.33 10.53 11.50 16.63 11.90 8.24 8.09 11.31
0.00 0.00 0.58 1.17 0.73 2.41 4.09 3.87 2.99 2.99 3.14 0.00 0.00 0.00 0.00 0.00 0.00 0.00 0.00 5.26 4.23 6.64 8.98 10.51 9.93 9.86 9.78 11.24 13.51 16.21 15.48 12.48 12.63 12.63 9.64 9.64 4.96 0.95 2.99 2.04 2.41 0.00 0.00 0.00 0.00 0.00 0.00 0.00 0.00 0.00 0.00 0.00 0.00 0.00 0.00 0.00 0.00 0.00 0.00 0.00 0.00 0.00 0.00 0.00 0.00 0.00 0.00 0.00 0.00 0.00 0.00 0.00 0.00 0.00 5.40 5.43 9.68 14.17 10.87 7.47 6.30 4.60 8.22 9.88
0.00 0.00 0.00 0.00 0.00 0.00 0.00 0.00 0.00 0.00 0.00 0.00 0.00 0.00 0.00 0.00 0.00 0.00 0.00 7.15 6.57 7.15 9.86 12.92 10.00 10.80 13.72 17.89 15.91 14.24 10.66 7.30 5.26 5.55 4.67 4.67 3.87 4.31 5.18 0.00 0.00 0.00 0.00 0.00 0.00 0.00 0.00 0.00 0.00 0.00 0.00 0.00 0.00 0.00 0.00 0.00 0.00 0.00 0.00 0.00 0.00 0.00 0.00 0.00 0.00 0.00 0.00 0.00 0.00 0.00 0.00 0.00 0.00 4.60 5.54 7.50 11.27 13.45 13.67 7.67 5.23 4.12 5.82 0.00
0.00 0.00 0.00 0.00 0.00 0.00 0.00 0.00 0.00 0.00 0.00 0.00 0.00 0.00 0.00 0.00 0.00 0.00 3.14 8.25 10.66 8.76 10.22 13.07 12.05 12.63 17.89 17.67 15.62 10.44 4.89 1.31 2.04 0.00 0.00 0.00 0.00 0.00 0.00 0.00 0.00 0.00 0.00 0.00 0.00 0.00 0.00 0.00 0.00 0.00 0.00 0.00 0.00 0.00 0.00 0.00 0.00 0.00 0.00 0.00 0.00 0.00 0.00 0.00 0.00 0.00 0.00 0.00 0.00 0.00 0.00 0.00 4.22 10.25 11.93 10.07 9.79 10.87 9.67 7.75 0.00 0.00 0.00 0.00
0.00 0.00 0.00 0.00 0.00 0.00 0.00 0.00 0.00 0.00 0.00 0.00 0.00 0.00 0.00 0.00 0.00 0.00 0.00 6.57 12.34 13.87 13.43 14.89 13.07 12.34 9.56 11.90 12.34 5.18 2.92 1.68 0.00 0.00 0.00 0.00 0.00 0.00 0.00 0.00 0.00 0.00 0.00 0.00 0.00 0.00 0.00 0.00 0.00 0.00 0.00 0.00 0.00 0.00 0.00 0.00 0.00 0.00 0.00 0.00 0.00 0.00 0.00 0.00 0.00 0.00 0.00 0.00 0.00 0.00 0.00 0.00 6.40 11.77 13.38 12.46 12.47 12.13 5.26 0.00 0.00 0.00 0.00 0.00
0.00 0.00 0.00 0.00 0.00 0.00 0.00 0.00 0.00 0.00 0.00 0.00 0.00 0.00 0.00 0.00 0.00 0.00 0.00 7.15 14.09 12.26 12.48 8.32 6.57 3.07 3.58 5.77 3.43 1.39 0.00 0.00 0.00 0.00 0.00 0.00 0.00 0.00 0.00 0.00 0.00 0.00 0.00 0.00 0.00 0.00 0.00 0.00 0.00 0.00 0.00 0.00 0.00 0.00 0.00 0.00 0.00 0.00 0.00 0.00 0.00 0.00 0.00 0.00 0.00 0.00 0.00 0.00 0.00 0.00 0.00 2.75 7.82 12.35 13.01 9.59 6.51 4.01 0.00 0.00 0.00 0.00 0.00 0.00
0.00 0.00 0.00 0.00 0.00 0.00 0.00 0.00 0.00 0.00 0.00 0.00 0.00 0.00 0.00 0.00 0.00 0.00 0.00 7.15 14.09 12.26 12.48 8.32 6.57 3.07 3.58 5.77 3.43 1.39 0.00 0.00 0.00 0.00 0.00 0.00 0.00 0.00 0.00 0.00 0.00 0.00 0.00 0.00 0.00 0.00 0.00 0.00 0.00 0.00 0.00 0.00 0.00 0.00 0.00 0.00 0.00 0.00 0.00 0.00 0.00 0.00 0.00 0.00 0.00 0.00 0.00 0.00 0.00 0.00 0.00 2.72 7.07 13.77 13.89 11.19 7.56 3.89 0.00 0.00 0.00 0.00 0.00 0.00
0.00 0.00 0.00 0.00 0.00 0.00 0.00 0.00 0.00 0.00 0.00 0.00 0.00 0.00 0.00 0.00 0.00 0.00 0.00 0.00 0.00 0.00 0.00 2.63 0.00 0.00 0.00 0.00 0.00 0.00 0.00 0.00 0.00 0.00 0.00 0.00 0.00 0.00 0.00 0.00 0.00 0.00 0.00 0.00 3.43 2.12 2.92 4.45 0.00 0.00 0.00 0.00 0.00 0.00 0.00 0.00 0.00 0.00 0.00 0.00 0.00 0.00 0.00 0.00 0.00 0.00 0.00 0.00 0.00 0.00 4.65 9.73 14.60 15.29 12.35 8.94 2.54 0.00 0.00 0.00 0.00 0.00 0.00 0.00
0.00 0.00 0.00 0.00 0.00 0.00 0.00 0.00 0.00 0.00 0.00 0.00 0.00 0.00 0.00 0.00 0.00 0.00 0.00 0.00 0.00 0.00 0.00 0.00 0.00 0.00 0.00 0.00 0.00 0.00 0.00 0.00 0.00 0.00 0.00 0.00 0.00 0.00 0.00 0.00 0.00 0.00 0.00 3.50 6.20 7.88 7.52 5.77 0.00 0.00 0.00 0.00 0.00 0.00 0.00 0.00 0.00 0.00 0.00 0.00 0.00 0.00 0.00 0.00 0.00 0.00 0.00 0.00 0.00 1.61 9.78 15.50 18.80 19.17 8.33 0.00 0.00 0.00 0.00 0.00 0.00 0.00 0.00 0.00
0.00 0.00 0.00 0.00 0.00 0.00 0.00 0.00 0.00 0.00 0.00 0.00 0.00 0.00 0.00 0.00 0.00 0.00 0.00 0.00 0.00 0.00 0.00 0.00 0.00 0.00 0.00 0.00 0.00 0.00 0.00 0.00 0.00 0.00 0.00 0.00 0.00 0.00 0.00 0.00 0.00 0.00 0.00 0.00 0.00 0.00 0.00 0.00 0.00 0.00 0.00 0.00 0.00 0.00 0.00 0.00 0.00 0.00 0.00 0.00 0.00 0.00 0.00 0.00 0.00 0.00 0.00 0.00 0.00 0.00 6.28 10.63 12.65 7.72 0.00 0.00 0.00 0.00 0.00 0.00 0.00 0.00 0.00 0.00
14.02 13.58 0.00 0.00 0.00 0.00 0.00 0.00 0.00 0.00 0.00 0.00 0.00 0.00 0.00 0.00 0.00 0.00 0.00 0.00 0.00 0.00 0.00 0.00 0.00 0.00 0.00 0.00 0.00 0.00 0.00 0.00 0.00 0.00 0.00 0.00 0.00 0.00 0.00 0.00 0.00 0.00 0.00 0.00 0.00 0.00 0.00 0.00 0.00 0.00 0.00 0.00 0.00 0.00 0.00 0.00 0.00 0.00 0.00 0.00 0.00 0.00 0.00 0.00 0.00 0.00 0.00 0.00 0.00 0.00 7.15 15.56 0.00 0.00 0.00 0.00 0.00 0.00 0.00 0.00 0.00 0.00 0.00 0.00
8.40 9.71 9.86 7.81 0.00 0.00 0.00 0.00 0.00 0.00 0.00 0.00 0.00 0.00 0.00 0.00 0.00 0.00 0.00 0.00 0.00 0.00 0.00 0.00 0.00 0.00 0.00 0.00 0.00 0.00 0.00 0.00 0.00 0.00 0.00 0.00 0.00 0.00 0.00 0.00 0.00 0.00 0.00 0.00 0.00 0.00 0.00 0.00 0.00 0.00 0.00 0.00 0.00 0.00 0.00 0.00 0.00 0.00 0.00 0.00 0.00 0.00 0.00 0.00 0.00 0.00 0.00 0.00 0.00 0.00 0.00 0.00 0.00 0.00 0.00 0.00 0.00 0.00 0.00 0.00 0.00 0.00 0.00 0.00
0.00 0.00 0.00 0.00 0.00 0.00 0.00 0.00 0.00 0.00 0.00 0.00 0.00 0.00 0.00 0.00 0.00 0.00 0.00 0.00 0.00 0.00 0.00 0.00 0.00 0.00 0.00 0.00 0.00 0.00 0.00 0.00 0.00 0.00 0.00 0.00 0.00 0.00 0.00 0.00 0.00 0.00 0.00 0.00 0.00 0.00 0.00 0.00 0.00 0.00 0.00 0.00 0.00 0.00 0.00 0.00 0.00 0.00 0.00 0.00 0.00 0.00 0.00 0.00 0.00 0.00 0.00 0.00 0.00 0.00 0.00 0.00 0.00 0.00 0.00 0.00 0.00 0.00 0.00 0.00 0.00 0.00 0.00 0.00
0.00 0.00 0.00 0.00 0.00 0.00 0.00 0.00 0.00 0.00 0.00 0.00 0.00 0.00 0.00 0.00 0.00 0.00 0.00 0.00 0.00 0.00 0.00 0.00 0.00 0.00 0.00 0.00 0.00 0.00 0.00 0.00 0.00 0.00 0.00 0.00 0.00 0.00 0.00 0.00 0.00 0.00 0.00 0.00 0.00 0.00 0.00 0.00 0.00 0.00 0.00 0.00 0.00 0.00 0.00 0.00 0.00 0.00 0.00 0.00 0.00 0.00 0.00 0.00 0.00 0.00 0.00 0.00 0.00 0.00 0.00 0.00 0.00 0.00 0.00 0.00 0.00 0.00 0.00 0.00 0.00 0.00 0.00 0.00
0.00 0.00 0.00 0.00 0.00 0.00 0.00 0.00 0.00 0.00 0.00 0.00 0.00 0.00 0.00 0.00 0.00 0.00 0.00 0.00 0.00 0.00 0.00 0.00 0.00 0.00 0.00 0.00 0.00 0.00 0.00 0.00 0.00 0.00 0.00 0.00 0.00 0.00 0.00 0.00 0.00 0.00 0.00 0.00 0.00 0.00 0.00 0.00 0.00 0.00 0.00 0.00 0.00 0.00 0.00 0.00 0.00 0.00 0.00 0.00 0.00 0.00 0.00 0.00 0.00 0.00 0.00 0.00 0.00 0.00 0.00 0.00 0.00 0.00 0.00 0.00 0.00 0.00 0.00 0.00 0.00 0.00 0.00 0.00
