Wansh/Snow_depth/snowdepth-1996/spring/1996107.txt
ncols 321
nrows 161
xllcenter 60
yllcenter 15 
cellsize  0.25 
NODATA_value -1
[rows 0 to 36 of 161, columns 168 to 251 of 321]
7.88 8.18 7.52 7.52 7.66 7.59 8.18 8.69 8.91 8.91 5.99 6.72 5.55 5.77 5.77 6.42 8.32 7.96 12.05 10.80 13.43 11.10 11.68 10.88 9.71 10.07 7.01 7.66 0.00 0.00 0.00 7.45 15.77 14.53 14.97 14.97 12.78 12.85 18.32 17.52 18.18 15.33 17.74 17.30 22.27 23.29 23.14 22.41 19.20 18.25 13.72 14.16 13.87 12.05 11.46 13.87 11.17 12.12 12.12 15.26 15.26 15.33 17.81 21.39 16.21 16.21 16.21 16.13 15.55 13.87 13.87 14.31 14.38 14.02 15.11 16.06 17.23 16.79 17.37 16.06 15.11 15.55 14.31 13.14
5.40 5.04 5.77 7.59 7.37 7.23 4.96 5.18 5.91 5.91 5.99 6.79 6.50 6.72 6.13 6.13 7.37 11.97 10.80 14.02 11.39 12.41 11.02 10.59 10.59 5.69 6.57 0.00 0.00 0.00 3.43 10.22 11.90 7.59 5.48 5.48 5.40 10.80 18.69 16.57 17.59 19.49 18.83 23.21 24.97 22.56 24.38 20.59 17.16 17.37 18.18 14.82 11.97 12.41 13.58 10.15 15.70 15.55 16.35 15.91 15.91 15.99 17.30 20.15 20.08 20.29 19.27 15.91 18.69 14.97 14.60 14.97 15.04 16.43 15.91 16.57 17.81 18.54 18.76 18.03 14.31 11.68 11.97 10.15
1.46 5.26 4.82 5.04 4.38 6.57 4.89 5.26 5.18 5.18 5.91 6.57 6.20 6.50 6.57 8.18 10.80 10.51 12.26 13.65 12.26 11.46 11.53 11.32 6.64 8.40 0.00 0.00 0.00 3.72 0.00 7.88 6.94 8.10 3.65 3.65 9.78 15.62 14.09 18.69 17.52 19.35 20.29 23.14 16.43 14.97 15.70 16.06 15.40 15.55 15.48 15.40 13.94 14.97 16.06 14.38 15.91 15.26 17.08 19.42 19.42 20.29 20.29 19.71 15.33 14.82 17.16 15.84 14.31 14.45 14.31 14.45 15.62 16.50 15.77 15.18 15.26 15.91 9.64 9.20 9.71 7.74 3.72 3.87
1.46 5.26 4.82 5.04 4.38 6.57 4.89 5.26 5.18 5.18 5.91 6.57 6.20 6.50 6.57 8.18 10.80 10.51 12.26 13.65 12.26 11.46 11.53 11.32 6.64 8.40 0.00 0.00 0.00 3.72 0.00 7.88 6.94 8.10 3.65 3.65 9.78 15.62 14.09 18.69 17.52 19.35 20.29 23.14 16.43 14.97 15.70 16.06 15.40 15.55 15.48 15.40 13.94 14.97 16.06 14.38 15.91 15.26 17.08 19.42 19.42 20.29 20.29 19.71 15.33 14.82 17.16 15.84 14.31 14.45 14.31 14.45 15.62 16.50 15.77 15.18 15.26 15.91 9.64 9.20 9.71 7.74 3.72 3.87
1.83 1.83 2.77 3.36 2.92 3.43 3.14 4.74 5.62 5.62 5.55 6.79 8.32 8.47 7.59 7.23 9.71 10.59 10.51 11.68 11.83 11.75 9.93 7.52 8.61 0.00 0.00 0.00 7.74 9.49 9.20 5.77 4.53 4.09 8.18 8.18 14.31 13.29 16.79 10.44 16.28 10.22 12.70 13.07 12.63 13.87 12.70 14.97 14.53 15.70 15.70 14.60 15.62 14.75 12.56 12.63 14.31 13.51 15.33 17.89 17.89 16.43 18.25 16.86 17.16 15.91 13.94 15.26 13.51 13.07 10.59 12.56 12.26 11.61 11.46 7.96 9.05 8.83 7.23 5.91 4.38 4.45 3.65 3.58
0.66 0.00 0.00 0.00 3.29 2.85 4.02 3.87 4.38 4.38 7.88 7.81 9.86 8.61 8.83 6.94 6.35 5.91 8.76 9.93 10.95 9.42 10.15 5.69 0.00 0.00 0.00 8.10 6.79 9.64 6.13 7.23 4.60 10.73 12.41 12.41 12.63 10.37 5.91 8.61 7.59 5.48 7.74 6.94 10.07 12.05 13.21 14.38 13.87 15.18 16.06 16.72 19.13 14.67 14.89 11.39 11.61 8.47 12.85 14.97 14.97 14.45 17.74 11.90 10.95 11.24 15.40 8.32 7.52 8.03 8.40 7.66 8.25 6.79 6.28 7.45 7.30 6.64 5.04 5.62 5.26 5.18 5.55 4.23
3.72 0.00 0.00 0.00 0.00 0.07 2.48 3.50 3.29 3.29 6.42 7.08 7.30 8.61 6.42 7.01 5.84 8.18 7.45 7.66 4.60 5.69 0.00 0.00 0.00 0.00 7.66 6.42 10.44 9.49 9.56 9.49 12.78 11.97 13.58 13.58 10.22 5.84 7.81 4.23 5.48 5.33 5.40 4.16 8.47 11.68 9.86 12.34 13.21 14.38 16.43 18.10 18.32 10.07 9.27 8.03 7.88 8.40 9.27 7.37 7.37 9.27 8.47 10.29 7.08 7.81 5.69 6.64 6.42 7.01 5.33 5.91 5.69 5.84 5.48 6.64 6.20 6.50 7.45 7.38 10.38 8.74 9.20 6.86
3.72 0.00 0.00 0.00 0.00 0.07 2.48 3.50 3.29 3.29 6.42 7.08 7.30 8.61 6.42 7.01 5.84 8.18 7.45 7.66 4.60 5.69 0.00 0.00 0.00 0.00 7.66 6.42 10.44 9.49 9.56 9.49 12.78 11.97 13.58 13.58 10.22 5.84 7.81 4.23 5.48 5.33 5.40 4.16 8.47 11.68 9.86 12.34 13.21 14.38 16.43 18.10 18.32 10.07 9.27 8.03 7.88 8.40 9.27 7.37 7.37 9.27 8.47 10.29 7.08 7.81 5.69 6.64 6.42 7.01 5.33 5.91 5.69 5.84 5.48 7.68 8.56 9.35 10.20 12.53 17.14 11.64 11.84 7.12
3.72 4.82 4.53 0.00 0.00 0.00 0.95 0.73 3.29 3.29 5.26 5.77 3.87 5.84 5.26 7.23 5.40 5.40 3.07 6.72 0.00 0.00 0.00 0.00 3.94 0.00 5.84 7.81 8.98 9.13 10.29 10.95 10.80 11.39 10.37 10.37 11.61 6.28 2.77 1.83 3.14 2.63 3.72 4.82 5.69 5.04 7.81 6.72 10.88 11.46 16.64 14.45 12.92 6.13 4.45 4.89 5.11 5.18 4.74 6.20 6.20 5.84 1.61 2.12 1.90 6.06 5.48 3.50 4.16 6.20 5.77 5.69 5.91 4.36 7.44 9.70 9.81 11.17 11.40 16.60 14.28 11.38 10.85 9.38
6.57 7.08 6.94 7.96 2.19 2.41 1.31 2.41 2.26 2.26 4.82 7.52 4.89 7.74 7.52 7.74 4.45 0.00 0.00 0.00 0.00 0.00 0.00 7.01 6.42 7.74 8.18 8.18 7.66 9.56 8.91 10.73 9.64 5.33 8.69 8.69 3.94 1.46 1.53 1.10 2.41 5.11 5.26 5.48 5.40 5.18 5.55 5.84 8.69 10.07 7.59 7.45 9.86 8.83 2.26 2.19 2.04 2.56 0.00 0.00 0.00 0.00 0.00 0.00 3.58 2.85 3.14 3.07 3.50 3.72 4.31 3.36 4.25 5.44 8.85 9.52 12.59 12.90 14.47 12.95 12.27 10.97 14.28 15.46
9.34 9.20 8.69 8.76 8.76 7.88 8.54 2.56 3.94 3.94 3.14 7.88 8.69 8.18 4.96 0.00 5.18 0.00 0.00 0.00 0.00 4.67 4.53 7.45 7.23 6.13 8.25 4.31 4.53 8.40 5.04 3.50 3.21 3.07 3.14 3.14 2.70 4.82 3.50 5.40 6.35 5.91 4.89 4.96 5.40 5.26 3.65 3.72 4.02 6.35 5.11 3.43 2.99 3.14 2.56 0.00 0.00 0.00 0.00 0.00 0.00 0.00 0.00 0.00 2.04 1.90 4.74 4.38 3.14 3.87 3.58 3.21 3.07 4.37 3.76 7.25 13.41 11.21 11.25 11.53 13.65 15.90 14.90 15.76
9.34 9.20 8.69 8.76 8.76 7.88 8.54 2.56 3.94 3.94 3.14 7.88 8.69 8.18 4.96 0.00 5.18 0.00 0.00 0.00 0.00 4.67 4.53 7.45 7.23 6.13 8.25 4.31 4.53 8.40 5.04 3.50 3.21 3.07 3.14 3.14 2.70 4.82 3.50 5.40 6.35 5.91 4.89 4.96 5.40 5.26 3.65 3.72 4.02 6.35 5.11 3.43 2.99 3.14 2.56 0.00 0.00 0.00 0.00 0.00 0.00 0.00 0.00 0.00 2.04 1.90 4.74 4.38 3.14 3.87 3.58 3.21 2.99 4.31 3.65 6.73 11.96 10.38 12.00 11.97 13.65 15.55 16.37 16.86
9.86 7.59 7.66 8.47 8.32 8.32 6.35 5.55 6.20 6.20 4.53 5.33 5.18 2.26 3.50 0.00 0.00 0.51 0.00 2.34 3.87 3.50 3.36 5.18 4.82 4.02 2.56 2.63 2.34 3.43 0.44 3.07 0.29 1.24 2.56 2.56 2.12 3.58 7.30 8.10 6.79 4.89 4.02 4.89 4.96 2.92 4.16 3.72 3.07 4.23 4.16 2.85 0.00 0.00 0.00 0.00 0.00 0.00 0.00 0.00 0.00 0.00 0.00 0.00 0.00 4.45 4.89 3.43 4.31 2.70 2.34 2.63 2.92 3.07 3.22 6.77 7.01 8.46 9.91 14.49 12.47 15.14 15.27 12.28
10.22 7.52 7.88 8.10 8.76 9.20 7.52 7.23 6.06 6.06 6.28 6.64 6.42 7.15 4.53 3.29 0.00 1.75 2.48 2.04 3.43 2.12 2.19 2.12 1.31 1.39 1.46 2.63 2.99 1.46 1.83 0.37 1.17 1.17 1.46 1.46 4.23 6.42 6.86 4.82 5.62 5.91 5.40 3.43 2.77 1.31 1.97 0.00 0.00 2.12 0.00 2.85 0.00 0.00 0.00 0.00 0.00 0.00 0.00 0.00 0.00 0.00 1.46 3.21 3.14 3.29 4.82 5.33 4.09 2.63 2.99 3.29 3.14 3.63 5.61 6.50 7.00 11.06 10.44 11.68 15.42 13.75 13.80 12.01
13.51 12.78 10.59 11.02 10.95 11.53 10.73 11.10 9.34 9.34 10.51 10.29 10.07 6.35 7.15 4.02 2.41 2.12 1.53 0.51 0.00 0.00 0.73 1.31 1.31 1.61 2.04 1.75 3.29 2.77 4.02 3.65 2.63 2.34 2.99 2.99 4.89 4.89 5.04 5.55 4.89 4.02 2.92 3.43 2.12 2.99 0.95 1.02 0.00 0.00 0.00 0.00 0.00 0.00 0.00 0.00 0.00 0.00 0.00 0.00 0.00 0.00 1.75 3.43 4.89 4.31 5.18 5.11 4.31 3.43 2.63 3.58 4.55 7.15 7.35 7.63 10.31 11.57 12.28 11.98 13.42 9.20 9.70 10.03
14.24 11.39 11.97 10.29 12.78 12.99 11.17 10.22 9.71 9.71 9.56 10.22 7.30 9.71 4.45 5.04 3.14 1.61 0.00 0.07 0.00 0.00 0.00 1.02 1.02 1.90 2.63 2.41 3.72 4.60 4.82 4.09 7.59 6.57 5.69 5.69 5.77 5.62 5.18 5.40 5.48 6.64 8.10 3.87 5.18 3.58 2.56 2.63 2.70 0.00 0.00 0.00 0.00 0.00 0.00 0.00 0.00 0.00 0.00 2.34 2.34 0.00 0.00 3.72 4.09 4.16 1.68 2.56 0.00 0.00 0.00 3.01 6.32 8.27 8.74 7.40 9.42 9.49 11.76 9.53 9.46 8.87 5.59 5.51
14.24 11.39 11.97 10.29 12.78 12.99 11.17 10.22 9.71 9.71 9.56 10.22 7.30 9.71 4.45 5.04 3.14 1.61 0.00 0.07 0.00 0.00 0.00 1.02 1.02 1.90 2.63 2.41 3.72 4.60 4.82 4.09 7.59 6.57 5.69 5.69 5.77 5.62 5.18 5.40 5.48 6.64 8.10 3.87 5.18 3.58 2.56 2.63 2.70 0.00 0.00 0.00 0.00 0.00 0.00 0.00 0.00 0.00 0.00 2.34 2.34 0.00 0.00 3.72 4.09 4.16 1.68 2.56 0.00 0.00 0.00 3.70 5.92 8.99 7.85 9.16 9.55 10.49 11.99 8.60 9.15 7.63 6.07 6.26
9.34 8.25 7.66 7.66 5.04 3.87 8.69 8.32 7.81 7.81 7.30 7.23 4.82 1.68 1.97 0.00 0.00 0.00 0.00 0.00 0.00 0.00 1.24 1.02 1.02 1.53 2.77 3.65 5.33 4.96 6.64 7.96 7.96 9.34 9.05 9.05 8.76 6.79 8.32 5.91 8.10 9.64 9.86 9.34 6.57 3.14 1.39 0.00 0.00 0.00 0.00 0.00 0.00 0.00 0.00 0.00 0.00 0.00 0.00 0.00 0.00 0.00 0.00 3.94 4.02 0.00 0.00 0.00 0.00 0.00 0.00 4.21 4.18 7.07 6.48 9.41 8.41 9.21 7.63 9.66 7.00 8.80 5.50 3.74
2.77 5.40 4.89 2.85 2.99 2.26 1.83 2.41 2.48 2.48 0.95 0.44 2.85 0.95 0.00 0.00 0.00 0.00 0.00 0.00 0.00 1.02 0.29 2.04 2.77 4.09 3.72 3.94 4.82 6.13 6.94 8.10 7.23 8.40 10.00 10.00 10.51 9.64 10.07 9.27 9.13 8.61 9.93 2.85 0.00 1.75 0.00 0.00 0.00 0.00 0.00 0.00 0.00 0.00 0.00 0.00 0.00 0.00 0.00 0.00 0.00 0.00 0.00 0.00 0.00 0.00 0.00 0.00 0.00 0.00 0.00 0.00 0.00 4.50 4.20 7.25 8.43 8.64 8.98 9.42 6.97 5.07 5.03 3.60
2.12 1.61 1.53 1.53 2.34 2.04 2.26 1.68 1.46 1.46 1.46 1.46 0.66 0.00 0.00 0.00 0.00 0.00 0.00 0.00 0.95 0.66 2.19 3.21 3.21 4.23 3.87 4.02 5.99 6.64 6.28 7.30 9.64 8.98 9.78 9.78 9.86 9.93 10.37 10.73 10.00 10.00 6.20 0.00 0.00 0.00 0.00 0.00 0.00 0.00 0.00 0.00 0.00 0.00 0.00 0.00 0.00 0.00 0.00 0.00 0.00 0.00 0.00 0.00 0.00 0.00 0.00 0.00 0.00 0.00 0.00 0.00 0.00 3.72 7.30 7.58 9.47 10.92 9.38 8.82 7.80 5.29 3.42 4.10
0.15 0.51 0.73 1.68 1.02 2.12 2.19 2.12 1.53 1.53 0.88 0.80 1.17 0.00 0.00 0.00 0.00 0.00 0.00 0.37 0.58 1.75 1.46 2.70 3.14 5.11 4.45 4.53 4.53 7.66 10.15 10.88 10.88 9.93 9.93 9.93 10.15 10.29 7.88 7.37 6.28 6.06 2.41 0.00 0.00 0.00 0.00 0.00 0.00 0.00 0.00 0.00 0.00 0.00 0.00 0.00 0.00 0.00 0.00 0.00 0.00 0.00 0.00 0.00 0.00 0.00 0.00 0.00 0.00 0.00 0.00 0.00 0.00 3.21 8.67 8.39 10.47 10.52 9.77 8.07 6.87 5.78 2.64 1.37
0.00 0.00 0.00 0.29 1.17 0.88 1.83 1.02 0.37 0.37 0.51 1.02 0.66 0.07 0.00 0.00 0.00 0.00 0.00 1.46 1.75 1.75 3.50 3.72 5.04 4.67 5.91 5.69 7.01 10.95 10.22 11.68 10.73 10.07 7.45 7.45 8.76 6.79 3.14 3.14 0.00 0.00 0.00 0.00 0.00 0.00 0.00 0.00 0.00 0.00 0.00 0.00 0.00 0.00 0.00 0.00 0.00 0.00 0.00 0.00 0.00 0.00 0.00 0.00 0.00 0.00 0.00 0.00 0.00 0.00 0.00 0.00 0.00 0.00 0.00 5.97 10.40 7.16 7.41 7.51 2.02 1.33 1.31 0.00
0.00 0.00 0.00 0.29 1.17 0.88 1.83 1.02 0.37 0.37 0.51 1.02 0.66 0.07 0.00 0.00 0.00 0.00 0.00 1.46 1.75 1.75 3.50 3.72 5.04 4.67 5.91 5.69 7.01 10.95 10.22 11.68 10.73 10.07 7.45 7.45 8.76 6.79 3.14 3.14 0.00 0.00 0.00 0.00 0.00 0.00 0.00 0.00 0.00 0.00 0.00 0.00 0.00 0.00 0.00 0.00 0.00 0.00 0.00 0.00 0.00 0.00 0.00 0.00 0.00 0.00 0.00 0.00 0.00 0.00 0.00 0.00 0.00 0.00 0.00 6.00 8.08 6.30 6.21 8.74 2.47 1.36 1.02 0.00
0.00 0.00 0.00 0.00 0.37 1.46 1.46 0.80 1.02 1.02 0.37 0.22 0.00 0.00 0.00 0.00 0.00 0.00 0.00 2.19 2.70 3.65 6.86 5.77 7.66 5.77 6.06 6.13 6.94 7.88 8.69 8.54 4.02 6.20 6.57 6.57 1.24 2.04 0.00 0.00 0.00 0.00 0.00 0.00 0.00 0.00 0.00 0.00 0.00 0.00 0.00 0.00 0.00 0.00 0.00 0.00 0.00 0.00 0.00 0.00 0.00 0.00 0.00 0.00 0.00 0.00 0.00 0.00 0.00 0.00 0.00 0.00 0.00 0.00 0.00 3.08 4.07 8.37 8.38 7.81 2.88 0.00 0.00 0.00
0.00 0.00 0.00 0.00 0.37 0.66 0.00 1.75 0.66 0.66 0.29 0.00 0.00 0.00 0.00 0.00 0.00 0.00 1.46 4.02 6.28 6.13 6.64 8.10 6.35 6.72 6.50 7.01 7.74 6.64 2.56 2.19 2.56 0.00 0.00 0.00 0.00 0.00 0.00 0.00 0.00 0.00 0.00 0.00 0.00 0.00 0.00 0.00 0.00 0.00 0.00 0.00 0.00 0.00 0.00 0.00 0.00 0.00 0.00 0.00 0.00 0.00 0.00 0.00 0.00 0.00 0.00 0.00 0.00 0.00 0.00 0.00 0.00 0.00 3.52 5.47 5.08 6.46 4.94 2.63 3.41 0.00 0.00 0.00
0.00 0.00 0.00 0.00 0.44 0.00 0.00 0.00 0.22 0.22 0.00 0.00 0.00 0.00 0.00 0.00 0.00 1.02 0.00 2.48 6.35 7.23 7.81 8.47 8.25 6.50 7.96 6.20 4.38 2.19 2.70 2.26 0.44 0.00 0.00 0.00 0.15 0.00 0.00 0.00 0.00 0.00 0.00 0.00 0.00 0.00 0.00 0.00 0.00 0.00 0.00 0.00 0.00 0.00 0.00 0.00 0.00 0.00 0.00 0.00 0.00 0.00 0.00 0.00 0.00 0.00 0.00 0.00 0.00 0.00 0.00 0.00 0.00 0.00 4.82 7.34 6.10 6.20 4.83 0.00 0.00 0.00 0.00 0.00
0.00 0.00 0.00 0.00 0.00 0.00 0.00 0.00 0.00 0.00 0.00 0.00 0.00 0.00 0.00 0.00 0.00 0.00 1.75 1.75 5.62 4.96 8.40 8.18 7.01 3.21 2.48 4.23 4.16 3.65 0.07 0.00 0.00 0.00 0.00 0.00 0.00 0.00 0.00 0.00 0.00 0.00 0.00 0.00 0.00 0.00 0.00 0.00 0.00 0.00 0.00 0.00 0.00 0.00 0.00 0.00 0.00 0.00 0.00 0.00 0.00 0.00 0.00 0.00 0.00 0.00 0.00 0.00 0.00 0.00 0.00 0.00 0.00 0.00 4.16 7.81 5.86 1.98 0.00 0.00 0.00 0.00 0.00 0.00
0.00 0.00 0.00 0.00 0.00 0.00 0.00 0.00 0.00 0.00 0.00 0.00 0.00 0.00 0.00 0.00 0.00 0.00 0.00 0.44 3.58 5.26 1.90 2.04 1.97 2.04 1.31 0.00 0.07 0.00 0.00 0.00 0.00 0.00 0.00 0.00 0.00 0.00 0.00 0.00 0.00 0.00 0.00 0.00 0.00 0.00 0.00 0.00 0.00 0.00 0.00 0.00 0.00 0.00 0.00 0.00 0.00 0.00 0.00 0.00 0.00 0.00 0.00 0.00 0.00 0.00 0.00 0.00 0.00 0.00 0.00 0.00 0.00 6.96 6.76 9.18 6.51 0.85 0.00 0.00 0.00 0.00 0.00 0.00
0.00 0.00 0.00 0.00 0.00 0.00 0.00 0.00 0.00 0.00 0.00 0.00 0.00 0.00 0.00 0.00 0.00 0.00 0.00 0.44 3.58 5.26 1.90 2.04 1.97 2.04 1.31 0.00 0.07 0.00 0.00 0.00 0.00 0.00 0.00 0.00 0.00 0.00 0.00 0.00 0.00 0.00 0.00 0.00 0.00 0.00 0.00 0.00 0.00 0.00 0.00 0.00 0.00 0.00 0.00 0.00 0.00 0.00 0.00 0.00 0.00 0.00 0.00 0.00 0.00 0.00 0.00 0.00 0.00 0.00 0.00 0.00 0.00 7.76 7.21 10.71 7.56 0.82 0.00 0.00 0.00 0.00 0.00 0.00
0.00 0.00 0.00 0.00 0.00 0.00 0.00 0.00 0.00 0.00 0.00 0.00 0.00 0.00 0.00 0.00 0.00 0.00 0.00 0.00 0.00 0.00 0.00 0.00 0.00 0.00 0.00 0.00 0.00 0.00 0.00 0.00 0.00 0.00 0.00 0.00 0.00 0.00 0.00 0.00 0.00 0.00 0.00 0.00 0.00 0.00 0.00 0.00 0.00 0.00 0.00 0.00 0.00 0.00 0.00 0.00 0.00 0.00 0.00 0.00 0.00 0.00 0.00 0.00 0.00 0.00 0.00 0.00 0.00 0.00 0.00 0.00 5.77 9.86 9.43 1.89 0.38 0.36 0.00 0.00 0.00 0.00 0.00 0.00
0.00 0.00 0.00 0.00 0.00 0.00 0.00 0.00 0.00 0.00 0.00 0.00 0.00 0.00 0.00 0.00 0.00 0.00 0.00 0.00 0.00 0.00 0.00 0.00 0.00 0.00 0.00 0.00 0.00 0.00 0.00 0.00 0.00 0.00 0.00 0.00 0.00 0.00 0.00 0.00 0.00 0.00 0.00 0.00 0.00 0.00 0.00 0.00 0.00 0.00 0.00 0.00 0.00 0.00 0.00 0.00 0.00 0.00 0.00 0.00 0.00 0.00 0.00 0.00 0.00 0.00 0.00 0.00 0.00 0.00 0.00 4.59 5.02 10.59 6.62 0.82 0.00 0.00 0.00 0.00 0.00 0.00 0.00 0.00
0.00 0.00 0.00 0.00 0.00 0.00 0.00 0.00 0.00 0.00 0.00 0.00 0.00 0.00 0.00 0.00 0.00 0.00 0.00 0.00 0.00 0.00 0.00 0.00 0.00 0.00 0.00 0.00 0.00 0.00 0.00 0.00 0.00 0.00 0.00 0.00 0.00 0.00 0.00 0.00 0.00 0.00 0.00 0.00 0.00 0.00 0.00 0.00 0.00 0.00 0.00 0.00 0.00 0.00 0.00 0.00 0.00 0.00 0.00 0.00 0.00 0.00 0.00 0.00 0.00 0.00 0.00 0.00 0.00 0.00 0.00 4.05 5.86 4.44 5.59 1.18 0.00 0.00 0.00 0.00 0.00 0.00 0.00 0.00
1.75 0.00 0.00 0.00 0.00 0.00 0.00 0.00 0.00 0.00 0.00 0.00 0.00 0.00 0.00 0.00 0.00 0.00 0.00 0.00 0.00 0.15 0.00 0.00 0.22 0.44 0.00 0.00 0.00 0.00 0.00 0.00 0.00 0.00 0.00 0.00 0.00 0.00 0.00 0.00 0.00 0.00 0.00 0.00 0.00 0.00 0.00 0.00 0.00 0.00 0.00 0.00 0.00 0.00 0.00 0.00 0.00 0.00 0.00 0.00 0.00 0.00 0.00 0.00 0.00 0.00 0.00 0.00 0.00 0.00 0.00 0.00 3.95 3.28 0.00 0.00 0.00 0.00 0.00 0.00 0.00 0.00 0.00 0.00
1.97 1.53 0.00 0.00 0.00 0.00 0.00 0.00 0.00 0.00 0.00 0.00 0.00 0.00 0.00 0.00 0.00 0.00 0.00 0.00 0.00 0.00 0.00 0.00 0.00 0.00 0.00 0.00 0.00 0.00 0.00 0.00 0.00 0.00 0.00 0.00 0.00 0.00 0.00 0.00 0.00 0.00 0.00 0.00 0.00 0.00 0.00 0.00 0.00 0.00 0.00 0.00 0.00 0.00 0.00 0.00 0.00 0.00 0.00 0.00 0.00 0.00 0.00 0.00 0.00 0.00 0.00 0.00 0.00 0.00 0.00 0.00 0.00 0.00 0.00 0.00 0.00 0.00 0.00 0.00 0.00 0.00 0.00 0.00
2.12 1.53 2.19 0.00 0.00 0.00 0.00 0.00 0.00 0.00 0.00 0.00 0.00 0.00 0.00 0.00 0.00 0.00 0.00 0.00 0.00 0.00 0.00 0.00 0.00 0.00 0.00 0.00 0.00 0.00 0.00 0.00 0.00 0.00 0.00 0.00 0.00 0.00 0.00 0.00 0.00 0.00 0.00 0.00 0.00 0.00 0.00 0.00 0.00 0.00 0.00 0.00 0.00 0.00 0.00 0.00 0.00 0.00 0.00 0.00 0.00 0.00 0.00 0.00 0.00 0.00 0.00 0.00 0.00 0.00 0.00 0.00 0.00 0.00 0.00 0.00 0.00 0.00 0.00 0.00 0.00 0.00 0.00 0.00
2.12 1.53 2.19 0.00 0.00 0.00 0.00 0.00 0.00 0.00 0.00 0.00 0.00 0.00 0.00 0.00 0.00 0.00 0.00 0.00 0.00 0.00 0.00 0.00 0.00 0.00 0.00 0.00 0.00 0.00 0.00 0.00 0.00 0.00 0.00 0.00 0.00 0.00 0.00 0.00 0.00 0.00 0.00 0.00 0.00 0.00 0.00 0.00 0.00 0.00 0.00 0.00 0.00 0.00 0.00 0.00 0.00 0.00 0.00 0.00 0.00 0.00 0.00 0.00 0.00 0.00 0.00 0.00 0.00 0.00 0.00 0.00 0.00 0.00 0.00 0.00 0.00 0.00 0.00 0.00 0.00 0.00 0.00 0.00
0.00 1.61 0.00 0.00 0.00 0.00 0.00 0.00 0.00 0.00 0.00 0.00 0.00 0.00 0.00 0.00 0.00 0.00 0.00 0.00 0.00 0.00 0.00 0.00 0.00 0.00 0.00 0.00 0.00 0.00 0.80 0.00 0.00 0.00 0.00 0.00 0.00 0.00 0.00 0.00 0.00 0.00 0.00 0.00 0.00 0.00 0.00 0.00 0.00 0.00 0.00 0.00 0.00 0.00 0.00 0.00 0.00 0.00 0.00 0.00 0.00 0.00 0.00 0.00 0.00 0.00 0.00 0.00 0.00 0.00 0.00 0.00 0.00 0.00 0.00 0.00 0.00 0.00 0.00 0.00 0.00 0.00 0.00 0.00
