Wansh/Snow_depth/snowdepth-1996/spring/1996070.txt
ncols 321
nrows 161
xllcenter 60
yllcenter 15 
cellsize  0.25 
NODATA_value -1
[rows 0 to 36 of 161, columns 168 to 251 of 321]
6.06 8.32 8.32 6.64 6.64 6.57 7.52 7.23 8.10 8.10 8.03 8.03 8.03 8.03 8.40 7.96 7.96 9.56 12.56 15.04 14.67 14.75 8.25 8.25 8.91 7.01 6.79 0.00 0.00 0.00 0.00 0.00 9.64 13.94 13.29 13.29 15.48 14.16 17.30 16.72 18.47 20.73 23.29 22.56 25.99 30.44 31.17 26.43 21.83 22.48 17.45 17.59 17.74 17.08 16.94 21.10 21.83 20.88 22.85 21.46 21.46 21.61 22.48 22.19 24.09 24.97 25.04 22.70 23.73 19.93 18.40 18.54 18.91 20.00 19.86 21.32 20.88 22.19 22.85 22.92 21.02 21.46 19.78 19.35
10.29 7.66 7.66 6.86 7.30 7.37 6.06 5.40 6.35 6.35 6.20 7.37 8.32 7.23 8.47 8.18 10.59 13.21 12.48 15.04 14.60 14.16 12.63 9.42 7.66 2.92 4.16 0.00 0.00 0.00 0.73 9.64 7.96 10.73 12.56 12.56 13.94 13.29 17.81 20.81 23.58 21.90 26.57 30.08 29.78 30.08 23.21 22.85 22.85 21.83 21.61 19.64 19.35 21.75 22.05 21.61 22.48 22.70 23.00 21.90 21.90 23.43 22.27 23.73 23.51 23.36 23.43 24.45 21.32 20.15 20.37 21.39 21.02 20.37 21.32 21.24 22.85 22.41 23.51 19.78 20.59 16.43 14.60 16.86
11.10 9.78 10.44 8.40 7.08 4.82 5.48 5.91 6.57 6.57 7.45 7.59 7.96 7.96 9.13 7.96 11.02 15.18 15.48 15.33 15.55 14.67 13.72 10.80 10.59 0.00 0.00 0.00 0.00 0.00 0.00 7.52 11.24 10.37 12.05 12.05 13.80 19.71 18.32 22.27 20.51 24.09 24.67 27.16 20.37 20.00 20.22 21.68 21.17 22.63 22.27 22.70 22.34 21.24 21.53 21.68 21.83 21.53 22.70 22.34 22.34 23.80 21.83 22.34 21.61 21.61 22.19 21.39 21.68 19.78 21.32 20.95 21.61 21.68 19.93 18.69 20.66 20.88 18.61 19.13 16.57 17.01 15.11 14.53
11.10 9.78 10.44 8.40 7.08 4.82 5.48 5.91 6.57 6.57 7.45 7.59 7.96 7.96 9.13 7.96 11.02 15.18 15.48 15.33 15.55 14.67 13.72 10.80 10.59 0.00 0.00 0.00 0.00 0.00 0.00 7.52 11.24 10.37 12.05 12.05 13.80 19.71 18.32 22.27 20.51 24.09 24.67 27.16 20.37 20.00 20.22 21.68 21.17 22.63 22.27 22.70 22.34 21.24 21.53 21.68 21.83 21.53 22.70 22.34 22.34 23.80 21.83 22.34 21.61 21.61 22.19 21.39 21.68 19.78 21.32 20.95 21.61 21.68 19.93 18.69 20.66 20.88 18.61 19.13 16.57 17.01 15.11 14.53
11.61 10.88 11.39 8.47 7.37 5.69 7.01 6.64 6.06 6.06 8.18 7.30 7.23 13.43 14.24 15.48 16.86 16.72 15.33 12.92 12.78 12.63 11.53 5.04 11.61 0.00 0.00 0.00 0.00 2.26 0.15 6.94 7.15 10.15 14.02 14.02 13.07 17.30 15.04 15.18 17.37 14.09 16.13 15.62 16.94 19.78 19.05 22.48 24.75 24.38 22.85 21.90 22.34 20.88 20.00 20.22 20.73 21.61 21.61 21.68 21.68 23.94 22.27 21.75 21.53 19.86 20.44 20.59 19.42 19.56 18.54 18.54 20.00 18.83 17.37 17.59 17.08 16.94 17.01 16.35 16.28 16.43 16.50 15.91
13.36 13.94 11.17 9.49 10.00 6.57 5.91 8.47 9.56 9.56 8.69 13.94 14.67 14.24 14.82 16.13 15.91 12.85 11.53 12.26 10.59 3.94 10.73 0.00 0.00 0.00 0.00 0.00 0.00 6.79 7.59 7.96 7.37 11.17 14.16 14.16 13.29 13.65 13.14 10.59 14.02 13.58 13.29 16.43 15.62 21.02 21.97 21.17 23.21 24.31 24.02 24.24 24.31 24.67 20.59 19.64 20.00 17.89 19.71 19.78 19.78 21.02 19.78 21.53 19.49 20.15 16.06 15.70 15.55 17.59 17.37 18.10 15.77 16.21 14.67 14.75 14.60 17.30 16.43 16.57 16.94 16.94 16.50 18.83
15.18 15.26 14.67 12.12 13.87 11.46 12.05 10.15 11.75 11.75 10.00 14.53 16.94 17.96 16.50 17.45 15.77 13.14 9.27 6.13 7.37 2.56 4.89 0.00 0.00 0.00 0.00 4.38 3.14 7.23 9.42 12.85 14.60 13.94 15.04 15.04 13.36 10.66 11.10 9.49 9.13 11.75 11.10 15.55 19.27 18.54 20.51 22.12 21.68 23.94 24.97 24.53 24.75 20.88 21.53 18.91 17.37 17.67 16.86 19.05 19.05 18.32 20.73 20.44 18.32 14.97 15.40 14.45 14.60 14.09 14.24 13.14 15.04 13.80 13.94 13.58 14.31 14.16 15.26 18.48 19.06 22.85 23.49 25.68
15.18 15.26 14.67 12.12 13.87 11.46 12.05 10.15 11.75 11.75 10.00 14.53 16.94 17.96 16.50 17.45 15.77 13.14 9.27 6.13 7.37 2.56 4.89 0.00 0.00 0.00 0.00 4.38 3.14 7.23 9.42 12.85 14.60 13.94 15.04 15.04 13.36 10.66 11.10 9.49 9.13 11.75 11.10 15.55 19.27 18.54 20.51 22.12 21.68 23.94 24.97 24.53 24.75 20.88 21.53 18.91 17.37 17.67 16.86 19.05 19.05 18.32 20.73 20.44 18.32 14.97 15.40 14.45 14.60 14.09 14.24 13.14 15.04 13.80 13.94 15.70 19.74 20.38 20.90 31.40 31.48 30.41 30.22 26.65
13.43 18.91 16.86 17.59 15.91 13.43 11.75 10.66 10.88 10.88 11.24 12.85 18.76 18.61 17.45 13.51 11.02 11.24 9.56 0.00 0.00 0.00 0.00 0.00 0.00 0.00 1.97 6.13 9.42 10.29 10.00 12.26 14.16 14.02 13.21 13.21 13.43 8.76 5.84 6.35 7.96 11.68 16.06 15.18 19.35 19.49 19.42 21.53 21.97 21.61 23.29 19.27 20.08 19.35 17.23 16.94 16.57 17.23 16.86 18.61 18.61 19.20 19.78 18.47 18.69 17.52 15.99 15.11 13.94 14.02 13.87 13.36 11.61 12.34 14.79 19.84 20.94 21.02 17.71 25.79 30.36 24.81 25.78 28.23
11.97 13.51 15.77 14.45 14.09 13.87 12.99 14.31 11.75 11.75 11.61 12.99 17.96 12.63 11.32 8.98 5.99 0.00 0.00 0.00 0.00 0.00 0.00 0.51 3.29 7.96 8.40 9.34 11.10 11.68 11.10 11.83 11.83 13.58 11.75 11.75 7.52 8.32 6.42 11.39 12.34 12.12 15.70 15.84 15.18 18.32 18.76 18.32 19.78 17.45 16.94 17.16 15.84 15.40 15.99 17.01 16.94 18.98 18.76 18.54 18.54 19.56 18.54 19.05 17.23 15.70 16.28 12.56 12.48 12.41 13.94 14.09 12.51 15.99 17.24 18.17 20.52 21.50 24.88 25.43 21.90 24.59 28.45 28.77
8.98 11.10 10.66 12.48 14.60 13.14 12.70 14.97 14.53 14.53 10.88 10.07 9.71 9.93 9.20 0.00 0.00 0.00 0.00 1.75 3.29 0.00 6.50 8.83 9.86 10.07 11.10 10.59 11.61 9.56 8.76 9.20 8.18 7.74 8.61 8.61 9.20 12.34 12.41 14.45 14.97 13.87 14.16 13.14 10.73 11.53 14.24 13.07 12.41 15.26 14.97 15.11 15.48 14.97 15.40 16.57 19.64 19.05 22.19 23.58 23.58 22.56 20.15 16.13 16.72 13.58 13.07 12.63 12.63 12.19 12.19 11.10 10.63 10.60 11.06 15.62 19.94 21.49 18.86 20.21 24.26 24.55 24.27 25.07
8.98 11.10 10.66 12.48 14.60 13.14 12.70 14.97 14.53 14.53 10.88 10.07 9.71 9.93 9.20 0.00 0.00 0.00 0.00 1.75 3.29 0.00 6.50 8.83 9.86 10.07 11.10 10.59 11.61 9.56 8.76 9.20 8.18 7.74 8.61 8.61 9.20 12.34 12.41 14.45 14.97 13.87 14.16 13.14 10.73 11.53 14.24 13.07 12.41 15.26 14.97 15.11 15.48 14.97 15.40 16.57 19.64 19.05 22.19 23.58 23.58 22.56 20.15 16.13 16.72 13.58 13.07 12.63 12.63 12.19 12.19 11.10 10.37 10.44 10.73 14.51 17.77 19.90 20.12 20.97 24.26 24.02 26.66 26.82
11.32 11.83 11.02 10.37 9.13 10.66 10.00 11.46 13.94 13.94 7.81 4.96 0.00 0.00 0.00 0.00 0.00 0.00 5.40 7.59 4.89 7.96 6.64 8.10 8.54 8.18 8.54 9.05 8.61 8.76 8.10 8.47 8.98 10.15 9.42 9.42 12.05 13.51 15.48 15.26 13.65 13.14 10.95 11.83 8.83 8.47 8.10 12.05 12.63 12.99 13.87 11.46 10.95 13.65 11.02 10.29 10.80 20.08 19.27 20.95 20.95 18.18 18.10 16.06 14.16 14.31 14.24 14.75 14.89 11.97 10.88 11.39 10.22 10.66 10.78 14.70 17.93 15.87 19.72 23.43 20.99 24.80 24.37 23.17
13.51 13.94 10.00 11.39 9.86 9.86 5.04 0.44 0.00 0.00 0.00 0.00 0.00 0.00 0.00 0.00 0.88 0.00 4.53 6.72 6.57 7.30 9.20 7.66 8.03 7.96 8.18 8.76 11.17 9.71 8.76 8.91 8.98 9.49 10.88 10.88 10.80 12.99 13.58 12.85 12.85 12.63 11.24 11.53 8.69 9.34 9.64 10.00 9.93 7.15 7.45 8.10 6.42 6.06 7.15 9.13 8.40 11.75 16.28 16.50 16.50 17.37 18.32 18.47 18.32 17.08 17.01 15.91 15.70 16.13 16.06 14.60 11.10 13.36 15.34 16.65 14.70 18.68 18.31 18.98 23.48 21.85 22.40 21.66
13.21 14.97 13.51 14.38 11.32 12.78 7.52 3.87 0.00 0.00 0.00 7.74 1.90 2.63 3.29 0.80 3.65 5.77 6.72 6.35 7.23 7.45 9.20 8.98 9.27 11.10 10.88 11.32 11.24 10.15 10.59 9.86 9.93 10.07 11.53 11.53 10.80 11.10 13.29 11.24 11.68 12.19 10.29 9.64 11.02 11.17 9.71 10.51 8.10 7.37 5.11 5.84 4.31 3.80 3.58 6.64 10.73 10.15 12.92 14.53 14.53 16.79 17.52 18.03 17.81 18.40 16.64 17.96 17.16 18.18 17.96 17.37 15.46 16.61 17.96 17.70 19.22 18.60 19.25 19.65 20.77 19.81 19.81 17.98
14.38 12.26 13.51 13.43 13.58 11.97 10.44 8.47 10.88 10.88 11.39 10.37 9.71 7.52 8.40 5.04 4.96 4.38 5.55 5.77 5.62 7.52 8.40 8.61 9.42 10.59 11.39 11.53 10.80 11.02 11.17 10.37 13.14 11.97 12.41 12.41 12.05 12.63 11.10 10.95 11.90 11.02 11.24 11.39 11.90 11.61 9.42 11.32 7.37 8.91 4.38 1.53 1.68 3.21 4.45 8.32 7.88 12.70 13.29 13.36 13.36 12.34 13.07 16.86 16.50 14.16 14.97 14.60 21.17 19.78 22.12 19.27 21.63 17.52 18.80 16.90 18.62 18.60 18.58 20.46 20.74 22.06 20.19 16.63
14.38 12.26 13.51 13.43 13.58 11.97 10.44 8.47 10.88 10.88 11.39 10.37 9.71 7.52 8.40 5.04 4.96 4.38 5.55 5.77 5.62 7.52 8.40 8.61 9.42 10.59 11.39 11.53 10.80 11.02 11.17 10.37 13.14 11.97 12.41 12.41 12.05 12.63 11.10 10.95 11.90 11.02 11.24 11.39 11.90 11.61 9.42 11.32 7.37 8.91 4.38 1.53 1.68 3.21 4.45 8.32 7.88 12.70 13.29 13.36 13.36 12.34 13.07 16.86 16.50 14.16 14.97 14.60 21.17 19.78 22.12 23.66 20.27 19.04 16.88 20.91 18.89 20.56 18.95 18.45 20.05 18.97 21.95 18.88
9.27 9.86 10.44 11.75 7.81 7.37 8.76 8.98 9.49 9.49 8.54 10.73 2.92 3.50 3.72 3.36 3.29 3.36 4.31 4.74 6.28 7.30 7.45 7.23 8.47 9.78 9.78 10.59 11.39 11.02 12.70 12.56 13.14 13.07 14.38 14.38 14.24 13.36 11.97 12.19 12.12 13.65 14.31 14.60 12.70 10.44 6.28 10.66 6.64 2.56 4.38 0.66 0.51 0.51 3.58 5.69 5.99 5.84 11.53 10.29 10.29 10.15 10.80 6.86 7.59 10.37 11.97 10.95 19.13 21.24 22.16 20.17 22.35 19.93 22.83 23.05 21.96 18.32 18.69 21.90 19.83 20.00 18.51 16.47
7.37 5.99 6.79 6.94 7.30 6.13 7.15 4.96 3.72 3.72 3.36 2.77 2.77 4.23 3.21 7.88 6.06 4.60 5.11 4.74 6.57 7.45 7.66 6.72 8.25 9.34 8.91 9.71 9.93 11.10 12.26 11.68 12.85 12.05 13.87 13.87 12.70 12.19 12.12 13.29 13.43 12.85 12.99 6.94 7.66 6.79 3.58 4.45 4.89 2.34 0.58 0.80 0.00 0.00 0.00 1.53 2.70 3.50 2.19 2.99 2.99 6.28 6.64 4.23 4.23 3.21 5.26 8.54 13.72 19.22 21.16 21.02 21.64 19.57 19.58 21.67 18.59 19.79 20.22 21.90 19.71 22.26 18.27 18.20
4.09 4.45 6.13 4.89 5.33 5.26 5.26 4.89 4.74 4.74 3.43 4.31 5.26 7.15 9.56 8.83 7.74 6.86 5.84 4.60 5.69 7.15 8.98 7.96 8.03 8.32 8.40 7.96 7.74 9.34 11.17 12.34 12.78 12.41 12.48 12.48 12.78 12.48 12.63 11.90 11.02 5.99 7.52 5.77 2.12 3.29 2.77 3.50 1.75 2.48 0.37 0.00 0.00 0.00 0.00 0.00 0.00 0.44 1.24 1.39 1.39 0.00 0.00 1.10 1.90 3.29 3.07 5.33 10.22 14.02 12.85 19.64 22.85 22.56 24.02 22.98 20.79 24.44 24.45 19.22 20.73 17.25 14.96 16.81
2.04 3.36 2.63 3.58 5.11 3.94 3.94 5.11 4.60 4.60 4.38 4.23 5.55 8.61 9.71 9.49 6.50 7.08 5.84 6.86 7.37 7.15 9.27 8.91 7.66 6.06 6.79 7.45 8.32 11.75 10.88 12.99 11.32 11.68 11.46 11.46 12.63 9.42 8.83 9.71 4.96 3.87 1.90 2.48 2.12 2.85 2.70 3.36 0.07 0.00 0.00 0.00 0.00 0.00 0.00 0.00 0.00 0.00 0.00 0.00 0.00 0.00 0.00 0.00 0.00 0.29 3.36 2.77 5.77 10.51 16.64 15.48 20.59 23.80 23.73 26.26 24.97 20.86 25.27 21.79 21.10 17.75 19.43 15.87
0.66 1.83 2.85 2.85 1.68 3.43 2.41 4.09 3.72 3.72 3.72 4.38 5.91 8.25 7.66 6.86 4.45 5.33 4.53 7.15 7.96 8.03 7.15 7.01 6.94 7.23 6.86 8.03 9.78 12.12 11.39 12.12 11.46 11.97 7.37 7.37 6.64 8.40 1.53 2.77 2.56 1.90 1.61 2.12 2.04 2.41 0.15 0.00 0.00 0.00 0.00 0.00 0.00 0.00 0.00 0.00 0.00 0.00 0.00 0.00 0.00 0.00 0.00 0.00 0.00 0.00 0.00 0.37 1.39 5.33 10.66 6.64 13.94 17.52 20.84 19.62 25.70 20.95 22.99 17.17 10.93 13.48 12.94 11.70
0.66 1.83 2.85 2.85 1.68 3.43 2.41 4.09 3.72 3.72 3.72 4.38 5.91 8.25 7.66 6.86 4.45 5.33 4.53 7.15 7.96 8.03 7.15 7.01 6.94 7.23 6.86 8.03 9.78 12.12 11.39 12.12 11.46 11.97 7.37 7.37 6.64 8.40 1.53 2.77 2.56 1.90 1.61 2.12 2.04 2.41 0.15 0.00 0.00 0.00 0.00 0.00 0.00 0.00 0.00 0.00 0.00 0.00 0.00 0.00 0.00 0.00 0.00 0.00 0.00 0.00 0.00 0.37 1.39 5.33 10.66 6.64 13.94 17.52 20.00 19.73 19.96 18.43 19.25 19.99 13.36 13.77 10.14 10.80
0.00 1.39 1.17 1.97 2.77 2.99 3.50 3.80 4.60 4.60 6.06 5.99 5.91 6.13 6.64 2.99 4.09 5.77 4.31 5.26 8.83 8.76 7.66 7.59 9.05 8.03 10.29 9.27 10.59 10.22 8.98 8.83 9.78 4.23 4.23 4.23 1.53 1.10 1.02 1.61 2.26 2.19 2.19 2.41 1.17 0.29 0.95 0.00 0.00 0.00 0.00 0.00 0.00 0.00 0.00 0.00 0.00 0.00 0.00 0.00 0.00 0.00 0.00 0.00 0.00 0.00 0.00 0.00 0.37 2.19 3.87 3.72 8.91 13.87 13.36 15.26 19.29 24.37 26.71 20.15 13.49 8.47 9.09 10.74
0.00 0.00 1.10 2.41 2.12 2.63 3.50 2.70 3.72 3.72 5.55 5.91 5.48 5.40 3.94 4.31 4.16 4.96 4.96 6.20 8.61 9.27 8.69 9.49 9.49 9.86 10.88 10.95 8.76 9.34 7.66 2.56 1.31 1.53 1.90 1.90 0.73 1.24 1.46 1.31 2.04 2.56 2.92 2.70 3.07 1.90 0.00 0.22 0.00 0.00 0.00 0.00 0.00 0.00 0.00 0.00 0.00 0.00 0.00 0.00 0.00 0.00 0.00 0.00 0.00 0.00 0.00 0.29 0.00 1.97 4.60 8.83 7.74 13.80 16.47 19.44 19.12 22.83 20.15 13.34 9.25 7.08 7.79 7.61
0.00 0.00 0.66 0.00 0.88 2.85 2.26 1.97 4.09 4.09 5.04 5.55 4.96 5.33 4.89 5.99 7.74 4.82 8.47 8.91 9.56 10.15 9.34 9.71 9.78 9.49 9.34 9.78 7.30 2.92 3.43 2.41 0.95 0.44 0.51 0.51 0.51 1.68 2.26 2.85 2.77 2.70 1.46 1.83 2.26 0.58 0.00 0.00 0.00 0.00 0.00 0.00 0.00 0.00 0.00 0.00 0.00 0.00 0.00 0.00 0.00 0.00 0.00 0.00 0.00 0.00 0.00 0.00 0.80 5.33 4.82 10.66 19.57 23.60 23.49 25.02 19.59 14.85 17.40 15.95 8.09 6.87 2.40 4.56
0.00 0.00 0.00 0.00 0.00 1.46 3.07 3.87 3.65 3.65 3.43 3.36 3.14 4.31 7.08 6.42 7.59 6.94 4.60 6.42 9.56 10.15 10.80 6.06 7.15 7.08 7.88 7.52 1.68 1.83 0.73 0.00 0.07 0.73 0.51 0.51 2.41 2.12 2.19 2.12 3.14 1.02 0.88 1.31 1.02 0.58 0.00 0.00 0.00 0.00 0.00 0.00 0.00 0.00 0.00 0.00 0.00 0.00 0.00 0.00 0.00 0.00 0.00 0.00 0.00 0.00 0.00 0.00 0.00 5.55 10.44 18.10 16.71 24.58 25.20 29.94 25.68 16.95 11.21 5.52 2.92 2.50 2.70 0.00
0.37 0.00 0.00 0.00 0.00 0.00 1.17 0.15 0.00 0.00 0.00 2.12 0.00 2.04 1.83 3.50 5.62 3.43 4.82 3.87 6.94 6.06 1.10 1.24 2.41 0.44 0.80 0.73 0.73 1.02 0.29 0.00 0.00 0.22 0.15 0.15 2.19 1.83 1.68 1.97 0.44 0.00 0.00 0.00 0.00 0.00 0.00 0.00 0.00 0.00 0.00 0.00 0.00 0.00 0.00 0.00 0.00 0.00 0.00 0.00 0.00 0.00 0.00 0.00 0.00 0.00 0.00 0.00 5.18 3.94 10.41 18.29 28.26 23.43 28.12 22.94 12.92 7.79 8.74 4.69 2.48 1.53 0.00 0.00
0.37 0.00 0.00 0.00 0.00 0.00 1.17 0.15 0.00 0.00 0.00 2.12 0.00 2.04 1.83 3.50 5.62 3.43 4.82 3.87 6.94 6.06 1.10 1.24 2.41 0.44 0.80 0.73 0.73 1.02 0.29 0.00 0.00 0.22 0.15 0.15 2.19 1.83 1.68 1.97 0.44 0.00 0.00 0.00 0.00 0.00 0.00 0.00 0.00 0.00 0.00 0.00 0.00 0.00 0.00 0.00 0.00 0.00 0.00 0.00 0.00 0.00 0.00 0.00 0.00 0.00 0.00 0.00 5.18 3.94 10.46 18.09 25.55 26.11 30.00 26.77 14.99 7.54 9.13 4.56 2.63 1.81 0.00 0.00
0.15 0.00 0.00 0.00 0.00 0.00 0.00 0.00 0.00 0.00 0.00 0.00 0.00 0.00 0.51 0.00 0.00 0.37 0.73 2.19 0.00 0.00 0.00 0.22 0.37 0.00 0.07 0.44 0.22 0.00 0.07 0.58 0.37 0.44 0.29 0.29 0.37 0.00 0.29 0.22 0.22 1.46 0.22 0.00 1.10 1.90 1.97 2.26 0.07 0.00 0.00 0.00 0.00 0.00 0.00 0.00 0.00 0.00 0.00 0.00 0.00 0.00 0.00 0.00 0.00 0.00 0.00 0.00 4.77 11.80 18.36 17.18 26.58 28.90 23.47 29.07 16.76 7.42 4.87 2.11 0.54 0.76 0.09 0.00
3.65 0.37 1.31 0.00 0.00 0.00 0.00 0.00 0.00 0.00 0.00 0.00 0.00 0.00 0.00 0.00 0.00 0.00 0.00 0.00 0.00 0.00 0.07 0.15 0.00 0.07 0.00 0.37 0.58 0.15 0.15 0.29 0.00 0.00 0.00 0.00 0.00 0.00 1.39 0.88 0.00 2.04 1.68 0.00 0.00 1.46 0.00 0.00 0.00 0.00 0.00 0.00 0.00 0.00 0.00 0.00 0.00 0.00 0.00 0.00 0.00 0.00 0.00 0.00 0.00 0.00 0.00 4.53 3.07 10.80 17.89 22.43 26.37 33.10 25.32 12.15 4.06 3.20 2.50 3.14 0.19 0.00 0.00 0.00
6.42 4.09 4.82 1.39 0.00 0.00 0.00 0.00 0.00 0.00 0.00 0.00 0.00 0.00 0.00 0.00 0.00 0.00 0.00 0.00 0.00 0.22 0.88 0.00 0.00 0.22 1.17 0.95 0.80 0.00 0.00 0.00 0.00 0.22 0.00 0.00 1.61 1.53 1.24 1.83 1.90 0.00 0.00 0.00 0.00 0.00 0.00 0.00 0.00 0.00 0.00 0.00 0.00 0.00 0.00 0.00 0.00 0.00 0.00 0.00 0.00 0.00 0.00 0.00 0.00 0.00 0.00 2.99 11.97 15.48 16.06 20.94 21.85 16.19 7.97 10.95 4.04 2.12 2.06 1.17 0.09 0.36 0.00 0.00
9.27 8.69 5.91 1.83 0.95 0.22 0.58 0.00 0.00 0.00 0.00 0.00 0.00 0.00 0.00 0.00 0.00 0.00 0.00 0.58 0.00 0.00 0.00 0.51 0.51 0.00 0.51 0.00 0.00 0.00 0.00 0.00 0.00 0.00 0.00 0.00 2.34 1.83 0.00 1.46 0.00 0.00 0.00 0.00 0.00 0.00 0.00 0.00 0.00 0.00 0.00 0.00 0.00 0.00 0.00 0.00 0.00 0.00 0.00 0.00 0.00 0.00 0.00 0.00 0.00 1.24 2.41 8.32 6.64 13.72 17.96 16.15 22.13 16.61 8.54 3.77 2.58 3.16 2.07 1.75 0.25 0.00 0.00 0.00
7.37 7.30 6.94 3.07 4.74 0.51 0.88 0.00 0.00 0.00 0.00 0.00 0.00 0.00 0.00 0.00 0.00 0.00 0.00 0.00 0.00 0.00 0.00 0.00 0.00 0.66 0.00 0.00 0.00 0.00 0.00 0.00 0.15 1.10 0.95 0.95 0.00 0.00 0.00 0.00 0.00 0.00 0.00 0.00 0.00 0.00 0.00 0.00 0.00 0.00 0.00 0.00 0.00 0.00 0.00 0.00 0.00 3.87 2.34 1.39 1.39 1.46 1.39 1.53 2.12 2.04 2.04 5.69 12.12 10.88 14.67 15.33 8.84 2.63 4.68 3.56 2.20 1.03 1.06 0.08 0.00 0.00 0.00 0.00
3.87 0.88 0.00 4.16 2.56 0.00 0.00 0.00 0.00 0.00 0.00 0.00 0.00 0.00 0.00 0.00 0.00 0.00 0.00 0.00 0.00 0.00 0.00 0.00 0.00 0.00 0.00 0.00 0.00 0.00 0.00 0.00 0.00 0.00 0.00 0.00 0.00 0.00 0.00 0.00 0.00 0.00 0.00 2.26 3.87 0.00 0.00 2.77 0.00 0.00 0.00 0.00 0.00 0.00 0.00 0.00 5.55 7.37 6.72 7.01 7.01 3.43 3.36 2.12 2.19 1.46 1.83 2.48 8.10 11.68 5.69 3.59 4.02 2.53 1.25 1.41 1.13 1.21 0.00 0.00 0.00 0.00 0.00 0.00
3.87 0.88 0.00 4.16 2.56 0.00 0.00 0.00 0.00 0.00 0.00 0.00 0.00 0.00 0.00 0.00 0.00 0.00 0.00 0.00 0.00 0.00 0.00 0.00 0.00 0.00 0.00 0.00 0.00 0.00 0.00 0.00 0.00 0.00 0.00 0.00 0.00 0.00 0.00 0.00 0.00 0.00 0.00 2.26 3.87 0.00 0.00 2.77 0.00 0.00 0.00 0.00 0.00 0.00 0.00 0.00 5.55 7.37 6.72 7.01 7.01 3.43 3.36 2.12 2.19 1.46 1.83 2.48 8.10 11.68 5.69 3.58 3.96 2.49 1.25 1.47 1.01 1.16 0.00 0.00 0.00 0.00 0.00 0.00
1.61 0.00 0.95 0.00 0.00 0.00 0.00 0.00 0.00 0.00 0.00 0.00 0.00 0.00 0.00 0.00 0.00 0.00 0.00 0.00 0.00 0.00 0.00 0.00 0.00 0.00 0.00 0.00 0.00 0.00 0.00 0.00 0.00 0.00 0.00 0.00 0.00 0.00 0.00 0.00 0.00 0.00 3.29 2.63 5.48 3.94 3.87 3.87 3.58 0.00 0.00 0.00 0.00 0.00 0.00 3.07 4.96 5.77 7.08 7.30 7.30 4.09 2.56 2.63 1.10 1.10 0.66 1.97 2.34 2.26 3.29 2.19 1.75 1.55 1.32 0.84 0.32 0.37 0.00 0.00 0.00 0.00 0.00 0.00
