Wansh/Snow_depth/snowdepth-1996/spring/1996063.txt
ncols 321
nrows 161
xllcenter 60
yllcenter 15 
cellsize  0.25 
NODATA_value -1
[rows 74 to 110 of 161, columns 84 to 167 of 321]
0.00 0.00 0.00 0.00 0.58 0.37 0.37 1.17 0.80 0.00 0.95 0.07 1.53 3.36 2.56 2.41 2.85 3.50 3.50 0.00 3.72 3.07 0.00 0.00 0.00 4.23 2.92 3.29 3.14 0.00 0.00 0.00 0.00 0.00 3.07 4.09 4.82 3.80 6.50 11.90 10.51 3.94 1.53 1.53 1.10 1.24 0.88 0.51 0.00 0.73 0.00 0.00 0.00 0.00 0.00 1.17 0.07 0.00 0.00 1.17 1.17 0.00 0.00 0.00 0.00 0.00 0.00 0.00 0.00 0.00 1.69 0.58 0.00 0.00 0.00 0.00 0.00 0.00 0.00 0.00 0.00 0.66 1.10 0.22
0.00 0.00 0.00 2.04 1.83 2.04 3.65 2.26 3.14 0.00 0.00 0.00 2.99 3.58 3.50 3.14 2.85 3.50 3.50 3.14 2.92 3.21 2.41 3.21 4.23 6.28 4.02 3.29 3.36 0.00 0.00 0.00 0.00 3.21 3.43 4.16 4.67 5.40 9.20 8.83 4.96 5.91 2.41 2.41 1.68 0.58 0.88 0.73 1.24 0.15 0.00 0.00 0.00 0.22 0.00 0.00 0.00 0.00 1.53 1.46 1.83 1.75 1.53 1.46 0.00 0.00 0.00 0.00 0.00 0.15 2.85 1.90 1.39 0.00 0.00 0.00 0.00 0.00 0.00 0.00 0.00 0.00 1.61 0.22
3.43 0.58 0.80 1.97 2.92 2.19 0.00 4.74 4.02 3.72 4.53 3.14 4.45 4.74 3.80 3.87 2.92 2.85 2.85 3.43 2.56 3.36 2.92 2.85 3.58 6.20 4.38 3.58 0.00 0.00 0.00 0.00 0.00 0.00 3.07 3.94 3.72 3.50 5.62 7.37 5.55 3.72 3.65 3.65 3.07 0.88 0.51 2.92 1.75 0.37 1.31 0.00 0.15 1.24 0.00 0.15 0.66 0.00 1.61 0.44 2.26 0.73 2.19 2.41 1.46 0.00 1.10 0.58 0.58 1.31 3.50 2.19 2.85 0.58 0.00 0.00 0.00 0.00 0.00 0.00 0.00 0.00 0.00 0.15
2.34 2.04 0.95 1.53 1.97 2.85 2.85 3.36 4.38 4.74 4.82 4.89 5.40 4.96 4.16 4.23 3.58 2.85 2.85 3.50 2.77 2.77 2.92 3.58 3.80 4.67 4.09 3.80 0.00 0.00 0.00 2.19 0.00 2.48 3.65 0.00 0.00 0.00 3.58 5.55 5.48 4.60 3.50 3.50 3.58 2.34 2.12 0.00 0.00 0.00 1.61 0.00 0.00 1.68 1.61 0.00 0.00 0.58 2.56 2.34 1.97 2.26 3.07 2.70 2.26 1.68 2.56 1.97 1.97 1.10 3.72 2.92 2.04 1.31 0.00 0.00 0.00 0.00 0.00 0.00 0.00 0.51 0.22 0.00
3.43 3.36 2.41 3.14 0.88 1.83 1.83 3.65 3.14 4.16 3.87 5.40 4.67 4.60 3.94 3.72 3.43 3.80 3.80 3.58 2.77 3.21 3.65 3.94 3.50 3.87 0.00 0.00 0.00 0.00 0.00 0.00 0.00 0.00 3.07 0.00 0.00 0.00 0.00 0.00 0.00 0.00 0.00 0.00 0.00 0.00 0.00 0.00 0.00 0.00 2.48 0.00 0.00 1.83 0.00 1.83 0.88 0.15 2.26 2.63 2.85 3.65 2.92 3.07 3.29 5.62 2.99 6.50 6.50 5.40 4.82 3.29 3.14 1.83 1.31 0.00 0.22 0.00 0.00 0.00 0.00 1.32 1.10 0.89
3.29 0.00 0.00 3.50 1.97 0.00 3.21 2.77 3.07 3.65 3.36 3.87 3.50 3.50 3.50 3.80 3.94 3.43 3.43 3.87 3.72 3.58 3.87 3.65 3.21 2.63 3.21 0.00 3.36 0.00 0.00 0.00 0.00 0.00 0.00 2.85 0.00 0.00 0.00 0.00 0.00 0.00 0.00 0.00 0.00 0.00 0.00 0.00 0.00 0.00 0.00 0.00 0.00 0.00 0.00 0.15 0.29 1.61 2.70 2.56 2.92 2.41 2.85 2.63 2.77 4.45 6.13 4.02 4.02 5.77 5.11 4.02 4.09 3.80 3.59 1.24 0.00 0.00 0.51 0.00 0.00 1.24 1.39 1.32
0.00 0.00 0.00 2.92 0.00 2.41 2.63 3.43 2.63 2.92 2.77 3.21 2.99 2.70 2.99 2.99 4.38 4.02 4.02 3.65 2.56 3.21 3.50 3.58 3.14 1.90 2.92 0.00 3.65 3.29 2.41 0.00 0.00 0.00 0.00 0.00 0.00 0.00 0.00 0.00 0.00 0.00 0.00 0.00 0.00 0.00 0.00 0.00 0.00 0.00 0.00 0.00 0.00 0.00 0.00 0.00 0.51 1.75 2.41 2.77 2.26 2.04 2.56 2.48 0.29 0.00 2.99 0.66 0.66 3.43 3.94 7.15 5.84 5.40 7.74 4.26 0.60 0.00 1.39 0.95 0.00 0.95 0.58 1.10
0.00 0.00 0.00 0.00 0.00 2.56 0.00 0.00 0.00 2.92 3.29 3.07 3.29 2.48 2.99 2.92 3.14 2.70 2.70 2.77 0.00 3.14 2.70 2.70 0.00 0.00 2.19 2.04 2.77 2.48 0.00 0.00 0.00 0.00 0.00 0.00 0.00 0.00 0.00 0.00 0.00 0.00 0.00 0.00 0.00 0.00 0.00 0.00 0.00 0.00 0.00 0.00 0.00 1.46 0.58 0.80 1.10 1.53 2.12 2.48 3.14 2.48 2.34 1.83 0.00 0.00 0.00 0.00 0.00 2.26 7.66 8.98 12.19 8.98 10.44 6.38 0.96 2.29 1.44 1.95 0.73 0.44 0.51 1.90
0.00 0.00 0.00 0.00 0.00 0.00 0.00 0.00 0.00 0.00 0.00 3.36 3.29 2.70 3.21 3.21 2.70 2.63 2.63 0.00 0.00 0.00 0.00 0.00 0.00 0.00 0.00 0.00 2.26 0.00 0.00 0.00 0.00 0.00 0.00 0.00 0.00 0.00 0.00 0.00 0.00 0.00 0.00 0.00 0.00 0.00 0.00 0.00 0.00 0.00 0.00 0.00 0.80 0.51 0.00 0.44 0.37 1.46 2.19 4.09 3.94 3.43 3.14 3.50 2.04 0.73 1.75 2.56 2.56 3.94 5.77 10.00 11.32 11.02 10.66 8.03 4.16 1.97 1.61 2.05 1.53 0.73 1.17 0.88
1.90 0.00 0.00 0.00 0.00 0.00 0.00 0.00 0.00 0.00 0.00 3.65 0.00 3.14 3.94 3.72 0.00 0.00 0.00 0.00 0.00 0.00 0.00 0.00 0.00 1.10 0.00 0.00 0.00 0.00 0.00 0.00 0.00 0.00 0.00 0.00 0.00 0.00 0.00 0.00 0.00 0.00 0.00 0.00 0.00 0.00 0.00 0.00 0.00 0.00 0.44 0.00 1.39 0.80 0.51 0.44 2.04 2.12 2.77 4.74 4.16 4.60 3.87 5.84 5.33 5.48 5.48 3.50 3.50 4.16 5.26 5.69 10.66 9.20 10.59 5.55 5.18 3.07 2.26 3.58 1.97 1.10 1.97 0.80
0.00 1.02 0.73 0.00 0.00 0.00 0.00 0.00 0.00 0.00 0.00 0.00 0.00 0.00 3.65 0.00 0.00 0.00 0.00 0.00 0.00 0.00 0.00 2.26 2.12 0.00 0.00 0.00 0.00 0.00 0.00 0.00 0.00 0.00 0.00 0.00 0.00 0.00 0.00 0.00 0.00 0.00 0.00 0.00 0.00 0.00 0.00 0.00 0.00 0.44 0.22 0.95 0.00 2.85 3.07 5.33 2.92 3.87 4.23 4.53 5.69 5.77 8.98 9.34 10.15 17.81 12.48 5.26 5.26 7.15 4.89 6.13 7.01 9.20 7.59 7.66 5.55 4.96 3.21 4.89 3.29 2.26 3.14 0.58
0.00 0.00 1.02 0.00 0.00 0.00 0.00 0.00 0.00 0.00 0.00 0.00 0.00 3.50 3.43 0.00 0.00 2.70 2.70 3.72 4.16 0.00 0.00 0.00 0.00 0.00 0.00 0.00 0.00 0.00 0.00 0.00 0.00 2.56 0.00 0.00 0.00 0.00 0.00 0.00 0.00 0.00 0.00 0.00 0.00 0.00 0.00 0.58 0.00 0.80 0.66 0.95 2.04 4.09 5.55 7.88 5.33 3.36 5.11 6.20 7.34 9.39 13.25 13.72 15.40 24.75 18.03 14.38 14.38 8.10 9.34 14.60 7.15 6.28 6.50 5.40 5.40 6.28 6.06 6.72 5.48 2.34 3.07 1.02
0.44 0.00 1.10 1.83 2.56 2.19 0.00 0.00 0.00 2.34 0.00 0.00 2.48 0.00 0.00 0.00 3.36 3.80 3.80 3.94 3.94 5.26 0.00 3.65 0.00 0.00 0.00 2.70 0.00 0.00 0.00 0.00 0.00 2.63 0.00 0.00 0.00 0.00 0.00 4.53 2.56 3.29 1.83 1.83 0.80 1.53 1.46 1.39 1.24 1.46 0.80 1.24 1.39 4.67 7.30 8.54 9.64 15.84 17.30 18.47 18.69 21.39 19.81 20.81 22.05 22.92 22.56 22.92 22.92 27.30 23.21 21.68 19.71 15.33 6.57 6.94 7.30 7.52 7.81 7.96 9.05 7.23 2.77 1.02
1.24 1.02 0.00 0.00 0.00 0.00 0.00 0.00 0.00 0.00 0.00 0.00 2.77 0.00 2.56 0.00 3.80 3.72 3.72 3.72 3.72 3.94 0.00 3.43 0.00 1.83 2.34 2.04 0.00 0.00 0.00 0.00 0.00 0.00 0.00 0.00 0.00 0.00 3.43 4.60 4.89 2.26 3.29 3.29 2.19 2.04 1.53 1.97 1.10 1.02 0.88 1.02 2.19 2.19 7.45 6.64 12.34 16.94 20.88 23.14 23.36 18.69 18.91 18.40 17.27 19.64 16.28 18.32 18.32 20.66 21.17 19.05 19.64 11.90 11.53 7.96 7.37 7.88 8.32 8.32 10.44 8.54 5.48 2.41
2.04 0.00 0.00 0.00 0.00 0.00 0.00 0.00 0.00 0.00 0.00 3.36 3.29 2.92 3.14 2.63 3.21 3.43 3.43 3.58 3.87 3.14 2.48 0.00 0.00 2.92 2.41 2.56 0.00 2.19 0.00 0.00 0.00 2.34 0.00 0.00 0.00 0.00 3.43 3.80 4.53 5.40 3.80 3.80 4.16 4.82 1.97 3.94 2.41 0.80 1.46 1.10 2.70 5.99 7.15 9.64 11.10 13.65 16.94 21.68 15.77 16.50 15.70 14.67 17.70 18.85 18.25 15.62 15.62 14.02 17.01 17.45 17.30 13.29 13.51 10.37 7.88 7.66 10.51 8.32 10.29 9.42 5.84 4.45
1.46 1.46 0.00 0.00 0.00 0.00 0.00 0.00 0.00 0.00 0.00 0.00 0.00 0.00 0.00 0.00 3.21 2.99 2.99 3.14 2.99 3.07 2.92 2.48 2.99 0.00 2.92 0.00 0.00 0.00 0.00 2.26 2.48 2.19 3.14 2.56 2.04 3.21 0.00 0.00 3.14 3.36 5.18 5.18 4.23 5.55 5.18 4.53 5.40 2.70 2.77 4.02 4.53 9.86 7.23 8.10 11.39 11.46 13.34 12.76 11.61 13.43 14.60 15.04 17.12 19.04 19.44 16.21 16.21 15.77 15.04 16.79 15.55 16.21 14.75 13.51 10.44 12.12 12.26 9.10 8.90 7.68 4.33 4.92
1.10 0.80 0.00 0.00 0.00 0.00 0.00 0.00 0.00 0.00 0.00 0.00 0.00 0.00 0.00 0.00 2.56 2.56 2.56 2.48 0.00 3.14 2.56 2.04 2.41 2.70 0.00 0.00 0.00 0.00 0.00 1.83 2.04 2.70 0.00 0.00 0.00 0.00 0.00 0.00 0.00 3.43 4.16 4.16 2.04 4.23 3.80 4.09 5.69 6.50 5.04 2.41 8.47 14.82 13.36 13.36 11.17 11.24 9.78 7.52 8.35 10.15 13.20 13.21 15.91 18.91 17.47 19.20 18.60 14.53 14.09 14.24 15.77 15.55 14.24 13.65 12.63 11.53 11.62 9.63 7.37 10.22 7.09 8.25
1.75 1.17 1.24 1.90 0.00 0.00 0.00 1.24 0.15 0.95 0.00 0.00 0.00 0.00 0.00 0.00 0.00 0.00 0.00 0.00 0.00 0.00 0.00 0.00 0.00 0.00 0.00 0.00 0.00 0.00 0.00 0.00 0.00 0.00 0.00 0.00 0.00 0.00 0.00 0.00 0.00 0.00 1.24 1.24 2.70 1.46 2.70 3.94 3.87 5.77 4.96 10.95 13.36 17.16 17.96 18.54 17.08 11.32 8.41 11.36 9.27 9.78 11.32 15.74 13.92 16.46 15.55 15.70 15.77 13.53 12.18 12.41 13.65 13.80 12.47 11.39 11.83 12.19 11.08 11.77 10.89 12.05 9.08 11.29
0.80 1.24 1.17 0.00 0.37 1.17 1.39 1.31 1.39 1.46 0.00 0.00 0.88 0.00 0.00 0.00 0.00 0.00 0.00 2.26 1.31 0.00 0.00 0.00 0.00 0.00 0.00 0.00 0.00 0.00 0.00 0.00 0.00 0.00 0.00 0.00 0.00 0.00 0.00 0.00 0.00 0.00 0.00 0.00 1.24 0.66 0.95 1.90 1.61 3.36 7.88 11.10 14.60 20.66 19.27 20.88 19.13 15.04 12.70 14.30 12.61 10.63 9.73 12.10 18.76 19.68 16.02 9.56 9.56 9.63 11.42 12.92 15.55 15.42 12.62 12.17 14.60 14.01 13.55 13.33 12.39 13.47 12.09 12.59
1.75 1.83 0.88 0.58 0.88 1.31 0.00 0.00 0.00 0.00 1.02 0.00 0.00 0.00 0.00 0.00 0.00 0.00 0.00 0.00 0.00 0.00 0.00 0.00 0.00 0.00 0.00 0.00 0.00 0.00 0.00 0.00 0.00 0.00 0.00 0.00 0.00 0.00 0.00 0.00 0.00 0.00 0.00 0.00 0.58 0.51 0.73 1.17 2.92 5.91 8.83 7.74 16.57 18.98 18.32 20.15 19.99 19.27 15.48 15.26 13.72 14.76 10.89 11.53 16.50 14.60 12.25 7.23 7.23 7.37 8.88 11.73 13.34 15.33 15.86 14.01 15.62 15.12 15.07 12.19 14.22 16.93 14.60 15.27
2.48 2.70 1.90 0.73 1.97 1.83 0.00 0.00 0.00 1.46 1.31 0.00 0.00 0.00 0.73 0.51 0.66 0.00 0.00 0.00 0.00 0.00 0.00 0.00 0.00 0.00 0.00 0.00 0.00 0.00 0.00 0.00 0.00 0.00 0.00 0.00 0.00 0.00 0.00 0.00 0.00 0.00 0.00 0.00 0.29 0.44 0.07 1.17 1.61 4.31 8.76 11.90 16.02 18.14 18.73 18.08 19.87 19.78 20.59 20.73 15.33 13.35 9.84 10.65 13.58 12.10 12.44 11.53 11.59 8.23 13.39 12.49 9.60 13.70 17.46 15.04 15.94 14.98 11.40 13.38 14.52 14.91 14.28 10.61
3.72 4.45 3.14 1.97 3.36 1.83 2.99 0.00 0.00 1.75 1.53 0.00 0.00 0.00 0.00 0.00 0.73 0.00 0.00 0.00 0.00 0.00 0.00 0.00 0.00 0.00 0.00 0.00 0.00 0.00 0.00 0.00 0.00 0.00 0.00 0.00 0.00 0.00 0.00 0.00 0.00 0.00 0.07 0.07 0.51 0.58 1.39 2.63 2.04 9.64 11.53 14.16 15.48 16.13 16.70 14.98 17.91 20.57 19.49 17.25 18.12 13.87 10.10 8.39 9.05 8.19 11.38 3.82 3.82 4.13 5.72 7.71 5.56 10.77 13.87 15.26 12.37 8.06 8.39 12.30 14.60 15.96 13.12 10.69
4.53 4.60 5.48 5.33 5.26 4.53 4.89 1.83 2.56 2.19 2.56 0.00 0.00 0.00 0.00 0.15 0.00 0.00 0.00 0.00 0.00 0.00 0.00 0.00 0.00 0.00 0.00 2.26 0.80 0.00 0.00 0.00 0.00 0.00 0.00 0.00 0.00 0.00 0.00 0.00 0.00 0.00 0.00 0.00 1.24 1.68 0.95 1.90 6.72 9.34 14.16 14.60 14.82 15.33 14.53 16.06 12.05 10.93 11.87 17.81 15.39 9.28 8.88 7.11 6.07 6.60 3.27 2.82 2.77 2.22 2.35 3.70 10.61 7.42 10.37 10.86 10.30 4.28 6.66 8.74 10.08 16.71 9.79 9.98
6.35 4.67 4.02 7.23 6.28 6.42 9.64 4.60 6.50 3.29 1.68 2.34 0.00 0.00 0.00 0.00 0.00 0.00 0.00 0.00 0.00 0.00 0.00 0.00 0.00 0.00 1.75 0.95 0.00 0.00 0.00 0.00 1.39 0.00 0.00 0.00 0.00 0.00 0.00 0.00 0.00 2.12 4.60 4.60 2.12 3.65 3.87 5.26 5.04 11.83 14.68 15.04 16.05 17.01 12.95 13.43 10.80 9.13 9.32 9.40 10.86 7.76 7.11 5.62 2.74 3.57 2.89 2.63 2.57 2.34 0.88 4.76 6.51 10.68 8.80 8.32 5.73 2.42 4.02 6.33 6.52 12.01 7.09 7.48
7.23 5.04 9.78 11.90 11.90 15.18 16.94 13.58 12.99 6.94 3.43 1.90 1.68 1.17 0.73 0.00 1.10 0.00 0.00 1.10 1.10 0.66 0.00 0.00 0.00 1.61 1.83 1.31 1.61 0.58 1.46 1.46 1.02 1.97 1.46 1.39 2.19 0.00 0.00 1.10 3.94 1.02 3.14 3.14 4.60 4.60 4.23 8.25 8.54 13.36 11.29 12.17 13.05 7.85 7.11 7.82 9.61 8.60 10.82 8.36 8.51 8.25 6.75 8.81 5.33 2.79 2.07 1.35 1.33 0.95 1.24 2.42 5.35 8.38 5.69 5.18 1.89 1.07 1.42 1.03 1.17 2.69 3.65 5.37
8.18 8.32 10.59 12.34 17.08 15.33 16.94 16.35 13.58 7.81 3.94 1.97 1.90 1.68 1.39 0.51 1.61 1.61 1.61 1.24 1.31 1.24 0.00 0.73 1.24 0.95 1.31 0.22 1.02 0.95 1.75 0.80 0.88 1.97 1.75 2.19 3.14 3.36 2.26 0.95 0.88 0.07 0.29 0.29 2.85 2.92 3.21 4.45 8.58 12.32 8.58 9.25 8.31 7.49 6.50 7.35 7.34 8.44 8.54 10.32 10.47 10.06 10.17 8.20 5.55 2.12 3.01 1.16 1.14 0.95 1.10 1.91 3.25 4.96 5.13 3.29 1.99 0.45 0.00 0.46 1.58 2.31 3.43 2.97
10.80 7.52 9.86 5.62 12.48 9.42 14.67 9.64 6.20 4.02 3.65 2.26 1.39 2.19 2.26 1.39 2.04 1.68 1.68 1.24 1.31 1.39 0.51 1.31 1.17 0.51 0.07 0.88 1.02 0.95 0.73 0.29 0.80 1.61 2.34 2.48 3.29 3.87 1.97 1.61 0.00 0.00 0.00 0.00 0.66 2.34 1.02 4.28 8.68 9.87 9.37 9.39 9.55 6.30 8.47 6.92 5.26 4.12 8.82 9.79 9.65 11.62 8.40 5.40 3.07 2.61 1.94 0.66 0.73 0.56 0.30 0.70 1.87 5.57 5.54 4.13 2.04 0.15 0.52 0.00 0.41 1.20 2.10 2.25
6.28 3.14 6.94 0.00 7.81 7.66 9.78 6.53 4.82 3.14 2.56 1.75 2.26 2.19 2.12 2.70 2.48 2.26 2.26 2.26 1.68 1.46 0.95 0.95 1.10 0.15 0.00 0.44 0.88 1.10 0.51 0.37 0.00 0.37 1.10 1.39 2.99 3.07 0.00 0.00 0.00 0.00 0.22 0.22 0.00 0.15 2.77 3.30 6.20 8.49 9.90 10.47 13.42 10.61 9.23 4.20 2.82 5.76 4.40 8.28 11.59 10.81 10.42 9.05 5.11 2.86 1.76 2.35 2.27 1.16 0.63 2.62 3.09 3.53 4.82 4.57 1.78 0.99 0.00 0.39 0.00 0.79 1.71 2.63
0.00 0.00 0.00 0.00 6.42 6.35 8.03 6.94 5.33 4.09 4.31 0.00 2.77 0.00 1.90 2.34 2.70 2.26 2.26 2.41 2.56 1.53 1.24 1.17 1.10 0.00 0.00 0.00 0.00 1.10 0.58 0.07 0.00 0.00 0.15 1.02 1.39 0.00 0.00 0.00 0.00 0.00 0.00 0.00 0.00 0.37 0.66 4.45 5.99 7.81 9.26 10.63 9.84 10.22 5.37 3.00 1.97 0.00 4.98 6.84 7.56 9.58 9.55 12.49 6.09 6.70 4.68 2.64 2.65 2.90 1.32 1.29 2.94 1.07 2.39 2.94 1.71 1.17 0.00 0.00 0.90 1.02 3.79 3.24
0.00 0.00 0.00 0.00 0.00 6.20 7.74 6.72 7.88 5.40 5.69 3.94 3.50 0.00 1.75 1.39 2.12 2.92 2.92 3.21 3.14 1.02 0.80 0.58 0.15 0.00 0.15 0.00 0.00 0.00 0.00 0.00 0.00 0.00 0.00 0.15 0.00 0.00 0.00 0.00 0.00 0.00 0.00 0.00 0.00 0.00 3.37 4.23 6.82 5.64 10.07 11.37 9.24 5.51 2.98 0.00 0.00 5.90 3.31 6.34 6.59 9.40 7.42 10.99 8.39 8.83 7.82 5.89 6.89 2.30 1.92 0.89 1.98 0.09 0.00 1.42 0.73 0.73 0.00 0.00 2.17 3.38 4.46 2.68
0.00 0.00 0.00 0.00 0.00 0.00 5.99 5.91 7.15 6.28 6.57 6.64 5.91 5.62 0.00 4.82 5.84 7.08 7.08 6.79 8.25 1.53 0.37 0.00 0.00 0.00 0.00 0.00 0.00 0.00 0.00 0.00 0.00 0.00 0.00 0.00 0.00 0.00 0.00 0.00 0.00 0.00 0.00 0.00 0.00 0.00 0.00 0.68 4.45 4.68 6.46 8.58 7.18 2.88 4.25 0.00 0.00 0.00 4.47 3.11 8.64 6.91 7.99 8.76 9.88 10.54 9.58 7.79 8.72 6.12 4.44 1.98 0.79 0.00 0.00 1.78 1.74 0.95 0.00 0.19 1.49 3.53 3.96 3.03
0.00 0.00 0.00 0.00 0.00 0.00 5.18 7.23 7.30 5.62 6.64 6.86 8.03 8.54 5.69 9.56 11.06 11.90 11.90 10.73 14.82 3.94 0.00 0.00 0.00 0.00 0.00 0.00 0.00 0.00 0.00 0.00 0.00 0.00 0.00 0.00 0.00 0.00 0.00 0.00 0.00 0.00 0.00 0.00 0.00 0.00 0.00 0.00 3.13 6.49 7.54 7.80 6.02 0.00 0.00 0.00 0.00 0.00 0.00 0.00 4.04 7.48 8.13 6.61 9.87 10.64 9.87 8.87 9.06 7.39 6.59 3.31 1.85 0.17 1.12 0.90 1.65 1.08 0.00 0.09 1.01 2.96 3.20 0.00
0.00 0.00 0.00 0.00 0.00 0.00 0.00 6.50 6.42 2.77 6.57 9.49 6.42 6.28 12.26 12.69 12.70 13.23 12.34 11.61 16.50 11.32 2.92 0.22 0.00 1.31 1.10 0.00 0.00 0.00 0.00 0.00 0.00 0.22 0.00 0.00 0.80 0.00 0.00 0.00 1.97 0.22 0.37 0.37 0.00 0.00 0.00 0.93 3.59 9.89 10.50 0.00 4.59 5.39 0.00 0.00 0.00 0.00 0.00 0.00 5.74 5.32 5.20 2.35 9.50 15.13 10.35 8.67 10.59 9.02 4.20 4.26 2.25 1.00 1.05 2.48 1.91 1.97 0.46 0.20 0.00 0.00 0.00 0.00
0.00 0.00 0.00 0.00 0.00 0.00 0.00 0.00 0.00 0.00 0.00 0.00 0.00 3.87 4.82 4.89 6.13 6.12 6.21 8.54 17.01 11.10 5.48 2.77 6.57 13.21 14.16 11.24 6.13 6.57 8.69 6.64 3.87 11.17 6.57 8.76 5.91 10.88 7.37 6.24 7.90 9.00 5.91 5.91 4.74 0.58 4.53 2.71 2.77 0.00 0.00 0.00 0.00 0.00 0.00 0.00 0.00 0.00 0.00 0.00 0.00 0.00 0.00 8.24 11.99 9.70 7.71 5.50 6.15 6.09 5.77 4.84 3.54 3.08 2.32 3.35 1.06 0.55 0.00 0.00 0.00 0.00 0.00 0.00
0.00 0.00 0.00 0.00 0.00 0.00 0.00 0.00 0.00 0.00 0.00 0.00 0.00 0.00 0.00 0.00 0.00 0.00 0.00 0.00 14.28 12.18 10.07 8.47 9.93 14.76 11.90 13.51 10.88 10.66 13.72 15.55 17.59 11.02 10.44 9.71 11.24 10.88 13.43 10.44 10.74 11.36 10.88 12.15 10.51 7.88 6.35 4.57 0.00 0.00 0.00 0.00 0.00 0.00 0.00 0.00 0.00 0.00 0.00 0.00 0.00 0.00 0.00 7.86 4.53 4.13 4.50 2.56 2.56 4.78 6.66 4.29 1.67 1.99 2.39 2.31 0.00 0.00 0.00 0.00 0.00 0.00 0.00 0.00
0.00 0.00 0.00 0.00 0.00 0.00 0.00 0.00 0.00 0.00 0.00 0.00 0.00 0.00 0.00 0.00 0.00 0.00 0.00 0.00 6.13 7.37 8.98 10.29 10.59 12.03 4.54 9.42 10.73 11.83 13.72 15.40 18.90 15.40 9.56 5.60 11.10 10.07 11.17 10.73 3.02 10.73 8.85 11.24 12.87 6.84 6.06 3.44 0.00 0.00 0.00 0.00 0.00 0.00 0.00 0.00 0.00 0.00 0.00 0.00 0.00 0.00 0.00 0.00 4.08 0.00 0.00 0.00 0.00 0.00 0.00 3.48 1.57 0.00 2.11 1.49 0.00 0.00 0.00 0.00 0.00 0.00 0.00 0.00
0.00 0.00 0.00 0.00 0.00 0.00 0.00 0.00 0.00 0.00 0.00 0.00 0.00 0.00 0.00 0.00 0.00 0.00 0.00 0.00 0.00 0.00 5.40 7.15 0.00 0.00 0.00 6.20 11.39 10.29 12.56 8.96 17.00 15.04 11.39 3.92 0.00 8.76 9.71 2.85 0.00 0.00 7.26 8.29 0.00 0.00 0.00 1.90 0.00 0.00 0.00 0.00 0.00 0.00 0.00 0.00 0.00 0.00 0.00 0.00 0.00 0.00 0.00 0.00 0.00 0.00 0.00 0.00 0.00 0.00 0.00 0.00 0.00 0.00 0.00 1.85 0.00 0.00 0.00 0.00 0.00 0.00 0.00 0.00
