Wansh/Snow_depth/snowdepth-1996/spring/1996084.txt
ncols 321
nrows 161
xllcenter 60
yllcenter 15 
cellsize  0.25 
NODATA_value -1
[rows 0 to 36 of 161, columns 84 to 167 of 321]
22.92 22.63 22.85 19.71 20.44 16.28 14.67 14.16 16.64 15.84 18.76 19.42 19.05 18.47 20.88 21.90 22.56 22.56 22.56 21.02 21.53 18.69 14.67 15.18 10.37 6.35 7.37 4.38 5.18 4.82 8.25 7.52 10.07 10.37 10.66 9.20 7.08 5.99 7.15 5.11 7.81 7.23 8.83 8.83 10.22 7.81 7.81 6.94 6.79 8.32 12.41 9.86 12.56 11.24 11.24 11.24 8.76 9.34 7.45 7.96 5.84 5.62 5.62 5.18 5.84 5.91 7.08 6.57 6.57 7.66 9.78 10.95 11.61 12.19 12.19 12.19 10.73 13.58 15.04 14.75 13.29 13.51 13.43 12.34
22.19 21.97 19.35 19.86 17.01 17.52 15.70 17.37 17.23 20.29 19.13 19.27 17.45 17.81 15.04 15.33 15.11 15.77 15.77 15.40 17.59 18.98 18.91 17.81 12.56 8.98 7.88 4.38 4.96 3.65 5.33 4.60 9.05 8.91 9.49 7.37 7.74 6.35 6.64 5.62 9.56 8.10 12.34 12.34 16.86 14.67 12.41 8.47 7.59 6.94 7.96 10.59 8.03 6.86 7.88 8.54 8.25 7.96 11.83 9.42 10.15 6.35 7.45 5.69 7.15 6.50 12.05 11.61 11.61 12.92 12.56 11.32 12.70 12.85 13.43 17.23 16.94 16.86 16.79 14.89 14.16 14.45 13.21 13.72
20.44 21.68 19.27 16.35 16.79 17.67 16.94 19.64 20.88 20.51 21.24 19.86 20.15 17.81 18.10 15.40 13.87 13.36 13.36 16.35 15.91 18.47 18.76 18.83 15.84 9.42 10.22 6.28 3.72 3.94 3.50 3.58 6.79 6.06 9.71 8.69 7.88 7.15 6.79 8.10 7.81 9.20 16.72 16.72 19.35 21.97 20.66 11.46 12.92 6.94 6.50 5.99 6.35 6.50 6.79 7.81 10.66 12.19 11.90 12.05 14.02 10.44 14.82 14.67 13.29 14.16 13.14 14.09 14.09 17.52 13.94 13.43 13.43 14.53 13.43 14.45 19.27 20.95 17.89 17.08 17.16 15.33 16.06 13.87
20.44 21.68 19.27 16.35 16.79 17.67 16.94 19.64 20.88 20.51 21.24 19.86 20.15 17.81 18.10 15.40 13.87 13.36 13.36 16.35 15.91 18.47 18.76 18.83 15.84 9.42 10.22 6.28 3.72 3.94 3.50 3.58 6.79 6.06 9.71 8.69 7.88 7.15 6.79 8.10 7.81 9.20 16.72 16.72 19.35 21.97 20.66 11.46 12.92 6.94 6.50 5.99 6.35 6.50 6.79 7.81 10.66 12.19 11.90 12.05 14.02 10.44 14.82 14.67 13.29 14.16 13.14 14.09 14.09 17.52 13.94 13.43 13.43 14.53 13.43 14.45 19.27 20.95 17.89 17.08 17.16 15.33 16.06 13.87
19.56 17.89 18.03 15.62 18.03 17.37 17.74 18.18 17.89 18.76 20.95 19.78 19.20 19.20 18.18 14.67 15.40 11.83 11.83 13.43 10.66 13.65 12.99 16.64 17.67 17.67 11.53 4.67 5.69 3.94 3.43 3.58 4.53 8.83 10.51 9.78 9.64 7.96 7.96 7.66 6.94 8.18 16.13 16.13 13.65 20.08 22.63 18.54 10.37 9.86 9.34 8.47 6.79 6.06 6.06 7.08 8.69 9.13 11.97 11.02 14.38 14.38 13.72 14.45 16.86 17.89 17.81 17.08 17.08 17.30 16.13 14.97 14.97 14.75 16.72 19.05 18.25 20.08 17.96 14.45 15.84 16.06 15.99 15.40
18.47 18.10 20.29 19.78 19.93 17.45 16.50 16.64 17.30 17.30 19.05 18.54 20.15 19.93 19.93 18.32 19.42 16.21 16.21 11.39 14.45 10.80 14.09 13.36 16.79 14.45 8.83 8.83 6.50 4.67 4.23 4.16 6.86 5.77 8.98 10.51 9.49 6.79 6.64 5.55 4.96 6.64 7.08 7.08 12.26 12.26 19.56 20.08 16.72 16.79 16.86 8.61 6.20 6.64 6.42 7.74 7.30 8.25 12.26 13.29 14.24 18.40 18.10 18.10 18.25 16.72 16.13 14.60 14.60 14.53 14.97 14.67 14.75 14.60 14.16 13.87 12.48 11.83 12.26 12.85 15.91 16.79 18.18 17.67
20.22 21.10 20.37 20.51 20.59 19.13 18.10 18.69 18.47 18.83 17.96 19.05 18.40 18.47 19.71 19.35 19.49 17.89 17.89 16.86 17.01 13.29 11.39 11.17 13.51 8.98 10.07 6.42 5.48 5.77 4.74 6.20 4.96 6.13 8.98 9.93 9.78 9.49 7.96 5.18 5.26 7.45 6.79 6.79 9.71 11.83 19.86 17.89 18.54 10.22 7.52 7.66 7.30 7.01 7.81 8.61 10.37 13.36 12.63 14.53 13.87 19.20 20.00 18.69 17.89 17.89 17.59 14.82 14.82 15.11 17.01 17.59 17.67 16.35 16.64 16.57 13.29 12.63 12.56 12.85 13.21 15.40 16.57 15.99
20.22 21.10 20.37 20.51 20.59 19.13 18.10 18.69 18.47 18.83 17.96 19.05 18.40 18.47 19.71 19.35 19.49 17.89 17.89 16.86 17.01 13.29 11.39 11.17 13.51 8.98 10.07 6.42 5.48 5.77 4.74 6.20 4.96 6.13 8.98 9.93 9.78 9.49 7.96 5.18 5.26 7.45 6.79 6.79 9.71 11.83 19.86 17.89 18.54 10.22 7.52 7.66 7.30 7.01 7.81 8.61 10.37 13.36 12.63 14.53 13.87 19.20 20.00 18.69 17.89 17.89 17.59 14.82 14.82 15.11 17.01 17.59 17.67 16.35 16.64 16.57 13.29 12.63 12.56 12.85 13.21 15.40 16.57 15.99
19.93 21.17 20.66 20.59 20.88 19.71 19.78 18.54 18.69 19.42 17.30 18.69 12.85 13.94 16.35 17.01 17.67 18.47 18.47 19.35 22.12 19.78 13.14 11.17 10.59 7.88 5.69 5.26 5.11 5.62 6.50 6.28 6.57 7.96 11.97 11.10 13.14 11.46 10.88 7.30 7.81 7.08 6.42 6.42 9.71 11.24 13.36 8.69 11.61 7.96 7.81 7.30 11.39 9.42 9.86 9.34 11.17 10.80 12.85 12.12 14.75 15.18 14.82 15.70 17.52 17.16 15.77 16.86 16.86 16.50 17.45 17.89 17.96 16.06 17.45 17.01 13.58 14.45 12.85 13.80 12.99 12.26 12.78 15.26
20.66 20.81 20.81 21.17 21.02 20.08 19.27 19.71 19.42 19.27 18.61 13.07 12.48 12.26 16.13 17.67 17.81 20.37 20.37 22.05 21.68 20.15 12.41 14.24 7.52 6.28 6.72 5.48 5.91 5.77 5.91 5.77 6.94 6.50 9.71 12.19 14.09 11.83 10.59 8.61 8.91 7.23 6.35 6.35 8.47 7.88 7.81 8.18 9.20 8.61 12.78 14.24 13.51 12.12 11.32 12.05 11.90 11.53 10.37 12.12 11.17 12.70 11.68 13.80 13.36 14.89 15.91 17.08 17.08 18.61 19.78 19.93 18.91 15.62 15.91 14.60 15.55 14.82 16.72 17.96 12.34 12.48 11.61 12.12
20.37 19.71 19.49 19.93 20.37 20.51 19.56 18.18 18.54 17.16 15.26 16.06 15.18 17.59 14.89 19.64 21.24 19.86 19.86 22.19 21.46 21.46 17.59 8.98 7.23 7.01 6.79 5.91 5.99 5.91 5.77 6.42 7.30 6.79 10.44 12.48 11.68 11.24 11.39 10.29 9.13 7.30 8.69 8.69 9.20 8.47 8.83 9.05 12.34 12.63 12.70 13.51 12.85 11.90 11.32 11.68 11.68 11.61 14.24 10.88 13.29 14.53 13.36 14.75 13.94 16.13 17.08 22.27 22.27 23.36 21.10 20.88 20.37 17.52 15.84 15.40 16.94 18.40 16.43 17.23 15.48 15.11 12.41 12.19
20.37 19.71 19.49 19.93 20.37 20.51 19.56 18.18 18.54 17.16 15.26 16.06 15.18 17.59 14.89 19.64 21.24 19.86 19.86 22.19 21.46 21.46 17.59 8.98 7.23 7.01 6.79 5.91 5.99 5.91 5.77 6.42 7.30 6.79 10.44 12.48 11.68 11.24 11.39 10.29 9.13 7.30 8.69 8.69 9.20 8.47 8.83 9.05 12.34 12.63 12.70 13.51 12.85 11.90 11.32 11.68 11.68 11.61 14.24 10.88 13.29 14.53 13.36 14.75 13.94 16.13 17.08 22.27 22.27 23.36 21.10 20.88 20.37 17.52 15.84 15.40 16.94 18.40 16.43 17.23 15.48 15.11 12.41 12.19
17.96 18.69 19.71 19.78 18.47 16.43 15.11 17.23 15.62 15.77 15.77 16.28 15.99 18.32 21.02 21.17 21.53 23.43 23.43 21.75 22.34 17.01 10.44 11.46 8.10 7.15 6.64 6.79 7.96 8.69 6.13 6.20 6.28 10.00 10.88 10.29 12.12 13.51 11.90 11.39 11.68 9.05 9.56 9.56 10.15 7.52 8.40 9.49 10.44 12.85 11.75 11.97 11.83 11.61 11.02 11.61 14.38 16.57 16.21 16.13 16.43 14.38 14.89 16.86 16.64 17.45 17.01 21.75 21.75 21.53 23.21 21.46 18.98 18.18 15.26 16.35 16.35 17.81 16.57 17.67 15.26 15.18 15.99 15.11
19.86 19.13 19.42 17.45 16.21 16.72 15.18 16.13 15.84 17.89 17.81 16.86 20.00 21.68 23.14 22.63 18.54 23.07 23.07 16.86 13.72 12.12 12.05 11.39 9.86 9.13 6.94 8.83 13.29 9.78 14.97 12.85 11.61 13.58 12.78 13.21 13.94 11.46 11.24 9.13 10.44 10.95 7.30 7.30 7.37 7.30 10.00 8.25 9.56 9.86 9.56 9.27 8.98 8.47 11.68 10.59 12.63 12.70 17.16 16.13 15.91 16.79 16.13 17.74 18.47 19.49 20.44 21.68 21.68 21.39 24.38 23.29 22.27 18.83 17.08 16.50 13.72 14.45 15.04 13.94 11.53 13.07 12.99 14.31
19.35 18.47 17.16 17.59 16.35 15.48 16.21 17.01 18.83 18.25 18.10 17.52 17.01 18.69 18.32 16.06 16.35 14.45 14.45 12.12 12.56 11.75 12.12 11.90 10.88 10.37 10.00 11.90 11.68 16.43 18.40 19.35 16.86 16.21 13.21 11.10 10.29 6.50 8.47 8.18 8.18 7.88 7.30 7.30 11.39 11.39 9.71 10.51 10.07 10.51 12.70 12.05 10.95 14.53 17.37 16.21 13.21 13.94 10.00 8.32 10.00 13.07 11.75 14.16 15.18 14.82 18.32 20.29 20.29 20.29 19.78 24.82 23.07 16.94 14.82 14.02 10.88 8.54 7.01 6.28 10.66 13.14 13.14 15.99
17.45 17.30 16.94 16.50 16.28 15.40 12.41 12.63 11.90 11.17 11.17 14.97 12.78 12.56 13.80 12.70 11.53 11.75 11.75 10.88 6.13 7.08 6.13 13.58 12.41 12.70 10.73 11.53 10.37 16.94 15.55 19.56 19.27 14.82 11.39 7.81 6.42 7.23 9.27 8.69 9.86 12.05 12.63 12.63 12.56 11.53 11.83 9.71 9.78 11.17 11.68 11.17 13.14 13.29 17.08 17.08 13.07 9.27 10.59 9.49 8.03 10.88 9.71 10.00 14.45 12.56 18.47 17.67 17.67 19.93 19.42 15.48 14.31 14.67 15.18 15.26 8.54 2.41 4.53 3.29 11.17 10.80 12.48 16.35
17.45 17.30 16.94 16.50 16.28 15.40 12.41 12.63 11.90 11.17 11.17 14.97 12.78 12.56 13.80 12.70 11.53 11.75 11.75 10.88 6.13 7.08 6.13 13.58 12.41 12.70 10.73 11.53 10.37 16.94 15.55 19.56 19.27 14.82 11.39 7.81 6.42 7.23 9.27 8.69 9.86 12.05 12.63 12.63 12.56 11.53 11.83 9.71 9.78 11.17 11.68 11.17 13.14 13.29 17.08 17.08 13.07 9.27 10.59 9.49 8.03 10.88 9.71 10.00 14.45 12.56 18.47 17.67 17.67 19.93 19.42 15.48 14.31 14.67 15.18 15.26 8.54 2.41 4.53 3.29 11.17 10.80 12.48 16.35
16.43 17.23 17.30 16.72 15.70 16.21 12.34 9.64 8.83 8.69 9.78 11.75 11.17 13.80 12.56 12.12 11.68 11.24 11.24 6.42 7.66 5.04 9.56 8.83 13.43 12.78 10.51 8.32 8.25 10.88 12.12 18.40 17.96 17.89 9.64 8.10 6.79 6.72 9.93 11.10 11.75 11.83 10.51 10.51 10.44 10.88 12.26 10.44 10.51 11.53 11.17 12.92 13.87 16.06 16.28 13.43 11.90 9.86 10.66 12.70 12.56 13.87 10.88 12.05 13.80 15.26 17.96 17.30 17.30 19.93 20.37 13.94 16.06 16.94 12.92 14.53 8.25 3.14 2.19 6.72 7.52 7.30 9.78 7.23
15.33 16.57 17.16 19.05 18.61 18.61 14.97 10.51 7.81 9.13 8.69 11.02 14.53 13.65 15.55 14.53 16.21 14.45 14.45 16.50 12.78 7.01 6.86 5.55 11.17 12.34 12.34 10.00 9.49 12.63 12.92 16.94 19.93 18.25 14.02 13.80 4.67 5.55 5.69 6.50 4.74 9.64 8.47 8.47 12.78 15.55 11.53 13.51 12.41 12.63 11.10 10.66 12.12 12.05 13.43 13.14 13.21 11.53 17.23 17.89 16.86 18.54 17.74 17.96 15.99 16.94 21.02 22.92 22.92 22.27 23.43 15.40 13.29 12.19 9.42 2.77 0.29 1.10 0.29 3.87 3.29 4.60 5.77 5.40
16.06 17.23 17.16 19.93 21.17 21.10 18.18 13.72 15.48 13.14 14.53 14.02 14.02 14.89 13.21 13.80 14.24 17.01 17.01 15.99 16.50 12.70 6.28 8.83 10.95 10.22 12.56 10.66 8.91 7.30 9.34 12.05 11.90 15.70 16.35 9.86 5.84 2.77 0.44 4.09 2.63 9.64 15.55 15.55 13.65 16.72 15.77 14.89 12.56 13.43 10.80 12.05 11.39 11.97 13.80 17.52 18.03 15.40 19.35 18.98 20.73 20.66 17.37 16.86 18.76 17.96 21.02 25.33 25.33 15.55 23.14 22.56 11.32 8.54 4.09 1.90 0.88 0.80 1.31 2.70 2.26 4.09 3.50 4.89
16.21 16.94 18.76 18.98 21.75 20.44 20.66 18.32 15.55 15.84 15.55 15.77 16.13 16.35 13.43 12.78 14.60 14.09 14.09 15.70 16.06 13.94 10.44 11.10 10.59 16.50 16.13 10.22 11.68 8.10 4.82 3.72 2.34 7.23 4.60 3.58 2.99 1.39 0.00 2.04 1.46 4.23 11.02 11.02 8.03 15.40 14.60 13.94 9.86 10.07 11.53 11.90 11.97 17.45 16.50 19.78 19.13 19.35 19.27 16.35 17.67 17.52 13.51 15.04 20.08 22.05 15.99 16.43 16.43 20.00 7.52 1.53 3.58 2.63 3.14 1.83 1.31 0.44 1.10 1.46 1.61 2.04 2.12 3.50
14.89 14.24 17.59 18.47 16.72 16.28 17.23 19.93 19.64 19.20 21.10 24.67 24.02 25.62 22.34 18.98 17.45 16.79 16.79 16.86 16.79 16.64 18.76 18.40 17.96 17.67 18.69 20.88 17.01 8.10 7.23 1.68 1.61 2.92 2.56 0.88 0.00 0.00 0.00 0.29 2.77 2.48 6.35 6.35 4.67 11.61 3.80 3.50 5.18 7.30 7.52 7.30 12.92 17.81 16.43 20.59 20.66 16.72 14.09 10.73 11.83 11.17 11.75 13.87 15.77 13.07 10.95 7.59 7.59 7.59 4.23 1.75 1.83 1.68 0.73 0.07 0.00 0.00 0.66 0.29 1.53 1.75 1.97 0.73
14.89 14.24 17.59 18.47 16.72 16.28 17.23 19.93 19.64 19.20 21.10 24.67 24.02 25.62 22.34 18.98 17.45 16.79 16.79 16.86 16.79 16.64 18.76 18.40 17.96 17.67 18.69 20.88 17.01 8.10 7.23 1.68 1.61 2.92 2.56 0.88 0.00 0.00 0.00 0.29 2.77 2.48 6.35 6.35 4.67 11.61 3.80 3.50 5.18 7.30 7.52 7.30 12.92 17.81 16.43 20.59 20.66 16.72 14.09 10.73 11.83 11.17 11.75 13.87 15.77 13.07 10.95 7.59 7.59 7.59 4.23 1.75 1.83 1.68 0.73 0.07 0.00 0.00 0.66 0.29 1.53 1.75 1.97 0.73
7.81 11.39 10.88 12.63 13.80 16.35 15.11 21.02 20.29 20.59 20.81 23.07 24.75 24.45 25.48 21.17 20.95 18.61 18.61 19.20 18.40 19.42 20.66 20.66 20.44 21.39 20.29 18.25 16.64 10.37 12.05 3.21 3.07 1.39 2.04 0.29 0.00 0.00 0.00 0.00 1.24 0.88 0.80 0.80 2.99 0.00 0.00 0.00 1.97 0.00 0.00 3.14 8.47 4.45 9.64 12.92 18.10 7.45 8.76 10.29 11.24 11.39 14.31 15.40 15.40 13.80 9.05 8.10 8.10 7.37 5.77 5.84 6.35 2.77 0.66 0.29 0.58 0.15 0.00 0.00 0.80 0.66 1.24 1.02
10.00 10.59 12.70 15.70 13.14 15.77 23.29 21.53 24.67 23.14 18.98 22.05 17.67 17.08 19.27 20.95 21.17 19.86 19.86 18.47 18.40 20.22 20.37 21.97 20.91 23.47 19.69 17.16 17.81 11.97 10.88 5.91 4.38 2.56 1.75 0.37 0.00 0.00 0.66 0.73 0.88 0.00 0.00 0.00 1.31 0.00 0.00 0.00 0.00 0.00 0.00 0.00 0.00 0.00 4.16 7.01 6.94 8.10 8.61 10.80 11.61 11.61 12.92 14.67 9.78 8.54 9.05 8.61 8.61 6.28 7.96 5.04 6.13 3.94 2.12 0.95 0.00 0.00 0.37 0.80 0.88 0.73 1.17 2.04
13.51 12.85 15.48 17.30 19.27 19.35 19.20 18.69 15.18 15.91 13.14 14.45 13.36 13.36 13.94 19.93 21.68 22.34 22.34 22.12 23.07 24.31 23.87 25.80 28.08 23.24 22.41 23.71 20.66 15.11 14.09 6.79 7.81 2.41 4.16 0.88 0.44 0.22 1.61 0.88 0.66 0.80 0.00 0.00 0.00 1.17 0.00 0.00 0.00 0.00 0.00 0.00 0.00 0.00 0.00 0.00 3.94 4.96 11.83 13.07 12.26 12.26 11.32 9.71 7.08 6.28 5.91 7.08 7.08 5.11 4.82 3.65 3.21 0.73 0.88 0.80 0.44 0.00 2.34 1.39 1.10 1.83 1.46 1.90
15.99 17.67 18.18 17.89 19.05 16.57 13.51 14.09 9.56 7.74 7.66 7.15 7.23 0.80 4.60 9.34 9.56 17.89 17.89 19.64 19.42 15.27 13.85 23.56 25.49 24.43 26.11 23.30 25.59 18.77 18.76 6.28 14.53 6.94 8.25 1.75 5.26 1.83 1.90 1.46 0.51 0.80 0.00 0.00 0.00 0.07 0.00 0.00 0.00 0.00 0.00 0.00 0.00 0.00 0.00 0.00 3.43 5.33 9.71 11.02 10.73 13.36 11.61 12.34 7.96 6.79 13.72 4.89 4.89 8.91 5.18 9.71 4.31 3.07 2.04 3.36 2.26 2.63 2.41 1.90 1.61 1.61 1.53 1.83
19.42 19.56 17.74 13.51 11.39 11.02 10.59 6.79 2.56 3.21 0.00 0.00 0.00 0.00 1.90 5.91 9.78 0.00 0.00 0.00 0.00 7.26 15.43 7.74 12.82 16.43 21.07 25.07 28.33 25.29 19.59 16.79 18.69 12.70 14.31 7.23 7.81 2.34 1.75 2.34 0.73 0.73 0.00 0.00 0.00 0.00 0.00 0.00 0.00 0.00 0.00 0.00 0.00 0.00 0.00 0.00 0.00 0.00 4.82 5.69 9.56 13.51 14.97 14.38 17.45 16.79 16.35 8.98 8.98 15.91 14.60 10.80 7.23 4.31 2.77 3.14 1.46 2.12 2.56 2.12 2.12 2.34 2.12 2.85
19.42 19.56 17.74 13.51 11.39 11.02 10.59 6.79 2.56 3.21 0.00 0.00 0.00 0.00 1.90 5.91 9.78 0.00 0.00 0.00 0.00 7.78 15.04 7.94 12.63 16.43 20.44 23.30 26.47 25.68 19.79 17.49 21.00 13.44 14.67 7.23 7.81 2.34 1.75 2.34 0.73 0.73 0.00 0.00 0.00 0.00 0.00 0.00 0.00 0.00 0.00 0.00 0.00 0.00 0.00 0.00 0.00 0.00 4.82 5.69 9.56 13.51 14.97 14.38 17.45 16.79 16.35 8.98 8.98 15.91 14.60 10.80 7.23 4.31 2.77 3.14 1.46 2.12 2.56 2.12 2.12 2.34 2.12 2.85
20.59 18.54 18.76 14.38 8.69 9.78 9.56 9.64 7.15 4.02 4.67 3.21 0.00 2.48 7.45 10.15 10.00 3.43 3.43 0.00 0.00 0.00 0.00 0.00 4.12 0.00 9.51 5.50 19.20 23.18 26.03 22.47 23.51 23.99 19.04 11.80 11.95 12.12 2.63 2.70 0.73 0.44 0.00 0.00 0.00 0.15 0.00 0.00 0.00 0.00 0.00 0.00 0.00 0.00 0.00 0.00 0.00 0.00 0.00 2.92 5.99 10.73 8.98 16.79 19.42 18.76 19.49 15.11 15.11 11.83 6.64 8.91 3.14 4.02 3.58 3.58 2.56 1.97 1.90 2.77 2.19 2.04 1.90 0.80
20.08 18.91 13.43 14.97 7.88 6.64 7.81 7.08 10.07 10.37 10.44 6.42 6.06 6.13 9.13 12.85 11.46 10.29 10.29 3.52 2.92 0.00 0.00 0.00 0.00 0.00 0.00 10.29 2.68 24.70 17.59 16.57 21.32 22.83 23.00 22.49 15.49 17.09 6.72 5.84 9.05 2.26 2.48 2.48 0.00 0.00 0.37 0.00 0.95 0.00 0.00 0.00 0.00 0.00 0.00 0.00 0.00 0.00 0.00 0.00 0.00 6.06 4.23 12.92 18.91 13.80 20.29 12.78 12.78 9.34 4.38 4.45 4.23 4.96 3.36 2.56 2.34 1.97 1.83 2.04 2.04 1.97 1.53 2.04
20.51 23.87 23.51 19.27 13.80 12.92 12.63 15.99 15.77 12.12 12.85 8.25 6.35 7.45 8.10 10.73 10.44 10.59 10.59 6.06 5.55 2.92 0.58 0.58 0.00 0.00 0.00 0.00 3.01 6.38 11.17 13.65 19.13 17.52 22.82 22.05 21.02 17.52 12.70 11.97 15.26 5.26 5.69 5.69 4.67 0.00 0.00 0.00 0.07 0.00 1.17 0.00 0.00 0.00 0.00 0.00 0.00 0.00 0.00 0.00 0.00 2.77 0.00 8.91 7.88 10.66 14.89 16.50 16.50 4.67 2.41 2.12 3.58 1.75 3.43 2.63 3.21 3.72 3.36 3.72 4.02 6.79 4.16 4.89
18.10 26.06 24.24 25.77 17.67 14.75 18.69 17.89 20.29 15.18 9.27 9.86 7.96 9.64 8.03 8.03 7.52 2.56 2.56 2.99 4.38 5.04 3.87 2.63 0.95 0.00 0.00 0.00 0.00 0.07 1.83 8.47 12.70 10.95 18.98 18.47 19.19 22.39 20.34 17.70 18.10 9.93 9.49 9.49 6.57 2.63 1.17 0.00 0.80 0.88 0.07 0.58 0.00 0.00 0.00 0.00 0.00 0.00 1.90 0.44 0.00 0.00 0.00 4.09 3.65 6.13 5.48 5.48 5.48 3.50 2.26 1.39 0.80 0.88 2.19 4.31 3.80 3.87 4.53 4.45 4.60 6.79 6.72 6.57
10.29 18.76 26.57 16.28 19.05 10.29 13.14 16.79 7.74 7.30 7.30 9.05 10.51 9.05 10.00 6.86 2.92 1.46 1.46 1.53 0.37 1.46 2.70 0.00 0.00 0.00 0.00 0.00 0.00 0.00 0.00 0.00 0.00 4.74 4.31 14.31 12.19 20.00 15.27 16.85 12.25 13.43 11.02 11.02 8.83 4.89 3.29 4.60 2.85 0.00 0.29 0.80 0.00 0.44 0.00 0.00 0.00 0.00 1.68 2.77 1.39 2.19 0.00 2.56 1.39 3.14 0.00 0.00 0.00 0.00 0.00 0.00 0.00 0.00 1.75 1.75 2.04 3.72 1.46 3.80 4.89 5.04 4.60 6.28
6.13 8.98 7.66 10.07 8.32 13.29 9.71 11.02 3.37 3.65 6.86 5.62 8.25 8.54 3.43 1.17 0.44 0.00 0.00 0.00 0.00 0.00 0.00 0.00 0.00 0.00 0.00 0.00 0.00 0.00 0.00 0.00 0.00 0.00 0.00 6.20 4.89 9.07 9.86 5.48 10.03 12.63 13.36 13.36 8.18 6.94 5.55 6.06 4.09 2.77 3.80 0.95 1.02 0.00 0.00 0.00 0.00 0.00 0.00 0.00 0.00 0.00 0.00 1.39 1.39 2.41 0.00 0.00 0.00 0.00 0.00 0.00 0.00 0.00 1.75 1.24 1.97 0.00 0.00 1.68 1.10 3.58 3.50 4.74
6.13 8.98 7.66 10.07 8.32 13.29 9.71 11.02 3.29 3.65 6.86 5.62 8.25 8.54 3.43 1.17 0.44 0.00 0.00 0.00 0.00 0.00 0.00 0.00 0.00 0.00 0.00 0.00 0.00 0.00 0.00 0.00 0.00 0.00 0.00 6.24 4.89 9.02 9.95 5.48 9.93 12.63 13.36 13.36 8.18 6.94 5.55 6.06 4.09 2.77 3.80 0.95 1.02 0.00 0.00 0.00 0.00 0.00 0.00 0.00 0.00 0.00 0.00 1.39 1.39 2.41 0.00 0.00 0.00 0.00 0.00 0.00 0.00 0.00 1.75 1.24 1.97 0.00 0.00 1.68 1.10 3.58 3.50 4.74
11.17 8.83 8.47 7.81 7.37 16.13 16.64 8.82 11.12 3.80 2.92 5.55 3.94 2.77 3.07 1.61 0.00 0.00 0.00 0.00 0.00 0.00 0.00 0.00 0.00 0.00 0.00 0.00 0.00 0.00 0.00 0.00 0.00 0.00 0.00 0.00 0.00 0.00 2.05 1.31 1.61 6.42 0.00 0.00 2.19 3.87 5.77 4.82 6.28 6.79 5.33 3.14 0.00 0.00 0.00 0.00 0.00 0.00 0.00 0.00 0.80 1.24 1.90 1.83 2.04 1.75 0.00 0.00 0.00 0.00 0.00 0.00 0.00 0.00 0.00 0.00 0.00 0.00 0.00 0.00 0.00 2.56 0.44 0.66
