Wansh/Snow_depth/snowdepth-1996/spring/1996074.txt
ncols 321
nrows 161
xllcenter 60
yllcenter 15 
cellsize  0.25 
NODATA_value -1
[rows 0 to 36 of 161, columns 168 to 251 of 321]
10.00 10.88 9.78 9.27 9.27 8.98 9.34 9.27 8.61 8.61 8.83 8.25 9.05 9.13 8.54 9.71 8.91 13.43 12.48 16.21 15.18 15.84 12.92 13.29 10.88 8.03 8.91 0.00 0.00 0.00 0.00 0.00 11.32 15.11 14.89 14.89 13.43 16.79 15.62 20.37 19.05 19.49 23.36 27.16 25.26 29.86 29.57 28.91 24.16 22.41 21.10 19.13 17.81 18.10 16.72 18.83 21.53 21.24 21.17 22.63 22.63 21.39 23.07 22.63 22.63 22.63 23.14 23.94 20.37 21.17 19.56 19.27 18.76 18.76 18.54 20.15 20.88 22.92 22.41 21.10 21.53 20.44 18.54 19.27
13.43 10.88 10.15 10.51 8.76 8.69 8.25 8.54 8.54 8.54 9.42 9.93 9.86 9.34 9.71 9.49 13.07 12.19 16.57 15.70 15.62 13.51 13.72 12.70 7.81 10.00 0.00 0.00 0.00 0.00 0.00 9.49 6.64 13.21 12.19 12.19 12.70 13.58 20.00 19.13 21.10 23.73 22.41 26.65 29.27 27.01 28.40 25.62 23.73 24.02 21.02 21.10 21.24 20.51 20.59 22.12 23.43 23.00 24.09 23.51 23.51 22.70 23.73 23.14 24.38 22.34 22.85 21.61 21.90 20.29 20.44 19.56 21.39 21.10 21.32 22.05 21.75 23.21 22.19 20.00 18.10 18.76 17.30 13.21
14.24 14.67 11.02 9.78 10.00 8.47 8.54 8.69 8.54 8.54 8.40 9.42 9.34 9.34 11.24 9.93 13.65 17.08 16.86 16.35 15.55 15.77 13.72 13.21 8.32 0.00 0.00 0.00 0.00 0.00 4.74 1.97 11.10 11.17 11.39 11.39 12.85 18.91 17.30 23.51 24.16 24.45 25.62 27.23 27.16 27.08 21.90 23.29 23.14 23.43 22.19 22.19 21.61 22.48 21.97 20.95 20.95 21.46 22.63 23.14 23.14 21.97 21.10 20.44 20.44 20.81 21.24 20.59 20.15 20.51 20.66 19.64 20.81 20.37 21.83 17.08 18.32 18.47 18.25 19.13 15.11 14.16 13.36 13.29
14.24 14.67 11.02 9.78 10.00 8.47 8.54 8.69 8.54 8.54 8.40 9.42 9.34 9.34 11.24 9.93 13.65 17.08 16.86 16.35 15.55 15.77 13.72 13.21 8.32 0.00 0.00 0.00 0.00 0.00 4.74 1.97 11.10 11.17 11.39 11.39 12.85 18.91 17.30 23.51 24.16 24.45 25.62 27.23 27.16 27.08 21.90 23.29 23.14 23.43 22.19 22.19 21.61 22.48 21.97 20.95 20.95 21.46 22.63 23.14 23.14 21.97 21.10 20.44 20.44 20.81 21.24 20.59 20.15 20.51 20.66 19.64 20.81 20.37 21.83 17.08 18.32 18.47 18.25 19.13 15.11 14.16 13.36 13.29
14.38 12.48 13.51 9.20 9.13 9.05 10.15 9.34 8.61 8.61 10.22 10.00 13.21 12.19 11.61 16.35 18.10 18.10 15.70 15.91 15.55 12.63 13.36 5.55 0.00 0.00 0.00 0.00 0.00 4.02 1.17 8.32 8.18 10.51 11.61 11.61 15.55 16.35 16.06 16.13 22.34 17.08 19.05 18.83 18.69 20.81 21.97 22.12 24.16 24.60 23.07 23.65 24.53 21.61 20.81 19.93 21.39 21.24 21.53 23.36 23.36 22.05 21.10 20.95 20.29 20.22 19.78 20.00 18.83 16.64 17.96 18.54 16.72 16.43 16.50 15.99 16.21 14.97 15.55 15.40 15.40 14.89 15.33 14.67
16.64 14.24 11.97 13.07 9.78 10.44 10.22 12.19 13.87 13.87 11.17 14.82 14.02 17.23 17.59 16.06 17.45 15.11 15.70 11.75 6.57 6.57 0.00 4.96 0.00 0.00 0.00 0.00 5.18 3.14 8.54 7.81 7.66 11.83 15.70 15.70 15.18 15.40 15.84 13.94 15.40 14.09 16.79 15.70 17.89 20.44 19.56 23.36 23.36 24.97 25.26 26.13 26.06 24.75 20.44 19.42 19.64 19.42 18.61 17.01 17.01 18.61 19.56 19.13 19.86 15.91 13.29 14.82 14.45 15.99 15.55 17.52 14.53 13.07 14.16 13.43 13.36 13.94 15.18 13.51 14.24 13.87 14.67 14.67
17.74 17.45 14.97 14.16 15.11 14.60 12.99 12.34 14.53 14.53 15.62 15.04 18.32 17.81 19.13 17.52 18.10 13.65 10.44 11.32 3.72 0.00 0.00 0.00 0.00 0.00 0.22 7.66 7.66 10.29 12.41 12.41 14.45 17.08 16.43 16.43 16.43 11.02 12.19 10.15 12.26 11.39 14.67 15.70 18.91 18.18 21.10 22.19 21.75 24.16 23.43 26.06 23.51 22.85 24.16 18.03 19.56 17.81 16.64 15.33 15.33 17.37 16.94 15.70 13.80 14.16 12.63 13.80 11.97 12.63 14.24 11.90 13.94 11.46 10.44 10.80 10.37 11.83 11.39 13.69 16.06 19.96 19.52 21.46
17.74 17.45 14.97 14.16 15.11 14.60 12.99 12.34 14.53 14.53 15.62 15.04 18.32 17.81 19.13 17.52 18.10 13.65 10.44 11.32 3.72 0.00 0.00 0.00 0.00 0.00 0.22 7.66 7.66 10.29 12.41 12.41 14.45 17.08 16.43 16.43 16.43 11.02 12.19 10.15 12.26 11.39 14.67 15.70 18.91 18.18 21.10 22.19 21.75 24.16 23.43 26.06 23.51 22.85 24.16 18.03 19.56 17.81 16.64 15.33 15.33 17.37 16.94 15.70 13.80 14.16 12.63 13.80 11.97 12.63 14.24 11.90 13.94 11.46 10.44 12.49 14.30 17.02 15.60 23.26 26.52 26.57 25.12 22.26
17.52 19.20 18.61 17.81 16.21 16.64 14.53 13.58 14.45 14.45 15.99 20.51 19.49 20.00 20.73 17.89 12.70 13.65 4.60 0.00 0.00 0.00 0.00 0.00 0.00 2.19 0.15 7.66 10.29 9.64 12.48 14.89 14.38 16.94 16.79 16.79 17.30 11.61 7.52 7.88 7.45 12.19 14.97 14.53 17.67 19.42 21.10 21.83 22.41 22.12 21.68 22.05 19.27 18.61 19.93 14.89 16.86 15.40 15.84 16.72 16.72 16.57 16.64 15.91 15.04 13.72 13.07 13.36 11.24 10.95 12.56 10.66 9.93 9.71 12.34 14.04 16.28 17.48 16.95 24.73 21.58 22.21 22.28 24.33
12.56 16.43 16.50 15.84 15.99 15.04 15.55 13.72 15.70 15.70 14.97 20.29 18.69 19.56 12.56 3.80 5.99 0.00 3.65 0.00 0.00 0.00 0.00 4.53 7.88 6.50 11.24 11.75 11.39 12.85 12.05 12.48 11.68 12.70 12.34 12.34 12.12 8.03 8.54 8.10 11.24 13.80 13.94 14.82 17.96 20.15 19.64 16.79 19.13 19.64 16.72 16.43 17.67 15.99 17.16 16.06 15.55 15.11 17.23 16.64 16.64 17.37 14.02 15.77 14.60 13.72 12.48 10.15 10.29 10.37 11.68 10.44 10.35 12.68 14.60 14.82 15.87 16.64 21.71 22.61 21.16 21.46 22.76 24.48
13.87 14.45 13.58 14.60 14.09 15.55 15.84 16.06 15.91 15.91 13.51 14.16 9.34 10.00 12.05 0.00 0.00 0.00 0.00 4.45 0.00 3.65 8.91 7.88 9.49 11.97 11.10 12.41 12.48 12.41 11.53 10.00 10.29 10.07 11.90 11.90 12.78 11.83 12.78 14.09 13.72 14.67 13.51 12.19 11.83 13.36 14.09 11.61 14.97 15.99 15.18 15.40 15.40 14.67 15.48 15.48 14.16 16.94 21.24 23.36 23.36 20.44 18.18 18.61 14.31 13.29 10.00 10.37 10.37 10.44 10.73 11.68 8.69 8.89 9.41 13.17 17.45 15.77 15.82 15.55 18.91 20.87 19.53 20.31
13.87 14.45 13.58 14.60 14.09 15.55 15.84 16.06 15.91 15.91 13.51 14.16 9.34 10.00 12.05 0.00 0.00 0.00 0.00 4.45 0.00 3.65 8.91 7.88 9.49 11.97 11.10 12.41 12.48 12.41 11.53 10.00 10.29 10.07 11.90 11.90 12.78 11.83 12.78 14.09 13.72 14.67 13.51 12.19 11.83 13.36 14.09 11.61 14.97 15.99 15.18 15.40 15.40 14.67 15.48 15.48 14.16 16.94 21.24 23.36 23.36 20.44 18.18 18.61 14.31 13.29 10.00 10.37 10.37 10.44 10.73 11.68 8.47 8.76 9.13 12.23 15.55 14.60 16.87 16.14 18.91 20.42 21.46 21.73
15.77 12.85 13.43 13.21 14.09 12.19 12.19 8.25 13.58 13.58 9.93 4.74 5.91 0.00 0.00 0.00 0.00 0.00 0.00 6.79 8.03 7.52 9.13 9.27 8.32 8.32 9.78 10.88 10.80 9.78 8.18 8.61 8.98 10.22 9.78 9.78 12.70 13.72 14.38 14.89 15.62 15.11 11.75 12.63 10.73 8.91 10.07 9.27 12.19 14.02 14.02 12.99 13.80 10.66 9.05 11.24 15.48 14.45 17.67 21.02 21.02 21.75 15.99 13.58 13.14 10.88 10.88 13.58 11.46 12.92 10.44 9.34 9.20 9.20 8.91 12.18 13.45 13.97 15.88 15.69 17.84 20.18 21.00 21.78
13.43 14.31 14.97 14.09 14.09 10.95 6.57 8.10 0.00 0.00 0.00 0.00 0.00 0.00 0.00 0.00 3.29 1.53 6.20 6.94 7.23 8.18 7.81 8.54 7.66 9.20 8.69 10.95 11.02 11.32 9.05 8.40 8.10 9.71 11.39 11.39 12.99 14.38 14.31 14.60 15.40 13.72 13.87 12.12 9.05 9.78 8.32 8.25 8.91 7.74 9.34 7.23 9.27 5.62 6.42 6.64 10.88 12.05 13.29 16.06 16.06 15.04 16.64 16.35 14.53 18.18 15.33 15.99 13.14 12.56 11.97 10.59 9.13 10.15 13.12 14.14 11.44 16.21 18.19 16.88 19.50 17.90 15.30 17.78
16.50 17.23 17.23 16.21 14.89 15.62 7.88 2.48 3.58 3.58 0.95 4.89 3.94 7.08 1.02 0.00 4.53 5.69 5.26 5.84 7.66 7.15 10.29 9.93 10.15 10.59 12.19 13.29 13.36 12.92 11.68 10.73 11.32 10.95 10.80 10.80 11.46 14.09 13.72 13.07 13.94 12.56 11.61 11.24 10.88 11.24 10.29 9.86 8.18 7.81 6.64 5.11 3.65 3.80 5.99 5.33 6.94 11.02 13.65 15.33 15.33 16.72 15.55 16.79 16.43 18.83 16.64 15.48 15.77 13.51 12.34 19.42 17.19 16.51 14.60 16.59 16.32 16.22 14.32 16.28 16.27 13.46 15.21 13.61
15.33 14.97 14.02 16.94 15.84 13.21 13.36 11.68 7.96 7.96 7.96 9.56 9.78 10.59 6.86 5.40 6.42 5.11 5.40 5.40 6.50 9.05 8.47 10.07 10.66 11.17 10.95 13.21 12.99 13.14 13.07 12.19 14.24 15.11 14.89 14.89 12.99 13.65 13.87 13.14 12.99 12.56 11.90 13.21 12.12 12.26 11.83 11.68 8.47 4.16 2.41 1.83 1.83 2.19 5.55 8.18 5.55 8.54 12.63 9.27 9.27 11.10 13.51 15.48 10.73 13.72 12.85 14.75 18.03 21.53 19.27 20.70 21.28 19.27 18.58 15.70 16.08 14.41 15.07 15.69 16.31 16.87 14.50 14.70
15.33 14.97 14.02 16.94 15.84 13.21 13.36 11.68 7.96 7.96 7.96 9.56 9.78 10.59 6.86 5.40 6.42 5.11 5.40 5.40 6.50 9.05 8.47 10.07 10.66 11.17 10.95 13.21 12.99 13.14 13.07 12.19 14.24 15.11 14.89 14.89 12.99 13.65 13.87 13.14 12.99 12.56 11.90 13.21 12.12 12.26 11.83 11.68 8.47 4.16 2.41 1.83 1.83 2.19 5.55 8.18 5.55 8.54 12.63 9.27 9.27 11.10 13.51 15.48 10.73 13.72 12.85 14.75 18.03 21.53 19.27 25.41 19.94 20.95 16.69 19.43 16.32 15.94 15.37 14.15 15.77 14.51 15.77 16.69
11.97 12.19 11.97 9.05 9.56 10.80 10.29 9.93 10.15 10.15 8.18 11.39 9.27 6.28 7.01 4.23 2.48 2.70 3.07 5.04 7.08 6.57 8.61 9.86 10.44 10.73 11.90 12.26 12.26 12.56 13.80 14.16 15.33 15.11 15.70 15.70 15.84 15.91 13.29 13.29 14.16 15.26 15.18 15.26 14.16 10.29 11.02 8.03 5.04 2.41 1.68 1.39 1.61 0.73 2.04 5.11 5.77 7.01 6.94 6.64 6.64 9.20 11.17 5.48 7.23 7.96 6.28 16.06 17.52 20.15 19.29 16.86 18.52 16.71 19.64 18.46 19.97 15.87 15.44 17.93 15.49 16.00 16.19 13.85
6.57 9.78 9.71 8.10 6.86 7.23 7.81 7.88 7.81 7.81 6.35 4.45 4.45 4.74 6.64 5.04 5.04 3.65 5.18 4.96 6.86 8.91 8.76 9.05 10.66 11.10 10.88 11.97 11.83 11.75 12.92 13.21 13.72 14.82 14.60 14.60 15.84 14.67 14.38 14.09 14.16 14.60 12.41 11.10 8.32 5.26 6.42 3.72 2.99 1.97 0.80 0.00 0.00 0.07 0.44 1.83 1.24 1.53 4.67 3.43 3.43 2.99 2.70 1.97 3.43 2.04 5.91 9.86 8.69 13.06 16.81 20.13 19.02 21.98 19.23 19.53 19.59 16.43 17.56 17.99 14.60 16.46 14.41 16.04
4.82 4.31 4.96 7.37 7.30 6.42 6.57 6.94 6.42 6.42 5.04 5.04 5.11 6.35 5.69 9.86 7.96 8.98 5.26 6.64 6.06 8.98 10.51 10.44 9.34 9.05 9.20 10.22 9.86 11.61 13.36 13.07 14.09 14.16 14.53 14.53 14.02 14.16 14.09 14.45 11.97 11.24 6.86 4.23 4.38 3.36 3.65 2.99 1.17 0.00 0.00 0.00 0.00 0.00 0.00 0.15 0.66 0.00 0.00 0.00 0.00 0.00 0.00 0.22 0.95 0.66 2.41 7.01 5.77 7.81 16.57 18.98 21.02 22.85 21.39 19.07 17.34 20.44 22.20 18.38 18.17 14.31 13.34 16.18
3.29 3.36 3.43 3.29 5.40 6.79 6.79 6.94 6.42 6.42 5.48 5.62 6.13 7.23 9.78 9.34 8.25 5.55 5.99 6.20 8.18 10.59 9.93 10.59 8.83 8.91 8.83 8.98 10.73 10.22 13.36 15.04 14.02 13.80 14.60 14.60 14.75 11.61 10.00 9.86 6.20 5.26 6.13 1.97 2.56 3.58 2.48 2.70 0.00 0.00 0.00 0.00 0.00 0.00 0.00 0.00 0.00 0.00 0.00 0.00 0.00 0.00 0.00 0.00 0.00 0.00 0.88 2.99 1.68 6.13 13.36 18.98 16.86 22.70 24.05 21.65 23.16 17.92 19.99 17.92 20.12 14.39 11.61 10.09
1.10 2.56 2.70 1.97 3.07 4.67 5.84 6.13 4.96 4.96 5.04 6.50 7.81 7.30 8.03 3.43 7.88 5.04 6.64 5.91 8.25 10.00 10.95 11.32 9.42 10.07 10.15 10.29 10.29 12.92 14.97 13.36 13.87 12.99 10.95 10.95 10.88 7.81 3.58 3.36 4.38 4.96 2.63 2.34 1.39 0.95 0.00 0.00 0.00 0.00 0.00 0.00 0.00 0.00 0.00 0.00 0.00 0.00 0.00 0.00 0.00 0.00 0.00 0.00 0.00 0.00 0.00 0.00 0.29 2.77 8.61 3.72 8.69 15.18 17.87 19.31 23.10 18.59 20.05 16.14 9.09 11.23 11.40 9.14
1.10 2.56 2.70 1.97 3.07 4.67 5.84 6.13 4.96 4.96 5.04 6.50 7.81 7.30 8.03 3.43 7.88 5.04 6.64 5.91 8.25 10.00 10.95 11.32 9.42 10.07 10.15 10.29 10.29 12.92 14.97 13.36 13.87 12.99 10.95 10.95 10.88 7.81 3.58 3.36 4.38 4.96 2.63 2.34 1.39 0.95 0.00 0.00 0.00 0.00 0.00 0.00 0.00 0.00 0.00 0.00 0.00 0.00 0.00 0.00 0.00 0.00 0.00 0.00 0.00 0.00 0.00 0.00 0.29 2.77 8.61 3.72 8.69 15.18 17.16 19.41 17.94 16.36 16.79 18.79 11.12 11.47 8.93 8.43
0.29 0.22 2.12 2.04 2.85 3.94 4.74 4.74 5.55 5.55 7.37 6.94 6.72 5.84 6.20 3.36 0.88 5.77 4.23 10.66 10.88 10.88 10.59 11.46 10.66 10.22 10.15 11.75 12.48 11.02 13.43 9.93 7.37 7.66 3.87 3.87 3.72 3.87 3.21 2.99 1.68 1.61 1.31 1.10 0.00 0.00 0.00 0.00 0.00 0.00 0.00 0.00 0.00 0.00 0.00 0.00 0.00 0.00 0.00 0.00 0.00 0.00 0.00 0.00 0.00 0.00 0.00 0.00 0.00 0.66 0.00 1.17 5.48 9.93 12.12 15.19 15.75 22.65 21.16 16.64 10.40 7.75 7.15 8.27
0.00 0.00 0.29 2.77 2.56 2.99 3.43 3.87 3.07 3.07 5.62 5.33 6.42 3.50 1.97 0.95 0.95 4.38 9.42 8.54 11.46 10.22 11.75 11.46 11.53 10.37 12.34 12.48 12.85 10.80 7.96 6.06 2.92 2.99 2.77 2.77 2.70 1.90 2.26 2.04 1.75 1.31 0.73 0.00 0.66 0.00 0.00 0.00 0.00 0.00 0.00 0.00 0.00 0.00 0.00 0.00 0.00 0.00 0.00 0.00 0.00 0.00 0.00 0.00 0.00 0.00 0.00 0.00 0.80 1.10 0.73 2.04 4.45 11.75 17.07 17.02 17.85 18.05 16.14 18.07 12.77 5.73 5.38 6.49
0.00 0.15 0.00 0.58 0.29 0.95 1.31 2.48 5.04 5.04 4.53 4.45 3.07 2.99 3.07 4.23 5.84 4.02 7.81 8.83 10.88 11.46 11.32 12.56 11.02 9.93 10.73 12.19 9.56 5.84 3.14 3.50 2.85 2.85 2.92 2.92 3.43 2.41 3.14 2.41 2.70 1.83 1.90 1.68 0.00 0.00 0.00 0.00 0.00 0.00 0.00 0.00 0.00 0.00 0.00 0.00 0.00 0.00 0.00 0.00 0.00 0.00 0.00 0.00 0.00 0.00 0.00 0.00 0.44 1.61 7.45 11.24 18.38 16.37 18.53 22.03 20.51 14.68 12.38 7.52 7.14 6.23 3.44 2.07
0.00 0.44 0.07 0.29 0.00 0.37 1.02 1.68 3.07 3.07 2.85 2.70 3.29 2.92 4.09 3.50 5.91 5.84 6.94 6.57 10.07 11.24 12.19 11.61 12.41 9.34 4.60 5.18 4.53 5.33 3.94 2.70 2.85 3.36 3.36 3.36 3.07 4.02 4.09 4.09 3.21 3.36 2.41 0.00 0.00 0.00 0.00 0.00 0.00 0.00 0.00 0.00 0.00 0.00 0.00 0.00 0.00 0.00 0.00 0.00 0.00 0.00 0.00 0.00 0.00 0.00 0.00 0.00 0.00 4.38 8.10 14.53 19.34 23.17 23.16 18.51 24.19 20.17 6.07 4.48 2.40 1.82 2.36 1.34
0.00 0.00 0.00 0.29 0.00 0.00 0.07 0.00 0.00 0.00 0.00 0.00 0.00 0.58 3.43 4.60 4.53 4.23 4.74 6.79 5.91 8.40 8.25 2.92 2.04 1.10 2.56 2.70 4.31 2.41 2.63 2.12 2.70 3.29 2.34 2.34 3.87 3.94 3.72 3.87 3.65 0.15 0.00 0.00 0.00 0.00 0.00 0.00 0.00 0.00 0.00 0.00 0.00 0.00 0.00 0.00 0.00 0.00 0.00 0.00 0.00 0.00 0.00 0.00 0.00 0.00 0.00 1.02 0.15 3.80 7.49 14.29 21.73 23.66 21.61 15.43 9.66 6.08 7.24 3.52 1.39 1.81 0.00 0.58
0.00 0.00 0.00 0.29 0.00 0.00 0.07 0.00 0.00 0.00 0.00 0.00 0.00 0.58 3.43 4.60 4.53 4.23 4.74 6.79 5.91 8.40 8.25 2.92 2.04 1.10 2.56 2.70 4.31 2.41 2.63 2.12 2.70 3.29 2.34 2.34 3.87 3.94 3.72 3.87 3.65 0.15 0.00 0.00 0.00 0.00 0.00 0.00 0.00 0.00 0.00 0.00 0.00 0.00 0.00 0.00 0.00 0.00 0.00 0.00 0.00 0.00 0.00 0.00 0.00 0.00 0.00 1.02 0.15 3.80 7.53 14.13 19.65 26.36 23.06 18.01 11.21 5.89 7.56 3.42 1.47 2.15 0.00 0.49
0.00 0.00 0.00 0.00 0.00 0.00 0.00 0.00 0.00 0.00 0.00 0.00 0.00 0.00 0.00 0.00 0.00 0.00 0.29 0.15 0.07 0.88 0.29 0.00 0.88 0.22 0.44 2.26 2.56 2.19 2.56 2.92 3.07 2.19 2.92 2.92 3.50 4.09 4.09 3.29 2.99 0.00 1.02 0.29 1.17 1.24 0.95 0.00 0.00 0.00 0.00 0.00 0.00 0.00 0.00 0.00 0.00 0.00 0.00 0.00 0.00 0.00 0.00 0.00 0.00 0.00 0.00 1.17 6.31 13.64 19.98 22.19 25.97 31.57 29.42 15.73 7.62 2.51 2.31 1.91 1.00 0.54 0.00 0.00
0.00 0.00 0.00 0.00 0.00 0.00 0.00 0.00 0.00 0.00 0.00 0.00 0.00 0.00 0.00 0.00 0.00 0.00 0.00 0.00 0.07 0.00 0.00 0.51 0.29 0.00 0.00 1.53 2.48 2.12 2.19 3.21 3.21 2.77 1.90 1.90 2.63 3.29 3.65 4.53 3.87 1.97 0.00 1.75 2.26 2.19 0.00 0.00 0.00 0.00 0.00 0.00 0.00 0.00 0.00 0.00 0.00 0.00 0.00 0.00 0.00 0.00 0.00 0.00 0.00 0.00 0.00 3.50 8.10 13.36 17.81 21.60 22.72 20.84 23.84 15.18 6.86 3.20 1.98 0.54 0.00 0.00 0.00 0.00
6.28 1.61 0.88 0.00 0.00 0.00 0.00 0.00 0.00 0.00 0.00 0.00 0.00 0.00 0.00 0.00 0.00 0.00 0.00 0.00 0.00 0.00 0.22 0.22 0.29 0.00 0.00 0.15 0.58 1.61 1.02 2.34 0.88 1.46 1.53 1.53 3.58 2.77 3.87 2.85 2.63 1.53 1.83 0.00 0.00 0.00 0.00 0.00 0.00 0.00 0.00 0.00 0.00 0.00 0.00 0.00 0.00 0.00 0.00 0.00 0.00 0.00 0.00 0.00 0.00 0.00 0.00 3.50 6.64 11.68 15.40 19.19 21.76 16.72 7.97 4.12 4.27 4.24 2.36 0.21 0.00 0.00 0.00 0.00
7.52 5.99 2.92 1.46 0.00 0.00 0.00 0.00 0.00 0.00 0.00 0.00 0.00 0.00 0.00 0.00 0.00 0.00 0.00 0.00 0.00 0.00 0.00 0.07 0.00 0.00 0.00 0.29 0.07 0.00 0.00 0.44 0.00 1.10 1.24 1.24 0.73 1.10 1.97 0.00 1.24 0.00 0.00 0.00 0.00 0.00 0.00 0.00 0.00 0.00 0.00 0.00 0.00 0.00 0.00 0.00 0.00 0.00 0.00 1.68 1.68 0.00 0.00 0.00 0.00 2.04 2.99 2.48 7.59 15.55 17.89 17.18 19.56 16.29 2.81 2.98 2.28 1.48 1.53 0.24 0.00 0.00 0.00 0.00
7.59 6.13 3.65 0.00 0.00 0.00 0.00 0.00 0.00 0.00 0.00 0.00 0.00 0.00 0.00 0.00 0.00 0.00 0.00 0.00 0.00 0.00 0.00 0.00 0.00 0.00 0.00 0.00 0.00 0.00 0.00 0.00 0.00 0.00 0.00 0.00 0.73 0.00 0.00 1.10 0.00 0.00 0.00 0.00 0.00 0.00 0.00 0.00 0.00 0.00 0.00 0.00 0.00 0.00 0.00 0.00 0.00 0.00 0.00 6.28 6.28 1.31 1.10 2.77 0.00 0.88 4.16 3.94 8.61 13.72 13.29 13.80 3.33 3.09 1.83 1.82 1.23 0.71 0.00 0.00 0.00 0.00 0.00 0.00
3.80 4.23 2.85 0.00 0.00 0.00 0.00 0.00 0.00 0.00 0.00 0.00 0.00 0.00 0.00 0.00 0.00 0.00 0.00 0.00 0.00 0.00 0.00 0.00 0.00 0.00 0.00 0.00 0.00 0.00 0.00 0.00 0.00 0.00 0.00 0.00 0.00 0.00 0.00 0.00 0.00 0.00 0.00 2.19 2.12 2.12 0.00 0.00 0.00 0.00 0.00 0.00 0.00 0.00 3.14 5.40 6.86 8.32 6.50 7.15 7.15 6.94 3.58 2.19 0.51 0.22 1.10 2.34 6.79 7.59 8.54 1.39 0.82 1.94 0.37 0.00 0.38 0.00 0.00 0.00 0.00 0.00 0.00 0.00
3.80 4.23 2.85 0.00 0.00 0.00 0.00 0.00 0.00 0.00 0.00 0.00 0.00 0.00 0.00 0.00 0.00 0.00 0.00 0.00 0.00 0.00 0.00 0.00 0.00 0.00 0.00 0.00 0.00 0.00 0.00 0.00 0.00 0.00 0.00 0.00 0.00 0.00 0.00 0.00 0.00 0.00 0.00 2.19 2.12 2.12 0.00 0.00 0.00 0.00 0.00 0.00 0.00 0.00 3.14 5.40 6.86 8.32 6.50 7.15 7.15 6.94 3.58 2.19 0.51 0.22 1.10 2.34 6.79 7.59 8.54 1.39 0.81 1.91 0.37 0.00 0.34 0.00 0.00 0.00 0.00 0.00 0.00 0.00
0.00 0.00 0.51 0.00 0.00 0.00 0.00 0.00 0.00 0.00 0.00 0.00 0.00 0.00 0.00 0.00 0.00 0.00 0.00 0.00 0.00 0.00 0.00 0.00 0.00 0.00 0.00 0.00 0.00 0.00 0.00 0.00 0.00 0.00 0.00 0.00 0.00 0.00 0.00 0.00 0.00 0.00 3.50 5.04 5.55 5.40 3.94 2.56 2.92 0.00 0.00 0.00 0.00 0.00 5.69 3.14 5.33 5.48 5.84 2.99 2.99 1.90 1.75 1.61 1.17 0.58 0.22 2.12 2.77 0.44 0.15 0.58 0.58 0.15 0.51 0.15 0.00 0.00 0.00 0.00 0.00 0.00 0.00 0.00
