Wansh/Snow_depth/snowdepth-1996/spring/1996067.txt
ncols 321
nrows 161
xllcenter 60
yllcenter 15 
cellsize  0.25 
NODATA_value -1
[rows 0 to 36 of 161, columns 84 to 167 of 321]
22.41 21.97 22.19 18.32 19.05 15.77 15.84 14.53 16.50 15.62 19.05 18.54 18.61 17.08 19.20 19.64 19.49 19.27 19.27 18.54 18.91 15.70 12.26 12.99 8.76 4.74 5.55 3.80 3.72 4.23 8.61 7.37 9.86 8.69 6.06 6.28 5.40 5.26 5.11 5.69 5.62 7.52 7.37 7.37 7.74 8.10 6.28 6.35 11.53 7.45 7.66 8.47 9.56 8.40 8.25 9.05 5.04 5.04 5.04 4.96 8.03 5.40 4.89 4.82 4.82 5.40 6.20 7.01 7.01 9.27 8.69 10.00 10.51 10.00 9.93 10.88 12.99 12.85 12.92 12.63 11.75 11.75 11.32 11.32
20.29 19.86 21.24 18.25 16.06 16.50 15.40 15.18 17.30 19.20 18.32 18.54 16.13 16.50 14.38 14.53 14.53 15.77 15.77 15.26 16.72 17.96 17.74 16.72 12.19 13.65 5.69 3.65 3.72 2.77 5.91 5.11 8.25 6.86 7.81 5.33 4.31 4.38 3.50 4.82 6.94 12.05 11.32 11.32 11.90 14.24 7.59 6.86 7.52 8.18 7.01 6.64 6.64 7.23 8.10 8.25 7.52 7.81 7.37 8.10 6.79 5.77 9.20 10.51 8.61 8.32 7.59 8.18 8.18 13.29 12.05 12.56 10.59 12.26 13.65 13.14 14.60 15.55 15.33 12.78 13.94 12.26 12.26 10.66
18.69 18.98 16.43 16.64 15.40 17.08 15.99 18.47 19.13 18.91 18.98 18.69 18.10 16.35 13.87 13.07 11.39 12.70 12.70 15.04 14.45 16.86 17.89 17.96 15.91 13.43 9.42 4.38 3.58 2.19 2.19 3.58 6.28 5.62 6.57 7.96 6.13 5.40 4.96 5.69 7.23 13.21 10.95 10.95 15.04 20.44 8.98 11.02 12.41 8.69 7.45 8.10 5.99 7.01 6.50 7.96 8.61 12.48 11.46 12.12 13.07 13.07 13.14 11.32 13.65 15.48 15.40 15.70 15.70 14.02 15.62 13.51 12.78 12.34 16.35 18.03 17.59 17.16 17.37 15.04 15.04 13.43 12.63 12.99
18.69 18.98 16.43 16.64 15.40 17.08 15.99 18.47 19.13 18.91 18.98 18.69 18.10 16.35 13.87 13.07 11.39 12.70 12.70 15.04 14.45 16.86 17.89 17.96 15.91 13.43 9.42 4.38 3.58 2.19 2.19 3.58 6.28 5.62 6.57 7.96 6.13 5.40 4.96 5.69 7.23 13.21 10.95 10.95 15.04 20.44 8.98 11.02 12.41 8.69 7.45 8.10 5.99 7.01 6.50 7.96 8.61 12.48 11.46 12.12 13.07 13.07 13.14 11.32 13.65 15.48 15.40 15.70 15.70 14.02 15.62 13.51 12.78 12.34 16.35 18.03 17.59 17.16 17.37 15.04 15.04 13.43 12.63 12.99
17.16 15.91 15.70 14.97 14.45 15.99 15.84 16.13 15.70 17.08 18.18 18.18 17.67 17.74 15.40 16.21 12.78 9.56 9.56 9.93 10.15 15.04 13.80 17.37 15.91 16.50 9.13 4.74 5.40 3.58 2.34 2.99 2.92 6.35 9.13 8.83 8.40 7.74 8.40 9.13 8.91 9.05 10.59 10.59 13.94 21.53 18.54 18.10 16.72 11.68 8.47 9.78 7.01 6.42 6.28 8.10 7.23 9.71 10.15 11.83 13.51 14.82 15.26 15.84 15.55 15.62 18.25 17.81 17.81 16.13 16.79 14.02 14.67 15.70 15.62 17.89 16.50 17.01 17.89 14.45 13.51 13.36 13.51 12.34
17.81 16.79 18.61 18.40 17.59 14.75 15.04 14.60 14.38 15.62 17.30 16.35 17.81 17.30 17.23 17.16 16.50 13.29 13.29 13.29 11.68 9.42 10.37 13.14 12.41 14.31 9.71 10.95 5.77 2.77 2.99 3.29 4.53 7.23 9.27 8.98 8.18 8.03 8.47 7.96 9.42 10.07 10.88 10.88 16.43 15.40 16.64 19.49 16.94 11.83 9.71 8.18 6.28 6.79 6.28 8.18 8.10 9.05 11.17 13.14 12.41 14.45 15.62 18.40 17.30 17.30 17.30 16.21 16.21 13.94 14.97 14.60 14.97 15.33 13.94 14.53 13.94 12.56 12.56 13.36 14.89 15.99 15.77 15.48
18.32 18.47 19.20 18.32 18.25 18.18 15.99 16.21 15.84 16.79 15.77 17.16 17.45 15.77 17.52 17.59 16.94 15.11 15.11 13.80 13.94 11.24 11.46 11.10 13.07 8.25 10.80 5.55 4.60 4.53 4.60 5.04 6.35 6.79 6.13 8.40 9.13 10.29 8.91 8.83 9.71 10.80 14.53 14.53 12.99 14.45 14.24 14.97 12.78 12.99 10.37 7.59 6.86 7.23 7.15 8.47 9.56 9.42 13.80 14.60 17.30 20.00 18.98 18.91 18.03 17.37 15.55 16.21 16.21 14.60 14.67 17.08 16.06 15.84 15.77 14.45 14.89 12.78 13.29 14.31 14.16 14.45 15.33 15.33
18.32 18.47 19.20 18.32 18.25 18.18 15.99 16.21 15.84 16.79 15.77 17.16 17.45 15.77 17.52 17.59 16.94 15.11 15.11 13.80 13.94 11.24 11.46 11.10 13.07 8.25 10.80 5.55 4.60 4.53 4.60 5.04 6.35 6.79 6.13 8.40 9.13 10.29 8.91 8.83 9.71 10.80 14.53 14.53 12.99 14.45 14.24 14.97 12.78 12.99 10.37 7.59 6.86 7.23 7.15 8.47 9.56 9.42 13.80 14.60 17.30 20.00 18.98 18.91 18.03 17.37 15.55 16.21 16.21 14.60 14.67 17.08 16.06 15.84 15.77 14.45 14.89 12.78 13.29 14.31 14.16 14.45 15.33 15.33
17.59 18.61 19.42 19.13 18.83 18.98 15.99 15.33 15.48 15.84 15.04 15.84 10.51 11.97 11.32 15.62 16.57 16.79 16.79 16.94 17.67 15.18 16.06 9.20 7.37 7.88 4.67 3.72 3.36 4.38 4.89 5.18 4.53 6.35 9.05 11.97 11.90 12.05 10.00 10.95 10.37 11.61 9.56 9.56 11.97 12.99 10.37 10.29 9.13 8.10 8.98 8.76 7.96 7.66 10.88 10.37 10.29 10.80 11.24 12.26 15.40 15.55 12.99 14.97 14.09 16.06 16.28 16.50 16.50 16.94 16.94 17.08 17.08 16.57 16.50 14.45 14.09 13.72 13.87 15.84 14.09 14.24 12.63 15.18
18.25 17.74 19.20 18.25 18.25 17.45 15.77 15.91 16.06 15.55 15.84 10.59 11.75 9.42 13.14 16.13 16.28 17.08 17.08 17.96 17.89 17.37 11.24 13.21 7.81 4.53 4.23 3.65 4.31 4.45 4.53 5.55 5.26 7.96 9.20 12.34 12.78 12.78 11.83 9.56 9.64 7.30 6.86 6.86 6.50 10.22 11.46 7.96 10.59 11.68 11.53 13.29 12.63 12.70 12.19 11.46 11.17 10.80 10.80 11.24 11.24 11.39 12.92 12.41 13.80 16.06 15.18 16.64 16.64 17.59 19.71 20.37 17.08 14.60 12.48 13.65 14.53 17.52 16.72 17.01 13.43 12.26 12.70 12.78
18.54 18.18 19.64 17.89 16.86 17.08 15.55 14.60 14.82 13.07 10.80 11.83 10.15 12.70 11.97 15.99 17.74 19.42 19.42 18.83 19.71 15.55 16.72 7.81 5.84 6.06 4.67 5.26 5.48 4.60 4.60 4.82 5.40 7.81 7.52 9.13 9.86 11.02 9.93 6.94 7.15 10.51 9.42 9.42 7.45 9.13 9.71 9.56 10.88 10.15 12.12 12.85 11.53 12.12 11.61 10.95 11.39 14.45 13.72 12.78 12.48 12.12 11.97 13.87 15.62 17.16 17.52 23.43 23.43 22.78 21.46 21.10 16.86 18.03 14.09 14.60 14.24 17.45 17.08 13.94 14.75 12.85 13.21 13.36
18.54 18.18 19.64 17.89 16.86 17.08 15.55 14.60 14.82 13.07 10.80 11.83 10.15 12.70 11.97 15.99 17.74 19.42 19.42 18.83 19.71 15.55 16.72 7.81 5.84 6.06 4.67 5.26 5.48 4.60 4.60 4.82 5.40 7.81 7.52 9.13 9.86 11.02 9.93 6.94 7.15 10.51 9.42 9.42 7.45 9.13 9.71 9.56 10.88 10.15 12.12 12.85 11.53 12.12 11.61 10.95 11.39 14.45 13.72 12.78 12.48 12.12 11.97 13.87 15.62 17.16 17.52 23.43 23.43 22.78 21.46 21.10 16.86 18.03 14.09 14.60 14.24 17.45 17.08 13.94 14.75 12.85 13.21 13.36
16.57 16.50 15.33 13.94 14.89 11.53 14.60 12.78 9.93 10.22 10.66 10.44 10.29 12.48 16.13 18.76 18.32 20.15 20.15 20.22 20.37 16.28 11.61 8.40 8.61 6.50 5.40 5.55 5.11 7.08 6.42 5.33 8.91 8.69 8.40 8.98 11.90 10.51 10.44 12.85 12.56 12.19 10.73 10.73 9.78 7.74 8.25 8.76 10.44 10.07 11.75 11.75 9.71 10.00 11.68 10.95 12.34 12.12 15.84 15.48 14.53 14.16 14.89 14.53 15.70 18.69 20.44 22.27 22.27 22.19 22.70 22.12 18.10 18.83 16.43 14.31 15.18 16.43 17.30 15.26 15.26 15.04 14.97 14.45
15.48 15.04 15.40 14.02 12.19 12.56 12.05 11.75 12.19 13.43 14.67 14.45 16.43 18.69 18.54 18.54 17.67 15.84 15.84 17.89 14.60 11.61 11.83 9.64 7.45 6.79 7.30 6.42 8.40 9.78 12.78 13.65 10.80 9.49 11.32 12.70 11.68 10.44 12.41 10.88 7.37 7.15 7.08 7.08 8.91 7.23 8.83 10.29 10.59 9.05 9.42 9.56 9.78 9.05 10.73 12.85 11.61 11.97 12.41 12.19 13.65 16.28 17.30 19.78 20.59 20.15 20.44 20.88 20.88 23.87 22.85 23.36 19.64 16.94 17.45 15.18 14.02 13.87 14.60 9.34 13.80 12.48 11.97 13.43
14.24 13.94 13.58 13.80 13.36 13.21 13.29 14.31 15.48 14.75 16.64 15.40 14.89 16.79 16.94 15.40 15.55 14.09 14.09 11.90 7.37 11.02 10.00 9.93 7.59 8.03 7.30 9.49 13.29 12.70 13.94 17.45 17.01 13.07 12.19 10.95 8.10 4.74 5.62 5.26 6.57 6.64 8.32 8.32 8.47 8.10 9.86 10.29 9.56 9.42 10.07 11.02 11.24 11.02 12.19 11.32 12.12 10.59 10.51 7.59 10.07 9.05 12.78 16.35 14.09 17.01 16.21 19.56 19.56 20.66 19.93 18.32 19.27 15.40 13.29 13.43 13.14 4.31 6.20 5.99 8.03 11.61 12.12 11.46
14.75 15.11 13.80 14.38 13.80 14.45 10.59 10.15 9.93 9.64 10.59 10.22 10.80 11.75 11.02 11.17 11.39 9.93 9.93 10.59 6.86 8.18 8.18 11.39 11.32 10.66 9.13 9.42 10.29 10.59 14.89 18.54 18.61 12.70 10.66 7.01 5.77 6.06 7.15 11.24 10.51 10.51 12.48 12.48 11.97 10.66 10.07 9.78 9.78 10.95 10.59 11.10 11.53 14.60 15.40 13.58 12.85 10.07 7.74 7.01 8.32 9.27 10.07 10.37 12.48 15.62 17.74 19.71 19.71 19.27 19.78 14.97 13.21 12.99 14.89 12.34 3.14 5.40 0.00 8.61 6.35 10.00 11.32 13.58
14.75 15.11 13.80 14.38 13.80 14.45 10.59 10.15 9.93 9.64 10.59 10.22 10.80 11.75 11.02 11.17 11.39 9.93 9.93 10.59 6.86 8.18 8.18 11.39 11.32 10.66 9.13 9.42 10.29 10.59 14.89 18.54 18.61 12.70 10.66 7.01 5.77 6.06 7.15 11.24 10.51 10.51 12.48 12.48 11.97 10.66 10.07 9.78 9.78 10.95 10.59 11.10 11.53 14.60 15.40 13.58 12.85 10.07 7.74 7.01 8.32 9.27 10.07 10.37 12.48 15.62 17.74 19.71 19.71 19.27 19.78 14.97 13.21 12.99 14.89 12.34 3.14 5.40 0.00 8.61 6.35 10.00 11.32 13.58
12.41 13.94 14.02 14.02 14.45 10.15 11.02 7.66 6.57 6.20 8.25 9.93 9.56 11.24 11.39 12.41 12.19 10.80 10.80 10.15 5.77 4.53 4.82 10.00 12.92 12.78 10.22 9.34 9.13 10.51 15.18 18.83 19.20 12.48 6.28 10.44 7.81 6.57 8.54 10.73 11.61 11.32 12.63 12.63 11.68 10.80 9.13 11.46 10.51 11.02 10.73 11.24 11.46 14.02 15.91 11.61 10.00 10.88 8.61 8.54 17.08 16.28 13.07 13.51 11.90 14.82 17.37 20.00 20.00 21.68 16.28 17.23 13.36 15.18 15.18 13.80 2.34 0.00 0.00 4.89 6.28 7.08 5.48 10.80
12.99 13.14 12.85 16.13 15.33 17.59 14.38 9.13 10.00 8.47 10.22 8.98 11.24 14.53 14.60 14.67 15.91 13.51 13.51 14.82 9.93 4.67 5.69 5.40 5.40 11.02 11.32 11.24 9.05 9.56 13.72 14.09 17.89 18.61 17.89 7.52 6.86 7.30 7.15 8.10 4.82 8.91 12.48 12.48 13.58 14.97 15.04 12.70 11.39 10.29 8.61 9.20 8.54 11.46 13.14 10.73 12.41 15.84 17.74 17.23 19.42 18.83 16.21 16.13 15.84 15.91 16.86 22.92 22.92 23.43 18.32 14.31 14.38 12.85 4.89 1.68 2.77 1.24 3.36 2.34 2.99 4.74 4.31 6.57
12.05 12.34 12.19 15.70 18.32 17.74 18.32 12.12 9.56 9.42 11.24 10.80 10.80 12.41 13.14 14.60 14.31 15.40 15.40 15.48 13.94 10.59 9.42 6.06 8.25 11.10 11.97 10.66 8.40 9.49 8.54 6.57 13.36 10.73 13.51 8.40 4.38 3.36 0.58 2.99 2.04 6.86 12.34 12.34 16.28 14.97 15.77 11.39 11.83 9.49 6.50 7.45 9.13 10.15 11.10 14.97 17.23 16.72 18.69 21.24 19.13 19.13 19.42 18.47 17.74 21.61 25.84 25.11 25.11 25.04 11.24 8.83 9.05 9.71 3.80 2.04 0.95 1.02 1.75 2.56 1.90 3.80 4.45 3.87
8.61 11.83 15.77 18.32 17.96 18.10 17.08 16.43 13.51 13.94 13.51 14.02 18.25 16.28 11.75 12.92 11.83 14.16 14.16 13.87 14.60 12.19 12.70 9.49 10.37 15.62 16.06 13.87 9.86 7.30 4.02 2.19 9.71 5.99 5.33 6.94 4.38 0.37 0.00 1.46 4.31 4.82 9.86 9.86 10.66 7.15 10.80 10.59 8.32 9.05 8.10 7.59 9.56 10.29 12.12 11.83 17.74 18.61 17.96 14.53 15.04 14.82 12.26 15.77 15.18 20.15 22.78 13.29 13.29 7.15 9.71 5.04 1.75 1.83 1.90 0.00 0.95 0.73 0.00 1.83 1.31 1.46 3.14 2.70
10.66 9.64 13.36 16.43 16.79 16.79 16.50 18.54 18.25 18.61 17.67 20.73 20.37 21.46 16.06 12.92 16.94 13.58 13.58 15.77 15.99 15.26 17.96 18.83 17.67 17.45 17.59 17.89 11.61 11.39 3.50 0.95 3.94 2.12 1.39 0.37 0.37 0.07 0.00 0.00 2.34 2.85 3.29 3.29 2.48 4.09 5.48 6.20 2.56 5.48 6.79 6.06 9.34 12.99 12.99 15.04 16.72 13.80 14.89 14.02 12.41 9.93 10.51 13.94 12.78 16.50 12.63 8.03 8.03 5.04 3.58 3.50 1.39 1.46 0.15 0.15 0.00 0.00 0.00 0.00 1.46 0.51 0.58 1.46
10.66 9.64 13.36 16.43 16.79 16.79 16.50 18.54 18.25 18.61 17.67 20.73 20.37 21.46 16.06 12.92 16.94 13.58 13.58 15.77 15.99 15.26 17.96 18.83 17.67 17.45 17.59 17.89 11.61 11.39 3.50 0.95 3.94 2.12 1.39 0.37 0.37 0.07 0.00 0.00 2.34 2.85 3.29 3.29 2.48 4.09 5.48 6.20 2.56 5.48 6.79 6.06 9.34 12.99 12.99 15.04 16.72 13.80 14.89 14.02 12.41 9.93 10.51 13.94 12.78 16.50 12.63 8.03 8.03 5.04 3.58 3.50 1.39 1.46 0.15 0.15 0.00 0.00 0.00 0.00 1.46 0.51 0.58 1.46
7.08 10.51 13.29 12.48 15.11 16.79 16.13 18.61 20.22 18.61 18.91 19.49 19.64 21.17 21.68 21.90 18.69 16.64 16.64 15.91 15.62 17.45 17.89 19.42 20.15 20.95 19.64 17.81 15.84 11.46 1.97 5.26 3.21 1.97 1.02 0.00 0.00 0.00 0.00 0.00 1.10 0.80 1.10 1.10 0.73 1.97 0.00 0.00 0.00 0.00 0.00 5.26 9.05 8.83 7.81 10.80 11.10 10.00 8.25 8.98 10.59 10.29 10.80 14.53 14.09 11.39 12.19 8.47 8.47 8.10 6.13 5.26 5.91 2.34 1.17 0.00 0.00 0.29 0.22 0.00 0.00 0.00 0.00 1.24
8.61 8.25 11.17 14.60 17.45 16.72 22.48 25.77 23.00 24.24 19.71 18.98 19.71 17.81 20.37 19.86 19.42 19.27 19.27 19.05 18.54 19.93 21.90 21.23 20.10 21.94 20.28 18.40 18.10 15.33 7.88 4.31 5.77 2.41 1.46 0.88 0.00 0.00 0.15 0.95 0.00 0.00 0.58 0.58 0.00 0.00 0.00 0.00 0.00 0.00 0.00 0.00 5.04 4.23 8.47 7.59 6.28 7.88 8.83 10.73 10.29 10.95 13.72 12.85 14.67 8.69 8.03 8.69 8.69 8.32 8.10 5.62 2.26 1.24 1.61 0.37 0.37 0.22 0.00 0.00 0.00 0.00 0.00 0.00
10.51 12.70 12.41 14.60 17.45 21.39 20.44 23.21 21.90 18.40 19.35 17.16 15.55 10.37 13.14 12.05 18.54 20.22 20.22 20.59 22.27 23.43 23.00 24.64 27.04 21.97 24.36 19.64 19.27 19.05 8.54 7.08 8.10 3.50 0.66 1.61 0.00 0.29 0.51 0.00 0.15 0.66 0.37 0.37 0.00 0.00 0.00 0.00 0.00 0.00 0.00 0.00 0.00 2.63 3.87 5.69 4.60 7.45 10.07 10.66 11.68 11.02 9.05 7.96 6.06 6.42 6.06 7.81 7.81 6.06 6.57 4.89 2.63 1.90 1.39 1.68 0.00 0.88 0.80 0.29 0.07 0.37 0.00 0.00
11.83 13.72 14.82 14.60 16.50 17.74 19.13 12.78 17.74 8.83 5.69 6.13 6.72 6.35 9.20 15.40 13.43 14.24 14.24 16.94 18.18 22.09 17.54 24.61 22.62 24.43 23.87 25.66 17.23 20.48 13.65 17.59 11.68 7.45 3.36 7.74 2.41 3.80 0.80 0.80 1.90 1.46 0.58 0.58 0.00 0.00 0.00 0.00 0.00 0.00 0.00 0.00 0.00 0.00 1.83 3.65 6.79 6.86 9.56 8.76 11.75 11.24 15.04 10.07 5.77 5.48 11.24 12.12 12.12 8.25 10.51 4.60 4.45 4.89 3.50 3.80 4.02 1.31 1.39 0.37 0.15 0.00 0.37 0.29
15.77 14.89 15.11 13.07 12.34 13.36 13.29 12.41 7.59 3.50 3.72 3.43 2.70 0.00 6.64 5.33 8.76 11.53 11.53 7.19 0.00 10.01 5.34 16.21 14.23 15.84 20.09 28.57 26.67 24.11 24.28 22.56 17.81 12.99 17.08 11.61 6.86 6.72 1.24 0.29 0.00 0.15 0.00 0.00 0.00 0.00 0.00 0.00 0.00 0.00 0.00 0.00 0.00 0.00 0.00 1.97 0.00 2.99 7.37 10.37 13.07 15.99 15.26 14.16 19.05 17.96 18.47 17.23 17.23 18.98 12.78 7.59 4.45 4.74 4.67 3.50 2.63 2.48 1.97 0.80 0.22 0.07 1.17 0.73
15.77 14.89 15.11 13.07 12.34 13.36 13.29 12.41 7.59 3.50 3.72 3.43 2.70 0.00 6.64 5.33 8.76 11.53 11.59 7.42 0.00 10.71 5.21 16.62 14.02 15.84 19.49 26.55 24.92 24.48 24.53 23.50 20.01 13.75 17.52 11.61 6.86 6.72 1.24 0.29 0.00 0.15 0.00 0.00 0.00 0.00 0.00 0.00 0.00 0.00 0.00 0.00 0.00 0.00 0.00 1.97 0.00 2.99 7.37 10.37 13.07 15.99 15.26 14.16 19.05 17.96 18.47 17.23 17.23 18.98 12.78 7.59 4.45 4.74 4.67 3.50 2.63 2.48 1.97 0.80 0.22 0.07 1.17 0.73
16.57 16.35 12.78 13.51 9.93 11.02 11.61 11.39 11.39 6.06 9.49 5.18 0.00 0.00 7.23 11.10 16.86 9.93 9.93 11.68 4.53 0.00 0.00 0.00 2.10 5.68 5.31 13.57 23.36 24.14 23.96 21.18 24.96 22.20 20.70 17.17 16.59 10.73 2.92 3.94 2.56 0.95 0.00 0.00 0.00 0.00 0.07 0.00 0.00 0.00 0.00 0.00 0.00 0.00 0.00 0.00 0.00 0.00 2.41 3.07 6.86 11.61 11.68 20.00 18.40 21.90 18.40 17.01 17.01 17.52 14.24 6.35 3.43 5.26 4.60 4.09 3.07 1.68 1.61 1.90 1.97 1.10 1.31 1.17
15.48 15.04 12.70 10.73 9.20 6.86 7.66 10.88 13.29 12.70 11.97 10.22 4.45 6.72 12.05 16.64 17.45 18.18 18.18 13.50 3.50 0.00 0.00 0.00 0.00 0.22 2.04 10.97 14.38 18.58 15.55 19.05 20.29 24.12 24.47 20.44 20.45 14.60 6.72 7.15 3.72 2.85 0.22 0.22 2.19 0.00 0.29 0.00 1.46 1.83 1.61 1.75 1.75 1.39 0.00 0.00 0.00 0.00 0.00 0.00 0.00 0.00 8.54 16.86 14.67 15.40 15.26 14.45 14.45 7.81 4.45 5.77 2.26 5.40 5.69 3.36 3.87 2.99 2.77 2.56 3.36 2.70 2.48 4.02
15.11 15.04 13.87 14.31 12.05 9.56 11.17 10.59 12.78 12.99 12.34 8.10 7.01 6.28 6.94 14.24 10.00 11.17 11.17 7.30 4.09 1.83 1.31 0.66 0.80 0.00 0.00 4.50 0.00 9.37 12.56 14.67 18.54 15.48 21.05 21.90 23.75 17.96 19.35 14.38 5.69 6.86 3.29 3.29 4.31 1.17 0.00 0.37 0.58 1.61 2.77 2.41 2.48 3.21 2.99 0.00 0.00 0.00 0.00 0.00 0.00 0.00 5.04 5.11 9.05 10.66 11.75 12.12 12.12 5.91 0.95 2.41 1.75 4.23 4.82 4.09 3.65 3.94 3.80 4.89 4.23 8.25 6.20 6.64
15.11 15.70 15.33 12.99 13.80 12.78 14.09 14.97 18.18 18.83 18.25 12.63 8.40 6.79 6.86 7.81 7.88 6.28 6.28 1.75 3.94 3.50 2.34 1.02 1.39 0.00 0.00 0.00 0.00 8.91 10.66 8.91 7.88 11.17 17.01 20.95 21.05 22.54 22.05 18.43 14.67 10.29 4.74 4.74 2.56 3.07 0.73 1.17 0.00 0.00 1.17 2.04 2.34 3.21 0.00 0.00 0.00 0.00 1.17 0.88 0.00 0.00 0.00 0.00 3.36 2.04 5.26 4.60 4.60 4.67 0.37 0.22 0.66 2.99 2.56 3.50 5.18 5.40 5.40 5.91 8.98 9.27 9.27 10.07
9.05 11.46 16.57 17.67 16.72 11.53 9.71 10.00 12.90 18.54 18.76 16.64 11.53 12.63 7.96 5.77 1.17 0.95 0.95 1.24 0.00 1.83 6.35 5.69 4.31 0.80 5.18 7.37 7.88 8.03 7.37 4.60 6.86 5.77 11.39 10.37 19.05 20.51 20.38 15.72 16.14 12.56 10.80 10.80 8.69 5.69 3.80 3.87 2.12 0.88 1.17 2.34 1.39 0.00 1.24 0.00 0.00 0.00 1.75 2.12 0.00 0.00 0.00 0.00 0.00 0.00 1.61 0.00 0.00 0.00 0.00 0.00 0.00 0.66 2.34 2.12 3.07 4.60 1.46 1.68 5.91 6.42 7.08 10.73
10.29 7.81 10.66 17.96 17.37 14.82 10.66 7.01 7.64 8.10 5.91 13.87 11.39 6.86 1.61 0.00 0.00 0.00 0.00 0.15 1.17 5.99 10.88 8.83 11.32 9.56 7.23 8.76 12.67 11.80 8.47 7.04 2.48 0.00 4.16 2.85 8.98 10.32 15.62 18.25 14.45 7.23 8.40 8.40 7.88 7.37 5.40 5.40 4.16 2.26 1.75 0.00 0.00 0.00 0.00 0.00 0.00 0.00 0.00 2.19 0.00 0.80 0.00 0.00 0.00 0.00 0.00 0.00 0.00 0.00 0.00 0.00 0.00 0.00 1.10 0.00 0.00 2.77 0.29 0.51 0.15 2.92 4.16 1.46
10.29 7.81 10.66 17.96 17.37 14.82 10.66 7.01 7.45 8.10 5.91 13.87 11.39 6.86 1.61 0.00 0.00 0.00 0.00 0.15 1.17 5.99 10.88 8.83 11.32 9.56 7.23 8.76 12.48 11.39 8.18 7.01 2.41 0.00 4.18 2.86 8.98 10.27 15.78 18.25 14.31 7.23 8.40 8.40 7.88 7.37 5.40 5.40 4.16 2.26 1.75 0.00 0.00 0.00 0.00 0.00 0.00 0.00 0.00 2.19 0.00 0.80 0.00 0.00 0.00 0.00 0.00 0.00 0.00 0.00 0.00 0.00 0.00 0.00 1.10 0.00 0.00 2.77 0.29 0.51 0.15 2.92 4.16 1.46
8.91 9.27 7.88 12.05 16.72 17.08 16.13 18.68 14.30 6.64 6.79 4.38 3.14 4.16 1.53 0.00 0.00 0.00 0.00 0.00 0.00 1.97 5.11 9.20 13.72 9.56 11.39 11.24 14.38 13.58 11.02 13.14 9.56 4.82 0.00 0.00 1.02 2.41 10.56 2.26 2.99 4.38 3.94 3.94 5.91 4.45 4.16 5.33 5.99 4.67 3.50 2.04 1.39 1.31 0.00 0.00 0.00 0.00 0.00 0.00 0.00 1.17 0.51 0.00 0.00 0.00 0.00 0.00 0.00 0.00 0.00 0.00 0.00 0.00 0.00 0.00 0.00 0.00 0.00 0.00 0.00 0.66 0.73 0.07
