Wansh/Snow_depth/snowdepth-1996/spring/1996079.txt
ncols 321
nrows 161
xllcenter 60
yllcenter 15 
cellsize  0.25 
NODATA_value -1
[rows 0 to 36 of 161, columns 0 to 83 of 321]
21.24 21.24 23.36 23.51 25.77 24.02 23.73 24.75 24.02 25.84 25.55 24.89 25.04 24.67 23.94 23.80 24.09 24.31 23.07 23.43 23.94 20.88 18.03 24.31 19.35 20.37 20.37 16.86 16.28 16.79 17.30 17.08 18.61 20.44 19.78 21.24 20.08 20.29 22.48 21.61 23.94 23.51 23.51 22.92 23.07 21.61 20.59 20.88 20.66 20.37 20.81 20.81 19.05 17.74 17.59 17.59 16.72 17.59 17.30 17.30 17.74 18.91 15.77 16.13 16.94 18.10 18.25 17.52 13.51 14.31 11.68 15.62 15.11 17.16 19.86 19.86 19.86 19.86 19.86 21.53 19.78 19.71 19.64 21.02
22.27 22.27 23.65 23.36 22.85 24.60 23.51 23.73 23.58 22.63 23.14 23.29 19.71 20.44 21.68 20.08 19.35 21.53 21.97 17.96 18.40 19.49 15.55 14.97 14.60 16.35 16.35 16.06 16.79 18.98 18.10 19.49 18.25 19.27 21.24 20.81 22.48 22.19 22.05 21.02 20.08 22.12 18.54 22.05 20.00 15.18 18.91 17.96 17.59 19.20 17.52 17.52 17.81 16.06 12.05 11.90 12.26 11.46 10.73 11.97 12.92 13.58 13.58 13.80 12.56 13.07 13.72 13.21 11.24 10.88 11.10 11.75 14.24 16.50 18.40 17.96 17.96 19.20 18.98 18.91 19.35 19.27 19.71 20.08
21.53 21.53 21.46 22.85 23.51 23.43 22.78 21.61 21.83 21.24 17.16 18.25 18.03 15.84 15.99 16.57 16.06 15.91 14.38 12.26 12.34 12.99 12.92 14.97 17.23 16.72 16.72 17.30 18.54 18.91 18.69 18.61 17.89 17.89 17.67 17.59 21.97 21.10 19.78 19.93 18.91 17.01 17.30 15.99 14.09 14.60 13.58 13.36 13.94 13.29 13.94 13.94 11.46 10.07 9.93 10.95 10.07 9.05 9.86 9.20 10.51 10.07 10.44 11.68 13.80 15.04 13.65 13.72 15.11 14.38 14.89 17.96 15.99 18.76 18.32 19.64 19.64 19.27 19.71 20.08 19.64 19.86 19.35 19.42
21.53 21.53 21.46 22.85 23.51 23.43 22.78 21.61 21.83 21.24 17.16 18.25 18.03 15.84 15.99 16.57 16.06 15.91 14.38 12.26 12.34 12.99 12.92 14.97 17.23 16.72 16.72 17.30 18.54 18.91 18.69 18.61 17.89 17.89 17.67 17.59 21.97 21.10 19.78 19.93 18.91 17.01 17.30 15.99 14.09 14.60 13.58 13.36 13.94 13.29 13.94 13.94 11.46 10.07 9.93 10.95 10.07 9.05 9.86 9.20 10.51 10.07 10.44 11.68 13.80 15.04 13.65 13.72 15.11 14.38 14.89 17.96 15.99 18.76 18.32 19.64 19.64 19.27 19.71 20.08 19.64 19.86 19.35 19.42
20.00 20.00 20.37 20.51 21.83 20.88 20.81 21.61 17.52 18.54 16.06 14.53 15.11 14.97 13.58 13.72 13.36 12.12 12.19 11.75 12.41 12.12 14.67 14.02 15.55 16.57 16.57 16.35 17.23 16.86 16.57 18.83 18.18 17.81 16.13 16.35 14.75 14.60 13.43 14.16 12.26 12.63 12.26 13.07 13.07 12.05 11.97 11.75 12.26 11.83 11.83 11.83 9.13 10.15 10.15 10.07 10.15 10.07 10.37 13.65 13.65 13.14 14.82 15.40 15.18 17.59 16.28 15.33 16.79 16.21 16.13 15.70 17.59 16.28 18.03 19.93 19.93 21.53 21.32 20.15 20.73 20.29 17.37 17.23
20.66 20.66 20.59 22.05 22.05 21.68 18.61 15.62 16.72 14.09 14.31 13.65 12.41 12.99 13.07 13.58 13.51 12.99 11.61 11.68 12.26 14.02 14.09 15.70 15.62 14.75 14.75 13.80 15.11 15.62 18.98 18.10 20.73 18.10 18.76 14.89 14.24 12.48 13.58 13.36 11.83 10.80 10.59 12.41 12.56 12.78 11.46 11.61 11.53 12.19 11.10 11.10 11.46 10.29 12.12 11.97 11.83 13.58 14.89 14.67 14.97 15.77 17.59 17.89 18.69 17.89 17.89 17.01 17.89 17.52 17.81 18.83 18.40 20.59 20.81 20.88 20.88 21.61 21.24 19.05 18.61 16.79 17.08 17.37
20.29 20.29 20.81 21.83 18.40 18.91 18.32 14.75 14.53 14.67 12.85 11.68 12.26 11.39 11.32 13.36 14.24 14.02 15.26 13.07 12.85 14.45 15.84 15.48 14.89 15.04 15.04 13.94 13.72 13.51 16.43 20.59 20.22 19.42 16.35 17.16 13.43 14.24 13.72 14.60 12.41 13.07 11.75 12.99 12.63 13.21 13.21 13.43 13.07 12.63 12.34 12.34 10.59 11.97 11.24 12.99 14.45 16.21 15.77 16.94 15.84 15.91 17.30 17.96 18.40 16.28 16.35 16.50 16.35 17.16 17.81 18.10 18.76 17.74 14.89 16.06 16.06 17.74 17.16 19.05 18.61 17.59 18.10 16.72
20.29 20.29 20.81 21.83 18.40 18.91 18.32 14.75 14.53 14.67 12.85 11.68 12.26 11.39 11.32 13.36 14.24 14.02 15.26 13.07 12.85 14.45 15.84 15.48 14.89 15.04 15.04 13.94 13.72 13.51 16.43 20.59 20.22 19.42 16.35 17.16 13.43 14.24 13.72 14.60 12.41 13.07 11.75 12.99 12.63 13.21 13.21 13.43 13.07 12.63 12.34 12.34 10.59 11.97 11.24 12.99 14.45 16.21 15.77 16.94 15.84 15.91 17.30 17.96 18.40 16.28 16.35 16.50 16.35 17.16 17.81 18.10 18.76 17.74 14.89 16.06 16.06 17.74 17.16 19.05 18.61 17.59 18.10 16.72
18.76 18.76 15.48 15.04 16.64 12.85 13.87 14.16 12.34 12.34 12.48 11.02 11.24 11.75 13.14 12.70 15.18 14.97 14.67 14.75 13.36 14.67 15.62 15.48 15.40 14.60 14.60 13.94 13.87 15.33 16.72 16.21 17.16 16.13 16.13 15.33 14.89 14.53 15.11 14.97 13.65 12.99 12.85 13.07 13.07 13.14 13.29 13.43 13.29 13.65 12.78 12.78 11.02 11.17 11.75 15.18 14.89 15.26 13.80 15.18 16.79 16.64 16.72 16.64 16.72 15.84 15.70 16.21 10.29 14.38 14.53 13.29 12.34 12.48 12.41 13.43 13.43 13.36 11.24 14.02 13.14 16.28 16.06 19.49
11.97 11.97 11.39 9.86 9.71 11.53 10.59 11.53 11.61 10.22 10.51 10.80 11.39 10.88 13.14 16.28 15.84 15.33 13.87 14.24 12.41 12.41 12.34 14.45 13.94 14.24 14.24 13.51 15.18 14.75 16.64 16.50 16.35 15.70 15.26 15.55 14.45 16.43 16.06 16.64 16.57 17.01 14.97 14.02 14.53 12.78 11.97 11.97 12.70 13.65 13.36 13.36 12.92 11.83 10.95 11.90 12.12 12.26 13.87 13.21 12.78 14.60 16.21 15.04 15.99 15.11 15.11 14.75 9.93 9.05 13.43 11.90 11.90 13.43 13.58 13.80 13.80 13.21 12.48 13.51 15.40 15.26 15.18 16.35
9.27 9.27 9.27 9.56 8.69 9.78 10.00 9.20 10.44 10.44 10.44 11.61 11.46 12.34 13.72 14.97 14.16 12.34 12.34 11.83 11.68 12.05 12.12 11.83 12.70 13.43 13.43 13.43 14.53 15.55 15.04 16.06 15.99 16.06 14.97 14.67 14.89 15.26 16.28 15.99 16.79 15.33 15.77 14.31 12.92 13.21 12.12 12.56 12.48 12.56 12.85 12.85 11.97 11.24 11.39 11.83 12.78 11.90 11.83 12.26 11.68 13.21 13.87 12.41 14.31 14.16 9.05 14.02 7.01 7.37 6.64 12.48 12.92 13.51 14.24 15.11 15.11 14.38 15.62 14.97 15.18 15.40 17.08 15.84
9.27 9.27 9.27 9.56 8.69 9.78 10.00 9.20 10.44 10.44 10.44 11.61 11.46 12.34 13.72 14.97 14.16 12.34 12.34 11.83 11.68 12.05 12.12 11.83 12.70 13.43 13.43 13.43 14.53 15.55 15.04 16.06 15.99 16.06 14.97 14.67 14.89 15.26 16.28 15.99 16.79 15.33 15.77 14.31 12.92 13.21 12.12 12.56 12.48 12.56 12.85 12.85 11.97 11.24 11.39 11.83 12.78 11.90 11.83 12.26 11.68 13.21 13.87 12.41 14.31 14.16 9.05 14.02 7.01 7.37 6.64 12.48 12.92 13.51 14.24 15.11 15.11 14.38 15.62 14.97 15.18 15.40 17.08 15.84
8.76 8.76 9.05 8.91 8.10 8.54 9.56 9.49 10.29 10.07 10.07 11.17 12.48 12.26 13.36 13.07 13.29 12.26 11.24 11.61 10.51 10.88 10.88 11.61 12.56 12.12 12.12 13.43 13.36 14.89 16.21 15.99 15.84 14.53 14.67 14.45 14.82 14.45 14.31 13.72 14.67 14.24 15.33 14.16 14.38 13.87 12.63 12.85 12.41 12.34 12.26 12.26 13.14 12.48 11.61 12.41 12.05 12.70 10.88 11.32 10.95 10.88 11.53 11.02 14.16 12.48 13.80 10.00 8.40 12.70 13.14 12.34 13.80 13.65 12.92 12.05 12.05 13.58 15.70 15.33 15.70 14.60 16.28 14.60
8.83 8.83 8.10 7.81 8.32 8.25 8.91 10.51 10.44 11.61 11.32 11.10 12.41 12.63 12.70 12.41 11.90 11.97 11.90 10.51 10.80 9.27 9.42 10.22 11.17 11.97 11.97 11.68 12.05 11.39 11.61 11.02 11.02 14.02 13.58 14.16 13.94 13.72 14.02 14.24 13.21 14.45 14.02 14.38 13.58 12.85 13.21 11.53 12.19 11.90 11.97 11.97 12.26 11.83 10.80 11.02 11.75 10.73 10.29 10.73 10.66 10.51 10.73 10.07 10.00 14.45 9.27 10.29 7.66 14.09 13.72 14.16 15.11 13.58 13.94 12.99 12.99 12.63 13.72 13.14 13.29 13.58 13.43 14.67
8.10 8.10 8.18 7.74 7.88 8.03 7.81 9.93 11.61 11.53 10.59 11.75 11.75 10.80 10.37 11.75 11.53 11.83 11.61 11.24 9.34 9.56 9.13 8.32 8.54 7.66 7.66 9.78 9.71 9.27 8.61 8.54 9.13 9.27 8.83 10.29 11.02 13.51 12.99 13.29 13.43 13.43 13.43 13.80 13.94 13.21 12.63 13.07 11.61 11.75 12.19 12.19 12.26 12.48 11.17 10.95 10.66 11.39 12.85 10.88 10.66 10.22 9.71 9.78 8.83 4.89 5.48 6.50 6.20 11.39 11.61 13.43 14.45 15.40 16.21 15.55 15.55 16.06 14.45 11.75 13.72 12.48 17.59 16.43
8.10 8.10 7.59 7.66 7.81 8.10 9.93 9.13 10.95 10.22 10.66 9.13 9.56 9.56 9.42 9.13 10.73 10.66 11.53 11.75 11.61 10.95 10.07 8.40 7.66 7.88 7.88 6.79 7.23 6.86 7.96 8.03 7.81 7.96 9.71 9.20 10.51 13.14 14.31 14.16 14.31 13.72 13.87 13.14 13.36 13.29 13.29 13.07 11.24 12.41 12.26 12.26 12.56 13.29 10.88 11.10 11.75 13.36 13.07 12.99 11.61 10.80 10.80 9.34 5.48 5.62 4.53 8.03 7.66 10.37 11.75 11.83 11.61 14.53 16.28 16.86 16.86 16.94 14.75 15.18 13.94 15.33 16.50 17.16
8.10 8.10 7.59 7.66 7.81 8.10 9.93 9.13 10.95 10.22 10.66 9.13 9.56 9.56 9.42 9.13 10.73 10.66 11.53 11.75 11.61 10.95 10.07 8.40 7.66 7.88 7.88 6.79 7.23 6.86 7.96 8.03 7.81 7.96 9.71 9.20 10.51 13.14 14.31 14.16 14.31 13.72 13.87 13.14 13.36 13.29 13.29 13.07 11.24 12.41 12.26 12.26 12.56 13.29 10.88 11.10 11.75 13.36 13.07 12.99 11.61 10.80 10.80 9.34 5.48 5.62 4.53 8.03 7.66 10.37 11.75 11.83 11.61 14.53 16.28 16.86 16.86 16.94 14.75 15.18 13.94 15.33 16.50 17.16
9.78 9.78 9.56 8.32 8.32 9.71 9.42 10.80 10.37 9.71 9.49 9.56 10.29 9.42 9.42 9.42 10.44 10.15 12.26 12.19 12.26 11.46 10.44 10.66 9.20 7.96 7.96 8.03 8.03 9.27 11.39 10.95 12.48 13.94 13.14 12.34 11.39 12.41 11.75 13.51 13.43 13.36 13.14 12.56 12.41 12.85 12.92 12.99 12.56 12.41 12.48 12.48 12.85 11.46 10.51 10.37 10.00 10.51 12.34 12.85 12.63 10.37 8.98 7.15 6.42 7.66 7.66 7.74 9.93 10.66 10.88 11.83 11.32 13.80 14.53 15.33 15.33 14.97 13.21 12.05 12.78 15.62 15.55 14.82
10.88 10.88 11.02 12.41 11.53 11.02 13.14 10.51 10.22 10.59 8.98 10.66 10.73 10.59 10.15 10.00 10.80 11.75 11.39 11.75 11.17 11.46 10.59 11.53 12.48 12.05 12.05 12.12 11.83 10.51 12.48 13.51 13.07 14.16 12.34 12.92 9.56 11.32 11.75 11.75 11.53 11.17 11.10 11.10 11.02 11.32 12.78 12.41 12.63 12.56 12.48 12.48 10.95 11.24 10.51 10.95 10.22 11.75 12.56 12.70 12.63 10.07 9.42 9.64 8.61 7.30 6.50 5.77 8.91 10.29 11.53 12.63 14.24 13.72 14.60 14.02 14.02 13.87 13.21 10.15 11.68 13.58 13.43 14.45
12.92 12.92 13.36 12.99 14.53 13.51 13.87 13.29 10.66 8.25 8.76 8.32 11.24 10.95 11.61 12.85 10.95 12.26 11.97 11.53 11.46 11.83 11.61 10.95 12.70 12.78 12.78 12.41 12.41 11.39 11.24 11.32 11.46 10.37 10.66 8.03 8.69 7.96 10.51 10.59 10.44 10.37 10.00 10.15 10.73 10.59 11.02 12.05 12.70 12.05 12.12 12.12 12.34 12.63 10.80 12.19 12.41 13.29 14.24 12.34 10.51 9.42 9.56 9.49 8.76 7.74 8.91 8.54 8.98 10.29 10.95 10.88 12.63 14.60 14.24 12.85 12.85 12.19 12.26 12.19 12.48 15.33 13.36 15.55
12.34 12.34 13.65 14.09 14.38 13.43 13.65 13.94 13.07 8.10 8.98 8.91 13.36 13.51 12.99 15.18 15.18 13.36 12.63 11.61 12.05 11.61 13.58 13.43 13.14 13.94 13.94 13.29 13.51 10.88 10.37 10.15 10.44 9.05 8.98 9.05 8.91 9.71 11.17 11.24 10.29 10.73 11.53 10.80 11.75 11.61 12.19 12.19 12.78 15.18 14.02 14.02 13.36 13.14 12.12 12.26 14.53 14.89 15.48 14.67 11.39 10.29 9.71 11.46 10.66 10.59 9.78 11.75 12.05 10.37 10.88 10.37 12.19 11.75 13.21 13.51 13.51 12.99 14.75 14.09 16.50 14.89 14.82 14.53
12.34 12.34 12.48 11.32 12.85 12.70 13.21 12.85 12.26 12.78 11.02 15.40 14.75 17.89 16.06 15.99 15.91 15.11 14.60 13.14 12.48 14.09 13.87 12.85 13.07 12.63 12.63 13.80 12.19 11.75 10.37 9.05 8.83 8.25 9.42 10.22 9.78 9.42 10.66 11.10 12.34 12.26 12.70 12.19 12.63 12.41 13.14 15.26 15.91 15.04 15.55 15.55 14.60 14.89 14.24 15.11 15.26 15.11 14.24 15.55 11.90 11.32 12.56 13.51 12.70 13.94 12.63 11.68 10.95 10.59 10.15 10.51 10.88 10.59 12.85 9.42 9.42 10.37 11.32 13.87 16.57 15.62 13.07 12.85
12.34 12.34 12.48 11.32 12.85 12.70 13.21 12.85 12.26 12.78 11.02 15.40 14.75 17.89 16.06 15.99 15.91 15.11 14.60 13.14 12.48 14.09 13.87 12.85 13.07 12.63 12.63 13.80 12.19 11.75 10.37 9.05 8.83 8.25 9.42 10.22 9.78 9.42 10.66 11.10 12.34 12.26 12.70 12.19 12.63 12.41 13.14 15.26 15.91 15.04 15.55 15.55 14.60 14.89 14.24 15.11 15.26 15.11 14.24 15.55 11.90 11.32 12.56 13.51 12.70 13.94 12.63 11.68 10.95 10.59 10.15 10.51 10.88 10.59 12.85 9.42 9.42 10.37 11.32 13.87 16.57 15.62 13.07 12.85
11.61 11.61 10.88 10.80 11.83 12.48 12.26 13.43 13.94 14.82 14.67 16.35 17.74 17.52 16.28 15.62 15.62 15.84 14.60 13.51 13.80 13.14 12.12 12.48 11.39 12.85 12.85 12.12 12.41 11.97 11.39 11.75 10.07 9.71 9.86 10.15 9.49 10.59 11.10 11.39 11.83 12.99 14.60 13.72 14.16 14.45 15.55 15.70 17.52 17.37 15.84 15.84 15.18 15.55 15.91 16.86 16.43 15.26 15.33 14.02 13.80 14.09 14.09 14.45 14.53 14.97 13.80 13.58 12.78 11.75 10.80 9.86 8.25 9.20 7.74 5.77 5.77 6.57 8.40 7.52 9.56 13.80 5.62 5.77
8.69 8.69 10.29 10.44 10.15 12.92 14.09 13.51 14.97 15.11 15.26 15.26 17.08 15.04 15.84 14.16 14.53 13.29 14.09 11.53 11.46 11.17 11.24 10.51 11.24 11.17 11.17 11.97 11.53 11.10 11.90 10.15 10.37 10.07 10.37 10.66 10.51 11.53 13.07 13.51 13.07 13.14 14.24 14.24 13.58 14.31 14.53 14.24 16.35 17.45 16.50 16.50 15.18 15.62 16.50 16.64 15.55 15.18 16.43 15.40 14.60 15.48 15.55 15.91 15.70 15.70 15.62 15.26 14.60 14.82 11.97 14.02 12.99 13.14 8.47 12.34 12.34 8.40 8.18 9.42 10.59 10.66 6.57 6.20
9.20 9.20 8.61 9.34 9.27 9.05 12.63 13.51 13.58 14.60 13.72 14.24 14.45 14.97 14.31 14.53 14.45 12.70 12.85 11.39 11.61 11.46 11.61 11.10 12.05 11.97 11.97 11.90 11.75 11.39 10.51 10.73 11.75 14.02 14.67 14.97 15.04 15.33 14.24 14.60 13.14 12.78 11.97 12.92 12.92 14.09 14.38 14.02 15.40 15.84 14.60 14.60 15.40 15.55 16.64 18.83 17.59 17.59 18.10 17.16 17.59 19.20 17.01 17.08 17.59 16.94 16.21 15.91 17.45 15.70 16.06 14.75 15.55 13.58 16.35 15.48 15.48 11.90 14.31 11.53 12.78 11.24 12.05 15.99
8.69 8.69 8.83 7.81 8.69 9.93 11.53 13.36 14.45 14.38 12.56 11.83 10.80 11.10 13.07 13.80 13.51 13.80 13.87 14.97 13.51 13.51 12.41 12.19 12.85 12.48 12.48 12.41 12.12 12.63 11.68 12.26 11.97 14.24 16.43 15.55 15.70 15.40 14.67 11.83 10.80 10.59 11.61 11.32 12.26 10.66 13.51 12.85 14.24 13.21 13.14 13.14 12.41 13.65 18.98 17.59 18.40 20.29 22.05 19.64 18.76 19.05 18.25 19.64 17.96 16.94 18.32 17.74 17.45 16.79 14.89 15.84 16.06 16.50 16.86 15.18 15.18 15.26 15.04 12.26 13.21 14.02 16.13 16.79
8.83 8.83 8.47 8.54 8.61 9.05 12.05 12.12 14.67 15.77 15.70 12.99 10.73 12.48 12.05 13.21 14.38 14.45 14.24 14.24 13.43 14.53 13.94 15.26 15.18 14.02 14.02 14.02 13.21 12.78 12.70 13.87 15.04 14.16 15.84 14.16 13.43 12.26 10.95 11.39 10.66 10.15 9.93 8.69 9.56 9.20 10.15 11.10 13.14 13.43 12.19 12.19 12.26 11.68 18.83 18.69 17.89 19.64 18.76 19.78 18.10 18.10 17.89 18.10 18.83 17.45 19.27 18.91 16.43 16.35 15.18 15.11 14.89 15.77 14.82 16.64 16.64 15.11 14.89 17.23 17.37 17.52 17.59 17.67
8.83 8.83 8.47 8.54 8.61 9.05 12.05 12.12 14.67 15.77 15.70 12.99 10.73 12.48 12.05 13.21 14.38 14.45 14.24 14.24 13.43 14.53 13.94 15.26 15.18 14.02 14.02 14.02 13.21 12.78 12.70 13.87 15.04 14.16 15.84 14.16 13.43 12.26 10.95 11.39 10.66 10.15 9.93 8.69 9.56 9.20 10.15 11.10 13.14 13.43 12.19 12.19 12.26 11.68 18.83 18.69 17.89 19.64 18.76 19.78 18.10 18.10 17.89 18.10 18.83 17.45 19.27 18.91 16.43 16.35 15.18 15.11 14.89 15.77 14.82 16.64 16.64 15.11 14.89 17.23 17.37 17.52 17.59 17.67
8.03 8.03 7.52 8.10 10.29 10.00 12.41 14.97 13.72 16.72 18.40 16.21 12.78 13.94 13.43 10.37 10.15 9.49 12.34 12.85 11.90 15.40 16.57 16.35 16.50 16.64 16.64 16.28 16.43 17.08 15.62 13.87 14.38 12.78 12.99 12.56 12.63 12.34 11.46 11.53 12.19 12.26 11.53 9.20 9.42 8.47 10.51 10.88 12.85 13.51 13.21 13.21 10.66 13.29 12.70 13.21 15.33 16.72 16.57 15.11 14.97 16.72 16.64 12.63 12.78 13.29 17.74 17.37 15.40 13.36 14.97 13.36 15.33 14.75 15.33 15.70 15.70 14.97 17.59 18.18 18.32 17.74 16.72 17.67
9.93 9.93 7.52 8.61 12.12 10.95 10.95 14.53 17.89 17.52 18.61 14.75 7.81 13.43 9.93 6.94 6.79 5.91 5.69 9.13 8.32 14.38 17.23 17.30 17.59 16.79 16.79 17.59 18.18 18.18 16.94 14.09 12.70 12.92 12.56 12.70 13.65 13.58 12.41 12.92 11.97 12.85 11.24 10.29 8.98 9.42 9.93 9.34 10.88 12.05 13.21 13.21 14.02 11.68 12.26 11.90 14.31 14.67 12.34 12.78 13.21 13.36 10.51 11.83 13.80 13.14 15.55 14.24 13.29 15.33 13.07 14.60 14.09 14.02 15.18 15.26 15.26 10.15 16.86 13.51 14.31 12.05 14.45 16.86
9.78 9.78 10.59 10.07 11.61 11.75 14.97 13.87 15.26 17.16 12.48 13.43 4.45 0.00 6.06 3.80 3.65 3.43 3.50 4.23 8.10 10.66 10.59 17.23 17.16 15.77 15.77 17.67 17.96 17.52 14.53 15.84 14.45 14.89 14.75 12.70 14.38 13.58 12.34 7.59 10.66 10.59 11.02 9.93 9.78 10.15 10.51 12.70 12.05 11.97 11.61 11.61 12.48 12.34 12.70 13.72 13.36 11.90 10.80 10.37 10.73 10.51 10.29 12.19 15.84 13.51 15.77 13.87 13.21 5.91 7.01 9.49 11.46 5.40 7.59 6.86 6.86 8.03 13.43 7.96 7.88 8.83 11.68 14.60
10.80 10.80 10.00 10.95 11.53 11.10 14.97 13.51 14.09 6.20 2.63 0.00 1.46 0.00 0.00 0.00 0.00 0.00 1.90 1.75 3.94 7.81 9.56 11.53 10.73 14.09 14.09 15.26 15.04 14.89 13.51 13.14 15.77 15.91 13.29 11.53 10.44 4.82 2.85 3.80 6.28 10.44 10.00 11.32 11.24 12.34 13.36 14.53 13.87 13.80 13.36 13.36 12.26 11.53 11.17 11.02 11.46 10.95 9.34 3.65 5.62 9.13 7.45 7.15 6.42 11.53 15.18 11.68 0.95 1.83 3.43 5.99 0.00 2.85 3.50 3.65 3.65 3.65 3.72 5.84 7.45 5.33 11.17 20.22
8.91 8.91 7.59 9.34 10.51 10.15 8.10 9.34 2.99 3.43 0.00 0.00 0.00 0.00 0.00 0.00 0.00 0.00 0.00 0.00 3.29 2.77 4.45 7.37 11.46 10.66 10.66 13.36 13.94 12.78 12.99 10.80 12.48 9.86 1.46 0.80 0.22 1.90 1.46 3.72 2.85 9.42 8.32 10.51 11.02 12.92 13.43 14.09 15.40 15.77 13.65 13.65 13.65 10.59 12.63 6.50 8.69 8.40 0.00 0.00 1.31 1.46 0.00 0.00 0.00 0.00 0.00 0.00 0.00 0.00 0.00 0.00 0.00 0.00 0.00 2.56 2.56 3.21 5.62 4.09 1.83 2.77 8.03 11.24
6.50 6.50 6.86 5.04 8.03 5.33 4.45 0.00 0.00 0.00 0.00 0.00 0.00 0.00 0.00 0.00 0.00 0.00 0.00 0.00 0.00 0.00 0.00 0.00 5.33 8.25 8.25 7.59 9.34 9.05 1.31 0.73 0.80 0.66 0.22 0.00 0.00 0.00 0.00 0.00 0.22 1.97 1.53 7.81 10.59 6.86 13.51 11.17 15.11 14.24 14.24 14.24 5.62 6.72 8.03 0.00 0.00 0.00 0.00 0.00 0.00 0.00 0.00 0.00 0.00 0.00 0.00 0.00 0.00 0.00 0.00 0.00 0.00 0.00 0.00 4.09 4.09 4.74 5.11 3.87 3.50 6.35 7.81 11.02
6.50 6.50 6.86 5.04 8.03 5.33 4.45 0.00 0.00 0.00 0.00 0.00 0.00 0.00 0.00 0.00 0.00 0.00 0.00 0.00 0.00 0.00 0.00 0.00 5.33 8.25 8.25 7.59 9.34 9.05 1.31 0.73 0.80 0.66 0.22 0.00 0.00 0.00 0.00 0.00 0.22 1.97 1.53 7.81 10.59 6.86 13.51 11.17 15.11 14.24 14.24 14.24 5.62 6.72 8.03 0.00 0.00 0.00 0.00 0.00 0.00 0.00 0.00 0.00 0.00 0.00 0.00 0.00 0.00 0.00 0.00 0.00 0.00 0.00 0.00 4.09 4.09 4.74 5.11 3.87 3.50 6.35 7.81 11.02
5.26 5.26 4.67 2.04 2.04 0.88 0.00 0.00 0.00 0.00 0.00 0.00 0.00 0.00 0.00 0.00 0.00 0.00 0.00 0.00 0.00 0.00 0.00 0.00 0.00 0.00 0.00 0.00 0.00 0.00 0.22 0.00 0.00 0.00 0.00 0.00 0.00 0.00 0.00 0.00 0.00 0.00 1.83 0.00 2.99 0.00 2.04 2.26 10.22 3.80 3.72 3.72 4.96 0.00 0.00 0.00 0.00 0.00 0.00 0.00 0.00 0.00 0.00 0.00 0.00 0.00 0.00 0.00 0.00 0.00 0.00 0.00 0.00 3.80 6.50 8.76 8.76 8.47 6.94 9.27 8.25 11.24 13.36 15.40
