Wansh/Snow_depth/snowdepth-1996/spring/1996064.txt
ncols 321
nrows 161
xllcenter 60
yllcenter 15 
cellsize  0.25 
NODATA_value -1
[rows 0 to 36 of 161, columns 84 to 167 of 321]
18.76 19.78 19.71 19.05 16.94 14.31 13.07 13.21 12.99 15.77 16.57 17.30 18.03 17.74 17.74 17.74 15.40 15.40 15.40 15.40 15.18 8.61 8.25 8.25 9.20 5.69 3.14 2.41 2.70 4.60 3.14 5.48 7.30 6.94 6.64 6.06 7.52 6.50 2.92 2.99 4.96 5.40 5.69 5.69 8.10 7.66 7.01 6.72 7.96 9.34 11.10 10.88 11.24 8.47 8.32 8.47 7.23 7.23 6.50 5.18 5.77 4.89 3.72 3.58 5.04 5.26 6.35 6.20 6.20 6.42 9.34 9.64 9.34 9.13 9.20 8.32 10.44 10.00 11.46 10.15 10.37 9.86 9.86 8.91
17.45 18.61 18.69 17.23 15.55 13.87 14.45 13.21 14.60 16.21 16.57 13.94 13.07 12.26 11.32 11.53 11.46 13.65 13.65 11.24 12.26 12.34 12.19 8.10 6.94 7.52 3.65 3.80 2.41 2.99 2.48 4.16 4.23 5.62 5.55 3.50 2.77 2.92 2.70 2.99 6.79 12.56 13.21 13.21 12.99 10.07 13.14 8.10 9.71 8.10 7.37 6.50 6.86 6.94 7.59 7.23 7.59 9.93 7.08 8.47 10.07 6.28 7.45 9.42 6.06 7.23 11.10 10.15 10.15 10.15 9.78 11.02 9.49 9.78 10.95 13.94 13.65 11.83 11.90 11.17 10.07 10.44 9.78 9.05
17.30 16.64 18.18 15.84 14.16 15.18 14.53 14.89 17.45 17.52 13.43 13.14 13.29 13.21 12.56 11.10 10.44 9.78 9.78 9.93 12.41 11.83 13.21 13.29 11.02 6.42 8.76 4.74 3.07 2.04 2.12 2.77 2.85 3.80 6.86 5.48 4.23 8.10 7.74 9.64 8.76 11.90 13.43 13.43 17.16 16.06 15.48 12.41 10.80 6.50 6.94 6.13 6.06 5.91 7.23 7.15 7.37 11.32 11.24 10.80 11.32 13.72 10.88 11.32 13.07 9.34 13.07 15.40 15.40 14.97 12.26 12.48 10.66 11.97 11.32 14.60 15.33 15.62 14.24 12.99 10.88 10.66 10.37 10.44
17.30 16.64 18.18 15.84 14.16 15.18 14.53 14.89 17.45 17.52 13.43 13.14 13.29 13.21 12.56 11.10 10.44 9.78 9.78 9.93 12.41 11.83 13.21 13.29 11.02 6.42 8.76 4.74 3.07 2.04 2.12 2.77 2.85 3.80 6.86 5.48 4.23 8.10 7.74 9.64 8.76 11.90 13.43 13.43 17.16 16.06 15.48 12.41 10.80 6.50 6.94 6.13 6.06 5.91 7.23 7.15 7.37 11.32 11.24 10.80 11.32 13.72 10.88 11.32 13.07 9.34 13.07 15.40 15.40 14.97 12.26 12.48 10.66 11.97 11.32 14.60 15.33 15.62 14.24 12.99 10.88 10.66 10.37 10.44
16.13 15.33 15.33 14.97 14.53 14.24 14.38 14.89 19.13 14.16 14.82 14.45 14.53 13.07 13.72 12.48 8.76 9.93 9.93 8.83 8.69 10.07 11.97 13.87 12.19 10.37 7.66 2.92 1.68 1.83 1.97 2.77 4.45 6.20 9.34 10.07 9.78 9.49 8.76 8.91 9.27 13.07 11.97 11.97 16.43 17.67 18.25 18.54 13.65 12.63 7.30 8.25 5.26 5.33 5.40 5.77 7.52 10.07 10.07 11.75 12.92 14.31 14.60 13.14 14.38 16.64 16.43 16.21 16.21 13.87 14.31 11.61 12.05 11.68 13.07 12.85 16.13 14.16 15.11 10.80 11.39 10.88 10.15 10.22
14.89 15.70 16.43 16.43 16.72 15.48 13.94 14.53 11.90 11.61 12.70 14.53 15.26 14.97 13.94 11.17 12.19 11.53 11.53 8.76 8.61 7.66 9.42 10.44 10.73 11.39 8.40 4.53 2.85 2.34 2.34 2.63 3.87 6.57 9.78 8.47 9.27 8.69 8.61 8.98 10.80 11.02 12.78 12.78 12.19 15.40 17.52 15.99 16.43 14.09 8.61 6.86 7.15 5.77 6.35 6.57 7.08 9.64 8.98 11.53 14.45 13.87 15.26 16.86 15.77 15.84 13.80 13.87 13.87 13.07 12.78 12.48 14.60 12.05 12.12 11.32 11.39 10.66 11.39 11.53 12.05 13.14 13.21 12.48
16.21 16.94 16.86 16.50 17.30 17.45 16.21 13.94 11.10 13.80 12.34 12.34 12.99 13.14 13.29 13.29 12.41 10.44 10.44 11.17 9.78 8.76 8.98 8.83 6.35 5.11 4.16 4.60 3.07 2.70 3.58 3.94 3.94 5.55 6.79 8.18 10.29 9.34 10.44 10.51 10.44 10.73 11.53 11.53 12.99 15.62 14.60 16.13 10.51 8.69 9.05 7.01 6.64 6.50 7.23 9.13 10.88 10.88 12.05 14.16 14.16 16.64 17.96 17.96 15.26 15.77 13.94 12.78 12.78 12.78 13.36 14.97 14.60 15.18 14.45 11.75 11.32 11.24 10.51 11.32 10.95 12.48 12.63 12.85
16.21 16.94 16.86 16.50 17.30 17.45 16.21 13.94 11.10 13.80 12.34 12.34 12.99 13.14 13.29 13.29 12.41 10.44 10.44 11.17 9.78 8.76 8.98 8.83 6.35 5.11 4.16 4.60 3.07 2.70 3.58 3.94 3.94 5.55 6.79 8.18 10.29 9.34 10.44 10.51 10.44 10.73 11.53 11.53 12.99 15.62 14.60 16.13 10.51 8.69 9.05 7.01 6.64 6.50 7.23 9.13 10.88 10.88 12.05 14.16 14.16 16.64 17.96 17.96 15.26 15.77 13.94 12.78 12.78 12.78 13.36 14.97 14.60 15.18 14.45 11.75 11.32 11.24 10.51 11.32 10.95 12.48 12.63 12.85
17.45 16.79 17.74 17.74 17.16 16.86 14.82 15.11 13.87 12.05 10.07 10.37 9.27 10.66 10.66 12.05 12.05 12.99 12.99 13.36 13.21 10.22 11.97 9.20 5.48 3.43 3.58 3.50 4.02 4.16 4.53 4.96 5.62 8.54 6.64 12.78 12.99 12.85 10.66 10.51 8.54 9.64 9.56 9.56 11.97 12.63 8.47 8.25 8.76 9.64 8.83 8.91 7.15 8.10 9.13 8.83 9.86 11.24 11.24 10.88 14.53 14.53 12.26 17.23 14.09 13.36 13.51 13.14 13.14 13.94 13.80 15.48 14.82 14.97 13.94 12.05 12.41 12.19 12.34 12.05 11.61 11.97 9.93 10.37
16.72 16.57 17.23 17.16 17.16 14.31 15.40 15.33 14.53 13.21 10.66 8.18 7.45 10.51 11.83 12.19 12.70 14.09 14.09 13.51 13.07 12.26 7.66 10.66 5.69 4.09 3.58 3.58 4.23 4.09 3.50 4.38 6.42 9.05 11.46 12.34 11.97 13.14 7.88 8.25 6.64 7.30 6.86 6.86 6.50 6.64 7.30 9.42 11.17 10.73 10.80 12.85 12.78 11.32 10.29 10.07 10.07 9.64 10.07 10.07 10.00 11.02 11.17 10.73 12.12 12.12 13.58 13.43 13.43 13.80 16.06 15.91 16.50 13.65 13.14 10.88 12.85 11.90 16.57 13.80 12.78 9.20 8.83 8.61
16.50 16.79 16.06 15.26 14.60 14.24 14.45 13.87 10.15 10.88 11.17 7.01 8.98 10.88 13.58 14.89 14.38 14.16 14.16 17.16 14.31 13.43 8.25 5.99 4.67 5.33 3.72 4.38 3.21 2.63 3.80 4.23 5.18 5.55 9.56 9.42 9.71 9.49 8.18 8.32 7.15 10.51 9.42 9.42 7.66 7.30 8.25 9.13 9.20 10.95 10.59 11.97 10.29 10.88 9.49 11.68 10.88 11.39 14.31 10.37 9.93 11.39 10.80 10.88 13.94 16.13 15.33 20.22 20.22 21.10 21.32 17.96 18.03 14.82 11.61 11.10 13.65 16.43 16.06 13.80 12.34 12.26 13.21 12.26
16.50 16.79 16.06 15.26 14.60 14.24 14.45 13.87 10.15 10.88 11.17 7.01 8.98 10.88 13.58 14.89 14.38 14.16 14.16 17.16 14.31 13.43 8.25 5.99 4.67 5.33 3.72 4.38 3.21 2.63 3.80 4.23 5.18 5.55 9.56 9.42 9.71 9.49 8.18 8.32 7.15 10.51 9.42 9.42 7.66 7.30 8.25 9.13 9.20 10.95 10.59 11.97 10.29 10.88 9.49 11.68 10.88 11.39 14.31 10.37 9.93 11.39 10.80 10.88 13.94 16.13 15.33 20.22 20.22 21.10 21.32 17.96 18.03 14.82 11.61 11.10 13.65 16.43 16.06 13.80 12.34 12.26 13.21 12.26
15.26 14.89 15.70 13.72 14.02 13.80 14.45 13.43 8.10 7.81 9.20 11.10 13.65 13.14 14.24 16.21 17.30 19.71 19.71 18.98 14.60 15.26 10.73 6.72 7.52 5.84 4.67 5.04 3.14 5.11 5.69 6.28 8.40 8.91 9.13 10.07 10.44 10.37 11.90 12.85 12.56 12.19 10.73 10.73 7.74 6.94 6.79 7.81 8.91 10.66 10.29 10.51 9.86 9.05 9.56 11.53 13.65 12.99 15.11 12.56 11.68 11.97 14.16 14.45 13.87 16.72 16.57 19.93 19.93 21.75 22.56 22.63 17.37 12.63 13.51 12.19 14.09 13.65 14.89 15.33 13.65 14.09 13.72 13.72
13.58 13.80 14.53 13.87 12.85 11.90 10.37 8.18 8.83 10.37 10.95 12.12 14.09 15.62 16.94 15.99 18.32 12.41 12.41 16.57 15.77 8.76 8.18 8.54 7.88 6.06 5.55 8.10 9.86 9.34 7.66 9.13 12.70 11.24 13.65 13.51 12.63 13.07 12.41 10.88 7.37 7.15 7.08 7.08 7.96 8.40 8.83 8.83 9.20 9.34 9.27 9.42 8.98 8.47 10.15 9.93 11.83 13.36 10.80 10.66 13.72 15.55 15.33 15.91 17.23 16.64 18.76 19.49 19.49 21.68 22.78 19.78 20.22 15.91 12.85 12.92 11.90 10.51 8.98 9.49 10.15 10.00 13.07 12.70
13.72 13.43 12.41 13.07 12.78 12.19 9.56 11.90 14.16 13.65 13.58 13.58 12.48 14.53 14.82 11.10 9.71 10.15 10.15 8.40 7.59 7.66 9.13 8.40 8.32 8.69 8.69 10.00 12.41 15.48 16.21 12.56 11.97 15.40 11.97 10.59 8.69 4.74 5.62 5.26 6.57 6.64 10.29 10.29 9.56 9.49 10.59 9.49 9.20 9.42 10.51 9.86 10.00 8.98 12.92 11.39 11.02 10.22 8.98 9.20 7.66 8.98 13.58 13.80 13.29 16.94 17.37 17.59 17.59 18.91 18.76 17.96 15.48 16.21 13.29 11.32 12.12 4.45 6.13 4.89 9.64 9.27 9.56 10.15
13.58 13.36 13.51 12.12 10.44 10.95 8.91 6.86 6.94 9.05 10.15 9.13 11.53 11.39 9.13 8.98 8.76 8.32 8.32 7.37 7.23 6.72 7.08 9.20 10.59 10.44 9.13 10.59 9.56 13.14 17.81 15.91 14.45 15.04 11.39 9.56 5.77 6.06 7.15 11.24 10.51 10.51 11.83 11.83 10.88 9.78 10.44 8.91 9.42 10.88 10.51 9.93 10.80 13.21 12.41 14.53 10.80 11.53 7.15 5.48 7.66 7.52 9.56 11.46 11.10 13.87 16.28 16.43 16.43 19.13 16.86 18.03 13.94 12.63 12.12 11.97 3.07 6.50 0.00 4.82 6.94 9.64 9.27 8.47
13.58 13.36 13.51 12.12 10.44 10.95 8.91 6.86 6.94 9.05 10.15 9.13 11.53 11.39 9.13 8.98 8.76 8.32 8.32 7.37 7.23 6.72 7.08 9.20 10.59 10.44 9.13 10.59 9.56 13.14 17.81 15.91 14.45 15.04 11.39 9.56 5.77 6.06 7.15 11.24 10.51 10.51 11.83 11.83 10.88 9.78 10.44 8.91 9.42 10.88 10.51 9.93 10.80 13.21 12.41 14.53 10.80 11.53 7.15 5.48 7.66 7.52 9.56 11.46 11.10 13.87 16.28 16.43 16.43 19.13 16.86 18.03 13.94 12.63 12.12 11.97 3.07 6.50 0.00 4.82 6.94 9.64 9.27 8.47
12.78 13.36 12.34 13.43 11.10 8.61 8.25 7.15 5.26 7.45 7.30 8.54 10.73 10.66 10.37 8.98 12.05 8.61 8.61 5.04 3.72 4.09 3.94 7.52 8.98 7.88 6.79 6.50 6.72 10.15 12.78 17.08 18.32 12.48 9.78 10.44 7.81 6.57 8.54 10.73 11.61 11.32 12.12 12.12 10.44 9.86 11.39 9.93 10.07 10.22 9.78 9.71 11.24 11.75 14.09 14.02 10.73 7.59 8.25 10.22 10.15 11.75 13.36 12.41 13.29 12.85 15.91 20.37 20.37 18.98 17.81 13.87 14.89 12.99 10.22 13.21 4.67 0.00 0.00 1.24 5.48 4.23 4.23 4.60
10.22 11.46 11.32 12.78 12.78 12.85 11.02 5.91 7.15 7.30 8.54 9.56 11.97 13.36 14.16 12.78 12.85 9.13 9.13 8.32 5.48 4.38 5.33 7.15 6.64 8.25 7.74 10.88 10.59 13.14 12.26 18.03 18.83 17.08 11.17 9.56 6.86 7.30 7.15 8.10 4.82 8.91 11.97 11.97 11.39 14.67 13.36 11.53 10.07 10.07 9.05 7.52 10.15 9.93 9.86 10.00 10.00 13.43 14.16 13.29 17.89 16.28 14.16 15.33 14.24 15.84 15.18 20.95 20.95 21.68 22.70 14.82 11.97 12.12 7.74 3.43 0.00 0.00 2.19 3.87 3.36 3.43 2.77 2.34
8.32 10.37 10.15 12.26 11.90 12.70 10.59 10.73 8.83 10.15 9.56 11.61 11.83 12.19 12.19 10.22 13.43 11.90 11.90 11.53 10.07 8.47 6.86 7.23 9.49 12.05 11.68 12.26 9.34 7.15 10.44 14.67 17.23 8.54 9.49 8.40 4.38 3.36 0.58 2.99 2.04 6.20 11.39 11.39 14.75 14.16 15.84 11.83 9.20 6.64 7.37 7.01 9.49 9.56 9.42 13.80 15.18 14.60 16.06 19.71 19.20 18.83 16.43 14.89 15.26 18.18 22.63 21.02 21.02 21.10 9.64 11.68 9.86 5.62 2.19 2.63 0.29 0.00 0.00 0.95 0.80 2.63 2.63 2.92
7.59 8.91 11.46 13.80 12.99 13.21 11.75 10.44 13.07 15.77 14.60 13.21 13.87 14.60 14.97 10.15 10.37 10.95 10.95 10.51 10.29 9.64 7.66 12.99 13.72 12.85 11.32 9.13 10.59 9.49 4.74 4.82 4.74 5.99 5.33 6.94 4.38 0.37 0.00 1.46 4.31 8.40 8.47 8.47 11.83 11.24 10.59 11.10 8.18 6.35 6.64 7.08 8.54 10.44 16.06 15.04 16.28 16.21 16.79 16.86 15.91 13.29 12.85 14.89 17.74 16.72 17.96 11.68 11.68 19.56 8.25 3.36 1.17 1.31 0.22 0.00 0.07 0.00 0.00 0.00 0.29 0.51 0.44 0.37
8.54 8.25 11.46 9.86 12.63 12.34 12.85 13.36 14.67 15.40 17.16 20.81 21.46 16.72 18.61 15.33 11.39 12.70 12.70 13.36 16.50 16.43 16.35 16.21 14.97 15.62 20.15 15.48 9.42 10.73 6.94 3.58 3.94 2.12 1.39 0.37 0.37 0.07 0.00 0.00 2.34 4.09 3.07 3.07 2.26 5.55 8.47 4.67 4.31 5.26 4.60 8.32 8.03 9.86 17.08 17.52 16.72 16.43 11.97 12.26 12.41 10.73 12.05 11.24 15.33 14.31 14.82 8.98 8.98 5.40 5.77 1.68 0.44 0.00 0.00 0.00 0.00 0.00 0.00 0.00 0.00 0.00 0.00 0.00
8.54 8.25 11.46 9.86 12.63 12.34 12.85 13.36 14.67 15.40 17.16 20.81 21.46 16.72 18.61 15.33 11.39 12.70 12.70 13.36 16.50 16.43 16.35 16.21 14.97 15.62 20.15 15.48 9.42 10.73 6.94 3.58 3.94 2.12 1.39 0.37 0.37 0.07 0.00 0.00 2.34 4.09 3.07 3.07 2.26 5.55 8.47 4.67 4.31 5.26 4.60 8.32 8.03 9.86 17.08 17.52 16.72 16.43 11.97 12.26 12.41 10.73 12.05 11.24 15.33 14.31 14.82 8.98 8.98 5.40 5.77 1.68 0.44 0.00 0.00 0.00 0.00 0.00 0.00 0.00 0.00 0.00 0.00 0.00
7.74 6.86 8.25 7.37 11.02 13.94 16.06 17.37 18.25 20.15 20.73 20.81 20.00 20.29 18.76 18.25 13.51 15.55 15.55 14.89 16.35 17.67 18.25 20.00 20.37 20.15 20.66 17.23 13.43 14.31 10.66 5.26 3.21 1.97 1.02 0.00 0.00 0.00 0.00 0.00 1.10 1.24 0.51 0.51 0.44 0.00 0.00 0.00 0.00 0.00 0.00 2.19 7.96 7.52 8.25 12.19 8.91 9.86 8.61 9.05 8.54 10.15 12.63 15.11 14.67 12.92 8.32 9.27 9.27 6.86 8.32 4.45 1.61 0.07 0.00 0.00 0.00 0.00 0.00 0.00 0.00 0.00 0.00 0.00
5.18 6.64 7.59 13.72 8.69 16.50 20.08 24.45 23.87 21.68 18.83 19.56 15.99 16.13 16.72 17.37 15.84 17.16 17.16 14.97 16.28 21.39 20.51 20.26 18.56 21.46 17.11 17.59 14.53 10.73 7.88 3.94 5.77 2.41 1.46 0.88 0.00 0.00 0.15 0.95 0.95 1.17 0.95 0.95 0.00 0.00 0.00 0.00 0.00 0.00 0.00 0.00 3.50 4.82 4.09 8.69 7.08 6.94 6.28 9.64 10.51 11.02 11.61 15.11 12.12 12.70 7.52 8.03 8.03 7.52 9.05 5.62 1.46 1.90 0.00 0.00 0.00 0.00 0.00 0.00 0.00 0.00 0.00 0.00
9.27 8.18 13.58 15.40 10.80 15.18 21.02 22.05 20.95 18.32 12.05 12.99 13.21 12.85 14.45 11.97 14.24 16.13 16.13 21.68 22.70 22.19 22.34 21.48 24.88 21.16 21.63 18.66 17.52 16.13 10.73 7.08 8.10 3.50 0.66 1.61 0.00 0.29 0.51 0.00 0.15 0.51 0.51 0.51 0.29 0.00 0.00 0.00 0.00 0.00 0.00 0.00 0.00 3.14 4.23 3.65 5.04 6.86 9.71 8.91 11.46 10.07 10.22 12.41 9.78 6.79 6.57 7.15 7.15 7.66 4.96 5.77 1.61 0.80 0.95 0.51 0.22 0.00 0.00 0.00 0.00 0.00 0.00 0.00
14.16 13.80 14.45 15.04 15.11 15.62 15.40 17.89 17.08 7.37 6.28 7.74 5.91 3.50 10.07 9.78 8.54 14.09 14.09 17.52 17.59 21.12 15.35 21.15 19.74 21.71 24.33 23.01 20.92 20.48 13.65 17.59 11.68 7.45 3.36 7.74 2.41 3.80 0.80 0.80 0.00 0.15 0.00 0.00 0.00 0.00 0.00 0.00 0.00 0.00 0.00 0.00 0.00 0.00 0.00 2.85 5.91 5.84 8.25 11.10 11.97 11.75 12.63 11.75 12.48 5.99 10.07 10.29 10.29 12.12 10.15 6.35 2.99 1.68 1.90 1.68 1.83 0.51 0.22 0.00 0.00 0.00 0.00 0.00
13.72 13.36 14.75 12.99 12.63 12.78 9.64 7.96 4.02 0.00 1.83 2.26 0.00 0.00 4.09 2.26 4.16 5.84 5.84 6.57 1.03 0.00 9.41 14.67 9.78 19.56 17.38 22.53 26.67 24.11 24.28 22.56 17.81 12.99 17.08 11.61 6.86 6.72 1.24 2.34 0.00 0.00 0.00 0.00 0.00 0.00 0.00 0.00 0.00 0.00 0.00 0.00 0.00 0.00 0.00 0.00 0.00 4.67 4.09 8.18 9.27 15.33 14.75 15.99 17.23 17.01 14.89 15.77 15.77 12.34 13.36 7.81 3.65 3.50 2.19 3.58 1.02 1.61 0.44 0.44 0.00 0.00 0.00 0.00
13.72 13.36 14.75 12.99 12.63 12.78 9.64 7.96 4.02 0.00 1.83 2.26 0.00 0.00 4.09 2.26 4.16 5.84 5.87 6.79 1.05 0.00 9.17 15.05 9.64 19.56 16.86 20.94 24.92 24.48 24.53 23.50 20.01 13.75 17.52 11.61 6.86 6.72 1.24 2.34 0.00 0.00 0.00 0.00 0.00 0.00 0.00 0.00 0.00 0.00 0.00 0.00 0.00 0.00 0.00 0.00 0.00 4.67 4.09 8.18 9.27 15.33 14.75 15.99 17.23 17.01 14.89 15.77 15.77 12.34 13.36 7.81 3.65 3.50 2.19 3.58 1.02 1.61 0.44 0.44 0.00 0.00 0.00 0.00
16.06 16.13 14.67 12.26 7.23 7.74 8.47 9.86 6.06 8.47 4.09 0.00 0.00 0.00 4.45 0.00 2.26 5.84 5.84 7.23 1.83 0.00 0.00 0.00 5.39 11.13 18.95 23.04 22.63 24.14 23.96 21.18 24.96 22.20 20.70 17.17 16.59 10.73 2.92 3.43 0.73 1.10 0.00 0.00 0.00 0.00 0.00 0.00 0.00 0.00 0.00 0.00 0.00 0.00 0.00 0.00 0.00 0.00 4.23 3.65 5.33 5.91 17.37 16.50 20.29 20.08 17.23 18.98 18.98 14.60 8.10 9.34 3.65 4.09 5.69 5.40 2.63 1.61 1.61 0.95 1.68 1.97 1.24 0.00
15.55 15.70 14.97 12.34 10.44 7.08 7.88 9.27 9.78 10.66 8.98 4.60 5.55 7.81 7.15 13.87 10.73 7.52 7.52 2.49 3.94 0.00 0.00 0.00 0.00 3.93 0.00 14.30 14.38 18.58 15.55 19.05 20.29 24.12 24.47 20.44 20.45 14.60 6.72 9.13 3.80 5.91 0.95 0.95 1.90 0.00 0.00 0.00 0.37 0.00 1.68 1.90 0.00 0.00 2.63 0.00 0.00 0.00 0.00 3.72 3.87 2.99 5.69 19.56 18.32 18.69 13.43 11.97 11.97 12.56 7.01 3.94 4.45 3.21 6.28 3.87 5.04 1.90 1.83 1.61 1.46 2.92 4.45 2.19
16.50 18.18 12.99 14.82 11.24 10.22 12.99 13.36 14.16 12.56 9.05 8.54 4.82 7.96 8.83 8.61 8.76 5.84 5.84 3.80 4.02 1.39 0.66 0.88 0.00 0.00 0.00 4.50 0.00 9.37 12.56 14.67 18.54 15.48 21.05 21.90 23.75 17.96 19.35 13.72 10.37 9.64 2.34 2.34 1.75 1.97 0.00 0.22 1.17 0.80 1.97 2.12 2.48 3.07 2.92 2.41 0.00 0.00 0.00 0.00 0.00 0.00 1.83 6.20 14.31 15.55 10.66 9.86 9.86 3.07 4.16 0.58 0.95 2.92 4.38 5.55 3.21 3.58 2.34 2.34 4.96 6.42 6.57 6.28
16.21 17.23 16.28 16.50 17.81 16.50 18.10 21.10 16.79 18.10 13.58 15.04 10.00 12.26 6.06 6.50 7.81 4.23 4.23 3.29 3.50 2.56 1.97 1.53 0.00 0.00 0.00 0.00 0.00 8.91 10.66 8.91 7.88 11.17 17.01 20.95 21.05 22.54 20.63 18.36 18.98 12.70 4.89 4.89 3.07 1.02 0.80 1.46 0.66 0.58 0.00 0.00 2.34 3.94 0.00 2.77 0.00 0.00 0.44 0.22 0.95 0.00 2.19 1.61 1.90 1.97 5.99 6.13 6.13 1.68 0.00 0.00 0.00 0.80 2.85 5.04 4.96 5.18 4.16 3.80 4.89 6.72 8.47 8.69
11.75 15.99 16.13 15.91 15.26 17.16 15.55 11.10 12.09 17.01 20.88 12.99 10.29 11.83 7.52 8.40 0.15 0.44 0.44 0.58 1.75 0.80 5.04 5.77 4.74 7.74 5.18 7.37 7.88 8.03 7.37 4.60 6.86 5.77 11.39 10.37 19.05 20.51 15.12 17.30 14.01 12.34 12.48 12.48 7.30 6.28 2.99 3.43 1.10 0.58 1.39 1.97 1.83 0.00 0.00 0.00 0.00 0.00 1.46 1.83 2.04 1.10 0.00 0.00 0.00 0.00 0.95 0.22 0.22 1.68 0.00 0.00 0.07 0.00 1.24 2.48 4.45 4.23 3.87 2.56 3.80 7.30 6.94 7.45
10.00 10.29 13.58 14.82 15.18 14.16 15.18 12.63 9.51 11.83 7.74 7.74 8.61 7.23 1.02 0.00 0.00 0.00 0.00 0.00 6.72 10.59 9.64 10.66 11.32 9.56 7.23 8.76 12.67 11.80 8.47 7.04 2.48 0.00 4.16 2.85 8.98 10.32 8.47 11.90 6.93 10.88 10.29 10.29 11.02 6.72 4.82 4.45 2.63 2.41 3.14 0.80 0.80 0.58 0.00 0.00 0.00 0.00 0.00 2.04 1.10 1.24 0.07 0.00 0.00 0.00 0.00 0.51 0.51 0.00 0.07 0.00 0.00 0.07 0.00 1.10 2.12 2.19 2.19 1.68 2.77 3.94 0.80 0.66
10.00 10.29 13.58 14.82 15.18 14.16 15.18 12.63 9.27 11.83 7.74 7.74 8.61 7.23 1.02 0.00 0.00 0.00 0.00 0.00 6.72 10.59 9.64 10.66 11.32 9.56 7.23 8.76 12.48 11.39 8.18 7.01 2.41 0.00 4.18 2.86 8.98 10.27 8.55 11.90 6.86 10.88 10.29 10.29 11.02 6.72 4.82 4.45 2.63 2.41 3.14 0.80 0.80 0.58 0.00 0.00 0.00 0.00 0.00 2.04 1.10 1.24 0.07 0.00 0.00 0.00 0.00 0.51 0.51 0.00 0.07 0.00 0.00 0.07 0.00 1.10 2.12 2.19 2.19 1.68 2.77 3.94 0.80 0.66
11.68 9.64 9.05 10.66 15.99 18.40 16.35 17.19 10.82 8.54 8.98 7.59 5.84 2.77 0.00 0.00 0.00 0.00 0.00 0.95 5.77 10.22 7.81 9.20 9.42 9.56 11.39 11.24 14.38 13.58 11.02 13.14 9.56 4.82 0.00 0.00 1.02 2.41 3.01 0.66 3.72 5.69 2.85 2.85 4.53 4.89 2.70 4.09 3.94 3.72 4.16 2.77 0.66 0.58 0.80 0.00 0.00 0.00 0.00 0.00 0.37 0.15 0.00 0.00 0.00 0.00 0.00 0.00 0.00 0.00 0.00 0.00 0.00 0.00 0.00 0.00 0.37 0.58 0.00 0.29 0.29 0.15 0.00 0.00
