Wansh/Snow_depth/snowdepth-1996/spring/1996093.txt
ncols 321
nrows 161
xllcenter 60
yllcenter 15 
cellsize  0.25 
NODATA_value -1
[rows 0 to 36 of 161, columns 0 to 83 of 321]
18.03 18.03 22.48 21.02 24.24 19.20 19.78 24.16 27.74 26.94 29.35 29.27 29.27 27.67 28.32 26.94 25.40 26.79 25.62 24.89 25.26 23.80 22.48 24.09 23.21 21.46 21.46 21.90 21.39 21.24 23.07 23.07 23.36 23.73 23.43 24.02 26.28 25.11 24.89 25.62 26.06 26.72 26.13 26.13 27.08 27.38 24.24 25.19 25.26 25.55 22.41 22.41 22.41 22.41 23.29 23.73 23.65 23.87 22.12 23.21 22.63 24.38 21.46 22.12 24.38 25.11 18.54 20.51 20.29 20.44 16.86 21.68 21.53 24.38 24.53 23.87 23.87 26.13 25.77 26.86 27.23 27.08 27.52 29.57
23.51 23.51 23.43 25.92 25.70 26.43 24.97 22.63 25.70 28.40 27.96 28.25 26.43 26.86 25.04 23.87 24.45 22.92 22.63 23.43 21.46 17.45 21.10 18.03 18.76 18.61 18.61 19.71 20.81 20.51 21.75 23.07 23.21 23.51 24.82 24.67 26.43 27.16 25.84 26.65 26.43 24.02 20.88 21.75 21.61 20.59 20.81 22.27 21.39 20.73 23.73 23.73 22.56 23.07 20.59 19.86 20.15 21.17 21.61 16.13 16.57 17.59 18.69 14.67 14.38 14.75 15.77 14.82 13.14 13.07 15.40 19.64 21.24 20.51 24.16 25.04 25.04 24.97 27.23 26.94 26.94 27.59 27.45 26.06
25.11 25.11 25.48 25.48 26.86 25.40 25.92 25.33 25.11 25.33 22.70 19.78 19.13 19.05 18.40 18.61 18.40 17.45 18.25 14.60 15.99 15.70 17.67 17.45 18.32 18.10 18.10 19.56 21.75 20.95 22.56 20.59 20.00 20.88 22.78 20.51 21.24 23.14 21.32 23.51 22.12 18.18 18.40 17.81 17.08 15.33 14.67 16.72 18.69 19.20 22.19 22.19 21.39 21.17 17.01 12.78 12.12 12.12 11.97 12.48 14.38 12.70 13.07 13.58 13.14 15.77 16.06 15.77 15.26 18.18 19.35 18.91 21.39 23.58 22.85 25.33 25.33 26.21 25.77 25.92 24.45 24.45 24.89 25.04
25.11 25.11 25.48 25.48 26.86 25.40 25.92 25.33 25.11 25.33 22.70 19.78 19.13 19.05 18.40 18.61 18.40 17.45 18.25 14.60 15.99 15.70 17.67 17.45 18.32 18.10 18.10 19.56 21.75 20.95 22.56 20.59 20.00 20.88 22.78 20.51 21.24 23.14 21.32 23.51 22.12 18.18 18.40 17.81 17.08 15.33 14.67 16.72 18.69 19.20 22.19 22.19 21.39 21.17 17.01 12.78 12.12 12.12 11.97 12.48 14.38 12.70 13.07 13.58 13.14 15.77 16.06 15.77 15.26 18.18 19.35 18.91 21.39 23.58 22.85 25.33 25.33 26.21 25.77 25.92 24.45 24.45 24.89 25.04
23.80 23.80 24.02 24.60 25.19 25.48 23.21 20.59 22.41 18.25 20.15 17.67 17.45 17.23 17.59 15.26 17.01 15.99 12.85 10.29 10.66 12.92 16.28 15.62 18.25 18.18 18.18 18.47 18.69 19.13 20.95 20.81 20.88 18.76 18.76 17.16 15.40 16.28 17.45 18.61 17.67 16.94 13.36 12.85 13.21 14.24 13.72 14.16 13.87 13.51 14.89 14.89 11.53 11.46 11.75 11.68 11.24 13.29 13.43 13.65 13.65 12.05 16.06 17.37 18.03 17.16 19.71 18.25 18.61 18.54 20.29 22.27 21.39 22.92 25.26 25.11 25.11 25.48 23.94 24.38 23.73 22.27 22.12 20.66
24.02 24.02 24.02 24.24 24.82 23.21 24.09 20.22 17.30 18.03 15.48 15.18 15.48 15.18 14.09 14.24 14.67 12.92 13.43 12.05 11.97 14.60 13.58 17.08 18.54 18.47 18.47 18.18 16.64 18.32 22.63 22.05 22.78 23.14 18.47 18.18 16.06 14.89 14.31 15.26 13.87 13.29 13.29 12.70 13.87 14.45 13.87 13.51 13.80 13.65 15.26 15.26 12.63 13.65 13.43 13.65 14.09 13.65 13.87 16.94 16.79 17.74 17.37 18.40 19.71 19.35 19.49 19.05 19.93 20.95 20.44 21.90 24.16 24.09 24.97 23.87 23.87 23.51 24.16 22.70 22.63 21.53 20.66 20.73
22.34 22.34 22.12 21.17 19.42 20.00 17.52 15.55 16.06 14.75 13.58 14.97 13.51 13.43 13.43 14.45 15.70 15.33 15.18 13.72 14.09 13.43 17.01 17.96 18.25 18.54 18.54 16.50 16.57 16.13 16.28 21.10 23.80 21.61 20.22 16.57 16.57 16.43 14.97 14.67 16.13 14.97 15.33 15.55 15.40 14.89 15.04 14.67 15.04 14.02 11.97 11.97 13.21 12.48 12.19 13.87 15.70 16.72 17.37 17.30 17.89 17.45 18.32 18.03 18.83 17.45 17.67 17.23 18.03 16.13 19.20 19.49 15.99 19.71 18.98 20.88 20.88 20.15 19.86 22.19 22.34 21.75 24.02 23.58
22.34 22.34 22.12 21.17 19.42 20.00 17.52 15.55 16.06 14.75 13.58 14.97 13.51 13.43 13.43 14.45 15.70 15.33 15.18 13.72 14.09 13.43 17.01 17.96 18.25 18.54 18.54 16.50 16.57 16.13 16.28 21.10 23.80 21.61 20.22 16.57 16.57 16.43 14.97 14.67 16.13 14.97 15.33 15.55 15.40 14.89 15.04 14.67 15.04 14.02 11.97 11.97 13.21 12.48 12.19 13.87 15.70 16.72 17.37 17.30 17.89 17.45 18.32 18.03 18.83 17.45 17.67 17.23 18.03 16.13 19.20 19.49 15.99 19.71 18.98 20.88 20.88 20.15 19.86 22.19 22.34 21.75 24.02 23.58
18.83 18.83 18.69 19.27 16.43 15.18 15.70 14.38 14.16 14.24 13.29 12.92 12.85 13.51 14.67 14.53 14.60 16.50 15.26 15.48 14.38 15.62 17.74 17.52 18.03 16.94 16.94 15.99 15.55 15.55 16.50 18.03 19.86 16.72 17.37 16.28 16.94 16.72 16.64 15.33 15.62 15.18 14.75 16.64 15.18 15.48 15.40 14.75 14.31 13.80 11.61 11.61 10.80 13.36 15.84 14.67 15.99 15.55 13.51 15.40 14.75 16.86 17.96 16.50 17.96 17.45 16.50 16.13 16.13 14.97 12.12 12.78 12.78 14.89 15.40 14.75 14.75 18.32 18.61 17.16 21.24 24.38 23.94 24.45
13.36 13.36 12.92 11.75 11.10 11.39 11.10 11.24 11.02 10.88 10.73 10.51 11.68 12.99 12.63 14.97 15.91 14.89 15.33 13.72 12.85 13.51 13.36 15.33 15.77 14.24 14.24 14.82 15.11 15.55 15.11 15.99 16.06 14.97 15.40 15.84 16.79 17.16 17.52 17.37 16.35 17.16 16.35 16.64 15.18 14.67 13.87 14.45 14.16 14.97 14.24 14.24 13.29 13.72 13.58 12.19 12.48 11.68 12.99 14.16 15.26 16.94 15.91 16.64 16.28 16.86 17.16 17.23 13.72 10.80 11.53 10.95 12.92 11.53 16.35 19.13 19.13 19.35 16.94 20.37 20.29 22.05 23.73 23.29
11.68 11.68 10.15 10.07 10.44 9.86 9.78 10.07 10.37 10.22 10.07 11.46 11.17 12.41 14.31 14.24 15.55 14.53 11.90 11.17 11.75 12.19 11.17 12.99 13.14 13.07 13.07 13.36 13.36 14.38 14.75 14.89 14.53 15.84 13.80 14.67 15.11 15.55 14.82 15.62 14.16 14.89 14.97 15.18 14.67 15.04 14.82 14.67 15.11 14.82 15.04 15.04 13.65 12.70 12.48 13.80 12.70 13.80 14.97 14.31 16.57 14.60 13.80 14.02 15.11 16.50 13.36 14.89 11.39 13.14 13.51 12.78 13.43 18.98 19.05 19.86 19.86 21.17 20.37 22.56 22.41 22.27 21.53 25.33
11.68 11.68 10.15 10.07 10.44 9.86 9.78 10.07 10.37 10.22 10.07 11.46 11.17 12.41 14.31 14.24 15.55 14.53 11.90 11.17 11.75 12.19 11.17 12.99 13.14 13.07 13.07 13.36 13.36 14.38 14.75 14.89 14.53 15.84 13.80 14.67 15.11 15.55 14.82 15.62 14.16 14.89 14.97 15.18 14.67 15.04 14.82 14.67 15.11 14.82 15.04 15.04 13.65 12.70 12.48 13.80 12.70 13.80 14.97 14.31 16.57 14.60 13.80 14.02 15.11 16.50 13.36 14.89 11.39 13.14 13.51 12.78 13.43 18.98 19.05 19.86 19.86 21.17 20.37 22.56 22.41 22.27 21.53 25.33
9.34 9.34 9.56 8.40 7.59 7.81 8.32 9.34 9.13 10.07 9.93 9.64 11.32 11.90 13.51 13.36 13.43 12.78 13.36 11.61 10.51 10.07 10.15 11.24 10.95 11.39 11.39 12.63 12.26 14.09 13.87 14.24 14.97 14.67 12.78 14.89 14.75 14.31 14.82 13.94 15.04 14.53 16.35 14.82 17.08 15.84 14.45 14.75 14.60 14.09 13.94 13.94 13.72 13.94 13.51 13.21 14.16 13.94 14.31 14.16 15.33 13.94 14.53 15.48 14.97 16.28 12.41 15.04 10.37 16.57 14.82 18.32 17.96 19.35 17.01 17.23 17.23 19.64 21.53 21.10 22.56 19.56 20.95 15.70
9.27 9.27 7.66 7.96 7.52 7.30 6.86 9.49 10.29 10.15 9.86 11.32 10.95 11.83 11.46 11.83 12.12 12.56 11.10 9.42 8.91 8.25 8.47 10.29 9.64 10.07 10.07 11.32 10.80 12.34 11.97 11.61 13.43 11.24 11.83 11.24 13.21 11.83 11.97 13.72 12.92 13.43 15.48 15.84 13.36 12.12 12.99 13.14 13.87 13.29 14.16 14.16 14.60 13.80 12.85 13.51 13.07 12.99 13.94 14.97 14.67 14.89 15.04 16.13 17.08 16.50 15.26 20.22 20.29 19.05 21.75 20.59 19.86 19.64 16.86 17.96 17.96 18.32 20.95 18.61 18.25 15.48 15.11 13.94
7.66 7.66 7.59 7.15 6.86 7.01 7.96 10.15 9.56 11.39 10.66 10.00 10.15 10.80 11.39 11.46 11.10 11.17 11.24 9.27 9.42 8.83 7.96 8.18 7.01 6.94 6.94 7.15 8.54 8.61 8.10 7.66 4.96 6.50 8.40 7.30 9.27 11.32 11.02 11.97 13.29 12.70 12.63 12.78 12.92 13.72 14.16 13.07 12.26 13.36 13.51 13.51 14.16 13.80 14.97 14.75 15.70 16.06 16.06 14.67 15.84 14.97 14.45 16.50 15.11 17.52 16.94 20.81 21.10 22.70 22.85 20.59 19.35 21.10 20.81 21.83 21.83 20.95 21.39 16.79 17.67 18.61 19.71 22.12
7.30 7.30 7.59 7.52 7.23 7.30 6.79 9.71 10.88 10.80 10.80 9.86 9.42 9.49 9.42 8.91 9.93 9.42 11.39 11.68 11.46 9.78 9.64 7.52 6.64 6.50 6.50 7.15 6.79 6.79 6.64 4.74 4.74 5.33 8.18 8.03 7.01 8.40 14.60 14.45 14.82 15.70 14.75 13.65 14.45 14.24 14.24 13.29 13.51 14.75 14.89 14.89 15.11 15.11 15.11 15.04 16.64 19.13 18.54 17.52 17.89 15.55 16.57 15.18 15.11 16.50 17.30 20.15 19.86 19.56 19.71 20.15 19.20 22.27 22.92 22.70 22.70 21.17 19.20 19.93 19.35 21.32 20.51 20.29
7.30 7.30 7.59 7.52 7.23 7.30 6.79 9.71 10.88 10.80 10.80 9.86 9.42 9.49 9.42 8.91 9.93 9.42 11.39 11.68 11.46 9.78 9.64 7.52 6.64 6.50 6.50 7.15 6.79 6.79 6.64 4.74 4.74 5.33 8.18 8.03 7.01 8.40 14.60 14.45 14.82 15.70 14.75 13.65 14.45 14.24 14.24 13.29 13.51 14.75 14.89 14.89 15.11 15.11 15.11 15.04 16.64 19.13 18.54 17.52 17.89 15.55 16.57 15.18 15.11 16.50 17.30 20.15 19.86 19.56 19.71 20.15 19.20 22.27 22.92 22.70 22.70 21.17 19.20 19.93 19.35 21.32 20.51 20.29
8.69 8.69 10.22 10.59 10.59 9.05 10.88 11.02 11.02 11.02 10.29 9.42 9.42 9.49 9.42 9.64 10.29 10.29 11.46 12.19 11.75 10.80 10.95 10.07 10.22 8.91 8.91 8.61 8.32 9.05 7.52 11.97 10.66 10.73 10.22 9.86 12.92 13.43 15.48 14.53 15.84 15.91 13.07 12.78 13.07 11.97 12.70 12.56 13.58 14.67 14.53 14.53 14.53 14.67 15.40 15.04 15.91 17.45 17.67 17.74 17.01 17.45 16.57 17.16 15.48 15.70 15.99 16.06 18.54 18.40 17.67 19.64 19.05 20.59 22.19 20.37 20.37 20.29 18.54 17.23 17.23 20.73 18.54 20.08
11.83 11.83 12.19 11.97 12.41 12.48 12.41 12.19 10.73 10.88 10.88 10.15 10.88 10.29 10.29 10.59 9.93 10.66 11.39 11.75 11.61 11.02 11.24 11.39 11.83 10.51 10.51 10.51 9.42 8.47 11.53 12.48 12.34 12.78 11.39 12.56 10.29 11.46 10.51 11.53 10.51 10.95 10.66 11.17 11.46 12.26 12.63 14.67 12.92 14.38 13.87 13.87 14.82 14.31 15.26 13.80 14.38 15.99 17.37 17.74 17.81 18.03 16.64 18.25 17.01 16.50 16.72 15.70 16.21 17.30 16.64 19.13 21.17 20.81 21.39 18.83 18.83 19.20 19.20 17.45 14.67 14.97 15.33 15.18
13.94 13.94 14.09 16.72 14.60 14.09 15.11 14.97 15.18 10.15 8.25 10.44 9.93 11.53 12.70 11.17 11.39 11.17 12.12 11.90 11.97 11.61 11.75 11.68 13.29 11.83 11.83 12.78 11.53 11.24 11.17 12.05 12.34 11.53 8.25 12.85 12.19 9.86 11.02 11.32 10.22 11.39 11.53 11.83 11.75 12.41 13.58 13.65 14.02 13.36 14.75 14.75 15.04 13.51 14.09 13.80 15.55 16.43 16.43 17.45 17.37 17.67 17.89 18.18 16.79 17.16 18.10 17.37 17.67 16.79 16.79 16.57 19.05 17.74 17.08 18.91 18.91 18.91 18.10 18.40 14.24 13.94 14.02 15.40
15.70 15.70 15.18 16.28 16.13 15.40 15.40 15.26 12.56 11.61 9.56 11.53 12.99 15.04 13.36 13.51 12.70 13.72 11.97 12.63 11.75 12.63 11.90 13.72 14.16 13.87 13.87 12.85 12.70 11.90 11.10 11.17 11.32 11.46 8.98 11.53 10.80 11.24 11.68 12.26 11.75 11.90 12.34 14.60 14.53 13.80 13.65 15.99 15.04 11.39 9.78 9.78 11.97 10.15 13.87 14.24 15.62 16.64 17.59 17.30 17.45 17.67 16.79 17.08 16.79 17.96 17.52 16.64 15.04 14.89 14.24 12.63 12.56 15.26 14.31 14.82 14.82 18.25 18.47 15.33 15.48 14.75 13.51 12.92
13.72 13.72 15.40 15.33 15.40 15.33 14.60 15.11 14.45 13.87 13.43 14.45 14.16 15.70 17.89 16.64 15.18 15.18 14.45 14.09 13.36 13.43 12.92 14.16 12.70 13.65 13.65 14.60 12.92 12.41 10.44 9.71 9.93 10.95 9.56 10.73 11.32 10.95 11.68 12.85 13.94 13.29 15.26 15.26 15.55 16.06 17.67 16.50 13.43 11.75 7.96 7.96 12.92 14.02 15.99 15.48 15.84 17.08 17.16 17.52 16.28 17.30 16.79 17.23 17.52 17.01 17.23 15.84 13.51 10.73 10.88 10.00 6.86 11.53 11.24 10.29 10.29 6.64 15.04 12.48 10.15 15.48 11.75 10.22
13.72 13.72 15.40 15.33 15.40 15.33 14.60 15.11 14.45 13.87 13.43 14.45 14.16 15.70 17.89 16.64 15.18 15.18 14.45 14.09 13.36 13.43 12.92 14.16 12.70 13.65 13.65 14.60 12.92 12.41 10.44 9.71 9.93 10.95 9.56 10.73 11.32 10.95 11.68 12.85 13.94 13.29 15.26 15.26 15.55 16.06 17.67 16.50 13.43 11.75 7.96 7.96 12.92 14.02 15.99 15.48 15.84 17.08 17.16 17.52 16.28 17.30 16.79 17.23 17.52 17.01 17.23 15.84 13.51 10.73 10.88 10.00 6.86 11.53 11.24 10.29 10.29 6.64 15.04 12.48 10.15 15.48 11.75 10.22
12.99 12.99 13.29 12.99 13.58 13.65 13.72 14.45 15.18 16.13 16.64 16.35 19.05 18.32 16.64 16.64 15.84 15.91 15.18 14.24 13.21 14.89 14.75 13.14 13.80 12.70 12.70 11.17 12.92 12.41 10.95 11.10 10.80 11.32 11.90 10.66 11.68 11.32 13.21 13.80 14.60 14.53 15.33 15.33 15.40 14.16 18.47 17.52 14.53 11.83 12.26 12.26 12.85 14.75 18.54 17.74 17.45 17.37 16.79 15.77 16.28 16.64 16.79 17.01 17.23 17.08 15.33 16.13 13.72 11.10 10.95 8.18 7.08 7.88 5.84 6.42 6.42 3.58 7.30 7.30 7.52 7.37 7.59 6.64
12.48 12.48 12.12 12.19 12.78 13.94 14.67 16.43 16.94 16.94 16.50 17.96 17.74 16.94 17.37 15.91 15.33 14.53 13.94 12.70 13.21 13.29 12.70 11.53 9.13 10.29 10.29 11.61 11.17 11.68 12.56 12.05 12.56 14.53 14.53 11.97 13.65 13.43 15.84 14.97 14.97 14.97 15.18 14.24 14.75 17.37 14.02 13.58 14.09 15.77 15.48 15.48 12.92 17.81 16.86 18.91 17.08 17.89 16.13 16.13 15.62 18.25 16.57 18.10 17.01 16.94 15.99 14.97 15.04 12.63 13.07 14.97 10.44 12.56 12.56 5.18 5.18 5.33 6.64 5.26 4.38 7.30 6.50 7.01
12.41 12.41 12.63 10.51 10.51 12.41 12.63 14.60 16.72 14.02 12.78 14.75 16.21 17.01 15.99 16.21 15.33 12.70 13.51 13.36 11.24 6.64 8.98 9.78 7.74 9.78 9.78 8.03 10.07 12.48 12.85 14.38 15.26 14.82 16.64 18.98 16.72 17.08 16.79 17.08 14.67 13.80 14.09 15.99 15.33 15.84 13.58 15.62 15.33 15.91 14.67 14.67 17.74 16.50 17.81 17.30 17.45 20.00 17.89 20.44 19.49 19.49 18.25 19.13 17.96 17.96 17.89 15.84 17.30 17.74 16.21 14.97 15.26 14.75 15.11 14.02 14.02 9.34 9.34 11.61 12.70 8.03 8.47 9.34
11.32 11.32 9.05 9.05 8.69 11.39 11.83 14.75 13.51 13.94 10.88 12.19 9.49 15.04 17.16 12.41 13.36 14.24 4.67 8.91 7.37 8.18 8.40 9.13 9.49 11.10 11.10 10.29 12.48 13.29 15.62 15.55 15.91 17.23 20.59 20.59 20.15 17.89 15.55 13.14 14.16 13.87 13.14 14.53 12.78 14.89 13.94 14.09 14.02 14.82 15.62 15.62 14.67 14.24 18.18 19.35 19.35 18.83 23.36 23.00 20.37 20.08 20.44 20.73 20.00 18.54 18.76 18.32 17.96 17.23 13.87 14.45 11.39 13.94 13.72 12.26 12.26 14.38 13.94 13.87 14.89 15.40 13.07 13.21
7.59 7.59 6.13 2.99 6.35 9.93 9.64 13.58 14.45 8.32 3.72 6.79 6.64 8.25 1.97 7.37 9.49 3.07 0.00 0.00 0.00 0.00 9.27 11.46 14.09 14.67 14.67 15.99 16.72 16.43 16.43 15.84 16.64 17.67 18.10 20.59 20.37 16.57 14.38 13.58 13.14 14.09 12.26 13.21 12.92 11.97 12.99 13.94 13.72 14.45 14.53 14.53 13.43 13.94 16.72 20.22 21.83 23.87 23.94 21.90 18.47 19.56 18.83 20.37 20.66 18.10 16.50 16.50 17.96 16.79 13.94 11.10 11.53 6.64 8.98 8.47 8.47 9.93 16.28 16.35 16.43 17.16 16.79 15.18
7.59 7.59 6.13 2.99 6.35 9.93 9.64 13.58 14.45 8.32 3.72 6.79 6.64 8.25 1.97 7.37 9.49 3.07 0.00 0.00 0.00 0.00 9.27 11.46 14.09 14.67 14.67 15.99 16.72 16.43 16.43 15.84 16.64 17.67 18.10 20.59 20.37 16.57 14.38 13.58 13.14 14.09 12.26 13.21 12.92 11.97 12.99 13.94 13.72 14.45 14.53 14.53 13.43 13.94 16.72 20.22 21.83 23.87 23.94 21.90 18.47 19.56 18.83 20.37 20.66 18.10 16.50 16.50 17.96 16.79 13.94 11.10 11.53 6.64 8.98 8.47 8.47 9.93 16.28 16.35 16.43 17.16 16.79 15.18
1.31 1.31 1.39 5.40 4.82 7.96 13.51 13.65 12.05 13.51 6.79 3.87 0.00 0.00 0.00 0.00 0.00 0.00 0.00 0.00 1.75 0.00 7.15 14.02 15.11 16.72 16.72 16.28 14.97 14.24 14.75 14.97 15.33 19.64 20.08 15.99 15.40 15.70 15.04 15.26 17.52 14.97 14.09 13.07 11.39 14.02 12.85 12.85 13.65 14.67 14.38 14.38 14.97 14.67 17.01 18.69 19.64 19.35 14.97 17.23 16.57 18.83 18.18 18.03 15.84 15.62 12.85 11.39 15.40 15.84 12.05 11.61 7.15 8.25 2.41 6.20 6.20 7.88 5.77 15.40 17.59 17.59 17.59 16.57
0.00 0.00 1.10 4.45 8.54 12.05 11.53 12.78 11.68 2.41 0.00 0.00 0.00 0.00 0.00 0.00 0.00 0.00 0.00 0.00 0.00 0.00 6.35 9.78 16.79 13.29 13.29 16.86 14.75 18.54 16.86 16.57 20.29 20.22 18.47 17.01 16.43 14.24 16.06 19.42 17.01 17.30 14.89 14.09 13.36 12.12 13.51 13.36 14.31 13.87 16.21 16.21 15.18 17.37 17.74 18.03 18.69 10.80 10.95 15.18 13.80 11.17 14.24 8.47 10.29 3.50 10.51 8.83 4.60 9.05 9.71 7.52 9.13 1.68 2.41 1.10 1.10 2.19 4.60 3.14 4.74 15.55 15.62 15.62
0.00 0.00 0.00 5.26 5.69 11.24 9.86 0.95 0.00 0.00 0.00 0.00 0.00 0.00 0.00 0.00 0.00 0.00 0.00 0.00 0.00 0.00 0.73 8.91 11.17 18.61 18.61 19.49 20.15 19.78 19.56 17.30 20.29 19.42 19.13 15.04 3.87 2.26 10.73 10.88 6.06 12.78 15.18 15.33 13.72 13.72 13.80 13.65 13.80 14.97 14.09 14.09 14.89 15.91 15.18 4.38 5.48 4.38 5.55 2.77 3.94 0.00 4.38 2.19 5.40 2.92 5.18 5.11 1.68 4.67 5.40 3.21 3.50 0.29 0.00 0.00 0.00 0.00 0.44 1.83 0.66 0.00 8.91 14.53
0.00 0.00 0.00 4.09 0.95 2.77 0.00 2.77 0.00 0.00 0.00 0.00 0.00 0.00 0.00 0.00 0.00 0.00 0.00 0.00 0.00 0.00 0.00 1.31 1.31 9.71 9.71 15.62 19.05 10.66 15.11 13.21 20.29 21.17 13.51 0.00 0.00 0.00 0.66 0.00 6.64 9.56 13.07 13.80 14.38 13.21 12.12 12.92 13.72 14.02 13.65 13.65 14.60 15.33 4.60 2.26 0.00 0.00 0.80 0.22 1.90 0.00 0.00 0.00 0.00 0.00 0.00 0.07 0.29 0.00 1.39 0.00 0.00 1.46 0.00 0.00 0.00 0.00 0.00 0.00 0.00 0.00 0.00 8.03
0.00 0.00 0.00 0.00 0.00 0.00 0.00 0.00 0.00 0.00 0.00 0.00 0.00 0.00 0.00 0.00 0.00 0.00 0.00 0.00 0.00 0.00 0.00 0.00 0.00 3.65 3.65 12.78 1.10 5.62 4.23 0.00 0.00 0.00 0.00 0.00 0.00 0.00 0.51 0.00 2.56 10.59 8.76 16.21 9.64 9.42 7.08 10.37 11.17 12.63 12.19 12.19 3.58 0.66 1.10 0.00 0.00 0.00 0.00 6.72 0.00 0.00 0.00 0.00 0.00 0.00 0.00 0.00 0.00 0.00 0.00 0.00 0.00 0.00 0.00 0.00 0.00 0.00 0.00 0.00 0.00 0.00 0.29 0.00
0.00 0.00 0.00 0.00 0.00 0.00 0.00 0.00 0.00 0.00 0.00 0.00 0.00 0.00 0.00 0.00 0.00 0.00 0.00 0.00 0.00 0.00 0.00 0.00 0.00 0.00 0.00 0.00 0.00 0.00 0.00 0.00 0.00 0.00 0.00 0.00 0.00 0.00 0.66 0.00 4.31 3.07 4.31 7.96 14.02 1.39 3.58 7.23 10.59 4.60 0.00 0.00 0.15 0.00 0.00 0.00 0.00 0.00 8.47 8.25 0.00 0.00 0.00 0.00 0.00 0.00 0.00 0.00 0.00 0.00 0.00 0.00 0.00 0.00 0.00 0.00 0.00 0.00 0.00 0.29 0.00 0.00 0.88 2.48
0.00 0.00 0.00 0.00 0.00 0.00 0.00 0.00 0.00 0.00 0.00 0.00 0.00 0.00 0.00 0.00 0.00 0.00 0.00 0.00 0.00 0.00 0.00 0.00 0.00 0.00 0.00 0.00 0.00 0.00 0.00 0.00 0.00 0.00 0.00 0.00 0.00 0.00 0.66 0.00 4.31 3.07 4.31 7.96 14.02 1.39 3.58 7.23 10.59 4.60 0.00 0.00 0.15 0.00 0.00 0.00 0.00 0.00 8.47 8.25 0.00 0.00 0.00 0.00 0.00 0.00 0.00 0.00 0.00 0.00 0.00 0.00 0.00 0.00 0.00 0.00 0.00 0.00 0.00 0.29 0.00 0.00 0.88 2.48
0.00 0.00 0.00 0.00 0.00 0.00 0.00 0.00 0.00 0.00 0.00 0.00 0.00 0.00 0.00 0.00 0.00 0.00 0.00 0.00 0.00 0.00 0.00 0.00 0.00 0.00 0.00 0.00 0.00 0.00 0.00 0.00 0.00 0.00 0.00 0.00 0.00 0.00 0.00 0.00 0.00 1.53 0.00 0.00 0.00 0.00 0.00 1.68 1.97 0.00 0.00 0.00 0.00 0.00 0.00 0.00 0.00 4.82 3.94 6.35 0.00 0.00 0.00 0.00 0.00 0.00 0.00 0.00 0.00 0.00 0.00 0.00 0.00 0.00 0.00 0.00 0.00 0.00 0.00 5.26 16.86 4.16 8.54 6.86
