Wansh/Snow_depth/snowdepth-1996/spring/1996069.txt
ncols 321
nrows 161
xllcenter 60
yllcenter 15 
cellsize  0.25 
NODATA_value -1
[rows 0 to 36 of 161, columns 84 to 167 of 321]
19.42 19.05 19.35 16.94 14.16 14.16 12.26 12.19 14.31 16.43 16.06 17.08 18.18 17.81 18.69 17.96 17.45 18.91 18.91 19.42 16.79 12.78 12.99 10.80 11.02 8.10 3.29 3.80 3.07 5.69 5.04 6.79 6.42 7.52 8.10 6.64 5.62 5.69 5.26 4.09 3.80 7.37 8.76 8.76 8.76 7.15 3.80 5.62 5.69 7.81 7.96 9.27 9.27 7.59 8.32 7.81 8.69 8.25 8.32 7.52 5.55 4.82 4.96 3.21 3.36 3.21 3.80 5.84 5.84 7.01 6.72 9.86 10.07 10.37 9.93 9.93 8.83 12.85 12.92 12.63 11.75 8.03 8.03 8.03
19.35 18.91 16.86 16.86 15.91 13.94 14.38 17.52 17.67 17.67 17.96 16.79 15.04 13.14 15.48 14.16 13.65 12.85 12.85 16.57 16.64 17.52 17.23 17.37 9.42 5.69 6.13 3.50 4.02 3.29 5.11 4.53 7.30 7.23 6.06 5.48 5.77 4.60 4.96 3.29 6.50 5.40 10.66 10.66 9.78 10.07 7.30 5.04 5.18 6.13 7.08 7.01 6.79 5.26 6.13 6.50 7.52 7.30 8.76 6.42 6.86 5.91 8.76 7.30 6.86 6.06 6.57 9.71 9.71 8.40 10.37 10.73 9.71 11.53 13.65 13.14 14.60 15.55 15.33 12.78 13.94 12.26 12.26 10.66
20.00 19.71 15.40 14.89 15.70 16.21 18.83 17.89 18.91 18.47 18.47 17.30 16.28 13.87 13.29 13.21 10.80 11.53 11.53 11.39 12.85 17.30 18.18 15.84 16.50 12.63 4.09 4.74 2.77 2.70 2.56 2.48 4.82 6.28 6.50 5.99 5.48 5.55 5.91 6.50 6.28 9.42 15.40 15.40 14.02 19.93 16.86 18.40 9.78 4.96 5.40 4.31 3.72 3.58 5.84 5.99 7.15 9.49 11.17 10.22 10.80 9.78 12.26 11.32 10.29 10.51 13.94 14.02 14.02 12.41 10.80 13.29 9.56 12.34 16.35 18.03 17.59 17.16 17.37 15.04 15.04 13.43 12.48 11.68
20.00 19.71 15.40 14.89 15.70 16.21 18.83 17.89 18.91 18.47 18.47 17.30 16.28 13.87 13.29 13.21 10.80 11.53 11.53 11.39 12.85 17.30 18.18 15.84 16.50 12.63 4.09 4.74 2.77 2.70 2.56 2.48 4.82 6.28 6.50 5.99 5.48 5.55 5.91 6.50 6.28 9.42 15.40 15.40 14.02 19.93 16.86 18.40 9.78 4.96 5.40 4.31 3.72 3.58 5.84 5.99 7.15 9.49 11.17 10.22 10.80 9.78 12.26 11.32 10.29 10.51 13.94 14.02 14.02 12.41 10.80 13.29 9.56 12.34 16.35 18.03 17.59 17.16 17.37 15.04 15.04 13.43 12.48 11.68
15.40 15.70 14.75 17.59 16.64 16.43 14.53 17.74 17.67 17.30 18.03 18.25 18.32 18.18 14.97 12.78 14.16 9.78 9.78 10.15 10.29 11.02 10.73 17.01 15.33 15.91 10.07 4.45 4.89 2.48 2.63 1.90 4.67 3.72 7.96 9.05 9.34 7.96 8.98 7.74 10.15 9.20 11.83 11.83 19.35 18.10 21.10 19.71 16.35 10.51 7.74 5.26 5.33 4.82 4.31 3.72 7.52 9.20 9.64 8.76 12.92 12.78 12.56 12.70 12.48 14.82 14.60 15.04 15.04 15.18 16.79 12.05 14.67 15.70 15.62 17.89 16.50 17.01 17.89 14.45 13.51 13.36 13.36 13.72
15.84 18.54 18.91 18.54 17.08 13.72 14.02 15.33 16.43 16.35 17.01 18.69 18.61 17.45 17.96 16.21 14.16 15.70 15.70 13.36 9.27 9.13 11.75 14.38 13.43 11.97 13.72 5.26 3.50 3.36 2.34 3.87 3.07 7.08 6.13 8.69 8.25 8.61 8.76 10.88 10.59 11.68 13.51 13.51 12.99 15.70 19.20 18.32 16.50 9.78 11.24 6.94 5.18 5.04 5.04 5.48 5.62 5.11 7.30 11.83 13.72 15.40 15.48 14.89 16.13 13.72 14.09 13.65 13.65 13.87 14.97 14.60 14.97 15.33 13.94 14.53 13.94 12.56 12.56 13.36 14.89 15.99 13.58 13.21
17.52 18.76 18.69 17.67 17.52 17.67 16.64 16.57 16.72 16.79 16.57 15.33 16.79 17.37 16.94 15.99 17.23 16.06 16.06 16.43 15.77 14.16 11.17 12.41 11.39 12.12 4.96 3.72 3.72 2.85 2.92 3.87 5.99 5.69 7.01 9.86 9.42 10.66 10.15 10.00 9.86 10.80 12.48 12.48 11.83 12.99 15.26 13.80 11.68 12.48 7.52 4.67 4.89 4.45 5.40 6.94 8.25 7.88 11.24 12.56 14.82 16.94 17.89 18.40 17.45 15.18 12.85 16.21 16.21 11.61 14.67 17.08 16.06 15.84 15.77 14.45 14.89 12.78 13.29 14.31 14.16 15.48 14.53 16.28
17.52 18.76 18.69 17.67 17.52 17.67 16.64 16.57 16.72 16.79 16.57 15.33 16.79 17.37 16.94 15.99 17.23 16.06 16.06 16.43 15.77 14.16 11.17 12.41 11.39 12.12 4.96 3.72 3.72 2.85 2.92 3.87 5.99 5.69 7.01 9.86 9.42 10.66 10.15 10.00 9.86 10.80 12.48 12.48 11.83 12.99 15.26 13.80 11.68 12.48 7.52 4.67 4.89 4.45 5.40 6.94 8.25 7.88 11.24 12.56 14.82 16.94 17.89 18.40 17.45 15.18 12.85 16.21 16.21 11.61 14.67 17.08 16.06 15.84 15.77 14.45 14.89 12.78 13.29 14.31 14.16 15.48 14.53 16.28
17.89 19.27 18.76 20.08 17.52 18.03 16.64 16.21 16.35 16.50 13.80 14.82 11.39 11.97 14.82 16.72 17.59 17.67 17.67 17.81 17.59 16.43 12.70 13.72 8.32 4.31 5.04 3.29 3.94 3.50 5.11 4.67 5.18 7.15 6.72 10.15 12.92 12.99 11.53 9.49 9.71 9.49 10.37 10.37 9.78 10.95 10.29 9.78 10.15 7.88 8.98 8.91 9.13 6.35 7.30 7.08 8.18 9.56 10.00 11.02 12.48 11.83 15.62 17.23 15.40 14.89 16.28 16.50 16.50 16.94 16.94 17.08 17.08 16.57 16.50 14.45 14.09 13.72 13.87 15.84 14.09 11.39 12.56 13.94
17.96 19.86 19.71 20.08 17.89 17.45 17.74 17.81 16.57 16.57 14.02 10.37 11.10 11.97 14.75 15.84 17.16 18.76 18.76 18.25 19.56 18.03 14.89 6.86 7.88 4.45 4.16 3.29 4.16 4.31 4.23 4.31 6.06 5.11 10.00 11.61 11.61 10.22 8.40 8.98 6.86 6.13 6.50 6.50 5.55 6.28 6.35 6.35 8.83 9.49 9.27 11.32 9.71 10.73 11.24 9.42 9.20 10.95 9.20 9.78 10.44 10.66 10.59 10.95 14.31 16.06 15.18 16.64 16.64 17.59 19.71 20.37 17.08 14.60 12.48 13.65 14.53 17.52 16.72 17.01 13.43 9.93 10.37 9.42
19.64 19.78 17.89 17.01 17.30 15.55 16.79 16.50 13.36 14.09 15.18 10.80 11.46 10.80 14.89 17.52 17.16 18.69 18.69 19.93 19.05 15.40 7.45 8.76 4.89 4.67 4.16 4.16 3.94 3.94 4.53 3.87 5.55 8.25 7.74 9.34 9.56 9.93 7.96 7.30 7.45 7.01 6.13 6.13 5.77 5.62 6.28 7.81 9.78 9.71 10.51 11.90 11.90 11.68 9.05 10.88 13.36 12.26 11.17 12.41 11.68 12.56 12.34 12.78 15.62 14.31 17.52 23.43 23.43 22.78 21.46 21.10 16.86 18.03 14.09 14.60 14.24 17.45 17.08 13.94 11.32 9.49 9.64 10.22
19.64 19.78 17.89 17.01 17.30 15.55 16.79 16.50 13.36 14.09 15.18 10.80 11.46 10.80 14.89 17.52 17.16 18.69 18.69 19.93 19.05 15.40 7.45 8.76 4.89 4.67 4.16 4.16 3.94 3.94 4.53 3.87 5.55 8.25 7.74 9.34 9.56 9.93 7.96 7.30 7.45 7.01 6.13 6.13 5.77 5.62 6.28 7.81 9.78 9.71 10.51 11.90 11.90 11.68 9.05 10.88 13.36 12.26 11.17 12.41 11.68 12.56 12.34 12.78 15.62 14.31 17.52 23.43 23.43 22.78 21.46 21.10 16.86 18.03 14.09 14.60 14.24 17.45 17.08 13.94 11.32 9.49 9.64 10.22
15.18 17.01 16.43 14.24 14.89 14.97 12.41 10.59 11.53 9.27 10.44 10.07 14.67 16.06 15.40 17.96 20.66 19.64 19.64 21.24 15.26 16.86 8.47 7.15 6.72 5.11 4.09 4.38 4.60 5.33 5.33 6.86 7.96 7.81 9.34 11.61 11.17 12.12 10.44 9.13 10.59 9.64 7.96 7.96 8.47 6.79 6.94 6.42 9.05 10.15 9.78 11.61 10.37 8.10 10.29 9.49 11.83 14.38 14.97 15.33 13.36 14.45 12.78 12.41 15.70 18.69 20.44 22.27 22.27 22.19 22.70 22.12 18.10 18.83 16.43 14.31 15.18 16.43 17.30 15.26 11.83 13.36 14.16 13.14
16.43 14.82 14.53 15.26 13.80 12.19 12.85 9.93 11.83 10.88 15.04 15.62 14.38 17.52 17.23 19.35 20.44 17.45 17.45 17.01 10.15 9.34 9.86 7.66 5.77 6.94 5.91 8.91 4.96 8.10 8.69 8.76 9.56 10.66 10.66 12.12 13.29 13.36 11.24 10.59 10.88 9.86 7.74 7.74 7.15 7.30 7.37 10.22 9.71 9.49 9.20 9.71 9.34 10.29 9.42 9.05 11.39 10.73 13.65 10.37 14.75 14.09 17.30 15.26 20.59 20.15 20.44 20.88 20.88 23.87 22.85 23.36 19.64 16.94 17.45 15.18 14.02 13.87 14.60 9.34 14.24 14.31 11.02 12.26
15.33 14.45 14.45 13.29 13.14 13.07 13.29 13.07 15.84 16.64 16.64 13.29 15.70 15.33 14.89 11.46 11.75 12.85 12.85 8.47 9.42 6.72 9.05 9.05 7.15 6.64 6.79 9.34 12.92 12.85 15.33 18.03 15.26 16.21 11.97 8.61 11.32 6.57 7.30 8.47 9.20 10.51 10.80 10.80 10.66 10.37 10.44 10.37 10.44 10.15 10.44 9.71 9.71 10.15 14.16 13.43 10.73 10.51 7.96 8.18 11.24 8.76 12.78 16.35 14.09 17.01 16.21 19.56 19.56 20.66 19.93 18.32 19.27 15.40 13.29 13.43 13.14 4.31 6.20 5.99 7.81 11.10 12.34 11.90
13.80 14.02 13.94 13.80 12.92 13.58 12.34 12.12 11.10 8.69 11.02 11.46 9.93 11.75 12.34 9.56 10.59 10.15 10.15 7.66 5.69 6.06 8.32 11.32 11.02 11.75 9.71 8.32 11.46 15.11 18.47 17.96 16.57 12.05 13.21 7.88 5.99 6.13 7.01 9.64 11.02 10.66 11.02 11.02 10.88 9.56 9.78 9.42 9.56 10.95 10.80 11.10 10.95 13.07 13.87 15.62 16.50 14.38 11.75 6.57 7.88 9.56 10.07 10.37 12.48 15.62 17.74 19.71 19.71 19.27 19.78 14.97 13.21 12.99 14.89 12.34 3.14 5.40 0.00 0.00 9.42 10.37 12.48 11.75
13.80 14.02 13.94 13.80 12.92 13.58 12.34 12.12 11.10 8.69 11.02 11.46 9.93 11.75 12.34 9.56 10.59 10.15 10.15 7.66 5.69 6.06 8.32 11.32 11.02 11.75 9.71 8.32 11.46 15.11 18.47 17.96 16.57 12.05 13.21 7.88 5.99 6.13 7.01 9.64 11.02 10.66 11.02 11.02 10.88 9.56 9.78 9.42 9.56 10.95 10.80 11.10 10.95 13.07 13.87 15.62 16.50 14.38 11.75 6.57 7.88 9.56 10.07 10.37 12.48 15.62 17.74 19.71 19.71 19.27 19.78 14.97 13.21 12.99 14.89 12.34 3.14 5.40 0.00 0.00 9.42 10.37 12.48 11.75
12.70 14.09 14.24 13.72 13.80 10.59 11.68 7.66 6.64 6.42 7.23 9.49 9.34 11.39 12.85 9.93 10.59 9.49 9.49 6.13 6.79 4.82 9.71 8.98 11.83 10.22 11.24 7.59 9.64 9.05 14.31 18.47 18.25 18.54 13.14 9.20 5.33 6.79 7.81 10.00 10.00 11.39 11.61 11.61 11.83 10.73 9.71 10.95 9.20 9.20 10.07 10.73 11.61 12.05 11.75 13.21 13.58 13.87 12.12 9.78 10.66 16.28 13.07 13.51 11.90 14.82 17.37 20.00 20.00 21.68 16.28 17.23 13.36 15.18 15.18 13.80 2.34 0.00 0.00 0.00 5.99 6.64 4.74 7.59
11.61 12.78 14.89 14.16 15.55 12.99 9.93 11.90 6.20 8.25 7.88 10.95 12.63 12.19 13.72 13.72 13.72 13.07 13.07 8.83 7.01 7.30 5.55 6.94 8.98 11.24 8.98 9.34 10.15 12.56 11.83 16.86 18.69 15.33 16.86 9.05 5.33 5.77 4.96 6.64 9.71 9.20 10.44 10.44 15.40 16.64 15.18 14.38 10.15 8.91 8.32 9.34 10.15 11.90 11.24 12.12 13.51 12.85 15.11 17.23 19.42 18.83 16.21 16.13 15.84 15.91 16.86 22.92 22.92 23.43 18.32 14.31 14.38 12.85 4.89 1.68 2.77 1.24 3.36 1.02 3.65 3.43 4.02 5.26
11.83 11.46 13.72 15.99 15.18 16.43 14.24 11.24 11.97 9.64 11.17 11.39 12.63 12.99 12.99 12.70 12.12 13.14 13.14 12.99 10.73 7.01 7.96 6.06 10.80 9.78 13.72 11.10 7.74 9.86 12.99 8.18 15.91 15.11 10.37 11.46 6.57 2.04 0.66 0.66 0.58 5.40 14.09 14.09 12.92 16.79 15.99 13.80 10.00 10.95 7.30 7.66 9.71 11.53 12.12 13.65 16.79 15.26 18.69 21.24 19.13 19.13 19.42 18.47 17.74 21.61 25.84 25.11 25.11 25.04 11.24 8.83 9.05 9.71 3.80 2.04 0.95 1.02 0.07 1.53 2.41 2.04 3.07 4.45
11.53 14.53 13.72 16.50 18.91 16.06 15.91 13.36 14.02 14.16 13.29 14.45 13.80 17.16 10.95 11.24 11.02 12.41 12.41 13.43 13.51 12.78 8.83 9.20 11.02 14.75 14.60 13.80 9.34 5.26 5.91 3.07 4.74 6.28 6.20 4.23 1.61 1.97 0.58 0.95 2.41 1.46 5.62 5.62 6.42 10.80 12.70 12.19 12.48 8.25 7.08 8.91 11.10 12.12 16.21 18.32 18.03 18.61 17.96 14.53 15.04 14.82 12.26 15.77 15.18 20.15 22.78 13.29 13.29 7.15 9.71 5.04 1.75 1.83 1.90 0.00 0.95 0.73 0.00 0.80 0.37 1.24 1.24 2.34
8.69 14.38 15.91 14.38 17.16 15.62 15.33 15.11 15.99 17.59 17.30 17.96 20.15 17.96 19.93 16.79 12.70 12.56 12.56 13.72 14.45 14.82 16.35 17.89 20.22 17.01 16.64 13.43 14.97 7.45 2.85 3.72 2.19 3.72 2.99 3.72 0.88 0.00 0.00 1.10 0.44 1.24 1.97 1.97 1.24 4.74 0.00 5.04 6.57 3.21 3.80 10.00 9.49 12.70 14.67 18.25 18.83 13.80 14.89 14.02 12.41 9.93 10.51 13.94 12.78 16.50 12.63 8.03 8.03 5.04 3.58 3.50 1.39 1.46 0.15 0.15 0.00 0.00 0.00 0.00 0.07 0.66 0.00 0.00
8.69 14.38 15.91 14.38 17.16 15.62 15.33 15.11 15.99 17.59 17.30 17.96 20.15 17.96 19.93 16.79 12.70 12.56 12.56 13.72 14.45 14.82 16.35 17.89 20.22 17.01 16.64 13.43 14.97 7.45 2.85 3.72 2.19 3.72 2.99 3.72 0.88 0.00 0.00 1.10 0.44 1.24 1.97 1.97 1.24 4.74 0.00 5.04 6.57 3.21 3.80 10.00 9.49 12.70 14.67 18.25 18.83 13.80 14.89 14.02 12.41 9.93 10.51 13.94 12.78 16.50 12.63 8.03 8.03 5.04 3.58 3.50 1.39 1.46 0.15 0.15 0.00 0.00 0.00 0.00 0.07 0.66 0.00 0.00
6.50 5.69 10.29 10.59 10.15 13.51 15.91 21.61 17.30 18.47 19.20 19.49 18.83 20.81 18.69 19.20 17.37 16.13 16.13 14.75 15.48 18.03 17.81 19.20 20.81 20.29 20.88 17.81 15.40 8.54 10.29 3.07 1.68 0.66 0.95 0.07 0.00 0.00 0.00 0.00 1.53 0.51 0.58 0.58 0.00 0.00 0.00 0.00 0.00 0.00 0.00 0.00 3.07 6.06 8.83 12.05 14.75 10.00 8.25 8.98 10.59 10.29 10.80 14.53 14.09 11.39 12.19 8.47 8.47 8.10 6.13 5.26 5.91 2.34 1.17 0.00 0.00 0.00 0.00 0.00 0.00 0.00 0.00 0.00
5.84 10.66 7.08 10.51 16.13 18.83 17.08 24.09 21.83 21.61 19.27 16.94 16.86 14.53 18.83 17.59 17.96 16.43 16.43 17.96 17.59 17.52 20.29 19.89 19.88 20.97 17.62 17.81 17.23 11.83 5.26 6.35 3.29 0.88 0.00 0.15 0.00 0.80 1.10 0.95 0.88 0.66 0.00 0.00 0.00 0.00 0.00 0.00 0.00 0.00 0.00 0.00 0.00 4.89 8.98 7.59 6.28 7.88 8.83 10.73 10.29 10.95 13.72 12.85 14.67 8.69 8.03 8.69 8.69 8.32 8.10 5.62 2.26 1.24 1.61 0.37 0.37 0.00 0.00 0.00 0.00 0.00 0.00 0.00
8.61 12.63 12.48 11.83 17.45 20.51 24.09 24.31 19.93 12.56 18.25 14.60 11.32 8.18 7.74 16.50 18.10 17.81 17.81 19.49 20.88 21.39 21.10 23.56 25.49 20.19 19.75 19.87 21.53 18.40 9.42 5.11 8.03 3.43 3.80 1.02 0.22 0.07 0.29 0.73 0.73 0.00 0.00 0.00 0.00 0.29 0.00 0.00 0.00 0.00 0.00 0.00 0.00 0.00 3.87 5.69 4.60 7.45 10.07 10.66 11.68 11.02 9.05 7.96 6.06 6.42 6.06 7.81 7.81 6.06 6.57 4.89 2.63 1.90 1.39 1.68 0.00 0.37 0.73 0.00 0.00 0.00 0.00 0.00
13.36 13.07 13.80 16.94 16.43 17.81 15.48 16.50 18.18 9.05 3.80 4.16 7.01 3.87 9.05 6.20 10.80 11.46 11.46 18.83 18.03 18.38 21.45 20.85 22.47 23.22 25.96 24.55 24.23 21.08 16.06 16.86 12.63 7.37 3.29 4.02 1.90 0.22 0.58 0.07 0.00 0.22 0.00 0.00 0.00 0.00 0.00 0.00 0.00 0.00 0.00 0.00 0.00 0.00 1.83 3.65 6.79 6.86 9.56 8.76 11.75 11.24 15.04 10.07 5.77 5.48 11.24 12.12 12.12 8.25 10.51 4.60 4.45 4.89 3.50 3.80 4.02 1.31 0.51 0.51 0.07 0.07 0.07 0.00
15.70 14.02 13.72 14.09 14.97 14.97 13.87 11.39 5.77 7.15 2.48 0.00 0.00 0.00 4.02 8.03 7.08 8.61 8.61 4.66 0.00 9.34 12.57 15.55 14.82 19.27 24.84 27.14 27.38 24.63 19.96 17.89 18.40 15.48 8.83 13.43 6.79 3.14 2.34 0.00 0.00 0.00 0.00 0.00 0.00 0.00 0.00 0.00 0.00 0.00 0.00 0.00 0.00 0.00 0.00 1.97 0.00 2.99 7.37 10.37 13.07 15.99 15.26 14.16 19.05 17.96 18.47 17.23 17.23 18.98 12.78 7.59 4.45 4.74 4.67 3.50 2.63 3.58 1.10 0.80 0.80 0.95 0.37 0.15
15.70 14.02 13.72 14.09 14.97 14.97 13.87 11.39 5.77 7.15 2.48 0.00 0.00 0.00 4.02 8.03 7.08 8.61 8.66 4.81 0.00 10.00 12.25 15.95 14.60 19.27 24.09 25.22 25.59 25.01 20.16 18.63 20.67 16.38 9.06 13.43 6.79 3.14 2.34 0.00 0.00 0.00 0.00 0.00 0.00 0.00 0.00 0.00 0.00 0.00 0.00 0.00 0.00 0.00 0.00 1.97 0.00 2.99 7.37 10.37 13.07 15.99 15.26 14.16 19.05 17.96 18.47 17.23 17.23 18.98 12.78 7.59 4.45 4.74 4.67 3.50 2.63 3.58 1.10 0.80 0.80 0.95 0.37 0.15
17.08 15.77 13.72 14.67 8.98 11.39 11.61 11.53 11.46 5.99 6.20 4.09 1.68 5.69 0.00 9.56 10.29 10.37 10.37 7.45 0.00 0.00 0.00 0.00 0.00 4.20 15.78 9.83 15.91 23.18 25.37 24.28 24.28 25.96 21.60 19.97 13.57 4.82 5.69 1.61 0.15 0.58 0.00 0.00 0.00 0.00 0.00 0.00 0.00 0.00 0.00 0.00 0.00 0.00 0.00 0.00 0.00 0.00 2.41 3.07 6.86 11.61 11.68 20.00 18.40 21.90 18.40 17.01 17.01 17.52 14.24 6.35 3.43 5.26 4.60 4.09 2.85 1.97 1.61 0.95 0.95 1.61 0.51 0.00
17.01 18.40 13.07 8.76 9.34 9.34 10.44 12.12 12.26 13.21 8.91 9.78 5.40 6.28 12.56 10.88 15.70 9.93 9.93 3.15 4.31 0.00 0.00 0.00 0.00 0.00 3.21 8.93 7.52 16.74 21.10 20.37 20.37 23.31 25.04 24.39 20.08 13.65 11.83 6.35 2.48 4.89 0.95 0.95 1.39 0.00 0.00 0.00 0.29 0.58 0.00 1.75 1.75 1.39 0.00 0.00 0.00 0.00 0.00 0.00 0.00 0.00 8.54 16.86 14.67 15.40 15.26 14.45 14.45 7.81 4.45 5.77 2.26 5.40 5.69 3.36 4.31 2.41 2.12 1.68 4.16 2.85 2.56 0.66
19.56 18.91 20.88 13.87 12.34 14.16 8.61 13.87 15.26 15.04 13.07 5.55 6.06 5.40 9.93 12.19 11.17 9.56 9.56 5.11 3.58 2.26 0.00 0.00 0.00 0.00 0.00 0.00 8.34 6.61 13.94 18.18 14.31 18.69 22.21 22.20 25.99 16.57 18.76 15.62 9.71 11.53 5.77 5.77 1.75 0.00 0.37 0.00 0.00 0.00 2.77 0.00 2.48 3.21 2.99 0.00 0.00 0.00 0.00 0.00 0.00 0.00 5.04 5.11 9.05 10.66 11.75 12.12 12.12 5.91 0.95 2.41 1.75 4.23 4.82 4.09 4.38 2.63 3.87 4.09 5.11 5.69 4.89 7.96
21.46 23.80 22.19 24.24 16.72 16.64 17.08 17.67 20.37 16.79 17.45 16.64 13.87 8.32 7.96 9.13 5.91 3.36 3.36 3.36 2.77 1.97 2.99 1.10 4.31 0.00 0.00 0.00 2.34 5.91 6.20 6.06 8.47 14.02 19.49 23.36 21.94 22.39 22.72 19.17 15.04 14.31 5.26 5.26 4.96 1.10 0.00 0.44 0.00 1.24 0.00 2.04 2.34 3.21 0.00 0.00 0.00 0.00 1.17 0.88 0.00 0.00 0.00 0.00 3.36 2.04 5.26 4.60 4.60 4.67 0.37 0.22 0.66 2.99 2.56 4.23 4.16 3.72 5.33 5.77 6.13 8.47 10.22 9.78
11.24 19.93 24.45 22.19 23.00 16.06 13.07 10.22 10.62 18.25 18.83 18.69 15.99 8.40 3.87 6.57 4.02 1.31 1.31 0.95 0.80 1.53 5.04 7.96 5.40 6.64 1.61 3.17 4.45 3.65 4.89 4.09 5.77 2.56 8.03 6.20 16.21 20.73 15.12 16.92 15.41 15.99 10.73 10.73 10.29 4.67 3.50 2.48 0.07 0.88 1.17 2.34 1.39 0.00 1.24 0.00 0.00 0.00 1.75 2.12 0.00 0.00 0.00 0.00 0.00 0.00 1.61 0.00 0.00 0.00 0.00 0.00 0.00 0.66 2.34 2.04 4.02 4.23 3.80 0.80 4.16 6.06 8.69 5.91
7.01 6.86 18.18 19.93 18.10 17.96 13.29 10.29 9.88 9.71 14.97 12.85 6.79 7.96 2.04 0.00 0.00 0.00 0.00 0.00 0.00 5.11 3.50 12.41 12.12 8.69 9.71 7.23 4.59 8.47 5.82 3.37 4.29 0.00 2.85 8.47 3.58 4.94 7.52 11.46 13.20 8.54 10.15 10.15 7.45 7.81 6.13 5.18 4.16 0.51 1.75 0.00 0.00 0.00 0.00 0.00 0.00 0.00 0.00 2.19 0.00 0.80 0.00 0.00 0.00 0.00 0.00 0.00 0.00 0.00 0.00 0.00 0.00 0.00 1.10 1.97 2.41 1.68 0.00 0.51 0.22 3.65 1.17 2.77
7.01 6.86 18.18 19.93 18.10 17.96 13.29 10.29 9.64 9.71 14.97 12.85 6.79 7.96 2.04 0.00 0.00 0.00 0.00 0.00 0.00 5.11 3.50 12.41 12.12 8.69 9.71 7.23 4.53 8.18 5.62 3.36 4.16 0.00 2.86 8.51 3.58 4.92 7.59 11.46 13.07 8.54 10.15 10.15 7.45 7.81 6.13 5.18 4.16 0.51 1.75 0.00 0.00 0.00 0.00 0.00 0.00 0.00 0.00 2.19 0.00 0.80 0.00 0.00 0.00 0.00 0.00 0.00 0.00 0.00 0.00 0.00 0.00 0.00 1.10 1.97 2.41 1.68 0.00 0.51 0.22 3.65 1.17 2.77
7.45 8.03 9.93 12.70 14.75 17.67 18.32 16.23 12.82 10.15 10.22 8.83 4.82 1.31 1.97 0.00 0.00 0.00 0.00 0.00 0.00 0.00 2.77 11.90 15.33 15.26 14.67 14.16 13.07 13.65 8.91 5.91 1.97 3.36 0.00 0.00 0.00 2.56 1.03 2.04 3.50 0.00 4.67 4.67 0.00 2.77 4.60 5.33 5.99 4.67 3.50 2.04 1.39 1.31 0.00 0.00 0.00 0.00 0.00 0.00 0.00 1.17 0.51 0.00 0.00 0.00 0.00 0.00 0.00 0.00 0.00 0.00 0.00 0.00 0.00 0.51 0.00 0.00 0.00 0.00 0.00 0.00 0.88 0.00
