Wansh/Snow_depth/snowdepth-1996/spring/1996105.txt
ncols 321
nrows 161
xllcenter 60
yllcenter 15 
cellsize  0.25 
NODATA_value -1
[rows 0 to 36 of 161, columns 168 to 251 of 321]
10.66 7.01 4.89 4.96 6.94 6.35 6.64 5.91 6.06 6.06 5.69 5.33 5.33 5.77 5.40 5.33 6.06 7.74 9.56 11.46 11.02 11.02 11.32 12.92 5.91 5.84 4.31 5.48 5.77 5.77 5.77 0.00 11.17 14.38 12.56 12.56 12.41 11.46 15.33 16.43 15.62 23.36 22.19 24.45 23.58 24.53 25.77 21.68 18.83 16.86 14.09 14.67 11.32 10.66 10.88 11.90 14.97 14.53 16.21 17.74 17.74 18.98 18.61 21.46 23.94 23.58 23.07 18.83 19.71 17.16 16.79 16.28 17.23 17.23 17.67 19.20 18.98 21.02 20.81 19.05 17.52 16.72 16.86 15.62
7.59 6.28 5.84 5.11 6.64 6.86 5.26 4.67 3.87 3.87 5.40 4.96 5.77 5.48 6.06 5.55 5.84 9.20 12.05 7.15 8.25 8.18 6.72 6.64 6.64 5.04 0.37 0.00 0.00 0.00 4.74 8.40 7.74 9.20 7.88 7.88 8.47 14.31 17.74 16.50 17.89 19.56 16.72 25.48 27.01 25.84 18.54 17.74 17.30 17.81 14.97 15.40 14.75 14.53 14.97 14.97 15.77 17.23 17.81 17.81 17.81 19.86 21.90 21.17 23.07 20.66 20.59 19.05 18.03 17.81 17.52 17.01 16.72 17.89 20.00 19.35 21.53 21.10 21.83 18.54 19.71 16.86 13.43 12.70
5.77 5.26 5.18 4.53 6.06 6.13 4.74 3.80 4.09 4.09 4.16 5.77 4.74 4.60 5.69 5.48 6.86 11.53 10.29 9.13 8.03 8.40 7.66 7.08 5.69 0.00 0.00 0.00 0.00 0.00 6.50 6.72 3.43 4.60 3.29 3.29 6.42 17.01 19.42 20.00 19.78 20.22 19.64 21.90 13.87 15.26 14.31 13.87 16.13 15.91 16.21 15.70 15.84 15.77 16.86 17.74 17.59 17.30 19.42 21.53 21.53 20.73 21.24 18.10 18.83 17.01 17.45 17.01 17.45 16.28 16.06 16.28 18.10 17.81 18.54 17.74 17.37 14.31 16.21 16.21 10.80 11.53 10.22 7.88
5.77 5.26 5.18 4.53 6.06 6.13 4.74 3.80 4.09 4.09 4.16 5.77 4.74 4.60 5.69 5.48 6.86 11.53 10.29 9.13 8.03 8.40 7.66 7.08 5.69 0.00 0.00 0.00 0.00 0.00 6.50 6.72 3.43 4.60 3.29 3.29 6.42 17.01 19.42 20.00 19.78 20.22 19.64 21.90 13.87 15.26 14.31 13.87 16.13 15.91 16.21 15.70 15.84 15.77 16.86 17.74 17.59 17.30 19.42 21.53 21.53 20.73 21.24 18.10 18.83 17.01 17.45 17.01 17.45 16.28 16.06 16.28 18.10 17.81 18.54 17.74 17.37 14.31 16.21 16.21 10.80 11.53 10.22 7.88
0.00 0.00 0.00 0.00 0.00 0.00 4.67 5.55 3.43 3.43 4.96 6.13 5.18 5.26 4.82 5.77 11.46 10.44 9.64 9.20 8.32 8.54 8.40 9.05 4.67 0.00 0.00 0.00 0.00 8.47 0.00 6.57 3.94 6.06 11.24 11.24 15.33 14.45 13.21 14.67 8.69 15.62 11.68 16.28 11.61 12.48 14.09 15.99 16.28 16.35 16.43 16.72 17.45 16.50 16.64 13.36 15.99 18.98 18.83 16.06 16.06 18.76 18.40 18.25 17.96 18.32 17.01 13.72 13.36 13.72 13.43 13.14 16.35 13.51 13.43 14.16 12.05 12.26 9.78 13.14 9.78 7.23 7.52 7.23
0.00 0.00 0.00 0.00 0.00 0.00 0.00 0.00 3.80 3.80 6.20 8.18 9.34 9.05 9.05 7.15 9.42 7.15 8.69 6.94 7.74 8.47 0.00 0.00 0.00 0.00 0.00 4.38 7.08 6.35 8.40 5.33 3.50 9.64 11.32 11.32 12.12 12.26 11.83 5.99 7.96 8.98 8.25 11.53 14.24 14.09 14.09 16.06 15.04 17.89 18.91 17.96 19.13 13.87 12.19 12.19 13.43 10.66 14.09 12.92 12.92 19.05 17.96 17.52 16.35 9.42 10.73 10.95 10.22 9.27 11.46 8.83 8.98 10.59 10.66 10.00 9.71 10.22 10.59 9.49 10.80 8.25 8.32 8.25
0.00 0.00 0.00 0.00 0.00 0.00 0.00 0.00 4.16 4.16 7.23 6.64 7.37 8.47 8.61 5.62 6.86 6.86 7.52 7.30 0.00 0.00 0.00 0.00 0.00 0.00 0.00 5.11 7.59 8.32 9.42 10.29 12.41 11.46 13.29 13.29 12.34 7.74 4.74 5.48 6.72 6.20 7.88 7.88 9.42 10.07 13.51 15.33 14.53 17.67 17.89 17.81 18.32 14.82 9.64 8.91 9.20 9.64 9.64 12.78 12.78 12.41 14.16 9.27 9.64 7.30 6.20 5.40 7.37 7.01 7.01 7.96 7.59 7.37 8.54 8.61 8.47 9.93 11.02 11.48 13.87 15.84 15.23 12.49
0.00 0.00 0.00 0.00 0.00 0.00 0.00 0.00 4.16 4.16 7.23 6.64 7.37 8.47 8.61 5.62 6.86 6.86 7.52 7.30 0.00 0.00 0.00 0.00 0.00 0.00 0.00 5.11 7.59 8.32 9.42 10.29 12.41 11.46 13.29 13.29 12.34 7.74 4.74 5.48 6.72 6.20 7.88 7.88 9.42 10.07 13.51 15.33 14.53 17.67 17.89 17.81 18.32 14.82 9.64 8.91 9.20 9.64 9.64 12.78 12.78 12.41 14.16 9.27 9.64 7.30 6.20 5.40 7.37 7.01 7.01 7.96 7.59 7.37 8.54 9.96 11.68 14.28 15.10 19.51 22.90 21.08 19.60 12.96
6.28 1.53 0.00 1.68 0.00 0.00 0.00 0.00 4.45 4.45 3.29 4.60 6.57 7.52 8.03 16.94 10.15 6.35 4.09 0.00 0.00 0.00 0.00 0.00 0.00 0.00 0.00 4.09 5.69 6.72 8.91 10.00 10.59 10.66 9.20 9.20 9.71 7.74 2.04 2.92 4.89 4.74 5.84 6.57 6.13 9.13 9.49 10.88 15.70 14.16 17.16 14.45 7.66 7.01 6.94 6.50 6.50 7.74 8.32 4.23 4.23 6.28 5.40 6.50 3.29 3.50 4.89 5.26 4.89 7.30 7.01 7.15 7.15 6.40 7.82 12.82 16.16 14.71 14.60 20.96 19.57 18.45 16.52 18.40
5.77 6.57 6.64 6.42 1.17 3.36 0.00 0.73 4.31 4.31 4.23 8.03 9.78 8.76 12.92 10.07 9.93 9.56 0.00 0.00 0.00 0.00 0.00 0.00 0.00 6.86 7.59 7.30 6.72 8.76 9.64 9.20 9.34 6.86 2.41 2.41 1.46 1.97 1.90 1.61 2.26 5.77 6.35 6.28 6.35 7.37 6.86 10.95 12.12 7.01 7.59 7.45 6.86 4.60 5.18 5.04 4.38 1.17 3.14 2.34 2.34 3.07 1.53 1.68 2.92 3.65 3.87 4.16 6.50 5.91 7.15 5.26 6.10 9.16 11.61 10.71 12.27 17.77 19.68 20.84 19.89 18.13 23.51 22.44
7.23 4.67 4.89 7.96 7.15 7.45 1.46 2.63 0.73 0.73 2.85 7.30 7.23 9.64 0.95 5.40 0.00 0.00 0.00 0.00 0.00 0.00 4.67 6.13 7.45 6.86 7.30 7.15 5.26 5.77 5.04 1.90 1.46 0.95 1.31 1.31 1.53 6.94 8.91 8.47 4.23 4.67 6.86 5.55 5.48 5.84 5.33 4.31 4.02 6.35 5.11 6.06 5.26 5.48 3.29 0.00 0.00 0.00 0.00 0.00 0.00 0.00 1.17 2.19 1.68 3.14 4.89 4.23 6.42 4.74 5.04 5.48 5.09 4.89 7.00 12.46 13.65 15.53 14.70 17.46 18.38 22.06 19.94 20.52
7.23 4.67 4.89 7.96 7.15 7.45 1.46 2.63 0.73 0.73 2.85 7.30 7.23 9.64 0.95 5.40 0.00 0.00 0.00 0.00 0.00 0.00 4.67 6.13 7.45 6.86 7.30 7.15 5.26 5.77 5.04 1.90 1.46 0.95 1.31 1.31 1.53 6.94 8.91 8.47 4.23 4.67 6.86 5.55 5.48 5.84 5.33 4.31 4.02 6.35 5.11 6.06 5.26 5.48 3.29 0.00 0.00 0.00 0.00 0.00 0.00 0.00 1.17 2.19 1.68 3.14 4.89 4.23 6.42 4.74 5.04 5.48 4.96 4.82 6.79 11.57 12.17 14.38 15.68 18.11 18.38 21.58 21.90 21.96
10.44 5.77 6.50 5.18 6.64 5.99 5.62 4.38 2.63 2.63 2.34 3.50 0.00 0.37 0.00 2.41 0.00 0.00 0.00 0.00 0.00 0.00 3.21 3.58 0.00 2.63 2.41 4.89 5.40 0.00 0.00 0.00 0.00 0.00 4.96 4.96 3.94 7.08 10.29 10.29 6.50 5.55 5.62 5.48 3.14 1.10 2.85 3.72 3.07 4.23 4.16 4.96 4.02 1.10 1.10 0.00 0.00 0.00 0.00 0.00 0.00 2.19 2.12 2.56 5.62 5.26 5.84 6.72 4.60 4.82 4.23 4.31 4.74 5.33 5.39 7.74 12.76 14.18 14.17 17.87 19.57 20.29 21.45 22.48
10.37 7.30 7.96 6.79 6.35 5.69 5.55 5.84 10.44 10.44 3.43 3.21 0.00 0.00 0.00 0.00 0.00 2.12 0.00 0.00 0.00 0.00 0.00 0.00 0.00 0.00 0.00 0.00 1.31 0.00 0.00 0.00 2.12 2.34 4.31 4.31 5.04 5.26 5.33 9.34 3.58 4.45 3.58 2.70 3.14 1.46 1.97 0.00 0.00 2.12 0.00 2.85 0.00 0.00 0.00 0.00 0.66 0.73 2.19 2.19 2.19 2.19 4.38 3.65 6.28 7.23 7.08 6.94 6.06 4.16 4.23 4.74 5.69 5.69 8.15 10.27 8.78 13.96 18.76 14.51 19.40 16.77 18.40 18.37
11.53 12.19 11.24 9.78 12.05 7.88 9.71 14.24 5.11 5.11 6.94 7.88 7.81 1.83 5.33 2.70 0.00 0.00 0.00 0.00 0.00 0.00 0.00 0.00 0.00 0.00 0.00 2.70 2.56 3.14 2.77 2.99 3.07 3.21 3.94 3.94 4.09 4.74 4.67 4.67 4.67 3.58 2.41 2.56 3.65 2.99 0.95 1.02 0.00 0.00 0.00 0.00 0.00 0.00 0.00 0.00 0.00 1.90 3.07 4.38 4.38 4.02 5.91 6.42 6.57 7.08 6.50 5.99 6.57 3.43 5.11 4.82 6.99 10.47 9.14 10.51 13.96 13.52 13.76 16.47 17.05 16.12 13.78 13.21
10.44 12.78 11.17 11.68 8.98 11.61 8.91 11.46 10.66 10.66 9.20 10.07 8.54 9.34 5.48 3.21 0.00 0.00 0.00 0.00 0.00 0.00 0.00 0.00 0.00 0.00 2.41 1.68 2.70 2.77 3.58 7.88 6.06 5.48 5.69 5.69 4.53 6.20 4.96 5.26 4.53 2.56 6.79 6.42 5.18 3.58 2.56 2.63 2.70 0.00 0.00 0.00 0.00 0.00 0.00 0.00 0.00 0.00 2.12 3.58 3.58 3.72 5.77 4.67 2.92 6.20 5.91 2.56 2.19 2.70 3.36 7.22 8.01 10.51 12.50 11.50 13.65 12.93 13.08 14.50 14.80 17.63 11.27 10.54
10.44 12.78 11.17 11.68 8.98 11.61 8.91 11.46 10.66 10.66 9.20 10.07 8.54 9.34 5.48 3.21 0.00 0.00 0.00 0.00 0.00 0.00 0.00 0.00 0.00 0.00 2.41 1.68 2.70 2.77 3.58 7.88 6.06 5.48 5.69 5.69 4.53 6.20 4.96 5.26 4.53 2.56 6.79 6.42 5.18 3.58 2.56 2.63 2.70 0.00 0.00 0.00 0.00 0.00 0.00 0.00 0.00 0.00 2.12 3.58 3.58 3.72 5.77 4.67 2.92 6.20 5.91 2.56 2.19 2.70 3.36 8.87 7.51 11.43 11.22 14.23 13.85 14.29 13.34 13.08 14.31 15.16 12.26 11.97
5.04 8.91 4.38 6.28 2.77 8.47 5.26 4.74 11.53 11.53 12.26 12.12 8.54 2.56 3.36 1.61 0.00 0.00 0.00 0.00 0.00 0.00 0.00 0.00 2.19 0.00 0.00 0.00 2.99 4.53 6.13 8.18 7.45 7.74 8.83 8.83 6.86 7.74 5.69 7.30 8.10 9.27 8.40 9.34 7.66 3.14 1.39 0.00 0.00 0.00 0.00 0.00 0.00 0.00 0.00 0.00 0.00 0.00 0.00 2.85 2.85 0.00 0.00 3.29 2.04 0.00 0.00 0.00 0.00 2.26 1.74 4.29 8.99 9.55 10.18 12.31 12.15 11.46 12.93 14.28 14.40 10.80 12.27 8.98
0.00 3.50 0.00 0.00 0.00 5.11 3.87 2.63 3.29 3.29 1.02 2.19 2.04 0.00 0.00 0.00 0.00 0.00 0.00 0.00 0.00 0.00 1.46 3.43 2.92 2.41 2.70 3.58 3.80 4.45 4.09 5.69 5.91 7.23 7.52 7.52 8.32 8.18 6.20 8.18 8.32 8.18 4.23 2.85 0.00 1.75 0.00 0.00 0.00 0.00 0.00 0.00 0.00 0.00 0.00 0.00 0.00 0.00 0.00 0.00 0.00 0.00 0.00 0.00 0.00 0.00 0.00 0.00 0.00 0.00 1.62 0.00 2.85 5.44 7.26 10.88 11.52 12.97 11.94 14.18 12.65 11.39 8.70 8.43
0.00 0.00 0.00 0.00 0.00 4.31 4.23 3.94 3.43 3.43 3.50 2.63 1.83 0.00 0.00 0.00 0.00 0.00 0.00 0.00 0.00 0.00 2.26 3.72 2.04 2.99 2.41 2.99 3.21 5.77 7.59 7.30 7.37 6.79 8.18 8.18 8.10 8.18 6.28 6.86 6.86 5.91 2.92 0.00 0.00 0.00 0.00 0.00 0.00 0.00 0.00 0.00 0.00 0.00 0.00 0.00 0.00 0.00 0.00 0.00 0.00 0.00 0.00 0.00 0.00 0.00 0.00 0.00 0.00 0.00 0.00 1.02 0.00 5.18 11.61 10.13 12.21 13.09 14.13 13.76 10.81 10.09 9.10 9.03
0.00 0.00 0.00 0.00 0.00 3.21 3.94 3.87 3.07 3.07 2.70 2.77 2.26 0.00 0.00 0.00 0.00 0.00 0.00 0.00 0.00 0.00 2.34 2.63 1.75 0.00 2.56 2.63 3.72 5.48 8.54 8.76 8.76 8.10 8.32 8.32 8.18 7.45 3.87 3.50 2.92 3.07 2.41 0.00 0.00 0.00 0.00 0.00 0.00 0.00 0.00 0.00 0.00 0.00 0.00 0.00 0.00 0.00 0.00 0.00 0.00 0.00 0.00 0.00 0.00 0.00 0.00 0.00 0.00 0.00 0.00 0.00 4.53 3.07 11.40 12.08 14.90 12.42 14.60 10.95 12.64 8.09 6.67 7.25
0.00 0.00 0.00 0.00 1.53 1.83 2.70 2.70 2.92 2.92 2.41 2.99 2.70 0.00 0.00 0.00 0.00 0.00 0.00 0.00 3.21 3.36 2.99 3.14 2.85 3.43 3.65 4.53 4.09 5.26 9.64 9.20 9.05 8.83 5.04 5.04 3.36 6.28 0.66 0.58 0.00 0.00 0.00 0.00 0.00 0.00 0.00 0.00 0.00 0.00 0.00 0.00 0.00 0.00 0.00 0.00 0.00 0.00 0.00 0.00 0.00 0.00 0.00 0.00 0.00 0.00 0.00 0.00 0.00 0.00 0.00 0.00 0.00 7.08 6.54 8.56 8.70 9.88 11.00 10.69 5.69 7.15 5.22 4.46
0.00 0.00 0.00 0.00 1.53 1.83 2.70 2.70 2.92 2.92 2.41 2.99 2.70 0.00 0.00 0.00 0.00 0.00 0.00 0.00 3.21 3.36 2.99 3.14 2.85 3.43 3.65 4.53 4.09 5.26 9.64 9.20 9.05 8.83 5.04 5.04 3.36 6.28 0.66 0.58 0.00 0.00 0.00 0.00 0.00 0.00 0.00 0.00 0.00 0.00 0.00 0.00 0.00 0.00 0.00 0.00 0.00 0.00 0.00 0.00 0.00 0.00 0.00 0.00 0.00 0.00 0.00 0.00 0.00 0.00 0.00 0.00 0.00 7.08 6.28 8.60 6.76 8.70 9.22 12.45 6.96 7.30 4.09 4.11
0.00 0.00 0.58 0.37 2.04 1.68 2.34 1.75 2.48 2.48 2.41 1.75 0.22 0.00 0.00 0.00 0.00 0.00 0.00 3.21 3.72 4.09 6.13 5.99 4.67 4.89 4.23 6.06 7.52 7.37 6.35 6.79 8.25 1.61 2.12 2.12 0.44 4.67 3.14 0.00 0.00 0.00 0.00 0.00 0.00 0.00 0.00 0.00 0.00 0.00 0.00 0.00 0.00 0.00 0.00 0.00 0.00 0.00 0.00 0.00 0.00 0.00 0.00 0.00 0.00 0.00 0.00 0.00 0.00 0.00 0.00 0.00 0.00 0.00 0.15 2.64 4.30 12.35 10.30 11.43 3.65 2.88 2.90 0.00
0.00 0.00 0.22 0.00 0.73 1.97 2.19 1.39 1.90 1.90 1.46 1.61 0.00 0.00 0.00 0.00 0.00 0.00 4.16 3.07 4.60 6.06 6.06 6.42 5.40 5.48 6.06 7.23 6.86 3.80 3.14 0.44 0.00 0.07 0.00 0.00 0.00 0.00 0.00 0.00 0.00 0.00 0.00 0.00 0.00 0.00 0.00 0.00 0.00 0.00 0.00 0.00 0.00 0.00 0.00 0.00 0.00 0.00 0.00 0.00 0.00 0.00 0.00 0.00 0.00 0.00 0.00 0.00 0.00 0.00 0.00 0.00 0.00 0.00 0.00 6.01 3.73 8.41 8.84 3.15 4.74 0.00 0.00 0.00
0.00 0.00 0.29 0.00 0.00 0.00 0.51 0.51 0.44 0.44 0.44 0.29 0.00 0.00 0.00 0.00 0.00 0.00 2.92 5.04 7.45 7.01 6.86 5.62 6.50 7.45 7.15 7.66 5.91 2.34 0.51 0.00 0.00 0.00 0.00 0.00 0.00 0.00 0.00 0.00 0.00 0.00 0.00 0.00 0.00 0.00 0.00 0.00 0.00 0.00 0.00 0.00 0.00 0.00 0.00 0.00 0.00 0.00 0.00 0.00 0.00 0.00 0.00 0.00 0.00 0.00 0.00 0.00 0.00 0.00 0.00 0.00 0.00 0.00 0.00 7.60 9.15 5.26 8.12 3.71 0.00 0.00 0.00 0.00
0.00 0.00 0.00 0.00 0.00 0.00 0.00 0.00 0.15 0.15 0.00 0.00 0.00 0.00 0.00 0.00 0.00 0.00 0.00 4.23 5.91 7.01 8.69 6.50 6.35 5.26 0.88 1.83 0.58 0.00 0.00 0.00 0.00 0.00 0.00 0.00 0.00 0.00 0.00 0.00 0.00 0.00 0.00 0.00 0.00 0.00 0.00 0.00 0.00 0.00 0.00 0.00 0.00 0.00 0.00 0.00 0.00 0.00 0.00 0.00 0.00 0.00 0.00 0.00 0.00 0.00 0.00 0.00 0.00 0.00 0.00 0.00 0.00 0.00 8.48 8.74 11.30 5.69 0.00 0.00 0.00 0.00 0.00 0.00
0.00 0.00 0.00 0.00 0.00 0.00 0.00 0.00 0.00 0.00 0.00 0.00 0.00 0.00 0.00 0.00 0.00 0.00 0.00 1.53 1.39 2.34 4.67 5.91 0.95 0.00 0.00 0.00 0.00 0.00 0.00 0.00 0.00 0.00 0.00 0.00 0.00 0.00 0.00 0.00 0.00 0.00 0.00 0.00 0.00 0.00 0.00 0.00 0.00 0.00 0.00 0.00 0.00 0.00 0.00 0.00 0.00 0.00 0.00 0.00 0.00 0.00 0.00 0.00 0.00 0.00 0.00 0.00 0.00 0.00 0.00 0.00 0.00 0.00 7.84 9.91 3.14 4.74 0.00 0.00 0.00 0.00 0.00 0.00
0.00 0.00 0.00 0.00 0.00 0.00 0.00 0.00 0.00 0.00 0.00 0.00 0.00 0.00 0.00 0.00 0.00 0.00 0.00 1.53 1.39 2.34 4.67 5.91 0.95 0.00 0.00 0.00 0.00 0.00 0.00 0.00 0.00 0.00 0.00 0.00 0.00 0.00 0.00 0.00 0.00 0.00 0.00 0.00 0.00 0.00 0.00 0.00 0.00 0.00 0.00 0.00 0.00 0.00 0.00 0.00 0.00 0.00 0.00 0.00 0.00 0.00 0.00 0.00 0.00 0.00 0.00 0.00 0.00 0.00 0.00 0.00 0.00 0.00 8.37 11.56 3.65 4.59 0.00 0.00 0.00 0.00 0.00 0.00
0.07 0.00 0.00 0.00 0.00 0.00 0.00 0.00 0.00 0.00 0.00 0.00 0.00 0.00 0.00 0.00 0.00 0.00 0.00 0.00 0.00 0.44 1.10 0.00 0.00 0.00 0.00 0.00 0.00 0.00 0.00 0.00 0.00 0.00 0.00 0.00 0.00 0.00 0.00 0.00 0.00 0.00 0.00 0.00 0.00 0.00 0.00 0.00 0.00 0.00 0.00 0.00 0.00 0.00 0.00 0.00 0.00 0.00 0.00 0.00 0.00 0.00 0.00 0.00 0.00 0.00 0.00 0.00 0.00 0.00 0.00 0.00 0.00 9.96 10.22 9.82 0.00 0.00 0.00 0.00 0.00 0.00 0.00 0.00
0.44 0.44 0.00 0.00 0.00 0.00 0.00 0.00 0.00 0.00 0.00 0.00 0.00 0.00 0.00 0.00 0.00 0.00 0.00 0.00 0.00 0.00 0.00 0.00 0.00 0.00 0.00 0.00 0.00 0.00 0.00 0.00 0.00 0.00 0.00 0.00 0.00 0.00 0.00 0.00 0.00 0.00 0.00 0.00 0.00 0.00 0.00 0.00 0.00 0.00 0.00 0.00 0.00 0.00 0.00 0.00 0.00 0.00 0.00 0.00 0.00 0.00 0.00 0.00 0.00 0.00 0.00 0.00 0.00 0.00 0.00 0.00 0.00 8.69 5.48 0.00 0.00 0.00 0.00 0.00 0.00 0.00 0.00 0.00
2.19 2.19 2.34 0.00 0.00 0.00 0.00 0.00 0.00 0.00 0.00 0.00 0.00 0.00 0.00 0.00 0.00 0.00 0.00 0.00 0.29 0.15 0.00 0.00 0.00 0.00 0.00 0.00 0.00 0.00 0.00 0.00 0.00 0.00 0.00 0.00 0.00 0.00 0.00 0.00 0.00 0.00 0.00 0.00 0.00 0.00 0.00 0.00 0.00 0.00 0.00 0.00 0.00 0.00 0.00 0.00 0.00 0.00 0.00 0.00 0.00 0.00 0.00 0.00 0.00 0.00 0.00 0.00 0.00 0.00 0.00 0.00 0.00 0.00 4.87 0.00 0.00 0.00 0.00 0.00 0.00 0.00 0.00 0.00
4.09 2.56 0.80 0.00 0.00 0.00 0.00 0.00 0.00 0.00 0.00 0.00 0.00 0.00 0.00 0.00 0.00 0.00 0.44 0.00 0.58 0.00 0.00 0.00 0.00 0.00 0.00 0.00 0.00 0.00 0.00 0.00 0.00 0.00 0.00 0.00 0.00 0.00 0.00 0.00 0.00 0.00 0.00 0.00 0.00 0.00 0.00 0.00 0.00 0.00 0.00 0.00 0.00 0.00 0.00 0.00 0.00 0.00 0.00 0.00 0.00 0.00 0.00 0.00 0.00 0.00 0.00 0.00 0.00 0.00 0.00 0.00 0.00 0.00 0.00 0.00 0.00 0.00 0.00 0.00 0.00 0.00 0.00 0.00
3.07 3.65 1.02 0.00 0.00 0.00 0.00 0.00 0.00 0.00 0.00 0.00 0.00 0.00 0.00 0.00 0.00 0.00 0.00 0.00 0.00 1.02 0.00 0.00 0.00 0.00 0.00 0.00 0.00 0.00 0.00 0.00 0.00 0.00 0.00 0.00 0.00 0.00 0.00 0.00 0.00 0.00 0.00 0.00 0.00 0.00 0.00 0.00 0.00 0.00 0.00 0.00 0.00 0.00 0.00 0.00 0.00 0.00 0.00 0.00 0.00 0.00 0.00 0.00 0.00 0.00 0.00 0.00 0.00 0.00 0.00 0.00 0.00 0.00 0.00 0.00 0.00 0.00 0.00 0.00 0.00 0.00 0.00 0.00
0.22 0.73 1.24 0.00 0.00 0.00 0.00 0.00 0.00 0.00 0.00 0.00 0.00 0.00 0.00 0.00 0.00 0.00 0.00 0.00 0.00 0.00 0.00 0.00 0.00 0.00 0.00 0.00 0.00 0.00 0.00 0.00 0.00 0.00 0.00 0.00 0.00 0.00 0.00 0.00 0.00 0.00 0.00 0.00 0.00 0.00 0.00 0.00 0.00 0.00 0.00 0.00 0.00 0.00 0.00 0.00 0.00 0.00 0.00 0.00 0.00 0.00 0.00 0.00 0.00 0.00 0.00 0.00 0.00 0.00 0.00 0.00 0.00 0.00 0.00 0.00 0.00 0.00 0.00 0.00 0.00 0.00 0.00 0.00
0.22 0.73 1.24 0.00 0.00 0.00 0.00 0.00 0.00 0.00 0.00 0.00 0.00 0.00 0.00 0.00 0.00 0.00 0.00 0.00 0.00 0.00 0.00 0.00 0.00 0.00 0.00 0.00 0.00 0.00 0.00 0.00 0.00 0.00 0.00 0.00 0.00 0.00 0.00 0.00 0.00 0.00 0.00 0.00 0.00 0.00 0.00 0.00 0.00 0.00 0.00 0.00 0.00 0.00 0.00 0.00 0.00 0.00 0.00 0.00 0.00 0.00 0.00 0.00 0.00 0.00 0.00 0.00 0.00 0.00 0.00 0.00 0.00 0.00 0.00 0.00 0.00 0.00 0.00 0.00 0.00 0.00 0.00 0.00
0.29 0.00 0.00 0.00 0.00 0.00 0.00 0.00 0.00 0.00 0.00 0.00 0.00 0.00 0.00 0.00 0.00 0.00 0.00 0.00 0.00 0.00 0.00 0.00 0.00 0.00 0.00 0.00 0.00 0.00 0.80 0.00 0.00 0.00 0.00 0.00 0.00 0.00 0.00 0.00 0.00 0.00 0.00 0.00 0.00 0.00 0.00 0.00 0.00 0.00 0.00 0.00 0.00 0.00 0.00 0.00 0.00 0.00 0.00 0.00 0.00 0.00 0.00 0.00 0.00 0.00 0.00 0.00 0.00 0.00 0.00 0.00 0.00 0.00 0.00 0.00 0.00 0.00 0.00 0.00 0.00 0.00 0.00 0.00
