Wansh/Snow_depth/snowdepth-1996/spring/1996106.txt
ncols 321
nrows 161
xllcenter 60
yllcenter 15 
cellsize  0.25 
NODATA_value -1
[rows 0 to 36 of 161, columns 84 to 167 of 321]
13.65 17.16 17.01 13.72 7.23 2.19 2.99 3.72 12.26 15.11 19.93 19.42 20.44 12.12 14.67 13.94 4.38 3.80 3.80 3.80 5.40 3.58 8.54 9.42 9.42 9.34 7.30 7.96 6.57 7.01 6.20 8.32 7.59 7.59 7.59 7.66 6.86 1.75 2.85 1.17 7.30 7.37 9.64 9.64 8.54 9.20 7.66 6.20 7.30 10.29 10.00 8.47 7.52 8.18 5.40 5.84 5.77 5.69 6.35 4.23 4.60 3.36 3.58 4.67 4.45 4.31 5.69 6.35 6.35 6.35 6.94 5.91 5.18 4.96 4.82 5.62 6.86 7.23 5.26 6.13 5.48 8.91 8.76 9.93
14.02 13.29 15.40 10.00 11.83 4.96 3.72 3.21 4.23 10.80 11.53 18.69 21.17 0.00 0.00 0.00 0.00 0.00 0.00 0.00 0.00 0.00 6.35 0.00 14.60 11.17 8.32 7.45 5.77 6.20 5.77 6.20 5.11 4.09 4.45 1.68 1.10 1.24 1.46 5.69 8.91 8.25 10.15 10.15 11.61 9.49 6.06 5.99 5.69 5.91 6.13 6.35 6.42 5.62 4.96 5.40 7.45 7.08 6.79 5.99 7.37 7.37 5.40 6.20 7.23 6.42 5.99 10.66 10.66 11.90 8.25 6.64 4.89 5.04 5.11 4.60 3.80 1.75 3.65 4.23 5.77 5.18 4.09 7.88
11.90 9.86 11.75 9.71 10.66 7.52 7.52 4.89 6.79 10.44 10.37 17.37 19.93 0.00 0.00 0.00 0.00 0.00 0.00 0.00 0.00 0.00 0.00 0.00 0.00 11.10 8.54 7.66 6.50 6.13 4.82 4.89 5.26 4.09 4.16 2.04 2.77 1.75 1.75 4.67 4.23 8.83 10.88 10.88 10.22 11.75 11.61 10.22 10.88 6.28 7.08 5.33 5.69 4.45 5.99 8.47 8.10 8.61 10.59 10.44 8.40 10.51 10.95 9.64 10.88 10.59 11.97 11.32 11.32 12.78 11.53 8.91 6.35 5.99 5.77 3.36 1.90 1.90 3.94 3.65 3.50 2.63 2.99 3.07
11.90 9.86 11.75 9.71 10.66 7.52 7.52 4.89 6.79 10.44 10.37 17.37 19.93 0.00 0.00 0.00 0.00 0.00 0.00 0.00 0.00 0.00 0.00 0.00 0.00 11.10 8.54 7.66 6.50 6.13 4.82 4.89 5.26 4.09 4.16 2.04 2.77 1.75 1.75 4.67 4.23 8.83 10.88 10.88 10.22 11.75 11.61 10.22 10.88 6.28 7.08 5.33 5.69 4.45 5.99 8.47 8.10 8.61 10.59 10.44 8.40 10.51 10.95 9.64 10.88 10.59 11.97 11.32 11.32 12.78 11.53 8.91 6.35 5.99 5.77 3.36 1.90 1.90 3.94 3.65 3.50 2.63 2.99 3.07
8.76 2.34 6.79 10.88 10.37 9.86 8.69 8.47 8.83 13.29 10.80 20.44 5.84 0.00 0.00 0.00 0.00 0.00 0.00 0.00 0.00 0.00 0.00 8.10 7.88 8.32 7.59 3.94 4.23 4.60 4.89 4.89 4.60 6.06 6.35 9.56 6.79 5.62 3.21 3.72 2.77 2.56 0.00 0.00 5.77 3.87 9.42 9.13 11.24 8.76 8.69 7.23 6.20 6.64 5.26 5.69 7.81 7.59 10.07 11.90 11.32 12.70 13.14 13.58 11.32 14.53 14.82 13.72 13.72 12.56 12.56 10.80 10.95 7.30 6.06 7.01 7.15 5.77 5.62 4.96 6.13 4.74 2.77 0.88
1.02 2.04 1.02 1.24 6.28 6.79 4.67 7.74 6.50 11.97 8.83 0.00 6.64 0.00 0.00 0.00 0.00 0.00 0.00 0.00 0.00 0.00 0.00 6.42 6.28 4.53 2.70 3.50 3.50 0.00 0.00 4.60 4.02 5.91 5.48 10.07 8.98 1.68 0.00 0.00 0.00 0.00 0.00 0.00 1.24 3.58 10.00 8.10 10.88 10.59 7.66 8.10 6.86 5.84 6.13 6.06 6.42 8.40 7.96 11.17 14.02 13.65 14.31 15.26 15.70 15.26 12.78 13.29 13.29 11.32 11.02 10.95 11.68 11.46 8.25 7.88 7.88 7.59 8.18 8.32 6.20 4.38 4.67 3.72
0.73 0.95 0.44 4.23 3.72 3.72 3.14 2.34 3.21 2.70 0.00 0.00 0.00 0.00 0.00 0.00 0.00 0.00 0.00 0.00 0.00 0.00 0.00 7.37 6.06 6.13 0.00 0.00 0.00 0.00 0.00 0.00 0.00 5.11 0.00 5.11 2.19 3.14 0.00 0.00 0.00 0.15 0.80 0.80 0.15 2.70 7.96 11.24 10.66 11.90 7.37 5.69 6.28 5.55 5.77 7.23 6.86 10.15 12.41 11.97 14.53 16.94 16.79 17.96 16.35 16.43 14.97 12.48 12.48 12.56 13.07 12.41 12.19 12.12 12.92 12.34 8.25 8.32 8.10 8.03 8.10 7.66 4.82 5.11
0.73 0.95 0.44 4.23 3.72 3.72 3.14 2.34 3.21 2.70 0.00 0.00 0.00 0.00 0.00 0.00 0.00 0.00 0.00 0.00 0.00 0.00 0.00 7.37 6.06 6.13 0.00 0.00 0.00 0.00 0.00 0.00 0.00 5.11 0.00 5.11 2.19 3.14 0.00 0.00 0.00 0.15 0.80 0.80 0.15 2.70 7.96 11.24 10.66 11.90 7.37 5.69 6.28 5.55 5.77 7.23 6.86 10.15 12.41 11.97 14.53 16.94 16.79 17.96 16.35 16.43 14.97 12.48 12.48 12.56 13.07 12.41 12.19 12.12 12.92 12.34 8.25 8.32 8.10 8.03 8.10 7.66 4.82 5.11
0.51 0.95 5.55 8.83 8.98 7.88 2.04 3.80 9.42 11.32 0.00 0.00 0.00 0.00 0.00 0.00 0.00 0.00 0.00 0.00 0.00 0.00 12.85 10.07 6.28 7.45 0.00 0.00 0.00 0.00 0.00 0.00 0.00 0.00 0.00 4.60 1.02 2.63 1.39 1.75 1.39 2.04 2.26 2.26 4.89 4.60 5.77 7.74 6.64 6.72 6.57 5.84 7.88 7.52 5.40 7.88 9.71 9.05 11.83 11.61 11.61 17.23 15.04 14.38 15.91 15.11 15.62 12.85 12.85 13.87 13.65 14.38 14.75 13.94 12.92 13.14 11.68 12.56 9.86 9.34 8.32 8.40 7.81 6.64
0.37 3.80 7.81 5.55 6.20 7.96 20.44 2.63 13.51 0.00 0.00 0.00 0.00 0.00 0.00 0.00 0.00 0.00 0.00 0.00 0.00 0.00 13.65 0.00 0.00 0.00 0.00 0.00 0.00 0.00 0.00 0.00 0.00 0.00 0.00 8.10 5.26 4.82 4.67 4.53 4.23 4.67 4.16 4.16 4.96 6.64 6.42 6.35 8.18 9.86 11.39 11.10 9.78 7.45 7.52 7.59 8.25 7.66 7.96 10.15 9.86 8.83 12.78 12.99 12.70 14.45 13.43 13.36 13.36 15.33 13.94 13.80 15.26 14.16 14.89 11.17 13.65 12.78 15.40 12.99 13.80 7.66 7.88 7.01
2.56 1.17 2.85 0.00 3.07 0.88 19.35 19.20 27.45 0.00 0.00 0.00 0.00 0.00 0.00 0.00 0.00 0.00 0.00 0.00 0.00 0.00 0.00 0.00 0.00 0.00 0.00 0.00 0.00 0.00 0.00 0.00 0.00 6.50 6.64 6.79 5.26 5.69 6.72 5.48 5.18 5.40 4.82 4.82 8.18 7.23 6.64 5.18 5.69 8.32 9.93 6.42 7.52 7.01 6.86 10.51 9.56 9.56 10.00 10.88 7.74 10.37 10.29 12.78 15.11 14.75 16.50 17.08 17.08 16.72 18.69 18.18 16.72 15.04 12.78 13.21 15.40 16.79 16.72 13.87 11.02 11.46 11.46 10.51
2.56 1.17 2.85 0.00 3.07 0.88 19.35 19.20 27.45 0.00 0.00 0.00 0.00 0.00 0.00 0.00 0.00 0.00 0.00 0.00 0.00 0.00 0.00 0.00 0.00 0.00 0.00 0.00 0.00 0.00 0.00 0.00 0.00 6.50 6.64 6.79 5.26 5.69 6.72 5.48 5.18 5.40 4.82 4.82 8.18 7.23 6.64 5.18 5.69 8.32 9.93 6.42 7.52 7.01 6.86 10.51 9.56 9.56 10.00 10.88 7.74 10.37 10.29 12.78 15.11 14.75 16.50 17.08 17.08 16.72 18.69 18.18 16.72 15.04 12.78 13.21 15.40 16.79 16.72 13.87 11.02 11.46 11.46 10.51
0.00 0.00 0.00 0.00 20.08 0.00 25.48 28.69 27.52 28.11 0.00 0.00 0.00 0.00 0.00 0.00 0.00 0.00 0.00 0.00 0.00 0.00 0.00 0.00 0.00 0.00 0.00 0.00 0.00 0.00 2.56 2.85 2.34 5.26 8.47 6.79 8.10 7.96 8.54 6.72 9.13 9.27 7.74 7.74 8.32 6.94 4.16 4.53 4.96 5.04 3.50 3.58 2.48 6.06 6.35 11.02 13.36 12.41 13.51 12.70 12.12 10.95 11.90 12.05 14.09 15.84 15.70 17.45 17.45 19.42 19.56 19.93 18.32 18.91 13.51 15.18 14.53 15.84 15.33 15.99 12.78 13.21 12.85 12.63
0.00 0.00 0.00 0.00 0.00 19.71 25.04 22.19 0.00 0.00 0.00 0.00 0.00 0.00 0.00 0.00 0.00 0.00 0.00 0.00 0.00 0.00 0.00 0.00 0.00 0.00 0.00 0.00 3.80 8.69 7.81 8.03 6.20 8.76 11.61 10.95 10.07 6.94 7.88 6.86 7.01 7.37 1.97 1.97 2.77 4.67 3.94 5.55 3.21 2.12 2.41 2.26 1.02 3.50 3.80 1.39 9.27 7.88 6.06 9.93 11.39 10.88 14.82 15.84 15.48 16.21 17.30 17.37 17.37 18.61 21.53 21.46 18.83 14.97 15.84 14.75 13.51 13.87 11.83 11.39 10.95 11.24 9.71 11.75
0.00 0.00 0.00 0.00 19.35 19.05 19.13 18.69 0.00 0.00 0.00 0.00 0.00 0.00 0.00 0.00 0.00 0.00 0.00 0.00 0.00 0.00 0.00 0.00 0.00 6.86 6.06 8.40 7.96 9.71 14.60 15.11 14.89 10.51 9.20 8.91 6.28 3.21 2.70 4.16 0.00 0.00 0.00 0.00 0.00 2.48 2.04 2.34 2.19 1.97 0.00 0.73 0.07 0.00 0.00 0.00 0.00 1.90 3.87 2.77 9.42 7.88 8.25 13.87 13.87 12.85 13.58 17.01 17.01 16.79 17.81 15.48 18.32 14.38 11.32 9.64 11.53 2.77 7.59 8.18 11.24 11.24 9.93 10.88
0.00 0.00 0.00 11.75 12.34 16.28 16.28 11.61 0.00 0.00 0.00 0.00 0.00 0.00 0.00 0.00 0.00 0.00 0.00 0.00 0.00 0.00 0.00 7.08 7.23 8.47 7.15 9.05 10.66 13.07 12.05 16.21 12.99 8.32 5.04 1.90 3.21 0.44 0.00 0.00 0.00 0.00 2.77 2.77 4.60 4.38 4.96 3.94 2.85 3.36 1.24 2.41 0.58 0.15 2.04 0.00 0.00 0.37 2.04 4.09 4.09 5.55 7.15 7.52 10.37 12.34 12.26 13.87 13.87 17.08 16.50 15.33 8.25 8.54 7.88 10.22 4.31 6.50 0.00 8.40 12.05 10.00 10.95 10.00
0.00 0.00 0.00 11.75 12.34 16.28 16.28 11.61 0.00 0.00 0.00 0.00 0.00 0.00 0.00 0.00 0.00 0.00 0.00 0.00 0.00 0.00 0.00 7.08 7.23 8.47 7.15 9.05 10.66 13.07 12.05 16.21 12.99 8.32 5.04 1.90 3.21 0.44 0.00 0.00 0.00 0.00 2.77 2.77 4.60 4.38 4.96 3.94 2.85 3.36 1.24 2.41 0.58 0.15 2.04 0.00 0.00 0.37 2.04 4.09 4.09 5.55 7.15 7.52 10.37 12.34 12.26 13.87 13.87 17.08 16.50 15.33 8.25 8.54 7.88 10.22 4.31 6.50 0.00 8.40 12.05 10.00 10.95 10.00
0.00 0.00 8.10 11.90 10.44 14.38 13.72 8.69 0.00 0.00 0.00 0.00 3.07 5.77 4.60 7.88 6.72 7.01 7.01 0.00 0.00 0.00 3.94 7.23 6.13 7.23 5.55 4.53 5.69 11.75 13.58 13.58 14.09 12.05 3.87 6.64 2.04 2.12 0.00 0.00 6.13 6.42 5.69 5.69 6.13 2.04 1.83 2.41 3.72 3.50 3.58 4.38 2.85 3.14 3.43 1.53 2.85 2.26 5.18 7.01 13.07 6.57 7.74 9.34 10.37 11.32 13.14 12.70 12.70 16.86 15.33 10.07 11.10 9.05 8.76 8.40 5.69 1.53 1.53 4.89 4.02 3.94 2.48 4.16
0.00 6.79 10.95 14.02 19.78 18.54 16.13 0.00 0.00 0.00 0.00 0.00 4.02 7.59 7.66 8.18 7.81 7.74 7.74 5.69 0.00 2.04 1.83 3.43 4.60 5.55 4.38 4.31 4.60 8.32 11.46 16.06 14.67 15.18 11.17 9.64 5.26 3.80 3.29 5.55 4.82 5.77 5.26 5.26 0.00 0.00 0.00 1.10 5.26 0.00 0.00 0.00 0.00 0.00 1.17 0.00 2.77 7.01 6.50 10.07 16.21 17.52 17.96 12.41 11.02 12.26 12.85 19.20 19.20 17.81 19.93 10.88 9.49 8.98 8.10 2.48 3.14 0.07 1.17 0.58 2.56 1.46 1.61 1.17
0.00 5.26 0.00 13.65 18.18 18.03 19.05 0.00 0.00 0.00 0.00 0.00 4.74 6.35 5.62 7.45 3.87 6.64 6.64 8.10 3.87 4.60 3.80 4.02 5.62 7.23 8.76 7.74 7.52 7.74 11.32 13.21 10.51 10.66 9.34 8.91 3.94 2.12 1.97 1.10 0.15 0.15 0.00 0.00 0.00 3.21 8.69 7.45 7.96 0.00 0.00 0.00 0.00 0.00 0.00 4.16 0.00 6.42 10.15 9.71 17.08 18.83 14.09 15.04 13.43 16.64 15.26 20.22 20.22 18.40 8.69 8.98 2.34 1.31 4.96 1.17 0.00 0.00 0.00 0.00 0.00 0.00 0.15 2.34
0.00 6.20 0.00 10.66 14.97 15.99 15.33 0.00 0.00 0.00 0.00 0.00 0.00 0.00 0.00 2.19 1.10 5.84 5.84 5.91 9.71 7.30 8.25 5.77 12.19 12.26 11.46 7.66 8.98 4.89 2.85 7.15 5.91 4.02 3.07 0.80 0.00 0.00 0.22 0.00 1.68 0.00 0.00 0.00 0.00 0.00 5.18 0.00 0.00 0.00 0.00 0.00 0.00 0.00 0.00 7.45 8.83 10.51 8.69 9.27 7.52 14.53 11.53 10.07 9.78 16.06 17.59 8.83 8.83 10.80 4.16 1.24 0.88 0.07 0.00 0.00 0.00 0.00 0.00 0.00 0.00 0.00 0.00 0.00
0.00 5.99 10.44 13.87 12.85 14.82 0.00 0.00 0.00 0.00 0.00 0.00 0.00 0.00 0.00 0.00 5.69 9.78 9.78 7.52 12.26 11.46 13.72 14.89 15.84 15.84 14.24 16.64 13.80 6.57 3.36 2.26 2.19 2.12 1.68 0.00 0.00 0.00 0.00 0.00 0.29 0.51 0.15 0.15 0.00 0.44 0.37 0.44 0.00 0.00 0.00 0.00 1.39 5.77 11.17 10.66 11.24 8.76 7.08 7.23 5.04 4.38 7.37 7.74 9.20 13.80 13.14 6.72 6.72 0.88 1.24 0.37 0.00 0.00 0.00 0.00 0.00 0.00 0.00 0.00 0.00 0.00 0.00 0.00
0.00 5.99 10.44 13.87 12.85 14.82 0.00 0.00 0.00 0.00 0.00 0.00 0.00 0.00 0.00 0.00 5.69 9.78 9.78 7.52 12.26 11.46 13.72 14.89 15.84 15.84 14.24 16.64 13.80 6.57 3.36 2.26 2.19 2.12 1.68 0.00 0.00 0.00 0.00 0.00 0.29 0.51 0.15 0.15 0.00 0.44 0.37 0.44 0.00 0.00 0.00 0.00 1.39 5.77 11.17 10.66 11.24 8.76 7.08 7.23 5.04 4.38 7.37 7.74 9.20 13.80 13.14 6.72 6.72 0.88 1.24 0.37 0.00 0.00 0.00 0.00 0.00 0.00 0.00 0.00 0.00 0.00 0.00 0.00
0.00 0.00 5.26 9.42 9.27 12.63 0.00 0.00 0.00 0.00 0.00 0.00 0.00 0.00 0.00 0.00 3.36 9.20 9.20 11.75 6.64 8.54 14.02 14.60 16.79 16.06 16.21 16.35 14.24 10.29 6.13 4.31 3.80 1.61 0.00 0.00 0.00 0.00 0.00 0.00 0.00 0.00 0.00 0.00 0.00 0.00 0.37 0.00 0.00 0.00 0.00 0.44 0.00 6.06 8.83 4.82 10.88 6.42 3.14 4.74 4.74 4.09 5.84 5.26 9.05 7.88 2.48 4.96 4.96 1.24 3.43 2.70 2.19 0.00 0.22 0.00 0.00 0.00 0.00 0.00 0.00 0.00 0.00 0.00
0.00 0.00 2.48 9.78 9.49 13.21 0.00 0.00 0.00 0.00 0.00 0.00 0.00 0.00 3.07 1.46 4.38 9.78 9.78 4.16 5.33 10.59 11.46 14.53 14.75 17.58 14.38 14.67 11.39 6.50 6.86 4.74 2.63 0.07 0.00 0.00 0.00 0.00 0.00 0.00 0.00 0.00 0.00 0.00 0.00 0.00 0.00 0.00 0.00 0.00 0.00 0.00 0.00 0.00 2.92 0.00 2.12 2.85 0.00 3.80 3.87 4.09 4.16 9.27 8.40 8.61 2.41 2.99 2.99 1.83 4.45 2.85 3.58 1.02 0.58 0.07 0.00 0.00 0.00 0.00 0.00 0.00 0.00 0.00
16.72 15.18 14.53 15.26 10.22 0.00 0.00 0.00 0.00 0.00 0.00 0.00 0.00 0.00 0.00 3.21 10.22 8.54 8.54 12.26 6.35 10.00 12.92 13.90 15.38 16.24 15.07 16.78 14.82 13.14 7.74 6.42 4.23 1.02 0.51 0.73 0.00 0.00 0.00 0.00 0.00 0.00 0.00 0.00 0.00 0.00 0.00 0.00 0.00 0.00 0.00 0.00 0.00 0.00 0.00 0.00 0.00 0.00 0.00 0.00 6.79 3.72 4.09 4.38 5.62 6.50 2.77 2.56 2.56 4.45 4.60 3.36 0.95 1.53 0.00 0.51 0.07 0.15 0.00 0.00 0.00 0.00 0.00 0.00
18.54 18.32 14.45 9.49 2.48 0.00 0.00 0.00 0.00 0.00 0.00 0.00 0.00 0.00 0.00 0.00 4.96 0.00 0.00 0.00 0.00 2.52 6.10 1.05 9.00 12.63 11.66 15.63 16.41 14.53 10.15 8.83 6.28 8.03 6.42 1.17 1.97 2.48 0.66 0.00 0.00 0.00 0.00 0.00 0.00 0.00 0.00 0.00 0.00 0.00 0.00 0.00 0.00 0.00 0.00 0.00 0.00 0.00 0.00 0.00 5.26 7.74 6.28 5.77 6.06 5.69 4.23 3.50 3.50 6.42 7.08 7.59 0.95 0.44 1.02 0.66 1.39 0.15 0.51 0.00 0.00 0.00 0.00 0.00
20.08 19.35 15.26 8.91 0.51 0.00 0.00 0.00 0.00 0.00 0.00 0.00 0.00 0.00 0.00 0.00 0.00 0.00 0.00 0.00 0.00 0.00 0.00 0.00 0.00 7.15 4.36 13.97 15.55 16.44 11.67 13.87 12.85 13.21 11.02 6.72 3.43 4.89 0.73 0.00 0.00 0.00 0.00 0.00 0.00 0.00 0.00 0.00 0.00 0.00 0.00 0.00 0.00 0.00 0.00 0.00 0.00 0.00 0.00 3.87 7.01 5.40 10.44 9.86 10.73 10.37 15.40 11.17 11.17 11.32 9.13 4.89 2.41 2.77 1.97 1.53 1.53 0.80 0.00 0.00 0.00 0.00 0.00 0.00
20.08 19.35 15.26 8.91 0.51 0.00 0.00 0.00 0.00 0.00 0.00 0.00 0.00 0.00 0.00 0.00 0.00 0.00 0.00 0.00 0.00 0.00 0.00 0.00 0.00 7.15 4.23 12.98 14.53 16.70 11.78 14.45 14.44 13.98 11.31 6.72 3.43 4.89 0.73 0.00 0.00 0.00 0.00 0.00 0.00 0.00 0.00 0.00 0.00 0.00 0.00 0.00 0.00 0.00 0.00 0.00 0.00 0.00 0.00 3.87 7.01 5.40 10.44 9.86 10.73 10.37 15.40 11.17 11.17 11.32 9.13 4.89 2.41 2.77 1.97 1.53 1.53 0.80 0.00 0.00 0.00 0.00 0.00 0.00
15.70 16.57 15.91 9.86 3.94 0.00 0.00 0.00 0.00 0.00 0.00 0.00 0.00 0.00 0.00 0.00 0.00 0.00 0.00 0.00 0.00 0.00 0.00 0.00 0.00 0.00 0.00 2.86 0.00 10.20 5.68 11.42 14.52 17.93 14.45 10.82 7.23 7.74 1.46 2.56 0.00 0.00 0.00 0.00 0.00 0.00 0.00 0.00 0.00 0.00 0.00 0.00 0.00 0.00 0.00 0.00 0.00 0.00 0.00 0.00 2.70 4.16 3.72 12.78 14.53 14.09 16.28 14.24 14.24 10.51 11.39 5.26 3.07 2.34 1.68 3.14 0.80 0.44 0.00 0.00 0.00 0.00 0.00 0.00
14.67 14.09 9.86 6.13 6.72 0.00 0.00 0.00 0.00 0.00 0.00 0.00 0.00 0.00 0.00 0.00 0.00 0.00 0.00 0.00 0.00 0.00 0.00 0.00 0.00 0.00 0.00 0.00 0.00 0.00 0.00 1.17 0.00 7.18 11.99 14.99 9.93 8.07 5.48 5.77 1.02 5.69 0.00 0.00 0.00 0.00 0.00 0.00 0.00 0.00 0.00 0.00 0.00 0.00 0.00 0.00 0.00 0.00 0.00 0.00 0.00 0.00 5.99 3.50 10.37 14.75 12.41 12.41 12.41 9.42 2.85 4.82 2.77 2.41 3.65 3.58 2.41 0.00 0.37 0.29 0.00 0.00 0.00 0.00
7.74 0.00 10.44 8.98 7.88 2.12 3.87 1.97 0.00 0.00 2.70 0.00 0.00 0.00 0.00 0.00 0.00 0.00 0.00 0.00 0.00 0.00 0.00 0.00 0.00 0.00 0.00 0.00 0.00 0.00 0.00 0.00 0.00 1.68 10.68 12.64 12.43 12.34 9.56 13.43 8.25 9.71 3.87 3.87 1.17 0.00 0.00 0.00 0.00 0.00 0.00 0.00 0.00 0.00 0.00 0.00 0.00 0.00 0.00 0.00 0.00 0.00 0.00 6.06 4.09 5.04 6.64 7.01 7.01 7.23 1.39 0.00 0.29 2.19 3.72 2.34 2.63 2.04 0.95 0.80 2.70 2.63 0.00 0.00
0.00 0.00 0.00 0.00 0.00 0.00 0.00 4.23 3.87 0.00 1.68 1.10 0.00 2.19 6.06 5.11 0.00 0.00 0.00 0.00 0.00 0.00 0.00 0.00 0.00 0.00 0.00 0.00 0.00 0.00 0.00 0.00 0.00 0.00 2.99 10.15 7.78 13.39 11.47 14.31 11.17 7.88 2.56 2.56 3.87 0.58 1.31 0.00 0.00 0.00 0.00 0.00 0.00 0.00 0.00 0.00 0.00 0.00 0.00 0.00 0.00 0.00 0.00 0.00 1.31 1.24 1.17 3.94 3.94 0.07 0.73 0.00 0.00 0.00 0.00 0.07 2.41 2.04 1.53 2.70 4.09 3.87 4.38 2.12
0.00 0.00 0.00 0.00 0.00 0.00 0.00 0.00 0.00 0.00 0.00 0.00 0.88 5.18 5.55 1.68 0.00 0.00 0.00 0.00 0.00 0.00 0.00 0.00 0.00 0.00 0.00 0.00 0.00 0.00 0.00 0.00 0.00 0.00 0.00 2.48 2.63 6.86 5.19 12.80 9.02 8.91 7.37 7.37 5.62 2.56 2.34 2.34 0.00 0.00 0.00 0.00 0.00 0.00 0.00 0.00 0.00 0.15 0.00 0.00 0.00 0.00 0.00 0.00 0.00 0.95 0.66 0.80 0.80 0.00 0.00 0.00 0.00 0.00 0.00 0.58 0.00 0.44 0.44 0.66 0.51 1.46 3.29 1.61
0.00 0.00 0.00 0.00 0.00 0.00 0.00 0.00 0.00 0.00 0.00 0.00 0.00 3.94 0.37 0.00 0.00 0.00 0.00 0.00 0.00 0.00 0.00 0.00 0.00 0.00 0.00 0.00 0.00 0.00 0.00 0.00 0.00 0.00 0.00 0.00 0.00 1.18 0.00 3.94 3.47 8.83 2.48 2.48 4.38 4.45 3.65 3.36 2.12 2.92 0.00 0.00 0.00 0.00 0.00 0.00 0.00 0.00 0.00 0.00 0.00 0.00 0.00 0.00 0.00 0.00 0.66 0.00 0.00 0.44 0.00 0.00 0.00 0.00 0.00 0.00 0.00 0.00 0.00 0.00 0.22 0.07 0.58 2.92
0.00 0.00 0.00 0.00 0.00 0.00 0.00 0.00 0.00 0.00 0.00 0.00 0.00 3.94 0.37 0.00 0.00 0.00 0.00 0.00 0.00 0.00 0.00 0.00 0.00 0.00 0.00 0.00 0.00 0.00 0.00 0.00 0.00 0.00 0.00 0.00 0.00 1.17 0.00 3.94 3.43 8.83 2.48 2.48 4.38 4.45 3.65 3.36 2.12 2.92 0.00 0.00 0.00 0.00 0.00 0.00 0.00 0.00 0.00 0.00 0.00 0.00 0.00 0.00 0.00 0.00 0.66 0.00 0.00 0.44 0.00 0.00 0.00 0.00 0.00 0.00 0.00 0.00 0.00 0.00 0.22 0.07 0.58 2.92
0.00 0.00 0.00 0.00 0.00 0.00 0.00 0.00 1.93 0.00 0.00 0.00 0.00 0.37 0.44 0.00 0.00 0.00 0.00 0.00 0.00 0.00 0.00 0.00 0.00 0.00 0.00 0.00 0.00 0.00 0.00 0.00 0.00 0.00 0.00 0.00 0.00 0.00 0.00 0.00 0.00 0.00 0.00 0.00 1.83 0.00 1.83 0.00 3.43 3.65 1.68 0.88 0.00 0.58 0.00 0.00 0.00 0.00 0.00 0.00 0.00 0.00 0.00 0.00 0.00 0.00 1.31 0.73 0.73 0.00 0.00 0.00 0.00 0.00 0.00 0.00 0.00 0.00 0.00 0.00 0.00 0.00 0.00 0.00
