Wansh/Snow_depth/snowdepth-1996/spring/1996091.txt
ncols 321
nrows 161
xllcenter 60
yllcenter 15 
cellsize  0.25 
NODATA_value -1
[rows 0 to 36 of 161, columns 168 to 251 of 321]
8.61 7.66 6.42 6.50 6.28 7.23 7.45 7.37 6.86 6.86 6.13 6.28 7.23 7.23 6.64 7.15 6.94 10.80 14.09 14.24 13.65 14.24 11.90 11.17 11.24 7.74 8.83 1.53 0.00 0.00 0.00 10.66 11.24 14.24 13.87 13.87 12.41 15.55 14.02 19.64 17.81 18.18 20.88 25.19 25.19 28.54 26.65 26.21 22.56 23.65 19.64 16.50 17.59 16.72 17.16 18.54 17.67 19.93 21.83 21.10 21.10 20.95 21.39 21.90 25.40 26.13 26.79 26.79 26.79 26.50 19.42 19.27 18.32 18.76 23.00 22.34 22.34 20.37 22.41 23.36 21.68 20.29 20.73 20.95
12.41 8.98 9.93 9.34 7.74 6.35 6.94 5.62 5.69 5.69 6.50 7.88 7.81 6.79 7.15 7.01 10.44 9.93 14.38 14.09 14.53 12.41 12.41 11.75 8.32 9.86 0.00 0.00 0.00 0.00 0.00 9.71 10.80 12.99 11.46 11.46 12.19 12.34 19.78 18.91 19.42 22.27 21.39 24.45 27.52 29.64 24.75 21.83 21.75 21.39 19.71 18.98 18.98 18.54 20.59 21.10 21.10 22.56 22.48 22.78 22.78 22.05 21.90 22.85 26.13 24.67 25.26 23.21 21.97 21.61 20.08 21.17 19.35 21.68 21.39 21.32 22.56 23.94 23.21 23.80 21.90 18.47 14.89 15.48
12.85 13.14 11.02 11.32 11.10 7.45 7.08 7.52 6.72 6.72 6.20 7.81 7.52 7.66 7.30 11.17 10.00 15.26 14.97 14.31 12.63 13.14 12.26 8.61 10.51 0.00 0.73 0.00 0.00 0.00 5.11 9.20 8.98 7.23 7.45 7.45 10.80 18.03 16.28 22.05 22.41 22.34 23.21 24.45 24.45 23.21 21.17 21.46 21.10 22.48 21.53 21.24 20.73 21.17 21.32 20.95 20.37 21.46 21.97 23.65 23.65 23.58 23.43 23.36 21.10 22.12 22.34 22.48 22.78 22.48 20.22 21.17 20.95 21.68 19.78 21.90 21.83 21.90 16.79 16.79 15.40 15.70 14.53 14.38
12.85 13.14 11.02 11.32 11.10 7.45 7.08 7.52 6.72 6.72 6.20 7.81 7.52 7.66 7.30 11.17 10.00 15.26 14.97 14.31 12.63 13.14 12.26 8.61 10.51 0.00 0.73 0.00 0.00 0.00 5.11 9.20 8.98 7.23 7.45 7.45 10.80 18.03 16.28 22.05 22.41 22.34 23.21 24.45 24.45 23.21 21.17 21.46 21.10 22.48 21.53 21.24 20.73 21.17 21.32 20.95 20.37 21.46 21.97 23.65 23.65 23.58 23.43 23.36 21.10 22.12 22.34 22.48 22.78 22.48 20.22 21.17 20.95 21.68 19.78 21.90 21.83 21.90 16.79 16.79 15.40 15.70 14.53 14.38
12.34 12.56 12.78 12.26 11.24 11.24 7.15 6.28 7.30 7.30 8.10 6.72 8.03 10.29 11.02 14.82 16.28 15.99 14.97 15.33 12.99 9.71 12.26 7.01 0.00 0.00 0.00 0.00 0.00 3.94 7.08 7.08 4.53 4.53 9.78 9.78 14.97 14.53 14.45 13.72 19.20 14.75 15.40 18.18 15.48 18.32 17.52 21.61 22.92 22.48 23.14 23.21 21.02 21.39 20.81 20.08 20.00 20.29 20.29 23.14 23.14 22.70 23.36 22.41 22.19 21.68 19.93 19.93 19.64 19.49 19.71 18.47 17.67 17.08 19.42 16.13 16.06 16.06 16.13 16.50 16.13 14.97 15.18 14.97
15.84 14.02 13.87 14.02 12.41 10.95 12.41 8.83 9.20 9.20 8.83 12.34 11.46 13.29 15.40 14.97 16.72 13.14 14.67 11.61 7.88 9.13 0.00 0.00 0.00 0.00 0.00 0.00 5.26 3.43 7.45 6.06 6.13 10.59 15.04 15.04 14.16 14.24 15.33 12.12 13.58 12.78 14.97 15.04 15.91 16.64 18.91 20.66 24.31 23.80 24.45 26.06 24.75 24.02 22.56 19.20 17.89 18.40 17.30 18.10 18.10 20.44 22.19 20.00 17.52 18.18 18.83 17.89 14.89 15.77 16.72 16.64 16.72 13.65 16.64 15.40 14.09 16.79 16.57 16.35 16.28 15.33 16.94 16.72
17.37 17.23 15.33 15.55 16.28 14.31 13.94 13.65 13.14 13.14 12.99 12.41 16.72 19.35 18.98 17.59 17.67 13.51 8.18 9.42 0.00 0.00 0.00 0.00 0.00 0.00 0.00 7.81 6.06 9.05 11.17 11.17 14.02 17.23 17.23 17.23 14.67 8.98 10.22 7.74 9.71 9.49 12.34 14.75 13.87 17.59 17.37 20.51 20.15 23.58 26.06 25.62 26.06 22.85 19.42 17.08 15.70 16.64 16.79 15.33 15.33 19.35 19.49 15.84 14.31 13.51 13.21 14.16 13.87 15.11 12.48 12.26 12.12 14.82 14.38 14.09 12.41 13.51 15.04 17.26 20.85 20.62 19.60 21.55
17.37 17.23 15.33 15.55 16.28 14.31 13.94 13.65 13.14 13.14 12.99 12.41 16.72 19.35 18.98 17.59 17.67 13.51 8.18 9.42 0.00 0.00 0.00 0.00 0.00 0.00 0.00 7.81 6.06 9.05 11.17 11.17 14.02 17.23 17.23 17.23 14.67 8.98 10.22 7.74 9.71 9.49 12.34 14.75 13.87 17.59 17.37 20.51 20.15 23.58 26.06 25.62 26.06 22.85 19.42 17.08 15.70 16.64 16.79 15.33 15.33 19.35 19.49 15.84 14.31 13.51 13.21 14.16 13.87 15.11 12.48 12.26 12.12 14.82 14.38 16.29 17.12 19.43 20.60 29.33 34.42 27.44 25.22 22.36
16.79 17.45 17.52 16.06 14.09 13.58 14.53 12.63 13.51 13.51 14.02 19.86 17.16 20.08 16.06 17.08 9.93 13.14 7.96 0.00 0.00 0.00 0.00 0.00 0.00 4.89 0.00 7.08 9.42 8.98 11.53 13.87 13.21 17.08 15.70 15.70 16.79 9.56 6.50 6.50 8.76 10.73 12.63 12.19 14.53 16.06 16.35 17.74 18.47 20.59 19.35 21.97 20.81 16.06 16.28 16.43 13.36 13.80 14.97 15.91 15.91 15.99 14.38 15.18 14.09 13.80 13.72 12.92 12.26 12.19 12.19 12.34 11.46 12.72 14.88 17.61 20.70 18.36 17.24 27.08 29.41 25.53 26.11 27.08
9.93 14.75 13.80 12.99 14.38 13.72 14.24 12.19 14.97 14.97 13.51 19.64 14.97 16.28 13.72 7.23 8.91 0.00 0.00 0.00 0.00 0.00 0.00 0.00 0.00 3.94 9.20 8.40 9.93 10.51 10.66 10.66 9.86 10.15 10.15 10.15 9.49 7.96 8.03 8.40 11.02 10.37 12.41 13.80 12.56 15.18 14.24 16.64 16.50 17.37 14.97 15.26 14.82 13.36 13.72 13.72 13.80 12.34 13.43 14.24 14.24 13.51 13.29 13.87 13.14 12.05 12.41 12.70 11.75 11.02 11.53 11.53 12.51 15.24 17.36 17.95 18.62 21.39 22.73 26.14 22.22 26.46 31.13 27.70
10.95 10.44 10.29 12.41 11.61 15.26 12.34 13.07 12.41 12.41 16.28 16.35 11.53 4.45 6.13 0.00 0.00 0.00 0.00 1.53 0.00 4.60 7.37 6.20 7.74 9.20 8.69 9.49 10.07 9.93 9.27 7.52 7.59 7.88 8.47 8.47 8.10 9.42 11.39 16.13 16.13 13.94 11.61 12.05 11.75 12.26 9.49 11.61 12.70 13.51 12.41 11.97 12.26 11.68 10.00 11.39 12.85 12.70 16.35 16.28 16.28 15.84 16.06 14.60 11.39 10.95 10.88 11.02 10.95 10.88 10.29 9.56 9.81 10.15 10.46 16.23 18.28 20.09 18.66 21.05 19.85 25.20 22.15 23.49
10.95 10.44 10.29 12.41 11.61 15.26 12.34 13.07 12.41 12.41 16.28 16.35 11.53 4.45 6.13 0.00 0.00 0.00 0.00 1.53 0.00 4.60 7.37 6.20 7.74 9.20 8.69 9.49 10.07 9.93 9.27 7.52 7.59 7.88 8.47 8.47 8.10 9.42 11.39 16.13 16.13 13.94 11.61 12.05 11.75 12.26 9.49 11.61 12.70 13.51 12.41 11.97 12.26 11.68 10.00 11.39 12.85 12.70 16.35 16.28 16.28 15.84 16.06 14.60 11.39 10.95 10.88 11.02 10.95 10.88 10.29 9.56 9.56 10.00 10.15 15.07 16.29 18.60 19.90 21.85 19.85 24.65 24.33 25.13
12.12 12.56 12.12 10.44 10.59 10.44 12.05 10.51 10.80 10.80 7.15 1.31 7.15 0.80 0.00 0.00 0.00 3.14 0.00 4.67 5.48 5.11 6.50 6.35 6.50 4.89 5.69 5.40 7.37 7.01 5.33 5.62 6.35 8.47 7.66 7.66 11.97 13.65 13.87 15.99 15.04 12.78 12.56 9.56 7.66 7.30 7.23 8.25 9.93 11.68 9.34 9.13 10.00 11.39 8.54 8.54 5.55 12.34 18.25 15.33 15.33 16.94 18.40 14.24 13.94 13.43 12.78 11.39 12.12 10.88 9.71 9.56 10.22 10.07 9.96 14.12 15.98 16.50 19.29 21.36 21.70 24.15 25.38 25.26
13.58 13.29 13.87 13.94 9.64 9.05 8.03 8.61 4.02 4.02 0.73 1.61 0.00 0.00 0.00 0.00 0.00 0.80 4.38 3.80 3.72 4.31 5.69 5.04 3.80 3.87 5.04 7.81 8.10 8.40 6.28 6.57 6.28 7.74 11.39 11.39 10.73 13.29 12.99 13.07 12.85 12.99 10.66 9.42 7.81 7.88 6.57 7.37 6.72 8.10 8.03 8.18 6.50 6.20 4.38 5.26 5.84 7.52 10.07 11.10 11.10 15.33 16.06 16.35 16.21 14.24 14.45 14.60 12.70 10.00 10.73 10.73 10.22 11.47 14.39 17.57 15.78 19.97 19.77 17.89 23.07 19.50 18.80 22.72
16.21 15.84 15.91 14.45 14.60 11.02 9.42 8.54 9.20 9.20 8.76 2.92 2.77 2.85 4.60 4.31 4.60 3.94 3.72 2.99 3.72 3.43 5.33 5.33 5.40 6.64 8.83 8.32 10.73 9.42 8.25 8.32 9.56 10.37 9.86 9.86 10.73 12.26 11.90 12.41 11.90 9.34 9.13 8.98 8.91 9.71 8.98 6.94 7.30 5.77 5.69 4.96 4.02 3.58 2.34 4.09 8.54 7.30 9.78 12.48 12.48 13.87 15.77 16.50 14.97 15.84 15.33 15.40 13.43 16.13 16.64 12.99 10.36 15.41 17.33 18.14 18.25 20.44 17.58 19.09 19.70 19.15 18.17 16.19
15.26 13.29 14.60 14.75 12.12 9.86 12.05 10.66 10.73 10.73 10.73 10.80 7.59 7.52 6.28 4.53 4.82 2.34 0.80 0.88 1.75 4.67 4.45 5.11 6.42 6.06 8.03 10.00 9.71 10.59 9.13 9.56 9.42 10.73 12.41 12.41 11.97 11.17 11.68 11.17 10.73 11.02 9.49 11.02 10.15 9.49 9.42 9.42 8.83 7.23 5.11 3.80 1.46 1.75 1.31 3.14 7.37 7.59 10.66 11.97 11.97 13.21 10.44 10.15 12.70 13.43 13.21 13.14 12.19 15.84 17.67 18.36 16.65 16.25 19.47 16.20 17.03 16.18 17.35 18.47 18.43 18.71 17.25 16.44
15.26 13.29 14.60 14.75 12.12 9.86 12.05 10.66 10.73 10.73 10.73 10.80 7.59 7.52 6.28 4.53 4.82 2.34 0.80 0.88 1.75 4.67 4.45 5.11 6.42 6.06 8.03 10.00 9.71 10.59 9.13 9.56 9.42 10.73 12.41 12.41 11.97 11.17 11.68 11.17 10.73 11.02 9.49 11.02 10.15 9.49 9.42 9.42 8.83 7.23 5.11 3.80 1.46 1.75 1.31 3.14 7.37 7.59 10.66 11.97 11.97 13.21 10.44 10.15 12.70 13.43 13.21 13.14 12.19 15.84 17.67 22.55 15.60 17.67 17.48 20.04 17.28 17.89 17.69 16.66 17.81 16.09 18.76 18.66
10.73 10.66 8.47 9.86 10.51 7.88 7.45 7.01 10.73 10.73 8.54 8.91 5.26 2.26 2.85 2.92 1.83 2.19 0.51 0.88 0.88 1.24 2.99 4.89 4.38 7.23 8.40 8.25 9.71 10.07 10.73 10.44 12.34 12.12 12.26 12.26 12.92 11.32 11.24 11.32 11.10 12.48 12.19 11.02 9.27 10.29 9.05 6.35 7.66 5.33 2.77 0.73 0.66 0.80 0.37 2.04 1.53 4.89 7.96 5.55 5.55 6.50 5.91 8.54 9.27 5.48 4.60 10.59 14.02 13.51 12.63 17.01 16.29 17.45 17.38 19.31 19.27 16.46 16.09 20.08 18.35 16.70 18.09 15.82
5.48 7.23 7.37 5.91 4.60 5.62 5.33 4.67 4.60 4.60 5.33 3.50 3.72 2.41 2.26 2.56 2.99 1.39 0.15 0.88 1.75 3.50 3.36 4.53 7.08 6.64 8.47 8.83 8.69 9.49 10.51 11.46 11.32 11.90 11.97 11.97 12.19 12.05 12.26 11.53 12.41 11.39 9.34 11.10 9.05 4.31 4.74 5.04 4.74 3.58 1.53 1.10 0.95 1.75 0.00 0.51 0.07 0.58 4.53 4.02 4.02 5.48 3.07 4.23 4.67 4.74 4.67 5.26 6.42 11.59 13.57 13.20 15.50 16.62 16.00 17.11 17.14 16.62 17.26 18.51 17.39 15.43 14.79 16.14
3.72 3.58 5.26 5.55 5.04 5.11 4.09 3.87 3.58 3.58 3.87 3.94 2.92 2.85 3.72 4.16 2.26 2.70 1.97 2.63 2.56 3.87 6.72 5.91 6.28 5.77 6.28 8.25 6.64 7.45 10.00 9.64 10.15 10.80 10.51 10.51 11.68 11.46 9.64 9.64 10.80 10.66 9.93 4.74 3.94 3.87 4.96 4.31 5.69 1.75 2.19 1.90 2.34 2.12 0.51 0.58 0.00 0.95 1.75 1.83 1.83 1.31 3.29 3.14 4.09 3.80 4.02 4.09 5.91 9.05 10.95 11.46 13.58 16.06 17.30 19.15 16.81 19.14 19.35 16.39 15.05 14.11 12.35 13.02
2.77 2.41 2.04 4.31 4.31 4.60 4.82 5.11 4.53 4.53 3.65 3.87 3.21 4.16 4.31 4.82 2.85 2.12 1.97 2.70 3.14 2.92 5.77 6.50 5.26 5.48 5.04 5.69 5.77 6.28 9.42 10.44 10.29 10.44 10.66 10.66 10.66 8.47 9.78 8.47 5.26 5.91 4.38 3.43 4.45 4.09 4.96 4.96 5.69 5.55 2.70 3.29 0.00 0.00 0.80 0.00 0.00 0.15 0.00 0.07 0.07 1.02 2.34 2.63 2.48 2.77 4.09 5.40 6.64 6.42 11.17 9.78 14.09 16.43 16.32 17.70 21.45 17.44 20.33 17.92 17.67 12.60 11.61 10.19
1.17 1.02 0.80 0.58 2.99 2.99 3.50 3.65 3.80 3.80 2.26 2.99 4.45 3.94 4.02 0.88 1.90 0.37 4.02 2.92 4.67 6.06 5.40 7.45 6.64 6.86 7.08 6.20 7.37 9.56 9.56 9.93 9.49 9.86 9.64 9.64 9.78 8.76 3.50 3.87 4.38 3.50 3.29 2.70 3.43 3.94 5.26 3.72 5.26 3.36 4.67 4.67 3.65 0.00 0.00 0.00 0.00 0.00 0.00 0.00 0.00 0.00 1.39 1.31 0.00 1.97 0.00 3.80 4.74 2.63 4.53 6.13 9.20 10.51 10.42 12.95 17.70 16.78 20.27 17.27 11.39 9.90 10.56 8.69
1.17 1.02 0.80 0.58 2.99 2.99 3.50 3.65 3.80 3.80 2.26 2.99 4.45 3.94 4.02 0.88 1.90 0.37 4.02 2.92 4.67 6.06 5.40 7.45 6.64 6.86 7.08 6.20 7.37 9.56 9.56 9.93 9.49 9.86 9.64 9.64 9.78 8.76 3.50 3.87 4.38 3.50 3.29 2.70 3.43 3.94 5.26 3.72 5.26 3.36 4.67 4.67 3.65 0.00 0.00 0.00 0.00 0.00 0.00 0.00 0.00 0.00 1.39 1.31 0.00 1.97 0.00 3.80 4.74 2.63 4.53 6.13 9.20 10.51 10.00 13.02 13.75 14.76 16.97 20.10 13.93 10.12 8.28 8.02
0.00 0.15 0.44 0.37 1.02 2.63 2.34 3.43 3.21 3.21 3.21 3.14 4.31 3.21 3.72 0.29 0.00 0.00 3.29 7.66 8.18 8.32 8.47 9.13 7.81 8.25 8.32 8.47 8.40 9.05 9.93 7.96 3.80 7.52 2.77 2.77 3.65 2.48 1.90 2.63 2.56 2.34 3.58 2.04 2.48 1.17 2.99 3.07 6.06 5.99 5.26 5.62 4.09 0.00 0.00 0.00 0.00 0.00 0.00 0.00 0.00 0.00 0.00 0.00 0.00 0.00 0.00 0.00 1.90 1.46 3.65 4.09 5.11 4.23 7.88 11.67 13.91 22.01 15.73 12.68 12.94 7.48 7.93 7.41
0.00 0.00 0.73 0.80 0.80 1.17 1.02 2.63 2.70 2.70 3.07 1.31 1.61 0.15 0.44 0.00 0.00 3.43 7.81 7.23 8.61 8.91 9.05 9.78 7.88 8.47 7.96 10.07 9.05 6.13 3.72 4.02 2.99 1.90 2.34 2.34 0.29 0.58 0.73 2.48 1.46 1.46 2.34 0.00 0.29 0.00 2.41 3.21 4.74 3.87 4.60 0.00 0.00 0.00 0.00 0.00 1.31 0.00 0.00 0.00 0.00 0.00 0.00 0.00 0.00 0.00 1.61 1.75 1.39 1.97 0.58 3.94 6.57 5.55 8.39 12.80 15.95 16.99 18.40 11.97 11.07 8.96 9.55 7.24
0.00 0.00 0.00 0.44 0.58 0.73 0.07 0.95 1.46 1.46 2.48 0.80 0.88 0.80 0.66 0.95 2.34 2.12 4.67 8.03 10.29 10.29 10.66 10.66 10.22 9.42 8.91 8.91 10.07 6.13 2.92 1.53 0.00 0.00 0.00 0.00 0.37 0.15 0.07 0.22 0.15 0.00 0.00 0.00 0.00 0.00 3.29 0.07 2.41 2.70 0.00 0.00 0.00 0.00 0.88 0.73 0.51 0.00 0.00 0.00 0.00 0.00 0.00 0.00 0.00 0.00 0.00 0.00 0.00 0.00 0.00 1.83 8.08 14.97 16.30 18.44 20.05 15.45 13.05 8.09 6.83 2.90 4.17 3.62
0.00 0.00 0.00 0.00 0.00 0.07 0.07 0.07 0.51 0.51 0.00 1.17 0.00 0.51 0.37 1.02 2.63 3.65 3.50 6.06 9.42 10.51 10.37 10.44 8.69 7.15 7.15 7.23 5.11 1.75 0.00 0.00 0.00 0.00 0.00 0.00 0.00 0.00 0.00 0.00 0.00 0.00 0.00 0.00 0.00 0.00 0.00 0.00 0.00 0.00 0.00 2.19 0.00 0.00 0.22 0.15 0.00 0.00 0.00 0.00 0.00 0.00 0.00 0.00 0.00 0.00 0.00 0.00 0.00 0.00 0.00 2.26 10.08 14.82 21.04 18.51 14.28 10.64 10.86 6.78 4.90 1.06 2.13 0.00
0.29 0.00 0.00 0.00 0.00 0.00 0.00 0.00 0.00 0.00 0.00 0.00 0.00 0.00 0.00 0.22 1.61 0.88 2.70 2.19 5.04 7.15 7.66 7.66 6.57 1.24 0.66 1.10 0.73 0.88 0.00 0.00 0.00 0.00 0.00 0.00 0.00 0.00 0.00 0.00 0.00 0.00 0.00 0.00 0.00 0.00 0.00 0.00 0.00 0.00 0.00 0.00 0.00 0.00 0.00 0.00 0.00 0.00 0.00 0.00 0.00 0.00 0.00 0.00 0.00 0.00 0.00 0.00 0.00 0.88 6.74 5.49 9.62 16.25 18.94 21.48 13.70 6.45 3.87 0.53 0.60 0.38 0.64 0.00
0.29 0.00 0.00 0.00 0.00 0.00 0.00 0.00 0.00 0.00 0.00 0.00 0.00 0.00 0.00 0.22 1.61 0.88 2.70 2.19 5.04 7.15 7.66 7.66 6.57 1.24 0.66 1.10 0.73 0.88 0.00 0.00 0.00 0.00 0.00 0.00 0.00 0.00 0.00 0.00 0.00 0.00 0.00 0.00 0.00 0.00 0.00 0.00 0.00 0.00 0.00 0.00 0.00 0.00 0.00 0.00 0.00 0.00 0.00 0.00 0.00 0.00 0.00 0.00 0.00 0.00 0.00 0.00 0.00 0.88 6.77 5.44 8.70 18.10 20.21 25.06 15.90 6.24 4.04 0.52 0.63 0.45 0.59 0.00
0.00 0.00 0.00 0.00 0.00 0.00 0.00 0.00 0.00 0.00 0.00 0.00 0.00 0.00 0.00 0.00 0.00 0.00 0.00 0.00 0.00 0.00 0.00 0.00 0.00 0.07 0.07 0.00 0.44 0.22 0.00 0.00 0.00 0.15 0.00 0.00 0.00 0.00 0.00 0.00 0.07 0.00 0.00 0.00 0.00 0.00 0.00 0.00 0.00 0.00 0.00 0.00 0.00 0.00 0.00 0.00 0.00 0.00 0.00 0.00 0.00 0.00 0.00 0.00 0.00 0.00 0.00 0.00 0.00 3.32 9.81 15.85 21.94 21.51 16.17 21.27 14.22 3.95 2.68 0.91 0.00 0.00 0.00 0.00
0.00 0.22 0.00 0.00 0.00 0.00 0.00 0.00 0.00 0.00 0.00 0.00 0.00 0.00 0.00 0.00 0.00 0.00 0.00 0.00 0.00 0.00 0.00 0.00 0.00 0.00 0.00 0.00 0.15 0.58 0.00 0.00 0.00 0.00 0.00 0.00 0.00 0.00 0.00 0.00 0.00 0.00 0.00 0.00 0.00 0.00 0.07 0.00 0.00 0.00 0.00 0.00 0.00 0.00 0.00 0.00 0.00 0.00 0.00 0.00 0.00 0.00 0.00 0.00 0.00 0.00 0.00 0.00 0.00 6.13 6.72 12.49 19.71 19.50 15.06 3.74 2.29 2.56 1.77 1.51 0.00 0.00 0.00 0.00
1.53 1.39 1.02 0.00 0.00 0.00 0.00 0.00 0.00 0.00 0.00 0.00 0.00 0.00 0.00 0.00 0.00 0.00 0.00 0.00 0.00 0.00 0.00 0.00 0.00 0.00 0.00 0.00 0.00 0.00 0.00 0.00 0.00 0.00 0.00 0.00 0.00 0.00 0.00 0.00 0.00 0.00 0.00 0.00 0.00 0.00 0.00 0.00 0.00 0.00 0.00 0.00 0.00 0.00 0.00 0.00 0.00 0.00 0.00 0.00 0.00 0.00 0.00 0.00 0.00 0.00 0.00 0.00 0.00 0.00 2.19 10.17 16.18 13.33 5.90 2.24 1.12 1.00 0.21 0.53 0.00 0.00 0.00 0.00
4.96 4.02 2.85 0.66 0.00 0.00 0.00 0.00 0.00 0.00 0.00 0.00 0.00 0.00 0.00 0.00 0.00 0.00 0.00 0.00 0.00 0.00 0.00 0.07 0.00 0.00 0.00 0.00 0.00 0.00 0.00 0.00 0.00 0.00 0.00 0.00 0.00 0.00 0.00 0.00 0.00 0.00 0.00 0.00 0.00 0.00 0.00 0.00 0.00 0.00 0.00 0.00 0.00 0.00 0.00 0.00 0.00 0.00 0.00 0.00 0.00 0.00 0.00 0.00 0.00 0.00 0.00 0.00 0.00 0.00 4.02 9.22 7.90 10.16 5.17 2.48 0.30 0.30 0.00 0.00 0.00 0.00 0.00 0.00
3.87 2.70 1.24 1.97 0.00 0.00 0.00 0.00 0.00 0.00 0.00 0.00 0.00 0.00 0.00 0.00 0.00 0.00 0.00 0.00 0.00 0.00 0.00 0.00 0.00 0.37 0.00 0.00 0.00 0.00 0.00 0.00 0.00 0.00 0.00 0.00 0.00 0.00 0.00 0.00 0.00 0.00 0.00 0.00 0.00 0.00 0.00 0.00 0.00 0.00 0.00 0.00 0.00 0.00 0.00 0.00 0.00 0.00 0.00 0.00 0.00 0.00 0.00 0.00 0.00 0.00 0.00 0.00 0.37 4.16 3.94 5.04 3.49 1.70 1.83 0.17 0.35 0.00 0.00 0.00 0.00 0.00 0.00 0.00
2.85 1.17 0.00 0.00 0.00 0.00 0.00 0.00 0.00 0.00 0.00 0.00 0.00 0.00 0.00 0.00 0.00 0.00 0.00 0.00 0.00 0.00 0.00 0.00 0.00 0.00 0.00 0.00 0.00 0.00 0.00 0.00 0.00 0.00 0.00 0.00 0.00 0.00 0.00 0.00 0.00 0.00 0.00 0.00 0.00 2.56 2.12 0.00 0.00 0.00 0.00 0.00 0.00 0.00 0.00 0.00 0.00 0.00 0.00 0.00 0.00 0.00 0.00 0.00 0.00 0.00 0.00 0.00 0.00 0.29 2.41 1.76 1.12 0.00 0.44 0.23 0.47 0.26 0.35 0.00 0.00 0.00 0.00 0.00
2.85 1.17 0.00 0.00 0.00 0.00 0.00 0.00 0.00 0.00 0.00 0.00 0.00 0.00 0.00 0.00 0.00 0.00 0.00 0.00 0.00 0.00 0.00 0.00 0.00 0.00 0.00 0.00 0.00 0.00 0.00 0.00 0.00 0.00 0.00 0.00 0.00 0.00 0.00 0.00 0.00 0.00 0.00 0.00 0.00 2.56 2.12 0.00 0.00 0.00 0.00 0.00 0.00 0.00 0.00 0.00 0.00 0.00 0.00 0.00 0.00 0.00 0.00 0.00 0.00 0.00 0.00 0.00 0.00 0.29 2.41 1.75 1.10 0.00 0.44 0.24 0.42 0.25 0.34 0.00 0.00 0.00 0.00 0.00
0.00 0.00 0.00 0.00 0.00 0.00 0.00 0.00 0.00 0.00 0.00 0.00 0.00 0.00 0.00 0.00 0.00 0.00 0.00 0.00 0.00 0.00 0.00 0.00 0.00 0.00 0.00 0.00 0.00 0.00 0.00 0.00 0.00 0.00 0.00 0.00 0.00 0.00 0.00 0.00 0.00 0.00 0.00 2.19 3.58 1.75 1.68 0.95 0.00 0.00 0.00 0.00 0.00 0.00 0.00 0.00 0.00 0.00 0.00 0.00 0.00 0.00 0.00 0.00 0.00 0.00 0.00 0.00 0.00 0.00 0.29 1.39 0.00 0.00 0.00 0.23 0.00 0.00 0.00 0.00 0.00 0.00 0.00 0.00
