Wansh/Snow_depth/snowdepth-1996/spring/1996099.txt
ncols 321
nrows 161
xllcenter 60
yllcenter 15 
cellsize  0.25 
NODATA_value -1
[rows 0 to 36 of 161, columns 84 to 167 of 321]
24.24 25.26 23.94 24.82 18.47 13.07 13.94 11.68 18.10 18.10 22.56 21.53 22.85 22.05 22.19 20.95 21.83 17.59 17.59 22.63 17.59 18.10 18.91 16.13 14.89 7.59 8.91 6.20 5.11 5.18 8.18 7.59 7.59 7.59 12.26 8.18 8.40 8.03 7.88 8.91 5.62 8.47 8.61 8.61 8.76 9.56 6.94 7.81 8.40 9.34 11.83 12.12 8.10 8.10 7.59 7.96 8.91 8.47 8.61 4.45 5.04 4.82 4.82 4.23 4.89 5.33 5.40 6.42 6.42 8.54 8.32 8.32 6.94 7.52 7.96 9.20 8.76 10.00 10.66 10.73 12.12 11.39 10.88 10.51
24.97 24.75 24.67 19.93 20.81 15.26 13.72 13.87 15.70 19.78 20.88 23.36 20.37 17.01 17.37 16.13 16.57 16.50 16.50 14.53 9.27 14.89 16.43 17.45 16.43 10.00 11.24 7.81 5.62 5.91 5.48 7.37 7.96 8.69 7.74 6.13 6.72 5.04 4.60 7.23 6.28 8.98 14.82 14.82 12.05 12.99 9.56 10.22 7.37 7.30 7.37 7.37 8.03 9.64 9.20 6.72 8.18 8.03 5.99 6.79 5.55 8.83 7.81 7.81 5.33 7.23 9.93 9.56 9.56 10.66 7.88 7.88 9.20 7.96 7.74 9.78 9.86 10.07 9.93 9.13 8.98 10.22 9.64 9.86
23.80 23.21 20.51 21.32 19.56 20.81 20.44 21.32 19.71 19.71 23.29 22.34 23.14 20.29 19.35 14.97 13.51 14.24 14.24 10.51 8.54 9.49 10.37 18.69 16.64 12.34 11.75 8.61 7.01 5.04 5.77 6.64 6.13 7.66 8.25 8.83 6.50 7.15 4.89 7.37 10.59 13.94 13.72 13.72 15.18 17.74 17.52 11.68 12.63 7.45 7.66 7.88 4.60 6.42 6.94 6.86 8.83 10.15 10.29 11.24 11.17 10.59 9.27 12.48 12.70 12.19 12.34 16.35 16.35 12.56 13.65 10.37 10.07 10.66 11.17 10.66 10.00 8.98 10.22 8.32 8.61 8.83 8.91 8.61
23.80 23.21 20.51 21.32 19.56 20.81 20.44 21.32 19.71 19.71 23.29 22.34 23.14 20.29 19.35 14.97 13.51 14.24 14.24 10.51 8.54 9.49 10.37 18.69 16.64 12.34 11.75 8.61 7.01 5.04 5.77 6.64 6.13 7.66 8.25 8.83 6.50 7.15 4.89 7.37 10.59 13.94 13.72 13.72 15.18 17.74 17.52 11.68 12.63 7.45 7.66 7.88 4.60 6.42 6.94 6.86 8.83 10.15 10.29 11.24 11.17 10.59 9.27 12.48 12.70 12.19 12.34 16.35 16.35 12.56 13.65 10.37 10.07 10.66 11.17 10.66 10.00 8.98 10.22 8.32 8.61 8.83 8.91 8.61
18.76 17.37 19.71 19.56 20.22 20.15 18.69 19.56 22.27 22.70 24.60 24.38 24.09 22.41 23.00 20.37 19.56 11.61 11.61 12.56 11.10 10.73 9.93 14.45 12.41 11.83 12.92 10.73 6.64 6.64 5.69 5.84 7.37 9.64 8.98 10.44 8.83 7.59 6.50 6.72 6.13 5.04 14.09 14.09 13.21 17.45 18.18 18.10 15.84 13.29 8.54 8.61 5.84 5.91 6.06 6.86 7.96 7.59 9.42 11.83 13.72 13.87 14.02 13.58 13.43 15.77 15.99 16.79 16.79 14.82 13.58 13.94 12.78 13.14 12.92 13.72 13.87 13.36 13.36 13.36 9.93 9.05 9.78 7.15
17.59 17.67 19.64 18.83 20.66 17.37 18.32 16.79 19.71 18.91 21.75 19.71 26.35 25.33 25.77 22.56 24.24 23.14 23.14 21.17 14.97 15.18 11.97 11.90 13.21 13.14 12.56 8.76 7.37 6.57 6.94 5.91 6.57 9.20 9.93 7.30 8.32 6.79 0.58 0.00 0.00 3.72 5.11 5.11 11.90 10.44 18.76 19.49 18.54 14.97 9.34 6.86 6.86 6.94 5.91 6.35 7.37 9.64 11.53 11.02 13.51 15.26 16.72 17.59 17.89 16.28 14.97 14.75 14.75 11.97 13.21 13.29 12.63 12.26 11.97 11.90 11.61 11.10 12.34 12.48 13.87 11.83 11.61 9.13
23.14 23.94 23.36 23.36 23.07 23.14 22.56 19.49 18.47 19.05 16.43 16.43 22.12 20.00 26.50 24.09 24.38 23.65 23.65 23.80 20.37 21.46 15.70 14.89 11.53 14.38 9.56 9.34 7.08 6.94 7.52 7.74 7.96 8.54 8.61 9.56 5.69 6.86 1.24 0.00 1.17 2.99 2.56 2.56 9.64 15.40 12.99 17.59 12.19 9.27 10.29 5.91 6.13 6.20 7.45 6.79 8.91 10.66 13.36 15.33 17.96 17.16 19.05 19.05 17.30 17.23 14.38 15.11 15.11 13.51 14.02 13.36 12.85 14.38 12.70 13.36 11.24 11.32 11.53 12.05 13.21 12.48 14.24 10.73
23.14 23.94 23.36 23.36 23.07 23.14 22.56 19.49 18.47 19.05 16.43 16.43 22.12 20.00 26.50 24.09 24.38 23.65 23.65 23.80 20.37 21.46 15.70 14.89 11.53 14.38 9.56 9.34 7.08 6.94 7.52 7.74 7.96 8.54 8.61 9.56 5.69 6.86 1.24 0.00 1.17 2.99 2.56 2.56 9.64 15.40 12.99 17.59 12.19 9.27 10.29 5.91 6.13 6.20 7.45 6.79 8.91 10.66 13.36 15.33 17.96 17.16 19.05 19.05 17.30 17.23 14.38 15.11 15.11 13.51 14.02 13.36 12.85 14.38 12.70 13.36 11.24 11.32 11.53 12.05 13.21 12.48 14.24 10.73
25.48 25.33 25.33 25.04 25.04 24.24 25.40 23.94 24.31 23.21 19.86 19.20 16.35 17.01 24.24 24.82 24.53 23.36 23.36 24.67 24.31 23.58 18.40 19.49 12.63 11.02 9.93 8.25 7.66 8.32 8.54 8.47 8.40 10.00 9.71 11.24 7.74 8.76 5.40 5.62 3.43 6.86 9.56 9.56 8.61 11.32 9.27 9.20 10.00 8.18 7.88 6.28 8.54 6.86 7.37 7.59 8.32 9.86 10.88 13.58 15.55 15.70 13.87 16.06 16.79 17.08 15.33 15.91 15.91 15.48 15.18 15.99 14.97 15.40 14.60 13.29 12.99 11.97 12.05 13.29 11.39 12.05 11.53 11.53
26.79 29.42 28.62 28.84 27.30 26.50 26.50 26.35 24.75 24.75 23.80 18.61 14.31 20.08 18.03 19.35 23.51 24.53 24.53 25.04 24.31 24.60 11.97 19.86 10.37 9.05 8.10 8.10 8.03 7.01 6.72 6.50 8.25 12.41 10.29 10.80 11.24 11.32 7.81 7.08 7.96 6.86 7.15 7.15 6.79 7.23 7.23 9.27 9.93 9.27 12.05 7.81 6.28 10.73 10.73 10.15 9.71 10.22 10.07 10.88 10.66 12.70 11.97 12.78 13.80 14.16 14.02 14.89 14.89 17.30 16.13 15.84 17.67 14.45 15.70 12.05 13.43 17.16 14.38 14.24 11.46 11.17 10.29 10.44
29.20 28.76 28.91 27.74 27.59 27.59 27.23 25.48 25.77 25.19 22.27 21.24 19.35 17.30 16.94 21.75 23.58 25.04 25.04 25.04 23.36 24.24 15.04 12.92 11.17 9.42 8.47 7.74 6.86 6.28 6.50 6.42 8.83 8.32 8.69 10.37 10.80 9.42 9.71 8.61 10.88 9.34 9.86 9.86 9.20 8.25 8.25 9.27 8.98 11.24 11.75 10.00 9.05 8.61 9.78 10.80 12.78 13.36 12.34 12.48 11.75 14.02 13.14 14.09 13.94 15.70 18.32 20.08 20.08 19.35 21.17 18.91 19.86 16.94 14.97 16.13 13.94 18.61 16.57 14.89 11.53 12.34 10.44 10.37
29.20 28.76 28.91 27.74 27.59 27.59 27.23 25.48 25.77 25.19 22.27 21.24 19.35 17.30 16.94 21.75 23.58 25.04 25.04 25.04 23.36 24.24 15.04 12.92 11.17 9.42 8.47 7.74 6.86 6.28 6.50 6.42 8.83 8.32 8.69 10.37 10.80 9.42 9.71 8.61 10.88 9.34 9.86 9.86 9.20 8.25 8.25 9.27 8.98 11.24 11.75 10.00 9.05 8.61 9.78 10.80 12.78 13.36 12.34 12.48 11.75 14.02 13.14 14.09 13.94 15.70 18.32 20.08 20.08 19.35 21.17 18.91 19.86 16.94 14.97 16.13 13.94 18.61 16.57 14.89 11.53 12.34 10.44 10.37
21.32 27.74 27.81 28.32 27.38 26.94 25.77 26.28 23.21 22.63 22.63 22.56 22.19 23.29 23.00 22.92 24.82 26.21 26.21 26.06 23.87 23.07 14.82 11.53 11.46 8.69 9.49 8.69 6.94 9.49 9.56 8.98 8.54 9.05 8.98 12.56 12.85 10.29 10.15 12.70 12.26 11.46 8.25 8.25 8.61 7.96 7.74 8.76 8.76 8.76 8.47 5.40 6.64 5.04 8.98 8.18 11.83 14.38 15.84 14.97 13.21 13.21 13.58 15.91 15.91 16.06 18.32 20.29 20.29 20.88 20.73 22.92 20.22 20.66 15.04 15.55 16.35 17.67 17.08 14.31 14.67 13.87 13.51 13.51
26.28 24.97 27.45 25.62 25.70 26.35 26.50 24.16 22.19 21.68 21.39 21.53 23.65 22.85 24.31 24.60 23.87 20.95 20.95 21.90 17.37 16.13 14.38 11.90 11.10 8.98 8.32 9.78 12.63 11.90 11.39 13.29 17.01 15.26 14.16 13.43 13.21 11.75 11.46 11.39 12.19 6.79 6.86 6.86 6.79 4.16 7.37 8.32 8.83 5.48 6.06 4.74 1.75 2.12 5.40 7.30 6.86 9.42 7.88 11.32 13.14 15.18 17.30 16.94 17.30 19.42 20.51 19.93 19.93 20.81 23.73 23.00 21.24 17.81 18.61 16.21 14.89 16.28 16.35 13.07 12.99 14.02 12.78 12.85
20.29 23.07 24.02 23.94 25.33 26.43 20.81 20.88 21.17 21.02 21.17 16.79 19.05 18.47 14.53 18.03 18.32 15.11 15.11 13.51 9.93 10.15 11.75 11.10 10.51 9.05 10.59 12.48 15.62 18.61 19.71 19.71 19.86 14.89 12.05 10.73 7.96 9.78 3.14 4.09 4.31 5.33 3.80 3.80 4.67 4.60 5.04 5.40 4.96 3.65 3.14 2.92 1.10 0.22 0.73 1.90 3.07 4.89 6.28 5.40 7.52 12.56 10.44 13.72 13.58 16.64 15.48 19.20 19.20 17.81 21.10 19.20 19.56 18.32 14.02 12.99 13.87 5.26 9.20 8.91 12.78 12.34 12.48 12.99
19.13 14.89 16.50 16.64 20.81 19.05 19.05 19.20 12.41 14.89 14.89 13.14 12.78 12.63 11.97 9.34 12.41 9.05 9.05 8.61 8.69 10.15 10.73 12.26 12.48 10.44 10.22 12.05 13.43 16.21 20.95 16.13 14.31 15.04 12.70 6.79 4.31 3.50 2.99 3.36 8.98 8.18 8.54 8.54 7.01 8.25 7.37 7.15 7.96 3.43 7.59 7.66 6.42 3.87 4.96 3.58 2.77 4.96 5.91 6.42 6.35 7.66 9.56 10.95 13.07 12.12 15.70 17.59 17.59 19.42 18.83 17.16 13.14 14.24 13.14 13.21 4.02 6.64 0.00 13.29 11.53 11.61 9.56 11.83
19.13 14.89 16.50 16.64 20.81 19.05 19.05 19.20 12.41 14.89 14.89 13.14 12.78 12.63 11.97 9.34 12.41 9.05 9.05 8.61 8.69 10.15 10.73 12.26 12.48 10.44 10.22 12.05 13.43 16.21 20.95 16.13 14.31 15.04 12.70 6.79 4.31 3.50 2.99 3.36 8.98 8.18 8.54 8.54 7.01 8.25 7.37 7.15 7.96 3.43 7.59 7.66 6.42 3.87 4.96 3.58 2.77 4.96 5.91 6.42 6.35 7.66 9.56 10.95 13.07 12.12 15.70 17.59 17.59 19.42 18.83 17.16 13.14 14.24 13.14 13.21 4.02 6.64 0.00 13.29 11.53 11.61 9.56 11.83
15.04 13.58 14.67 17.89 19.05 19.20 13.65 10.59 8.98 8.91 9.42 10.15 11.53 12.56 9.49 12.12 9.86 10.22 10.22 7.01 6.57 8.32 7.74 11.24 11.24 10.95 13.14 9.56 10.29 14.82 16.13 17.81 16.28 16.43 7.81 10.07 6.20 6.06 8.91 9.27 9.56 10.88 9.64 9.64 9.49 9.20 9.05 8.18 7.88 7.15 7.30 8.61 8.69 8.76 9.71 8.69 9.42 5.69 7.45 13.07 12.19 12.34 11.10 13.94 13.29 15.62 15.26 17.16 17.16 19.05 16.57 18.83 14.16 15.40 12.63 14.16 2.26 0.80 0.00 5.55 9.05 10.00 7.37 7.37
11.32 15.77 17.81 17.37 18.76 16.64 16.57 10.00 10.88 9.34 12.05 11.97 14.82 15.11 13.94 14.60 13.51 15.55 15.55 13.65 10.51 6.57 7.81 9.86 8.98 11.75 10.07 12.19 14.53 13.72 15.40 19.42 17.81 16.72 13.58 14.31 8.10 7.88 7.45 4.74 6.72 6.72 6.94 6.94 10.37 12.92 10.51 20.29 11.32 9.42 7.66 5.91 8.10 10.80 9.71 11.61 16.21 14.82 15.33 14.31 16.79 19.71 16.43 17.59 14.16 15.99 18.47 17.45 17.45 23.80 19.78 12.70 14.82 13.80 5.48 1.90 3.21 0.00 3.36 2.70 3.07 4.60 4.53 5.18
5.11 12.19 18.40 19.64 20.29 20.59 19.64 16.94 14.24 12.12 15.70 14.53 14.09 14.38 15.77 14.45 15.48 15.18 15.18 16.50 13.07 10.95 8.61 9.27 8.40 12.48 12.48 13.07 11.97 7.37 8.32 12.70 12.05 16.57 8.25 5.77 5.11 5.04 4.31 1.90 4.31 7.96 7.23 7.23 13.87 18.25 22.70 22.70 14.45 10.80 9.56 11.46 11.10 12.26 12.85 19.93 19.78 18.54 19.71 19.86 19.78 20.15 16.50 15.70 15.91 16.43 22.85 25.04 25.04 25.04 21.24 8.54 2.26 9.20 4.02 0.58 0.00 0.00 0.80 2.48 2.34 2.41 2.48 3.29
7.15 12.34 18.54 17.74 19.64 19.71 20.44 17.81 17.52 18.54 17.45 22.27 19.05 16.13 16.50 13.65 14.97 16.06 16.06 14.09 14.45 12.92 10.15 9.86 11.68 10.80 13.58 11.61 10.95 7.37 4.09 6.50 5.18 6.13 6.13 5.91 1.83 0.00 0.00 0.00 3.58 7.59 7.37 7.37 11.97 12.63 20.22 15.48 18.40 12.34 13.51 16.28 18.83 21.90 23.21 22.92 23.65 22.56 18.91 17.45 12.05 13.80 13.43 15.99 16.57 20.44 19.56 20.15 20.15 8.76 4.23 5.55 0.66 1.83 0.58 0.29 0.29 0.37 0.00 0.22 1.75 1.68 1.53 0.95
10.07 8.69 13.51 16.21 18.32 17.59 18.40 18.76 18.03 17.52 19.05 21.90 24.97 25.26 22.27 22.63 21.39 18.40 18.40 15.91 18.54 16.64 17.30 13.29 14.31 20.59 18.69 16.06 17.16 9.71 7.45 5.33 4.23 3.72 0.00 1.53 1.46 0.00 0.00 3.43 0.00 5.99 4.67 4.67 8.54 8.69 5.77 9.56 16.79 15.18 7.37 9.56 16.72 20.73 24.67 22.70 19.93 20.22 18.18 12.92 10.29 10.88 11.02 10.80 14.09 14.82 8.10 9.34 9.34 5.26 2.41 0.58 0.51 0.88 0.00 0.00 0.00 0.00 0.07 0.00 0.22 0.73 0.80 0.37
10.07 8.69 13.51 16.21 18.32 17.59 18.40 18.76 18.03 17.52 19.05 21.90 24.97 25.26 22.27 22.63 21.39 18.40 18.40 15.91 18.54 16.64 17.30 13.29 14.31 20.59 18.69 16.06 17.16 9.71 7.45 5.33 4.23 3.72 0.00 1.53 1.46 0.00 0.00 3.43 0.00 5.99 4.67 4.67 8.54 8.69 5.77 9.56 16.79 15.18 7.37 9.56 16.72 20.73 24.67 22.70 19.93 20.22 18.18 12.92 10.29 10.88 11.02 10.80 14.09 14.82 8.10 9.34 9.34 5.26 2.41 0.58 0.51 0.88 0.00 0.00 0.00 0.00 0.07 0.00 0.22 0.73 0.80 0.37
2.04 5.33 11.90 12.70 15.48 15.26 16.28 17.74 18.32 17.96 22.41 24.89 26.65 24.89 24.24 24.16 23.00 20.51 20.51 17.16 17.52 19.05 18.91 20.59 21.10 21.39 19.49 16.72 11.83 8.10 4.23 5.48 4.53 0.00 0.00 0.00 0.00 0.00 0.00 0.00 2.26 2.56 2.48 2.48 0.00 0.00 0.00 3.36 0.00 2.19 0.00 3.72 9.86 5.40 9.49 12.92 14.31 6.28 9.27 8.54 9.78 10.15 11.97 13.29 12.78 12.99 7.30 5.69 5.69 5.40 4.31 5.18 1.10 1.10 0.73 0.00 0.00 0.00 0.07 0.22 0.44 0.00 0.00 0.00
3.87 12.05 12.99 11.97 14.67 14.53 20.37 24.16 22.63 23.00 21.68 23.58 18.91 20.00 19.35 19.64 18.03 18.47 18.47 18.40 17.16 19.27 21.97 20.48 20.54 20.97 18.66 16.86 13.51 9.56 5.69 5.18 0.00 3.14 1.75 1.24 1.02 0.00 0.00 1.61 2.26 0.00 0.00 0.00 0.00 0.00 0.00 0.00 0.00 0.00 0.00 0.00 0.00 2.63 0.00 6.79 0.00 4.53 7.96 10.00 10.07 10.37 11.46 10.88 11.90 13.36 5.91 6.06 6.06 6.42 5.91 6.86 2.41 0.95 1.02 0.00 0.00 0.00 0.00 0.00 0.00 0.00 0.00 0.00
13.51 12.56 14.02 17.67 15.55 16.43 7.81 17.52 15.84 9.86 16.72 21.53 16.86 14.31 11.90 16.57 22.19 22.41 22.41 22.05 23.29 22.78 22.78 21.48 24.88 19.89 21.31 19.27 17.01 14.16 12.34 6.50 4.89 3.80 1.39 1.97 0.66 1.83 1.39 1.39 1.68 1.39 0.00 0.00 0.00 0.00 0.00 0.00 0.00 0.00 0.00 0.00 0.00 0.00 0.00 0.00 0.00 3.21 5.62 10.15 11.17 9.86 9.78 8.40 6.94 3.43 3.80 4.16 4.16 6.57 5.33 2.48 3.21 1.31 0.58 1.02 0.00 0.37 0.51 0.22 0.00 0.00 0.00 0.00
16.28 17.37 17.16 17.23 16.50 11.39 5.48 0.29 1.46 3.29 0.00 15.26 2.77 1.97 6.42 14.67 19.20 9.78 9.78 15.99 17.30 9.12 17.61 19.72 23.22 21.86 23.17 21.31 18.96 19.81 14.16 10.07 13.29 5.40 2.56 4.60 5.33 2.56 1.39 1.17 0.88 1.10 0.00 0.00 0.00 0.00 0.00 0.00 0.00 0.00 0.00 0.00 0.00 0.00 0.00 0.00 0.00 2.92 0.00 8.40 9.93 10.80 10.29 9.86 9.56 5.40 12.85 8.47 8.47 8.25 9.93 4.67 3.65 4.31 2.34 2.56 2.63 1.46 1.75 1.61 1.68 0.00 0.00 0.00
19.35 19.05 17.67 13.94 9.93 4.23 0.22 0.00 0.00 0.00 0.00 0.00 0.00 2.92 2.04 2.63 4.16 2.77 2.77 4.97 5.01 0.00 10.54 12.70 14.60 12.70 18.81 24.52 22.41 18.80 20.69 16.35 17.74 11.46 14.67 8.18 4.53 2.63 3.87 1.02 1.24 0.00 0.51 0.51 0.00 0.00 0.00 0.00 0.00 0.00 0.00 0.00 0.00 0.00 0.00 0.00 0.00 0.00 1.39 7.96 6.64 13.21 14.16 13.29 13.29 16.21 15.62 17.52 17.52 12.48 13.51 7.88 4.31 3.72 3.36 3.21 2.70 3.14 1.46 1.90 0.88 1.02 0.00 0.00
19.35 19.05 17.67 13.94 9.93 4.23 0.22 0.00 0.00 0.00 0.00 0.00 0.00 2.92 2.04 2.63 4.16 2.77 2.79 5.13 5.09 0.00 10.27 13.03 14.38 12.70 18.25 22.78 20.94 19.09 20.90 17.03 19.93 12.13 15.05 8.18 4.53 2.63 3.87 1.02 1.24 0.00 0.51 0.51 0.00 0.00 0.00 0.00 0.00 0.00 0.00 0.00 0.00 0.00 0.00 0.00 0.00 0.00 1.39 7.96 6.64 13.21 14.16 13.29 13.29 16.21 15.62 17.52 17.52 12.48 13.51 7.88 4.31 3.72 3.36 3.21 2.70 3.14 1.46 1.90 0.88 1.02 0.00 0.00
20.37 19.49 15.70 11.53 5.69 6.50 0.88 0.00 0.00 0.00 0.80 0.00 0.00 0.00 0.15 0.00 0.00 3.43 3.43 0.00 0.00 0.00 0.00 7.78 0.00 5.01 12.39 17.24 17.37 12.11 17.55 20.58 21.22 20.83 18.66 14.30 13.57 5.69 7.23 1.17 0.73 0.95 0.00 0.00 0.00 0.00 0.00 0.00 0.00 0.00 0.00 0.00 0.00 0.00 0.00 0.00 0.00 0.00 0.00 4.09 4.60 3.80 11.24 16.43 19.05 18.40 18.54 15.99 15.99 12.48 6.35 7.15 4.82 4.16 5.69 4.09 2.48 1.39 1.97 1.90 1.46 1.31 1.17 0.00
19.78 19.49 17.96 15.77 10.37 7.23 2.99 2.04 0.29 0.22 0.00 2.56 3.87 2.70 1.68 1.17 10.95 6.35 6.35 1.91 2.85 0.00 0.00 0.00 0.00 0.00 0.73 3.48 2.01 7.08 14.02 10.51 17.67 22.18 23.41 22.73 17.05 9.98 8.03 4.23 3.65 6.72 0.00 0.00 0.88 0.88 0.37 0.80 0.00 0.00 0.00 0.00 0.00 0.00 0.00 0.00 0.00 0.00 0.00 0.00 0.00 5.62 10.95 8.61 17.89 12.99 13.87 14.53 14.53 10.59 5.91 4.60 4.09 4.82 5.91 3.43 3.65 1.39 3.50 2.56 1.39 1.68 1.61 1.24
3.58 18.61 20.73 19.05 12.19 15.33 9.05 13.65 4.23 7.23 4.31 4.45 4.60 4.23 3.87 8.18 10.59 7.96 7.96 2.99 3.43 2.04 2.56 0.00 0.00 0.00 0.00 0.00 0.00 2.92 1.53 5.48 15.77 13.72 21.44 20.77 21.58 20.51 14.02 17.16 10.37 12.34 5.11 5.11 1.46 1.53 0.37 0.66 0.00 0.00 0.00 0.00 0.00 0.00 0.00 0.00 0.00 0.00 0.00 0.00 0.00 0.00 7.37 5.04 14.09 10.80 10.37 6.79 6.79 6.50 5.55 2.26 1.61 4.31 4.23 3.43 3.21 1.75 3.50 4.09 6.13 3.43 4.31 4.60
9.05 3.50 14.75 7.08 10.07 8.25 17.16 14.53 14.45 12.48 10.15 6.35 7.37 9.27 10.37 8.54 9.20 3.65 3.65 3.43 4.31 4.89 3.58 1.39 1.83 0.00 0.00 0.00 0.00 0.07 5.26 2.19 8.40 7.15 16.57 17.37 22.83 22.77 19.67 19.25 14.60 9.78 3.14 3.14 3.14 3.94 1.10 1.97 0.37 1.31 0.00 1.97 0.00 0.00 0.00 0.00 0.00 0.00 0.00 0.00 0.00 0.00 0.00 2.56 4.31 5.33 2.12 4.16 4.16 1.68 1.31 1.46 0.37 0.51 3.14 3.14 3.50 4.16 5.40 5.26 5.26 5.77 6.64 6.86
0.00 0.00 0.66 0.00 2.19 0.80 8.18 10.59 12.98 6.06 4.53 3.80 7.15 9.93 8.76 2.12 1.46 1.17 1.17 1.17 3.14 0.00 1.46 0.00 0.00 0.00 0.00 0.00 0.00 0.00 0.00 0.00 3.43 3.72 2.70 9.71 18.25 12.41 19.19 19.69 14.16 11.68 10.00 10.00 5.99 5.62 4.09 1.83 2.12 0.66 1.90 0.00 0.00 0.00 0.00 0.00 0.00 1.90 1.68 3.07 0.00 0.73 1.10 1.53 0.00 2.26 1.83 2.34 2.34 0.00 0.00 0.00 0.15 0.00 1.46 2.12 2.12 1.75 4.60 3.87 3.87 3.65 4.82 6.35
0.00 0.00 0.00 0.00 0.00 0.00 2.12 5.18 6.51 6.42 1.17 3.50 6.94 8.69 7.74 1.17 0.00 0.66 0.66 0.00 0.00 0.00 0.00 0.00 0.00 0.00 0.00 0.00 0.00 0.00 0.00 0.00 0.00 0.00 4.53 4.82 2.12 7.59 3.80 8.25 7.96 11.17 8.98 8.98 6.72 6.20 5.69 3.94 2.63 4.67 3.50 2.04 0.00 0.00 0.00 0.00 0.00 0.00 0.00 0.00 0.00 1.31 1.24 1.02 0.00 0.00 0.00 0.00 0.00 0.00 0.00 0.00 0.00 0.00 0.22 0.44 0.80 0.37 0.00 1.31 1.83 1.53 2.41 2.26
0.00 0.00 0.00 0.00 0.00 0.00 2.12 5.18 6.35 6.42 1.17 3.50 6.94 8.69 7.74 1.17 0.00 0.66 0.66 0.00 0.00 0.00 0.00 0.00 0.00 0.00 0.00 0.00 0.00 0.00 0.00 0.00 0.00 0.00 4.55 4.84 2.12 7.56 3.83 8.25 7.88 11.17 8.98 8.98 6.72 6.20 5.69 3.94 2.63 4.67 3.50 2.04 0.00 0.00 0.00 0.00 0.00 0.00 0.00 0.00 0.00 1.31 1.24 1.02 0.00 0.00 0.00 0.00 0.00 0.00 0.00 0.00 0.00 0.00 0.22 0.44 0.80 0.37 0.00 1.31 1.83 1.53 2.41 2.26
0.00 6.20 8.61 7.74 6.20 14.31 12.92 11.34 6.23 2.12 3.14 2.70 3.80 2.04 0.44 0.88 0.00 0.00 0.00 0.00 0.00 0.00 0.00 0.00 0.00 0.00 0.00 0.00 0.00 0.00 0.00 0.00 0.00 0.00 0.00 0.88 1.97 2.19 0.66 3.58 2.19 3.94 4.89 4.89 0.00 4.96 4.60 5.26 4.45 4.60 4.60 2.99 2.92 0.00 0.00 0.00 0.00 0.00 0.00 0.00 0.66 1.39 1.39 1.68 1.68 1.10 0.00 0.00 0.00 0.00 0.00 0.00 0.00 0.00 0.00 0.00 0.00 0.00 0.00 0.00 0.51 1.02 0.80 0.95
