Wansh/Snow_depth/snowdepth-1996/spring/1996068.txt
ncols 321
nrows 161
xllcenter 60
yllcenter 15 
cellsize  0.25 
NODATA_value -1
[rows 74 to 110 of 161, columns 84 to 167 of 321]
0.00 0.00 0.00 0.00 0.58 1.24 2.26 1.39 0.29 0.80 3.07 1.83 2.99 3.50 3.21 3.29 2.70 3.65 3.65 4.31 4.38 3.43 0.00 0.00 5.77 6.20 4.45 3.94 2.70 0.00 2.56 2.56 2.99 3.65 3.14 3.36 3.14 11.02 10.66 9.64 4.23 1.10 2.04 2.04 1.90 1.97 0.00 1.83 1.75 0.00 0.00 0.00 0.00 0.00 0.00 1.97 2.34 1.75 1.39 1.53 0.00 1.39 0.00 0.00 0.00 0.00 0.00 0.00 0.00 0.00 0.00 0.00 0.00 0.00 0.00 0.00 0.00 0.00 0.00 0.00 0.00 0.00 0.66 0.51
0.00 0.00 0.00 0.00 1.83 5.04 1.97 3.65 1.68 3.14 3.58 3.65 0.00 4.31 3.43 2.34 3.65 2.92 2.92 4.89 4.38 4.23 4.23 3.50 5.84 6.57 5.84 4.09 3.87 3.80 3.21 2.92 2.99 3.65 3.50 3.80 6.94 9.64 9.34 5.40 2.19 2.19 2.56 2.56 2.70 1.10 1.61 1.75 1.97 1.97 1.31 1.39 0.00 1.97 1.17 0.73 2.04 1.10 1.46 0.80 1.39 1.46 0.00 0.00 0.00 0.00 0.00 0.00 0.00 0.00 0.66 1.10 0.00 0.15 0.00 0.00 0.00 0.00 0.00 0.00 0.00 0.22 0.00 0.59
0.00 0.15 0.29 1.97 2.92 5.77 4.31 5.69 4.67 5.40 4.60 4.31 4.74 5.33 4.89 3.50 2.92 3.80 3.80 4.09 4.09 4.09 4.02 4.89 5.18 5.04 4.53 3.72 3.94 3.65 3.43 0.00 4.09 3.72 5.11 4.16 4.60 6.50 6.50 5.55 4.60 2.04 3.29 3.29 4.31 3.29 3.58 4.60 2.99 0.00 1.61 0.80 1.17 1.46 1.83 0.66 0.29 0.88 0.37 0.95 1.46 1.31 1.68 1.75 1.61 0.00 0.00 0.00 0.00 0.73 1.46 2.41 0.29 0.44 0.00 0.00 0.00 0.00 0.00 0.00 0.00 0.00 0.00 0.00
0.51 1.68 0.00 1.90 1.97 3.58 4.60 4.38 4.96 5.18 6.28 5.77 5.40 5.11 5.40 4.53 5.26 3.94 3.94 3.36 3.58 3.36 3.50 4.45 3.87 4.23 4.02 4.09 3.29 3.43 3.87 2.85 2.85 3.29 4.45 3.72 3.72 5.11 4.16 4.02 4.02 2.77 3.07 3.07 3.36 0.00 4.02 0.00 4.60 3.65 3.29 0.00 2.26 1.90 0.22 2.63 1.46 1.46 0.58 1.31 0.95 1.90 1.46 1.68 1.61 0.00 0.00 1.61 1.61 1.68 1.68 1.83 1.68 0.00 0.00 0.00 0.00 0.00 0.00 0.00 0.00 0.00 0.29 0.00
1.02 1.53 2.41 3.14 3.65 2.48 3.65 4.60 4.89 5.11 5.04 5.40 4.74 4.82 3.36 3.80 4.74 4.60 4.60 4.45 3.65 4.96 6.06 4.82 4.45 4.02 4.45 4.38 4.02 4.02 0.00 0.00 0.00 0.00 3.65 3.07 0.00 3.94 0.00 0.00 0.00 0.00 0.00 0.00 0.00 0.00 0.00 0.00 3.80 4.53 3.50 0.00 0.00 0.00 2.48 2.99 2.19 1.46 1.31 1.75 2.04 2.70 2.26 1.53 2.04 1.17 2.56 4.09 4.09 2.92 2.19 1.75 1.39 0.80 0.00 0.58 0.00 0.00 0.00 0.00 0.00 0.00 0.44 0.22
3.43 2.26 0.00 3.50 0.00 2.26 2.26 4.67 4.23 4.82 4.09 3.87 4.31 4.02 3.58 3.58 3.94 5.11 5.11 4.74 5.48 4.67 5.11 5.04 3.80 3.65 3.87 4.60 4.16 4.53 4.38 0.00 0.00 0.00 0.00 2.70 0.00 0.00 0.00 0.00 2.92 0.00 0.00 0.00 0.00 0.00 0.00 0.00 0.00 0.00 2.48 0.00 0.00 0.00 0.00 0.00 0.00 1.53 2.48 2.92 3.14 2.70 1.83 1.75 1.61 3.36 3.58 4.67 4.67 4.09 3.65 1.10 1.68 1.02 1.10 1.90 0.00 0.00 0.00 0.00 0.00 0.00 0.00 0.00
0.00 0.00 0.00 2.92 3.14 2.56 3.43 3.50 3.36 3.72 3.80 3.58 3.43 3.72 3.72 4.38 4.74 4.60 4.60 4.31 4.02 4.38 4.60 4.45 3.50 3.50 3.80 3.43 3.94 2.70 3.07 0.00 0.00 0.00 3.21 0.00 0.00 0.00 0.00 0.00 0.00 3.21 0.00 0.00 0.00 0.00 0.00 0.00 0.00 0.00 0.00 0.00 0.00 0.00 0.00 0.00 0.00 1.46 1.97 1.97 2.34 1.75 1.83 1.83 1.02 0.00 0.00 0.95 0.95 2.92 2.19 4.45 3.36 3.87 3.07 0.37 0.67 0.00 0.00 0.00 0.00 0.00 0.00 0.00
0.00 0.00 0.00 0.00 2.34 2.70 0.00 2.77 2.77 3.80 3.80 4.23 4.45 3.65 3.87 4.16 3.21 4.53 4.53 3.94 3.36 0.00 3.29 2.99 2.12 4.02 2.70 3.80 4.45 2.56 0.00 0.00 0.00 0.00 3.72 3.29 0.00 0.00 0.00 0.00 0.00 2.99 2.92 2.92 0.00 0.00 0.00 0.00 0.00 0.00 0.00 0.00 0.00 0.00 0.00 0.00 0.29 1.02 1.24 2.12 2.85 2.56 1.61 0.58 0.00 0.00 0.00 0.00 0.00 0.51 3.14 4.74 7.30 8.91 4.53 1.69 1.18 0.00 0.00 0.00 0.00 0.00 0.00 0.00
0.00 0.00 0.00 0.00 0.00 0.00 0.00 0.00 3.36 3.14 4.53 4.02 4.38 3.50 4.74 4.45 3.58 3.21 3.21 3.80 0.00 0.00 1.90 0.00 2.85 1.68 0.00 2.77 0.00 3.36 0.00 0.00 0.00 0.00 0.00 2.99 0.00 0.00 0.00 0.00 2.85 0.00 0.00 0.00 0.00 0.00 0.00 0.00 0.00 0.00 0.00 0.00 0.00 0.00 0.00 0.95 0.22 1.53 1.39 1.39 2.56 2.41 1.68 1.97 0.80 0.00 0.00 0.44 0.44 1.39 2.26 5.99 7.59 7.08 7.59 2.99 2.19 0.00 0.00 0.00 0.00 0.00 0.00 0.00
3.14 0.00 0.00 0.00 0.00 0.00 0.00 0.00 0.00 3.36 3.43 4.53 0.00 4.31 4.23 3.80 3.87 3.58 3.58 2.48 0.00 0.00 0.00 0.00 0.00 2.41 0.00 0.00 0.00 2.19 0.00 0.00 0.00 0.00 0.00 0.00 0.00 0.00 0.00 0.00 0.00 0.00 0.00 0.00 0.00 0.00 0.00 0.00 0.00 0.00 0.00 0.37 0.00 0.00 0.80 0.00 1.90 1.24 1.90 3.14 3.14 2.99 2.12 4.09 4.16 1.97 2.34 2.70 2.70 2.77 0.95 3.21 3.07 5.40 6.64 4.74 3.14 1.61 0.00 0.00 0.00 0.00 0.00 0.00
0.00 1.02 0.73 0.00 2.99 0.00 0.00 0.00 3.07 0.00 0.00 0.00 2.63 3.87 4.96 3.65 4.96 3.80 3.80 2.85 3.07 0.00 0.00 0.00 2.56 0.00 2.77 2.63 0.00 0.00 0.00 0.00 1.90 0.00 0.00 1.90 0.00 1.90 1.02 0.00 0.00 0.00 0.00 0.00 0.00 0.00 0.00 0.00 0.00 0.00 0.29 0.37 1.61 0.95 3.72 2.34 4.02 1.75 2.19 2.85 4.96 4.16 6.13 7.15 7.74 9.71 4.31 10.66 10.66 5.48 4.31 1.53 4.45 5.55 3.29 2.99 2.12 2.56 0.00 0.00 0.00 0.00 0.00 0.00
2.04 0.00 1.02 0.00 0.00 0.00 0.00 2.63 3.50 3.14 0.00 3.21 0.00 3.29 4.23 3.21 4.02 4.09 4.09 4.23 3.29 3.07 4.31 4.31 3.21 2.77 2.85 0.00 0.00 0.00 0.00 2.85 3.58 2.26 0.00 0.00 0.00 0.00 0.00 0.00 0.00 0.00 0.00 0.00 0.00 0.00 0.00 0.00 1.24 0.66 0.66 0.95 1.46 3.14 5.91 4.60 7.15 2.41 4.53 3.87 6.90 7.15 10.76 15.33 17.45 14.67 14.38 18.83 18.83 16.21 12.99 9.42 2.26 3.36 1.61 2.41 2.04 3.94 2.34 3.14 2.77 0.00 0.00 0.00
0.44 0.00 1.10 0.00 0.00 3.14 2.85 3.14 2.63 2.77 2.63 0.00 2.99 2.41 0.00 0.00 3.72 4.16 4.16 4.31 4.45 5.18 4.60 0.00 0.00 2.77 0.00 3.50 0.00 3.29 0.00 0.00 2.99 3.14 0.00 0.00 0.00 0.00 3.65 3.36 3.65 1.39 1.46 1.46 1.61 2.04 1.75 1.97 1.10 1.46 1.24 1.75 2.56 6.35 9.86 11.68 11.17 13.94 14.38 11.46 15.18 13.43 15.20 16.94 19.49 19.20 13.29 20.00 20.00 21.39 16.79 19.42 13.65 9.13 6.50 3.21 2.41 4.38 4.38 4.89 4.02 5.18 0.00 0.00
1.24 1.02 0.00 0.00 0.00 2.77 2.85 0.00 0.00 0.00 0.00 3.21 2.04 3.14 0.00 3.50 3.07 3.43 3.43 4.96 4.45 4.16 3.65 4.09 2.19 2.70 2.63 2.85 3.14 0.00 0.00 0.00 0.00 3.36 0.00 1.53 3.21 4.38 4.31 4.23 3.72 2.85 1.31 1.31 2.41 1.83 2.56 2.04 1.46 0.44 1.10 0.88 2.26 4.02 8.03 10.66 14.38 17.52 18.18 18.61 15.11 15.99 15.77 15.99 16.82 12.05 11.97 9.42 9.42 15.55 12.92 16.57 19.64 12.12 9.86 5.48 4.96 4.67 4.53 5.04 5.18 5.99 2.34 0.00
2.04 0.00 0.00 0.00 0.00 0.00 2.26 0.00 0.00 2.41 0.00 2.77 3.14 3.50 3.72 0.00 3.14 4.23 4.23 3.43 4.53 3.72 3.36 0.00 2.77 2.63 3.36 2.99 0.00 0.00 0.00 0.00 0.00 2.63 2.99 1.68 3.21 4.31 4.89 2.34 2.48 3.14 3.21 3.21 3.21 3.14 5.18 4.02 2.12 1.39 2.63 1.46 2.99 3.36 7.01 8.83 12.99 15.40 15.04 17.74 12.34 15.48 14.97 13.29 12.39 17.77 14.02 12.92 12.92 9.86 14.02 12.26 14.53 12.48 8.03 8.18 5.84 8.61 6.57 6.94 5.33 5.77 0.00 0.00
1.46 1.46 0.00 0.00 0.00 0.00 0.00 0.00 0.00 0.00 0.00 2.63 2.92 3.07 3.50 3.36 2.85 3.14 3.14 4.02 4.02 2.77 2.48 3.29 2.92 2.92 0.00 3.21 0.00 1.75 2.41 0.00 2.77 2.19 0.00 2.70 0.00 0.00 0.00 0.00 0.00 2.92 3.87 3.87 4.02 4.67 5.11 5.18 4.60 2.85 4.09 2.41 4.74 4.96 8.91 6.86 10.29 12.12 11.49 13.57 8.47 12.85 13.33 11.68 15.19 18.14 18.90 15.70 15.70 11.24 12.05 13.87 11.90 12.19 9.71 9.78 9.20 10.22 8.18 7.19 6.77 4.82 0.00 0.00
1.10 0.80 0.00 0.00 0.00 0.00 0.00 0.00 0.00 0.00 0.00 0.00 0.00 0.00 3.94 3.07 2.56 3.14 3.14 3.50 0.00 2.63 1.75 2.77 3.14 0.00 3.36 0.00 0.00 0.00 0.00 2.04 0.00 0.00 1.61 0.00 0.00 0.00 0.00 0.00 0.00 0.51 1.83 1.83 3.50 3.94 2.77 4.53 5.62 4.74 4.96 4.89 9.71 8.54 11.68 12.12 9.86 10.80 10.15 9.27 7.07 10.00 12.09 13.65 13.58 14.38 17.55 16.35 15.83 11.45 13.14 12.85 11.53 11.68 10.66 9.56 9.34 8.25 10.17 7.26 5.59 7.45 4.10 4.61
1.75 1.17 0.73 0.00 0.00 0.00 0.00 1.31 0.80 0.00 0.00 0.00 0.00 0.00 0.00 0.00 0.00 0.00 0.00 0.00 0.00 0.00 0.00 0.00 0.00 0.00 3.94 3.29 0.00 0.00 0.00 0.00 0.00 0.00 0.00 0.00 0.00 0.00 0.00 0.00 0.00 0.00 0.00 0.00 0.37 2.77 3.43 5.48 4.02 5.99 6.86 11.53 15.33 17.89 17.96 19.64 12.99 12.85 8.63 8.85 8.25 8.54 10.50 13.46 11.41 13.71 15.40 11.46 11.52 11.63 11.37 11.90 11.17 12.41 11.08 9.49 7.66 8.03 8.29 9.42 7.65 9.13 6.65 7.98
0.80 1.24 1.10 1.83 0.00 0.00 2.56 1.39 0.00 0.51 0.00 0.00 0.00 0.00 0.00 0.00 0.00 0.00 0.00 0.00 1.97 0.00 0.00 0.00 0.00 0.00 0.00 0.00 0.00 0.00 0.00 0.00 0.00 0.00 0.00 0.00 0.00 0.00 0.00 0.00 0.00 0.00 0.00 0.00 0.00 0.44 2.48 3.43 3.50 5.99 8.76 10.15 15.18 17.16 20.44 21.02 18.18 18.40 10.66 10.71 12.98 9.10 7.18 9.06 16.21 16.50 14.38 7.15 7.15 7.95 10.02 10.47 12.47 12.82 9.39 8.26 9.42 10.67 10.76 9.53 10.02 8.65 8.95 10.86
1.75 1.90 1.02 1.31 1.31 2.70 0.00 0.00 0.00 0.00 0.58 0.15 0.00 0.00 0.00 0.00 0.00 1.31 1.31 0.00 0.00 0.00 0.00 0.00 0.00 0.00 0.00 0.00 0.00 0.00 0.00 0.00 0.00 0.00 0.00 0.00 0.00 0.00 0.00 0.00 0.00 0.00 0.00 0.00 0.66 0.51 0.88 2.99 3.72 6.50 7.74 7.88 13.43 15.62 20.08 19.35 21.11 19.64 16.79 17.37 16.50 11.03 6.65 10.14 12.29 13.63 9.76 6.28 6.28 4.42 5.87 12.03 12.52 10.64 12.97 10.34 10.95 10.67 8.71 9.93 11.16 11.75 11.74 10.31
2.48 2.04 1.83 1.53 1.75 2.12 0.00 0.00 0.00 2.12 2.12 0.00 0.00 0.00 0.00 1.39 1.46 0.00 0.00 0.00 0.00 0.00 0.00 0.00 0.00 0.00 0.00 0.00 0.00 0.00 0.00 0.00 0.00 0.00 0.00 0.00 0.00 0.00 0.00 0.00 0.00 0.00 0.00 0.00 0.00 0.07 1.10 1.31 3.94 6.35 7.15 10.37 12.51 15.35 18.35 17.86 20.77 18.98 19.27 19.42 17.59 13.35 7.53 5.89 8.63 9.11 10.35 3.58 3.59 5.20 5.11 6.00 10.57 9.84 12.82 13.07 11.10 9.68 6.48 8.18 10.07 13.27 13.02 8.54
3.72 2.56 1.97 2.92 4.74 2.48 0.00 0.00 1.46 1.61 1.02 0.00 0.00 0.00 0.00 0.51 0.00 0.00 0.00 0.00 0.00 0.00 0.00 0.00 0.00 0.00 1.31 0.00 0.00 0.00 0.00 0.00 0.00 0.00 0.00 0.00 0.37 0.00 0.00 0.00 0.00 0.00 0.00 0.00 0.00 0.15 1.24 5.91 7.96 7.52 14.82 14.09 13.94 17.12 17.18 17.46 18.15 17.67 20.45 18.21 16.21 14.45 5.29 3.96 4.21 7.88 2.25 1.83 1.83 4.20 0.97 2.92 6.22 8.40 10.56 12.69 10.35 9.57 4.72 6.90 8.88 14.60 13.67 9.65
4.53 4.16 3.87 4.89 5.99 5.84 4.02 2.26 2.19 2.04 1.53 0.00 0.00 0.00 0.00 0.00 0.00 0.00 0.00 0.00 0.00 0.00 0.00 0.00 0.00 0.00 1.31 1.31 0.51 0.00 0.00 0.00 0.00 0.00 0.00 0.00 0.00 0.00 0.00 0.00 0.00 0.66 0.00 0.00 2.19 2.99 3.29 6.94 11.10 14.89 15.26 16.06 15.84 15.04 14.23 15.33 13.18 16.05 15.72 12.51 13.26 13.69 6.40 4.79 3.53 3.79 0.99 1.93 1.90 1.41 0.09 1.08 5.53 6.29 8.61 10.34 8.30 6.74 3.33 5.23 5.87 13.32 12.11 11.59
6.35 6.86 5.69 6.72 7.23 6.79 6.20 5.18 4.38 3.29 2.41 0.00 0.00 0.00 0.00 0.00 0.00 0.00 0.00 0.00 0.00 0.00 0.00 0.00 0.95 0.00 0.00 2.34 0.15 0.00 0.22 0.58 0.37 1.83 0.44 0.80 0.00 0.00 0.00 0.00 4.23 4.60 2.41 2.41 6.57 4.53 4.38 8.54 12.19 15.12 17.01 15.56 15.59 16.77 13.78 11.08 10.73 11.10 9.94 7.87 9.54 7.76 7.03 5.04 3.63 2.38 1.48 1.13 1.10 0.80 0.00 0.49 3.50 8.89 7.48 4.45 2.75 2.58 2.76 4.39 3.30 9.58 7.26 8.30
5.99 5.99 5.99 14.97 16.21 17.16 13.51 14.89 10.59 6.50 3.29 1.97 1.61 1.31 1.02 0.80 1.53 1.97 1.97 1.17 2.41 0.80 0.51 1.31 1.90 1.02 2.85 2.04 1.68 2.04 1.31 1.46 1.46 1.90 1.53 2.19 0.00 0.00 0.00 1.68 1.31 3.50 3.50 3.50 5.33 5.91 5.33 7.45 10.59 10.51 13.62 16.87 12.28 13.92 10.14 10.99 9.76 10.38 10.08 8.44 8.07 7.04 8.40 5.64 4.23 2.93 0.00 0.00 0.00 0.00 0.44 1.89 2.46 6.78 6.44 3.14 1.13 0.66 0.17 0.00 1.44 1.43 2.09 4.61
6.42 6.28 11.02 11.61 16.50 17.01 17.96 14.60 11.90 2.77 1.24 1.10 2.12 1.31 0.88 1.10 2.19 2.63 2.63 2.77 1.61 1.17 0.88 1.46 2.19 2.04 1.02 1.39 1.75 1.68 0.66 2.04 1.53 1.75 2.41 2.99 0.00 2.12 2.04 0.00 0.88 2.26 2.19 2.19 3.58 4.60 5.62 4.60 8.20 11.25 9.11 9.63 11.18 10.47 10.24 9.80 8.32 9.31 10.13 8.57 10.32 11.04 9.71 5.95 3.87 1.02 1.10 0.00 0.00 0.29 0.00 0.64 0.00 4.87 5.75 4.23 2.06 0.60 0.15 0.00 0.00 0.00 1.94 3.04
7.88 8.98 5.11 8.18 8.47 15.55 9.64 7.74 4.89 2.41 1.68 1.53 2.56 1.75 1.75 1.53 3.58 2.92 2.92 2.48 2.19 1.10 0.73 1.90 1.97 0.00 0.07 0.51 1.39 1.17 0.07 0.58 1.17 1.46 2.26 4.89 3.50 2.56 0.00 0.00 0.15 0.37 0.58 0.58 1.31 1.61 2.92 6.27 9.25 11.15 9.96 9.21 11.00 11.09 9.40 8.45 8.54 8.80 9.83 11.08 12.87 11.92 9.34 7.01 5.40 1.56 1.04 0.88 0.98 0.80 0.00 0.00 0.62 2.43 4.27 5.01 2.77 0.22 0.00 0.00 0.00 0.00 1.35 2.47
7.88 6.64 0.00 2.77 5.69 7.74 6.94 4.77 3.43 1.97 1.31 2.70 0.00 2.19 2.12 2.56 3.14 3.07 3.07 3.07 2.26 1.90 1.46 2.19 1.31 1.61 0.00 0.66 1.46 0.44 0.29 0.07 0.58 1.75 1.97 2.63 3.21 4.38 0.07 0.00 0.00 0.00 0.00 0.00 1.10 1.90 3.07 5.50 7.01 8.73 9.57 11.48 11.94 13.53 8.92 7.48 7.47 8.23 6.89 11.32 14.86 11.78 11.67 10.59 7.52 6.49 2.01 1.18 1.13 2.24 0.00 0.75 4.21 2.77 2.98 1.65 0.52 0.00 0.00 0.00 0.00 0.95 3.12 1.54
0.00 0.00 0.00 0.00 0.00 7.15 5.48 4.96 4.16 4.23 1.68 4.38 3.07 2.04 0.88 1.68 2.70 2.92 2.92 1.90 1.75 1.68 1.75 1.61 1.02 0.73 0.15 0.44 0.29 0.00 0.00 0.00 0.00 0.00 0.58 1.90 1.17 0.00 0.00 0.00 0.00 0.00 0.00 0.00 1.02 1.39 4.09 6.20 5.77 6.42 8.45 10.17 10.07 11.08 10.83 7.54 8.45 7.51 8.83 10.95 8.93 9.73 11.65 11.32 9.32 7.75 6.23 3.55 3.57 0.09 1.52 0.00 0.00 0.00 1.28 0.77 0.60 0.00 0.22 0.16 0.90 2.70 3.06 3.08
0.00 0.00 0.00 0.00 6.50 4.74 6.20 5.69 5.91 5.55 4.02 3.80 4.38 3.29 3.94 4.16 2.19 1.53 1.53 0.22 1.39 1.10 1.02 0.22 0.00 0.00 0.00 0.00 0.00 0.00 0.00 0.00 0.00 0.00 0.07 0.88 0.00 0.00 0.00 0.00 0.00 0.00 0.00 0.00 0.00 0.07 1.47 4.38 2.89 6.47 9.98 9.09 10.92 10.44 9.92 9.35 0.00 0.00 0.00 10.69 13.18 12.32 13.31 10.24 9.66 10.53 8.62 4.55 5.33 2.94 0.18 1.00 0.27 0.00 0.00 0.25 0.32 0.00 0.00 0.72 0.43 2.92 4.14 3.52
0.00 0.00 0.00 0.00 0.00 0.00 3.50 6.20 6.13 5.91 6.57 7.15 5.99 2.63 8.76 8.61 7.96 4.02 4.02 4.53 0.88 5.11 0.80 0.95 0.00 0.00 0.00 0.00 0.00 0.00 0.00 0.00 0.00 0.00 0.15 0.15 0.29 0.15 0.00 0.00 0.00 0.00 0.00 0.00 0.00 0.00 0.00 1.60 4.36 6.13 6.06 10.00 8.84 0.00 0.00 0.00 0.00 0.00 0.00 17.17 9.69 11.19 10.93 13.47 11.94 10.29 9.49 7.05 7.90 4.62 2.59 2.64 0.35 0.00 0.00 0.00 0.00 0.00 0.00 0.00 0.25 1.77 3.77 3.53
0.00 0.00 0.00 0.00 0.00 0.00 0.00 3.94 7.96 6.50 6.64 5.69 8.03 7.96 9.56 12.38 12.90 12.56 12.56 10.66 9.20 9.93 2.70 0.00 0.00 0.00 0.07 0.00 0.00 0.37 0.00 0.00 0.00 0.00 0.00 0.73 0.00 0.00 0.00 0.00 0.00 0.15 0.00 0.00 0.00 0.00 0.00 0.75 3.75 9.00 8.74 9.54 10.22 0.00 0.00 0.00 0.00 0.00 0.00 13.22 11.21 14.60 11.19 10.75 13.47 10.83 10.69 8.87 9.06 5.73 3.55 3.65 1.85 0.00 0.00 1.08 0.63 0.00 0.00 0.00 0.00 0.00 2.49 3.68
0.00 0.00 0.00 0.00 0.00 0.00 0.00 5.04 2.77 4.60 6.57 8.10 9.71 8.18 6.64 12.47 11.83 14.20 13.25 17.30 14.75 13.65 5.69 0.00 1.53 1.83 2.26 3.07 1.10 0.00 0.00 0.44 0.51 0.51 0.22 1.31 0.58 0.00 0.00 0.00 0.00 2.12 1.61 1.61 0.66 0.00 0.00 1.39 5.98 10.37 11.40 12.67 0.00 0.00 0.00 0.00 0.00 0.00 0.00 0.00 14.34 11.37 11.22 9.21 11.28 15.67 10.27 10.62 12.98 9.83 5.36 3.26 3.70 0.00 0.00 2.02 1.20 0.00 0.00 0.00 0.00 0.00 0.00 0.00
0.00 0.00 0.00 0.00 0.00 0.00 0.00 0.00 0.00 0.00 0.00 0.00 0.00 0.00 0.00 0.00 4.45 3.21 3.26 7.74 9.34 7.96 6.64 6.72 13.21 12.78 10.66 11.39 7.52 5.04 15.99 12.05 7.52 11.68 7.15 2.70 10.88 10.88 8.47 8.95 7.53 8.33 5.69 5.69 10.29 4.31 0.66 4.04 6.13 0.00 0.00 0.00 0.00 0.00 0.00 0.00 0.00 0.00 0.00 0.00 0.00 0.00 0.00 0.00 11.51 14.33 7.26 6.68 7.46 7.64 8.96 5.58 4.25 0.00 0.00 0.00 2.69 0.00 0.00 0.00 0.00 0.00 0.00 0.00
0.00 0.00 0.00 0.00 0.00 0.00 0.00 0.00 0.00 0.00 0.00 0.00 0.00 0.00 0.00 0.00 0.00 0.00 0.00 8.47 3.47 9.46 8.69 10.44 13.07 14.52 13.48 11.68 12.78 14.38 15.84 17.96 16.50 15.04 11.83 10.00 9.64 11.83 12.34 9.34 8.14 11.01 10.73 11.99 11.68 9.56 5.18 4.94 0.00 0.00 0.00 0.00 0.00 0.00 0.00 0.00 0.00 0.00 0.00 0.00 0.00 0.00 0.00 0.00 10.07 7.62 0.00 0.00 0.00 0.00 0.00 0.00 4.28 0.00 0.00 0.00 0.00 0.00 0.00 0.00 0.00 0.00 0.00 0.00
0.00 0.00 0.00 0.00 0.00 0.00 0.00 0.00 0.00 0.00 0.00 0.00 0.00 0.00 0.00 0.00 0.00 0.00 0.00 0.00 0.00 4.96 10.15 7.66 8.61 8.00 13.78 12.26 12.63 15.77 8.03 15.04 18.38 14.38 10.80 10.74 7.66 9.20 6.86 6.86 0.00 5.62 10.82 13.74 10.80 9.99 4.07 0.00 0.00 0.00 0.00 0.00 0.00 0.00 0.00 0.00 0.00 0.00 0.00 0.00 0.00 0.00 0.00 0.00 0.00 0.00 0.00 0.00 0.00 0.00 0.00 0.00 0.00 0.00 0.00 0.00 0.00 0.00 0.00 0.00 0.00 0.00 0.00 0.00
0.00 0.00 0.00 0.00 0.00 0.00 0.00 0.00 0.00 0.00 0.00 0.00 0.00 0.00 0.00 0.00 0.00 0.00 0.00 0.00 0.00 0.00 4.82 0.00 0.00 0.00 0.00 2.99 8.83 9.27 0.00 8.65 22.55 5.77 6.28 9.37 0.00 0.00 0.00 0.00 0.00 0.00 0.00 0.00 10.35 6.71 0.00 0.00 0.00 0.00 0.00 0.00 0.00 0.00 0.00 0.00 0.00 0.00 0.00 0.00 0.00 0.00 0.00 0.00 0.00 0.00 0.00 0.00 0.00 0.00 0.00 0.00 0.00 0.00 0.00 0.00 0.00 0.00 0.00 0.00 0.00 0.00 0.00 0.00
