Wansh/Snow_depth/snowdepth-1996/spring/1996098.txt
ncols 321
nrows 161
xllcenter 60
yllcenter 15 
cellsize  0.25 
NODATA_value -1
[rows 0 to 36 of 161, columns 0 to 83 of 321]
22.27 22.27 23.94 22.19 23.21 19.13 19.49 26.28 30.30 29.57 32.41 32.12 29.86 31.03 28.25 28.62 25.92 24.67 23.73 23.65 24.16 27.38 27.45 26.13 26.13 27.38 27.38 23.94 24.45 24.45 25.55 25.40 26.65 27.96 27.67 27.30 27.52 26.35 27.23 26.43 27.89 26.50 26.57 24.60 25.84 24.97 25.11 25.11 24.16 24.31 22.48 22.48 16.28 17.59 18.40 16.86 22.48 23.51 23.58 22.34 22.78 22.48 23.21 23.87 23.58 23.07 22.27 22.27 20.66 20.81 21.10 21.90 21.90 22.92 25.99 25.04 25.04 27.38 25.70 25.55 25.55 25.62 26.86 26.65
23.80 23.80 24.82 25.92 25.99 25.40 25.84 28.69 30.95 30.44 30.95 30.15 30.81 31.32 26.35 25.33 26.13 24.45 21.24 22.56 23.29 21.17 24.75 25.40 23.43 23.94 23.94 23.73 25.70 25.84 25.70 26.79 26.57 28.32 27.52 27.52 25.92 26.06 26.72 25.70 26.35 25.04 23.21 23.65 20.66 20.44 17.01 21.90 21.90 21.02 16.28 16.28 18.25 11.83 12.41 14.60 16.28 19.56 15.84 19.78 19.13 20.15 20.08 20.22 20.73 20.73 19.64 15.62 18.61 18.32 18.25 19.71 21.68 23.00 22.48 24.38 24.38 25.48 25.70 25.62 25.26 25.19 25.33 24.82
24.16 24.16 23.94 26.28 28.11 28.69 29.13 29.27 29.13 29.05 24.31 23.21 22.70 23.00 23.36 21.10 19.56 20.15 19.05 17.16 19.35 19.27 22.56 23.73 23.94 23.58 23.58 25.62 25.26 27.16 27.23 27.30 25.77 25.62 25.99 25.11 25.19 21.61 23.87 24.82 20.00 20.00 15.91 14.45 18.54 14.82 15.11 14.67 14.45 14.45 12.19 12.19 9.05 12.99 12.92 13.58 13.65 12.99 13.36 13.14 13.80 13.58 12.70 11.97 11.90 14.09 14.89 14.75 15.40 17.59 17.01 20.81 21.75 22.63 23.51 24.24 24.24 25.11 24.67 25.26 24.75 25.04 25.92 26.21
24.16 24.16 23.94 26.28 28.11 28.69 29.13 29.27 29.13 29.05 24.31 23.21 22.70 23.00 23.36 21.10 19.56 20.15 19.05 17.16 19.35 19.27 22.56 23.73 23.94 23.58 23.58 25.62 25.26 27.16 27.23 27.30 25.77 25.62 25.99 25.11 25.19 21.61 23.87 24.82 20.00 20.00 15.91 14.45 18.54 14.82 15.11 14.67 14.45 14.45 12.19 12.19 9.05 12.99 12.92 13.58 13.65 12.99 13.36 13.14 13.80 13.58 12.70 11.97 11.90 14.09 14.89 14.75 15.40 17.59 17.01 20.81 21.75 22.63 23.51 24.24 24.24 25.11 24.67 25.26 24.75 25.04 25.92 26.21
24.02 24.02 26.72 27.81 27.59 26.72 26.65 24.67 23.21 24.09 20.44 21.02 21.46 19.49 19.93 20.00 18.83 16.13 16.57 16.94 17.16 21.53 21.24 23.07 23.21 23.07 23.07 24.75 26.72 26.72 25.70 25.62 25.62 24.24 24.67 22.41 19.05 19.56 18.03 16.06 18.54 13.87 14.24 13.36 12.63 12.99 12.78 13.51 13.51 11.68 12.56 12.56 9.49 9.42 8.91 9.78 9.34 9.05 9.05 9.42 12.19 13.29 14.31 13.29 14.60 14.45 14.24 14.82 16.06 15.55 16.79 20.51 19.64 22.92 24.82 26.43 26.43 26.21 26.21 25.48 25.19 24.02 24.24 22.70
24.31 24.31 25.84 26.21 26.50 26.13 25.70 24.45 22.34 23.29 20.88 19.49 18.32 18.54 17.45 16.64 17.08 15.99 15.55 16.50 16.43 20.22 23.58 23.07 22.56 23.73 23.73 23.87 21.68 24.82 24.31 27.16 26.06 24.67 20.88 21.75 17.81 16.94 17.01 16.35 14.75 15.33 14.38 13.21 14.31 13.36 13.36 14.67 14.02 14.60 12.12 12.12 10.00 9.56 10.29 10.37 9.49 10.00 10.07 9.27 11.17 10.29 13.58 15.48 15.26 14.89 15.55 15.55 15.70 16.64 18.83 18.32 21.10 24.89 24.09 26.21 26.21 24.75 26.13 24.82 24.82 24.89 23.51 21.24
22.85 22.85 22.92 23.94 24.16 23.21 24.16 20.37 19.49 20.59 20.51 19.78 17.01 17.16 16.94 17.37 15.55 15.91 15.77 17.30 20.00 19.13 21.32 21.17 21.53 20.81 20.81 20.51 20.88 21.39 22.92 26.13 25.33 20.95 22.78 19.13 19.86 17.37 18.98 17.16 16.06 15.91 15.84 16.94 16.57 16.64 15.62 15.62 15.62 13.14 13.80 13.80 11.17 11.83 11.53 12.78 13.07 12.85 13.94 12.63 11.39 11.10 11.61 11.32 12.70 12.34 14.60 14.24 16.13 15.99 17.23 19.93 19.05 19.86 21.10 23.14 23.14 21.46 23.43 23.58 24.24 24.60 25.77 23.36
22.85 22.85 22.92 23.94 24.16 23.21 24.16 20.37 19.49 20.59 20.51 19.78 17.01 17.16 16.94 17.37 15.55 15.91 15.77 17.30 20.00 19.13 21.32 21.17 21.53 20.81 20.81 20.51 20.88 21.39 22.92 26.13 25.33 20.95 22.78 19.13 19.86 17.37 18.98 17.16 16.06 15.91 15.84 16.94 16.57 16.64 15.62 15.62 15.62 13.14 13.80 13.80 11.17 11.83 11.53 12.78 13.07 12.85 13.94 12.63 11.39 11.10 11.61 11.32 12.70 12.34 14.60 14.24 16.13 15.99 17.23 19.93 19.05 19.86 21.10 23.14 23.14 21.46 23.43 23.58 24.24 24.60 25.77 23.36
20.66 20.66 20.59 23.07 22.48 18.18 18.61 18.83 18.76 15.91 17.52 17.30 17.59 15.77 16.28 16.43 15.70 15.48 17.08 17.08 17.01 20.15 20.59 19.27 19.93 20.22 20.22 17.74 20.29 20.22 20.59 18.40 22.70 19.13 17.08 17.52 17.52 19.05 18.54 18.10 18.69 16.13 17.59 17.37 17.16 16.50 16.94 15.48 15.40 15.18 12.19 12.19 12.19 12.05 14.09 13.87 13.80 14.38 14.16 13.07 12.34 12.63 11.39 12.12 11.90 12.34 12.70 13.58 12.99 13.07 14.16 16.35 15.40 17.81 15.91 19.64 19.64 18.98 20.15 20.29 24.45 25.11 27.01 28.11
15.33 15.33 17.16 17.45 16.94 17.01 10.29 11.90 13.21 12.85 17.01 13.87 14.16 14.75 14.24 12.34 12.34 14.24 14.16 14.97 15.18 14.31 17.81 18.18 14.75 17.08 17.08 17.37 16.50 18.25 18.25 17.08 15.70 17.30 15.91 14.97 14.97 15.99 17.67 18.18 16.13 17.23 17.52 17.30 18.76 15.99 15.40 15.33 15.70 15.84 15.70 15.70 14.24 12.92 12.85 14.02 13.51 13.58 12.99 14.97 14.60 14.53 13.29 14.16 13.36 14.02 14.38 14.16 14.16 11.53 11.32 11.39 11.90 15.99 19.56 21.39 21.39 20.37 20.73 23.58 22.85 24.53 28.54 26.43
12.34 12.34 13.21 11.90 8.54 9.05 8.10 9.34 12.41 13.07 12.48 13.14 8.18 9.34 9.34 12.48 15.18 14.24 14.75 11.61 12.63 12.85 11.24 13.29 13.58 12.99 12.99 14.89 14.89 13.80 14.67 16.86 15.40 14.38 14.75 14.45 14.97 14.82 13.72 12.92 15.11 16.86 17.30 17.30 17.16 17.30 17.45 16.50 15.62 15.33 15.18 15.18 15.48 13.14 13.87 13.65 13.87 14.09 14.09 15.77 16.35 15.11 15.77 14.89 17.52 14.24 15.40 8.76 9.56 8.98 10.80 13.65 15.04 20.00 18.69 22.12 22.12 24.09 26.57 27.81 25.33 25.84 24.67 24.45
12.34 12.34 13.21 11.90 8.54 9.05 8.10 9.34 12.41 13.07 12.48 13.14 8.18 9.34 9.34 12.48 15.18 14.24 14.75 11.61 12.63 12.85 11.24 13.29 13.58 12.99 12.99 14.89 14.89 13.80 14.67 16.86 15.40 14.38 14.75 14.45 14.97 14.82 13.72 12.92 15.11 16.86 17.30 17.30 17.16 17.30 17.45 16.50 15.62 15.33 15.18 15.18 15.48 13.14 13.87 13.65 13.87 14.09 14.09 15.77 16.35 15.11 15.77 14.89 17.52 14.24 15.40 8.76 9.56 8.98 10.80 13.65 15.04 20.00 18.69 22.12 22.12 24.09 26.57 27.81 25.33 25.84 24.67 24.45
10.51 10.51 10.88 9.42 9.05 5.55 6.94 10.22 9.20 10.95 8.76 6.86 7.52 8.03 10.88 9.86 14.24 14.38 11.83 12.48 10.00 9.86 9.78 10.29 12.26 12.05 12.05 13.36 12.85 12.92 14.16 13.58 14.53 13.72 14.09 13.72 13.72 11.97 12.63 12.26 13.94 13.58 15.33 16.94 16.79 17.23 16.43 16.50 15.99 15.84 15.48 15.48 14.97 14.53 14.45 15.55 16.57 16.64 16.72 18.61 16.57 16.79 12.48 17.74 16.50 18.32 10.22 4.09 9.93 8.03 15.33 19.86 20.37 19.27 19.78 19.56 19.56 18.47 27.81 25.70 24.67 21.75 21.90 21.83
9.05 9.05 8.40 8.76 7.15 6.57 9.64 10.07 10.66 10.95 9.20 10.37 10.51 9.93 11.32 14.02 14.31 14.60 12.05 9.27 9.86 9.64 9.64 9.56 11.24 12.85 12.85 12.92 10.88 12.48 12.56 12.41 10.15 10.37 13.07 13.65 13.65 12.56 11.97 11.90 12.85 14.24 13.72 14.38 14.02 13.94 15.11 15.48 16.43 16.06 16.13 16.13 16.43 14.89 15.91 15.48 17.37 17.08 18.61 18.25 17.52 14.24 12.99 12.34 18.03 12.99 14.97 7.23 10.07 20.29 21.61 21.39 21.68 22.63 16.57 15.11 15.11 17.37 22.78 20.29 18.91 18.18 20.81 26.28
10.15 10.15 8.03 6.64 6.06 5.99 7.37 9.56 11.17 9.93 10.44 10.22 10.44 10.59 10.66 13.07 11.90 12.70 13.14 13.29 10.29 11.24 9.49 9.56 9.13 8.25 8.25 9.78 10.22 8.25 9.71 10.07 8.47 8.32 7.81 11.39 12.78 12.99 12.70 14.82 15.48 14.53 14.16 14.02 14.24 14.89 15.62 15.70 14.89 15.55 15.11 15.11 15.84 15.91 15.70 18.98 21.46 22.63 22.34 20.29 19.71 18.69 14.97 17.59 19.27 17.96 18.47 17.96 21.75 20.81 23.14 25.04 23.21 24.53 23.43 17.37 17.37 20.29 17.52 18.54 20.73 20.59 23.43 26.21
11.02 11.02 8.83 5.84 8.03 7.66 7.37 8.47 9.93 9.27 8.98 9.27 9.49 11.10 10.07 10.44 10.73 13.07 13.94 13.80 12.48 11.61 12.63 8.69 8.03 8.03 8.03 7.59 6.86 7.01 6.06 8.03 7.88 7.23 10.59 12.92 12.05 13.80 16.35 15.84 16.79 15.84 16.21 14.60 14.67 14.45 15.62 15.11 14.89 15.55 16.21 16.21 15.91 16.28 17.74 17.08 20.59 23.58 22.70 23.36 21.68 22.85 20.95 21.17 20.08 20.08 23.51 25.48 25.19 26.57 26.65 26.79 25.92 27.52 25.84 26.06 26.06 20.95 23.58 21.90 22.12 21.75 23.36 21.02
11.02 11.02 8.83 5.84 8.03 7.66 7.37 8.47 9.93 9.27 8.98 9.27 9.49 11.10 10.07 10.44 10.73 13.07 13.94 13.80 12.48 11.61 12.63 8.69 8.03 8.03 8.03 7.59 6.86 7.01 6.06 8.03 7.88 7.23 10.59 12.92 12.05 13.80 16.35 15.84 16.79 15.84 16.21 14.60 14.67 14.45 15.62 15.11 14.89 15.55 16.21 16.21 15.91 16.28 17.74 17.08 20.59 23.58 22.70 23.36 21.68 22.85 20.95 21.17 20.08 20.08 23.51 25.48 25.19 26.57 26.65 26.79 25.92 27.52 25.84 26.06 26.06 20.95 23.58 21.90 22.12 21.75 23.36 21.02
10.73 10.73 8.32 9.05 9.05 9.13 11.46 10.73 10.80 10.07 11.83 10.88 11.02 11.68 9.86 10.37 10.73 10.15 13.80 14.24 13.87 13.29 11.02 11.61 8.91 7.59 7.59 7.88 6.72 7.08 6.28 8.98 12.78 12.19 11.32 13.29 14.09 13.07 15.48 15.62 17.08 15.91 13.72 14.09 13.72 13.72 13.51 14.53 14.31 14.09 14.16 14.16 13.21 15.40 14.60 18.98 21.75 24.09 24.16 24.82 24.09 24.38 22.78 20.59 21.17 22.78 22.78 24.53 24.38 25.33 27.52 28.84 29.13 28.62 27.89 26.50 26.50 25.40 21.90 21.24 19.56 18.83 19.13 20.66
12.78 12.78 12.63 15.62 14.16 14.45 13.07 12.92 12.63 12.92 12.34 11.75 11.61 11.46 11.53 9.20 10.44 9.93 11.17 12.70 12.48 12.99 11.02 10.00 10.07 8.61 8.61 7.88 7.74 9.20 11.90 14.09 13.29 16.50 12.26 14.75 11.68 13.87 13.07 13.72 12.19 15.48 12.92 12.41 12.34 12.48 13.36 13.21 12.99 13.14 13.21 13.21 13.72 14.31 18.54 17.89 20.59 23.43 24.24 23.14 24.09 23.36 23.14 21.75 21.97 21.75 23.43 23.65 24.82 23.21 27.74 26.65 29.05 25.70 28.84 26.50 26.50 25.26 18.32 19.27 17.74 14.31 11.46 15.33
16.50 16.50 17.96 17.89 16.28 16.72 14.60 16.28 13.94 11.32 10.00 10.07 10.29 10.00 9.71 9.42 11.90 12.26 11.75 12.92 12.19 10.22 10.37 10.22 11.61 11.39 11.39 9.86 11.75 12.41 12.26 13.87 15.48 15.11 12.05 9.49 9.49 12.48 12.85 13.51 10.73 11.39 11.17 13.14 13.21 12.99 12.19 13.36 11.83 12.63 11.97 11.97 8.61 12.34 14.53 17.52 19.13 20.44 20.44 22.27 23.00 23.07 22.63 22.56 21.61 22.92 23.58 21.97 23.00 22.34 22.19 21.10 22.92 17.30 24.82 15.91 15.91 17.37 16.06 15.33 11.24 12.41 12.56 14.75
18.61 18.61 18.61 19.56 16.94 17.67 16.86 17.01 16.06 11.17 7.81 11.32 10.80 11.75 15.33 13.43 13.29 14.02 11.83 12.41 10.80 10.44 11.61 11.24 12.99 14.38 14.38 13.87 13.14 12.99 13.36 13.29 12.26 11.75 12.41 10.73 11.97 12.05 12.19 10.88 11.24 11.90 14.24 14.45 14.53 14.53 13.94 14.38 12.99 8.54 7.30 7.30 7.23 11.75 17.30 16.06 18.54 20.37 22.27 24.24 23.65 24.53 22.92 22.12 23.58 23.07 23.58 23.58 18.10 17.89 18.18 13.36 13.14 11.39 12.41 14.97 14.97 16.57 13.36 14.67 15.62 14.67 13.14 11.97
18.40 18.40 17.23 16.43 16.43 16.86 14.75 15.33 11.83 12.34 14.09 13.58 17.74 17.30 17.30 14.89 13.94 14.53 11.90 10.73 11.10 10.37 11.46 11.10 11.02 14.16 14.16 13.72 11.90 11.90 12.48 11.83 11.90 12.12 13.07 12.48 12.63 12.99 12.78 14.38 15.33 16.79 17.01 16.94 18.25 16.94 14.09 11.75 12.12 10.51 6.42 6.42 13.58 18.91 16.94 20.59 21.83 22.56 22.41 23.51 25.48 23.80 24.75 24.89 24.38 23.07 21.02 18.91 14.67 9.78 11.75 6.94 8.69 10.15 4.96 9.13 9.13 8.54 7.81 13.51 11.17 8.18 9.27 8.47
18.40 18.40 17.23 16.43 16.43 16.86 14.75 15.33 11.83 12.34 14.09 13.58 17.74 17.30 17.30 14.89 13.94 14.53 11.90 10.73 11.10 10.37 11.46 11.10 11.02 14.16 14.16 13.72 11.90 11.90 12.48 11.83 11.90 12.12 13.07 12.48 12.63 12.99 12.78 14.38 15.33 16.79 17.01 16.94 18.25 16.94 14.09 11.75 12.12 10.51 6.42 6.42 13.58 18.91 16.94 20.59 21.83 22.56 22.41 23.51 25.48 23.80 24.75 24.89 24.38 23.07 21.02 18.91 14.67 9.78 11.75 6.94 8.69 10.15 4.96 9.13 9.13 8.54 7.81 13.51 11.17 8.18 9.27 8.47
15.18 15.18 15.62 15.84 13.29 15.04 15.04 14.67 16.13 16.79 16.21 15.62 18.32 17.37 18.03 14.60 13.94 12.70 13.07 10.66 10.66 10.29 12.41 10.66 9.86 9.34 9.34 12.99 11.75 11.53 11.24 11.39 12.41 11.90 13.51 13.14 15.26 13.43 15.18 15.70 15.77 16.50 17.16 17.23 18.03 18.54 16.28 17.08 16.72 15.99 15.70 15.70 13.87 18.76 20.73 20.66 22.34 22.41 20.22 20.37 21.53 22.48 23.00 21.39 20.73 20.88 21.17 17.74 18.10 11.90 11.90 7.23 6.57 4.23 3.21 1.97 1.97 3.94 2.63 2.41 2.77 6.72 6.50 4.60
14.24 14.24 14.02 8.98 10.80 15.40 16.28 14.16 17.67 16.94 15.99 16.21 17.23 14.97 12.92 13.58 11.39 10.59 8.83 9.34 10.37 9.27 3.36 9.42 8.10 6.72 6.72 6.20 10.80 11.90 11.10 11.61 12.92 13.43 13.58 13.07 14.75 16.86 17.08 15.11 13.80 15.40 15.04 16.72 17.45 17.45 17.16 17.16 16.79 18.25 17.23 17.23 17.37 16.72 19.93 20.37 19.93 19.86 19.86 19.78 20.66 21.24 21.10 19.78 20.00 19.42 18.03 18.76 17.37 13.80 15.99 13.87 11.83 11.46 4.45 4.45 4.45 6.64 2.85 3.36 3.21 5.77 5.40 4.45
6.35 6.35 4.09 4.38 8.03 6.06 12.92 17.37 17.37 16.35 15.04 12.12 14.75 15.26 13.29 9.56 9.42 10.29 8.40 2.56 5.69 6.20 0.00 0.00 2.77 4.82 4.82 9.20 14.09 12.56 11.97 13.29 13.29 15.18 15.48 15.62 15.70 17.08 14.75 15.48 12.78 12.92 14.16 14.38 14.02 15.33 17.52 16.94 17.74 17.16 16.21 16.21 15.99 17.52 20.29 19.20 19.42 19.42 21.10 21.17 20.81 20.66 21.10 21.10 17.74 16.86 17.59 16.94 17.08 15.04 15.11 13.21 14.67 13.14 13.80 13.80 13.80 10.95 7.96 10.66 8.61 7.30 8.03 7.81
3.94 3.94 1.75 0.95 4.67 2.99 11.02 11.61 12.70 13.36 13.07 7.08 10.51 3.21 1.68 7.59 5.04 3.94 3.14 0.00 0.00 0.00 0.00 0.00 0.00 2.56 2.56 8.54 16.28 13.87 13.80 13.94 15.48 14.97 17.81 19.05 17.52 16.72 14.53 12.63 12.92 12.99 13.87 13.43 13.65 14.38 16.35 17.16 17.08 16.35 16.06 16.06 15.91 15.55 17.67 19.42 19.49 20.81 20.81 22.41 21.75 16.57 19.35 19.13 20.59 18.18 18.32 18.69 18.32 14.24 13.87 12.26 8.61 10.95 11.24 13.51 13.51 13.21 13.07 13.14 11.10 13.87 16.50 15.77
0.58 0.58 0.00 0.00 0.00 4.45 2.56 8.61 6.86 0.00 0.00 0.00 0.00 0.00 0.00 0.00 0.00 0.00 0.00 0.00 0.00 0.00 0.00 0.00 7.37 13.36 13.36 11.83 17.08 11.68 9.93 14.60 16.79 18.18 18.32 18.47 16.79 14.82 15.11 13.51 13.80 13.43 12.56 11.61 13.07 12.34 14.45 15.91 15.99 15.91 16.28 16.28 15.40 14.38 16.72 19.71 19.86 20.44 17.96 18.47 16.43 11.75 14.75 21.17 20.88 15.11 16.86 17.52 16.50 15.11 14.38 9.42 5.26 4.67 8.47 5.77 5.77 12.41 12.70 12.48 17.81 16.06 16.72 17.16
0.58 0.58 0.00 0.00 0.00 4.45 2.56 8.61 6.86 0.00 0.00 0.00 0.00 0.00 0.00 0.00 0.00 0.00 0.00 0.00 0.00 0.00 0.00 0.00 7.37 13.36 13.36 11.83 17.08 11.68 9.93 14.60 16.79 18.18 18.32 18.47 16.79 14.82 15.11 13.51 13.80 13.43 12.56 11.61 13.07 12.34 14.45 15.91 15.99 15.91 16.28 16.28 15.40 14.38 16.72 19.71 19.86 20.44 17.96 18.47 16.43 11.75 14.75 21.17 20.88 15.11 16.86 17.52 16.50 15.11 14.38 9.42 5.26 4.67 8.47 5.77 5.77 12.41 12.70 12.48 17.81 16.06 16.72 17.16
0.00 0.00 0.00 0.00 0.00 1.90 4.60 0.00 0.00 0.00 0.00 0.00 0.00 0.00 0.00 0.00 0.00 0.00 0.00 0.00 0.00 0.00 0.37 7.88 6.86 14.24 14.24 13.14 9.20 11.75 6.86 13.51 11.75 17.52 16.72 15.99 16.21 15.33 14.24 13.43 12.99 13.80 11.90 11.75 11.90 8.76 10.59 12.92 12.48 14.60 15.18 15.18 13.36 13.29 15.26 17.30 11.53 10.07 15.26 14.53 16.43 12.56 10.73 7.37 16.79 15.26 5.77 11.17 10.15 15.99 14.53 9.34 7.52 4.74 2.26 1.61 1.61 5.62 3.36 13.51 16.28 16.06 18.03 16.72
0.00 0.00 0.00 0.00 0.00 0.00 0.00 0.00 0.00 0.00 0.00 0.00 0.00 0.00 0.00 0.00 0.00 0.00 0.00 0.00 0.00 0.00 0.00 4.02 11.53 9.49 9.49 10.80 3.72 6.50 4.89 13.80 17.67 16.94 17.30 15.55 14.67 14.24 14.38 13.65 14.75 14.24 13.65 12.56 9.78 10.88 8.69 12.19 14.31 13.87 16.06 16.06 14.89 14.45 13.65 11.39 13.07 8.69 1.10 4.96 8.47 3.43 2.77 7.74 2.56 5.11 0.00 8.47 11.53 5.77 8.25 4.89 1.61 0.73 0.80 0.00 0.00 2.41 0.95 5.04 14.53 12.99 15.33 14.67
0.00 0.00 0.00 0.00 0.00 0.00 0.00 0.00 0.00 0.00 0.00 0.00 0.00 0.00 0.00 0.00 0.00 0.00 0.00 0.00 0.00 0.00 0.00 0.00 6.50 7.37 7.37 8.91 4.89 11.32 15.99 15.26 16.35 15.70 9.49 9.86 4.89 0.00 0.66 8.76 10.88 10.95 10.73 11.61 11.32 10.59 10.22 11.17 8.61 8.76 12.99 12.99 14.16 14.24 12.78 7.52 1.17 0.80 1.53 0.00 0.00 0.44 1.61 0.00 0.07 0.00 0.22 0.95 3.94 0.00 0.00 1.46 0.95 0.00 0.00 0.00 0.00 0.00 0.00 3.14 0.73 3.80 9.71 10.44
0.00 0.00 0.00 0.00 0.00 0.00 0.00 0.00 0.00 0.00 0.00 0.00 0.00 0.00 0.00 0.00 0.00 0.00 0.00 0.00 0.00 0.00 0.00 0.00 0.00 2.63 2.63 6.57 9.64 8.61 3.58 2.19 11.97 8.32 4.96 1.39 1.39 0.00 0.00 0.00 0.00 0.00 4.23 9.27 7.59 8.32 6.94 6.86 6.28 6.20 7.88 7.88 12.70 5.33 1.97 0.00 0.00 0.00 0.00 0.00 0.00 0.00 0.00 0.00 0.00 0.00 0.00 0.66 0.00 0.00 0.00 0.66 0.44 0.00 0.00 0.00 0.00 0.00 0.00 0.00 0.00 0.58 0.00 5.26
0.00 0.00 0.00 0.00 0.00 0.00 0.00 0.00 0.00 0.00 0.00 0.00 0.00 0.00 0.00 0.00 0.00 0.00 0.00 0.00 0.00 0.00 0.00 0.00 0.00 0.00 0.00 4.74 3.87 0.00 0.00 0.00 0.00 0.00 0.00 0.00 0.00 0.00 0.00 0.00 0.00 0.00 0.80 6.72 6.06 4.74 4.45 5.69 5.84 1.10 2.56 2.56 1.75 1.90 0.73 0.00 0.00 0.00 0.00 0.00 0.00 0.00 0.00 0.00 0.00 0.00 0.00 0.00 0.00 0.00 0.00 0.00 0.00 0.00 0.00 0.00 0.00 0.00 0.00 0.00 0.00 0.00 0.00 0.80
0.00 0.00 0.00 0.00 0.00 0.00 0.00 0.00 0.00 0.00 0.00 0.00 0.00 0.00 0.00 0.00 0.00 0.00 0.00 0.00 0.00 0.00 0.00 0.00 0.00 0.00 0.00 0.00 0.00 0.00 0.00 0.00 0.00 0.00 0.00 0.00 0.00 0.00 0.00 0.00 0.00 0.00 2.77 1.61 3.58 0.00 0.00 0.00 0.00 0.00 1.31 1.31 0.58 0.00 0.00 0.00 0.00 0.00 4.74 0.00 0.00 0.00 0.00 0.00 0.00 0.00 0.00 0.00 0.00 0.00 0.00 0.00 0.00 0.00 0.00 0.00 0.00 0.00 0.00 0.00 0.00 0.00 0.00 2.70
0.00 0.00 0.00 0.00 0.00 0.00 0.00 0.00 0.00 0.00 0.00 0.00 0.00 0.00 0.00 0.00 0.00 0.00 0.00 0.00 0.00 0.00 0.00 0.00 0.00 0.00 0.00 0.00 0.00 0.00 0.00 0.00 0.00 0.00 0.00 0.00 0.00 0.00 0.00 0.00 0.00 0.00 2.77 1.61 3.58 0.00 0.00 0.00 0.00 0.00 1.31 1.31 0.58 0.00 0.00 0.00 0.00 0.00 4.74 0.00 0.00 0.00 0.00 0.00 0.00 0.00 0.00 0.00 0.00 0.00 0.00 0.00 0.00 0.00 0.00 0.00 0.00 0.00 0.00 0.00 0.00 0.00 0.00 2.70
0.00 0.00 0.00 0.00 0.00 0.00 0.00 0.00 0.00 0.00 0.00 0.00 0.00 0.00 0.00 0.00 0.00 0.00 0.00 0.00 0.00 0.00 0.00 0.00 0.00 0.00 0.00 0.00 0.00 0.00 0.00 0.00 0.00 0.00 0.00 0.00 0.00 0.00 0.00 0.00 0.00 0.00 0.00 0.00 0.00 0.00 0.00 0.00 0.00 0.00 0.00 0.00 0.00 0.00 0.00 0.00 0.00 3.65 4.89 0.00 0.00 0.00 0.00 0.00 0.00 0.00 0.00 0.00 0.00 0.00 0.00 0.00 0.00 0.00 0.00 0.00 0.00 0.00 0.00 0.00 0.00 10.00 9.71 3.07
