Wansh/Snow_depth/snowdepth-1996/spring/1996087.txt
ncols 321
nrows 161
xllcenter 60
yllcenter 15 
cellsize  0.25 
NODATA_value -1
[rows 74 to 110 of 161, columns 84 to 167 of 321]
0.00 0.00 0.00 0.00 1.17 0.66 0.00 0.00 1.61 0.00 0.00 0.73 2.41 3.36 3.58 2.85 2.77 2.77 2.77 3.50 3.87 2.77 0.00 0.00 0.00 0.00 3.14 0.00 0.00 0.00 0.00 0.00 0.00 0.00 1.68 0.00 2.41 0.00 5.11 5.99 4.02 2.77 0.73 0.73 0.00 0.07 0.00 0.37 0.44 0.00 0.00 0.00 0.00 0.73 0.00 0.00 0.51 0.00 0.00 0.00 0.00 0.00 0.00 0.00 0.00 0.00 0.00 0.00 0.00 0.00 4.62 0.00 0.00 0.00 0.00 0.00 0.00 0.00 0.00 0.00 0.00 0.00 0.00 0.00
0.00 0.00 0.00 0.22 2.26 3.07 0.95 2.56 3.07 0.00 1.46 0.00 2.92 2.92 2.77 2.92 3.80 0.00 0.00 2.41 3.72 0.00 0.00 0.00 3.58 5.62 4.16 0.00 0.00 0.00 0.00 0.00 0.00 0.00 0.00 2.92 2.92 0.00 4.74 4.89 6.20 2.48 2.12 2.12 1.10 0.51 0.22 0.51 1.24 1.10 0.37 0.00 0.51 0.73 1.31 0.00 0.22 0.00 0.80 1.10 1.46 2.12 0.00 0.73 0.07 0.00 0.00 0.00 0.00 1.91 5.04 4.74 2.92 0.73 0.00 0.22 0.00 0.00 0.00 0.00 0.00 0.00 0.00 0.00
0.66 0.22 0.95 1.75 2.77 3.50 2.04 3.36 3.50 3.50 0.00 0.00 2.63 3.21 3.50 2.99 3.21 3.36 3.36 3.43 3.50 3.43 2.56 0.00 3.07 3.72 4.38 3.29 0.00 0.00 0.00 0.00 0.00 0.00 0.00 0.00 0.00 0.00 3.80 5.91 4.67 4.16 1.24 1.24 1.39 0.07 1.97 1.61 2.19 2.70 1.90 0.73 0.29 0.37 0.29 0.95 0.66 0.95 0.73 0.80 0.73 0.58 0.66 1.53 0.95 0.00 0.58 0.88 0.88 4.96 4.67 5.18 3.94 1.02 0.22 0.95 0.07 0.00 0.00 0.00 0.00 0.00 0.00 0.00
0.00 2.04 1.83 1.90 2.26 2.56 3.43 3.72 4.09 4.09 4.53 4.53 4.31 5.18 4.53 3.72 3.72 3.36 3.36 3.87 2.85 3.07 2.77 3.65 3.36 3.65 0.00 0.00 0.00 0.00 0.00 0.00 0.00 0.00 0.00 0.00 0.00 0.00 3.58 3.87 0.00 3.36 2.48 2.48 0.80 2.26 2.77 2.99 3.43 3.21 2.70 2.48 1.17 1.46 1.31 2.19 2.12 1.75 0.00 1.68 1.46 1.31 2.99 1.90 2.77 2.41 2.99 3.14 3.14 2.92 4.74 2.92 1.31 0.95 0.00 0.29 0.22 0.66 0.15 0.00 0.00 0.00 0.00 0.00
4.31 3.14 2.92 1.68 2.85 2.92 0.00 3.87 4.23 4.74 4.60 4.53 4.74 4.60 4.02 4.09 3.94 3.87 3.87 4.38 3.87 3.43 3.36 3.21 3.65 0.00 0.00 0.00 0.00 0.00 0.00 0.00 0.00 0.00 0.00 0.00 0.00 0.00 0.00 0.00 0.00 0.00 0.00 0.00 2.56 2.56 3.43 2.70 2.99 3.07 2.77 1.24 3.36 2.12 2.92 2.19 1.90 0.00 0.00 0.00 0.00 2.77 2.63 2.41 2.48 3.80 2.70 4.23 4.23 3.94 3.36 2.26 1.68 2.63 1.02 0.66 0.66 0.67 0.58 0.58 0.00 0.07 0.44 0.00
2.26 2.77 3.43 3.21 0.00 0.00 4.23 4.16 3.94 4.45 4.67 4.82 4.67 3.50 4.16 4.02 3.94 3.65 3.65 4.38 4.82 3.50 3.14 3.36 2.92 0.00 0.00 3.14 2.48 0.00 0.00 0.00 0.00 0.00 0.00 0.00 0.00 0.00 0.00 0.00 0.00 0.00 0.00 0.00 1.83 1.46 1.83 2.41 2.77 2.04 0.00 0.00 2.56 3.58 1.75 2.34 0.00 0.00 0.00 0.00 0.00 0.00 0.00 0.00 0.00 0.00 4.31 0.00 0.00 4.23 4.31 0.00 0.00 2.99 1.61 1.24 0.88 1.31 2.19 1.61 0.00 1.90 0.00 0.00
4.16 0.00 0.00 0.00 0.00 0.00 3.80 4.60 3.65 3.72 4.82 4.31 4.23 3.94 3.80 4.31 3.43 3.58 3.58 3.94 3.50 2.56 2.41 3.29 2.41 0.00 0.00 0.00 2.85 2.34 0.00 0.00 0.00 0.00 0.00 0.00 0.00 0.00 0.00 0.00 0.00 0.00 0.00 0.00 1.75 1.39 0.00 1.97 0.00 0.00 0.00 0.00 0.00 2.12 0.00 1.10 0.00 0.00 0.00 0.00 0.00 0.00 0.00 0.00 0.00 0.00 0.00 0.00 0.00 0.00 0.00 0.00 0.00 4.74 2.63 2.57 1.50 1.38 2.92 2.77 0.00 0.00 1.24 0.00
0.00 0.00 0.00 0.00 0.00 3.43 3.43 3.72 3.72 3.65 4.53 4.16 4.38 3.50 3.50 3.80 3.80 2.48 2.48 0.00 3.21 2.92 2.85 2.34 0.00 0.00 1.83 1.90 0.00 0.00 0.00 0.00 0.00 0.00 0.00 0.00 0.00 0.00 0.00 0.00 0.00 0.00 0.00 0.00 0.00 2.04 0.00 0.00 0.00 0.00 0.00 0.00 0.00 0.00 0.00 1.68 0.00 0.00 0.00 2.41 0.00 0.00 0.00 0.00 0.00 0.00 0.00 0.00 0.00 0.00 0.00 0.00 9.13 7.88 3.65 3.59 2.06 1.76 2.65 2.55 0.00 3.50 0.00 0.00
0.00 2.92 0.00 0.00 0.00 0.00 3.21 0.00 0.00 3.72 4.16 4.16 3.72 3.50 3.50 3.65 3.07 2.70 2.70 0.00 0.00 0.00 0.00 2.41 1.46 0.00 0.00 0.00 0.00 0.00 0.00 0.00 0.00 0.00 0.00 0.00 0.00 0.00 0.00 0.00 0.00 0.00 0.00 0.00 0.00 0.00 0.00 0.00 0.00 0.00 0.00 0.00 0.00 1.83 1.46 0.00 0.00 0.00 2.41 2.77 0.00 0.00 0.00 0.00 0.00 0.00 0.00 0.00 0.00 0.00 0.00 0.00 7.59 7.74 5.77 5.48 2.26 1.75 2.48 2.20 3.07 0.00 0.00 0.00
2.77 2.26 2.34 3.58 0.00 0.00 0.00 0.00 0.00 0.00 2.99 4.53 4.02 3.94 4.38 3.43 2.77 2.12 2.12 2.34 0.00 0.00 0.00 0.00 2.26 0.00 0.00 0.00 0.00 0.00 0.00 0.00 0.00 0.00 0.00 0.00 0.00 0.00 0.00 0.00 0.44 0.00 0.00 0.00 0.00 0.00 0.00 0.00 0.00 0.00 0.00 0.00 2.26 2.19 2.41 0.00 0.00 0.00 2.56 0.00 0.00 0.00 3.58 0.00 0.00 5.26 0.00 0.00 0.00 0.00 0.00 0.00 6.94 6.79 5.55 5.04 4.23 3.36 3.07 2.48 2.12 0.00 1.90 0.00
3.36 0.00 0.00 0.00 0.00 0.00 0.00 0.00 3.80 3.58 3.58 3.72 0.00 4.09 4.67 4.02 0.00 0.00 0.00 0.00 0.00 0.00 0.00 0.00 0.00 0.00 0.00 0.00 0.00 0.00 0.00 0.00 0.00 0.00 0.00 0.00 0.00 0.00 0.00 1.61 0.00 0.00 0.00 0.00 0.00 0.00 0.00 0.00 0.00 0.00 1.39 1.31 2.56 3.87 2.70 3.36 2.12 2.41 2.56 2.99 3.65 3.72 5.26 0.00 0.00 6.72 6.86 0.00 0.00 4.82 2.26 4.89 0.00 4.53 6.35 4.38 4.16 4.09 4.31 3.07 3.29 1.83 1.83 0.00
1.97 2.12 1.75 0.00 2.12 0.00 0.00 4.16 4.16 3.87 0.00 3.36 3.29 4.31 3.80 3.80 4.45 0.00 0.00 3.43 4.09 0.00 4.45 0.00 0.00 0.00 0.00 0.00 0.00 0.00 0.00 0.00 3.36 1.83 0.00 0.00 0.00 0.00 0.00 0.00 1.10 0.29 0.00 0.00 0.00 0.00 0.00 0.00 0.66 0.95 1.53 1.24 2.34 4.09 4.53 4.31 3.87 5.11 3.36 4.02 4.18 5.07 7.53 6.86 11.02 11.10 10.51 9.05 9.05 9.13 5.18 10.37 3.14 4.45 5.04 2.99 3.87 4.96 4.96 2.85 1.90 2.04 0.00 0.00
1.97 2.48 2.99 3.29 3.29 3.58 0.00 0.00 3.80 0.00 0.00 4.16 3.80 0.00 0.00 0.00 4.23 4.16 4.16 4.23 4.45 5.04 4.60 3.65 0.00 2.85 0.00 0.00 4.16 0.00 0.00 3.14 0.00 3.43 0.00 0.00 0.00 0.00 2.41 1.46 3.14 2.63 0.44 0.44 0.80 1.46 1.24 1.39 1.31 0.07 0.73 2.48 4.67 5.99 7.96 9.78 9.42 11.10 11.24 10.66 8.69 9.27 11.47 8.98 11.53 10.80 7.88 9.86 9.86 17.52 15.62 10.95 11.17 5.04 3.29 3.80 4.67 5.26 5.04 3.36 3.94 3.50 0.00 0.00
1.75 2.92 2.63 2.41 3.07 3.72 4.38 4.09 0.00 0.00 0.00 3.50 0.00 4.23 0.00 0.00 0.00 4.23 4.23 4.23 4.45 4.23 4.23 0.00 3.14 0.00 0.00 2.92 0.00 0.00 0.00 0.00 0.00 2.19 0.00 0.00 0.00 0.00 0.00 3.80 1.83 1.97 0.58 0.58 2.04 1.31 1.53 1.75 0.15 0.73 2.77 1.97 2.48 3.50 7.88 8.47 10.15 10.80 12.92 10.88 8.54 9.42 10.51 8.47 7.34 9.27 8.03 8.18 8.18 8.25 11.46 17.16 14.02 5.91 4.74 4.60 3.50 4.74 5.04 2.70 4.16 2.48 0.00 0.00
2.70 3.07 3.14 2.92 0.00 0.00 4.23 0.00 0.00 0.00 3.21 3.87 4.23 0.00 3.36 0.00 0.00 3.43 3.43 3.87 3.80 3.50 3.72 0.00 0.00 3.43 3.43 0.00 2.85 0.00 0.00 2.34 0.00 2.19 2.41 0.00 0.00 0.00 2.85 1.10 1.02 1.83 2.34 2.34 1.39 3.14 2.70 1.53 2.26 2.12 3.21 2.41 2.19 3.50 5.18 6.94 10.00 11.02 12.99 11.53 7.45 7.30 9.34 7.88 8.55 7.96 12.19 8.91 8.91 9.56 8.47 13.36 11.90 9.93 7.52 5.84 3.43 5.69 5.48 3.43 1.53 1.83 0.00 0.00
2.19 1.68 0.00 2.34 0.00 0.00 0.00 0.00 0.00 0.00 0.00 0.00 0.00 0.00 0.00 0.00 0.00 0.00 0.00 3.65 0.00 3.14 0.00 0.00 3.43 0.00 3.65 3.87 0.00 0.00 0.00 0.00 2.48 2.12 0.00 0.00 0.00 0.00 0.00 0.00 0.51 0.00 1.61 1.61 3.36 2.04 4.02 4.60 3.58 3.72 3.94 2.99 2.34 4.60 4.82 4.67 7.08 8.98 9.19 11.13 5.04 6.64 7.67 11.90 10.52 15.35 13.14 9.42 9.42 6.64 7.01 11.24 9.56 7.88 8.18 7.59 5.11 7.37 3.21 2.68 1.96 0.00 0.00 0.00
1.90 1.10 0.00 1.97 0.00 1.24 0.00 0.00 0.00 2.12 0.00 0.00 0.00 0.00 0.00 0.00 0.00 0.00 0.00 0.00 0.00 0.00 0.00 0.00 0.00 0.00 2.56 2.70 1.10 0.00 0.00 0.00 0.00 0.00 0.00 0.00 0.00 0.00 0.00 0.00 0.00 0.00 0.00 0.00 1.31 0.73 0.95 4.16 5.26 4.38 4.96 4.74 4.45 8.69 5.62 7.01 9.05 5.11 6.28 3.80 3.39 3.43 7.37 11.39 12.05 13.65 14.52 10.79 10.45 7.85 8.18 8.10 7.74 7.81 7.52 7.52 7.74 6.86 2.98 3.29 2.61 2.15 1.96 0.00
1.75 1.31 2.04 1.61 0.00 1.17 0.88 1.39 0.80 1.10 0.00 0.00 0.00 0.00 0.00 0.00 0.00 0.00 0.00 0.00 0.00 0.00 0.00 0.00 0.00 0.00 2.48 1.83 0.00 0.00 0.00 0.00 0.00 0.00 0.00 0.00 0.00 0.00 0.00 0.00 0.00 0.00 0.00 0.00 0.66 0.44 0.22 1.10 3.94 4.60 6.42 8.83 10.59 10.80 13.72 15.26 8.03 8.10 4.79 1.99 3.65 3.50 3.72 10.11 9.81 13.04 12.41 9.20 9.24 9.07 6.82 8.40 8.98 8.61 6.90 5.77 4.67 6.28 3.89 4.08 3.86 1.83 4.95 3.40
2.26 1.97 1.75 1.46 0.00 1.53 1.46 1.31 1.61 0.00 0.00 0.73 0.00 0.00 0.00 0.00 0.00 0.00 0.00 0.00 3.43 0.00 0.00 0.00 0.00 0.00 0.00 0.00 0.00 0.00 0.00 0.00 0.00 0.00 0.00 0.00 0.00 0.00 0.00 0.00 0.00 0.00 0.00 0.00 0.00 0.00 0.51 1.24 1.90 5.04 6.28 6.50 10.44 12.48 13.94 15.77 16.13 15.84 11.24 8.46 2.58 5.89 3.71 4.29 8.06 10.87 12.58 7.30 7.30 7.64 5.59 8.18 9.24 8.08 7.12 5.24 5.26 5.56 4.59 4.92 6.00 5.27 6.59 7.12
2.04 2.26 1.97 1.68 0.95 1.90 1.68 0.00 0.00 0.00 1.02 0.07 0.00 0.00 0.00 1.46 1.75 0.00 0.00 0.00 0.00 0.00 0.00 0.00 0.00 0.00 0.00 0.00 0.00 0.00 0.00 0.00 0.00 0.00 0.00 0.00 0.00 0.58 0.00 0.00 0.00 0.00 0.00 0.00 0.00 0.22 1.68 1.31 2.77 5.04 6.13 6.35 9.27 13.36 12.85 13.80 17.00 16.72 16.79 10.15 9.86 9.13 5.79 4.46 6.68 8.69 10.49 5.33 5.33 4.57 3.54 6.73 8.52 8.58 8.37 4.99 5.69 5.63 3.45 4.06 6.50 7.52 7.25 6.20
2.77 2.99 2.04 1.68 2.34 2.41 1.90 1.90 0.00 1.17 1.97 0.00 0.00 0.00 0.00 1.10 1.10 1.68 1.68 0.00 0.00 2.34 0.00 0.00 0.00 0.00 1.90 0.00 0.00 0.00 0.00 0.00 0.00 0.00 0.00 0.00 0.73 0.51 0.00 0.00 0.00 0.00 0.00 0.00 0.22 0.44 1.02 1.97 3.43 4.53 4.96 7.59 9.76 9.86 13.15 14.90 16.41 14.31 17.23 16.94 11.02 5.28 5.38 3.79 8.32 7.26 4.33 2.63 2.64 3.11 8.09 7.38 8.95 9.10 8.57 7.37 7.67 2.95 3.67 4.43 5.61 8.95 6.47 5.19
4.60 5.11 2.48 2.92 4.31 3.80 3.50 0.00 0.00 0.00 1.97 0.00 0.00 0.00 0.00 0.88 0.66 0.00 0.00 0.00 0.00 0.00 0.00 0.00 0.00 0.00 2.04 2.48 0.00 0.00 0.00 0.00 0.00 1.68 0.00 0.00 0.80 0.00 0.00 0.00 0.00 0.00 0.00 0.00 0.95 1.17 1.24 1.68 2.56 5.26 5.84 11.10 11.17 11.92 14.52 13.25 14.12 10.97 12.90 14.53 8.14 4.99 4.34 3.57 4.28 6.72 3.22 1.91 1.91 2.21 3.78 3.33 7.88 8.89 7.92 8.58 6.26 3.19 3.37 4.68 5.87 8.62 6.68 4.55
6.94 7.37 4.23 5.91 6.72 6.28 2.70 0.00 1.68 2.63 1.83 0.00 0.00 0.00 0.00 0.00 0.00 0.00 0.00 0.00 0.00 0.00 0.00 0.00 0.00 2.85 2.19 3.21 2.26 0.00 0.15 0.80 1.83 1.46 1.10 0.66 0.00 0.00 0.00 0.00 0.00 0.00 3.29 3.29 2.99 2.12 1.24 1.61 7.37 6.64 12.99 11.61 12.48 10.20 9.09 8.92 11.01 7.87 11.63 9.95 5.84 6.62 4.59 3.79 3.94 4.12 2.05 1.33 1.31 1.41 2.09 1.71 6.17 7.50 6.50 7.70 5.11 3.89 3.18 2.58 4.97 7.60 5.97 5.93
9.49 8.61 4.45 5.77 8.76 9.27 4.74 4.82 4.38 4.02 3.14 1.31 0.00 0.00 0.00 0.00 0.00 0.00 0.00 0.00 0.00 0.00 0.00 0.00 1.90 2.70 3.36 3.36 3.50 2.12 0.37 1.68 1.53 2.26 2.19 0.00 0.29 0.00 0.00 0.00 0.00 2.19 4.89 4.89 4.89 4.82 3.36 6.86 9.13 11.90 12.72 13.41 10.63 11.95 8.91 8.51 6.42 6.28 5.75 7.19 4.70 5.84 6.27 4.16 3.04 3.41 1.85 1.73 1.69 1.31 0.00 1.48 3.75 5.95 6.16 6.06 3.90 1.37 2.76 4.47 3.91 4.87 4.34 3.56
8.91 4.31 8.03 12.85 15.62 18.76 18.98 14.97 13.51 10.00 6.13 3.65 2.77 2.34 2.04 1.53 1.39 1.97 1.97 0.00 2.34 1.68 1.46 2.41 2.41 3.36 2.12 3.36 3.21 2.92 3.14 3.07 3.50 2.70 2.92 2.19 1.46 0.00 0.88 0.80 1.24 2.19 1.31 1.31 2.48 3.29 3.43 5.33 9.56 10.07 10.84 13.43 11.16 10.63 7.64 5.97 4.54 5.48 7.11 5.21 6.09 5.75 7.22 4.74 3.36 2.20 2.77 0.00 0.00 0.00 0.00 1.36 5.60 4.55 5.62 3.50 4.01 0.00 0.00 0.00 0.00 5.29 4.39 5.37
8.83 7.96 11.24 13.80 12.78 15.11 19.05 18.25 11.46 5.69 0.00 2.34 2.92 1.83 2.19 1.17 2.19 2.85 2.85 2.63 1.61 2.41 1.68 2.26 2.56 1.97 0.80 1.68 2.12 2.77 2.63 2.34 2.12 3.07 0.73 2.77 4.67 2.04 1.10 0.22 1.02 1.31 1.75 1.75 2.85 3.87 1.46 3.14 7.00 10.19 9.11 9.78 7.53 6.65 6.32 4.80 3.19 4.02 6.38 6.35 6.49 6.35 6.65 4.52 3.07 2.34 3.67 2.24 2.21 0.00 0.00 0.00 2.29 5.50 5.59 3.43 2.51 1.57 0.00 0.00 0.00 0.00 5.88 2.66
6.79 10.80 10.88 11.68 8.18 10.59 17.67 18.03 12.34 4.96 0.00 0.00 0.00 2.99 2.41 2.56 2.77 3.21 3.21 2.48 1.83 1.75 1.97 2.77 2.99 2.19 1.10 0.29 1.17 2.48 2.48 1.10 2.04 1.31 1.24 2.34 3.07 4.23 0.00 0.00 0.00 0.00 0.88 0.88 0.66 2.41 0.22 2.14 4.14 7.62 9.87 8.93 9.19 8.22 5.71 5.19 4.47 3.28 3.31 6.53 7.14 7.45 5.99 3.29 4.82 3.43 2.98 2.49 2.77 0.00 0.00 0.00 2.94 4.95 5.69 4.13 4.38 0.00 0.00 0.00 0.00 0.00 0.00 1.80
0.00 9.05 8.40 7.81 0.00 7.30 12.78 12.03 11.10 7.23 0.00 0.00 0.00 0.00 2.70 2.63 3.07 3.36 3.36 3.21 2.04 1.83 1.97 2.34 2.63 0.88 0.15 0.07 0.58 1.02 1.61 1.10 1.75 2.48 1.10 1.02 0.51 0.00 0.00 0.00 0.00 0.00 0.00 0.00 1.02 0.88 3.21 5.43 6.72 7.22 7.46 10.28 10.26 9.15 5.37 5.47 2.57 3.29 3.24 3.61 6.96 7.42 6.09 5.62 6.64 2.78 3.45 2.43 2.35 2.07 1.18 0.56 0.00 3.00 6.88 4.64 3.71 3.52 0.00 0.00 0.00 0.00 0.00 0.39
0.00 4.96 0.00 0.00 5.77 8.18 10.29 9.78 9.78 7.59 4.38 0.00 0.00 0.00 1.24 1.97 2.56 3.07 3.07 3.07 2.04 2.56 1.24 2.26 1.10 0.00 0.58 0.07 0.00 0.95 0.00 0.00 0.00 0.00 0.00 0.07 0.15 0.00 0.00 0.00 0.00 0.00 0.00 0.00 0.00 1.83 3.43 4.82 6.64 6.72 7.56 7.87 8.12 7.56 6.03 2.51 1.56 4.23 4.64 5.29 4.16 6.18 5.44 7.26 4.33 4.14 3.69 4.04 4.06 0.85 1.72 1.69 1.78 1.24 4.15 1.85 2.61 2.13 0.00 0.00 0.00 0.00 3.70 0.73
0.00 0.00 0.00 0.00 0.00 7.74 8.25 9.64 8.98 6.64 5.11 3.50 0.00 0.00 0.00 3.21 2.70 2.41 2.41 1.90 2.34 0.73 0.58 0.58 0.88 0.00 0.00 0.00 0.00 0.00 0.00 0.00 0.00 0.00 0.00 0.00 0.00 0.00 0.00 0.00 0.00 0.00 0.00 0.00 0.29 0.00 1.83 3.58 4.67 5.04 10.07 9.70 6.09 5.41 4.28 0.00 0.00 0.00 4.57 4.00 4.72 4.65 7.74 4.89 4.27 6.28 5.66 3.53 4.13 1.35 2.46 0.00 0.00 0.88 0.00 0.00 0.00 0.00 0.00 0.00 0.00 1.69 3.49 1.53
0.00 0.00 0.00 0.00 0.00 0.00 8.69 9.78 9.78 7.74 7.37 5.99 4.31 0.00 0.00 8.32 6.28 3.07 3.07 0.00 1.31 3.50 0.22 0.07 0.00 0.00 0.00 0.00 0.00 0.00 0.00 0.00 0.00 0.00 0.00 0.00 0.00 0.00 0.00 0.00 0.00 0.00 0.00 0.00 0.00 0.00 0.00 0.23 4.03 2.90 5.03 6.72 5.52 4.06 0.00 0.00 0.00 0.00 0.00 7.44 5.26 5.77 4.68 5.93 6.96 5.39 5.47 3.69 4.13 3.58 2.77 1.04 1.23 0.00 0.00 0.00 0.00 0.00 0.00 0.00 0.00 0.00 0.00 2.30
0.00 0.00 0.00 0.00 0.00 0.00 5.40 7.74 9.64 9.05 7.37 6.86 7.88 7.01 6.50 8.08 11.28 9.27 9.27 5.69 3.87 2.92 0.15 0.00 0.00 0.00 0.15 0.00 0.00 0.00 0.44 0.07 0.00 0.00 0.00 0.00 0.00 0.00 0.00 0.00 0.00 0.00 0.00 0.00 0.00 0.00 0.00 0.00 3.82 6.25 6.66 4.40 0.00 0.00 0.00 0.00 0.00 0.00 0.00 0.00 6.65 4.51 5.60 5.52 6.37 5.84 6.79 3.29 3.36 3.97 3.45 1.44 2.90 0.00 0.00 0.00 0.00 0.00 0.00 0.00 0.00 0.00 0.00 0.00
0.00 0.00 0.00 0.00 0.00 0.00 0.00 0.00 7.52 8.10 7.74 7.15 9.05 9.13 8.98 10.71 10.37 11.05 10.31 8.76 13.14 9.13 0.00 1.24 0.00 0.22 0.73 0.22 0.00 0.00 0.00 0.00 0.00 0.00 0.00 0.00 0.00 0.00 0.00 0.00 0.00 0.51 0.00 0.00 0.00 0.00 0.00 1.85 4.35 8.16 4.00 5.47 0.00 0.00 0.00 0.00 0.00 0.00 0.00 0.00 0.00 6.15 3.74 3.22 7.36 6.61 6.57 5.15 6.30 7.00 4.52 3.26 3.88 0.17 0.00 0.00 0.00 0.00 0.00 0.00 0.00 0.00 0.00 0.00
0.00 0.00 0.00 0.00 0.00 0.00 0.00 0.00 0.00 0.00 0.00 0.00 0.00 0.00 0.00 0.00 6.20 8.48 8.62 11.02 6.79 11.83 10.07 7.01 4.89 8.98 9.13 3.21 6.28 1.68 1.97 2.56 5.77 6.50 4.38 3.87 5.91 4.45 0.00 4.55 4.36 3.91 4.60 4.60 4.45 0.37 0.00 1.10 2.18 1.60 0.00 0.00 0.00 0.00 0.00 0.00 0.00 0.00 0.00 0.00 0.00 0.00 0.00 6.36 7.00 5.44 4.00 5.43 6.07 0.00 3.68 1.49 1.42 0.00 0.00 0.00 0.00 0.00 0.00 0.00 0.00 0.00 0.00 0.00
0.00 0.00 0.00 0.00 0.00 0.00 0.00 0.00 0.00 0.00 0.00 0.00 0.00 0.00 0.00 0.00 0.00 0.00 0.00 5.40 5.32 10.97 8.54 9.56 7.66 10.48 11.98 10.22 10.44 10.51 9.56 11.46 9.42 8.69 7.81 5.84 7.08 7.37 5.40 1.83 4.36 4.53 6.42 7.18 6.06 3.94 1.83 1.20 0.56 0.00 0.00 0.00 0.00 0.00 0.00 0.00 0.00 0.00 0.00 0.00 0.00 0.00 0.00 6.51 0.00 6.06 0.00 0.00 0.00 0.00 0.00 0.00 1.77 0.00 0.00 0.00 0.00 0.00 0.00 0.00 0.00 0.00 0.00 0.00
0.00 0.00 0.00 0.00 0.00 0.00 0.00 0.00 0.00 0.00 0.00 0.00 0.00 0.00 0.00 0.00 0.00 0.00 0.00 0.00 0.00 6.13 0.00 8.54 7.01 8.95 5.74 12.05 10.22 10.07 9.42 15.48 12.67 7.15 5.55 7.72 0.00 6.72 3.65 0.00 0.00 3.21 7.26 9.22 3.97 4.76 3.99 0.00 0.00 0.00 0.00 0.00 0.00 0.00 0.00 0.00 0.00 0.00 0.00 0.00 0.00 0.00 0.00 0.00 0.00 0.00 0.00 0.00 0.00 0.00 0.00 0.00 0.00 0.00 0.00 0.00 0.00 0.00 0.00 0.00 0.00 0.00 0.00 0.00
0.00 0.00 0.00 0.00 0.00 0.00 0.00 0.00 0.00 0.00 0.00 0.00 0.00 0.00 0.00 0.00 0.00 0.00 0.00 0.00 0.00 0.00 0.00 7.01 0.00 5.91 6.72 0.00 8.76 3.72 8.10 8.13 16.82 0.00 0.00 0.00 0.00 3.65 7.15 0.00 0.00 0.00 3.71 4.23 0.00 1.95 0.00 0.00 0.00 0.00 0.00 0.00 0.00 0.00 0.00 0.00 0.00 0.00 0.00 0.00 0.00 0.00 0.00 0.00 0.00 0.00 0.00 0.00 0.00 0.00 0.00 0.00 0.00 0.00 0.00 0.00 0.00 0.00 0.00 0.00 0.00 0.00 0.00 0.00
