Wansh/Snow_depth/snowdepth-1996/spring/1996082.txt
ncols 321
nrows 161
xllcenter 60
yllcenter 15 
cellsize  0.25 
NODATA_value -1
[rows 0 to 36 of 161, columns 84 to 167 of 321]
22.56 24.09 23.21 23.65 20.08 17.52 17.52 16.43 18.10 18.32 20.08 19.93 20.00 20.88 20.66 21.46 19.86 21.61 21.61 21.39 21.53 19.49 16.35 17.37 12.05 11.02 5.26 4.53 4.74 4.74 4.74 10.51 10.44 11.10 9.34 8.18 8.40 8.54 4.60 5.55 5.04 7.01 9.20 9.20 8.32 10.95 11.68 12.78 12.26 12.26 12.26 11.10 11.32 10.80 10.29 12.19 8.76 9.34 7.45 7.96 7.59 6.94 5.40 5.62 6.06 7.15 7.96 7.96 7.96 9.20 11.83 11.68 12.34 12.63 10.37 12.41 12.41 13.21 15.91 15.91 14.38 13.07 13.14 12.78
23.43 23.07 23.00 20.73 21.24 18.54 17.45 17.74 19.86 21.24 21.39 21.32 18.54 17.16 17.74 16.86 14.02 15.40 15.40 16.06 18.47 18.76 18.18 18.18 16.72 14.45 4.67 4.53 4.67 5.11 4.74 6.94 9.93 9.05 10.00 7.59 6.13 5.26 5.04 7.74 10.44 9.64 12.70 12.70 15.77 11.39 11.39 12.48 11.10 8.98 9.42 10.59 6.64 6.86 7.88 8.54 8.25 7.96 11.83 9.42 10.15 8.18 11.61 9.64 10.07 7.59 13.43 12.63 12.63 12.63 12.92 13.36 13.72 13.21 16.21 13.65 17.30 17.23 16.06 14.82 15.40 13.36 13.07 12.92
22.63 21.53 19.56 20.37 17.89 18.83 18.47 20.29 21.46 20.95 22.05 22.34 21.46 21.32 15.40 12.41 12.34 13.36 13.36 14.31 17.45 17.08 19.64 19.35 18.40 15.55 10.80 6.42 3.94 4.02 3.80 5.99 5.40 7.23 7.88 7.81 7.15 9.05 8.91 8.98 11.61 13.65 16.72 16.72 15.99 21.53 15.99 17.89 10.07 7.74 6.50 5.99 6.35 6.50 6.79 7.81 10.66 12.19 11.90 12.05 14.02 14.02 14.24 12.05 14.09 15.70 14.82 16.06 16.06 16.21 17.01 13.58 14.45 14.60 16.79 19.49 19.05 19.49 18.76 19.42 15.11 15.62 15.84 14.45
22.63 21.53 19.56 20.37 17.89 18.83 18.47 20.29 21.46 20.95 22.05 22.34 21.46 21.32 15.40 12.41 12.34 13.36 13.36 14.31 17.45 17.08 19.64 19.35 18.40 15.55 10.80 6.42 3.94 4.02 3.80 5.99 5.40 7.23 7.88 7.81 7.15 9.05 8.91 8.98 11.61 13.65 16.72 16.72 15.99 21.53 15.99 17.89 10.07 7.74 6.50 5.99 6.35 6.50 6.79 7.81 10.66 12.19 11.90 12.05 14.02 14.02 14.24 12.05 14.09 15.70 14.82 16.06 16.06 16.21 17.01 13.58 14.45 14.60 16.79 19.49 19.05 19.49 18.76 19.42 15.11 15.62 15.84 14.45
18.40 18.47 19.35 19.64 19.05 18.76 17.89 18.69 18.32 20.37 22.05 22.05 21.53 20.88 19.35 14.60 15.91 17.08 17.08 10.59 13.94 11.68 14.67 17.37 19.35 11.32 13.87 8.25 5.91 3.65 2.99 4.82 4.16 7.15 10.29 11.02 11.02 9.64 9.71 9.86 9.71 11.32 14.60 14.60 20.88 20.29 19.49 18.18 18.98 9.86 9.34 8.47 6.79 6.06 6.06 7.08 8.69 9.13 11.97 11.02 13.80 14.16 15.91 15.55 16.21 19.13 18.91 19.27 19.27 17.37 15.18 15.18 15.55 15.62 15.48 18.54 17.23 17.67 18.40 15.11 15.33 15.26 15.18 15.70
18.98 18.54 20.81 20.81 21.02 18.10 18.61 17.52 17.67 17.67 20.51 19.49 20.81 19.71 20.37 20.66 20.29 19.64 19.64 17.30 9.93 10.88 10.59 12.48 17.81 11.61 8.91 5.33 6.42 4.89 3.58 5.04 7.01 6.28 9.34 10.88 10.15 8.91 9.71 8.18 9.27 8.83 13.07 13.07 13.43 18.32 17.30 19.42 16.72 16.79 16.86 8.61 6.20 6.64 6.42 7.74 7.30 8.25 12.26 13.29 14.53 14.31 16.57 18.47 18.83 18.83 17.59 14.89 14.89 15.26 15.18 15.70 15.77 15.48 15.84 15.70 15.18 13.58 13.94 14.38 17.16 16.57 17.37 16.57
21.24 22.05 22.48 22.19 21.97 20.29 20.59 18.47 18.98 18.76 19.42 17.23 18.03 17.52 19.27 18.47 19.35 18.98 18.98 19.35 18.83 16.86 15.48 13.65 13.51 9.93 7.08 4.45 3.87 4.02 3.80 5.26 7.74 8.03 9.71 9.20 10.37 12.34 8.83 9.71 8.91 8.25 12.26 12.26 11.53 14.02 18.83 17.89 18.54 10.22 7.52 7.66 7.30 7.01 7.81 8.61 10.37 13.36 12.63 14.53 16.28 19.27 18.69 20.15 18.25 16.79 17.01 15.70 15.70 15.70 15.70 17.23 18.03 18.03 16.64 15.62 15.84 13.07 13.58 13.29 15.84 15.26 14.89 17.96
21.24 22.05 22.48 22.19 21.97 20.29 20.59 18.47 18.98 18.76 19.42 17.23 18.03 17.52 19.27 18.47 19.35 18.98 18.98 19.35 18.83 16.86 15.48 13.65 13.51 9.93 7.08 4.45 3.87 4.02 3.80 5.26 7.74 8.03 9.71 9.20 10.37 12.34 8.83 9.71 8.91 8.25 12.26 12.26 11.53 14.02 18.83 17.89 18.54 10.22 7.52 7.66 7.30 7.01 7.81 8.61 10.37 13.36 12.63 14.53 16.28 19.27 18.69 20.15 18.25 16.79 17.01 15.70 15.70 15.70 15.70 17.23 18.03 18.03 16.64 15.62 15.84 13.07 13.58 13.29 15.84 15.26 14.89 17.96
22.56 22.12 22.34 22.12 21.24 21.46 19.93 18.40 18.25 18.98 19.20 14.38 11.75 13.87 16.35 17.45 17.96 17.52 17.52 20.59 20.15 13.14 14.38 9.05 7.08 5.40 5.69 4.74 4.82 5.69 5.84 6.50 6.13 8.54 13.87 15.33 15.33 14.02 10.88 9.13 9.27 8.47 9.56 9.56 11.61 12.05 13.36 8.69 11.61 7.96 7.81 7.30 11.39 9.42 9.86 9.34 11.17 10.80 12.85 12.12 14.75 18.47 14.97 14.53 16.94 17.74 15.91 15.99 15.99 16.94 17.37 17.59 18.18 16.43 16.86 15.18 14.09 13.51 14.38 14.53 15.04 13.43 14.67 14.24
20.51 22.19 22.48 22.56 21.61 20.15 19.78 18.91 18.83 18.83 15.99 17.37 14.53 11.02 15.84 17.96 19.71 18.32 18.32 21.83 21.02 20.59 8.47 11.90 5.84 5.04 5.18 6.13 6.06 5.99 5.40 5.77 9.56 8.61 12.48 14.24 11.68 11.39 11.68 8.03 7.01 8.03 8.03 8.03 7.59 7.88 7.81 8.18 9.20 8.61 12.78 14.24 13.51 12.12 11.32 12.05 11.90 11.53 10.37 11.83 12.63 12.12 13.07 13.65 15.55 15.26 16.35 18.25 18.25 18.10 18.47 19.64 17.89 16.35 13.58 14.09 14.89 18.83 15.62 15.40 13.43 14.24 13.21 12.78
21.75 21.17 21.24 20.73 19.78 19.93 19.56 18.47 16.43 16.13 17.23 15.84 15.62 16.13 18.32 20.15 21.97 21.02 21.02 20.51 23.00 16.43 9.20 10.37 7.30 6.64 6.35 5.62 5.91 5.62 5.48 5.99 7.59 9.78 9.93 9.64 11.02 10.07 9.13 10.15 8.40 11.75 8.91 8.91 9.20 8.47 8.83 9.05 12.34 12.63 12.70 13.51 12.85 11.90 11.32 11.68 11.68 11.61 14.24 13.87 13.14 12.63 13.94 13.72 16.06 15.55 18.98 21.02 21.02 22.70 22.48 20.59 19.05 19.42 13.94 15.11 14.60 18.47 17.30 17.89 13.72 13.72 13.43 11.75
21.75 21.17 21.24 20.73 19.78 19.93 19.56 18.47 16.43 16.13 17.23 15.84 15.62 16.13 18.32 20.15 21.97 21.02 21.02 20.51 23.00 16.43 9.20 10.37 7.30 6.64 6.35 5.62 5.91 5.62 5.48 5.99 7.59 9.78 9.93 9.64 11.02 10.07 9.13 10.15 8.40 11.75 8.91 8.91 9.20 8.47 8.83 9.05 12.34 12.63 12.70 13.51 12.85 11.90 11.32 11.68 11.68 11.61 14.24 13.87 13.14 12.63 13.94 13.72 16.06 15.55 18.98 21.02 21.02 22.70 22.48 20.59 19.05 19.42 13.94 15.11 14.60 18.47 17.30 17.89 13.72 13.72 13.43 11.75
17.37 20.66 20.37 18.91 19.42 17.59 15.91 15.48 15.55 15.40 15.11 16.43 18.98 20.44 19.49 21.32 21.97 23.14 23.14 23.87 15.04 10.00 10.15 10.00 10.15 7.52 6.64 6.57 6.35 5.99 6.57 6.06 9.71 10.80 10.66 11.17 10.80 13.58 11.97 12.12 10.73 12.85 9.56 9.56 10.15 7.52 8.40 9.49 10.44 12.85 11.75 11.97 11.83 11.61 11.02 11.61 14.38 16.57 16.21 16.86 14.24 14.24 14.45 14.16 16.94 18.54 18.54 20.15 20.15 22.27 22.92 22.12 20.22 17.08 16.28 14.67 16.13 17.23 18.10 15.77 16.13 14.89 14.60 14.60
18.25 19.13 18.25 18.54 17.52 16.43 15.62 15.91 15.48 15.62 17.74 19.13 18.32 21.32 23.07 23.21 19.64 22.41 22.41 21.24 13.87 10.29 10.59 9.56 8.25 7.08 7.30 7.37 7.30 10.59 16.28 14.53 14.82 12.99 14.60 15.04 14.97 15.11 11.39 10.80 10.29 10.95 7.30 7.30 7.37 7.30 10.00 8.25 9.56 9.86 9.56 9.27 8.98 8.47 11.68 10.59 12.63 12.70 11.97 12.63 12.78 13.43 17.89 17.89 17.67 19.49 21.24 21.02 21.02 20.22 22.92 20.37 22.05 18.32 16.06 15.26 15.26 10.00 11.10 14.16 13.14 12.70 13.36 13.94
17.37 18.83 17.52 16.21 16.21 16.72 16.72 16.94 17.74 19.20 19.20 14.82 15.91 17.67 16.50 18.61 14.97 11.75 11.75 11.53 12.41 8.83 10.15 10.59 8.91 8.69 11.10 12.56 16.35 14.97 17.74 18.18 17.30 14.60 15.11 13.80 7.08 6.94 6.57 8.25 8.18 7.88 7.30 7.30 11.39 11.39 9.71 10.51 10.07 10.51 12.70 12.05 10.95 14.53 17.37 16.21 13.21 13.94 10.44 7.74 11.10 9.71 14.31 12.41 17.08 17.59 16.21 18.03 18.03 17.37 21.17 18.83 14.67 17.45 15.04 14.02 15.04 6.42 3.94 2.85 12.12 12.12 12.63 11.46
17.59 17.08 16.28 16.64 16.06 15.33 12.78 15.18 11.17 11.53 14.60 14.97 12.70 12.63 10.51 9.93 9.93 9.93 9.93 9.49 8.47 8.32 9.49 10.37 11.53 12.48 10.88 12.05 14.75 16.86 17.81 17.52 16.72 12.78 8.32 10.22 6.64 5.18 9.20 8.69 9.86 12.05 12.63 12.63 12.56 11.53 11.83 9.71 9.78 11.17 11.68 11.17 13.14 13.29 17.08 17.08 13.07 9.27 10.51 8.25 8.03 9.42 9.71 9.56 13.14 15.99 15.26 17.74 17.74 20.44 19.78 17.89 13.65 14.97 14.09 14.89 5.69 7.15 1.53 9.64 7.59 12.78 10.59 12.63
17.59 17.08 16.28 16.64 16.06 15.33 12.78 15.18 11.17 11.53 14.60 14.97 12.70 12.63 10.51 9.93 9.93 9.93 9.93 9.49 8.47 8.32 9.49 10.37 11.53 12.48 10.88 12.05 14.75 16.86 17.81 17.52 16.72 12.78 8.32 10.22 6.64 5.18 9.20 8.69 9.86 12.05 12.63 12.63 12.56 11.53 11.83 9.71 9.78 11.17 11.68 11.17 13.14 13.29 17.08 17.08 13.07 9.27 10.51 8.25 8.03 9.42 9.71 9.56 13.14 15.99 15.26 17.74 17.74 20.44 19.78 17.89 13.65 14.97 14.09 14.89 5.69 7.15 1.53 9.64 7.59 12.78 10.59 12.63
15.99 16.86 16.86 16.13 15.84 15.62 10.59 10.07 9.64 9.42 9.20 11.10 12.12 9.13 13.58 11.10 12.48 9.34 9.34 10.29 7.66 5.99 8.91 9.27 11.97 10.80 11.32 9.05 9.49 13.07 16.06 17.30 16.43 17.23 9.78 9.49 8.10 8.18 9.93 9.20 11.75 11.83 10.51 10.51 10.44 10.88 12.26 10.44 10.51 11.53 11.17 12.92 13.87 16.06 16.28 13.43 11.90 9.86 13.94 13.36 13.43 12.19 15.26 14.24 13.80 14.97 17.59 16.94 16.94 20.00 18.91 14.38 14.45 16.28 14.89 15.84 5.62 0.00 0.00 7.01 6.42 6.57 7.96 9.49
14.75 16.79 16.79 18.83 17.59 18.18 15.77 13.87 8.25 8.32 11.46 11.97 15.40 15.55 15.40 15.70 15.99 15.77 15.77 10.44 10.07 6.20 6.64 8.83 10.29 9.71 10.80 10.15 11.46 12.05 15.04 20.29 18.54 19.13 15.26 10.29 7.81 4.82 5.69 6.50 4.74 9.64 8.47 8.47 12.78 15.55 11.53 13.51 12.41 12.63 11.10 10.66 12.12 12.05 13.43 13.14 13.21 12.48 16.72 18.03 16.64 21.17 18.25 14.60 15.18 15.77 18.03 24.24 24.24 20.22 21.46 13.87 15.04 15.18 7.23 4.02 5.91 0.88 1.53 4.53 4.45 3.80 4.09 5.40
15.84 16.50 16.13 17.89 20.29 21.90 17.96 17.45 13.94 11.32 13.58 14.02 13.87 15.04 13.29 13.87 16.28 15.84 15.84 15.62 12.99 8.69 11.02 9.05 10.88 12.12 11.68 10.51 9.78 11.83 11.24 15.84 8.91 11.53 11.32 10.95 3.87 2.19 0.44 4.09 2.63 9.64 15.55 15.55 13.65 16.72 15.77 14.89 12.56 13.43 10.80 12.05 11.39 11.97 13.80 17.52 18.03 17.74 18.61 18.76 22.12 19.27 20.00 15.99 16.72 21.83 20.37 24.82 24.82 15.48 11.90 13.51 5.26 5.48 6.13 2.77 0.07 0.15 0.95 1.61 2.92 2.85 2.99 3.14
15.91 16.94 17.45 20.66 22.19 19.42 18.76 19.86 17.67 16.57 15.62 17.08 15.55 17.96 14.16 14.31 15.26 15.04 15.04 14.89 13.21 12.78 13.14 11.53 11.10 12.63 15.70 12.56 7.52 7.96 4.09 5.11 4.89 7.59 3.80 2.56 2.99 1.39 0.00 2.04 1.46 4.23 11.02 11.02 8.03 15.40 14.60 13.94 9.86 10.07 11.53 11.90 11.97 17.45 16.50 19.78 20.15 18.25 17.96 17.74 18.25 12.48 14.97 15.33 15.33 21.02 14.02 22.34 22.34 11.24 4.02 3.36 3.36 2.19 2.56 2.70 1.31 1.02 1.02 0.95 0.58 1.46 1.24 2.04
11.02 16.43 19.20 16.94 16.94 18.10 17.52 17.89 19.05 18.83 19.13 16.57 16.28 23.43 24.24 17.37 19.20 16.50 16.50 17.59 15.48 16.28 15.70 19.35 20.88 18.91 19.86 15.48 16.72 11.39 5.26 3.50 3.36 2.92 2.63 0.88 0.00 0.00 0.00 0.29 2.77 2.48 6.35 6.35 4.67 11.61 3.80 3.50 5.18 7.30 7.52 7.30 12.92 17.81 16.43 20.59 18.40 16.86 14.82 9.93 9.78 10.80 10.88 14.60 13.65 17.01 10.66 8.10 8.10 9.34 4.89 2.63 1.61 2.04 0.88 0.22 0.37 0.00 1.10 0.58 0.58 0.15 0.00 0.88
11.02 16.43 19.20 16.94 16.94 18.10 17.52 17.89 19.05 18.83 19.13 16.57 16.28 23.43 24.24 17.37 19.20 16.50 16.50 17.59 15.48 16.28 15.70 19.35 20.88 18.91 19.86 15.48 16.72 11.39 5.26 3.50 3.36 2.92 2.63 0.88 0.00 0.00 0.00 0.29 2.77 2.48 6.35 6.35 4.67 11.61 3.80 3.50 5.18 7.30 7.52 7.30 12.92 17.81 16.43 20.59 18.40 16.86 14.82 9.93 9.78 10.80 10.88 14.60 13.65 17.01 10.66 8.10 8.10 9.34 4.89 2.63 1.61 2.04 0.88 0.22 0.37 0.00 1.10 0.58 0.58 0.15 0.00 0.88
6.86 7.96 6.72 12.78 14.67 14.53 15.70 17.45 17.08 21.97 24.38 23.14 23.65 23.87 21.17 20.73 20.95 18.69 18.69 17.45 18.76 19.20 20.15 22.27 21.97 21.39 16.79 14.89 15.40 11.83 7.74 4.38 1.97 2.85 1.31 0.29 0.00 0.00 0.00 0.00 1.24 0.88 0.80 0.80 2.99 0.00 0.00 0.00 1.97 0.00 0.00 3.14 8.47 4.45 9.64 12.92 12.05 14.09 8.47 9.27 10.29 10.66 10.07 13.94 14.02 14.38 10.95 8.10 8.10 6.94 6.42 8.18 2.41 1.61 1.53 0.44 0.00 0.00 0.00 0.07 0.00 0.00 0.00 0.00
7.45 5.69 8.69 7.88 11.10 23.58 27.52 28.11 27.01 27.16 22.70 20.88 17.96 17.37 18.83 17.59 19.13 19.27 19.27 18.25 17.37 17.81 21.10 21.75 21.57 21.78 17.25 14.45 17.01 10.29 11.90 5.11 2.56 1.53 0.00 0.37 0.00 0.00 0.66 0.73 0.88 0.00 0.00 0.00 1.31 0.00 0.00 0.00 0.00 0.00 0.00 0.00 0.00 0.00 4.16 7.01 7.23 8.98 8.54 10.44 11.75 10.37 9.93 11.83 13.21 8.40 8.25 8.47 8.47 8.69 8.54 9.13 5.77 2.19 0.29 0.80 0.00 0.00 0.00 0.00 0.00 0.00 0.00 0.00
16.28 15.48 17.89 16.43 20.37 23.43 17.74 22.85 18.32 20.29 20.81 9.27 11.68 5.99 14.67 13.29 21.39 23.94 23.94 21.75 25.48 23.29 23.07 24.64 27.30 22.72 20.38 23.25 19.56 14.02 8.18 7.23 8.25 3.29 4.16 0.88 0.44 0.22 1.61 0.88 0.66 0.80 0.00 0.00 0.00 1.17 0.00 0.00 0.00 0.00 0.00 0.00 0.00 0.00 0.00 0.00 5.69 7.74 11.61 11.02 12.19 10.51 9.71 9.64 10.15 6.20 5.77 7.37 7.37 7.08 7.66 3.72 4.09 2.63 1.02 0.80 1.17 0.00 0.00 0.15 0.37 0.00 0.00 0.00
17.16 17.96 17.74 17.23 17.89 15.33 15.18 12.56 15.26 0.00 4.02 3.21 5.99 1.46 10.80 10.00 10.51 19.35 19.35 17.52 8.91 16.82 19.34 22.95 24.43 25.34 26.03 25.00 23.18 18.18 17.23 10.51 14.53 6.94 8.25 1.75 5.26 1.83 1.90 1.46 0.51 0.80 0.00 0.00 0.00 0.07 0.00 0.00 0.00 0.00 0.00 0.00 0.00 0.00 0.00 0.00 3.94 4.16 9.34 9.49 12.70 12.19 10.66 10.15 5.91 6.28 11.97 9.56 9.56 9.27 11.02 4.23 4.02 3.58 3.65 2.48 1.68 2.19 0.58 1.02 0.15 0.44 0.00 0.07
19.86 17.81 17.01 15.18 15.11 12.41 6.13 9.56 6.42 2.56 0.00 0.00 0.00 0.00 2.70 5.91 4.96 11.02 11.02 8.18 10.40 6.00 9.93 2.63 9.12 17.74 26.26 21.42 24.15 22.49 21.20 16.79 18.69 12.70 14.31 7.23 7.81 2.34 1.75 2.34 0.73 0.73 0.00 0.00 0.00 0.00 0.00 0.00 0.00 0.00 0.00 0.00 0.00 0.00 0.00 1.02 0.00 0.00 5.48 5.69 12.19 13.07 11.90 14.67 16.21 15.91 14.02 19.35 19.35 14.09 10.07 11.24 5.33 3.43 4.31 3.14 1.61 0.58 0.58 1.24 0.37 0.29 0.22 0.07
19.86 17.81 17.01 15.18 15.11 12.41 6.13 9.56 6.42 2.56 0.00 0.00 0.00 0.00 2.70 5.91 4.96 11.02 11.08 8.44 10.56 6.43 9.68 2.70 8.98 17.74 25.48 19.91 22.56 22.84 21.42 17.49 21.00 13.44 14.67 7.23 7.81 2.34 1.75 2.34 0.73 0.73 0.00 0.00 0.00 0.00 0.00 0.00 0.00 0.00 0.00 0.00 0.00 0.00 0.00 1.02 0.00 0.00 5.48 5.69 12.19 13.07 11.90 14.67 16.21 15.91 14.02 19.35 19.35 14.09 10.07 11.24 5.33 3.43 4.31 3.14 1.61 0.58 0.58 1.24 0.37 0.29 0.22 0.07
20.22 18.91 19.64 9.56 10.88 11.32 7.66 9.78 9.20 7.30 8.91 3.36 4.82 4.16 3.43 5.77 8.18 8.83 8.83 3.29 3.21 0.00 0.00 0.00 0.00 11.87 4.94 12.62 20.95 17.68 22.27 22.47 23.51 23.99 19.04 11.80 11.95 12.12 2.63 2.70 0.73 0.44 0.00 0.00 0.00 0.15 0.00 0.00 0.00 0.00 0.00 0.00 0.00 0.00 0.00 0.00 0.00 1.46 2.77 2.70 3.29 9.64 10.80 17.96 17.01 20.15 19.42 19.35 19.35 17.23 9.05 4.45 4.89 3.21 5.26 4.23 2.77 1.39 1.53 1.68 1.10 0.37 0.00 0.00
19.13 18.98 19.93 13.87 12.99 5.99 7.15 10.07 12.26 10.37 11.61 8.18 4.82 5.62 10.00 8.83 12.63 8.32 8.32 4.62 1.97 0.00 0.00 0.00 0.00 0.00 0.00 5.60 12.22 10.03 17.59 16.57 21.32 22.83 23.00 22.49 15.49 17.09 6.72 5.84 9.05 2.26 2.48 2.48 0.00 0.00 0.37 0.00 0.95 0.00 0.00 0.00 0.00 0.00 0.00 0.00 0.00 0.00 0.00 1.68 1.24 5.04 6.72 17.52 16.43 16.50 16.35 11.61 11.61 11.61 8.69 4.02 2.85 5.84 5.26 4.16 2.48 1.61 2.26 2.26 2.77 2.34 0.29 0.44
20.88 21.97 26.35 15.40 13.36 8.91 8.76 8.98 17.45 12.12 9.86 3.43 3.72 5.77 8.61 9.56 12.34 12.05 12.05 4.89 3.07 2.19 2.12 1.02 0.00 0.00 0.00 0.00 0.00 6.38 11.17 13.65 19.13 17.52 22.82 22.05 21.02 17.52 12.70 11.97 15.26 5.26 5.69 5.69 4.67 0.00 0.00 0.00 0.07 0.00 1.17 0.00 0.00 0.00 0.00 0.00 0.00 0.00 0.00 0.00 0.00 0.00 3.80 6.64 11.53 11.24 7.59 9.05 9.05 4.38 2.48 2.99 2.70 3.43 3.87 4.31 3.29 3.94 2.34 2.63 3.94 6.28 6.57 4.38
16.86 27.81 28.32 16.64 18.47 15.84 19.64 21.75 21.24 16.86 13.58 6.79 7.45 8.25 8.91 7.08 5.62 9.34 9.34 7.74 4.60 1.53 1.75 1.75 0.00 0.00 0.00 0.00 1.31 2.63 1.83 8.47 12.70 10.95 18.98 18.47 19.19 22.39 20.34 17.70 18.10 9.93 9.49 9.49 6.57 2.63 1.17 0.00 0.80 0.88 0.07 0.58 0.00 0.00 0.00 0.00 0.44 0.00 0.00 1.46 0.88 1.39 3.87 2.92 6.57 4.31 3.80 6.64 6.64 3.43 1.68 1.97 1.90 1.68 3.80 3.65 3.50 3.80 3.58 5.11 4.38 6.86 5.77 6.13
7.74 15.77 20.81 23.94 16.50 10.44 12.05 6.57 8.11 8.03 11.46 8.10 9.93 7.74 8.91 6.06 0.00 7.88 7.88 0.00 0.00 0.00 0.00 0.00 0.07 0.00 0.00 0.00 0.00 0.00 0.00 0.00 0.00 4.74 4.31 14.31 12.19 20.00 15.27 16.85 12.25 13.43 11.02 11.02 8.83 4.89 3.29 4.60 2.85 0.00 0.29 0.80 0.00 0.44 0.00 0.00 0.00 1.53 2.85 2.48 2.26 2.77 1.75 1.68 1.68 2.19 2.99 2.56 2.56 2.85 1.97 0.00 1.02 0.66 2.26 1.90 3.07 2.85 2.77 2.26 2.48 5.26 6.06 6.13
7.37 10.59 14.60 18.10 11.68 11.02 9.86 11.02 4.27 6.20 7.59 7.08 8.10 5.11 2.34 3.94 0.88 0.00 0.00 0.00 0.00 0.00 0.00 0.00 0.00 0.00 0.00 0.00 0.00 0.00 0.00 0.00 0.00 0.00 0.00 6.20 4.89 9.07 9.86 5.48 10.03 12.63 13.36 13.36 8.18 6.94 5.55 6.06 4.09 2.77 3.80 0.95 1.02 0.00 0.00 0.00 0.00 0.00 0.00 0.00 2.56 2.70 1.83 0.80 1.97 0.00 0.00 0.00 0.00 0.00 0.00 0.00 1.97 1.61 1.90 0.73 0.00 2.26 0.00 1.83 1.39 2.26 3.58 5.04
7.37 10.59 14.60 18.10 11.68 11.02 9.86 11.02 4.16 6.20 7.59 7.08 8.10 5.11 2.34 3.94 0.88 0.00 0.00 0.00 0.00 0.00 0.00 0.00 0.00 0.00 0.00 0.00 0.00 0.00 0.00 0.00 0.00 0.00 0.00 6.24 4.89 9.02 9.95 5.48 9.93 12.63 13.36 13.36 8.18 6.94 5.55 6.06 4.09 2.77 3.80 0.95 1.02 0.00 0.00 0.00 0.00 0.00 0.00 0.00 2.56 2.70 1.83 0.80 1.97 0.00 0.00 0.00 0.00 0.00 0.00 0.00 1.97 1.61 1.90 0.73 0.00 2.26 0.00 1.83 1.39 2.26 3.58 5.04
14.24 8.83 11.46 12.78 16.13 18.98 15.26 16.60 8.60 8.61 6.72 6.06 6.06 3.94 0.00 0.00 0.00 0.00 0.00 0.00 0.00 0.00 0.00 0.00 0.00 0.00 0.00 0.00 0.00 0.00 0.00 0.00 0.00 0.00 0.00 0.00 0.00 0.00 2.05 1.31 1.61 6.42 0.00 0.00 2.19 3.87 5.77 4.82 6.28 6.79 5.33 3.14 0.00 0.00 0.00 0.00 0.00 0.00 0.00 0.00 1.10 1.83 1.83 1.31 1.75 2.56 0.00 2.56 2.56 0.00 0.00 0.00 0.00 0.44 0.00 0.00 0.00 0.00 0.00 0.00 0.73 1.24 1.10 0.58
