Wansh/Snow_depth/snowdepth-1998/winter/1998347.txt
ncols 321
nrows 161
xllcenter 60
yllcenter 15 
cellsize  0.25 
NODATA_value -1
[rows 0 to 36 of 161, columns 168 to 251 of 321]
0.00 0.00 0.00 0.00 0.00 0.00 0.00 1.31 1.68 1.68 2.19 1.83 1.83 1.46 1.46 1.61 1.83 3.14 2.85 3.72 3.43 3.14 3.21 3.07 3.14 0.22 1.83 0.00 0.00 0.00 0.00 0.00 5.04 11.68 9.78 9.78 11.17 10.00 8.91 7.01 7.01 7.01 11.17 6.57 7.23 10.51 10.51 11.02 10.80 9.93 6.79 3.80 3.80 3.80 3.65 4.74 4.31 4.74 4.38 6.06 6.06 6.06 6.94 8.03 11.61 10.29 12.70 9.93 8.76 9.05 7.52 7.15 7.01 7.37 10.15 12.70 12.12 13.80 13.36 15.18 15.11 15.26 14.38 15.40
0.73 1.10 0.00 0.00 0.00 0.00 0.80 0.51 1.46 1.46 1.39 1.39 2.04 1.61 1.83 1.31 2.63 2.56 3.36 3.72 3.65 2.26 2.26 2.41 0.95 0.00 0.00 0.00 0.00 0.00 0.00 0.00 3.14 8.69 2.92 2.92 5.62 4.60 8.61 10.88 10.80 11.61 11.39 12.12 12.12 11.24 11.32 7.37 7.01 7.01 6.64 4.45 3.43 3.43 3.94 3.36 3.58 4.09 3.36 4.16 4.16 5.55 5.04 8.03 9.93 9.34 9.42 9.86 8.69 8.25 8.40 7.88 10.29 10.73 10.37 12.05 14.75 14.02 13.14 13.58 13.58 10.29 13.21 11.68
5.99 3.21 1.97 2.26 0.00 0.00 0.00 0.73 2.19 2.19 2.04 2.26 1.90 2.19 1.39 3.07 4.02 3.87 3.50 3.94 4.02 3.14 1.83 0.00 0.00 0.00 0.00 0.00 0.00 0.00 0.00 0.00 2.34 1.75 1.83 1.83 5.99 10.37 11.61 11.53 11.53 10.15 13.29 8.83 7.96 5.91 6.35 6.42 4.53 4.74 4.02 3.14 3.43 3.87 3.50 4.16 3.29 3.43 3.43 3.94 3.94 5.40 7.37 8.47 8.18 9.27 8.61 8.98 8.47 9.71 9.56 9.49 10.00 10.29 11.24 11.39 9.05 10.66 11.39 8.47 9.86 9.86 9.42 10.00
5.99 3.21 1.97 2.26 0.00 0.00 0.00 0.73 2.19 2.19 2.04 2.26 1.90 2.19 1.39 3.07 4.02 3.87 3.50 3.94 4.02 3.14 1.83 0.00 0.00 0.00 0.00 0.00 0.00 0.00 0.00 0.00 2.34 1.75 1.83 1.83 5.99 10.37 11.61 11.53 11.53 10.15 13.29 8.83 7.96 5.91 6.35 6.42 4.53 4.74 4.02 3.14 3.43 3.87 3.50 4.16 3.29 3.43 3.43 3.94 3.94 5.40 7.37 8.47 8.18 9.27 8.61 8.98 8.47 9.71 9.56 9.49 10.00 10.29 11.24 11.39 9.05 10.66 11.39 8.47 9.86 9.86 9.42 10.00
4.45 4.89 3.80 0.88 1.75 0.00 1.39 1.53 1.10 1.10 2.04 3.21 2.63 2.41 3.21 3.21 3.43 5.40 3.58 3.87 2.34 0.44 0.00 0.00 0.00 0.00 0.00 0.00 0.00 0.00 0.00 3.21 2.48 4.16 8.32 8.32 6.86 10.22 8.76 10.51 9.71 8.54 8.69 8.32 6.35 4.89 3.80 4.31 4.16 3.87 3.58 3.50 4.31 4.53 4.23 4.31 3.87 4.31 4.89 5.62 5.62 5.48 6.28 8.69 7.66 8.03 8.69 7.37 8.69 8.47 9.13 7.45 8.83 9.42 6.79 7.59 7.66 6.64 7.30 7.59 7.45 10.15 9.86 11.24
5.69 8.25 6.64 7.01 3.58 2.56 2.41 2.63 2.19 2.19 2.34 2.85 4.96 5.18 4.82 4.53 5.48 5.04 2.26 2.48 0.73 0.00 0.00 0.00 0.00 0.00 0.00 0.00 0.00 0.00 1.17 0.58 3.14 5.48 7.01 7.01 7.23 7.45 7.74 8.61 7.52 7.01 5.77 5.84 5.55 5.62 4.31 3.72 3.50 3.43 3.94 3.14 3.80 2.34 2.70 2.48 4.02 3.21 4.31 6.28 6.28 7.88 8.25 8.47 7.74 6.13 5.69 6.13 7.01 5.99 5.18 6.50 5.33 6.06 6.28 5.33 6.42 6.57 6.42 8.10 7.74 10.07 10.88 10.88
8.32 8.83 8.83 10.00 10.00 5.26 7.37 6.94 6.35 6.35 4.60 5.11 7.66 5.11 7.45 7.37 4.89 5.55 0.00 0.00 0.00 0.00 0.00 0.00 0.00 0.00 0.00 0.00 0.00 0.80 3.50 4.31 5.48 5.18 6.42 6.42 6.06 6.06 5.84 5.69 5.69 5.33 5.18 4.02 4.67 4.23 4.23 4.02 4.31 4.96 4.23 1.97 4.60 1.75 1.83 2.12 1.46 2.26 5.55 5.40 5.40 5.33 4.31 4.96 4.89 4.74 2.48 3.65 3.29 4.02 4.38 4.45 5.11 4.16 5.26 5.40 5.11 6.42 6.06 9.51 11.84 11.63 11.19 12.05
8.32 8.83 8.83 10.00 10.00 5.26 7.37 6.94 6.35 6.35 4.60 5.11 7.66 5.11 7.45 7.37 4.89 5.55 0.00 0.00 0.00 0.00 0.00 0.00 0.00 0.00 0.00 0.00 0.00 0.80 3.50 4.31 5.48 5.18 6.42 6.42 6.06 6.06 5.84 5.69 5.69 5.33 5.18 4.02 4.67 4.23 4.23 4.02 4.31 4.96 4.23 1.97 4.60 1.75 1.83 2.12 1.46 2.26 5.55 5.40 5.40 5.33 4.31 4.96 4.89 4.74 2.48 3.65 3.29 4.02 4.38 4.45 5.11 4.16 5.26 6.25 7.05 9.24 8.30 16.15 19.56 15.48 14.40 12.50
3.58 7.74 9.93 9.42 10.88 10.07 7.30 7.96 7.23 7.23 7.01 8.91 8.25 8.83 7.15 4.23 0.37 0.88 0.00 0.00 0.00 0.00 0.00 0.00 0.00 0.00 0.00 0.00 0.00 3.43 2.92 4.16 5.04 4.89 6.06 6.06 5.62 5.91 5.84 5.69 5.33 5.77 5.77 5.91 5.11 5.33 5.18 5.40 5.48 5.62 4.96 2.12 0.44 0.95 0.66 0.66 1.46 2.41 1.97 2.41 2.41 2.04 3.80 2.85 2.48 2.41 2.56 3.21 4.02 3.80 4.67 4.31 3.87 4.06 6.50 8.25 8.50 10.40 11.49 13.78 13.33 12.00 11.60 10.35
2.48 3.14 4.60 4.60 6.79 8.10 8.54 5.69 7.01 7.01 6.57 7.59 7.74 6.50 7.59 2.34 0.00 0.00 0.00 0.00 0.00 0.00 0.00 0.00 0.00 0.00 2.99 4.09 3.07 3.94 3.43 3.87 3.87 4.96 4.96 4.96 4.74 4.45 4.02 4.60 5.04 6.20 5.77 5.84 5.69 5.48 4.96 5.40 2.19 2.12 2.26 1.68 1.39 0.88 1.02 1.46 1.02 1.17 2.04 1.61 1.61 2.77 3.50 3.14 4.02 4.31 4.23 4.31 4.02 5.11 5.26 4.60 5.37 7.67 7.93 7.35 10.16 10.53 12.57 12.83 11.74 9.60 11.49 11.49
2.56 2.56 2.77 4.23 3.65 5.40 5.18 4.38 4.31 4.31 3.94 4.38 0.00 0.00 0.00 0.00 0.00 0.00 0.00 0.00 0.00 0.00 1.39 2.41 3.36 0.00 0.29 3.94 4.23 4.16 3.36 3.80 3.58 4.38 4.53 4.53 5.11 4.09 3.58 3.94 5.91 6.42 5.62 5.48 4.74 5.04 5.40 3.29 1.90 2.12 2.19 1.97 1.75 2.85 2.92 2.19 2.34 4.89 4.02 4.23 4.23 3.80 4.02 4.31 4.45 4.60 4.60 5.69 5.48 6.13 7.66 5.84 5.99 5.71 4.36 6.23 8.43 10.75 8.82 9.73 9.24 9.63 7.55 8.36
2.56 2.56 2.77 4.23 3.65 5.40 5.18 4.38 4.31 4.31 3.94 4.38 0.00 0.00 0.00 0.00 0.00 0.00 0.00 0.00 0.00 0.00 1.39 2.41 3.36 0.00 0.29 3.94 4.23 4.16 3.36 3.80 3.58 4.38 4.53 4.53 5.11 4.09 3.58 3.94 5.91 6.42 5.62 5.48 4.74 5.04 5.40 3.29 1.90 2.12 2.19 1.97 1.75 2.85 2.92 2.19 2.34 4.89 4.02 4.23 4.23 3.80 4.02 4.31 4.45 4.60 4.60 5.69 5.48 6.13 7.66 5.84 5.84 5.62 4.23 5.78 7.51 9.95 9.41 10.10 9.24 9.42 8.30 8.94
5.04 3.58 2.77 2.77 3.14 3.14 2.85 1.68 0.00 0.00 0.00 0.00 0.00 0.00 0.00 0.00 0.00 0.00 0.00 2.19 4.45 3.58 2.56 3.65 4.16 3.87 4.23 3.36 3.50 3.80 3.65 4.31 4.67 4.96 4.96 4.96 4.82 5.40 6.64 6.72 6.50 6.50 6.06 4.89 3.65 2.99 2.63 2.70 2.63 3.21 2.92 2.77 3.29 3.07 3.29 3.94 6.50 6.28 6.06 6.20 6.20 5.40 6.79 6.57 8.98 7.01 7.15 7.37 10.37 10.00 9.20 8.25 6.42 6.86 5.24 6.96 7.82 7.83 8.10 8.61 7.10 7.94 8.09 8.00
3.94 4.16 3.14 4.16 2.92 3.21 1.10 0.00 0.00 0.00 0.00 0.00 0.00 0.00 0.00 0.00 0.00 0.00 0.00 2.26 4.09 7.01 5.18 5.91 5.11 3.87 4.16 3.21 4.09 3.72 4.09 4.31 4.82 4.09 4.60 4.60 5.33 5.26 6.20 6.57 7.23 7.15 6.20 6.50 5.33 2.77 5.11 4.53 3.94 3.36 4.23 4.23 6.94 6.42 6.72 6.64 6.72 6.79 8.03 8.40 8.40 10.88 9.71 12.99 11.53 10.44 9.49 14.31 11.75 13.58 10.66 9.20 7.30 6.68 9.31 7.53 5.92 6.23 8.31 6.39 7.25 6.12 6.70 8.01
7.01 7.45 5.62 6.06 4.53 2.12 4.23 3.43 1.46 1.46 0.00 0.00 0.00 0.00 0.00 0.00 0.00 3.72 0.29 4.67 6.64 7.15 6.86 5.26 5.33 4.60 7.59 7.01 5.11 5.18 4.45 4.53 4.82 4.89 5.69 5.69 5.91 4.74 5.55 6.57 7.37 7.01 6.28 6.86 6.79 6.86 5.91 5.99 6.64 4.09 7.15 7.23 8.03 7.96 8.32 10.29 8.69 8.83 8.18 10.88 10.88 13.87 15.26 15.04 14.97 17.67 15.99 16.64 13.87 15.26 11.39 11.97 9.65 8.96 7.56 8.18 6.44 8.33 7.35 7.21 6.47 6.26 8.68 6.26
8.32 6.94 7.66 6.57 6.57 6.28 6.35 6.13 7.01 7.01 3.65 0.00 4.38 3.36 3.50 3.21 2.85 2.70 3.72 5.33 5.11 7.01 8.91 7.96 9.42 8.25 8.32 8.10 6.28 6.79 5.48 5.48 5.18 5.04 6.86 6.86 5.62 6.64 6.64 6.79 7.15 6.20 6.57 7.23 8.32 7.88 7.01 7.45 7.96 8.32 8.61 8.32 8.91 11.10 11.02 11.32 9.42 10.29 10.37 10.22 10.22 12.70 16.50 18.61 17.37 17.81 15.33 14.31 13.80 15.77 9.71 8.58 10.95 9.05 9.07 8.20 9.10 7.72 7.11 7.65 7.65 10.49 9.21 8.90
8.32 6.94 7.66 6.57 6.57 6.28 6.35 6.13 7.01 7.01 3.65 0.00 4.38 3.36 3.50 3.21 2.85 2.70 3.72 5.33 5.11 7.01 8.91 7.96 9.42 8.25 8.32 8.10 6.28 6.79 5.48 5.48 5.18 5.04 6.86 6.86 5.62 6.64 6.64 6.79 7.15 6.20 6.57 7.23 8.32 7.88 7.01 7.45 7.96 8.32 8.61 8.32 8.91 11.10 11.02 11.32 9.42 10.29 10.37 10.22 10.22 12.70 16.50 18.61 17.37 17.81 15.33 14.31 13.80 15.77 9.71 10.53 10.26 9.84 8.14 10.15 9.23 8.53 7.25 6.90 7.40 9.02 10.02 10.10
4.38 7.01 6.06 6.28 5.62 4.09 5.84 7.74 6.64 6.64 6.42 6.42 6.72 7.66 5.26 4.38 6.20 5.33 4.60 5.99 5.84 7.74 7.08 9.49 7.96 8.25 7.45 5.84 5.84 5.69 5.91 7.88 7.08 7.74 7.52 7.52 6.20 7.23 6.79 5.84 6.13 6.64 6.35 7.52 7.30 8.03 7.96 8.32 8.98 9.64 9.78 10.80 10.29 10.88 10.59 10.88 11.39 10.15 9.93 10.51 10.51 14.24 13.36 15.84 11.97 12.99 12.63 12.05 9.56 7.74 8.93 5.95 6.77 7.35 7.92 10.38 9.23 7.84 8.09 10.52 9.47 9.50 9.84 8.89
4.60 3.36 4.23 4.38 3.65 4.45 3.94 4.67 4.74 4.74 6.35 5.33 7.08 7.01 7.15 4.31 4.67 5.11 5.48 5.26 5.99 6.42 7.01 7.45 8.10 6.50 7.01 7.15 6.13 6.13 7.74 7.30 7.37 7.01 7.30 7.30 6.79 7.88 5.91 5.84 5.91 6.86 7.23 7.01 7.01 8.10 7.74 7.96 8.83 8.98 8.47 9.34 9.42 9.93 10.44 11.10 10.80 10.80 10.88 9.93 9.93 11.17 10.73 10.88 11.46 11.10 10.37 10.44 9.42 6.09 5.60 5.83 6.06 5.82 6.64 7.16 7.62 8.16 8.39 10.58 8.83 9.94 8.99 9.46
2.04 1.61 3.94 2.85 4.23 3.94 3.94 3.72 3.65 3.65 4.74 4.89 6.28 6.06 5.84 5.91 4.67 5.40 5.69 7.52 7.66 8.03 6.42 6.57 6.50 5.91 7.96 5.11 4.96 5.33 6.35 7.45 8.25 7.96 6.42 6.42 6.20 6.86 6.13 6.13 7.66 7.37 7.30 7.37 5.91 6.57 6.28 8.61 8.25 7.96 8.18 9.27 9.27 8.69 9.71 9.71 11.02 10.22 10.29 10.73 10.73 11.46 10.44 10.88 10.95 9.05 9.56 5.91 5.11 5.55 6.06 6.57 6.28 6.06 6.57 8.22 8.14 9.84 10.80 9.87 10.70 8.82 8.02 9.45
2.19 0.51 1.61 1.39 2.56 2.63 3.87 3.58 3.50 3.50 4.89 4.67 5.33 5.11 5.91 5.77 4.96 4.89 7.52 8.61 9.93 9.78 7.30 6.94 4.74 4.89 4.23 4.53 4.53 5.04 8.03 7.81 7.88 10.80 7.37 7.37 8.10 9.13 8.03 8.54 8.47 8.25 7.52 6.79 5.55 6.57 6.72 8.18 5.69 6.13 6.64 7.37 6.35 7.15 8.69 8.47 10.51 10.44 9.93 11.53 11.53 11.02 11.46 7.59 7.23 7.45 7.96 4.02 5.62 6.57 6.13 7.88 9.34 9.56 8.98 9.57 12.99 10.24 11.23 10.29 11.78 9.03 8.51 7.54
1.17 1.53 0.88 1.68 2.19 3.72 2.63 2.99 2.92 2.92 3.80 4.02 4.89 4.89 4.45 4.09 6.06 8.40 7.81 10.80 11.83 10.73 10.29 5.48 4.96 5.18 5.33 7.81 7.59 8.83 8.69 8.25 10.95 11.02 10.59 10.59 11.39 9.42 9.42 8.61 10.73 7.96 6.50 7.08 5.99 7.66 6.20 6.13 5.99 5.62 5.77 5.77 5.77 7.30 8.76 7.74 9.27 9.56 9.56 10.29 10.29 7.52 7.70 6.20 5.18 3.94 0.00 4.09 4.53 5.84 5.99 6.13 8.40 9.05 8.74 10.44 14.20 11.70 12.64 10.18 8.72 9.80 9.26 8.58
1.17 1.53 0.88 1.68 2.19 3.72 2.63 2.99 2.92 2.92 3.80 4.02 4.89 4.89 4.45 4.09 6.06 8.40 7.81 10.80 11.83 10.73 10.29 5.48 4.96 5.18 5.33 7.81 7.59 8.83 8.69 8.25 10.95 11.02 10.59 10.59 11.39 9.42 9.42 8.61 10.73 7.96 6.50 7.08 5.99 7.66 6.20 6.13 5.99 5.62 5.77 5.77 5.77 7.30 8.76 7.74 9.27 9.56 9.56 10.29 10.29 7.52 7.70 6.20 5.18 3.94 0.00 4.09 4.53 5.84 5.99 6.13 8.40 9.05 8.40 10.50 11.03 10.29 10.59 11.85 10.67 10.01 7.25 7.92
0.00 0.66 1.39 0.73 1.61 1.24 2.04 2.26 2.56 2.56 3.50 2.92 3.29 4.31 3.94 4.38 6.35 9.78 11.39 10.66 10.95 8.40 8.61 7.59 5.55 6.57 9.49 9.64 8.83 9.56 11.02 11.17 11.02 11.02 10.73 10.73 11.53 10.51 13.58 13.65 11.75 8.47 9.56 8.40 7.08 7.59 6.13 5.99 6.13 5.55 5.04 5.40 5.40 6.86 7.23 8.10 8.40 8.32 7.81 6.13 6.13 3.14 0.00 0.00 0.00 0.00 3.07 3.72 3.65 4.67 6.13 6.72 6.28 7.96 12.26 11.96 12.45 15.57 15.96 12.11 12.06 9.37 10.54 8.48
0.00 0.00 0.00 0.22 0.58 1.10 1.24 1.90 1.68 1.68 2.99 3.50 5.04 4.67 5.62 4.67 7.30 9.78 10.00 10.37 10.51 8.47 7.88 9.27 10.15 9.86 10.73 11.53 11.46 12.41 12.12 11.02 9.56 9.86 11.17 11.17 12.56 13.14 12.85 12.70 11.46 11.17 10.44 8.03 7.23 5.77 5.91 4.89 5.11 4.16 3.65 3.29 5.55 4.53 5.55 7.59 7.45 4.53 3.14 3.65 3.65 0.00 0.00 0.00 4.60 3.43 3.72 5.26 5.55 5.40 4.96 7.88 13.65 8.61 13.33 16.55 13.89 15.31 16.55 13.97 15.33 9.76 10.76 11.61
0.00 0.00 0.00 0.00 0.73 0.37 0.73 1.53 1.10 1.10 2.41 5.77 7.15 7.66 8.83 10.07 10.15 10.95 10.80 13.29 10.29 9.49 11.24 10.80 10.29 12.05 14.24 14.89 13.72 13.65 12.48 10.29 8.98 9.93 9.93 9.93 10.80 10.80 10.51 10.29 10.07 9.34 10.07 8.25 5.40 4.67 4.45 3.29 3.07 2.63 0.00 3.21 2.56 3.14 3.65 0.00 0.00 0.00 0.00 0.00 0.00 0.00 0.00 4.16 6.28 5.69 5.48 6.06 5.77 7.81 7.52 9.13 15.64 17.11 16.38 19.89 17.74 13.24 15.66 14.15 10.29 12.13 9.91 10.56
0.00 0.00 0.00 0.00 0.00 0.00 0.51 0.66 0.80 0.80 4.23 7.01 8.76 10.07 11.90 12.19 11.68 12.56 12.85 12.48 11.97 12.56 11.32 14.16 15.91 15.70 14.67 14.24 12.56 11.24 10.37 10.73 9.13 8.54 8.76 8.76 9.56 9.42 9.05 8.25 7.88 7.37 6.50 4.23 5.26 3.36 4.09 3.50 2.48 0.00 0.00 0.00 0.00 0.00 0.00 0.00 0.00 0.00 0.00 0.00 0.00 0.00 5.69 4.53 6.64 7.66 6.86 7.52 7.59 8.76 13.80 17.08 16.18 20.04 18.84 22.41 19.93 16.08 12.96 13.57 9.70 8.74 10.89 10.25
0.00 0.00 0.00 0.00 0.00 0.00 0.37 0.00 0.58 0.58 1.46 5.11 6.64 8.18 10.88 9.42 7.08 9.78 8.69 7.88 11.24 12.26 12.12 14.89 14.60 15.18 13.94 11.61 10.59 9.78 9.78 8.25 8.98 8.83 8.54 8.54 8.91 8.83 8.25 8.25 8.10 7.81 5.84 5.11 3.58 3.50 2.70 0.00 1.53 1.97 0.00 0.00 0.00 0.00 0.00 0.00 0.00 0.00 0.00 0.00 0.00 0.00 0.00 0.00 7.01 6.50 8.47 8.61 8.69 8.83 15.12 20.17 22.84 19.77 17.35 17.00 14.38 16.30 13.85 10.44 9.73 9.16 10.09 9.22
0.00 0.00 0.00 0.00 0.00 0.00 0.37 0.00 0.58 0.58 1.46 5.11 6.64 8.18 10.88 9.42 7.08 9.78 8.69 7.88 11.24 12.26 12.12 14.89 14.60 15.18 13.94 11.61 10.59 9.78 9.78 8.25 8.98 8.83 8.54 8.54 8.91 8.83 8.25 8.25 8.10 7.81 5.84 5.11 3.58 3.50 2.70 0.00 1.53 1.97 0.00 0.00 0.00 0.00 0.00 0.00 0.00 0.00 0.00 0.00 0.00 0.00 0.00 0.00 7.01 6.50 8.47 8.61 8.69 8.83 15.20 19.96 20.66 22.03 18.52 19.83 16.69 15.78 14.47 10.15 10.29 10.87 9.21 7.83
0.00 0.00 0.00 0.00 0.00 0.00 0.00 0.00 3.65 3.65 3.94 4.96 4.45 6.28 4.82 4.09 5.69 5.40 4.09 6.94 7.81 8.10 9.86 10.22 8.83 9.78 9.78 9.71 10.22 9.93 7.01 7.81 8.10 6.72 7.37 7.37 7.15 5.11 6.94 7.23 7.01 7.74 6.13 3.65 3.43 2.04 2.48 2.04 1.97 0.00 0.00 0.00 0.00 0.00 0.00 0.00 0.00 0.00 0.00 0.00 0.00 0.00 0.00 0.00 4.45 7.96 6.79 10.73 15.11 16.66 15.63 19.54 22.03 19.63 23.47 18.12 16.76 14.96 15.33 13.69 10.16 12.42 9.22 4.02
0.00 0.37 0.00 0.00 0.00 0.00 0.00 0.00 0.00 0.00 4.96 3.94 2.41 3.80 3.36 3.58 3.72 2.85 3.80 3.94 6.42 3.50 4.45 2.70 4.16 5.04 6.64 5.26 6.06 5.33 5.55 6.50 6.72 4.38 4.23 4.23 2.04 2.85 3.36 4.31 1.75 1.68 2.77 2.48 2.85 2.63 2.70 2.04 0.00 0.00 0.00 0.00 0.00 0.00 0.00 0.00 0.00 0.00 0.00 0.00 0.00 0.00 0.00 0.00 3.80 8.32 13.94 12.56 16.64 21.10 19.27 20.39 21.44 21.40 16.65 18.34 17.27 15.45 15.43 16.98 13.38 9.17 3.49 4.44
0.88 0.66 0.44 0.29 0.00 0.00 0.00 0.00 3.14 3.14 0.00 0.00 0.00 0.00 2.77 0.00 1.83 2.70 2.41 0.00 3.21 4.82 1.53 2.63 2.70 4.38 4.82 4.60 4.74 4.60 2.92 1.83 4.38 5.33 1.75 1.75 1.24 1.68 0.00 2.19 0.00 1.31 1.24 0.00 0.00 2.85 0.00 0.00 0.00 0.00 0.00 0.00 1.97 0.00 0.00 0.00 0.00 0.00 0.00 0.00 0.00 0.00 1.17 3.94 3.21 8.76 14.09 18.61 18.91 21.17 19.93 17.58 22.04 21.16 15.84 17.31 16.28 17.83 18.51 15.88 14.51 9.61 2.92 0.00
1.46 1.10 1.02 0.00 0.00 0.00 0.00 0.00 0.00 0.00 0.00 0.00 0.00 0.00 0.00 0.00 0.00 0.00 1.39 1.24 2.04 1.83 1.97 2.85 3.21 4.38 4.38 4.67 3.87 3.36 2.19 2.70 0.80 0.29 1.61 1.61 1.10 1.97 0.88 1.24 1.24 0.00 0.00 0.00 0.00 0.00 0.00 0.00 0.00 0.00 0.00 0.00 2.92 2.41 0.00 0.00 0.00 0.00 0.00 0.00 0.00 0.00 0.73 3.07 8.25 6.86 13.43 15.33 19.93 19.64 19.78 17.70 18.09 21.37 21.11 16.49 20.56 19.04 18.39 13.25 8.96 12.41 5.24 1.11
0.51 0.73 0.00 0.66 0.00 0.00 0.00 0.00 0.00 0.00 0.00 0.00 0.00 0.00 0.00 0.00 0.95 1.24 1.75 1.97 1.83 2.77 3.36 3.36 3.72 4.31 4.31 4.23 3.29 2.70 2.92 1.46 2.19 1.24 1.97 1.97 0.66 1.68 1.39 0.51 0.29 1.17 0.88 0.00 0.00 0.00 0.00 0.00 0.00 0.00 0.00 0.00 0.00 0.00 0.00 0.00 0.00 0.00 0.00 0.00 0.00 0.00 0.00 1.10 6.72 6.06 12.26 11.83 13.72 19.56 17.89 17.45 16.30 14.99 13.65 15.30 16.45 15.79 14.33 15.75 10.27 5.16 1.24 2.14
0.80 0.00 0.00 0.00 0.00 0.00 0.00 0.00 0.00 0.00 0.00 0.00 0.66 0.00 0.00 0.22 1.46 1.10 0.44 1.90 2.12 2.48 1.61 3.58 2.99 3.80 2.85 3.72 1.97 2.63 1.83 2.56 1.10 1.75 2.04 2.04 1.46 1.10 1.31 1.46 1.39 0.00 1.17 0.00 0.00 0.00 0.00 0.00 0.00 0.00 0.00 0.00 0.00 0.00 0.00 0.00 0.00 0.00 0.00 0.00 0.00 0.00 0.00 0.00 2.92 4.09 9.56 11.24 10.07 15.40 13.94 11.74 15.42 13.11 10.25 7.73 16.20 13.65 10.60 6.25 10.14 5.77 1.63 0.00
0.80 0.00 0.00 0.00 0.00 0.00 0.00 0.00 0.00 0.00 0.00 0.00 0.66 0.00 0.00 0.22 1.46 1.10 0.44 1.90 2.12 2.48 1.61 3.58 2.99 3.80 2.85 3.72 1.97 2.63 1.83 2.56 1.10 1.75 2.04 2.04 1.46 1.10 1.31 1.46 1.39 0.00 1.17 0.00 0.00 0.00 0.00 0.00 0.00 0.00 0.00 0.00 0.00 0.00 0.00 0.00 0.00 0.00 0.00 0.00 0.00 0.00 0.00 0.00 2.92 4.09 9.56 11.24 10.07 15.40 13.94 11.68 15.19 12.91 10.25 8.07 14.43 13.11 10.36 6.56 9.93 6.07 1.63 0.00
0.00 0.00 0.00 0.00 0.00 0.00 0.00 0.00 0.00 0.00 0.00 0.00 0.00 0.00 0.00 0.51 0.07 0.29 1.46 0.58 1.39 0.95 1.31 1.24 2.85 2.19 3.07 3.14 3.50 2.70 2.77 2.85 2.92 2.56 2.48 2.48 1.68 2.41 2.41 1.53 1.46 1.83 2.48 1.02 1.02 1.83 1.53 1.39 0.00 0.00 0.00 0.00 0.00 0.00 0.00 0.00 0.00 0.00 0.00 0.00 0.00 0.00 0.00 0.15 0.00 1.90 2.34 7.30 6.28 5.33 10.59 9.71 5.33 10.62 7.41 2.97 0.97 8.96 4.98 2.68 1.93 5.69 2.89 0.00
