Wansh/Snow_depth/snowdepth-1998/winter/1998356.txt
ncols 321
nrows 161
xllcenter 60
yllcenter 15 
cellsize  0.25 
NODATA_value -1
[rows 0 to 36 of 161, columns 168 to 251 of 321]
0.00 0.00 0.00 0.00 0.00 0.00 1.61 1.24 1.75 1.75 1.39 1.39 1.24 1.39 1.68 1.83 1.83 3.21 2.63 4.31 4.09 4.31 3.14 3.43 2.41 2.34 2.92 0.00 0.00 0.00 0.00 0.00 1.68 10.15 9.20 9.20 10.15 10.51 13.14 12.63 12.85 9.71 9.64 9.34 8.98 9.20 11.61 11.53 12.12 9.42 7.88 8.61 8.54 8.54 8.54 4.89 4.89 5.84 6.28 11.46 11.46 11.46 11.75 11.75 11.61 14.82 12.85 11.68 10.88 10.88 10.51 9.27 9.56 10.73 9.93 12.63 16.06 17.30 16.72 17.08 17.59 17.96 17.16 14.53
6.06 4.96 0.44 0.66 0.00 0.37 0.37 1.17 1.10 1.10 1.83 2.34 2.34 1.83 1.97 1.97 2.92 2.12 4.23 4.02 4.16 3.50 3.50 3.87 1.31 2.99 0.00 0.00 0.00 0.00 0.00 0.00 9.20 7.01 9.27 9.27 4.82 6.86 12.05 11.39 10.73 12.41 12.41 12.34 12.05 12.12 10.44 11.32 11.17 9.34 6.28 6.28 6.42 5.11 5.33 5.40 6.57 5.91 6.06 6.20 6.20 6.72 8.10 11.97 12.70 11.83 12.41 11.39 9.64 9.71 10.07 10.00 10.44 12.92 14.60 14.02 16.79 15.84 17.45 17.16 16.79 12.41 12.34 12.70
7.59 8.40 5.62 4.31 0.88 0.44 1.24 1.10 1.53 1.53 1.53 2.48 1.31 1.61 1.68 3.21 2.77 4.74 4.60 4.60 4.60 4.60 3.94 0.66 2.92 0.00 0.00 0.00 0.00 0.00 0.00 4.16 6.13 5.48 4.45 4.45 5.62 10.44 9.05 13.94 13.51 13.87 12.99 12.05 11.24 8.54 6.50 7.81 8.76 6.06 5.91 5.04 4.96 5.18 5.04 5.40 5.33 5.77 6.64 6.42 6.42 6.57 7.74 9.64 8.76 9.49 10.59 10.29 10.37 11.17 10.66 12.48 11.97 13.21 14.24 12.48 12.34 13.36 9.13 10.07 10.15 9.78 10.29 9.78
7.59 8.40 5.62 4.31 0.88 0.44 1.24 1.10 1.53 1.53 1.53 2.48 1.31 1.61 1.68 3.21 2.77 4.74 4.60 4.60 4.60 4.60 3.94 0.66 2.92 0.00 0.00 0.00 0.00 0.00 0.00 4.16 6.13 5.48 4.45 4.45 5.62 10.44 9.05 13.94 13.51 13.87 12.99 12.05 11.24 8.54 6.50 7.81 8.76 6.06 5.91 5.04 4.96 5.18 5.04 5.40 5.33 5.77 6.64 6.42 6.42 6.57 7.74 9.64 8.76 9.49 10.59 10.29 10.37 11.17 10.66 12.48 11.97 13.21 14.24 12.48 12.34 13.36 9.13 10.07 10.15 9.78 10.29 9.78
12.12 7.59 6.28 6.50 5.48 5.91 3.50 1.90 1.83 1.83 1.75 2.77 2.70 4.53 4.16 5.99 7.45 5.04 4.60 4.23 4.67 3.21 3.87 0.37 0.00 0.00 0.00 0.00 0.00 0.00 0.00 3.65 1.75 3.58 5.40 5.40 4.38 7.30 10.66 12.05 11.90 14.02 11.90 9.13 7.08 7.23 7.15 5.40 5.55 4.09 5.77 4.53 5.84 6.13 5.69 5.26 4.96 5.26 6.57 7.23 7.23 8.76 9.34 8.61 9.49 9.93 10.29 8.47 8.83 8.83 9.78 10.29 9.93 8.98 9.20 9.49 7.37 7.30 7.88 8.69 9.05 8.54 10.44 11.75
13.72 13.87 15.04 7.88 8.61 5.18 5.62 5.40 4.67 4.67 2.41 4.31 5.55 5.33 6.86 7.45 7.23 7.01 7.30 4.31 0.00 2.56 0.00 0.00 0.00 0.00 0.00 0.00 0.00 0.00 0.00 1.90 4.31 5.99 8.03 8.03 7.81 9.64 7.74 10.15 8.54 10.66 10.22 8.25 6.35 6.50 6.35 4.82 5.11 4.45 5.69 5.69 5.84 5.26 5.26 4.82 5.11 5.55 5.26 6.86 6.86 7.96 9.71 8.32 8.32 7.23 7.52 7.45 7.88 5.48 6.42 6.06 6.72 7.23 6.94 6.57 6.86 5.84 7.23 6.79 8.91 9.56 9.34 10.73
14.89 16.35 16.13 17.59 15.48 16.13 8.91 7.08 7.45 7.45 6.20 6.20 8.54 10.80 10.59 10.29 7.81 7.30 1.39 0.00 0.29 0.00 0.00 0.00 0.00 0.00 0.00 0.00 1.31 4.09 3.21 4.45 5.84 4.74 7.08 7.08 8.10 7.15 7.30 7.37 7.52 8.83 8.54 8.40 7.37 7.59 7.45 5.55 5.04 5.26 5.62 4.89 2.70 3.14 1.83 2.34 3.14 4.31 4.38 3.87 3.87 5.77 7.08 6.28 5.99 4.09 4.23 4.82 4.53 5.33 5.48 4.96 5.26 5.04 5.69 5.40 5.11 5.69 7.15 9.89 10.22 11.55 10.95 12.40
14.89 16.35 16.13 17.59 15.48 16.13 8.91 7.08 7.45 7.45 6.20 6.20 8.54 10.80 10.59 10.29 7.81 7.30 1.39 0.00 0.29 0.00 0.00 0.00 0.00 0.00 0.00 0.00 1.31 4.09 3.21 4.45 5.84 4.74 7.08 7.08 8.10 7.15 7.30 7.37 7.52 8.83 8.54 8.40 7.37 7.59 7.45 5.55 5.04 5.26 5.62 4.89 2.70 3.14 1.83 2.34 3.14 4.31 4.38 3.87 3.87 5.77 7.08 6.28 5.99 4.09 4.23 4.82 4.53 5.33 5.48 4.96 5.26 5.04 5.69 6.25 7.05 8.19 9.80 16.80 16.88 15.37 14.09 12.87
9.13 13.21 18.61 18.47 17.52 13.94 15.26 11.17 10.15 10.15 8.69 10.00 12.48 12.12 11.61 7.52 8.83 0.00 0.00 0.00 0.00 0.00 0.00 0.00 0.00 0.00 0.00 0.00 0.00 0.80 4.02 5.77 5.55 7.01 8.69 8.69 8.47 6.79 6.86 7.08 7.08 8.61 8.25 8.54 8.40 8.10 7.88 8.32 6.64 5.48 5.26 3.14 2.19 1.83 1.83 1.68 1.31 2.26 3.43 5.77 5.77 5.40 5.91 3.58 3.29 4.16 4.31 4.02 4.96 5.18 5.26 5.62 5.18 5.64 7.25 7.91 10.89 13.05 10.36 17.07 16.40 13.44 11.60 10.26
9.78 11.75 10.37 10.80 11.39 14.97 11.39 12.34 10.80 10.80 13.80 12.78 13.87 9.64 13.14 2.63 0.00 2.19 0.00 0.00 0.00 0.00 0.00 0.00 0.00 0.00 4.45 0.58 4.23 4.31 3.58 4.67 4.96 6.42 7.30 7.30 7.23 6.72 6.13 7.08 8.32 8.83 9.27 9.49 8.76 7.23 7.52 7.30 4.60 3.50 2.56 2.34 1.75 1.75 1.46 1.39 1.17 2.04 1.75 2.92 2.92 3.29 4.16 4.74 5.26 4.45 5.48 5.40 6.06 5.91 5.84 6.28 5.86 8.95 9.54 8.22 10.37 13.36 14.22 14.13 12.80 9.50 11.38 10.63
6.35 7.15 7.66 7.74 9.42 9.93 10.22 8.03 7.37 7.37 11.97 10.88 11.17 7.52 0.00 1.83 0.00 0.00 0.00 0.00 0.00 0.00 0.00 0.00 3.36 1.75 2.85 5.84 6.06 6.06 5.33 5.26 5.62 6.64 6.42 6.42 7.37 7.01 7.66 8.61 8.69 8.76 9.13 8.18 7.08 5.99 6.86 7.23 3.72 2.92 3.21 2.77 2.19 2.34 1.97 3.21 2.63 2.77 2.63 2.12 2.12 3.07 5.99 6.35 6.06 5.91 5.91 5.40 7.23 8.40 7.23 7.45 5.99 7.04 5.42 7.76 11.04 11.56 10.75 11.32 10.29 9.08 8.76 9.20
6.35 7.15 7.66 7.74 9.42 9.93 10.22 8.03 7.37 7.37 11.97 10.88 11.17 7.52 0.00 1.83 0.00 0.00 0.00 0.00 0.00 0.00 0.00 0.00 3.36 1.75 2.85 5.84 6.06 6.06 5.33 5.26 5.62 6.64 6.42 6.42 7.37 7.01 7.66 8.61 8.69 8.76 9.13 8.18 7.08 5.99 6.86 7.23 3.72 2.92 3.21 2.77 2.19 2.34 1.97 3.21 2.63 2.77 2.63 2.12 2.12 3.07 5.99 6.35 6.06 5.91 5.91 5.40 7.23 8.40 7.23 7.45 5.84 6.94 5.26 7.21 9.84 10.71 11.46 11.75 10.29 8.89 9.62 9.85
7.37 7.74 7.01 7.15 6.50 8.25 5.18 6.13 0.73 0.73 0.00 0.00 0.00 0.00 0.00 0.00 0.00 0.00 0.00 6.06 4.96 4.31 6.06 5.69 5.40 5.62 5.99 5.55 6.50 6.13 6.28 5.91 5.84 6.50 7.45 7.45 7.59 7.81 7.88 9.42 9.64 10.07 9.49 7.30 7.01 5.84 4.74 5.04 4.45 4.16 3.43 3.50 4.67 3.58 4.23 4.09 3.58 6.94 7.01 7.45 7.45 7.81 7.74 7.52 8.10 10.51 10.15 10.00 9.64 9.49 11.17 9.71 7.96 8.18 7.64 7.93 9.54 8.99 7.67 9.59 8.52 9.23 9.77 8.46
7.96 8.32 8.40 7.08 6.06 6.20 3.36 0.00 0.00 0.00 0.00 0.00 0.00 0.00 0.00 0.00 0.00 0.15 7.52 5.18 7.15 6.64 5.84 6.57 6.50 7.59 7.23 7.66 6.13 6.35 6.35 6.42 6.64 7.08 6.72 6.72 7.96 8.61 8.10 8.18 9.78 7.45 7.45 8.32 7.45 7.74 4.67 5.62 4.96 5.33 4.89 5.11 5.18 6.06 5.99 6.64 7.08 6.86 7.08 9.78 9.78 11.32 15.48 13.72 14.02 13.36 12.41 12.19 15.04 13.14 13.87 10.59 10.37 8.25 11.43 9.35 7.60 7.94 7.97 8.30 8.78 8.38 8.30 7.77
8.61 8.83 8.25 8.61 7.01 6.35 5.11 6.72 0.00 0.00 0.00 0.00 0.00 0.00 0.00 1.24 2.70 0.00 4.82 8.03 9.78 9.86 10.00 8.83 9.20 7.88 7.96 8.69 8.18 8.40 7.52 7.01 7.15 7.74 7.59 7.59 6.79 7.52 9.20 9.34 10.88 9.27 9.78 8.69 8.25 8.91 7.01 9.13 8.61 7.74 6.79 7.15 7.74 8.03 8.18 8.61 7.59 10.66 6.94 12.99 12.99 15.48 16.79 16.94 17.52 19.20 17.81 18.47 16.86 15.84 14.31 11.02 12.40 11.68 10.08 8.96 8.91 9.52 8.18 8.61 8.43 8.63 7.96 7.65
11.39 10.29 10.66 8.40 8.32 9.64 9.13 8.18 8.47 8.47 8.03 7.52 7.37 6.79 5.84 5.55 4.16 5.11 7.37 6.42 9.93 11.10 10.95 11.02 11.46 10.88 9.93 9.42 9.34 8.69 8.54 8.54 7.81 7.45 9.27 9.27 7.59 8.54 8.25 9.93 8.61 9.20 9.13 9.42 10.29 10.15 9.78 10.22 9.56 8.76 10.07 9.86 9.05 9.56 9.27 10.44 10.66 10.51 10.44 10.73 10.73 14.38 16.57 19.35 20.08 18.32 17.08 17.74 15.91 16.21 13.65 9.56 9.79 11.10 10.62 11.20 9.84 9.11 9.20 10.63 10.27 10.49 10.58 8.22
11.39 10.29 10.66 8.40 8.32 9.64 9.13 8.18 8.47 8.47 8.03 7.52 7.37 6.79 5.84 5.55 4.16 5.11 7.37 6.42 9.93 11.10 10.95 11.02 11.46 10.88 9.93 9.42 9.34 8.69 8.54 8.54 7.81 7.45 9.27 9.27 7.59 8.54 8.25 9.93 8.61 9.20 9.13 9.42 10.29 10.15 9.78 10.22 9.56 8.76 10.07 9.86 9.05 9.56 9.27 10.44 10.66 10.51 10.44 10.73 10.73 14.38 16.57 19.35 20.08 18.32 17.08 17.74 15.91 16.21 13.65 11.74 9.18 12.06 9.53 13.86 9.98 10.08 9.38 9.58 9.93 9.02 11.51 9.33
9.56 8.54 8.10 8.25 7.30 8.03 7.74 8.98 8.91 8.91 9.71 7.30 9.20 6.13 5.69 6.57 7.37 6.28 7.23 9.13 10.07 9.71 11.90 11.90 11.68 11.97 10.88 10.15 8.76 9.20 7.96 8.18 8.83 8.61 9.20 9.20 8.69 9.05 8.83 9.56 8.98 7.96 9.49 9.05 10.22 10.07 9.49 10.15 10.59 10.29 10.88 10.66 9.78 10.07 11.10 11.53 11.24 11.17 12.78 13.51 13.51 16.21 18.03 17.67 19.20 17.45 13.43 13.36 12.70 13.72 9.83 8.20 10.06 9.37 9.87 12.91 13.08 11.17 10.51 11.27 12.13 12.00 12.70 10.20
4.89 4.53 7.23 7.15 7.15 7.30 7.81 7.66 8.03 8.03 7.74 9.64 9.05 10.00 8.76 9.20 9.27 7.37 9.34 8.98 9.78 10.15 8.47 8.83 9.05 9.20 9.64 9.13 8.10 8.40 8.32 9.05 9.56 9.27 9.93 9.93 9.71 8.10 7.81 7.96 7.74 7.96 8.54 9.42 9.49 9.34 8.91 9.71 9.71 11.10 9.34 9.64 9.64 10.15 11.17 11.53 11.39 11.83 11.97 11.83 11.83 12.99 14.09 13.43 12.48 12.85 13.51 12.92 10.07 7.41 8.33 7.52 6.51 6.99 8.31 8.74 9.16 10.95 10.75 11.74 11.25 12.22 11.02 11.62
3.29 4.82 3.87 5.04 6.06 6.28 6.35 6.35 6.57 6.57 6.35 8.10 9.93 9.93 9.20 7.96 7.52 7.66 7.52 9.71 11.39 10.73 9.78 8.76 8.32 7.45 7.52 8.32 8.25 7.37 8.98 8.83 10.00 10.66 9.78 9.78 8.91 8.98 8.47 7.96 10.15 8.91 8.91 8.91 8.98 9.71 8.61 8.76 9.13 9.71 9.64 9.34 7.74 8.47 8.47 10.15 12.34 12.56 11.10 11.24 11.24 11.90 12.70 12.12 11.68 11.90 10.51 11.24 9.71 8.10 6.94 7.01 7.08 6.50 8.61 8.62 9.20 13.30 14.36 12.50 13.04 10.97 9.46 10.92
2.77 2.48 3.43 4.74 4.38 5.77 5.33 5.40 4.89 4.89 6.06 7.30 7.15 7.52 7.96 7.81 7.81 8.32 10.88 10.44 12.05 12.78 11.75 7.81 8.25 6.86 6.86 7.01 7.23 6.94 10.00 9.71 10.07 10.88 11.75 11.75 10.59 8.98 9.05 10.07 11.02 9.27 10.15 8.61 7.52 8.18 6.79 7.45 7.01 8.61 9.86 7.01 6.64 7.59 7.01 11.02 10.88 11.75 12.19 11.97 11.97 12.19 12.48 11.75 9.71 8.61 8.25 7.81 7.01 7.15 6.86 8.47 9.56 9.86 10.15 12.67 14.20 13.94 14.82 13.83 13.62 10.82 11.96 8.92
0.66 1.75 2.04 2.56 3.50 3.36 4.23 4.60 4.53 4.53 5.26 6.13 7.45 7.15 7.30 7.01 6.86 7.23 9.93 14.60 14.75 12.56 13.51 8.54 7.74 7.96 7.59 7.66 7.30 8.40 9.56 12.12 11.97 12.63 12.26 12.26 11.83 11.39 11.02 11.39 10.88 11.02 8.40 8.40 7.30 7.59 6.72 6.79 6.28 6.72 6.86 6.72 7.30 7.66 9.20 10.95 11.02 11.32 10.66 11.39 11.39 5.18 5.65 4.89 4.82 6.06 4.16 5.91 7.01 6.79 8.32 8.69 9.71 10.66 11.86 12.09 16.80 13.78 13.62 13.06 10.38 9.80 11.16 10.81
0.66 1.75 2.04 2.56 3.50 3.36 4.23 4.60 4.53 4.53 5.26 6.13 7.45 7.15 7.30 7.01 6.86 7.23 9.93 14.60 14.75 12.56 13.51 8.54 7.74 7.96 7.59 7.66 7.30 8.40 9.56 12.12 11.97 12.63 12.26 12.26 11.83 11.39 11.02 11.39 10.88 11.02 8.40 8.40 7.30 7.59 6.72 6.79 6.28 6.72 6.86 6.72 7.30 7.66 9.20 10.95 11.02 11.32 10.66 11.39 11.39 5.18 5.65 4.89 4.82 6.06 4.16 5.91 7.01 6.79 8.32 8.69 9.71 10.66 11.39 12.15 13.05 12.13 11.41 15.20 12.69 10.01 8.74 9.97
0.00 0.51 0.88 0.88 1.10 2.19 3.07 3.94 3.21 3.21 4.09 5.48 6.20 5.69 5.55 5.77 5.84 10.29 14.67 14.02 14.24 12.85 9.64 8.18 8.10 8.18 9.05 12.05 10.80 12.41 12.63 12.05 12.70 12.99 12.19 12.19 12.41 12.41 13.87 14.45 12.05 12.92 10.07 10.37 8.10 8.61 7.66 6.94 6.06 6.64 6.86 7.15 7.66 7.15 8.40 9.78 10.51 10.29 7.96 4.02 4.02 0.00 0.00 0.00 0.00 2.70 2.56 5.04 6.50 6.20 6.79 6.64 8.83 10.51 12.78 13.50 14.37 17.82 18.56 14.49 14.16 11.90 9.77 11.59
0.00 0.00 0.07 0.22 0.00 1.75 1.68 2.56 2.26 2.26 3.50 3.21 5.18 4.60 6.72 6.42 9.34 8.40 11.24 15.18 13.87 10.37 10.88 9.78 11.17 11.39 13.65 16.50 15.18 15.91 13.65 13.94 11.39 11.90 11.53 11.53 12.56 14.89 13.94 13.14 13.43 12.85 10.51 10.88 8.25 9.13 7.30 7.15 6.64 6.13 4.74 5.84 7.08 6.72 7.96 8.03 6.35 4.53 4.67 2.63 2.63 0.00 0.00 0.00 0.00 3.29 5.18 5.40 5.26 5.69 8.18 9.86 11.46 10.22 16.32 15.77 17.77 15.84 18.61 17.75 17.52 13.26 11.97 13.60
0.00 0.00 0.00 0.00 0.73 1.39 1.53 1.10 2.19 2.19 2.12 3.21 4.53 8.76 12.12 11.61 13.29 13.58 15.33 15.04 14.75 14.09 14.16 12.26 12.41 14.89 15.91 15.18 18.25 18.47 16.21 13.65 11.75 9.93 12.34 12.34 12.70 12.85 12.63 12.48 10.80 10.00 8.61 8.69 6.13 5.99 5.62 3.80 3.94 3.58 4.23 4.67 0.00 4.67 5.84 5.84 0.00 0.00 0.00 0.00 0.00 0.00 0.00 0.00 2.41 7.01 6.28 6.20 7.23 9.20 8.61 11.32 17.64 19.10 18.82 20.06 21.53 15.53 18.27 18.19 14.92 11.59 11.47 10.25
0.00 0.00 0.00 0.00 0.00 0.00 0.07 0.44 0.44 0.44 2.63 7.01 9.13 8.98 12.63 14.09 14.97 14.53 15.70 15.48 14.53 14.97 15.70 17.16 16.21 16.21 15.84 16.79 17.96 15.91 14.31 12.78 9.34 11.17 11.97 11.97 13.07 12.78 11.02 11.24 9.93 8.10 7.37 7.96 3.87 4.09 0.00 0.00 0.00 3.29 3.21 0.00 0.00 0.00 2.92 0.00 0.00 0.00 0.00 0.00 0.00 2.92 5.48 6.28 7.08 6.50 7.08 6.35 7.01 9.71 9.05 12.70 17.84 20.86 20.72 24.46 23.66 19.80 16.35 14.26 12.93 9.89 12.92 12.71
0.00 0.00 0.00 0.00 0.00 0.00 0.00 0.29 2.04 2.04 1.53 5.18 9.27 11.83 10.22 14.16 10.29 12.63 13.94 13.94 13.43 11.83 14.31 17.52 15.99 16.28 16.28 15.26 15.48 13.87 11.97 11.90 12.19 12.26 12.99 12.99 11.46 11.17 10.44 9.78 10.07 7.37 7.74 5.04 6.35 4.60 3.87 0.00 0.00 2.85 0.00 0.00 0.00 0.00 0.00 0.00 0.00 0.00 0.00 0.00 0.00 0.00 0.00 3.29 5.33 7.37 8.69 8.83 7.52 12.99 16.10 20.09 20.87 21.19 19.69 17.83 17.07 18.74 17.10 12.89 13.31 12.79 12.78 8.64
0.00 0.00 0.00 0.00 0.00 0.00 0.00 0.29 2.04 2.04 1.53 5.18 9.27 11.83 10.22 14.16 10.29 12.63 13.94 13.94 13.43 11.83 14.31 17.52 15.99 16.28 16.28 15.26 15.48 13.87 11.97 11.90 12.19 12.26 12.99 12.99 11.46 11.17 10.44 9.78 10.07 7.37 7.74 5.04 6.35 4.60 3.87 0.00 0.00 2.85 0.00 0.00 0.00 0.00 0.00 0.00 0.00 0.00 0.00 0.00 0.00 0.00 0.00 3.29 5.33 7.37 8.69 8.83 7.52 12.99 16.18 19.88 18.87 23.61 21.01 20.81 19.81 18.13 17.86 12.53 14.07 15.17 11.66 7.34
0.00 0.00 0.00 0.00 0.00 0.00 0.44 0.66 2.19 2.19 4.16 5.62 6.28 5.69 7.74 8.40 9.64 9.05 10.59 7.52 9.20 10.66 8.91 10.29 11.90 11.75 14.16 13.87 11.24 13.14 12.05 12.05 11.10 11.75 9.34 9.34 9.34 10.29 9.78 7.81 8.69 6.20 6.79 7.15 6.28 4.02 4.31 4.60 3.21 2.56 1.02 0.22 0.00 0.00 0.00 0.00 0.00 0.00 0.00 0.00 0.00 0.00 0.00 0.00 0.00 7.08 10.80 14.89 15.55 15.34 18.66 21.75 23.34 27.42 26.62 20.39 18.41 17.59 17.64 13.39 12.42 11.11 11.22 5.56
0.00 0.00 0.00 0.00 0.00 0.00 0.00 0.00 3.36 3.36 2.77 4.74 4.96 6.57 6.50 6.20 5.40 6.35 6.06 6.79 4.23 4.45 5.48 8.47 5.40 7.81 9.27 9.42 10.15 8.61 10.88 4.74 6.50 6.06 6.28 6.28 6.13 7.66 5.62 5.48 4.74 2.56 5.18 4.02 2.41 3.65 3.50 2.26 2.70 0.00 0.00 0.00 0.00 0.00 0.00 0.00 0.00 0.00 0.00 0.00 0.00 0.00 0.00 4.09 0.00 7.74 11.75 16.86 19.64 21.90 20.95 22.28 23.72 21.84 19.16 20.21 20.57 17.26 17.52 18.82 12.73 7.30 2.94 4.21
0.00 0.29 0.29 0.00 0.00 0.00 0.07 0.00 0.00 0.00 3.29 0.00 3.21 0.00 3.07 5.33 6.28 5.99 6.50 4.53 4.23 2.99 2.48 4.31 4.02 4.60 7.01 5.99 7.01 5.77 3.94 3.21 4.45 3.80 3.72 3.72 4.02 4.38 2.63 3.21 3.72 0.00 1.83 0.22 0.73 0.88 1.02 1.61 0.00 0.00 0.00 0.00 0.00 0.00 0.00 0.00 0.00 0.00 0.00 0.00 0.00 0.00 0.00 4.53 3.50 13.51 11.68 17.08 21.02 21.46 21.24 22.47 25.11 21.79 17.40 20.25 18.53 19.62 18.92 17.05 6.37 7.66 1.38 0.00
2.56 1.31 1.10 0.00 0.00 0.00 0.00 0.00 0.00 0.00 0.00 0.00 0.00 0.00 0.00 0.00 2.34 3.36 4.09 2.70 2.34 2.92 2.48 3.80 3.29 4.09 5.77 5.48 6.28 5.04 4.67 3.43 2.26 3.80 3.87 3.87 5.04 3.58 4.45 3.80 0.00 2.77 0.00 0.00 0.00 0.00 0.00 0.00 0.00 0.00 1.90 4.67 3.29 4.09 0.00 0.00 0.00 0.00 0.00 0.00 0.00 0.00 0.00 2.85 8.32 13.87 12.41 19.78 18.83 22.12 23.29 19.47 26.08 23.28 20.55 18.37 22.45 22.29 18.48 13.89 8.46 2.77 2.99 0.00
0.88 0.29 0.44 0.00 0.00 0.00 0.00 0.00 0.00 0.00 0.00 0.00 0.00 0.00 0.00 1.39 1.90 1.68 2.77 3.29 2.77 2.99 2.92 3.58 3.80 5.69 4.96 5.62 4.60 4.96 4.82 2.99 4.38 3.58 4.45 4.45 4.53 3.50 4.09 3.50 2.12 1.39 1.75 1.31 0.00 0.00 0.00 0.00 0.00 0.00 0.00 1.68 0.00 0.00 0.00 0.00 0.00 0.00 0.00 0.00 0.00 0.00 0.07 2.26 7.37 12.56 10.59 17.81 15.77 20.66 20.15 19.86 17.84 15.37 15.47 17.90 19.97 14.92 15.93 15.84 7.88 3.47 0.00 0.88
0.44 0.00 0.00 0.29 0.00 0.00 0.00 0.00 0.00 0.00 0.00 0.00 0.00 1.53 0.00 0.00 2.04 2.19 2.04 2.34 2.99 3.36 3.07 3.43 4.96 4.45 3.94 4.45 3.07 3.50 3.29 3.65 2.70 4.67 3.65 3.65 2.56 3.21 2.48 3.29 2.56 2.12 2.63 2.92 2.26 0.00 0.00 2.56 0.00 0.00 0.00 0.00 0.00 0.00 0.00 0.00 0.00 0.00 0.00 0.00 0.00 0.00 0.88 0.29 3.72 2.63 8.32 13.07 13.65 15.84 15.04 17.75 14.97 15.64 12.09 12.41 17.43 12.18 5.30 6.79 6.96 3.94 0.44 0.00
0.44 0.00 0.00 0.29 0.00 0.00 0.00 0.00 0.00 0.00 0.00 0.00 0.00 1.53 0.00 0.00 2.04 2.19 2.04 2.34 2.99 3.36 3.07 3.43 4.96 4.45 3.94 4.45 3.07 3.50 3.29 3.65 2.70 4.67 3.65 3.65 2.56 3.21 2.48 3.29 2.56 2.12 2.63 2.92 2.26 0.00 0.00 2.56 0.00 0.00 0.00 0.00 0.00 0.00 0.00 0.00 0.00 0.00 0.00 0.00 0.00 0.00 0.88 0.29 3.72 2.63 8.32 13.07 13.65 15.84 15.04 17.67 14.75 15.41 12.09 12.97 15.52 11.70 5.18 7.14 6.82 4.15 0.44 0.00
0.15 0.00 0.00 0.00 0.00 0.00 0.00 0.00 0.00 0.00 0.00 0.00 0.00 0.00 0.00 0.00 2.12 1.46 1.90 1.97 2.26 1.02 1.17 2.77 2.63 4.23 4.23 3.65 3.80 5.18 3.58 4.02 4.82 5.11 4.53 4.53 3.07 2.92 3.21 2.99 3.21 3.29 2.85 4.16 4.16 2.99 4.60 4.38 1.39 0.00 0.00 0.00 0.00 0.00 0.00 0.00 0.00 0.00 0.00 0.00 0.00 0.00 0.00 0.00 1.31 0.58 4.09 4.74 9.20 11.97 10.80 11.75 12.41 7.67 6.82 2.89 5.81 7.76 1.43 3.95 2.67 2.62 0.15 0.00
