Wansh/Snow_depth/snowdepth-1998/winter/1998361.txt
ncols 321
nrows 161
xllcenter 60
yllcenter 15 
cellsize  0.25 
NODATA_value -1
[rows 0 to 36 of 161, columns 168 to 251 of 321]
6.94 6.94 5.11 2.34 1.61 1.83 2.56 3.07 3.21 3.21 3.21 3.21 2.77 2.85 4.09 3.21 3.94 5.48 4.96 5.99 6.86 6.20 6.20 6.20 6.79 5.91 0.00 0.00 0.00 0.00 0.00 0.00 7.23 12.63 12.99 12.99 13.87 9.56 12.70 11.90 12.48 10.44 9.93 10.00 13.36 14.60 14.38 13.65 14.02 10.95 9.49 9.78 6.79 6.35 6.64 5.77 5.69 5.84 5.40 5.77 5.77 5.99 9.49 9.13 13.14 12.12 13.65 13.14 13.87 10.00 9.20 9.27 10.22 9.42 10.37 12.26 11.97 14.45 13.94 15.70 14.60 14.89 14.31 14.31
4.74 5.77 3.80 4.38 2.26 1.68 1.90 1.97 2.99 2.99 3.29 3.80 4.09 3.58 3.80 3.65 3.36 5.18 5.69 5.33 6.13 5.40 3.80 7.01 6.57 4.02 0.00 0.00 0.00 0.00 0.00 6.42 4.16 6.79 5.99 5.99 8.54 8.10 12.85 13.14 13.51 11.68 15.55 15.48 14.60 15.62 12.85 12.85 10.59 8.03 8.18 6.50 6.64 5.26 5.69 5.55 5.33 5.62 5.62 5.91 5.91 6.06 7.96 11.02 11.75 12.78 10.80 11.32 9.86 10.07 9.78 11.17 10.66 12.26 12.26 12.56 14.16 14.02 16.21 16.06 15.18 13.14 13.21 12.70
12.26 8.98 5.62 6.79 3.21 4.02 3.50 2.99 3.65 3.65 3.80 3.80 3.80 3.50 4.31 4.82 5.69 5.40 6.20 5.55 5.04 8.10 8.10 6.72 7.45 6.13 0.00 0.00 0.00 0.00 0.00 1.24 5.69 6.79 5.84 5.84 8.98 13.72 12.78 16.35 17.16 15.91 15.91 12.41 10.07 10.73 9.86 8.54 8.40 8.25 6.20 5.99 5.33 5.26 5.99 5.33 6.06 6.20 6.42 6.35 6.35 7.74 7.23 9.56 9.64 9.78 10.44 10.59 10.44 11.10 10.73 10.51 11.17 12.41 12.41 13.07 12.99 12.48 12.48 11.39 10.44 10.51 9.86 10.51
12.26 8.98 5.62 6.79 3.21 4.02 3.50 2.99 3.65 3.65 3.80 3.80 3.80 3.50 4.31 4.82 5.69 5.40 6.20 5.55 5.04 8.10 8.10 6.72 7.45 6.13 0.00 0.00 0.00 0.00 0.00 1.24 5.69 6.79 5.84 5.84 8.98 13.72 12.78 16.35 17.16 15.91 15.91 12.41 10.07 10.73 9.86 8.54 8.40 8.25 6.20 5.99 5.33 5.26 5.99 5.33 6.06 6.20 6.42 6.35 6.35 7.74 7.23 9.56 9.64 9.78 10.44 10.59 10.44 11.10 10.73 10.51 11.17 12.41 12.41 13.07 12.99 12.48 12.48 11.39 10.44 10.51 9.86 10.51
13.43 9.78 13.36 9.20 6.28 7.15 3.50 4.82 4.09 4.09 4.45 4.23 4.74 4.16 3.80 7.96 8.40 7.15 7.81 6.20 5.26 8.98 8.47 8.18 0.00 0.00 0.00 0.00 0.00 0.00 0.00 0.00 4.23 7.01 9.86 9.86 8.61 13.36 14.89 14.45 15.55 12.12 10.59 11.83 7.66 6.42 6.50 6.94 5.40 5.18 5.91 6.86 6.64 6.86 6.94 5.99 6.13 5.91 6.86 7.96 7.96 7.74 9.93 8.98 9.56 10.00 10.15 8.83 8.40 9.78 9.42 9.49 9.27 9.20 8.76 7.59 6.79 10.37 8.83 9.13 8.47 10.22 10.15 11.02
16.35 16.06 16.57 13.29 14.82 8.47 10.29 5.91 3.65 3.65 4.38 7.96 9.05 7.96 9.05 8.61 8.91 7.88 5.33 4.74 5.18 8.69 8.03 0.00 0.00 0.00 0.00 0.00 0.00 0.88 4.31 4.96 4.60 5.91 9.42 9.42 11.75 12.34 11.61 10.59 10.37 11.24 9.13 7.81 8.10 7.08 5.62 5.91 4.67 5.69 5.55 6.64 6.50 6.79 4.45 4.82 5.40 5.11 4.89 8.10 8.10 10.66 10.51 10.00 8.10 9.56 8.47 8.54 7.45 6.72 6.64 5.77 5.55 7.37 6.86 7.08 6.13 6.50 6.50 7.08 7.88 7.52 9.42 10.22
17.89 18.18 19.64 19.49 17.08 13.65 15.62 8.83 10.15 10.15 10.29 9.56 9.20 10.37 13.72 9.34 7.81 8.69 4.89 2.34 9.93 0.00 0.00 0.00 0.00 0.00 0.00 0.00 3.21 0.00 4.60 6.20 9.34 8.54 8.76 8.76 10.66 10.00 9.71 10.29 9.56 9.13 9.34 9.27 7.66 8.18 7.74 7.08 7.30 6.50 6.06 6.35 4.09 3.14 3.29 2.26 2.48 3.87 5.04 4.67 4.67 5.55 7.74 7.88 6.35 4.23 4.38 4.23 5.84 5.91 5.69 5.69 5.48 5.26 5.18 6.13 6.64 6.86 8.25 10.57 9.90 10.97 10.55 12.31
17.89 18.18 19.64 19.49 17.08 13.65 15.62 8.83 10.15 10.15 10.29 9.56 9.20 10.37 13.72 9.34 7.81 8.69 4.89 2.34 9.93 0.00 0.00 0.00 0.00 0.00 0.00 0.00 3.21 0.00 4.60 6.20 9.34 8.54 8.76 8.76 10.66 10.00 9.71 10.29 9.56 9.13 9.34 9.27 7.66 8.18 7.74 7.08 7.30 6.50 6.06 6.35 4.09 3.14 3.29 2.26 2.48 3.87 5.04 4.67 4.67 5.55 7.74 7.88 6.35 4.23 4.38 4.23 5.84 5.91 5.69 5.69 5.48 5.26 5.18 7.09 9.16 9.87 11.30 17.96 16.34 14.60 13.58 12.78
12.05 17.81 20.29 18.03 19.49 19.49 15.91 13.36 10.80 10.80 14.97 14.75 15.99 16.43 14.89 10.80 6.64 4.82 5.99 2.92 6.42 0.00 0.00 0.00 0.00 0.00 0.00 0.80 3.87 4.67 4.60 5.91 7.88 10.22 11.75 11.75 11.53 9.93 8.69 8.91 9.42 9.86 9.86 9.71 9.13 7.81 8.03 8.40 7.66 8.10 5.84 3.50 4.16 1.97 2.12 2.12 2.48 2.99 3.80 4.60 4.60 4.45 3.72 2.63 4.53 3.94 4.09 4.16 4.53 5.84 5.48 5.69 6.06 5.57 7.63 8.36 12.33 11.83 9.89 16.13 16.19 13.61 12.60 12.21
9.34 10.80 9.78 14.31 15.33 12.78 10.95 11.24 12.12 12.12 16.35 17.01 15.48 10.29 7.81 7.37 5.11 0.00 0.00 0.00 0.00 0.00 0.00 0.00 0.00 3.72 5.18 4.45 4.67 5.99 7.74 7.37 7.30 9.49 9.05 9.05 8.98 9.20 7.88 10.29 9.42 9.86 11.10 9.27 9.49 8.47 9.20 8.76 8.25 4.60 5.18 2.99 2.12 2.12 1.97 1.90 1.83 2.34 3.14 2.85 2.85 3.50 3.72 2.92 4.96 4.60 5.69 4.67 4.67 6.28 6.64 6.86 6.02 7.14 8.16 8.44 11.53 13.47 15.23 13.54 15.34 12.74 11.16 13.85
5.91 7.08 6.06 9.42 8.25 11.61 11.61 13.87 12.70 12.70 15.11 9.64 5.48 6.57 3.87 0.00 0.00 0.00 0.00 0.00 0.00 0.00 0.00 5.26 4.96 6.20 6.50 8.47 8.03 8.03 7.66 7.52 8.18 7.59 9.13 9.13 8.69 9.34 8.98 11.24 12.41 11.39 12.05 8.47 7.81 8.10 7.01 5.04 5.18 4.82 3.72 3.65 4.38 3.14 3.07 3.80 5.04 2.26 3.94 5.26 5.26 5.55 6.79 5.55 5.18 5.91 6.42 6.50 8.54 9.49 7.96 7.01 7.41 5.85 5.04 6.74 11.75 13.90 11.96 11.96 11.55 12.00 10.47 10.16
5.91 7.08 6.06 9.42 8.25 11.61 11.61 13.87 12.70 12.70 15.11 9.64 5.48 6.57 3.87 0.00 0.00 0.00 0.00 0.00 0.00 0.00 0.00 5.26 4.96 6.20 6.50 8.47 8.03 8.03 7.66 7.52 8.18 7.59 9.13 9.13 8.69 9.34 8.98 11.24 12.41 11.39 12.05 8.47 7.81 8.10 7.01 5.04 5.18 4.82 3.72 3.65 4.38 3.14 3.07 3.80 5.04 2.26 3.94 5.26 5.26 5.55 6.79 5.55 5.18 5.91 6.42 6.50 8.54 9.49 7.96 7.01 7.23 5.77 4.89 6.26 10.47 12.87 12.76 12.40 11.55 11.74 11.50 10.87
8.98 7.52 4.82 7.45 7.52 8.40 7.59 3.29 2.99 2.99 0.88 1.83 2.26 2.56 0.00 0.00 0.00 0.00 0.00 0.15 5.77 7.45 6.86 6.57 5.91 6.35 8.25 8.40 7.37 7.66 7.45 7.52 7.52 10.07 8.54 8.54 10.15 10.22 12.48 12.12 12.12 10.51 8.61 9.27 7.59 6.13 6.13 5.84 5.55 6.13 5.40 4.16 4.09 5.62 4.74 4.60 5.99 7.37 7.37 7.15 7.15 7.81 7.74 9.64 9.78 6.72 7.74 9.42 9.13 10.66 10.22 11.39 8.91 7.45 6.44 7.54 8.74 9.94 8.63 8.83 9.83 9.23 9.88 8.34
8.10 7.59 6.94 7.59 5.55 4.38 5.99 2.70 0.00 0.00 0.00 0.00 0.00 0.00 0.00 0.00 0.00 1.10 3.94 1.39 6.28 9.27 8.69 10.51 9.05 7.96 8.47 8.69 10.07 8.18 7.15 7.59 7.37 9.42 10.07 10.07 10.07 11.02 11.97 13.07 12.99 12.92 10.15 9.13 9.71 7.08 8.25 8.69 6.57 6.50 6.86 6.35 6.13 5.84 8.03 9.05 7.15 7.74 8.69 8.47 8.47 10.66 12.19 12.48 12.26 15.04 15.55 14.97 15.70 12.85 12.48 9.78 10.22 9.82 9.31 10.84 7.30 8.91 8.98 8.30 8.78 8.85 9.40 9.30
11.90 10.88 11.24 8.83 9.05 11.39 6.79 0.00 6.42 6.42 0.00 0.00 0.00 2.77 0.00 0.00 0.00 4.38 7.52 1.39 11.53 11.53 12.12 11.90 10.44 14.60 12.78 10.73 11.53 9.93 10.51 9.34 9.49 8.83 10.51 10.51 10.80 10.80 11.75 12.92 12.56 13.07 11.61 10.37 11.46 11.68 10.44 9.20 9.71 7.96 7.08 7.96 8.76 9.42 8.91 11.24 11.32 8.98 9.86 14.38 14.38 13.65 16.43 18.98 15.91 17.30 16.28 16.72 16.86 17.59 17.74 13.72 11.07 10.98 11.24 9.95 9.34 8.33 8.28 7.67 8.52 9.10 10.31 7.85
12.34 10.29 8.61 10.15 9.78 12.19 9.71 7.59 7.45 7.45 7.37 6.94 8.61 5.77 4.31 7.52 7.74 7.52 8.10 10.00 12.26 13.29 12.56 15.70 15.48 15.70 13.29 13.36 12.56 11.17 11.53 10.37 11.39 10.80 11.10 11.10 10.59 11.75 11.61 11.83 11.24 12.12 12.19 11.53 13.43 12.26 12.41 10.95 10.66 11.24 9.13 9.71 9.56 10.80 11.83 11.46 12.12 11.24 11.61 13.58 13.58 16.13 15.62 18.61 20.29 16.35 17.81 16.79 16.43 17.23 13.87 10.69 13.35 11.78 11.17 10.30 11.11 9.49 9.48 9.63 9.46 12.65 11.56 9.28
12.34 10.29 8.61 10.15 9.78 12.19 9.71 7.59 7.45 7.45 7.37 6.94 8.61 5.77 4.31 7.52 7.74 7.52 8.10 10.00 12.26 13.29 12.56 15.70 15.48 15.70 13.29 13.36 12.56 11.17 11.53 10.37 11.39 10.80 11.10 11.10 10.59 11.75 11.61 11.83 11.24 12.12 12.19 11.53 13.43 12.26 12.41 10.95 10.66 11.24 9.13 9.71 9.56 10.80 11.83 11.46 12.12 11.24 11.61 13.58 13.58 16.13 15.62 18.61 20.29 16.35 17.81 16.79 16.43 17.23 13.87 13.12 12.51 12.80 10.03 12.74 11.27 10.49 9.67 8.69 9.15 10.88 12.58 10.54
9.78 7.15 7.66 7.59 7.74 11.32 10.73 10.22 10.73 10.73 11.53 9.71 9.64 7.96 11.02 9.49 8.10 7.74 8.61 10.51 11.97 11.68 13.51 14.24 14.24 14.24 12.70 12.78 11.32 10.07 11.10 10.95 11.97 11.39 11.90 11.90 11.75 11.32 10.80 10.59 10.80 11.24 12.56 12.19 12.78 11.39 10.73 10.59 11.61 10.29 10.37 9.64 10.80 10.66 11.17 12.48 12.26 12.19 11.17 13.51 13.51 12.85 18.91 18.47 19.05 15.84 12.99 13.14 12.48 10.44 14.07 10.91 9.17 10.47 10.80 13.76 12.96 11.66 9.95 12.45 11.25 12.80 13.33 10.76
6.57 5.99 6.86 6.13 6.86 7.96 7.74 7.96 9.05 9.05 10.29 10.22 11.17 10.88 10.80 9.49 8.10 7.45 9.34 8.76 10.66 11.53 12.26 10.80 10.88 11.75 11.61 11.97 11.97 11.10 12.05 11.17 11.39 11.24 11.68 11.68 11.17 11.68 11.10 10.88 11.68 11.46 12.41 11.39 11.24 10.95 10.29 8.47 8.76 8.76 8.61 8.54 9.27 10.51 10.22 11.46 12.85 11.17 10.95 12.34 12.34 12.70 12.19 12.78 14.67 14.97 12.48 11.24 11.32 9.39 7.74 7.89 7.49 7.22 8.74 9.11 9.25 9.32 9.37 10.37 12.00 13.05 12.67 12.75
5.26 4.67 5.62 5.26 6.72 7.59 6.57 6.64 8.76 8.76 8.18 8.54 10.66 9.05 8.10 6.35 6.72 8.25 10.29 11.53 11.53 12.26 12.41 11.75 10.59 11.17 9.42 10.80 10.66 10.73 10.73 11.90 12.05 11.68 12.92 12.92 12.19 11.97 10.88 11.24 11.61 11.02 11.24 9.20 7.88 7.96 8.54 7.81 6.94 7.15 7.96 8.18 7.59 8.18 10.59 10.37 12.12 11.90 11.75 11.10 11.10 11.90 12.19 12.26 10.95 10.66 10.44 9.42 7.88 9.27 7.37 7.08 7.08 7.37 7.96 8.46 9.56 12.00 11.99 12.92 11.70 12.05 9.91 11.34
2.34 2.85 3.87 3.36 6.28 4.23 4.96 6.13 7.08 7.08 6.86 8.32 7.74 7.66 8.25 8.10 6.79 8.91 11.90 14.97 15.40 14.82 13.51 14.67 8.91 9.05 8.54 8.83 10.22 11.61 10.95 12.48 14.38 13.51 13.65 13.65 12.05 12.78 12.05 12.26 11.97 11.10 7.88 8.54 8.10 7.88 5.62 7.59 6.13 5.99 5.99 7.08 6.72 6.86 6.72 11.68 11.32 11.32 11.97 11.97 11.97 11.75 12.05 10.22 10.73 8.69 8.03 7.66 6.94 8.18 8.69 8.32 9.64 10.73 11.95 12.50 15.81 14.03 16.62 14.05 15.46 12.29 13.45 11.17
1.97 1.68 1.02 2.77 1.90 3.14 4.53 5.69 4.31 4.31 4.89 7.37 8.18 7.96 7.66 5.40 6.06 8.61 9.64 15.26 17.08 16.21 12.19 9.78 9.20 9.20 9.20 11.24 11.68 12.48 14.16 15.40 15.11 15.26 16.72 16.72 14.09 14.53 14.09 12.92 12.63 13.58 8.69 8.91 8.69 8.91 5.84 5.04 5.04 5.69 5.18 5.18 6.42 7.15 9.27 8.40 11.46 11.68 11.53 10.88 10.88 6.79 7.70 2.70 2.63 6.79 5.62 5.99 7.52 7.30 7.59 9.20 9.05 10.15 12.09 14.36 17.90 15.51 14.82 13.67 11.85 13.37 11.87 10.81
1.97 1.68 1.02 2.77 1.90 3.14 4.53 5.69 4.31 4.31 4.89 7.37 8.18 7.96 7.66 5.40 6.06 8.61 9.64 15.26 17.08 16.21 12.19 9.78 9.20 9.20 9.20 11.24 11.68 12.48 14.16 15.40 15.11 15.26 16.72 16.72 14.09 14.53 14.09 12.92 12.63 13.58 8.69 8.91 8.69 8.91 5.84 5.04 5.04 5.69 5.18 5.18 6.42 7.15 9.27 8.40 11.46 11.68 11.53 10.88 10.88 6.79 7.70 2.70 2.63 6.79 5.62 5.99 7.52 7.30 7.59 9.20 9.05 10.15 11.61 14.44 13.90 13.64 12.41 15.92 14.49 13.66 9.30 9.97
0.00 0.15 0.07 1.17 1.61 2.26 3.43 3.07 3.94 3.94 4.23 5.55 4.02 4.96 4.45 4.23 5.18 6.79 9.42 16.50 13.72 14.53 12.48 11.17 13.87 13.58 13.51 13.65 12.34 16.35 16.06 15.48 15.84 15.99 15.70 15.70 14.31 15.04 15.11 14.67 14.45 13.21 13.29 9.20 8.61 6.42 7.01 5.69 5.55 5.40 5.04 5.77 5.99 6.42 8.32 10.07 9.13 9.13 6.50 9.13 9.13 3.72 0.00 0.00 0.00 3.43 4.02 3.87 3.72 4.96 5.77 6.64 7.81 11.32 11.10 14.01 16.44 21.36 23.77 17.77 14.49 10.27 11.99 10.20
0.00 0.00 0.37 0.22 0.66 1.61 2.04 2.12 1.83 1.83 3.58 1.68 3.07 4.82 5.18 7.66 9.56 14.09 15.40 15.70 14.24 14.82 15.99 14.75 14.89 15.55 16.21 19.20 17.96 18.40 16.79 15.55 14.97 13.14 14.75 14.75 14.38 16.43 15.04 15.55 14.38 13.58 8.61 11.61 8.40 6.28 6.20 6.42 4.96 5.18 5.40 4.53 5.04 5.62 6.94 8.03 7.74 7.88 4.45 0.00 0.00 3.21 0.00 0.00 3.43 2.56 4.60 4.67 4.67 4.74 6.72 8.61 7.88 12.34 16.10 17.57 17.46 20.26 18.61 17.33 16.91 12.72 12.29 13.85
0.00 0.00 0.00 0.00 0.00 0.00 0.00 0.44 1.10 1.10 2.63 5.04 4.09 5.62 9.42 10.51 11.02 15.40 16.79 16.79 17.52 17.30 17.52 16.28 17.45 19.35 19.05 20.29 19.71 18.03 14.38 15.33 12.92 11.61 13.94 13.94 13.72 13.94 14.67 12.19 12.34 12.34 7.74 6.94 7.30 5.40 3.72 4.09 4.16 3.14 0.00 3.72 4.53 3.72 2.34 2.48 4.23 2.77 3.07 0.00 0.00 0.00 3.07 0.00 7.01 7.96 5.69 5.62 7.01 8.76 8.32 11.24 15.93 14.97 17.64 21.26 20.42 17.32 16.53 20.33 14.07 13.10 11.26 11.49
0.00 0.00 0.00 0.00 0.00 0.00 0.51 0.44 1.75 1.75 4.16 7.88 8.76 11.97 11.02 12.05 12.34 12.92 18.32 16.57 17.01 17.52 18.69 19.71 21.61 20.95 21.46 21.02 20.44 17.89 14.75 12.92 13.29 12.12 14.02 14.02 14.09 14.24 13.94 11.24 10.15 7.59 8.25 5.33 4.02 4.09 3.07 3.07 2.41 2.48 0.00 0.00 0.00 2.48 0.00 0.00 0.00 0.00 0.00 0.00 0.00 0.00 3.80 6.94 6.28 8.32 9.34 8.76 8.83 10.73 14.31 18.32 17.76 23.09 23.16 20.55 25.04 23.63 19.04 14.14 10.95 10.95 11.90 11.70
0.00 0.00 0.00 0.15 0.29 0.22 0.07 1.39 1.68 1.68 4.16 7.08 9.93 12.78 9.93 11.61 12.34 13.21 12.92 13.14 13.14 16.94 15.62 18.61 20.88 20.66 17.96 18.18 18.54 17.52 14.09 13.58 12.92 14.09 13.87 13.87 12.48 12.99 12.99 11.32 10.29 7.96 5.69 6.06 3.72 2.92 2.77 3.29 2.48 0.00 0.00 0.00 0.00 0.00 0.00 0.00 0.00 0.00 0.00 0.00 0.00 0.00 0.00 3.14 7.30 6.06 9.71 9.71 11.02 10.51 14.60 19.94 26.11 22.09 24.78 24.19 19.32 17.64 15.10 13.53 10.73 8.30 7.09 4.03
0.00 0.00 0.00 0.15 0.29 0.22 0.07 1.39 1.68 1.68 4.16 7.08 9.93 12.78 9.93 11.61 12.34 13.21 12.92 13.14 13.14 16.94 15.62 18.61 20.88 20.66 17.96 18.18 18.54 17.52 14.09 13.58 12.92 14.09 13.87 13.87 12.48 12.99 12.99 11.32 10.29 7.96 5.69 6.06 3.72 2.92 2.77 3.29 2.48 0.00 0.00 0.00 0.00 0.00 0.00 0.00 0.00 0.00 0.00 0.00 0.00 0.00 0.00 3.14 7.30 6.06 9.71 9.71 11.02 10.51 14.68 19.73 23.61 24.61 26.44 28.23 22.42 17.07 15.77 13.15 11.34 9.85 6.47 3.43
0.00 0.00 0.00 0.00 0.00 0.00 0.73 2.56 3.07 3.07 2.99 5.99 8.18 5.99 7.08 10.15 8.25 7.81 10.00 8.69 10.37 12.48 16.94 17.08 13.29 13.07 15.55 17.52 14.31 12.85 13.43 13.43 11.53 13.43 10.37 10.37 10.37 10.95 9.56 10.44 10.80 6.72 5.40 3.29 3.50 2.56 3.80 3.43 3.50 1.02 0.00 0.00 0.00 0.00 0.00 0.00 0.00 0.00 0.00 0.00 0.00 0.00 0.00 0.00 1.46 9.13 11.68 10.07 13.13 16.81 23.30 19.91 24.92 25.16 24.48 22.15 23.11 18.55 14.96 12.99 9.16 8.28 7.66 3.63
0.00 0.00 0.00 0.00 0.07 0.00 0.51 0.00 2.92 2.92 4.02 4.02 5.04 4.53 5.55 7.37 6.64 7.37 6.42 5.69 7.96 8.47 5.62 7.59 10.51 9.49 12.70 10.44 11.02 7.96 8.91 8.61 9.93 5.62 7.01 7.01 4.16 4.23 7.45 4.45 4.67 5.40 2.77 2.85 2.12 2.19 3.21 3.07 0.66 1.10 0.00 0.00 0.00 0.00 0.00 0.00 0.00 0.00 0.00 0.00 0.00 0.00 0.00 0.00 5.91 4.89 11.02 17.37 22.34 21.61 24.89 24.16 23.91 31.09 25.21 20.67 20.69 18.22 16.69 15.90 11.42 6.85 1.83 0.00
1.24 0.37 0.00 0.73 0.66 0.00 0.00 0.00 0.00 0.00 3.58 0.00 3.36 0.00 3.80 6.57 5.99 5.33 5.40 5.11 4.38 3.80 4.09 6.20 7.15 7.01 8.47 8.10 9.13 7.37 5.33 4.67 4.96 4.60 4.09 4.09 3.50 4.09 4.16 2.92 2.99 1.90 0.00 1.46 1.46 0.58 0.44 1.90 0.29 0.00 0.00 0.00 0.00 0.00 0.00 0.00 0.00 0.00 0.00 0.00 0.00 0.00 0.00 0.00 5.26 10.51 9.27 15.48 23.21 24.60 24.24 25.99 25.67 22.43 18.64 19.90 18.53 19.84 17.89 13.96 8.49 3.03 2.69 0.00
2.34 2.12 1.39 1.53 0.00 0.00 0.00 2.99 3.14 3.14 3.21 0.00 0.00 0.00 4.09 3.21 5.33 5.04 4.96 4.02 4.45 4.02 3.72 5.33 6.50 7.37 8.40 7.52 6.50 6.94 5.91 4.89 4.02 3.94 4.53 4.53 3.72 4.89 3.87 3.80 3.50 1.46 1.31 1.53 0.80 0.00 0.00 0.00 0.80 0.00 0.00 0.22 2.48 0.00 0.00 0.00 0.00 0.00 0.00 0.00 0.00 0.00 0.00 2.04 3.36 9.93 12.41 17.74 20.37 24.45 24.97 22.34 20.75 25.39 21.90 18.08 20.16 20.52 16.85 15.31 10.95 7.35 0.97 0.00
2.92 2.85 1.10 1.10 0.88 0.00 0.00 0.00 0.00 0.00 0.00 0.00 0.00 0.00 2.70 3.65 3.07 4.38 4.23 5.40 4.60 6.06 7.30 7.59 7.66 7.81 7.96 7.15 5.84 5.55 4.67 4.89 5.18 5.62 5.18 5.18 5.26 5.18 6.13 4.23 4.96 4.23 2.63 2.63 2.70 0.73 0.44 0.00 0.00 0.00 0.00 0.00 0.00 0.00 0.00 0.00 0.00 0.00 0.00 0.00 0.00 0.00 0.00 0.66 4.16 8.54 7.88 12.34 19.13 24.24 23.73 23.80 19.79 15.30 16.19 15.90 15.48 15.00 16.37 12.04 7.49 1.99 3.14 0.00
0.15 1.97 1.90 0.00 0.00 0.00 0.00 0.00 0.00 0.00 0.00 0.00 0.00 0.00 3.07 2.63 2.70 3.94 3.65 4.74 5.26 5.40 6.13 6.79 5.18 7.30 6.86 6.13 5.33 4.67 5.18 5.18 4.96 4.74 5.55 5.55 5.48 5.84 5.62 5.26 5.33 4.82 3.36 3.65 4.38 0.00 0.00 0.00 0.58 0.00 0.00 0.00 0.00 0.00 0.00 0.00 0.00 0.00 0.00 0.00 0.00 0.00 0.00 0.00 1.61 5.11 9.20 8.32 13.29 19.93 20.59 14.60 19.07 13.26 10.40 11.87 13.75 6.57 6.00 6.95 6.73 5.69 2.37 0.22
0.15 1.97 1.90 0.00 0.00 0.00 0.00 0.00 0.00 0.00 0.00 0.00 0.00 0.00 3.07 2.63 2.70 3.94 3.65 4.74 5.26 5.40 6.13 6.79 5.18 7.30 6.86 6.13 5.33 4.67 5.18 5.18 4.96 4.74 5.55 5.55 5.48 5.84 5.62 5.26 5.33 4.82 3.36 3.65 4.38 0.00 0.00 0.00 0.58 0.00 0.00 0.00 0.00 0.00 0.00 0.00 0.00 0.00 0.00 0.00 0.00 0.00 0.00 0.00 1.61 5.11 9.20 8.32 13.29 19.93 20.59 14.53 18.78 13.06 10.40 12.40 12.25 6.30 5.86 7.30 6.60 5.99 2.37 0.22
0.00 0.00 0.00 0.00 0.00 0.00 0.00 0.00 0.00 0.00 0.00 0.00 0.00 0.00 0.00 0.00 0.00 3.14 3.80 3.36 2.92 3.72 5.18 3.72 4.60 4.60 5.11 5.77 5.40 4.16 7.01 5.40 7.15 6.50 6.42 6.42 6.64 5.62 6.64 6.57 5.55 5.33 5.04 4.82 4.96 4.89 2.12 2.04 1.61 0.80 0.00 0.00 0.00 0.00 0.00 0.00 0.00 0.00 0.00 0.00 0.00 0.00 0.00 0.00 0.00 0.95 5.11 3.29 6.72 9.93 9.27 11.17 10.22 7.37 7.70 7.15 7.58 2.68 3.04 2.98 0.89 1.50 0.00 0.00
