Wansh/Snow_depth/snowdepth-1998/winter/1998349.txt
ncols 321
nrows 161
xllcenter 60
yllcenter 15 
cellsize  0.25 
NODATA_value -1
[rows 74 to 110 of 161, columns 84 to 167 of 321]
0.00 0.00 0.00 0.00 0.00 0.00 0.00 1.46 0.00 0.15 0.00 1.53 1.39 1.53 1.75 1.46 0.88 2.70 2.70 3.29 4.45 4.09 2.63 2.26 4.09 4.31 4.60 1.75 3.29 0.66 2.56 3.87 3.87 2.04 1.17 0.00 2.12 1.75 2.19 2.92 3.21 1.02 0.44 0.44 1.39 0.44 0.95 1.02 0.95 1.83 2.04 0.00 0.00 0.00 0.00 0.95 1.75 0.00 0.00 0.00 0.00 0.00 0.00 0.00 0.00 0.00 0.00 0.00 0.00 0.00 0.88 0.00 0.00 0.00 0.00 0.00 0.00 0.00 0.00 0.00 0.00 0.00 0.00 0.00
0.00 0.00 0.00 0.00 0.00 0.15 1.02 2.26 2.56 0.58 1.31 2.19 2.56 2.26 0.00 0.00 0.00 3.58 3.58 4.23 4.16 4.82 4.38 3.07 5.26 4.96 3.58 3.07 2.77 0.00 3.80 3.29 0.00 0.00 2.04 0.00 2.99 1.53 4.16 2.70 2.34 3.87 1.17 1.17 2.63 0.73 1.10 0.44 0.80 0.00 1.31 0.88 0.88 1.39 0.80 2.92 0.80 0.95 0.80 0.00 0.29 0.15 1.46 0.00 0.00 0.00 0.00 0.73 0.73 0.95 0.66 0.95 1.02 0.00 0.00 0.07 0.00 0.00 0.00 0.00 0.00 0.00 0.00 0.00
1.02 0.00 0.95 1.46 2.04 2.99 0.00 0.00 0.00 2.41 0.00 0.00 0.00 0.00 0.00 0.00 3.43 4.74 4.74 3.94 4.53 4.23 4.96 4.60 3.65 2.48 2.19 2.99 3.94 3.50 3.36 3.14 3.29 0.00 0.00 0.00 0.00 0.00 5.26 3.87 3.07 0.51 5.18 5.18 3.80 3.07 1.97 3.21 1.90 0.58 0.37 0.44 0.22 0.51 0.22 0.29 0.07 0.22 0.44 1.02 0.66 0.00 0.00 0.00 0.00 0.00 0.00 0.00 0.00 0.37 1.68 1.53 1.90 0.51 0.15 0.00 0.00 0.00 0.00 0.00 0.00 0.00 0.00 0.00
0.07 3.87 2.70 1.46 2.77 1.46 0.00 1.68 0.00 0.00 4.74 3.50 0.00 0.00 0.00 0.00 4.09 4.38 4.38 3.72 4.09 4.67 6.35 4.23 4.31 2.77 2.34 2.19 3.07 3.58 3.43 3.72 0.00 0.00 3.50 0.00 0.00 0.00 5.04 5.18 5.77 3.65 5.48 5.48 3.72 3.07 2.85 3.36 3.14 2.56 3.80 1.53 0.73 2.04 1.68 0.00 0.73 0.80 0.44 0.58 0.80 0.22 0.00 0.22 0.15 0.00 0.00 0.00 0.00 0.51 0.95 0.88 0.88 0.44 0.73 0.00 0.00 0.00 0.00 0.00 0.00 0.00 0.00 0.00
5.91 9.20 1.31 2.85 1.53 2.41 0.00 2.12 0.00 4.60 3.14 4.02 0.00 0.00 0.00 0.00 4.45 4.31 4.31 3.36 5.55 6.28 7.59 6.28 4.89 3.80 3.07 2.92 3.36 0.00 0.00 0.00 0.00 0.00 2.48 3.87 0.00 0.00 4.53 5.26 5.55 4.45 3.36 3.36 0.00 0.00 0.00 1.97 3.94 3.43 3.72 3.50 1.75 3.58 2.34 1.17 1.39 0.66 1.17 0.29 1.90 1.17 1.24 0.22 0.37 0.51 0.51 0.00 0.00 0.00 1.02 0.15 0.88 0.80 0.00 0.00 0.00 0.00 0.00 0.00 0.00 0.00 0.00 0.00
8.32 11.61 9.20 3.14 1.61 4.45 3.29 0.00 4.09 3.36 4.23 2.63 2.92 2.48 0.00 2.70 4.02 4.23 4.23 3.94 5.18 6.42 7.08 6.86 5.40 4.82 4.60 3.50 0.00 4.67 4.89 0.00 0.00 0.00 0.00 0.00 0.00 2.56 0.00 4.23 4.67 0.00 0.00 0.00 0.00 0.00 0.00 0.00 2.41 0.00 0.00 0.00 2.34 3.07 2.70 1.68 1.97 1.61 1.31 1.75 2.48 1.61 1.46 1.53 0.88 0.22 0.00 1.46 1.46 1.61 0.73 0.00 0.37 0.22 0.00 0.00 0.00 0.00 0.07 0.00 0.07 0.00 0.00 0.07
14.60 14.53 11.53 14.60 9.64 6.28 3.87 4.16 3.87 3.21 2.99 3.43 2.56 2.77 3.07 3.72 3.07 3.36 3.36 3.87 5.55 4.09 6.13 5.11 4.38 5.33 5.55 5.55 2.70 6.13 6.35 6.13 0.00 3.72 4.67 0.00 0.00 0.00 1.68 0.00 0.00 0.00 0.00 0.00 0.00 0.00 1.10 2.41 0.00 0.00 0.00 2.56 1.46 1.17 0.95 1.61 0.58 1.61 2.70 2.26 1.83 2.34 2.34 2.04 0.80 0.00 0.00 0.00 0.00 0.29 0.00 0.95 0.51 0.66 0.00 0.29 0.75 0.00 0.00 0.00 0.15 0.00 0.00 0.00
16.86 18.47 18.83 14.82 9.13 6.94 4.74 2.92 3.72 3.72 4.02 3.80 3.94 2.26 3.65 3.21 1.97 2.48 2.48 2.70 1.24 2.77 2.26 2.77 3.80 6.13 5.84 4.16 3.50 4.53 5.48 5.55 4.23 7.15 6.28 5.33 0.00 0.00 0.00 0.00 2.19 0.00 0.00 0.00 0.00 0.00 0.00 0.00 0.00 0.00 0.00 0.00 0.44 0.00 0.22 0.58 0.73 1.10 1.68 2.41 1.90 2.70 1.24 1.83 0.00 0.00 0.00 0.00 0.00 0.37 0.00 0.44 0.66 0.00 0.00 0.22 0.59 0.00 0.45 0.30 0.15 0.37 0.00 0.37
15.70 17.08 13.58 15.04 7.66 6.20 3.94 0.00 3.87 3.72 3.80 4.45 3.50 3.29 4.60 0.00 4.89 4.23 4.23 2.70 2.56 0.00 1.46 0.00 3.43 4.53 3.21 2.48 2.56 0.00 0.00 0.00 5.40 7.52 7.88 5.18 0.00 0.00 0.00 0.00 0.00 0.00 0.00 0.00 0.00 0.00 0.00 0.00 0.00 0.00 0.00 0.00 0.00 0.00 0.07 0.22 0.88 1.46 2.12 2.34 2.12 1.97 1.31 1.46 0.00 0.00 0.00 0.00 0.00 0.51 0.88 0.29 0.58 0.95 1.17 0.37 0.29 0.00 0.00 0.07 0.00 0.00 0.00 0.00
13.87 14.31 12.92 10.80 10.29 6.72 2.41 2.48 0.00 0.00 3.87 0.00 4.82 3.94 4.74 0.00 3.50 6.13 6.13 5.18 2.92 2.48 0.00 2.56 1.53 3.58 0.00 1.90 2.19 0.00 0.00 0.00 3.14 7.01 8.10 5.48 2.85 0.00 2.99 2.34 0.00 0.00 0.00 0.00 0.00 0.00 0.00 0.00 0.00 0.00 0.00 0.22 0.22 0.66 0.66 0.51 2.56 1.53 4.16 1.53 3.07 2.19 2.34 2.48 0.15 0.58 1.39 1.61 1.61 1.39 1.39 0.73 0.37 0.88 1.10 0.29 0.22 0.00 0.07 0.58 0.29 0.37 0.07 0.00
12.63 12.99 11.61 9.56 10.44 4.02 3.43 3.80 0.00 0.00 3.65 0.00 0.00 5.11 4.82 3.43 6.35 6.13 6.13 4.74 4.96 3.14 4.16 4.89 3.36 2.48 2.04 2.70 2.85 0.00 0.00 3.43 4.74 4.31 4.02 4.23 4.45 4.16 3.36 3.29 1.31 0.00 2.12 2.12 0.00 0.00 0.00 0.00 0.00 0.00 0.88 2.19 5.11 3.14 2.99 6.94 5.69 8.69 3.58 3.21 5.55 2.41 2.77 3.29 1.83 2.26 3.21 1.17 1.17 1.39 2.92 3.72 0.88 0.29 0.58 1.02 0.15 0.88 0.80 1.24 1.31 0.80 0.00 0.44
10.59 9.49 9.93 8.91 5.77 4.02 3.50 3.65 4.02 3.50 4.23 3.94 3.80 4.31 5.18 4.60 4.45 4.60 4.60 4.53 5.33 5.91 7.08 4.31 4.02 6.42 4.23 5.55 0.00 0.00 0.00 4.02 4.74 5.55 3.36 4.16 5.99 5.55 3.43 6.86 3.07 2.85 3.50 3.50 0.00 0.00 2.56 2.99 2.85 1.46 3.72 4.38 7.08 8.25 8.10 14.82 11.02 12.56 6.86 7.66 8.29 4.39 5.34 5.91 3.21 5.55 7.37 2.85 2.85 4.31 8.18 9.34 7.66 0.66 0.37 1.31 1.39 1.17 1.90 1.46 1.83 1.68 0.44 0.00
6.86 8.54 7.37 5.11 4.82 2.92 4.31 3.94 5.48 5.33 4.89 2.99 4.23 5.33 4.45 6.57 6.35 6.20 6.20 7.23 8.10 8.61 7.23 4.89 5.11 4.09 5.33 5.77 3.36 3.14 3.43 2.63 0.00 0.00 0.00 0.00 0.00 0.00 7.59 8.18 7.23 4.67 2.34 2.34 2.63 2.56 2.70 3.36 4.74 1.31 2.34 3.80 4.38 7.88 13.36 14.60 18.32 16.72 15.04 12.19 7.37 7.59 8.64 10.00 10.44 14.31 19.71 10.51 10.51 14.38 21.53 27.96 27.45 10.37 6.50 6.35 5.69 5.77 5.04 4.53 3.87 4.23 2.56 0.58
4.96 5.62 5.33 5.91 3.58 3.43 3.50 4.89 3.80 3.87 4.23 4.23 4.45 5.33 6.50 5.48 7.37 9.42 9.42 11.61 11.39 7.59 6.42 4.23 3.72 2.41 3.80 4.45 5.18 0.00 0.00 0.00 0.00 0.00 0.00 0.00 4.38 0.00 7.88 10.88 4.60 1.61 2.99 2.99 1.31 2.04 2.34 2.41 2.19 2.12 1.53 3.14 4.89 6.20 12.26 10.88 14.16 13.51 16.43 12.92 7.01 6.50 7.23 9.78 10.97 18.25 27.59 21.53 21.53 26.72 30.81 30.81 31.24 22.12 17.52 14.02 11.61 9.13 6.50 5.18 5.18 2.70 0.95 0.29
4.96 4.23 3.14 3.36 2.85 0.00 2.70 3.29 0.00 0.00 4.02 4.96 4.45 6.13 6.79 7.66 9.34 11.68 11.68 15.18 12.26 7.96 5.04 3.21 0.00 3.94 2.99 2.99 0.00 0.00 0.00 0.00 0.00 0.00 0.00 0.00 3.14 6.13 4.23 10.66 0.00 1.61 0.88 0.88 2.70 3.36 2.99 3.14 3.36 1.90 2.70 1.46 2.85 6.79 9.20 8.54 10.22 7.52 7.88 5.69 5.40 5.48 6.35 9.27 12.02 20.16 31.97 28.91 28.91 30.30 30.59 28.32 27.45 28.76 26.13 22.05 19.27 14.75 10.73 7.23 6.06 4.60 2.04 1.68
3.50 0.00 2.48 0.00 0.00 0.00 0.00 0.00 3.14 3.07 3.80 4.38 6.86 7.66 8.54 10.80 12.19 12.19 12.19 13.65 5.33 3.36 0.00 2.41 3.43 0.00 0.00 2.70 0.00 0.00 0.00 2.56 3.50 3.14 0.00 0.00 2.12 3.21 0.00 0.00 0.00 0.00 1.39 1.39 0.73 4.31 5.04 3.29 4.16 3.50 2.19 3.43 3.72 9.20 8.98 8.18 6.72 6.50 6.97 4.72 3.87 6.28 11.84 15.84 15.27 21.98 28.05 34.53 34.53 32.85 29.13 24.38 22.48 24.45 25.26 21.24 19.27 19.71 15.62 10.63 8.46 5.79 4.04 1.91
2.56 2.34 0.00 0.00 0.00 0.00 0.00 2.04 0.00 0.00 2.56 4.16 5.55 4.16 6.35 8.32 10.59 11.39 11.39 9.78 3.21 0.00 0.00 0.00 2.19 2.48 0.00 0.00 1.83 2.41 2.70 0.00 2.56 0.00 0.00 0.00 0.00 0.00 0.00 0.00 0.00 0.00 0.29 0.29 0.00 3.36 3.14 4.02 2.99 4.53 3.21 4.53 5.33 10.51 9.13 10.29 8.03 8.61 5.11 5.11 3.24 5.48 9.44 17.52 20.37 19.27 20.98 32.45 31.43 28.47 24.53 20.81 17.96 19.05 24.67 22.19 20.81 17.74 13.61 9.48 10.06 9.07 6.66 4.24
3.14 2.19 0.00 2.41 1.97 0.00 2.85 3.14 1.46 2.41 0.00 0.00 3.87 0.00 0.00 4.67 4.31 4.96 4.96 0.00 0.00 0.00 0.00 0.00 0.00 0.00 0.00 0.00 0.00 0.00 0.00 0.00 0.00 0.00 0.00 0.00 0.00 0.00 0.00 0.00 0.00 0.00 0.00 0.00 0.00 0.00 1.83 2.41 1.83 2.99 4.96 4.31 7.37 11.10 10.80 14.67 11.90 12.85 6.93 9.00 4.31 6.50 7.15 13.00 15.28 14.82 14.53 19.93 20.03 20.04 16.58 15.26 15.04 16.21 20.91 18.61 17.16 17.01 15.92 12.40 9.89 10.73 9.33 6.28
2.63 2.26 2.48 1.97 2.12 2.12 3.07 0.00 3.14 0.00 0.00 0.00 0.00 0.00 0.00 0.00 0.00 0.00 0.00 0.00 0.00 0.00 0.00 0.00 0.00 0.00 0.00 0.00 0.00 0.00 0.00 0.00 0.00 0.00 0.00 0.00 0.00 0.00 0.00 0.00 0.00 0.00 0.00 0.00 0.00 0.00 0.29 0.73 2.19 3.43 3.72 8.40 10.73 14.02 16.06 16.13 17.16 13.65 13.58 15.05 6.56 7.41 8.73 7.81 11.46 13.81 13.10 13.43 13.43 12.00 12.66 13.99 15.41 14.82 13.43 15.26 13.58 12.97 13.40 13.71 11.76 10.91 11.30 9.03
4.38 2.19 2.26 2.19 2.04 2.56 1.68 0.00 0.00 0.00 1.61 2.19 0.00 0.00 1.53 2.48 1.61 2.04 2.04 1.31 0.00 0.00 1.24 0.00 0.00 0.00 0.00 0.00 0.00 0.00 0.00 0.00 0.00 0.00 0.00 0.00 0.00 0.00 0.00 0.00 0.00 0.00 0.00 0.00 0.00 0.00 0.73 0.88 1.68 5.40 4.60 6.06 8.61 12.12 12.85 17.59 19.47 18.47 17.74 12.92 12.05 10.55 12.44 6.53 8.74 11.90 13.21 11.02 11.02 8.55 8.88 11.50 12.60 13.72 14.30 12.62 10.73 9.93 10.68 6.85 10.55 12.27 11.26 7.44
7.88 3.36 2.70 2.34 1.61 2.34 1.83 0.00 0.00 0.00 0.00 0.00 0.00 0.00 1.24 0.51 1.02 1.10 1.10 0.00 0.00 2.19 0.00 0.00 0.00 0.00 0.00 0.00 0.00 0.00 0.00 0.00 0.00 0.00 0.00 0.00 1.17 0.00 0.00 0.00 0.00 0.00 0.00 0.00 0.00 0.15 1.02 1.24 3.50 6.94 5.55 5.11 6.63 9.11 10.24 15.71 17.61 20.37 20.00 19.05 14.89 11.45 10.53 9.52 12.17 14.92 13.67 10.88 10.93 8.08 9.11 8.84 9.11 12.39 14.68 13.14 11.77 9.30 7.18 5.50 9.22 12.40 10.02 6.46
10.29 7.59 6.50 3.87 2.48 1.90 3.43 0.00 1.53 0.00 0.00 0.00 0.00 0.00 0.00 0.00 0.07 0.00 0.00 0.00 0.00 0.00 0.00 0.00 0.00 0.00 0.00 0.07 0.00 1.75 0.00 0.00 0.00 0.00 0.00 0.80 1.24 0.00 0.00 0.00 0.00 0.00 0.00 0.00 0.00 0.00 2.92 2.48 3.29 7.66 7.96 7.15 8.61 6.50 10.89 14.68 16.94 20.09 18.82 19.84 17.24 15.33 15.07 8.00 9.76 13.44 11.98 6.46 6.46 6.56 7.48 6.08 6.72 8.81 11.67 11.81 11.84 11.17 8.54 6.19 7.57 11.50 12.11 7.10
8.03 7.66 7.88 8.25 4.45 3.07 2.63 2.41 2.34 1.53 0.00 0.00 0.00 0.00 0.00 0.00 0.00 0.00 0.00 0.00 0.00 0.00 0.00 0.00 0.00 0.00 0.00 2.70 1.75 0.00 0.00 0.00 0.00 0.00 1.10 1.46 1.24 0.00 0.00 0.00 0.00 0.37 2.41 2.41 1.68 2.56 5.91 5.26 4.74 9.56 11.46 10.44 11.53 13.50 13.04 15.41 13.18 15.75 16.45 19.49 18.62 17.34 17.76 10.66 9.51 12.37 12.09 7.11 7.01 6.30 5.30 7.03 9.98 11.78 10.51 10.78 12.38 11.19 8.09 8.04 5.34 9.11 12.03 11.49
8.69 4.60 6.28 6.35 3.50 3.14 2.77 2.70 2.99 2.41 2.70 1.90 0.00 0.58 0.51 0.00 0.00 0.00 0.00 0.00 0.00 0.00 0.00 0.00 0.00 0.00 0.00 1.10 2.04 0.80 0.51 0.00 0.00 0.95 1.83 1.17 0.00 0.00 0.00 0.00 0.00 6.20 5.99 5.99 4.60 4.67 6.50 7.15 11.75 12.20 14.22 14.16 14.14 15.64 13.55 13.35 14.97 14.09 14.68 15.82 16.43 16.75 17.50 14.09 11.12 10.87 12.15 9.78 9.54 4.60 4.31 6.48 8.43 12.56 11.74 9.78 7.64 7.18 7.37 4.69 8.08 10.28 8.34 4.74
12.19 7.01 6.50 6.06 9.34 7.15 6.28 4.45 2.56 2.34 1.39 1.10 1.31 1.31 0.95 0.00 0.66 1.46 1.46 2.12 1.31 0.00 0.00 0.95 1.97 1.24 1.46 1.24 0.73 1.68 1.31 0.88 2.63 4.09 3.80 6.57 0.00 3.43 4.23 3.72 5.91 5.99 13.21 13.21 9.86 11.24 12.70 12.26 8.47 10.15 9.41 12.42 13.83 12.15 12.48 10.32 9.23 14.45 14.01 16.51 16.07 18.38 18.84 17.76 11.97 10.20 9.76 9.88 9.73 6.06 3.14 3.18 4.84 7.34 9.66 11.61 9.76 5.94 4.51 3.81 3.51 5.03 5.44 5.96
10.80 11.53 11.97 11.53 11.24 10.00 6.13 5.40 2.12 0.00 0.00 1.24 2.19 1.31 2.04 1.46 1.02 1.39 1.39 2.48 1.61 1.02 0.29 0.44 1.61 0.00 0.44 0.73 0.73 1.61 1.31 1.53 2.56 4.23 4.82 4.23 0.00 4.09 2.12 3.50 4.23 6.13 8.83 8.83 3.43 5.33 8.83 9.93 4.59 9.05 7.15 9.33 10.10 7.19 12.02 10.46 5.75 10.89 10.53 16.74 17.99 21.18 20.94 18.14 11.24 9.49 9.68 6.41 6.31 2.92 2.92 3.19 5.63 10.36 11.88 9.13 5.09 3.37 3.50 2.96 1.89 2.97 3.80 3.88
10.88 13.43 12.78 12.12 13.87 11.68 9.93 5.18 3.43 0.00 0.00 0.66 1.83 1.83 1.68 2.04 1.90 1.24 1.24 1.68 0.44 1.39 0.29 0.73 1.10 0.00 0.00 0.44 1.17 1.61 1.24 0.58 1.24 3.07 3.80 3.21 6.79 1.31 1.31 0.80 0.00 1.83 3.94 3.94 0.58 1.61 4.53 2.65 2.43 5.13 5.99 6.14 7.66 6.30 5.03 3.46 6.65 6.36 6.34 14.60 17.90 19.89 22.48 20.00 14.16 8.94 10.28 6.31 7.01 3.29 2.09 2.02 3.47 7.85 9.81 8.48 5.91 2.70 2.51 1.32 3.24 2.39 2.99 4.34
4.67 6.35 10.88 6.13 7.01 13.51 8.98 8.00 3.80 2.70 1.10 0.00 0.00 1.17 1.02 0.22 1.39 1.83 1.83 1.17 1.10 0.66 1.39 1.39 1.53 0.00 0.00 0.00 1.24 0.58 0.80 1.17 0.07 0.00 2.70 3.21 3.36 2.77 0.15 0.00 0.00 0.00 0.58 0.58 0.00 0.07 0.15 2.79 4.09 3.41 4.70 4.87 6.91 4.48 4.26 2.65 3.65 4.73 10.04 14.35 19.24 17.50 24.50 21.10 17.67 12.98 8.82 7.61 7.34 6.55 2.83 1.87 2.53 5.61 7.34 7.11 5.56 2.29 2.47 2.02 2.53 2.76 5.14 5.18
0.00 0.00 0.00 0.00 0.00 6.64 12.56 8.32 7.59 2.70 0.88 0.00 0.00 0.00 0.58 0.44 1.02 1.46 1.46 1.02 1.39 1.31 0.00 0.44 0.00 0.00 0.00 0.00 0.00 0.00 0.00 0.00 0.51 0.00 1.53 1.17 1.90 1.90 0.00 0.00 0.00 0.00 0.00 0.00 0.00 0.22 0.51 1.68 2.77 3.36 3.78 3.67 4.37 4.12 3.01 3.87 2.95 2.33 10.30 11.68 12.10 21.09 21.43 20.14 14.45 11.44 9.10 9.07 9.13 9.48 6.39 2.02 1.69 2.64 4.07 4.48 3.28 3.74 1.55 2.25 2.87 3.91 5.77 5.76
0.00 0.00 0.00 0.00 0.00 6.79 7.96 10.37 7.37 5.04 2.41 1.90 1.02 0.00 0.00 0.00 0.66 0.66 0.66 0.51 0.15 0.58 0.00 0.00 0.00 0.00 0.00 0.00 0.00 0.00 0.00 0.00 0.29 0.00 0.00 0.51 2.19 0.00 0.00 0.00 0.00 0.00 0.00 0.00 0.00 0.00 0.00 0.58 1.93 1.51 4.72 3.32 3.26 3.96 2.98 3.06 3.62 0.00 5.74 8.00 10.33 19.07 18.88 17.99 15.27 11.80 10.77 9.34 10.93 6.67 3.19 2.90 2.16 1.58 1.80 2.17 3.24 2.12 2.56 1.36 3.13 5.07 6.33 4.43
0.00 0.00 0.00 0.00 0.00 0.00 8.25 7.30 8.54 4.45 2.85 2.77 1.24 0.00 0.00 1.61 1.83 0.00 0.00 0.00 0.00 0.00 0.00 0.00 0.00 0.00 0.00 0.00 0.00 0.00 0.00 0.00 0.00 0.00 0.00 0.00 0.00 0.00 0.00 0.00 0.00 0.00 0.00 0.00 0.00 0.00 0.00 0.00 0.50 0.73 1.60 2.39 2.21 1.62 2.51 0.00 0.00 0.00 2.94 7.44 8.64 13.46 15.06 17.90 15.72 16.01 14.97 8.94 10.01 9.70 5.82 4.52 2.46 0.18 0.28 1.78 1.91 1.53 1.27 1.72 1.49 3.91 6.48 6.07
0.00 0.00 0.00 0.00 0.00 0.00 0.00 8.25 7.01 5.84 4.16 4.53 5.11 2.70 1.83 4.52 2.73 2.26 2.26 0.00 0.00 0.00 0.00 0.00 0.00 0.15 0.00 0.00 0.00 0.00 0.00 0.00 0.00 0.00 0.00 0.00 0.00 0.00 0.00 0.00 0.00 0.00 0.00 0.00 0.00 0.00 0.00 0.00 1.76 2.27 3.13 2.16 0.00 0.00 0.00 0.00 0.00 0.00 0.00 0.00 0.00 14.36 12.15 13.61 14.39 18.37 19.84 11.39 11.63 10.16 7.20 5.01 4.49 0.76 0.00 1.26 2.12 0.92 0.56 0.66 1.41 1.97 4.81 5.41
0.00 0.00 0.00 0.00 0.00 0.00 0.00 2.70 8.03 2.41 2.63 7.66 4.38 4.38 5.77 3.74 6.35 3.31 3.09 2.26 1.02 0.00 0.37 0.00 0.00 0.00 0.51 0.00 0.00 0.00 0.00 0.00 0.00 0.00 0.00 0.37 1.17 0.00 0.00 0.00 0.00 0.00 0.00 0.00 0.00 0.00 0.00 0.00 2.56 3.65 2.50 2.47 0.00 0.00 0.00 0.00 0.00 0.00 0.00 0.00 10.56 11.99 10.59 7.47 11.04 16.84 14.68 13.90 16.99 12.47 7.46 5.17 6.04 2.84 0.65 1.19 2.23 2.06 1.19 0.20 0.00 1.77 2.69 0.00
0.00 0.00 0.00 0.00 0.00 0.00 0.00 0.00 0.00 0.00 0.00 0.00 0.00 0.00 0.00 0.00 4.38 4.36 4.43 3.58 3.58 7.74 4.45 2.99 2.12 2.19 3.36 3.58 1.75 0.00 1.24 0.88 1.24 0.37 0.80 0.00 1.31 1.17 2.12 2.93 2.33 2.43 1.46 1.46 0.15 0.22 0.00 0.29 1.43 0.96 0.00 0.00 0.00 0.00 0.00 0.00 0.00 0.00 0.00 0.00 0.00 0.00 0.00 0.00 12.46 12.79 7.93 6.82 7.63 5.70 4.17 3.81 2.74 0.00 0.00 0.71 1.55 1.00 0.18 0.00 0.00 0.00 0.00 0.00
0.00 0.00 0.00 0.00 0.00 0.00 0.00 0.00 0.00 0.00 0.00 0.00 0.00 0.00 0.00 0.00 0.00 1.75 1.75 4.31 4.11 4.77 8.10 7.52 4.82 4.27 4.79 4.38 4.23 4.53 3.80 3.07 1.17 0.00 1.39 0.00 5.84 3.58 2.92 1.31 1.26 1.62 1.97 2.20 1.97 1.90 2.26 0.37 0.45 0.00 0.00 0.00 0.00 0.00 0.00 0.00 0.00 0.00 0.00 0.00 0.00 0.00 0.00 0.00 7.30 8.54 2.88 0.00 0.00 0.00 0.00 3.57 0.00 0.00 0.00 0.00 1.66 0.00 0.00 0.00 0.00 0.00 0.00 0.00
0.00 0.00 0.00 0.00 0.00 0.00 0.00 0.00 0.00 0.00 0.00 0.00 0.00 0.00 0.00 0.00 0.00 0.00 0.00 0.00 3.80 0.00 4.74 3.65 3.94 5.36 2.98 4.67 5.91 2.48 3.36 4.09 0.00 0.00 0.00 3.25 0.80 4.82 0.00 0.00 3.39 0.00 0.00 0.00 2.07 1.31 1.91 0.00 0.00 0.00 0.00 0.00 0.00 0.00 0.00 0.00 0.00 0.00 0.00 0.00 0.00 0.00 0.00 0.00 0.00 0.00 0.00 0.00 0.00 0.00 0.00 0.00 0.00 0.00 0.00 0.00 0.00 0.00 0.00 0.00 0.00 0.00 0.00 0.00
0.00 0.00 0.00 0.00 0.00 0.00 0.00 0.00 0.00 0.00 0.00 0.00 0.00 0.00 0.00 0.00 0.00 0.00 0.00 0.00 0.00 0.00 0.00 0.00 0.00 0.00 0.00 4.31 2.34 0.00 0.00 1.96 0.00 0.00 0.00 0.00 1.90 0.00 0.00 0.00 0.00 0.00 0.00 0.00 0.00 0.00 0.65 0.00 0.00 0.00 0.00 0.00 0.00 0.00 0.00 0.00 0.00 0.00 0.00 0.00 0.00 0.00 0.00 0.00 0.00 0.00 0.00 0.00 0.00 0.00 0.00 0.00 0.00 0.00 0.00 0.00 0.00 0.00 0.00 0.00 0.00 0.00 0.00 0.00
