Wansh/Snow_depth/snowdepth-1998/winter/1998352.txt
ncols 321
nrows 161
xllcenter 60
yllcenter 15 
cellsize  0.25 
NODATA_value -1
[rows 74 to 110 of 161, columns 84 to 167 of 321]
0.00 0.00 0.00 0.00 0.00 0.51 0.07 0.00 0.80 0.22 0.29 0.00 0.07 0.51 1.10 1.83 1.83 1.97 1.97 2.04 0.00 0.00 2.26 2.04 2.34 1.24 3.50 1.46 0.00 0.66 2.56 3.87 3.87 2.04 1.17 0.00 2.12 1.75 2.19 2.92 3.21 1.02 0.44 0.44 1.39 0.44 0.95 1.02 0.95 1.83 2.04 0.00 0.00 0.00 0.00 0.15 0.15 0.00 0.00 0.00 0.00 0.00 0.00 0.00 0.00 0.00 0.00 0.00 0.00 0.00 0.00 0.66 0.58 0.00 0.00 0.00 0.00 0.00 0.00 0.00 0.00 0.00 0.00 0.00
0.00 0.00 0.00 0.00 0.00 0.80 0.58 0.58 0.95 0.58 0.80 0.37 1.83 2.26 2.34 2.12 2.04 1.75 1.75 0.00 0.00 0.00 0.00 2.26 2.19 2.85 3.80 3.65 2.56 2.48 3.80 3.29 0.00 0.00 2.04 0.00 2.99 1.53 4.16 2.70 2.34 3.87 1.17 1.17 2.63 0.73 1.10 0.44 0.80 0.00 1.31 0.88 0.88 1.39 0.00 0.22 0.58 0.58 1.17 0.51 1.46 1.39 0.00 0.15 0.00 0.00 0.00 0.00 0.00 0.00 0.00 0.73 0.73 0.29 0.00 0.00 0.00 0.00 0.00 0.00 0.00 0.00 0.00 0.00
0.00 0.00 0.07 0.07 0.07 0.51 1.31 0.95 1.46 0.80 0.95 2.04 2.85 2.19 2.41 1.61 1.97 2.26 2.26 0.00 0.00 0.00 0.00 0.00 2.04 0.00 3.65 4.53 3.94 3.50 3.36 3.14 3.29 0.00 0.00 0.00 0.00 0.00 5.26 3.87 3.07 0.51 5.18 5.18 3.80 3.07 1.97 3.21 1.90 0.58 0.37 0.44 0.22 0.51 0.00 0.00 0.00 0.22 0.44 0.00 1.02 0.44 0.80 0.15 0.22 0.00 0.00 0.00 0.00 1.39 3.14 1.83 1.75 0.00 0.00 0.00 0.00 0.00 0.00 0.00 0.00 0.00 0.00 0.00
1.10 0.95 0.66 0.22 2.19 2.34 2.48 2.48 2.99 3.36 2.99 2.77 0.00 0.00 0.00 1.97 2.63 1.90 1.90 2.12 0.00 0.00 0.00 0.00 0.00 0.00 0.00 0.00 0.00 3.58 3.43 3.72 0.00 0.00 3.50 0.00 0.00 0.00 5.04 5.18 5.77 3.65 5.48 5.48 3.72 3.07 2.85 3.36 3.14 2.56 3.80 1.53 0.73 2.04 1.68 1.10 0.00 0.00 0.00 0.37 0.37 0.95 0.44 0.00 0.00 0.29 0.00 0.80 0.80 1.68 2.12 1.02 1.39 0.00 0.00 0.00 0.00 0.00 0.00 0.00 0.00 0.00 0.00 0.00
3.65 4.82 4.09 2.99 1.90 2.34 0.00 0.00 0.00 0.00 0.00 0.00 0.00 0.00 0.00 0.00 0.00 2.41 2.41 0.00 0.00 0.00 0.00 0.00 0.00 0.00 0.00 0.00 3.36 0.00 0.00 0.00 0.00 0.00 2.48 3.87 0.00 0.00 4.53 5.26 5.55 4.45 3.36 3.36 0.00 0.00 0.00 1.97 3.94 3.43 3.72 3.50 1.75 3.58 1.90 2.12 1.46 0.00 0.80 1.02 1.68 1.10 0.07 0.22 0.07 0.07 0.15 1.83 1.83 1.24 0.95 0.15 0.07 0.00 0.00 0.00 0.00 0.00 0.00 0.00 0.00 0.00 0.00 0.00
13.29 12.92 6.86 4.60 3.87 4.31 2.85 0.00 2.77 3.07 2.26 0.00 0.00 0.00 0.00 2.85 0.00 0.00 0.00 0.00 0.00 0.00 0.00 0.00 0.00 0.00 0.00 3.50 0.00 4.67 4.89 0.00 0.00 0.00 0.00 0.00 0.00 2.56 0.00 4.23 4.67 0.00 0.00 0.00 0.00 0.00 0.00 0.00 2.41 0.00 0.00 0.00 2.34 1.10 1.24 1.24 1.02 0.88 1.90 1.53 2.04 1.61 1.10 0.29 0.00 0.58 0.66 0.29 0.29 1.83 0.88 0.07 0.66 0.44 0.00 0.00 0.00 0.00 0.00 0.00 0.00 0.00 0.00 0.00
15.26 15.77 16.28 15.48 11.90 6.28 4.45 3.07 2.48 2.48 3.29 2.77 3.43 3.21 2.56 0.00 2.99 3.36 3.36 0.00 0.00 2.12 3.50 3.65 0.00 0.00 0.00 0.00 2.70 6.13 6.35 6.13 0.00 3.72 4.67 0.00 0.00 0.00 1.68 0.00 0.00 0.00 0.00 0.00 0.00 0.00 1.10 2.41 0.00 0.00 0.00 2.56 1.46 2.04 0.00 1.10 0.66 0.51 1.31 1.83 1.53 2.48 0.66 0.07 0.00 1.39 0.00 0.00 0.00 0.00 0.00 0.44 0.00 0.58 0.07 0.00 0.00 0.08 0.00 0.00 0.00 0.00 0.00 0.07
17.23 15.48 17.37 15.77 13.14 8.10 3.72 3.07 2.34 2.77 2.56 2.56 2.48 2.48 3.14 2.92 3.72 4.02 4.02 0.00 1.61 0.00 0.00 0.00 0.00 0.00 5.84 4.16 3.50 4.53 5.48 5.55 4.23 7.15 6.28 5.33 0.00 0.00 0.00 0.00 2.19 0.00 0.00 0.00 0.00 0.00 0.00 0.00 0.00 0.00 0.00 0.00 0.44 0.00 0.00 0.00 0.00 0.22 0.29 1.02 1.46 1.17 1.83 0.15 0.00 0.00 0.00 0.00 0.00 0.73 0.58 1.46 1.53 2.19 1.53 0.00 0.00 0.00 0.00 0.00 0.00 0.00 0.00 0.00
14.24 15.33 14.97 14.24 11.61 9.20 4.23 3.14 0.00 0.00 0.00 0.00 0.00 0.00 0.00 3.43 3.72 4.60 4.60 4.23 1.61 0.00 0.00 0.00 0.00 4.96 3.21 2.48 2.56 0.00 0.00 0.00 5.40 7.52 7.88 5.18 0.00 0.00 0.00 0.00 0.00 0.00 0.00 0.00 0.00 0.00 0.00 0.00 0.00 0.00 0.00 0.00 0.00 0.00 0.00 0.00 0.66 0.37 0.88 0.44 2.26 1.97 0.22 0.80 0.00 0.00 0.00 1.68 1.68 0.51 0.88 1.61 0.80 2.12 2.04 0.15 0.00 0.00 0.07 0.00 0.00 0.07 0.00 0.22
12.78 13.43 12.63 11.24 7.81 4.45 4.96 3.65 2.99 0.00 0.00 0.00 0.00 0.00 3.21 0.00 0.00 4.45 4.45 6.20 3.21 3.07 0.00 2.04 2.48 2.99 3.43 1.90 2.19 0.00 0.00 0.00 3.14 7.01 8.10 5.48 2.85 0.00 2.99 2.34 0.00 0.00 0.00 0.00 0.00 0.00 0.00 0.00 0.00 0.00 0.00 0.22 0.22 0.00 0.22 3.14 2.70 2.26 0.37 1.46 2.12 2.56 2.34 0.80 1.24 0.29 1.90 1.68 1.68 0.95 1.17 0.88 2.04 1.75 1.75 1.02 0.22 0.58 0.00 0.00 0.80 0.80 0.07 0.00
11.53 11.75 11.24 11.32 8.47 4.16 0.00 3.50 0.00 0.00 0.00 0.00 0.00 2.92 3.65 4.16 4.16 0.00 0.00 5.48 5.77 5.40 4.67 2.34 2.92 2.48 2.04 2.70 2.85 0.00 0.00 3.43 4.74 4.31 4.02 4.23 4.45 4.16 3.36 3.29 1.31 0.00 2.12 2.12 0.00 0.00 0.00 0.00 0.00 0.00 0.88 2.19 5.11 2.26 2.26 10.95 7.81 6.72 3.36 3.94 3.14 1.75 3.29 1.75 3.50 2.41 1.90 1.75 1.75 1.68 1.75 2.99 1.46 1.83 0.95 0.66 0.66 0.00 1.02 0.44 1.10 0.88 0.15 0.00
10.07 9.56 9.49 8.69 8.61 4.60 3.43 3.80 3.50 0.00 3.58 0.00 0.00 0.00 3.07 4.02 4.23 5.18 5.18 0.00 5.48 7.30 7.15 5.69 4.74 3.65 4.23 5.55 0.00 0.00 0.00 4.02 4.74 5.55 3.36 4.16 5.99 5.55 3.43 6.86 3.07 2.85 3.50 3.50 0.00 0.00 2.56 2.99 2.85 1.46 3.72 4.38 3.21 7.81 5.62 15.99 16.50 8.32 11.02 8.32 5.58 3.80 6.02 4.02 2.92 4.89 2.70 7.30 7.30 3.72 3.29 10.95 2.19 1.39 1.02 1.46 0.29 0.00 0.95 0.58 1.31 1.10 0.80 0.22
9.27 9.27 7.15 4.96 4.23 3.87 3.94 3.72 4.74 5.18 3.80 3.43 2.99 5.40 5.11 5.11 6.28 5.62 5.62 7.59 6.72 6.72 5.91 7.74 5.11 4.09 5.33 5.77 3.36 3.14 3.43 2.63 0.00 0.00 0.00 0.00 0.00 0.00 7.59 8.18 7.23 4.67 2.34 2.34 2.63 2.56 2.70 3.36 4.74 1.31 2.34 3.80 5.84 8.54 13.87 16.21 15.99 16.79 15.84 12.56 9.05 7.45 7.15 8.98 9.56 8.91 16.64 17.45 17.45 21.32 20.66 28.91 24.97 15.18 9.42 11.10 7.88 2.56 5.69 3.94 3.29 2.26 0.95 0.73
6.35 6.64 5.69 4.60 3.80 3.29 3.65 3.43 3.29 4.38 4.09 3.80 3.80 5.11 5.69 4.89 5.62 7.23 7.23 8.83 11.32 7.45 5.18 3.58 3.21 2.41 3.80 4.45 5.18 0.00 0.00 0.00 0.00 0.00 0.00 0.00 4.38 0.00 7.88 10.88 4.60 1.61 2.99 2.99 1.31 2.04 2.34 2.41 2.19 2.12 1.53 3.14 4.82 5.55 9.86 12.63 14.24 16.79 11.83 10.07 4.60 6.28 5.55 8.47 11.56 22.63 24.02 25.55 25.55 23.65 31.03 30.66 31.39 25.62 18.98 13.43 14.02 5.11 8.18 4.96 4.53 2.99 1.46 0.51
5.33 4.38 4.02 3.80 0.00 0.00 3.65 3.43 2.77 4.02 3.21 3.21 4.53 5.33 6.79 7.74 5.69 7.52 7.52 12.05 13.51 5.91 2.92 3.72 0.00 3.94 2.99 2.99 0.00 0.00 0.00 0.00 0.00 0.00 0.00 0.00 3.14 6.13 4.23 10.66 0.00 1.61 0.88 0.88 2.70 3.36 2.99 3.14 3.36 1.90 2.70 1.46 3.58 6.20 8.76 9.78 11.53 7.88 7.96 5.69 3.72 6.13 8.76 11.53 22.34 29.97 33.00 31.32 31.32 31.32 29.20 29.05 27.30 27.81 25.92 19.13 17.96 14.31 10.95 8.18 5.77 3.72 1.97 1.02
3.80 3.29 3.50 2.85 0.00 0.00 0.00 0.00 2.77 0.00 0.00 4.16 4.89 7.30 8.18 9.05 6.79 8.32 8.32 10.88 10.73 6.57 0.00 2.41 3.43 0.00 0.00 2.70 0.00 0.00 0.00 2.56 3.50 3.14 0.00 0.00 2.12 3.21 0.00 0.00 0.00 0.00 1.39 1.39 0.73 4.31 5.04 3.29 4.16 3.50 2.19 3.43 7.81 9.20 8.47 6.79 7.52 5.48 6.00 4.87 3.36 5.69 9.46 14.45 20.01 25.36 31.58 33.07 33.07 25.55 27.30 25.77 27.59 24.16 24.89 22.48 20.15 16.86 14.31 10.47 8.99 5.42 3.23 1.98
4.45 2.26 0.00 0.00 0.00 0.00 0.00 0.00 0.00 0.00 0.00 2.70 3.50 5.69 4.96 9.49 9.20 10.07 10.07 9.13 9.78 6.06 0.00 0.00 2.19 2.48 0.00 0.00 1.83 2.41 2.70 0.00 2.56 0.00 0.00 0.00 0.00 0.00 0.00 0.00 0.00 0.00 0.29 0.29 0.00 3.36 3.14 4.02 2.99 4.53 3.21 5.40 10.15 10.80 9.42 7.59 9.71 4.53 3.80 3.58 3.91 4.60 6.86 13.58 16.86 16.79 26.73 27.77 26.89 17.97 22.05 23.29 23.07 20.08 23.21 18.25 19.05 19.05 12.15 8.87 7.30 8.15 5.29 3.03
3.43 2.77 1.83 0.00 0.00 0.00 1.90 0.00 0.00 0.00 0.00 0.00 2.12 2.85 0.00 4.31 6.35 7.81 7.81 5.48 0.00 0.00 0.00 0.00 0.00 0.00 0.00 0.00 0.00 0.00 0.00 0.00 0.00 0.00 0.00 0.00 0.00 0.00 0.00 0.00 0.00 0.00 0.00 0.00 0.00 0.00 1.83 2.41 1.83 2.99 4.96 5.18 6.13 11.75 13.43 11.02 14.02 10.07 5.83 5.75 7.01 5.11 8.19 8.36 11.63 13.63 16.86 18.25 18.34 14.93 13.94 16.57 17.45 16.86 15.41 14.82 15.11 12.12 12.11 11.62 8.73 9.13 9.57 5.18
3.50 2.26 2.48 1.83 0.00 2.19 2.48 1.83 2.04 0.00 1.17 1.46 0.00 0.00 0.00 0.00 3.58 0.00 0.00 0.00 0.00 0.00 0.00 0.00 0.00 0.00 0.00 0.00 0.00 0.00 0.00 0.00 0.00 0.00 0.00 0.00 0.00 0.00 0.00 0.00 0.00 0.00 0.00 0.00 0.00 0.00 0.29 0.73 2.19 3.43 3.72 8.40 10.44 13.94 15.26 15.33 17.16 17.08 11.53 10.93 6.64 8.64 6.03 8.51 11.88 14.12 12.80 14.24 14.24 9.71 10.72 15.21 16.87 15.42 13.28 11.58 10.66 10.75 11.36 9.68 11.29 8.28 9.11 8.76
2.34 2.77 1.97 1.02 1.68 2.19 1.97 0.00 0.00 0.00 1.46 0.00 0.00 0.00 0.00 0.37 1.24 0.00 0.00 1.10 1.75 0.00 0.00 0.00 0.00 0.00 0.00 0.00 0.00 0.00 0.00 0.00 0.00 0.00 0.00 0.00 0.00 0.00 0.00 0.00 0.00 0.00 0.00 0.00 0.00 0.00 0.73 0.88 1.68 5.40 4.60 5.40 8.25 10.44 12.63 11.61 18.64 18.32 19.64 14.67 11.90 11.51 7.34 9.45 11.38 12.13 11.67 7.01 7.01 7.82 11.59 10.52 13.04 14.89 13.19 12.25 9.34 8.52 8.32 8.96 9.25 9.76 9.92 8.11
4.67 6.35 3.80 1.97 1.53 1.53 2.04 0.00 0.00 0.00 0.00 0.00 0.00 0.00 1.10 1.10 0.44 0.80 0.80 0.00 1.97 1.97 0.00 0.00 0.00 0.00 0.00 0.00 0.00 0.00 0.00 0.00 0.00 0.00 0.00 0.00 1.17 0.00 0.00 0.00 0.00 0.00 0.00 0.00 0.00 0.15 1.02 1.24 3.50 6.94 5.55 5.11 5.81 6.92 9.33 14.82 18.29 19.27 17.52 18.10 13.72 12.18 7.22 9.28 9.65 11.70 10.81 5.77 5.80 7.77 11.07 6.89 10.00 13.62 12.36 11.32 10.95 8.55 7.18 7.11 8.22 9.65 8.76 7.34
11.39 9.86 7.66 6.13 3.43 2.12 1.75 0.00 0.00 0.00 0.00 0.00 0.00 0.00 0.00 1.31 0.58 0.00 0.00 0.00 0.00 0.00 0.00 0.00 0.00 0.00 0.00 0.07 0.00 1.75 0.00 0.00 0.00 0.00 0.00 0.80 1.24 0.00 0.00 0.00 0.00 0.00 0.00 0.00 0.00 0.00 2.92 2.48 3.29 7.66 6.79 9.05 7.37 6.65 13.15 14.75 16.37 19.92 15.04 16.52 16.58 13.87 9.79 10.25 8.73 10.12 9.28 7.56 7.56 5.90 8.36 5.27 7.30 11.58 11.01 12.11 10.73 10.61 7.79 8.09 8.96 11.80 9.79 8.06
7.01 7.88 8.69 6.20 6.79 2.85 2.41 1.83 2.04 0.00 0.00 0.00 0.00 0.00 0.00 0.00 0.00 0.00 0.00 0.00 1.10 0.00 0.00 0.00 0.00 0.00 0.00 2.70 1.75 0.00 0.00 0.00 0.00 0.00 1.10 1.46 1.24 0.00 0.00 0.00 0.00 0.37 2.41 2.41 1.68 2.56 5.91 5.26 4.74 9.56 10.80 11.83 11.61 11.45 13.11 12.57 11.90 13.91 14.52 15.08 16.49 14.83 13.25 11.74 10.83 10.81 10.11 7.86 7.74 6.89 6.87 5.23 8.07 12.66 11.24 11.08 11.26 7.70 7.26 7.18 7.75 10.54 12.11 6.12
5.18 5.48 7.66 7.96 3.94 2.92 2.92 3.72 2.63 2.77 1.10 1.24 0.00 0.58 0.00 0.29 0.00 0.00 0.00 0.00 0.00 0.00 0.00 0.00 0.00 0.00 0.00 1.10 2.04 0.80 0.51 0.00 0.00 0.95 1.83 1.17 0.00 0.00 0.00 0.00 0.00 6.20 5.99 5.99 4.60 4.67 6.50 7.15 11.75 12.20 11.82 11.41 14.75 14.68 13.10 12.62 11.97 11.97 12.50 14.83 15.92 15.98 16.97 11.61 9.56 10.16 8.60 7.90 7.70 5.77 4.53 7.46 10.68 12.97 10.64 11.17 6.57 7.02 6.70 6.18 7.39 7.85 4.84 4.74
13.43 10.07 8.25 7.74 8.03 4.53 3.43 3.07 3.29 1.68 1.97 1.39 1.75 1.31 1.24 0.00 1.02 1.17 1.17 0.00 0.00 0.00 0.00 0.95 1.97 1.24 1.46 1.24 0.73 1.68 1.31 0.88 2.63 4.09 3.80 6.57 0.00 3.43 4.23 3.72 5.91 5.99 13.21 13.21 9.86 11.24 12.70 12.26 8.47 10.15 10.16 10.66 10.13 13.25 9.99 12.90 9.00 12.45 14.82 16.36 15.26 16.19 18.45 17.31 11.97 9.90 8.91 4.27 4.20 3.72 3.50 4.61 8.74 8.94 10.41 7.45 6.05 5.86 2.92 3.33 5.59 3.78 4.84 4.87
13.94 12.70 10.66 12.19 11.83 14.67 7.81 3.14 2.41 0.00 0.00 1.61 0.80 1.31 1.83 0.88 0.58 0.73 0.73 0.29 1.61 1.02 0.29 0.44 1.61 0.00 0.44 0.73 0.73 1.61 1.31 1.53 2.56 4.23 4.82 4.23 0.00 4.09 2.12 3.50 4.23 6.13 8.83 8.83 3.43 5.33 8.83 9.93 4.59 8.59 6.92 8.10 8.31 5.81 8.55 9.70 6.19 7.73 14.36 16.27 16.00 16.49 20.41 17.76 14.16 8.91 8.44 5.79 5.70 4.31 3.29 3.11 5.98 6.85 10.87 8.40 5.46 4.79 0.84 2.03 2.73 2.89 3.65 3.73
13.07 16.28 14.75 14.24 14.09 14.82 14.75 5.18 2.41 1.61 0.00 0.00 1.46 1.17 2.04 2.41 1.10 1.10 1.10 1.68 0.44 1.39 0.29 0.73 1.10 0.00 0.00 0.44 1.17 1.61 1.24 0.58 1.24 3.07 3.80 3.21 6.79 1.31 1.31 0.80 0.00 1.83 3.94 3.94 0.58 1.61 4.53 2.65 2.43 6.26 4.81 6.04 7.75 5.03 4.95 6.34 3.48 6.27 8.63 20.10 16.01 22.27 21.90 17.45 9.56 8.34 7.45 6.46 7.18 5.05 3.20 2.46 7.12 10.91 10.41 9.88 6.64 1.97 1.25 1.40 2.13 3.03 2.77 2.92
6.57 10.37 10.88 8.25 9.27 7.52 13.58 12.84 4.82 0.73 0.00 0.00 1.02 1.68 0.88 2.41 2.04 1.10 1.10 1.61 1.10 0.66 1.39 1.39 1.53 0.00 0.00 0.00 1.24 0.58 0.80 1.17 0.07 0.00 2.70 3.21 3.36 2.77 0.15 0.00 0.00 0.00 0.58 0.58 0.00 0.07 0.15 2.79 4.09 4.21 3.73 4.50 4.83 4.48 3.95 3.74 3.15 9.05 7.71 13.45 22.42 22.83 22.38 14.75 12.70 9.50 8.10 5.65 5.45 2.32 1.96 2.53 6.83 9.07 8.41 8.91 3.48 2.45 1.85 1.55 1.85 4.34 6.34 4.02
0.00 5.04 7.81 5.69 4.60 9.64 12.85 6.86 6.42 1.61 0.00 1.10 0.00 0.00 0.00 1.17 1.83 1.46 1.46 1.02 1.39 1.31 0.00 0.44 0.00 0.00 0.00 0.00 0.00 0.00 0.00 0.00 0.51 0.00 1.53 1.17 1.90 1.90 0.00 0.00 0.00 0.00 0.00 0.00 0.00 0.22 0.51 1.68 2.77 1.61 2.00 4.28 1.87 2.92 2.26 1.35 1.72 4.76 6.45 12.32 15.28 18.39 19.80 16.79 14.31 11.59 9.60 6.85 6.89 5.29 1.93 2.34 3.74 6.43 5.66 4.17 2.53 2.05 1.55 2.01 3.44 5.58 6.13 4.54
0.00 0.00 0.00 0.00 0.00 5.11 11.46 10.59 9.27 5.48 2.12 0.15 1.31 0.00 0.00 0.66 0.22 0.00 0.00 0.51 0.15 0.58 0.00 0.00 0.00 0.00 0.00 0.00 0.00 0.00 0.00 0.00 0.29 0.00 0.00 0.51 2.19 0.00 0.00 0.00 0.00 0.00 0.00 0.00 0.00 0.00 0.00 0.58 1.93 2.03 2.81 3.41 1.58 2.51 2.34 0.00 0.00 0.00 3.89 7.04 15.22 18.25 17.99 17.54 14.67 13.16 9.02 8.71 10.19 5.55 3.56 4.12 2.52 4.13 1.80 2.42 2.92 0.73 1.71 1.83 3.13 5.61 6.08 5.43
0.00 0.00 0.00 0.00 0.00 0.00 6.13 9.05 7.81 8.47 3.65 1.17 2.41 2.41 0.15 2.63 0.00 0.00 0.00 0.00 0.00 0.00 0.00 0.00 0.00 0.00 0.00 0.00 0.00 0.00 0.00 0.00 0.00 0.00 0.00 0.00 0.00 0.00 0.00 0.00 0.00 0.00 0.00 0.00 0.00 0.00 0.00 0.00 0.50 0.56 1.28 1.68 2.21 2.52 3.60 0.00 0.00 0.00 0.00 6.08 10.40 12.15 16.62 18.37 16.75 13.77 13.51 10.33 11.57 10.08 5.27 3.86 3.25 2.04 0.47 2.25 1.91 0.00 0.16 1.81 2.07 4.74 7.64 0.00
0.00 0.00 0.00 0.00 0.00 0.00 0.00 4.38 8.40 6.50 6.13 3.50 4.67 5.91 4.45 2.08 3.32 2.26 2.26 0.00 0.00 0.00 0.00 0.00 0.00 0.15 0.00 0.00 0.00 0.00 0.00 0.00 0.00 0.00 0.00 0.00 0.00 0.00 0.00 0.00 0.00 0.00 0.00 0.00 0.00 0.00 0.00 0.00 0.00 1.62 2.09 1.83 0.00 0.00 0.00 0.00 0.00 0.00 0.00 0.00 13.82 11.99 11.19 14.90 15.94 16.39 15.32 11.62 11.87 10.44 5.98 4.92 2.02 0.17 0.17 0.36 0.63 0.00 0.00 1.04 0.81 2.56 5.88 0.00
0.00 0.00 0.00 0.00 0.00 0.00 0.00 0.00 7.08 8.61 3.80 4.16 5.84 4.23 5.26 5.06 6.28 3.31 3.09 2.26 1.02 0.00 0.37 0.00 0.00 0.00 0.51 0.00 0.00 0.00 0.00 0.00 0.00 0.00 0.00 0.37 1.17 0.00 0.00 0.00 0.00 0.00 0.00 0.00 0.00 0.00 0.00 0.00 0.00 1.54 3.10 0.00 0.00 0.00 0.00 0.00 0.00 0.00 0.00 0.00 6.13 6.99 8.85 7.39 12.58 15.99 14.14 7.26 8.87 7.10 6.41 4.99 2.25 0.58 0.00 1.10 0.64 0.00 0.00 0.49 1.79 1.86 0.00 0.00
0.00 0.00 0.00 0.00 0.00 0.00 0.00 0.00 0.00 0.00 0.00 0.00 0.00 0.00 0.00 5.26 4.38 4.36 4.43 3.58 3.58 7.74 4.45 2.99 2.12 2.19 3.36 3.58 1.75 0.00 1.24 0.88 1.24 0.37 0.80 0.00 1.31 1.17 2.12 2.93 2.33 2.43 1.46 1.46 0.15 0.22 0.00 0.29 0.00 0.00 0.00 0.00 0.00 0.00 0.00 0.00 0.00 0.00 0.00 0.00 0.00 0.00 5.21 0.00 8.67 9.16 2.22 4.55 5.09 5.61 3.19 4.56 3.80 1.41 0.93 1.22 0.00 0.18 0.00 0.00 0.00 0.00 0.00 0.00
0.00 0.00 0.00 0.00 0.00 0.00 0.00 0.00 0.00 0.00 0.00 0.00 0.00 0.00 0.00 0.00 0.00 1.75 1.75 4.31 4.11 4.77 8.10 7.52 4.82 4.27 4.79 4.38 4.23 4.53 3.80 3.07 1.17 0.00 1.39 0.00 5.84 3.58 2.92 1.31 1.26 1.62 1.97 2.20 1.97 1.90 2.26 0.37 0.00 0.00 0.00 0.00 0.00 0.00 0.00 0.00 0.00 0.00 0.00 0.00 0.00 0.00 0.00 0.00 7.43 4.41 0.00 0.00 0.00 0.00 0.00 0.00 2.32 0.00 0.67 0.00 0.00 0.00 0.00 0.00 0.00 0.00 0.00 0.00
0.00 0.00 0.00 0.00 0.00 0.00 0.00 0.00 0.00 0.00 0.00 0.00 0.00 0.00 0.00 0.00 0.00 0.00 0.00 0.00 3.80 0.00 4.74 3.65 3.94 5.36 2.98 4.67 5.91 2.48 3.36 4.09 0.00 0.00 0.00 3.25 0.80 4.82 0.00 0.00 3.39 0.00 0.00 0.00 2.07 1.31 1.91 0.00 0.00 0.00 0.00 0.00 0.00 0.00 0.00 0.00 0.00 0.00 0.00 0.00 0.00 0.00 0.00 0.00 0.00 0.00 0.00 0.00 0.00 0.00 0.00 0.00 0.00 0.00 0.00 0.00 0.00 0.00 0.00 0.00 0.00 0.00 0.00 0.00
0.00 0.00 0.00 0.00 0.00 0.00 0.00 0.00 0.00 0.00 0.00 0.00 0.00 0.00 0.00 0.00 0.00 0.00 0.00 0.00 0.00 0.00 0.00 0.00 0.00 0.00 0.00 4.31 2.34 0.00 0.00 1.96 0.00 0.00 0.00 0.00 1.90 0.00 0.00 0.00 0.00 0.00 0.00 0.00 0.00 0.00 0.65 0.00 0.00 0.00 0.00 0.00 0.00 0.00 0.00 0.00 0.00 0.00 0.00 0.00 0.00 0.00 0.00 0.00 0.00 0.00 0.00 0.00 0.00 0.00 0.00 0.00 0.00 0.00 0.00 0.00 0.00 0.00 0.00 0.00 0.00 0.00 0.00 0.00
