Wansh/Snow_depth/snowdepth-1998/winter/1998351.txt
ncols 321
nrows 161
xllcenter 60
yllcenter 15 
cellsize  0.25 
NODATA_value -1
[rows 0 to 36 of 161, columns 84 to 167 of 321]
5.77 4.23 4.53 5.11 0.00 4.96 2.77 3.65 0.00 6.50 5.91 7.01 5.11 5.69 6.79 7.01 5.55 5.18 5.18 4.67 4.96 4.16 3.14 2.70 3.07 1.90 2.48 2.77 1.61 2.19 1.83 3.29 3.21 3.07 2.92 3.65 3.50 3.87 3.80 2.41 2.85 2.85 2.48 2.48 1.46 1.10 0.29 0.22 1.53 2.92 3.07 3.94 5.04 6.79 5.91 8.54 4.31 4.74 2.99 2.41 2.99 1.46 0.88 0.88 0.15 0.95 1.10 2.04 2.04 5.62 5.62 3.87 3.87 4.16 4.09 5.77 6.64 6.64 6.20 6.28 5.84 1.90 1.46 0.73
5.18 5.18 0.00 6.06 0.00 0.00 0.00 0.00 0.00 1.83 2.70 4.67 3.65 2.19 2.56 1.68 0.00 3.87 3.87 4.09 3.87 4.96 4.02 3.87 2.77 2.41 3.07 1.97 2.63 0.51 0.44 2.04 2.41 2.34 2.56 2.48 2.04 3.29 1.68 1.90 2.41 3.65 3.65 3.65 5.99 4.60 3.07 3.14 1.68 1.97 2.19 0.95 1.90 2.34 2.34 2.63 3.50 2.99 4.16 2.41 3.21 2.41 1.53 1.53 2.70 2.19 2.34 2.77 2.77 4.31 3.65 5.18 5.18 6.28 8.25 7.74 8.40 9.13 8.47 9.05 6.86 4.67 5.55 4.67
0.00 0.00 0.00 0.00 0.00 0.00 0.00 0.00 1.83 2.19 2.12 1.90 0.00 1.61 1.10 1.17 1.39 1.97 1.97 1.61 1.75 3.07 3.65 3.50 3.58 2.48 2.34 2.26 2.77 1.31 1.31 0.58 0.66 1.46 2.19 2.12 2.41 2.99 2.77 3.36 2.85 2.99 4.74 4.74 6.57 6.50 5.77 4.60 1.83 2.12 1.61 0.95 1.02 2.48 2.34 3.36 3.72 4.60 5.55 2.92 4.45 4.60 4.89 5.69 4.53 3.87 3.43 5.91 5.91 5.62 5.18 5.62 7.30 8.69 9.49 9.49 9.86 10.00 9.71 10.37 10.22 11.10 10.88 7.96
0.00 0.00 0.00 0.00 0.00 0.00 0.00 0.00 1.83 2.19 2.12 1.90 0.00 1.61 1.10 1.17 1.39 1.97 1.97 1.61 1.75 3.07 3.65 3.50 3.58 2.48 2.34 2.26 2.77 1.31 1.31 0.58 0.66 1.46 2.19 2.12 2.41 2.99 2.77 3.36 2.85 2.99 4.74 4.74 6.57 6.50 5.77 4.60 1.83 2.12 1.61 0.95 1.02 2.48 2.34 3.36 3.72 4.60 5.55 2.92 4.45 4.60 4.89 5.69 4.53 3.87 3.43 5.91 5.91 5.62 5.18 5.62 7.30 8.69 9.49 9.49 9.86 10.00 9.71 10.37 10.22 11.10 10.88 7.96
0.00 0.00 0.00 0.00 0.00 0.00 0.00 0.00 0.00 0.51 0.73 0.00 1.46 1.31 2.04 2.56 0.73 1.53 1.53 1.53 1.68 1.68 2.85 2.48 3.80 3.65 1.46 2.12 1.75 1.31 1.53 1.17 1.75 1.46 2.19 2.92 2.99 3.14 3.87 2.77 2.85 0.00 3.21 3.21 2.85 4.89 5.62 4.74 3.65 3.80 1.68 1.68 1.39 1.02 1.46 3.21 3.07 6.28 3.87 5.55 6.13 6.42 6.20 5.62 8.10 8.25 7.45 7.74 7.74 6.64 5.84 6.64 5.62 7.66 8.61 7.88 7.66 6.50 6.79 8.32 7.96 10.29 8.61 12.78
0.00 0.00 1.75 0.95 0.73 0.44 0.51 0.80 0.44 0.51 0.95 2.77 1.53 2.85 2.41 2.48 1.97 2.34 2.34 2.92 2.12 1.17 1.90 2.99 2.70 3.07 2.04 2.34 1.46 1.97 1.97 2.77 3.21 2.85 3.65 2.92 3.43 1.17 1.31 1.17 1.24 0.51 0.00 0.00 0.95 3.43 4.31 4.02 4.31 2.63 1.97 2.19 0.66 0.73 1.53 3.07 3.21 2.48 3.21 3.87 4.45 7.81 9.27 9.86 9.78 8.61 7.96 5.91 5.91 5.91 5.99 7.01 5.84 6.50 5.69 5.18 3.87 4.45 5.04 3.72 5.77 8.18 7.08 9.13
2.92 2.63 2.19 2.92 2.85 1.02 1.02 1.02 1.31 1.61 0.66 1.75 2.41 2.04 3.50 3.36 3.29 3.36 3.36 2.99 3.14 2.63 2.92 2.56 2.04 3.14 2.41 1.46 1.61 2.12 2.99 2.56 3.21 3.94 4.02 3.14 1.90 0.00 0.07 0.00 0.15 0.00 0.80 0.80 2.04 2.70 2.77 3.43 2.92 2.34 1.90 1.68 1.90 2.26 2.63 3.65 4.02 2.63 4.74 5.91 5.26 7.01 9.49 8.76 9.20 9.13 9.13 6.28 6.28 7.88 6.50 8.54 8.10 8.61 6.64 5.69 6.13 5.99 4.45 5.11 4.67 5.48 9.78 11.46
2.92 2.63 2.19 2.92 2.85 1.02 1.02 1.02 1.31 1.61 0.66 1.75 2.41 2.04 3.50 3.36 3.29 3.36 3.36 2.99 3.14 2.63 2.92 2.56 2.04 3.14 2.41 1.46 1.61 2.12 2.99 2.56 3.21 3.94 4.02 3.14 1.90 0.00 0.07 0.00 0.15 0.00 0.80 0.80 2.04 2.70 2.77 3.43 2.92 2.34 1.90 1.68 1.90 2.26 2.63 3.65 4.02 2.63 4.74 5.91 5.26 7.01 9.49 8.76 9.20 9.13 9.13 6.28 6.28 7.88 6.50 8.54 8.10 8.61 6.64 5.69 6.13 5.99 4.45 5.11 4.67 5.48 9.78 11.46
3.14 2.12 3.07 2.92 2.19 1.17 1.31 1.02 1.46 1.24 1.24 0.58 1.83 3.36 2.99 3.94 3.43 3.80 3.80 3.65 5.26 3.72 3.14 2.12 2.34 1.83 1.46 1.46 1.75 2.34 2.26 2.92 3.29 3.14 4.09 2.85 3.21 1.02 1.17 0.73 0.88 0.29 2.04 2.04 1.83 2.48 1.97 2.41 2.26 2.34 3.14 2.56 1.90 2.85 3.58 3.65 3.80 4.31 3.36 4.74 5.77 5.99 5.91 7.23 8.61 5.77 6.42 6.57 6.57 7.23 8.69 8.25 8.32 7.74 8.32 8.10 7.74 5.99 8.61 6.64 5.11 5.11 7.30 10.29
2.56 2.41 2.99 2.12 2.26 1.83 0.00 0.00 0.00 1.53 1.46 0.44 1.31 0.80 4.09 4.02 3.72 3.50 3.50 3.43 5.11 4.96 5.11 2.77 1.83 2.63 2.63 2.63 2.56 2.63 2.41 2.99 2.85 2.99 3.65 3.43 2.77 2.34 2.41 1.97 0.88 1.90 1.61 1.61 1.02 1.83 2.12 2.77 1.90 2.92 3.21 4.60 4.38 4.96 4.67 4.96 4.53 4.96 4.09 4.45 4.89 5.04 3.94 3.72 3.72 4.74 5.77 6.13 6.13 7.37 7.66 7.01 8.47 8.83 7.96 11.90 11.61 10.88 10.29 7.30 7.08 5.99 5.84 5.40
2.19 3.29 3.29 3.29 0.00 2.41 0.00 0.00 0.00 0.00 1.75 2.04 2.34 4.53 3.94 4.96 5.11 3.50 3.50 5.40 5.11 5.04 3.29 3.58 2.48 2.63 2.41 2.48 2.92 2.41 2.70 2.41 2.99 3.07 2.92 2.48 3.50 2.48 3.50 2.99 3.14 3.36 2.70 2.70 3.43 3.21 2.92 2.92 4.31 5.04 5.11 7.30 6.20 6.79 7.30 5.84 4.60 5.11 4.96 5.04 6.50 4.96 4.31 4.16 6.35 6.94 6.57 7.23 7.23 8.40 10.59 8.25 11.53 13.29 12.99 14.67 13.72 16.28 13.21 13.65 8.98 6.79 5.40 7.88
2.19 3.29 3.29 3.29 0.00 2.41 0.00 0.00 0.00 0.00 1.75 2.04 2.34 4.53 3.94 4.96 5.11 3.50 3.50 5.40 5.11 5.04 3.29 3.58 2.48 2.63 2.41 2.48 2.92 2.41 2.70 2.41 2.99 3.07 2.92 2.48 3.50 2.48 3.50 2.99 3.14 3.36 2.70 2.70 3.43 3.21 2.92 2.92 4.31 5.04 5.11 7.30 6.20 6.79 7.30 5.84 4.60 5.11 4.96 5.04 6.50 4.96 4.31 4.16 6.35 6.94 6.57 7.23 7.23 8.40 10.59 8.25 11.53 13.29 12.99 14.67 13.72 16.28 13.21 13.65 8.98 6.79 5.40 7.88
1.68 3.65 0.00 0.00 0.00 0.00 0.00 0.00 0.00 0.00 4.16 5.48 5.04 5.18 5.99 5.91 5.91 5.55 5.55 5.48 5.62 4.02 4.31 3.58 3.21 2.41 1.90 2.70 2.63 2.70 4.02 3.87 3.87 4.67 5.40 3.72 4.60 3.43 5.77 3.87 5.99 5.77 4.96 4.96 5.18 4.74 3.94 4.53 6.86 8.47 10.37 9.42 10.22 7.66 8.61 6.94 8.03 9.34 8.83 7.66 8.03 5.91 5.33 5.48 6.57 6.86 8.32 9.27 9.27 9.05 11.10 12.56 13.14 13.43 13.14 17.45 17.16 18.25 13.80 12.56 10.51 11.10 10.29 9.49
3.94 3.72 0.00 0.00 0.00 3.94 0.00 4.02 0.00 4.45 4.53 5.40 6.94 6.28 7.23 7.30 7.30 6.79 6.79 6.06 5.91 5.18 4.09 4.09 3.80 2.41 2.34 2.26 2.77 4.53 4.23 4.53 5.84 5.18 6.28 7.81 7.52 7.08 6.86 6.06 7.59 7.81 6.79 6.79 6.79 6.06 7.88 7.96 10.37 9.71 11.24 10.51 9.86 11.39 10.95 10.22 8.76 8.83 7.96 6.79 6.20 7.08 6.94 7.15 6.28 8.10 9.05 9.93 9.93 9.86 9.56 12.78 13.07 14.16 15.40 15.55 15.62 16.57 8.40 8.76 8.61 11.10 12.19 8.47
4.09 0.00 0.00 0.00 3.94 0.00 4.38 3.58 4.67 4.38 5.04 4.74 5.69 7.01 7.01 6.94 7.37 6.94 6.94 7.15 6.42 4.96 4.38 5.18 4.45 3.87 2.99 4.02 5.77 5.33 7.30 9.05 8.54 8.47 8.91 7.88 8.10 7.74 7.08 7.37 7.15 8.32 10.95 10.95 11.10 10.44 11.02 11.32 10.95 10.88 11.32 12.78 12.85 12.12 13.43 16.94 15.33 10.15 11.97 8.10 5.77 6.06 4.45 7.08 7.59 7.52 8.32 8.25 8.25 9.49 11.75 13.21 12.78 13.43 13.36 9.93 5.84 0.00 1.97 0.00 1.02 9.49 8.10 9.34
4.09 4.23 0.00 4.31 4.23 3.21 2.26 2.85 4.23 4.67 4.67 5.04 5.99 6.42 6.20 7.23 7.01 7.45 7.45 6.42 6.57 5.69 5.18 5.26 5.55 4.60 4.82 5.11 5.55 8.03 7.37 8.76 9.27 7.74 6.13 6.50 6.57 7.52 9.71 11.17 10.80 11.53 11.75 11.75 10.15 10.51 8.98 9.56 9.49 9.42 12.56 10.66 9.42 13.58 12.70 18.83 13.58 9.34 5.91 3.50 4.31 3.87 3.87 5.11 5.40 6.94 8.69 7.30 7.30 11.32 12.05 12.70 10.15 10.51 10.37 11.10 5.69 0.00 0.00 7.96 0.00 9.05 10.15 10.51
4.09 4.23 0.00 4.31 4.23 3.21 2.26 2.85 4.23 4.67 4.67 5.04 5.99 6.42 6.20 7.23 7.01 7.45 7.45 6.42 6.57 5.69 5.18 5.26 5.55 4.60 4.82 5.11 5.55 8.03 7.37 8.76 9.27 7.74 6.13 6.50 6.57 7.52 9.71 11.17 10.80 11.53 11.75 11.75 10.15 10.51 8.98 9.56 9.49 9.42 12.56 10.66 9.42 13.58 12.70 18.83 13.58 9.34 5.91 3.50 4.31 3.87 3.87 5.11 5.40 6.94 8.69 7.30 7.30 11.32 12.05 12.70 10.15 10.51 10.37 11.10 5.69 0.00 0.00 7.96 0.00 9.05 10.15 10.51
3.80 0.00 3.94 0.00 3.29 3.65 2.41 2.12 2.04 4.31 5.33 5.33 6.57 7.23 7.81 6.06 7.01 6.86 6.86 6.79 4.96 4.31 4.89 4.89 5.11 5.69 5.04 7.23 7.96 8.03 8.18 8.98 8.54 8.83 6.20 4.89 4.53 8.18 7.37 10.73 9.34 9.64 9.20 9.20 8.18 7.74 8.69 8.47 8.03 8.25 8.98 6.79 7.74 10.07 7.88 16.43 7.45 6.28 5.40 5.04 5.26 5.04 7.30 7.45 6.72 7.66 8.83 7.37 7.37 8.61 11.39 12.34 10.44 10.44 12.41 11.53 10.44 0.00 0.00 2.77 0.00 3.14 5.84 6.50
3.29 3.87 3.65 0.00 4.16 3.14 3.43 2.12 2.92 2.99 5.40 7.74 7.01 8.83 6.72 7.15 6.72 7.08 7.08 5.77 6.06 4.45 4.02 4.02 4.89 6.64 7.59 7.15 8.40 8.25 7.96 9.20 10.80 11.32 8.98 8.98 4.96 4.89 3.58 7.23 6.57 6.20 7.37 7.37 7.74 6.57 4.96 1.61 6.79 3.14 5.69 5.40 6.64 5.33 7.59 6.35 7.08 7.66 6.50 6.72 12.56 12.78 10.44 9.13 8.61 10.59 9.64 14.60 14.60 13.51 14.16 13.36 11.39 7.96 6.86 2.04 1.24 0.00 0.00 0.00 2.92 3.07 2.99 4.53
4.31 4.23 0.00 4.31 3.94 5.26 4.45 3.94 3.58 5.33 4.82 7.08 7.81 7.08 7.52 5.48 7.23 7.08 7.08 6.94 5.26 5.84 4.23 4.45 4.23 6.13 7.88 9.56 7.52 8.47 6.20 10.22 11.02 11.17 10.88 7.08 4.09 2.63 3.14 0.95 1.46 3.58 2.92 2.92 6.35 4.16 0.00 0.00 0.00 0.00 4.31 4.23 4.31 4.38 5.91 7.88 8.61 11.39 13.80 15.18 15.18 14.02 14.31 14.31 11.97 13.51 11.61 16.13 16.13 15.11 8.98 6.86 5.69 5.84 5.69 4.31 0.00 0.07 0.88 0.88 2.48 3.07 2.99 2.56
5.04 4.89 4.82 5.48 5.91 5.91 5.33 5.62 5.77 5.48 6.13 6.13 6.50 6.28 5.33 5.55 6.57 8.03 8.03 8.03 8.10 7.96 7.01 7.08 8.18 8.54 8.98 9.27 7.59 4.45 4.02 5.40 4.89 9.49 6.35 3.07 0.73 1.24 0.00 0.73 1.02 1.10 0.95 0.95 3.29 2.19 0.80 0.00 0.00 4.02 3.87 4.53 4.74 5.11 4.23 8.69 11.02 12.99 14.75 17.01 15.62 16.06 16.21 14.67 15.70 16.94 16.64 12.12 12.12 9.05 6.35 5.33 3.21 0.44 0.00 0.00 0.22 0.00 0.22 0.00 0.88 1.46 2.12 2.12
5.26 5.11 6.13 5.91 6.35 6.13 5.91 6.50 5.40 4.89 5.11 5.26 7.96 6.50 6.64 6.79 6.50 8.03 8.03 8.32 8.69 8.69 8.25 9.78 9.42 10.44 10.95 11.75 9.34 10.15 5.91 3.80 7.52 5.18 3.29 4.09 0.15 0.00 0.00 1.31 1.24 1.10 0.58 0.58 0.00 1.17 2.12 1.10 1.46 2.19 0.00 3.50 2.41 4.96 5.18 5.55 11.32 13.07 9.34 10.59 13.87 15.70 12.26 14.75 14.31 15.91 15.70 14.89 14.89 8.32 5.04 4.45 2.26 0.44 0.00 0.07 0.00 0.00 0.51 0.51 0.80 1.39 0.88 0.44
5.26 5.11 6.13 5.91 6.35 6.13 5.91 6.50 5.40 4.89 5.11 5.26 7.96 6.50 6.64 6.79 6.50 8.03 8.03 8.32 8.69 8.69 8.25 9.78 9.42 10.44 10.95 11.75 9.34 10.15 5.91 3.80 7.52 5.18 3.29 4.09 0.15 0.00 0.00 1.31 1.24 1.10 0.58 0.58 0.00 1.17 2.12 1.10 1.46 2.19 0.00 3.50 2.41 4.96 5.18 5.55 11.32 13.07 9.34 10.59 13.87 15.70 12.26 14.75 14.31 15.91 15.70 14.89 14.89 8.32 5.04 4.45 2.26 0.44 0.00 0.07 0.00 0.00 0.51 0.51 0.80 1.39 0.88 0.44
5.26 5.40 6.13 6.35 6.13 6.42 6.42 6.57 7.15 5.33 5.69 5.77 6.94 9.93 9.05 11.17 10.37 9.56 9.56 8.25 9.56 10.15 10.88 10.73 12.05 12.85 12.78 12.99 10.73 6.86 4.89 2.63 2.77 0.00 0.00 1.17 0.58 0.00 0.00 0.00 0.00 0.66 0.66 0.66 0.73 0.00 0.00 0.00 0.00 0.00 0.00 0.00 0.00 3.43 3.87 6.50 6.42 5.62 5.26 6.64 10.00 7.37 10.37 12.41 11.83 12.78 8.47 11.68 11.68 6.86 5.40 6.06 4.74 0.00 2.19 0.88 0.00 0.00 0.22 0.00 0.00 0.00 0.00 0.00
4.96 5.11 6.28 5.55 5.48 5.40 5.84 6.64 6.35 6.50 6.42 6.35 6.13 8.10 11.83 11.46 11.75 9.71 9.71 8.83 10.00 9.71 10.44 11.77 11.30 13.87 12.68 10.95 9.93 7.45 7.23 3.14 2.34 0.00 0.95 0.00 0.73 0.00 0.00 0.00 0.00 1.02 0.15 0.15 0.00 0.00 0.00 0.00 0.00 0.00 0.00 0.00 0.00 0.00 0.00 0.00 1.53 2.41 4.67 4.16 5.48 4.82 8.61 6.94 9.49 8.83 5.69 5.99 5.99 6.94 7.08 4.16 3.07 2.12 2.41 0.44 0.88 0.15 0.00 0.00 0.00 0.00 0.00 0.00
4.89 5.33 5.55 5.40 5.11 5.62 5.48 5.18 5.91 4.38 4.53 5.40 7.59 7.81 8.32 10.59 9.05 9.71 9.71 7.45 8.69 8.69 10.29 11.36 12.79 11.69 12.80 12.12 11.39 8.76 7.74 4.67 2.99 3.29 2.26 1.17 0.00 0.00 0.88 1.02 0.80 0.00 0.00 0.00 0.00 0.00 0.00 0.00 0.00 0.00 0.00 0.00 0.00 0.00 0.00 0.00 0.00 0.00 0.00 0.00 0.00 0.00 0.00 0.00 6.42 7.15 7.66 5.48 5.48 5.11 6.06 4.02 2.63 1.61 2.48 2.48 2.26 1.02 0.00 0.07 0.00 0.00 0.00 0.00
5.11 4.89 5.77 6.42 6.42 6.50 5.26 5.18 5.62 2.19 2.34 3.87 1.90 3.80 5.33 7.01 6.64 7.01 7.01 6.35 6.57 6.89 9.18 10.76 10.44 11.65 12.75 11.13 12.72 11.92 11.32 7.15 4.89 6.06 2.04 2.56 1.10 0.29 0.66 1.39 0.00 0.88 0.00 0.00 0.00 0.00 0.00 0.00 0.00 0.00 0.00 0.00 0.00 0.00 0.00 0.00 0.00 0.00 0.00 0.00 0.00 0.00 0.00 0.00 2.77 0.00 4.89 7.96 7.96 7.96 7.74 5.26 3.29 3.80 3.72 3.80 2.19 2.12 2.04 1.24 0.00 0.00 0.07 0.00
6.13 5.91 5.69 7.01 6.35 6.35 6.35 5.33 1.97 1.46 0.00 0.00 0.00 0.00 0.00 5.48 6.28 6.28 6.28 6.12 5.60 6.74 6.25 7.96 5.93 7.81 10.01 10.87 12.63 13.05 12.11 10.73 8.40 8.69 7.08 5.62 2.70 3.36 0.80 0.58 0.00 0.73 0.00 0.00 0.15 0.00 0.00 0.00 0.00 0.00 0.00 0.00 0.00 0.00 0.00 0.00 0.00 0.00 0.00 0.00 0.00 0.00 2.92 4.89 3.29 7.30 9.05 9.93 9.93 8.40 6.28 5.18 3.43 3.87 3.58 2.48 1.68 1.46 2.63 2.12 0.58 0.80 0.51 0.44
6.13 5.91 5.69 7.01 6.35 6.35 6.35 5.33 1.97 1.46 0.00 0.00 0.00 0.00 0.00 5.48 6.28 6.28 6.31 6.31 5.69 7.22 6.09 8.16 5.84 7.81 9.71 10.10 11.80 13.25 12.23 11.18 9.43 9.19 7.26 5.62 2.70 3.36 0.80 0.58 0.00 0.73 0.00 0.00 0.15 0.00 0.00 0.00 0.00 0.00 0.00 0.00 0.00 0.00 0.00 0.00 0.00 0.00 0.00 0.00 0.00 0.00 2.92 4.89 3.29 7.30 9.05 9.93 9.93 8.40 6.28 5.18 3.43 3.87 3.58 2.48 1.68 1.46 2.63 2.12 0.58 0.80 0.51 0.44
6.50 7.01 7.74 6.94 6.64 6.50 5.99 5.99 5.62 4.38 2.56 3.21 0.00 0.22 5.77 4.31 6.64 8.40 8.40 7.30 5.26 4.96 0.00 0.00 0.00 4.79 8.63 7.12 9.20 11.08 10.69 11.50 9.68 10.93 10.69 10.21 5.60 5.62 1.39 2.19 0.51 0.37 0.00 0.00 0.00 0.00 0.00 0.00 0.00 0.00 0.00 0.00 0.00 0.00 0.00 0.00 0.00 0.00 0.00 0.00 0.00 1.46 1.02 4.53 3.72 8.40 8.47 8.61 8.61 5.77 4.82 4.16 2.85 3.21 3.29 3.36 2.41 2.92 1.90 2.34 1.97 1.17 0.44 0.00
6.86 6.42 6.72 5.55 5.99 5.40 5.91 6.64 6.28 7.37 6.94 5.04 5.62 3.36 5.91 8.83 8.18 8.91 8.91 8.66 5.91 0.00 4.45 0.00 0.00 0.00 2.56 2.87 7.30 8.77 9.64 8.76 8.03 8.79 10.68 9.94 8.45 7.85 1.02 2.99 2.04 1.53 1.83 1.83 0.73 0.00 0.00 0.29 0.00 0.00 0.00 0.00 0.00 0.00 0.00 0.00 0.00 0.00 0.00 0.00 0.00 1.10 0.66 6.28 4.16 5.26 8.32 4.96 4.96 5.26 4.23 3.14 1.46 2.63 2.63 2.12 2.04 3.87 2.92 1.17 1.75 1.10 0.88 0.00
6.57 5.33 5.33 5.04 6.06 5.18 5.33 6.35 7.15 7.15 7.15 5.99 4.89 5.62 4.96 7.81 7.45 7.23 7.23 7.23 6.64 4.38 2.92 0.00 0.00 0.00 0.07 3.98 3.63 8.84 10.00 9.86 9.64 7.88 9.53 8.96 10.75 9.93 7.01 6.50 5.26 5.91 2.85 2.85 1.10 0.51 0.66 0.00 0.00 0.73 0.00 0.00 0.00 0.00 0.00 0.00 0.00 0.00 0.00 0.00 0.00 0.00 0.00 5.11 4.16 3.58 2.77 3.14 3.14 0.00 2.77 0.51 0.44 1.39 0.51 2.92 2.56 4.38 2.85 2.85 1.61 3.07 1.17 1.10
5.55 4.31 4.60 4.31 5.40 4.02 3.29 3.94 3.87 5.33 5.33 6.35 4.96 4.82 3.72 3.65 5.84 2.63 2.63 2.04 2.04 2.12 3.07 1.97 0.00 0.00 0.00 1.83 1.10 2.92 4.23 7.88 10.15 9.20 8.98 9.86 9.56 9.76 7.67 6.93 6.28 4.60 4.82 4.82 2.12 1.31 1.31 0.22 0.22 0.51 0.58 0.00 0.00 0.00 0.00 0.00 0.00 0.00 0.00 0.00 0.00 0.00 0.00 0.00 0.00 2.12 3.65 0.00 0.00 0.00 0.00 0.00 0.00 0.07 0.00 2.63 3.14 3.29 4.82 3.58 3.21 3.50 3.21 2.99
1.17 1.97 0.00 3.14 1.46 2.04 0.73 1.90 2.29 2.04 3.58 0.00 4.60 4.67 4.23 1.53 2.04 0.88 0.88 1.39 0.51 0.95 0.00 0.22 0.00 0.00 0.00 0.37 0.22 3.14 5.55 5.77 8.83 7.52 7.96 7.37 8.98 8.61 8.00 8.31 6.97 6.94 5.99 5.99 4.82 2.85 3.43 1.68 0.73 1.02 0.15 0.00 0.00 0.00 0.00 0.00 0.00 0.00 0.00 0.00 0.00 0.00 0.00 0.00 0.00 0.00 0.00 0.00 0.00 0.00 0.00 0.00 0.00 0.00 0.00 0.22 3.29 3.87 3.36 1.68 1.53 2.56 3.14 3.21
0.00 0.00 0.00 0.00 0.00 0.00 0.00 1.02 0.82 1.68 1.02 3.36 4.38 3.07 1.17 1.75 0.66 0.07 0.07 0.00 0.00 0.00 0.00 0.00 0.00 0.00 0.00 0.00 0.00 1.51 1.82 3.52 0.00 5.40 6.42 5.48 5.40 7.30 7.23 7.96 8.18 6.06 6.35 6.35 5.33 4.82 4.96 4.45 2.92 4.31 1.68 0.00 0.22 0.29 0.29 0.00 0.00 0.00 0.00 0.00 0.00 0.00 0.00 0.00 0.00 0.00 0.00 0.00 0.00 0.00 0.00 0.00 0.00 0.00 0.00 0.00 0.00 0.00 0.15 0.07 0.00 2.56 1.75 2.41
0.00 0.00 0.00 0.00 0.00 0.00 0.00 1.02 0.80 1.68 1.02 3.36 4.38 3.07 1.17 1.75 0.66 0.07 0.07 0.00 0.00 0.00 0.00 0.00 0.00 0.00 0.00 0.00 0.00 1.46 1.75 3.50 0.00 5.40 6.46 5.50 5.40 7.26 7.30 7.96 8.10 6.06 6.35 6.35 5.33 4.82 4.96 4.45 2.92 4.31 1.68 0.00 0.22 0.29 0.29 0.00 0.00 0.00 0.00 0.00 0.00 0.00 0.00 0.00 0.00 0.00 0.00 0.00 0.00 0.00 0.00 0.00 0.00 0.00 0.00 0.00 0.00 0.00 0.15 0.07 0.00 2.56 1.75 2.41
4.67 0.00 0.00 0.00 0.00 0.00 7.01 4.37 1.78 0.00 0.00 0.00 0.00 2.48 0.00 0.00 0.00 0.00 0.00 0.00 0.00 0.00 0.00 0.00 0.00 0.00 0.00 0.00 0.00 0.80 0.58 2.85 4.31 0.00 5.26 4.60 5.69 7.23 5.72 5.62 6.13 4.53 5.18 5.18 4.74 4.82 5.18 6.13 7.23 6.72 3.43 0.00 1.02 0.00 0.37 0.00 0.00 0.00 0.00 0.00 0.00 0.15 0.00 0.00 0.00 0.00 0.00 0.00 0.00 0.00 0.00 0.00 0.00 0.00 0.00 0.00 0.00 0.00 0.00 0.00 0.00 1.17 0.44 0.51
