Wansh/Snow_depth/snowdepth-1998/winter/1998360.txt
ncols 321
nrows 161
xllcenter 60
yllcenter 15 
cellsize  0.25 
NODATA_value -1
[rows 0 to 36 of 161, columns 0 to 83 of 321]
3.65 3.65 9.64 12.26 12.92 13.72 11.61 11.61 9.78 10.73 9.64 9.78 8.03 5.84 6.42 4.23 3.87 4.16 4.09 2.04 1.61 0.58 2.85 2.26 1.90 2.34 2.34 5.55 5.18 5.55 4.31 4.82 2.48 0.00 0.51 0.00 0.00 0.95 1.39 4.60 3.72 6.28 9.86 11.39 10.51 10.51 11.97 11.75 13.14 12.34 12.99 12.99 11.53 11.39 10.29 10.73 10.80 7.81 7.96 7.52 8.32 8.69 8.18 8.18 8.18 8.83 8.91 9.34 9.13 8.54 9.78 9.56 11.32 11.97 12.99 12.78 12.78 13.07 11.68 10.22 10.66 10.15 10.37 10.44
11.61 11.61 11.46 13.80 15.04 15.26 13.07 10.15 11.10 9.27 9.49 9.05 8.32 8.47 6.57 3.07 4.23 3.29 3.65 1.90 0.51 1.10 0.00 1.68 1.10 4.74 4.74 3.87 5.55 4.82 4.89 2.63 0.00 0.00 0.00 0.00 0.00 0.00 2.26 7.74 7.59 11.90 12.05 12.41 11.17 8.91 9.86 9.05 10.00 10.66 11.75 11.75 9.49 8.10 8.91 8.98 7.23 9.64 8.98 8.69 8.83 8.83 6.86 7.88 7.37 7.66 6.64 7.37 8.98 7.30 7.23 8.61 8.18 10.80 8.83 11.53 11.53 11.53 11.61 10.80 11.39 11.24 10.59 10.66
11.10 11.10 10.51 10.59 11.10 11.24 12.12 8.83 6.64 7.01 6.79 8.25 7.01 5.40 6.06 1.75 0.00 0.00 0.00 0.00 0.00 0.00 0.00 0.00 3.58 3.21 3.21 4.45 3.87 3.36 3.36 1.61 2.26 0.00 0.00 0.00 0.00 1.75 5.84 3.14 9.05 10.95 10.51 11.53 9.27 8.91 8.69 8.47 8.10 7.96 5.84 5.84 12.56 5.26 3.87 3.58 7.01 5.77 8.03 8.03 8.25 6.35 7.01 7.74 6.94 5.55 1.17 4.02 2.70 3.94 6.06 4.38 7.15 6.57 7.15 9.49 9.49 6.57 9.64 9.86 8.76 7.59 7.96 8.54
11.10 11.10 10.51 10.59 11.10 11.24 12.12 8.83 6.64 7.01 6.79 8.25 7.01 5.40 6.06 1.75 0.00 0.00 0.00 0.00 0.00 0.00 0.00 0.00 3.58 3.21 3.21 4.45 3.87 3.36 3.36 1.61 2.26 0.00 0.00 0.00 0.00 1.75 5.84 3.14 9.05 10.95 10.51 11.53 9.27 8.91 8.69 8.47 8.10 7.96 5.84 5.84 12.56 5.26 3.87 3.58 7.01 5.77 8.03 8.03 8.25 6.35 7.01 7.74 6.94 5.55 1.17 4.02 2.70 3.94 6.06 4.38 7.15 6.57 7.15 9.49 9.49 6.57 9.64 9.86 8.76 7.59 7.96 8.54
7.66 7.66 8.76 8.61 5.69 5.84 3.80 7.52 5.48 6.35 6.72 4.89 3.65 4.16 2.48 1.24 0.66 0.00 0.00 0.00 0.00 0.00 0.00 1.61 1.31 1.83 1.83 1.17 1.46 2.70 2.34 3.07 1.75 6.79 6.06 6.06 5.99 6.72 5.91 8.61 7.96 7.15 7.30 8.83 9.64 9.93 11.02 10.51 7.88 6.79 3.14 3.14 0.29 0.80 1.53 0.00 0.00 0.00 6.50 5.84 6.72 2.56 5.62 0.58 0.44 0.22 0.22 0.00 0.00 1.90 3.07 3.72 4.67 3.36 4.96 4.31 4.31 3.80 3.14 3.72 3.72 6.64 3.65 3.94
9.05 9.05 8.18 8.76 4.09 2.48 3.14 2.56 3.07 3.36 3.14 3.43 3.36 2.48 2.56 2.26 1.97 2.19 1.83 0.00 0.00 0.00 0.00 0.00 0.00 0.00 0.00 0.00 0.00 5.04 3.14 9.20 10.73 10.44 9.71 10.44 8.54 8.47 8.83 9.42 9.56 8.47 7.01 8.25 7.52 7.88 8.54 8.03 6.42 3.29 0.00 0.00 0.00 2.19 0.00 2.63 0.00 0.00 0.00 0.00 0.00 2.48 3.21 0.00 0.00 0.00 0.00 0.00 0.58 0.66 3.36 4.09 3.65 4.16 3.87 2.26 2.26 1.90 2.26 2.26 3.87 3.36 3.07 0.00
9.20 9.20 9.49 7.52 9.05 5.11 2.99 2.12 2.26 2.70 2.63 4.16 4.60 4.38 4.60 3.50 2.99 1.53 1.61 0.37 0.00 0.00 0.00 0.00 0.00 0.00 0.00 1.39 1.02 5.40 11.53 14.09 13.58 14.45 13.14 13.72 11.32 8.10 7.45 7.66 9.20 8.83 5.69 6.50 4.60 4.96 4.82 4.23 4.82 0.00 3.94 3.94 0.58 0.00 0.00 0.00 0.00 0.00 0.00 0.00 2.70 2.56 3.65 2.12 0.80 1.24 1.10 3.50 3.65 3.72 4.23 3.50 3.36 3.36 3.50 1.68 1.68 2.77 3.72 2.77 4.96 6.42 6.35 0.00
9.20 9.20 9.49 7.52 9.05 5.11 2.99 2.12 2.26 2.70 2.63 4.16 4.60 4.38 4.60 3.50 2.99 1.53 1.61 0.37 0.00 0.00 0.00 0.00 0.00 0.00 0.00 1.39 1.02 5.40 11.53 14.09 13.58 14.45 13.14 13.72 11.32 8.10 7.45 7.66 9.20 8.83 5.69 6.50 4.60 4.96 4.82 4.23 4.82 0.00 3.94 3.94 0.58 0.00 0.00 0.00 0.00 0.00 0.00 0.00 2.70 2.56 3.65 2.12 0.80 1.24 1.10 3.50 3.65 3.72 4.23 3.50 3.36 3.36 3.50 1.68 1.68 2.77 3.72 2.77 4.96 6.42 6.35 0.00
9.93 9.93 10.37 10.22 7.37 8.47 4.74 3.94 4.45 4.38 5.26 4.96 5.77 5.55 5.62 4.09 0.51 1.61 0.00 0.00 0.00 0.29 0.00 0.00 0.00 6.57 6.57 4.31 10.80 12.19 11.53 13.51 12.78 13.29 12.34 12.99 8.69 7.01 7.23 6.20 5.11 4.09 2.34 4.23 4.09 2.48 2.41 2.77 4.02 0.29 2.92 2.92 0.00 0.00 0.00 0.00 0.51 0.00 0.00 0.00 1.68 2.34 2.12 2.04 2.41 3.58 3.80 3.36 3.21 2.99 3.43 3.29 3.21 2.77 1.97 1.61 1.61 3.72 4.09 0.00 0.00 5.99 0.00 5.55
7.66 7.66 10.88 7.74 8.61 7.01 4.82 5.69 4.60 4.23 5.84 8.10 7.23 10.73 9.71 6.94 2.26 2.77 0.00 0.00 0.80 0.58 0.00 0.51 3.87 1.97 1.97 9.71 12.78 11.97 13.80 12.70 12.78 11.97 11.75 9.86 8.83 8.69 6.42 5.18 1.90 0.88 0.00 1.97 1.68 3.21 0.73 0.00 2.12 0.51 0.00 0.00 0.00 0.00 0.00 0.00 0.00 0.00 0.00 0.00 1.83 2.92 3.72 2.12 2.48 3.07 3.14 3.36 1.75 2.77 2.26 0.00 4.02 0.00 0.00 0.00 0.00 0.00 0.00 0.00 0.00 0.00 0.00 0.00
7.15 7.15 9.42 6.28 5.77 6.28 4.09 4.31 4.67 6.13 8.47 7.59 11.75 11.46 11.90 7.37 5.55 5.62 7.15 7.01 7.08 4.96 3.29 3.87 3.80 8.47 8.47 7.23 10.88 13.21 11.32 9.93 10.07 7.88 8.18 7.74 8.54 5.18 3.80 3.94 1.31 1.90 0.00 0.00 2.41 3.80 2.99 2.85 2.04 2.70 0.51 0.51 0.22 0.95 0.88 1.24 0.58 0.51 3.43 3.80 2.19 3.80 2.48 2.92 0.00 0.00 0.00 0.00 0.00 0.00 0.00 0.00 0.00 0.00 0.00 0.00 0.00 0.00 0.00 0.00 0.00 2.56 0.00 0.00
7.15 7.15 9.42 6.28 5.77 6.28 4.09 4.31 4.67 6.13 8.47 7.59 11.75 11.46 11.90 7.37 5.55 5.62 7.15 7.01 7.08 4.96 3.29 3.87 3.80 8.47 8.47 7.23 10.88 13.21 11.32 9.93 10.07 7.88 8.18 7.74 8.54 5.18 3.80 3.94 1.31 1.90 0.00 0.00 2.41 3.80 2.99 2.85 2.04 2.70 0.51 0.51 0.22 0.95 0.88 1.24 0.58 0.51 3.43 3.80 2.19 3.80 2.48 2.92 0.00 0.00 0.00 0.00 0.00 0.00 0.00 0.00 0.00 0.00 0.00 0.00 0.00 0.00 0.00 0.00 0.00 2.56 0.00 0.00
6.64 6.64 5.04 5.62 4.02 3.21 3.43 3.65 4.02 3.07 4.31 5.18 8.91 9.86 6.13 9.13 6.13 8.10 7.37 9.64 7.88 8.32 5.26 1.90 2.26 5.33 5.33 5.55 8.61 9.64 9.05 8.61 4.16 3.07 2.77 3.21 4.16 2.26 2.63 2.41 0.44 1.10 0.07 0.00 5.04 1.17 3.36 2.04 1.90 1.17 1.17 1.17 0.00 1.17 1.83 2.26 2.56 3.43 3.72 2.48 2.63 0.00 0.00 0.00 0.00 0.00 0.00 0.00 0.00 0.00 0.00 0.00 0.00 0.00 0.00 0.00 0.00 2.70 0.00 0.00 0.00 3.36 3.21 2.19
7.52 7.52 6.64 4.74 5.55 4.02 4.16 2.70 1.83 2.41 2.26 2.92 4.16 3.94 4.23 4.82 7.37 6.28 9.27 10.07 10.07 7.08 2.26 3.21 0.22 3.14 3.14 3.72 5.04 4.09 3.14 4.02 4.16 3.94 1.97 1.68 1.68 0.15 0.00 0.00 0.00 0.00 0.00 0.95 0.00 0.00 0.00 1.31 0.00 0.00 0.00 0.00 0.00 0.00 0.00 2.19 3.87 2.70 1.31 1.97 1.46 0.00 0.00 0.00 0.00 2.48 2.77 0.00 0.00 2.48 0.00 0.00 0.00 0.00 3.21 2.70 2.70 2.70 2.56 2.85 2.99 3.07 3.50 3.29
8.76 8.76 9.93 6.94 6.28 5.84 5.91 5.77 2.77 3.50 2.12 2.92 3.72 2.41 0.00 0.95 5.48 8.54 7.96 9.34 7.59 6.28 5.40 3.94 3.58 4.23 4.23 4.16 3.72 1.68 3.50 4.38 3.50 3.29 2.92 4.45 2.41 3.36 0.58 0.00 0.00 0.00 0.00 0.00 0.00 0.00 0.00 0.58 0.00 0.00 0.00 0.00 0.44 0.00 0.00 2.12 2.34 1.97 1.17 0.00 0.07 0.15 2.41 4.23 4.45 3.94 3.94 3.87 3.87 2.85 4.02 4.74 3.87 4.31 3.43 5.04 5.04 4.38 4.53 3.65 3.29 3.87 3.58 4.02
8.40 8.40 10.37 10.15 8.76 9.13 8.40 8.91 4.96 2.77 3.29 3.21 3.80 3.94 2.04 1.17 4.09 3.14 7.81 7.15 7.23 7.81 5.84 5.48 5.62 5.84 5.84 6.64 4.82 4.67 3.94 4.89 3.50 3.94 3.87 3.94 4.38 4.02 0.00 0.00 0.00 0.00 0.00 0.00 0.00 0.00 0.00 0.00 0.00 0.00 0.00 0.00 0.00 0.80 0.00 0.00 0.00 0.00 0.00 0.00 3.65 4.09 3.94 4.53 4.38 4.53 4.67 5.69 5.48 7.45 7.37 4.89 4.96 4.67 4.60 4.74 4.74 4.38 5.18 5.18 5.11 4.31 4.45 4.31
8.40 8.40 10.37 10.15 8.76 9.13 8.40 8.91 4.96 2.77 3.29 3.21 3.80 3.94 2.04 1.17 4.09 3.14 7.81 7.15 7.23 7.81 5.84 5.48 5.62 5.84 5.84 6.64 4.82 4.67 3.94 4.89 3.50 3.94 3.87 3.94 4.38 4.02 0.00 0.00 0.00 0.00 0.00 0.00 0.00 0.00 0.00 0.00 0.00 0.00 0.00 0.00 0.00 0.80 0.00 0.00 0.00 0.00 0.00 0.00 3.65 4.09 3.94 4.53 4.38 4.53 4.67 5.69 5.48 7.45 7.37 4.89 4.96 4.67 4.60 4.74 4.74 4.38 5.18 5.18 5.11 4.31 4.45 4.31
9.78 9.78 9.71 10.00 10.37 10.66 7.23 6.42 7.52 5.55 5.48 5.40 6.06 3.94 2.26 2.41 3.50 6.79 5.26 8.25 6.57 6.06 7.52 7.52 6.86 6.94 6.94 6.72 6.50 5.48 3.87 3.87 4.38 3.07 2.63 4.16 3.80 2.70 1.02 0.00 0.00 0.00 0.00 0.00 0.00 0.00 0.00 0.00 0.00 0.00 0.00 0.00 0.00 0.51 0.00 0.00 0.00 0.00 0.00 0.00 3.80 3.87 4.74 4.45 5.18 5.11 5.18 5.91 6.94 6.50 6.64 6.28 5.62 5.33 6.79 5.69 5.69 5.91 5.69 5.62 5.55 4.31 5.48 5.33
10.37 10.37 10.80 10.29 10.51 7.52 8.40 6.64 8.10 8.76 8.54 9.20 7.45 8.18 5.40 3.58 3.72 2.99 7.23 7.23 7.66 5.62 6.64 6.86 7.37 7.08 7.08 7.59 5.62 3.94 4.60 3.58 2.99 1.90 1.83 0.00 0.00 0.00 0.00 0.00 0.00 0.00 0.00 0.00 0.00 0.00 0.00 2.63 1.97 1.61 0.58 0.58 1.83 0.00 0.00 0.00 0.00 2.56 0.00 0.00 2.92 4.89 4.09 5.48 4.53 4.60 5.26 4.96 6.13 4.38 4.74 5.11 4.89 6.28 7.59 6.86 6.86 6.57 7.52 5.69 5.99 4.89 4.67 5.11
9.86 9.86 10.22 9.93 8.32 8.47 7.66 8.47 8.47 8.25 9.20 8.98 8.40 6.13 6.35 5.40 4.38 6.20 5.40 6.72 5.11 4.89 6.20 7.08 7.59 7.66 7.66 6.86 5.69 6.28 5.62 4.31 4.23 1.75 0.00 0.00 0.00 0.00 0.00 0.00 0.00 0.00 0.00 0.00 0.00 1.68 0.00 0.66 4.16 3.21 4.38 4.38 2.99 0.00 0.00 2.41 3.14 2.92 2.99 3.80 4.23 4.60 5.40 7.08 4.89 3.65 4.16 4.45 4.53 4.53 4.38 4.67 7.45 6.64 7.96 8.18 8.18 7.23 7.37 7.30 7.15 4.38 5.11 5.77
9.34 9.34 8.91 9.93 8.69 7.96 7.66 6.35 4.89 6.86 4.96 6.57 5.99 5.91 4.31 3.50 4.89 4.09 5.04 4.67 4.96 4.23 6.28 4.74 5.55 5.77 5.77 5.84 5.77 4.38 4.45 5.69 3.36 2.77 1.97 0.00 0.00 0.00 0.00 0.00 0.00 0.00 0.00 1.53 0.07 3.50 2.41 6.72 7.08 6.94 6.64 6.64 0.00 3.43 3.87 3.94 2.99 3.50 3.94 6.28 6.79 6.79 5.99 6.28 5.26 3.94 5.84 5.55 5.11 4.60 4.82 4.45 5.18 5.04 7.45 6.72 6.72 7.30 7.59 7.08 6.94 6.72 6.35 5.91
6.64 6.64 8.61 7.66 7.96 6.64 5.55 5.99 4.45 3.36 4.23 3.65 4.53 3.14 3.21 1.83 3.36 4.02 3.29 4.45 1.46 2.85 0.00 0.00 0.00 5.18 5.18 4.82 4.02 4.23 3.14 3.50 3.43 3.80 0.00 0.00 0.00 1.53 0.00 0.00 0.00 0.00 2.34 4.82 5.91 5.99 8.32 8.18 8.18 7.23 3.72 3.72 1.39 1.61 2.19 1.83 2.70 5.40 5.48 6.35 6.57 6.35 5.99 5.99 6.64 6.86 6.79 6.42 5.33 4.74 3.94 4.53 4.67 5.04 5.69 5.91 5.91 5.77 7.88 6.94 7.37 7.08 8.54 6.64
6.64 6.64 8.61 7.66 7.96 6.64 5.55 5.99 4.45 3.36 4.23 3.65 4.53 3.14 3.21 1.83 3.36 4.02 3.29 4.45 1.46 2.85 0.00 0.00 0.00 5.18 5.18 4.82 4.02 4.23 3.14 3.50 3.43 3.80 0.00 0.00 0.00 1.53 0.00 0.00 0.00 0.00 2.34 4.82 5.91 5.99 8.32 8.18 8.18 7.23 3.72 3.72 1.39 1.61 2.19 1.83 2.70 5.40 5.48 6.35 6.57 6.35 5.99 5.99 6.64 6.86 6.79 6.42 5.33 4.74 3.94 4.53 4.67 5.04 5.69 5.91 5.91 5.77 7.88 6.94 7.37 7.08 8.54 6.64
8.25 8.25 7.59 7.15 6.06 6.57 5.04 4.45 4.53 3.94 3.50 0.58 3.50 2.41 0.00 0.00 0.15 0.00 1.31 1.90 2.26 2.04 2.56 0.73 1.68 3.80 3.80 3.29 4.31 6.35 5.26 5.99 3.14 0.00 3.43 4.23 0.00 0.00 0.00 0.00 1.31 2.63 1.83 4.38 5.48 5.40 7.81 6.64 2.26 0.37 0.00 0.00 0.00 0.00 1.90 1.31 3.36 5.26 5.33 6.72 5.91 5.33 6.57 5.84 6.79 5.69 6.28 5.84 5.99 4.89 4.82 4.38 4.60 4.02 3.87 5.40 5.40 5.62 6.35 5.99 8.32 8.54 8.98 9.13
7.88 7.88 7.37 7.37 6.35 4.89 4.31 4.53 1.97 0.51 0.07 0.29 0.00 0.00 0.00 0.00 0.00 0.88 0.73 0.95 0.00 0.00 1.17 0.73 1.68 2.26 2.26 6.13 6.64 7.30 7.15 5.40 4.96 3.14 4.09 0.00 0.00 0.00 0.00 0.00 1.68 2.99 3.72 4.45 3.94 5.18 0.00 0.00 0.00 0.00 0.00 0.00 0.88 0.00 0.00 4.60 3.50 2.99 7.23 7.01 6.86 7.08 7.23 6.64 6.35 6.50 6.57 6.50 7.01 4.89 5.55 5.04 6.20 5.18 5.62 5.11 5.11 4.38 7.45 8.83 7.59 10.29 8.47 8.40
10.00 10.00 7.59 6.06 5.91 5.04 4.60 2.70 3.21 0.58 0.22 0.00 0.00 0.00 0.00 0.95 1.10 0.88 0.73 0.00 0.00 0.00 0.15 3.80 5.26 4.89 4.89 7.01 6.94 7.81 6.20 6.50 5.18 3.58 4.02 0.00 0.00 0.00 0.00 0.00 0.00 2.34 2.92 4.45 0.00 0.00 0.00 0.00 0.00 4.02 4.23 4.23 4.38 1.90 3.21 0.00 0.00 7.96 8.54 8.03 8.03 8.10 7.59 6.79 6.94 7.37 6.06 6.79 6.35 7.08 7.66 7.37 6.28 6.50 6.35 6.42 6.42 5.77 6.28 7.15 7.74 7.01 8.03 7.96
8.18 8.18 8.69 7.66 6.35 6.35 5.18 6.35 4.82 3.87 4.02 0.00 0.00 0.00 0.00 0.00 1.24 0.22 0.07 0.29 1.68 0.00 3.29 7.37 8.47 6.86 6.86 6.94 5.26 5.77 6.86 4.60 3.21 2.04 3.94 0.00 0.00 0.00 0.00 1.97 3.14 2.26 3.07 4.09 0.00 0.00 0.00 3.87 4.60 3.65 2.70 2.70 0.00 0.00 0.00 0.00 0.00 8.32 9.78 9.49 9.05 7.88 7.30 7.15 7.15 6.79 7.01 7.01 6.50 7.52 7.01 7.96 7.59 7.59 7.52 8.10 8.10 7.37 7.30 5.84 6.86 7.74 7.45 7.52
8.76 8.76 8.32 7.15 7.52 6.50 7.08 6.28 6.50 5.77 0.00 0.00 0.00 0.00 0.00 0.00 2.34 1.53 2.48 2.99 2.04 2.12 2.63 3.14 7.59 7.37 7.37 5.77 4.16 4.09 3.14 1.75 0.00 0.00 0.00 0.00 0.00 0.00 1.31 3.50 2.56 3.14 4.53 4.38 0.00 0.00 5.40 5.18 3.87 3.29 0.37 0.37 0.00 0.00 0.00 0.00 0.00 8.91 9.56 10.22 8.69 8.03 7.23 5.99 6.94 7.74 6.86 8.18 7.81 7.88 7.59 8.54 8.32 8.25 7.88 8.47 8.47 6.64 7.08 7.37 7.15 7.81 9.64 8.25
8.76 8.76 8.32 7.15 7.52 6.50 7.08 6.28 6.50 5.77 0.00 0.00 0.00 0.00 0.00 0.00 2.34 1.53 2.48 2.99 2.04 2.12 2.63 3.14 7.59 7.37 7.37 5.77 4.16 4.09 3.14 1.75 0.00 0.00 0.00 0.00 0.00 0.00 1.31 3.50 2.56 3.14 4.53 4.38 0.00 0.00 5.40 5.18 3.87 3.29 0.37 0.37 0.00 0.00 0.00 0.00 0.00 8.91 9.56 10.22 8.69 8.03 7.23 5.99 6.94 7.74 6.86 8.18 7.81 7.88 7.59 8.54 8.32 8.25 7.88 8.47 8.47 6.64 7.08 7.37 7.15 7.81 9.64 8.25
8.98 8.98 8.69 8.69 7.23 7.45 7.45 7.45 7.08 7.15 7.15 0.00 4.74 4.16 3.87 5.55 4.74 3.58 3.65 2.77 3.21 2.12 2.63 2.56 4.96 6.20 6.20 6.94 5.69 5.04 2.85 3.14 0.00 0.00 0.00 0.00 0.00 0.07 2.34 2.92 4.67 5.26 4.67 3.29 6.79 6.50 6.57 6.20 4.02 0.95 1.90 1.90 0.00 0.00 0.00 0.00 6.28 9.56 9.27 7.23 7.88 6.50 6.57 6.72 6.57 7.37 7.52 8.54 8.47 8.40 8.76 8.83 8.32 8.54 7.74 7.66 7.66 8.03 7.81 7.01 7.15 7.81 9.34 9.49
8.83 8.83 7.45 7.81 7.66 6.86 6.79 6.57 6.50 5.55 5.69 5.62 5.62 4.67 5.55 5.11 5.77 4.89 2.77 3.07 1.90 2.77 2.34 2.41 2.99 5.40 5.40 5.77 6.42 6.20 5.26 5.26 0.00 0.00 0.00 0.07 1.39 4.16 3.43 6.35 6.13 5.69 5.62 5.11 8.25 8.10 6.57 5.62 4.67 3.50 4.16 4.16 1.17 1.31 0.95 0.00 7.30 9.27 8.76 8.03 8.47 8.69 8.47 6.94 7.52 7.30 7.81 7.81 8.40 9.27 9.93 9.64 10.15 8.76 7.08 7.45 7.45 7.30 6.72 6.79 8.32 7.96 7.81 8.10
8.61 8.61 7.23 6.72 6.50 6.13 0.00 5.18 4.38 4.60 4.09 4.16 4.67 4.60 4.45 3.14 1.83 1.24 1.31 1.97 2.34 3.21 2.70 4.02 3.29 6.35 6.35 6.06 6.20 6.06 3.36 5.69 0.88 3.87 2.92 2.34 4.53 4.45 4.67 4.89 4.74 5.55 4.89 5.77 6.50 5.91 5.18 4.89 3.94 1.02 2.56 2.56 3.80 4.02 7.37 6.13 8.47 9.49 6.86 7.01 8.25 7.30 5.55 6.28 6.86 8.32 8.91 9.13 9.05 9.20 9.78 9.78 9.78 8.61 6.57 6.42 6.42 5.18 5.62 5.55 7.81 9.05 8.10 7.66
0.00 0.00 5.99 0.00 0.00 0.00 0.00 0.00 2.92 0.00 0.29 2.70 1.24 2.41 3.43 1.68 2.77 0.00 0.00 0.00 2.12 1.97 4.23 2.99 3.72 4.38 4.38 3.94 5.69 7.08 4.31 3.72 4.09 5.04 4.31 5.04 4.38 4.60 4.31 5.18 4.31 4.82 4.60 4.16 6.13 6.06 5.40 3.72 0.00 0.00 2.19 2.19 3.80 6.28 8.25 5.62 9.56 4.89 5.18 3.94 5.84 0.00 3.65 5.26 6.72 5.69 8.25 8.91 8.03 7.88 9.05 7.45 4.89 4.96 5.48 4.23 4.23 5.99 10.22 9.78 8.98 10.07 7.23 5.69
0.00 0.00 0.00 0.00 0.00 0.00 0.00 0.00 0.00 0.00 0.00 0.15 1.31 1.02 1.90 0.00 0.00 0.00 0.00 0.00 0.58 0.37 0.00 0.00 0.00 3.58 3.58 3.87 3.36 4.82 5.69 3.58 4.38 5.69 5.40 4.45 4.60 4.67 3.87 3.65 3.72 4.60 4.96 5.55 5.18 4.16 3.21 1.83 2.77 2.12 3.07 3.07 4.60 5.40 6.50 10.00 4.38 2.56 0.00 0.00 0.00 0.00 0.00 0.00 0.00 0.00 6.13 5.48 5.40 5.69 6.57 2.48 3.36 3.07 2.77 2.70 2.70 5.48 13.58 15.84 11.24 12.56 9.05 6.42
0.00 0.00 0.00 0.00 0.00 0.00 0.00 0.00 0.00 0.00 0.00 0.00 0.00 0.00 0.00 0.00 0.00 0.00 0.00 0.44 0.37 1.90 3.80 3.29 2.63 4.60 4.60 3.43 6.28 7.37 4.16 5.99 5.18 4.60 4.53 3.50 3.43 2.63 2.41 2.41 1.75 3.72 4.60 5.62 3.50 2.85 3.72 3.94 3.07 4.53 4.60 4.60 4.45 4.74 5.26 7.74 0.00 0.00 0.00 0.00 0.00 0.00 3.58 2.56 3.36 2.92 4.16 5.91 5.04 6.79 3.50 4.23 2.77 5.62 5.91 15.11 15.11 16.50 15.62 15.70 13.80 12.26 13.21 5.69
0.00 0.00 0.00 0.00 0.00 0.00 0.00 0.00 0.00 0.00 0.00 0.00 0.00 0.00 0.00 0.00 0.00 0.00 0.00 0.44 0.37 1.90 3.80 3.29 2.63 4.60 4.60 3.43 6.28 7.37 4.16 5.99 5.18 4.60 4.53 3.50 3.43 2.63 2.41 2.41 1.75 3.72 4.60 5.62 3.50 2.85 3.72 3.94 3.07 4.53 4.60 4.60 4.45 4.74 5.26 7.74 0.00 0.00 0.00 0.00 0.00 0.00 3.58 2.56 3.36 2.92 4.16 5.91 5.04 6.79 3.50 4.23 2.77 5.62 5.91 15.11 15.11 16.50 15.62 15.70 13.80 12.26 13.21 5.69
0.00 0.00 0.00 0.00 0.00 0.00 0.00 0.00 0.00 0.00 0.00 0.00 0.00 0.00 0.00 0.00 0.00 0.00 0.22 0.58 1.90 2.19 4.74 1.75 2.26 2.26 2.26 3.14 5.18 4.67 4.89 2.77 1.90 2.85 1.90 2.34 2.63 2.19 1.53 3.58 4.53 5.77 0.00 0.00 2.77 2.19 2.85 2.99 3.29 4.67 4.23 4.23 1.17 2.41 0.00 0.00 0.00 0.00 0.00 0.00 0.00 6.86 6.35 3.80 7.96 6.86 7.52 7.01 6.13 9.13 8.54 12.63 9.78 8.83 15.11 17.89 17.89 17.59 15.99 16.13 16.43 15.33 13.51 14.67
