Wansh/Snow_depth/snowdepth-1998/winter/1998354.txt
ncols 321
nrows 161
xllcenter 60
yllcenter 15 
cellsize  0.25 
NODATA_value -1
[rows 0 to 36 of 161, columns 168 to 251 of 321]
1.39 1.83 0.29 0.37 0.73 0.66 1.53 1.68 2.12 2.12 2.77 2.41 1.39 2.26 1.75 1.90 1.90 1.83 3.58 4.96 4.89 4.16 4.96 4.96 5.11 4.16 4.45 0.00 0.00 0.00 0.00 0.00 2.19 10.29 10.59 10.59 10.59 12.12 12.12 12.70 10.51 8.32 7.08 7.37 7.23 8.10 13.21 11.61 12.12 10.07 8.98 7.15 7.30 6.57 5.55 5.91 6.06 7.30 7.08 6.64 6.64 7.96 7.45 11.17 12.92 12.41 14.60 12.85 12.78 10.88 9.34 9.56 9.86 11.39 11.39 14.02 13.51 15.62 17.16 16.94 17.16 17.30 16.13 16.79
6.28 2.99 1.10 1.75 0.58 1.10 1.39 2.12 2.26 2.26 2.26 3.43 2.70 2.41 3.14 2.99 3.43 3.87 4.82 4.09 4.16 4.53 3.72 4.60 5.48 0.00 0.00 0.00 0.00 0.00 0.00 1.97 3.21 7.74 6.42 6.42 5.55 8.18 11.24 11.53 11.53 9.42 11.83 13.80 13.29 13.07 13.43 10.95 9.13 7.96 8.47 6.35 4.96 5.26 5.26 6.64 6.42 6.35 5.99 6.06 6.06 6.72 10.07 9.20 12.41 11.97 11.75 10.51 9.64 9.64 10.44 10.88 10.44 13.21 12.85 14.67 16.72 15.84 16.50 16.64 17.16 14.24 13.87 11.90
11.61 5.77 3.07 3.72 1.31 2.19 1.53 1.53 2.34 2.34 2.26 2.70 2.34 2.41 3.72 3.80 3.80 4.16 5.11 4.23 4.31 4.23 4.02 5.48 5.55 0.00 0.00 0.00 0.00 0.00 0.00 2.85 2.85 3.50 4.02 4.02 6.20 6.28 14.09 14.38 15.26 14.09 14.45 13.43 12.19 7.30 8.10 8.03 8.10 7.96 6.20 6.20 5.04 6.28 5.69 5.55 6.64 6.50 6.20 7.15 7.15 7.23 8.54 9.78 9.42 10.44 10.44 9.93 10.22 11.10 10.95 11.24 12.99 12.85 12.48 10.73 14.38 14.02 14.45 10.73 9.93 11.83 11.02 11.02
11.61 5.77 3.07 3.72 1.31 2.19 1.53 1.53 2.34 2.34 2.26 2.70 2.34 2.41 3.72 3.80 3.80 4.16 5.11 4.23 4.31 4.23 4.02 5.48 5.55 0.00 0.00 0.00 0.00 0.00 0.00 2.85 2.85 3.50 4.02 4.02 6.20 6.28 14.09 14.38 15.26 14.09 14.45 13.43 12.19 7.30 8.10 8.03 8.10 7.96 6.20 6.20 5.04 6.28 5.69 5.55 6.64 6.50 6.20 7.15 7.15 7.23 8.54 9.78 9.42 10.44 10.44 9.93 10.22 11.10 10.95 11.24 12.99 12.85 12.48 10.73 14.38 14.02 14.45 10.73 9.93 11.83 11.02 11.02
13.07 11.10 11.61 5.55 2.34 4.67 3.14 3.50 2.41 2.41 2.19 2.41 3.21 2.56 4.53 5.33 6.94 5.84 4.96 5.40 4.02 4.89 5.33 10.95 11.02 8.03 0.00 0.00 0.00 0.00 2.77 0.00 3.14 4.45 8.54 8.54 7.66 6.57 10.00 13.07 12.92 9.71 9.13 7.45 7.74 6.42 7.15 6.35 5.77 5.91 5.62 6.13 5.91 7.15 6.28 5.18 5.11 6.06 5.84 6.72 6.72 7.45 8.76 8.61 8.91 8.98 8.98 9.93 9.86 7.88 9.56 9.71 8.69 10.88 11.39 9.27 8.03 8.18 6.57 9.05 8.32 10.51 10.00 11.39
12.41 13.29 15.26 10.66 5.91 8.47 9.71 5.55 6.86 6.86 3.94 3.07 3.80 3.29 7.96 8.32 7.01 6.13 4.16 3.14 3.29 2.48 0.00 7.74 11.90 0.00 0.00 0.00 0.00 0.00 1.46 4.31 4.60 5.99 9.27 9.27 9.42 9.42 7.45 8.54 8.18 9.20 8.76 7.15 6.64 5.91 6.20 4.82 5.26 6.50 6.28 6.86 5.26 4.53 4.60 5.26 5.11 4.74 6.28 5.84 5.84 7.81 8.61 7.88 8.25 7.81 7.66 8.83 6.86 7.23 6.28 7.30 7.23 7.15 6.42 6.50 7.37 6.86 6.94 7.59 7.23 9.27 11.02 10.51
12.70 15.55 16.43 16.06 16.43 12.85 14.16 10.88 6.94 6.94 8.47 6.79 8.47 8.32 8.91 8.83 8.10 6.50 3.87 3.80 3.58 3.36 0.00 0.00 0.00 0.00 0.00 0.00 0.00 1.10 4.02 5.77 7.15 8.03 7.52 7.52 7.45 7.23 7.74 7.66 7.59 8.10 8.03 7.37 7.23 6.64 6.72 6.72 7.23 6.72 5.40 5.91 4.45 4.09 4.45 2.34 3.29 3.50 3.43 5.69 5.69 5.55 5.48 6.94 3.80 4.16 4.45 4.60 4.60 5.62 5.91 5.48 5.99 5.99 5.69 5.26 5.33 7.30 8.25 8.29 11.36 12.46 11.98 12.40
12.70 15.55 16.43 16.06 16.43 12.85 14.16 10.88 6.94 6.94 8.47 6.79 8.47 8.32 8.91 8.83 8.10 6.50 3.87 3.80 3.58 3.36 0.00 0.00 0.00 0.00 0.00 0.00 0.00 1.10 4.02 5.77 7.15 8.03 7.52 7.52 7.45 7.23 7.74 7.66 7.59 8.10 8.03 7.37 7.23 6.64 6.72 6.72 7.23 6.72 5.40 5.91 4.45 4.09 4.45 2.34 3.29 3.50 3.43 5.69 5.69 5.55 5.48 6.94 3.80 4.16 4.45 4.60 4.60 5.62 5.91 5.48 5.99 5.99 5.69 6.08 7.35 10.50 11.30 14.08 18.75 16.58 15.42 12.87
9.71 16.72 15.11 16.86 17.81 17.45 14.38 12.19 9.20 9.20 9.20 7.15 6.86 14.45 12.12 9.05 7.59 7.23 4.31 0.00 0.00 0.00 0.00 0.00 0.00 0.00 0.00 0.29 2.92 2.04 4.38 4.89 6.28 7.66 7.30 7.30 7.01 7.81 7.37 7.66 8.18 8.47 8.76 8.40 9.42 8.69 8.25 8.32 7.96 6.94 5.62 6.06 4.45 1.31 1.46 1.46 1.75 2.99 2.48 3.87 3.87 4.89 3.87 5.40 3.43 4.45 4.09 4.38 4.74 4.53 5.62 5.26 5.55 5.34 6.69 8.58 11.85 10.18 11.02 16.48 15.23 13.79 11.43 12.39
6.35 11.10 10.22 12.99 11.90 13.43 9.27 10.59 12.12 12.12 11.17 13.36 11.10 11.97 10.37 7.81 0.00 0.00 0.00 0.00 0.00 0.00 0.00 0.00 0.00 0.00 0.15 2.19 4.74 4.96 6.06 5.77 5.91 6.50 8.61 8.61 6.42 6.50 6.42 6.94 8.54 10.15 10.15 9.13 9.42 8.91 7.52 7.45 5.77 6.50 4.67 2.56 1.75 1.68 2.56 1.90 1.97 1.90 2.99 3.94 3.94 3.87 3.65 5.69 3.94 5.48 5.62 5.69 5.55 6.86 6.86 5.99 5.78 7.78 8.85 10.06 8.99 13.13 14.09 14.60 11.64 11.27 13.96 12.78
5.69 5.84 5.62 6.94 8.25 9.93 8.98 8.61 11.68 11.68 14.02 8.69 7.74 5.62 0.00 0.00 0.00 0.00 0.00 0.00 0.00 0.00 0.00 1.17 3.80 5.04 5.69 5.91 5.62 5.77 5.77 4.82 5.99 5.77 7.45 7.45 6.79 6.79 8.69 10.15 10.51 10.59 10.15 7.74 7.96 5.99 6.86 6.13 4.09 3.94 4.16 2.77 4.02 2.92 2.99 3.14 3.07 2.85 3.36 5.04 5.04 7.30 4.60 6.13 7.01 5.84 5.69 6.94 6.94 7.23 7.08 7.52 7.19 5.48 5.49 8.98 11.51 10.86 11.66 10.90 11.13 10.06 9.06 9.42
5.69 5.84 5.62 6.94 8.25 9.93 8.98 8.61 11.68 11.68 14.02 8.69 7.74 5.62 0.00 0.00 0.00 0.00 0.00 0.00 0.00 0.00 0.00 1.17 3.80 5.04 5.69 5.91 5.62 5.77 5.77 4.82 5.99 5.77 7.45 7.45 6.79 6.79 8.69 10.15 10.51 10.59 10.15 7.74 7.96 5.99 6.86 6.13 4.09 3.94 4.16 2.77 4.02 2.92 2.99 3.14 3.07 2.85 3.36 5.04 5.04 7.30 4.60 6.13 7.01 5.84 5.69 6.94 6.94 7.23 7.08 7.52 7.01 5.40 5.33 8.34 10.26 10.06 12.44 11.31 11.13 9.84 9.95 10.07
8.40 8.40 4.74 5.33 5.69 6.50 6.13 2.26 2.41 2.41 2.26 7.15 0.00 0.00 0.00 0.00 0.00 0.00 0.00 2.26 4.38 5.04 4.60 3.58 6.64 5.33 6.64 6.72 6.20 5.91 5.91 5.99 7.08 7.01 7.15 7.15 6.79 7.81 9.13 10.15 9.71 9.20 7.81 8.18 7.01 5.84 5.11 4.53 4.23 4.96 4.96 4.82 4.89 4.82 4.45 4.60 3.72 6.28 6.50 7.08 7.08 8.10 10.59 6.79 7.52 9.64 8.83 8.69 11.17 11.17 8.54 7.96 8.25 7.74 6.66 6.96 10.12 10.05 9.48 8.83 8.01 9.13 9.66 8.92
8.61 9.05 7.08 5.77 7.15 4.60 5.62 3.21 2.92 2.92 5.33 0.73 0.00 0.00 0.00 0.00 0.00 1.10 4.60 2.70 5.33 4.60 7.45 4.38 6.50 7.08 6.86 6.72 6.06 7.01 6.72 6.86 7.23 7.37 7.30 7.30 7.81 7.74 9.78 9.42 10.37 9.78 8.32 8.32 7.45 7.74 5.40 7.23 5.55 5.40 5.04 5.91 5.40 5.04 7.59 7.96 7.81 7.59 9.20 9.27 9.27 8.91 13.29 14.97 10.80 13.43 15.40 15.55 12.63 12.85 13.94 11.68 8.91 10.31 9.84 8.67 7.69 8.37 9.66 7.94 7.76 7.35 7.80 8.71
9.34 10.66 7.15 10.07 7.96 8.83 8.47 5.11 0.00 0.00 0.00 0.00 0.00 0.00 0.00 0.00 2.12 4.67 6.64 5.84 9.34 8.32 10.95 8.91 8.83 8.40 9.56 7.88 9.27 8.76 7.88 6.35 7.01 6.79 7.74 7.74 8.98 10.00 9.93 10.07 10.66 9.27 9.78 8.69 8.25 8.91 8.69 9.05 6.50 7.15 7.74 6.72 8.61 8.54 8.61 8.32 9.64 10.15 9.86 14.02 14.02 12.99 15.99 17.01 19.93 15.99 16.79 17.45 17.37 15.91 13.65 14.97 11.22 10.67 11.76 9.18 9.02 9.08 8.65 7.58 8.13 7.77 8.07 8.04
10.73 10.15 10.22 10.44 10.07 9.56 7.52 8.61 5.26 5.26 6.20 3.50 4.31 5.48 5.69 6.28 5.77 4.74 6.79 8.98 10.07 8.91 10.22 12.63 12.85 11.39 10.59 9.78 10.07 9.49 7.74 8.54 7.15 8.10 7.96 7.96 8.03 8.83 9.05 9.71 8.61 9.20 9.13 9.42 10.29 10.15 9.64 9.56 9.56 9.56 10.07 9.56 9.27 10.00 10.59 10.66 10.73 11.10 11.10 12.34 12.34 14.82 18.54 17.89 20.66 17.30 18.98 16.94 16.21 16.35 14.82 10.16 13.18 10.61 10.51 9.60 9.42 9.02 9.29 9.24 10.17 12.22 9.70 8.12
10.73 10.15 10.22 10.44 10.07 9.56 7.52 8.61 5.26 5.26 6.20 3.50 4.31 5.48 5.69 6.28 5.77 4.74 6.79 8.98 10.07 8.91 10.22 12.63 12.85 11.39 10.59 9.78 10.07 9.49 7.74 8.54 7.15 8.10 7.96 7.96 8.03 8.83 9.05 9.71 8.61 9.20 9.13 9.42 10.29 10.15 9.64 9.56 9.56 9.56 10.07 9.56 9.27 10.00 10.59 10.66 10.73 11.10 11.10 12.34 12.34 14.82 18.54 17.89 20.66 17.30 18.98 16.94 16.21 16.35 14.82 12.47 12.35 11.53 9.44 11.88 9.55 9.97 9.48 8.33 9.83 10.51 10.55 9.22
10.15 7.88 8.54 7.01 7.66 7.59 9.49 8.91 5.62 5.62 7.74 8.76 8.91 9.64 7.52 7.74 8.47 7.15 7.37 7.74 9.78 8.76 10.66 11.32 11.61 11.46 11.17 10.73 8.76 8.61 8.61 8.61 9.64 8.91 9.93 9.93 9.78 9.93 9.56 9.56 8.98 7.96 9.49 9.05 10.22 9.78 9.78 10.44 10.15 10.44 10.22 10.44 10.00 9.64 11.75 11.53 11.46 11.02 11.24 13.72 13.72 13.07 15.84 18.76 19.05 15.77 14.09 15.48 14.38 11.17 11.73 8.28 9.26 8.36 9.56 11.22 11.56 9.50 8.74 11.06 9.67 11.60 11.74 10.67
5.48 7.23 4.74 5.62 6.50 7.23 6.94 9.13 7.81 7.81 9.13 10.80 10.00 10.22 9.93 8.83 8.18 7.74 8.03 9.34 8.54 10.37 9.78 10.88 9.42 11.17 8.76 9.42 8.91 9.05 8.76 9.05 9.49 9.78 10.15 10.15 8.91 9.42 7.81 7.96 7.74 7.96 8.54 9.42 9.49 9.56 9.27 8.91 9.49 9.49 10.15 9.20 9.20 10.22 10.29 11.53 12.41 11.24 11.39 12.05 12.05 13.58 13.51 13.36 15.11 15.11 13.87 11.02 12.92 9.24 7.67 7.52 7.04 7.07 8.74 9.21 9.07 9.41 9.57 11.74 11.25 12.43 11.41 11.62
4.82 3.07 4.16 5.11 5.69 6.28 5.77 6.64 6.42 6.42 8.61 7.45 8.10 7.59 7.30 7.59 7.37 7.01 8.10 9.34 9.56 8.98 8.83 9.27 9.20 9.64 9.64 9.71 10.15 6.94 8.76 8.25 9.20 9.49 9.20 9.20 9.56 8.69 8.47 7.96 10.15 8.91 8.91 8.91 8.98 7.96 8.10 8.18 9.34 8.76 8.61 8.91 8.18 9.20 8.91 11.02 11.90 11.46 11.90 11.75 11.75 13.07 12.99 12.92 12.05 12.85 13.21 10.37 7.45 7.88 6.86 7.37 8.98 8.61 9.49 7.90 8.94 10.17 11.75 9.98 12.26 10.58 8.74 10.50
2.12 1.39 3.29 2.70 4.74 5.62 5.04 6.28 5.18 5.18 6.13 7.59 7.30 7.66 8.03 7.66 7.88 7.74 8.54 12.63 9.78 12.99 13.36 11.10 9.13 6.50 6.64 6.13 6.57 6.35 8.98 9.86 9.42 10.73 10.80 10.80 10.59 9.49 9.05 10.07 11.02 9.27 10.15 8.61 7.52 8.25 7.81 7.23 7.15 8.10 6.64 7.52 7.30 7.88 9.20 11.10 10.73 11.02 12.05 12.70 12.70 12.05 9.78 11.02 11.53 7.37 8.69 9.05 7.37 7.88 8.91 7.52 9.42 9.78 10.54 11.91 14.50 10.52 11.12 11.72 12.88 10.92 10.81 8.72
1.24 1.24 1.90 1.39 3.58 4.82 4.74 4.74 5.84 5.84 5.48 6.28 6.35 6.86 7.45 7.23 6.57 11.02 13.80 12.48 14.75 12.63 13.51 11.02 6.50 6.35 7.59 7.74 9.93 10.37 10.29 9.78 13.36 13.29 11.75 11.75 11.02 11.39 11.02 11.39 10.88 11.02 8.40 8.40 8.61 7.96 6.42 6.50 5.84 5.91 5.91 6.86 7.01 6.79 7.74 10.00 11.46 11.39 10.88 10.44 10.44 7.15 7.48 0.00 4.82 4.96 4.96 4.74 7.08 7.45 7.96 7.96 9.42 10.59 11.25 11.30 15.70 13.33 13.51 13.37 10.56 11.03 11.63 10.14
1.24 1.24 1.90 1.39 3.58 4.82 4.74 4.74 5.84 5.84 5.48 6.28 6.35 6.86 7.45 7.23 6.57 11.02 13.80 12.48 14.75 12.63 13.51 11.02 6.50 6.35 7.59 7.74 9.93 10.37 10.29 9.78 13.36 13.29 11.75 11.75 11.02 11.39 11.02 11.39 10.88 11.02 8.40 8.40 8.61 7.96 6.42 6.50 5.84 5.91 5.91 6.86 7.01 6.79 7.74 10.00 11.46 11.39 10.88 10.44 10.44 7.15 7.48 0.00 4.82 4.96 4.96 4.74 7.08 7.45 7.96 7.96 9.42 10.59 10.80 11.36 12.19 11.73 11.31 15.56 12.92 11.26 9.11 9.36
0.00 0.95 0.00 1.24 2.19 3.87 2.99 4.74 3.21 3.21 4.53 5.62 5.48 5.33 6.13 4.96 6.64 11.68 14.45 14.75 11.90 9.49 8.83 8.54 9.13 8.98 8.32 12.05 12.26 12.19 11.97 11.83 12.92 12.34 12.19 12.19 12.41 12.41 13.87 14.45 12.05 12.92 10.07 10.37 8.98 7.15 7.30 6.50 6.28 6.13 6.50 6.42 6.94 7.30 9.49 9.27 8.83 9.34 9.86 6.20 6.20 3.80 0.00 0.00 0.00 4.38 4.02 0.00 4.82 5.26 5.33 6.50 9.27 8.69 12.19 12.99 13.37 17.61 16.41 14.26 13.94 11.27 10.44 11.59
0.00 0.00 0.00 0.58 1.46 2.41 2.34 3.65 1.61 1.61 3.21 2.99 5.40 6.72 6.94 7.01 6.79 10.15 13.29 12.99 12.70 11.68 9.93 10.88 12.63 13.80 14.16 15.99 15.26 14.38 14.97 13.14 13.21 11.90 11.53 11.53 12.56 14.89 13.94 13.14 13.43 12.85 10.51 10.88 8.25 6.86 6.20 6.20 6.13 4.82 5.40 5.33 6.64 6.72 6.20 7.59 8.18 5.18 4.16 5.48 5.48 0.00 0.00 0.00 0.00 0.00 0.00 0.00 4.96 6.64 7.01 6.50 10.37 13.80 13.85 18.27 17.38 16.55 16.96 15.23 15.69 11.82 13.06 13.10
0.00 0.00 0.00 0.73 0.58 0.95 1.39 1.97 1.10 1.10 1.97 3.65 5.62 7.30 9.13 12.99 13.58 14.09 12.99 12.99 12.41 13.07 11.61 13.87 13.58 13.65 15.62 18.83 17.08 15.70 14.45 11.24 13.51 10.66 12.34 12.34 12.70 12.85 12.63 12.48 10.80 10.00 8.61 8.98 8.25 6.42 5.18 3.87 4.09 4.23 4.23 3.43 5.55 5.40 3.43 4.67 3.21 2.99 0.00 0.00 0.00 0.00 0.00 2.48 5.91 5.69 6.72 6.50 7.23 7.01 10.00 14.45 11.78 16.89 19.19 21.86 21.53 16.55 16.44 19.43 15.23 13.42 12.31 11.60
0.00 0.00 0.00 0.00 0.00 0.37 1.10 1.75 3.50 3.50 5.84 5.11 6.86 8.54 12.19 14.09 14.67 14.38 14.16 15.77 14.02 14.75 15.04 16.64 16.21 14.82 18.47 17.89 17.67 15.18 13.80 10.51 11.32 11.17 11.97 11.97 13.07 12.78 11.02 11.24 9.93 8.10 7.37 5.69 4.53 5.11 3.87 0.00 4.02 2.77 2.63 3.07 2.34 0.00 0.00 0.00 0.00 0.00 0.00 0.00 0.00 0.00 4.09 3.94 7.23 7.15 7.23 8.10 6.72 10.66 9.78 15.77 21.22 19.89 22.10 20.27 19.29 23.01 18.10 16.21 12.51 12.01 12.47 11.26
0.00 0.00 0.00 0.00 0.00 0.00 0.66 1.75 3.29 3.29 6.72 7.23 8.61 10.59 10.29 13.51 9.49 11.61 13.80 10.73 11.24 14.89 16.79 15.70 15.48 16.50 15.04 15.55 16.43 14.09 12.41 11.90 12.19 12.26 12.99 12.99 11.46 11.17 10.44 9.78 10.07 7.37 7.74 5.04 4.09 3.65 3.50 3.07 3.50 2.48 0.00 0.00 0.00 0.00 0.73 0.73 0.00 0.00 0.00 0.00 0.00 0.00 0.00 0.00 0.00 8.18 9.49 9.56 9.78 10.80 16.77 16.17 23.88 20.29 18.27 24.30 19.65 16.91 17.97 13.11 13.01 10.21 11.70 9.32
0.00 0.00 0.00 0.00 0.00 0.00 0.66 1.75 3.29 3.29 6.72 7.23 8.61 10.59 10.29 13.51 9.49 11.61 13.80 10.73 11.24 14.89 16.79 15.70 15.48 16.50 15.04 15.55 16.43 14.09 12.41 11.90 12.19 12.26 12.99 12.99 11.46 11.17 10.44 9.78 10.07 7.37 7.74 5.04 4.09 3.65 3.50 3.07 3.50 2.48 0.00 0.00 0.00 0.00 0.73 0.73 0.00 0.00 0.00 0.00 0.00 0.00 0.00 0.00 0.00 8.18 9.49 9.56 9.78 10.80 16.86 16.00 21.59 22.61 19.50 28.35 22.81 16.37 18.77 12.74 13.76 12.11 10.68 7.91
0.00 0.00 0.00 0.00 0.00 0.22 0.00 0.88 2.92 2.92 3.87 5.55 6.20 7.37 6.06 7.01 8.61 8.98 10.59 10.22 9.56 11.39 10.73 11.17 12.78 12.70 10.66 12.63 12.63 12.63 12.05 12.05 11.10 11.75 9.34 9.34 9.34 10.29 9.78 7.81 8.69 6.20 6.79 5.91 4.16 3.43 3.72 3.14 3.43 2.34 0.29 0.00 0.00 0.07 0.58 0.00 0.00 0.00 0.00 0.00 0.00 0.00 0.00 0.00 4.38 3.07 10.15 11.53 16.43 15.48 19.69 19.61 22.73 25.85 23.81 21.90 22.60 18.67 19.10 15.30 11.88 13.18 6.39 1.85
0.07 0.00 0.00 0.37 0.00 0.00 0.00 2.26 4.16 4.16 3.43 5.04 5.26 4.60 5.69 6.57 4.96 4.96 6.94 4.89 6.35 6.13 5.62 6.42 8.61 6.13 7.23 9.93 7.23 6.79 10.88 4.74 6.50 6.06 6.28 6.28 6.13 7.66 5.62 5.48 4.74 2.56 3.65 3.21 3.50 2.41 2.70 2.77 1.02 1.31 0.00 0.00 0.00 0.00 0.00 0.00 0.00 0.00 0.00 0.00 0.00 0.00 0.00 0.00 4.89 10.29 9.42 12.92 18.91 20.15 20.44 19.94 21.35 27.31 23.27 20.56 21.33 18.01 16.58 18.06 11.79 12.20 6.59 1.13
1.31 0.66 0.95 0.88 0.22 0.00 0.00 3.43 4.02 4.02 4.16 0.00 0.00 0.00 3.87 5.11 3.58 4.96 4.16 3.94 3.80 2.92 3.94 3.80 4.45 4.45 5.33 7.23 6.50 5.77 3.94 3.21 4.45 3.80 3.72 3.72 4.02 4.38 2.63 3.21 3.72 0.00 2.12 0.44 1.17 1.53 1.75 0.00 0.00 0.00 0.00 0.00 2.85 0.00 0.00 0.00 0.00 0.00 0.00 0.00 0.00 0.00 0.00 5.18 4.23 10.07 14.97 13.94 19.56 21.02 19.64 20.79 22.78 20.10 17.60 19.78 19.20 20.95 18.61 19.61 11.50 6.05 0.92 1.72
3.07 1.68 2.04 1.17 1.02 0.00 0.00 0.00 0.00 0.00 0.00 0.00 0.00 0.00 2.56 0.00 3.21 3.87 3.58 2.77 2.99 3.43 4.60 4.09 4.96 5.62 6.42 5.91 6.28 5.04 4.67 3.43 2.26 3.80 3.87 3.87 5.04 3.58 4.45 3.80 0.00 2.77 0.00 0.00 0.29 0.00 0.00 0.00 0.00 0.00 0.95 3.65 3.29 2.04 0.00 0.00 0.00 0.00 0.00 0.00 0.00 0.00 0.00 2.26 9.20 7.96 14.60 17.45 19.42 21.90 19.78 17.92 23.05 21.05 20.89 19.47 22.45 21.51 19.47 13.33 8.79 11.55 2.55 0.00
2.85 1.90 2.12 0.00 0.00 0.00 0.00 0.00 0.00 0.00 0.00 0.00 0.00 1.90 1.31 2.19 1.83 3.21 3.72 3.14 3.65 3.65 3.80 5.55 5.18 5.99 6.28 5.33 4.60 4.96 4.82 2.99 4.38 3.58 4.45 4.45 4.53 3.50 4.09 3.50 2.12 1.39 1.90 1.68 0.00 0.00 0.00 0.15 0.00 0.00 0.00 0.00 0.00 0.00 0.00 0.00 0.00 0.00 0.00 0.00 0.00 0.00 0.00 0.44 4.09 12.70 12.05 15.04 17.01 18.76 18.76 18.03 16.71 15.68 16.03 17.29 18.82 15.95 19.20 14.93 8.73 3.91 4.82 1.03
1.68 0.88 0.37 0.00 2.41 0.00 0.00 0.00 0.00 0.00 0.00 0.00 0.00 0.00 2.34 2.04 2.56 2.12 3.80 2.99 4.02 3.72 4.09 3.72 4.09 5.77 5.69 4.45 3.07 3.50 3.29 3.65 2.70 4.67 3.65 3.65 2.56 3.21 2.48 3.29 2.56 2.92 1.46 2.12 2.92 2.77 2.48 0.00 0.00 0.00 0.00 0.00 0.00 0.00 0.00 0.00 0.00 0.00 0.00 0.00 0.00 0.00 0.44 0.29 1.10 2.77 10.44 9.64 13.94 15.77 14.09 14.16 13.41 11.55 13.13 14.05 16.30 14.60 12.86 11.87 9.53 5.40 0.67 0.00
1.68 0.88 0.37 0.00 2.41 0.00 0.00 0.00 0.00 0.00 0.00 0.00 0.00 0.00 2.34 2.04 2.56 2.12 3.80 2.99 4.02 3.72 4.09 3.72 4.09 5.77 5.69 4.45 3.07 3.50 3.29 3.65 2.70 4.67 3.65 3.65 2.56 3.21 2.48 3.29 2.56 2.92 1.46 2.12 2.92 2.77 2.48 0.00 0.00 0.00 0.00 0.00 0.00 0.00 0.00 0.00 0.00 0.00 0.00 0.00 0.00 0.00 0.44 0.29 1.10 2.77 10.44 9.64 13.94 15.77 14.09 14.09 13.21 11.37 13.13 14.68 14.52 14.02 12.56 12.47 9.34 5.69 0.67 0.00
0.29 0.00 0.00 0.00 0.00 0.00 0.00 0.00 0.00 0.00 0.00 0.00 0.00 1.10 0.00 1.17 1.97 2.77 2.77 3.36 3.14 1.61 2.56 4.23 3.65 2.70 4.23 3.65 3.80 5.18 3.58 4.02 4.82 5.11 4.53 4.53 3.07 2.92 3.21 2.99 3.21 3.21 2.85 4.53 3.65 4.16 5.11 2.34 3.14 0.00 0.00 0.00 0.00 0.00 0.00 0.00 0.00 0.00 0.00 0.00 0.00 0.00 0.00 0.51 0.80 0.07 1.75 4.23 10.66 10.66 11.46 11.53 7.66 8.26 4.48 3.35 2.18 9.79 1.01 0.52 1.19 0.52 2.15 0.00
