Wansh/Snow_depth/snowdepth-1998/winter/1998348.txt
ncols 321
nrows 161
xllcenter 60
yllcenter 15 
cellsize  0.25 
NODATA_value -1
[rows 0 to 36 of 161, columns 168 to 251 of 321]
1.75 1.02 0.00 0.00 0.00 0.00 0.66 1.75 1.75 1.75 0.88 0.88 0.95 1.46 1.17 1.68 2.19 1.90 3.58 3.29 4.09 2.99 3.14 3.36 3.36 3.65 0.00 0.00 0.00 0.00 0.00 0.00 8.61 8.69 10.51 10.51 7.52 7.96 10.59 10.88 11.39 8.10 8.10 8.83 8.91 8.32 9.78 9.13 10.59 8.83 7.52 5.99 6.28 6.72 6.50 5.91 5.91 4.74 4.38 6.06 6.06 6.06 6.94 8.03 12.05 12.26 12.26 9.20 9.27 8.83 8.32 7.52 7.59 9.13 8.98 10.73 12.78 14.53 13.80 16.21 14.60 15.26 14.60 12.85
2.56 2.77 1.39 0.88 1.10 0.00 0.51 0.22 1.24 1.24 1.02 1.31 1.46 1.39 0.95 1.39 1.39 3.29 3.07 2.92 2.63 2.70 2.77 2.04 2.85 0.00 0.95 0.00 0.00 0.00 0.00 6.13 2.56 9.56 3.87 3.87 6.64 4.67 10.00 11.90 11.02 8.91 8.98 9.78 10.88 10.80 9.86 10.00 9.86 8.83 6.20 4.82 4.89 4.31 4.82 3.36 3.58 4.09 3.36 4.16 4.16 5.55 5.04 8.03 9.93 11.39 11.17 9.20 8.03 10.07 9.64 9.78 10.44 10.80 11.61 10.88 13.58 15.77 15.62 15.99 12.05 12.19 11.90 11.68
9.42 6.35 4.16 2.04 0.00 0.44 0.07 0.88 0.58 0.58 1.46 1.39 1.24 1.46 1.17 1.53 3.07 2.70 3.43 3.43 3.72 3.80 3.65 2.85 0.00 0.00 0.00 0.00 0.00 0.00 0.00 0.00 5.69 3.21 3.21 3.21 3.87 9.71 8.18 12.41 12.70 11.75 11.90 10.88 8.54 7.52 8.98 7.08 7.88 5.62 5.40 4.74 3.43 3.72 3.50 4.16 3.29 3.43 3.43 3.94 3.94 5.40 7.37 8.47 11.90 11.61 11.61 9.34 10.15 10.07 9.93 10.88 10.37 10.15 10.95 11.53 10.66 13.43 9.13 10.80 11.61 8.98 8.61 8.61
9.42 6.35 4.16 2.04 0.00 0.44 0.07 0.88 0.58 0.58 1.46 1.39 1.24 1.46 1.17 1.53 3.07 2.70 3.43 3.43 3.72 3.80 3.65 2.85 0.00 0.00 0.00 0.00 0.00 0.00 0.00 0.00 5.69 3.21 3.21 3.21 3.87 9.71 8.18 12.41 12.70 11.75 11.90 10.88 8.54 7.52 8.98 7.08 7.88 5.62 5.40 4.74 3.43 3.72 3.50 4.16 3.29 3.43 3.43 3.94 3.94 5.40 7.37 8.47 11.90 11.61 11.61 9.34 10.15 10.07 9.93 10.88 10.37 10.15 10.95 11.53 10.66 13.43 9.13 10.80 11.61 8.98 8.61 8.61
7.88 8.32 8.61 6.94 2.12 1.24 0.95 2.48 1.61 1.61 1.46 1.53 1.97 1.97 2.77 2.56 5.04 4.96 5.18 4.02 2.92 3.50 0.88 2.34 0.00 0.00 0.00 0.00 0.00 0.00 0.00 3.14 2.12 1.17 3.94 3.94 8.25 7.23 10.80 12.12 9.86 10.15 10.15 8.18 6.35 4.82 5.26 5.48 4.96 3.80 4.67 3.50 4.23 4.53 4.23 4.31 3.87 4.31 4.89 5.62 5.62 5.48 6.28 8.69 8.32 8.76 9.71 9.56 9.93 8.98 7.96 8.54 8.83 8.69 10.22 6.13 6.50 6.57 7.74 5.84 7.96 7.52 8.91 10.88
9.64 10.51 10.66 8.98 8.10 8.40 3.14 3.07 2.77 2.77 3.14 2.85 4.16 4.74 3.50 5.18 5.40 5.48 3.50 3.65 1.90 0.00 0.00 0.00 0.00 0.00 0.00 0.00 0.00 0.00 4.45 2.19 1.46 3.72 6.72 6.72 6.42 7.52 7.45 8.69 8.40 9.93 7.59 6.35 6.79 5.55 5.26 4.45 4.53 3.21 3.94 3.14 3.80 2.34 2.70 2.48 4.02 3.21 4.31 6.28 6.28 7.88 8.25 8.47 8.83 8.91 5.04 4.67 6.06 5.99 5.91 6.72 4.45 4.96 4.89 5.18 6.13 5.69 5.55 5.26 8.32 9.13 8.76 10.59
7.96 11.83 13.94 12.26 11.83 9.64 10.88 8.83 7.08 7.08 4.23 3.87 3.72 5.18 6.50 5.99 6.79 1.97 4.16 0.00 0.00 0.00 0.00 0.00 0.00 0.00 0.00 0.00 0.00 2.41 3.29 2.34 3.87 6.35 5.69 5.69 6.72 5.48 5.69 5.55 6.72 7.08 6.57 6.06 5.62 5.18 5.04 4.89 4.60 4.96 4.23 1.97 4.60 1.75 1.83 2.12 1.46 2.26 5.55 5.40 5.40 5.33 4.31 7.15 3.21 3.87 3.21 4.16 4.09 3.21 4.38 4.31 4.31 4.23 3.87 3.87 3.58 5.26 7.15 9.96 9.90 10.56 11.27 10.64
7.96 11.83 13.94 12.26 11.83 9.64 10.88 8.83 7.08 7.08 4.23 3.87 3.72 5.18 6.50 5.99 6.79 1.97 4.16 0.00 0.00 0.00 0.00 0.00 0.00 0.00 0.00 0.00 0.00 2.41 3.29 2.34 3.87 6.35 5.69 5.69 6.72 5.48 5.69 5.55 6.72 7.08 6.57 6.06 5.62 5.18 5.04 4.89 4.60 4.96 4.23 1.97 4.60 1.75 1.83 2.12 1.46 2.26 5.55 5.40 5.40 5.33 4.31 7.15 3.21 3.87 3.21 4.16 4.09 3.21 4.38 4.31 4.31 4.23 3.87 4.47 4.93 7.56 9.80 16.93 16.34 14.05 14.50 11.04
10.59 10.00 13.58 13.14 13.36 12.41 9.49 10.07 7.08 7.08 8.69 7.74 11.90 10.00 8.61 6.79 7.23 3.14 0.00 0.00 0.00 0.00 0.00 0.00 0.00 0.00 0.00 1.17 2.04 0.00 3.14 3.07 3.58 3.50 5.77 5.77 5.84 6.42 5.18 5.69 6.50 6.50 6.42 6.64 6.13 4.96 5.04 5.69 5.48 5.62 4.96 2.12 0.44 0.95 0.66 0.66 1.46 2.41 1.97 2.41 2.41 2.04 3.80 3.72 2.63 3.50 3.58 4.02 4.02 3.36 4.38 4.38 4.09 4.29 5.27 6.13 9.10 11.61 9.14 13.66 13.86 11.91 11.60 10.09
4.16 9.64 9.71 9.78 9.20 8.47 7.59 6.94 8.47 8.47 9.56 11.83 11.32 9.34 1.83 5.33 0.00 0.00 0.00 0.00 0.00 0.00 0.00 0.00 0.00 0.00 3.87 3.80 2.19 2.77 3.29 2.85 3.65 4.82 5.26 5.26 5.26 5.11 4.74 5.55 6.35 6.35 6.42 5.99 6.42 5.55 4.60 5.40 2.19 2.12 2.26 1.68 1.39 0.88 1.02 1.46 1.02 1.17 2.04 1.61 1.61 2.77 3.50 3.14 2.56 3.87 4.45 4.74 5.04 4.96 5.11 4.67 4.33 6.29 8.05 7.03 8.04 11.32 13.08 11.77 12.17 9.11 9.77 11.16
3.87 4.09 3.94 4.45 6.06 7.01 6.79 6.94 6.28 6.28 4.09 4.96 4.60 5.91 1.10 0.00 0.00 0.00 0.00 0.00 0.00 0.00 0.00 0.00 0.66 2.12 0.00 3.07 3.72 3.50 3.80 2.99 4.23 3.87 3.87 3.87 5.33 4.89 5.26 5.11 6.13 7.23 5.55 4.53 4.67 4.74 5.40 3.29 1.90 2.12 2.19 1.97 1.75 2.85 2.92 2.19 2.34 4.89 4.02 4.23 4.23 3.80 3.65 4.16 3.65 4.09 4.82 5.33 5.48 5.69 7.01 5.11 5.62 4.89 4.67 8.37 9.26 11.91 7.81 7.93 7.77 8.44 6.54 8.25
3.87 4.09 3.94 4.45 6.06 7.01 6.79 6.94 6.28 6.28 4.09 4.96 4.60 5.91 1.10 0.00 0.00 0.00 0.00 0.00 0.00 0.00 0.00 0.00 0.66 2.12 0.00 3.07 3.72 3.50 3.80 2.99 4.23 3.87 3.87 3.87 5.33 4.89 5.26 5.11 6.13 7.23 5.55 4.53 4.67 4.74 5.40 3.29 1.90 2.12 2.19 1.97 1.75 2.85 2.92 2.19 2.34 4.89 4.02 4.23 4.23 3.80 3.65 4.16 3.65 4.09 4.82 5.33 5.48 5.69 7.01 5.11 5.48 4.82 4.53 7.77 8.25 11.03 8.33 8.23 7.77 8.25 7.19 8.83
5.11 4.60 4.60 4.16 4.09 4.38 5.69 2.63 3.94 3.94 0.00 0.00 0.00 0.00 0.00 0.00 0.00 0.00 0.00 6.35 4.74 0.00 3.65 2.77 3.07 2.70 2.70 3.58 3.29 3.94 3.07 3.36 3.87 3.29 5.18 5.18 4.53 4.60 5.40 5.62 6.86 7.30 5.55 5.26 3.29 2.99 2.63 2.70 2.63 3.21 2.92 2.77 3.29 3.07 3.29 3.94 6.50 6.28 6.06 6.20 6.20 5.40 5.91 7.88 6.72 6.79 6.94 6.57 6.42 9.42 8.32 6.57 6.64 4.82 5.32 6.96 7.59 7.30 7.35 7.74 7.60 8.05 7.41 5.56
6.42 7.37 5.04 4.67 4.60 2.41 4.09 1.24 0.00 0.00 0.00 0.00 0.00 0.00 0.00 0.00 0.00 0.00 3.94 0.73 3.14 4.16 3.43 3.58 2.85 3.36 3.36 3.29 3.50 3.36 3.21 3.29 3.36 3.65 3.43 3.43 4.38 5.04 4.45 5.40 7.15 7.45 6.64 4.45 5.33 3.58 5.11 4.53 3.94 3.36 4.23 4.23 6.94 6.42 6.72 6.64 6.72 6.79 8.03 8.40 8.40 10.88 6.50 6.20 8.18 15.33 13.80 11.39 10.44 10.66 9.78 10.37 6.79 6.43 8.25 8.10 5.62 5.90 7.41 6.39 6.74 6.59 5.50 6.59
8.76 8.18 9.13 7.96 6.35 5.91 3.65 4.53 0.00 0.00 0.00 0.00 0.00 0.00 1.83 0.00 2.26 3.07 0.29 4.82 7.08 7.37 7.52 7.15 6.72 6.79 5.55 4.16 4.31 4.53 3.14 3.43 3.21 2.99 3.36 3.36 4.89 4.67 5.40 5.33 6.86 5.99 5.04 6.86 6.79 6.86 5.91 5.99 6.64 4.09 7.15 7.23 8.03 7.96 8.32 10.29 8.69 8.83 8.18 10.88 10.88 13.87 14.97 16.64 16.50 17.16 16.28 14.53 15.62 15.26 11.02 11.83 8.87 9.16 7.88 8.63 7.30 8.76 7.63 6.46 6.96 6.54 6.43 6.56
8.98 9.05 9.27 8.61 7.59 7.88 6.94 8.32 7.01 7.01 0.00 0.00 1.10 0.00 1.31 2.63 1.75 3.21 4.82 4.31 5.84 7.88 8.54 8.54 8.40 9.56 7.52 5.69 5.91 4.38 3.94 5.18 5.18 5.04 5.40 5.40 5.33 4.67 5.40 5.40 5.48 5.55 6.57 5.99 8.32 7.88 7.01 7.45 7.96 8.32 8.61 8.32 8.91 11.10 11.02 11.32 9.42 10.29 10.37 10.22 10.22 12.34 15.84 17.59 17.23 15.33 14.24 14.24 14.67 13.72 8.54 7.98 8.19 9.25 8.63 7.30 8.89 7.35 8.34 7.35 7.45 8.44 9.01 7.45
8.98 9.05 9.27 8.61 7.59 7.88 6.94 8.32 7.01 7.01 0.00 0.00 1.10 0.00 1.31 2.63 1.75 3.21 4.82 4.31 5.84 7.88 8.54 8.54 8.40 9.56 7.52 5.69 5.91 4.38 3.94 5.18 5.18 5.04 5.40 5.40 5.33 4.67 5.40 5.40 5.48 5.55 6.57 5.99 8.32 7.88 7.01 7.45 7.96 8.32 8.61 8.32 8.91 11.10 11.02 11.32 9.42 10.29 10.37 10.22 10.22 12.34 15.84 17.59 17.23 15.33 14.24 14.24 14.67 13.72 8.54 9.79 7.68 10.05 7.75 9.03 9.02 8.12 8.51 6.63 7.20 7.25 9.80 8.45
4.82 5.04 6.64 6.50 6.28 7.30 7.23 7.15 7.96 7.96 7.30 7.45 6.06 7.30 4.53 4.45 5.91 5.26 4.16 5.91 6.86 7.15 7.08 8.25 7.66 8.91 8.40 5.69 5.40 4.53 4.67 4.82 5.26 5.55 5.91 5.91 5.62 5.40 5.48 5.62 5.40 5.33 6.35 7.52 7.30 8.03 7.96 8.32 8.98 9.64 9.78 10.80 10.29 10.88 10.59 10.88 11.39 10.15 9.93 10.51 10.51 12.34 15.26 11.97 12.85 12.12 12.26 11.83 9.27 9.64 8.47 6.77 6.32 6.70 7.40 10.01 9.46 8.23 7.90 8.27 7.89 9.60 9.84 8.89
3.87 3.72 3.58 4.09 4.82 5.11 6.06 5.99 5.84 5.84 6.64 7.52 7.52 7.66 6.35 6.28 6.35 5.84 6.13 6.50 6.28 6.64 6.72 6.64 6.79 5.40 5.91 6.06 6.50 4.74 4.60 4.82 5.26 4.96 5.77 5.77 5.84 6.13 5.91 5.69 5.84 5.69 7.23 7.01 7.01 8.10 7.74 7.96 8.83 8.98 8.47 9.34 9.42 9.93 10.44 11.10 10.80 10.80 10.88 10.73 10.73 10.07 11.53 10.66 11.75 11.83 10.29 9.49 7.59 8.51 7.01 4.94 4.87 5.59 6.64 7.16 7.07 7.88 8.78 9.10 9.02 9.42 8.41 9.15
3.29 2.92 3.50 3.36 4.53 4.60 3.43 3.50 4.23 4.23 4.74 6.13 7.23 6.94 6.86 6.06 5.55 5.62 5.48 7.01 9.42 8.47 8.83 6.06 4.89 4.89 4.96 5.48 4.16 4.09 5.48 5.26 5.33 6.13 5.99 5.99 6.50 5.91 6.86 5.91 7.66 7.37 7.30 7.37 5.91 6.57 6.28 8.61 8.25 7.96 8.18 9.27 9.27 8.69 9.71 9.71 11.02 10.22 10.29 11.32 11.32 11.02 10.88 9.93 10.51 10.00 10.59 9.20 5.48 5.62 5.33 5.18 5.18 7.23 7.52 6.06 7.34 9.19 10.09 8.72 9.47 8.43 7.57 7.67
0.80 0.95 2.77 3.50 3.14 4.31 3.36 3.72 3.65 3.65 4.31 5.62 5.48 6.06 5.91 5.48 5.91 6.28 8.69 10.80 10.59 10.59 7.88 5.91 5.77 4.38 4.23 3.94 4.09 5.69 5.62 5.77 6.79 8.91 7.81 7.81 9.05 7.01 6.72 8.54 8.47 8.25 7.52 6.79 5.55 6.57 6.72 8.18 5.69 6.13 6.64 7.37 6.35 7.15 8.69 8.47 10.51 10.44 9.93 10.66 10.66 9.86 9.34 8.32 7.59 7.81 4.09 5.69 5.55 6.50 6.86 7.96 7.52 7.59 7.89 9.57 9.67 9.67 11.57 8.74 9.45 6.62 7.59 5.59
0.29 0.88 0.51 1.31 1.46 2.26 3.14 4.38 4.38 4.38 4.31 5.33 5.84 5.77 5.48 4.74 5.69 5.04 8.98 11.46 12.63 10.22 11.02 6.50 4.74 4.60 4.60 6.28 5.26 6.57 6.72 8.69 9.64 11.02 10.66 10.66 10.00 8.25 9.42 8.61 10.73 7.96 6.50 7.08 5.99 7.66 6.20 6.13 5.99 5.62 5.77 5.77 5.77 7.30 8.76 7.74 9.27 9.56 9.56 9.05 9.05 9.71 8.58 7.23 0.00 0.00 0.00 4.89 4.60 6.28 6.06 7.15 7.59 7.23 9.73 9.58 11.60 9.98 9.59 9.15 7.53 6.43 7.00 7.02
0.29 0.88 0.51 1.31 1.46 2.26 3.14 4.38 4.38 4.38 4.31 5.33 5.84 5.77 5.48 4.74 5.69 5.04 8.98 11.46 12.63 10.22 11.02 6.50 4.74 4.60 4.60 6.28 5.26 6.57 6.72 8.69 9.64 11.02 10.66 10.66 10.00 8.25 9.42 8.61 10.73 7.96 6.50 7.08 5.99 7.66 6.20 6.13 5.99 5.62 5.77 5.77 5.77 7.30 8.76 7.74 9.27 9.56 9.56 9.05 9.05 9.71 8.58 7.23 0.00 0.00 0.00 4.89 4.60 6.28 6.06 7.15 7.59 7.23 9.34 9.63 9.01 8.78 8.03 10.65 9.21 6.57 5.49 6.48
0.00 0.00 0.37 0.95 0.73 1.68 2.04 1.83 2.63 2.63 2.99 3.36 3.36 4.09 4.89 5.18 5.04 8.91 12.92 12.26 12.41 10.22 7.30 7.37 7.45 7.37 7.96 7.59 10.15 10.22 8.76 9.42 10.66 10.15 10.88 10.88 10.73 10.51 9.20 13.65 11.75 8.47 9.56 8.40 7.08 7.59 6.13 5.99 6.13 5.55 5.04 5.40 5.40 6.86 7.23 8.10 8.40 8.32 7.81 8.91 8.91 8.91 0.00 0.00 0.00 0.00 0.00 4.38 4.02 5.18 4.74 5.77 6.64 8.18 11.53 10.42 11.45 13.74 13.47 9.96 9.73 8.47 7.06 7.41
0.00 0.00 0.00 0.29 1.61 1.39 1.75 2.19 2.12 2.12 2.12 2.56 3.21 3.14 4.53 5.91 7.88 7.08 11.46 12.63 12.05 9.05 9.49 7.96 8.03 8.18 11.02 13.58 13.07 11.32 12.78 10.29 10.59 9.64 9.49 9.49 9.56 11.61 12.85 12.70 11.46 11.17 10.44 8.03 7.23 5.77 5.91 4.89 5.11 4.16 3.65 3.29 5.55 4.53 5.55 7.59 7.45 4.53 5.99 0.00 0.00 0.00 0.00 0.00 4.23 4.02 5.26 5.26 4.82 7.37 6.50 7.45 7.15 8.32 14.45 13.74 14.68 12.65 14.70 13.97 12.90 10.03 9.66 10.23
0.00 0.00 0.00 0.00 0.00 0.00 0.73 0.73 1.02 1.02 2.63 2.19 3.58 6.20 9.71 8.69 12.05 12.85 13.65 12.85 12.78 11.53 10.80 12.85 12.56 10.95 10.22 12.05 15.55 13.14 12.34 9.78 8.76 7.30 10.44 10.44 10.80 10.80 10.51 10.29 10.07 9.34 10.07 8.25 5.40 4.67 4.45 3.29 3.07 2.63 0.00 3.21 2.56 3.14 3.65 0.00 0.00 0.00 0.00 0.00 0.00 0.00 0.00 5.77 6.94 6.79 6.35 7.59 7.88 7.96 8.03 12.85 15.86 16.30 15.64 19.21 16.73 10.95 11.99 13.93 10.19 7.94 8.03 8.28
0.00 0.00 0.00 0.00 0.00 0.00 0.00 1.31 1.39 1.39 2.19 5.84 8.10 8.10 9.49 12.26 13.43 13.29 13.58 13.36 11.68 13.21 13.51 12.85 14.09 14.53 12.99 14.67 14.02 12.41 13.14 9.64 7.23 8.40 8.76 8.76 9.56 9.42 9.05 8.25 7.88 7.37 6.50 4.23 5.26 3.36 4.09 3.50 2.48 0.00 0.00 0.00 0.00 0.00 0.00 0.00 0.00 0.00 0.00 0.00 0.00 0.00 0.00 4.53 6.64 7.15 8.10 6.50 7.81 11.10 13.80 12.99 17.84 17.73 17.45 20.92 18.33 14.11 11.68 9.20 8.55 8.16 11.12 11.15
0.00 0.00 0.00 0.00 0.00 0.00 0.00 1.24 2.19 2.19 1.97 4.67 7.66 9.20 8.76 10.37 10.59 7.96 8.69 7.74 9.34 11.10 12.78 12.34 14.31 13.36 13.72 12.48 12.85 13.07 10.88 9.49 8.76 8.76 8.54 8.54 8.91 8.83 8.25 8.25 8.10 7.81 5.84 5.11 3.58 3.50 2.70 0.00 1.53 1.97 0.00 0.00 0.00 0.00 0.00 0.00 0.00 0.00 0.00 0.00 0.00 0.00 0.00 0.00 4.74 3.72 7.37 8.25 11.32 11.90 14.08 14.13 19.32 17.67 16.35 13.77 11.79 13.51 11.73 8.95 10.43 8.21 10.20 7.88
0.00 0.00 0.00 0.00 0.00 0.00 0.00 1.24 2.19 2.19 1.97 4.67 7.66 9.20 8.76 10.37 10.59 7.96 8.69 7.74 9.34 11.10 12.78 12.34 14.31 13.36 13.72 12.48 12.85 13.07 10.88 9.49 8.76 8.76 8.54 8.54 8.91 8.83 8.25 8.25 8.10 7.81 5.84 5.11 3.58 3.50 2.70 0.00 1.53 1.97 0.00 0.00 0.00 0.00 0.00 0.00 0.00 0.00 0.00 0.00 0.00 0.00 0.00 0.00 4.74 3.72 7.37 8.25 11.32 11.90 14.15 13.98 17.47 19.69 17.45 16.06 13.69 13.07 12.25 8.70 11.03 9.73 9.31 6.69
0.00 0.00 0.00 0.00 0.00 0.00 0.00 0.00 1.24 1.24 2.85 4.67 4.45 4.16 4.96 4.82 4.89 5.40 5.69 6.28 4.89 6.35 7.23 9.05 11.61 8.83 10.44 11.46 9.34 9.34 7.23 8.10 7.66 8.47 7.37 7.37 7.15 5.11 6.94 7.23 7.01 7.74 6.13 3.65 3.43 2.04 2.48 2.04 1.97 0.00 0.00 0.00 0.00 0.00 0.00 0.00 0.00 0.00 0.00 0.00 0.00 0.00 0.00 0.00 0.00 7.88 10.66 13.58 13.13 13.72 18.95 17.70 18.97 22.39 19.09 17.12 13.84 12.92 13.26 9.26 9.98 10.35 9.49 5.72
0.00 0.00 0.00 0.00 0.00 0.00 0.00 1.46 0.00 0.00 2.26 3.80 3.58 4.96 4.96 4.31 4.09 2.92 3.50 2.77 2.85 3.58 5.26 3.72 5.91 7.30 5.18 7.30 5.77 5.18 4.38 6.06 6.72 4.38 4.23 4.23 2.04 2.85 3.36 4.31 1.75 1.68 2.77 2.48 2.85 2.63 2.70 2.04 0.00 0.00 0.00 0.00 0.00 0.00 0.00 0.00 0.00 0.00 0.00 0.00 0.00 0.00 0.00 0.00 3.29 7.96 12.63 16.86 15.70 18.25 18.91 17.46 16.88 18.17 18.82 16.12 14.98 13.64 16.37 16.65 11.61 8.01 3.09 0.00
0.15 0.44 0.37 0.73 0.00 0.00 0.00 0.00 0.00 0.00 0.00 0.00 0.00 3.36 0.00 0.00 1.46 0.00 2.77 2.56 2.41 0.00 1.68 1.10 3.50 2.77 3.65 4.45 4.23 5.04 3.36 1.83 2.77 5.33 1.75 1.75 1.24 1.68 0.00 2.19 0.00 1.31 1.24 0.00 0.00 2.85 0.00 0.00 0.00 0.00 0.00 0.00 1.97 0.00 0.00 0.00 0.00 0.00 0.00 0.00 0.00 0.00 0.00 0.00 1.90 5.84 12.41 15.70 19.13 18.25 18.54 16.59 18.32 15.98 13.67 15.90 14.15 19.50 16.76 16.20 7.52 8.81 2.77 0.00
2.12 1.75 1.31 0.00 0.00 0.00 0.00 0.00 0.00 0.00 2.34 0.00 0.00 0.00 0.00 0.00 1.53 1.61 1.39 1.39 1.83 1.39 0.00 2.70 2.99 3.21 4.02 4.16 3.43 3.21 1.90 1.75 0.80 0.29 1.61 1.61 1.10 1.97 0.88 1.24 1.24 0.00 0.00 0.00 0.00 0.00 0.00 0.00 0.00 0.00 0.00 0.00 2.92 2.41 0.00 0.00 0.00 0.00 0.00 0.00 0.00 0.00 0.29 3.29 8.47 6.86 11.46 13.65 18.76 17.96 16.50 14.16 18.36 16.50 16.28 15.59 19.17 19.24 17.30 13.49 7.38 3.91 4.64 0.00
1.02 1.53 0.44 0.00 0.00 0.00 0.00 0.00 0.00 0.00 0.00 0.00 0.00 0.00 0.00 0.22 0.88 0.80 1.24 1.10 1.31 2.19 2.48 2.26 3.07 3.72 3.50 2.77 2.41 2.77 2.92 1.46 2.19 1.24 1.97 1.97 0.66 1.68 1.39 0.51 0.29 1.17 0.88 0.00 0.00 0.00 0.00 0.00 0.00 0.00 0.00 0.00 0.00 0.00 0.00 0.00 0.00 0.00 0.00 0.00 0.00 0.00 0.15 3.80 3.36 8.47 12.78 11.10 16.13 15.04 17.16 14.38 14.11 13.29 13.33 14.95 18.12 13.81 14.69 14.68 8.81 5.09 0.73 1.40
0.66 0.00 0.00 0.00 0.00 0.00 0.00 0.00 0.00 0.00 0.00 0.00 0.00 0.00 0.00 0.00 0.66 0.58 1.39 1.46 2.41 2.48 1.97 1.10 2.34 2.26 2.41 2.63 3.14 2.63 1.83 2.56 1.10 1.75 2.04 2.04 1.46 1.10 1.31 1.46 1.39 0.00 1.17 0.00 0.00 0.00 0.00 0.00 0.00 0.00 0.00 0.00 0.00 0.00 0.00 0.00 0.00 0.00 0.00 0.00 0.00 0.00 0.00 0.00 0.22 4.02 7.45 8.61 13.29 12.05 14.67 12.33 14.45 9.83 10.25 11.09 15.82 9.24 11.65 7.65 6.81 4.89 0.82 0.00
0.66 0.00 0.00 0.00 0.00 0.00 0.00 0.00 0.00 0.00 0.00 0.00 0.00 0.00 0.00 0.00 0.66 0.58 1.39 1.46 2.41 2.48 1.97 1.10 2.34 2.26 2.41 2.63 3.14 2.63 1.83 2.56 1.10 1.75 2.04 2.04 1.46 1.10 1.31 1.46 1.39 0.00 1.17 0.00 0.00 0.00 0.00 0.00 0.00 0.00 0.00 0.00 0.00 0.00 0.00 0.00 0.00 0.00 0.00 0.00 0.00 0.00 0.00 0.00 0.22 4.02 7.45 8.61 13.29 12.05 14.67 12.26 14.23 9.68 10.25 11.58 14.10 8.88 11.37 8.04 6.67 5.15 0.82 0.00
0.00 0.00 0.00 0.00 0.00 0.00 0.00 0.00 0.00 0.00 0.00 0.00 0.00 0.00 0.00 0.00 0.00 1.17 1.46 0.73 1.39 0.73 1.39 1.17 2.48 2.70 1.97 2.34 2.48 2.63 2.77 2.85 2.92 2.56 2.48 2.48 1.68 2.41 2.41 1.53 1.46 1.83 2.48 1.02 1.02 1.83 1.53 1.39 0.00 0.00 0.00 0.00 0.00 0.00 0.00 0.00 0.00 0.00 0.00 0.00 0.00 0.00 0.00 0.00 0.00 1.31 1.46 6.13 8.76 6.13 10.22 9.05 10.15 5.16 6.53 3.50 5.08 6.75 1.01 3.95 1.85 1.65 1.48 0.00
