Wansh/Snow_depth/snowdepth-1998/winter/1998365.txt
ncols 321
nrows 161
xllcenter 60
yllcenter 15 
cellsize  0.25 
NODATA_value -1
[rows 0 to 36 of 161, columns 0 to 83 of 321]
6.64 6.64 5.62 10.15 12.92 12.19 11.24 9.13 8.18 9.20 9.56 9.42 9.20 9.20 9.20 7.37 7.37 6.06 5.11 4.16 4.60 7.74 7.74 7.74 7.74 8.83 8.83 8.40 8.54 7.52 7.23 6.42 4.02 4.67 3.72 0.66 2.63 2.70 2.12 5.69 6.64 5.26 8.03 11.10 11.32 9.93 9.42 9.71 11.10 10.44 10.15 10.15 9.71 0.00 7.88 0.00 0.00 0.00 0.00 0.00 0.00 0.00 0.00 0.00 0.00 0.00 0.00 0.00 0.00 0.00 0.00 0.00 0.00 0.00 0.00 0.00 0.00 0.00 0.00 0.00 0.00 0.00 0.00 0.00
9.86 9.86 9.78 12.12 12.92 12.56 12.63 10.29 9.34 8.54 9.05 9.05 8.40 8.47 6.79 6.06 6.20 5.55 5.33 1.61 0.95 1.46 1.10 6.28 6.57 7.23 7.23 6.86 7.08 7.01 6.94 6.50 0.95 0.00 0.00 0.00 0.66 3.07 2.04 6.79 10.44 11.46 11.97 10.73 9.05 9.27 9.34 8.03 8.10 9.05 8.91 8.91 7.81 6.13 6.72 0.00 0.00 0.00 0.00 0.00 0.00 0.00 0.00 0.00 0.00 0.00 0.00 0.00 0.00 0.00 0.00 0.00 0.00 0.00 0.00 0.00 0.00 0.00 0.00 0.00 0.00 0.00 0.00 0.00
8.10 8.10 7.59 10.15 9.34 11.32 8.03 7.23 7.30 5.26 7.08 7.23 6.35 6.13 5.84 2.77 1.53 0.15 0.88 1.90 0.00 0.00 5.91 4.02 6.06 5.26 5.26 7.01 4.09 3.58 2.26 2.56 1.68 1.46 0.44 2.19 1.61 3.14 6.35 5.33 8.76 12.63 9.86 9.64 8.83 7.45 7.66 7.52 7.08 7.59 5.62 5.62 2.34 1.83 0.00 0.00 0.00 0.00 0.00 0.00 0.00 0.00 0.00 0.00 0.00 0.00 0.00 0.00 0.00 0.00 0.00 0.00 0.00 0.00 0.00 0.00 0.00 4.74 4.31 4.96 5.18 5.18 4.82 0.00
8.10 8.10 7.59 10.15 9.34 11.32 8.03 7.23 7.30 5.26 7.08 7.23 6.35 6.13 5.84 2.77 1.53 0.15 0.88 1.90 0.00 0.00 5.91 4.02 6.06 5.26 5.26 7.01 4.09 3.58 2.26 2.56 1.68 1.46 0.44 2.19 1.61 3.14 6.35 5.33 8.76 12.63 9.86 9.64 8.83 7.45 7.66 7.52 7.08 7.59 5.62 5.62 2.34 1.83 0.00 0.00 0.00 0.00 0.00 0.00 0.00 0.00 0.00 0.00 0.00 0.00 0.00 0.00 0.00 0.00 0.00 0.00 0.00 0.00 0.00 0.00 0.00 4.74 4.31 4.96 5.18 5.18 4.82 0.00
6.57 6.57 5.84 4.45 3.65 5.91 3.65 3.43 4.23 5.69 4.74 3.94 3.36 3.43 3.50 2.56 1.10 1.75 0.80 0.00 0.00 0.00 1.68 0.00 0.07 0.00 0.00 1.10 0.29 2.99 1.75 3.14 3.58 3.65 2.77 6.13 5.84 5.18 6.13 7.01 7.52 7.30 8.10 7.96 7.23 8.54 6.64 7.23 6.79 2.77 3.36 3.36 0.00 0.00 0.00 0.00 0.00 0.00 0.00 0.00 0.00 0.00 0.00 0.00 0.00 0.00 0.00 0.00 0.00 0.00 0.00 0.00 0.00 0.00 0.00 2.19 2.19 0.00 3.50 3.36 4.23 4.45 0.00 3.07
7.45 7.45 7.59 5.62 3.94 2.92 3.07 3.43 5.55 2.77 5.33 4.02 2.92 3.21 3.72 3.14 3.43 3.29 1.83 0.80 0.00 0.00 0.00 0.00 0.00 0.00 0.00 0.00 0.37 2.12 1.90 6.13 9.49 8.91 9.13 7.88 5.99 6.13 6.42 7.08 6.79 6.86 6.64 6.13 4.82 4.45 4.89 4.38 4.09 3.14 0.00 0.00 0.00 0.00 0.00 0.00 0.00 0.00 0.00 0.00 0.00 0.00 0.00 0.00 0.00 0.00 0.00 0.00 0.00 0.00 0.00 0.00 0.00 0.00 0.00 0.00 0.00 0.00 0.00 0.00 3.87 0.00 0.00 0.00
7.74 7.74 8.03 8.25 5.11 3.58 4.60 6.35 2.99 2.48 4.09 5.26 5.04 5.99 4.60 5.18 3.43 1.75 2.56 1.46 0.00 0.00 0.00 0.00 0.00 0.00 0.00 0.22 3.58 7.30 10.37 9.93 10.29 10.80 10.44 8.61 9.05 0.00 0.00 6.20 6.57 5.04 3.94 3.50 3.14 2.48 2.92 2.99 0.00 0.00 0.00 0.00 0.00 0.00 0.00 0.00 0.00 0.00 0.00 0.00 0.00 0.00 0.00 0.00 0.00 0.00 0.00 0.00 0.00 0.00 0.00 0.00 0.00 0.00 0.00 0.00 0.00 0.00 0.00 0.00 0.00 4.16 3.87 0.00
7.74 7.74 8.03 8.25 5.11 3.58 4.60 6.35 2.99 2.48 4.09 5.26 5.04 5.99 4.60 5.18 3.43 1.75 2.56 1.46 0.00 0.00 0.00 0.00 0.00 0.00 0.00 0.22 3.58 7.30 10.37 9.93 10.29 10.80 10.44 8.61 9.05 0.00 0.00 6.20 6.57 5.04 3.94 3.50 3.14 2.48 2.92 2.99 0.00 0.00 0.00 0.00 0.00 0.00 0.00 0.00 0.00 0.00 0.00 0.00 0.00 0.00 0.00 0.00 0.00 0.00 0.00 0.00 0.00 0.00 0.00 0.00 0.00 0.00 0.00 0.00 0.00 0.00 0.00 0.00 0.00 4.16 3.87 0.00
5.04 5.04 7.23 7.15 6.50 5.40 5.40 5.33 4.82 2.34 5.04 4.74 6.13 5.99 4.96 5.33 2.99 0.00 0.00 0.00 0.00 0.00 0.00 0.00 0.00 0.88 0.88 6.28 4.89 8.32 10.44 10.66 12.12 11.53 10.66 7.96 0.00 6.20 0.00 3.72 0.80 1.75 1.61 0.95 1.02 0.95 0.00 0.00 0.00 0.00 0.00 0.00 0.00 0.00 0.00 0.00 0.00 0.00 0.00 0.00 0.00 0.00 0.00 0.00 0.00 0.00 0.00 0.00 0.00 0.00 0.00 0.00 0.00 0.00 0.00 0.00 0.00 0.00 0.00 0.00 0.00 0.00 0.00 0.00
4.67 4.67 7.23 5.04 4.89 4.02 6.35 4.45 5.26 2.48 3.07 5.11 7.88 7.96 7.59 8.03 4.96 0.58 0.00 0.00 0.00 0.22 0.66 0.00 1.46 4.89 4.89 7.23 7.74 11.24 10.66 11.24 10.44 7.52 7.59 6.94 7.37 6.72 7.23 2.92 0.00 0.00 0.00 0.00 0.00 0.00 0.00 0.00 0.00 0.00 0.00 0.00 0.00 0.00 0.00 0.00 0.00 0.00 0.00 0.00 0.00 0.00 0.00 0.00 0.00 0.00 0.00 0.00 0.00 0.00 0.00 0.00 0.00 0.00 0.00 0.00 0.00 0.00 0.00 0.00 0.00 0.00 0.00 0.00
5.55 5.55 4.60 3.21 3.94 2.70 3.43 3.43 2.70 3.36 2.12 4.96 7.01 7.66 7.88 5.18 1.75 1.61 0.80 4.89 4.96 4.31 4.16 4.38 2.26 5.33 5.33 5.18 8.83 8.98 9.13 10.00 6.20 6.57 5.62 5.84 5.18 5.11 3.58 4.53 0.00 0.00 0.00 0.00 0.00 0.29 0.00 0.00 0.00 0.00 0.00 0.00 0.00 0.00 0.00 0.00 0.00 0.00 0.00 0.00 0.00 0.00 0.00 0.00 0.00 0.00 0.00 0.00 0.00 0.00 0.00 0.00 0.00 0.00 0.00 0.00 0.00 0.00 0.00 0.00 0.00 0.00 0.00 0.00
5.55 5.55 4.60 3.21 3.94 2.70 3.43 3.43 2.70 3.36 2.12 4.96 7.01 7.66 7.88 5.18 1.75 1.61 0.80 4.89 4.96 4.31 4.16 4.38 2.26 5.33 5.33 5.18 8.83 8.98 9.13 10.00 6.20 6.57 5.62 5.84 5.18 5.11 3.58 4.53 0.00 0.00 0.00 0.00 0.00 0.29 0.00 0.00 0.00 0.00 0.00 0.00 0.00 0.00 0.00 0.00 0.00 0.00 0.00 0.00 0.00 0.00 0.00 0.00 0.00 0.00 0.00 0.00 0.00 0.00 0.00 0.00 0.00 0.00 0.00 0.00 0.00 0.00 0.00 0.00 0.00 0.00 0.00 0.00
4.45 4.45 2.85 0.80 1.31 1.46 1.46 2.56 0.80 2.04 0.00 1.24 3.43 2.77 6.13 6.64 3.14 4.67 6.06 5.62 6.86 5.91 0.73 0.00 0.88 0.07 0.07 2.19 4.74 2.77 4.31 2.19 3.43 2.85 0.00 2.26 3.07 2.77 0.00 0.00 0.00 0.00 0.00 0.00 0.00 0.37 0.00 0.00 0.00 0.00 0.00 0.00 0.00 0.00 0.00 0.00 0.00 0.00 0.00 0.00 0.15 0.00 0.00 0.00 0.00 0.00 0.00 0.00 0.00 0.00 0.00 0.00 0.00 0.00 0.00 0.00 0.00 0.00 0.00 0.00 0.00 0.00 0.00 0.00
6.64 6.64 1.97 5.11 1.24 0.15 0.00 0.00 0.37 0.00 0.00 0.00 0.00 0.00 0.00 0.00 0.80 3.21 3.36 4.45 7.30 6.64 0.00 0.00 0.00 0.00 0.00 0.15 0.80 0.95 0.95 0.00 0.00 0.00 0.00 0.00 0.00 0.00 0.00 0.00 0.00 0.00 0.00 0.00 0.00 0.00 0.00 0.00 0.00 0.00 0.00 0.00 0.00 0.00 0.00 0.00 0.00 0.00 0.00 0.00 0.00 0.00 0.00 0.00 0.00 0.00 0.00 0.00 0.00 0.00 0.00 0.00 0.00 0.00 0.00 0.00 0.00 0.00 0.00 0.00 0.00 0.00 0.00 0.00
7.96 7.96 2.41 4.23 0.29 0.80 0.00 0.00 0.29 0.00 0.00 0.00 0.00 0.00 0.00 0.00 0.00 0.00 2.34 5.69 5.55 3.65 0.07 0.00 0.00 0.00 0.00 0.00 0.37 0.00 0.00 0.00 0.58 1.68 0.00 0.00 0.00 0.00 0.00 0.00 0.00 0.00 0.00 0.00 0.00 0.00 0.00 0.00 0.00 0.00 0.00 0.00 0.00 0.00 0.00 0.00 0.00 0.00 0.00 0.00 0.00 0.00 0.00 0.00 0.00 0.00 0.00 2.99 4.16 4.09 4.82 0.00 0.00 0.00 0.00 0.00 0.00 0.00 0.00 0.00 0.00 0.00 0.00 0.00
6.94 6.94 9.05 2.85 3.87 4.38 2.63 5.33 0.58 0.00 0.00 0.00 0.00 0.00 0.00 0.00 0.95 0.95 0.88 0.66 0.44 0.37 0.00 0.00 0.00 0.00 0.00 0.66 1.02 1.02 3.36 2.85 2.77 0.80 0.51 0.00 0.00 0.00 0.88 0.00 0.00 0.00 0.00 0.00 0.00 0.00 0.00 0.00 0.00 0.00 0.00 0.00 0.00 0.00 0.00 0.00 0.00 0.00 0.00 0.00 0.00 0.00 0.00 0.00 0.00 0.00 3.29 2.99 4.96 5.55 5.18 5.62 0.00 0.00 0.00 0.00 0.00 0.00 0.00 0.00 0.00 0.00 3.50 0.00
6.94 6.94 9.05 2.85 3.87 4.38 2.63 5.33 0.58 0.00 0.00 0.00 0.00 0.00 0.00 0.00 0.95 0.95 0.88 0.66 0.44 0.37 0.00 0.00 0.00 0.00 0.00 0.66 1.02 1.02 3.36 2.85 2.77 0.80 0.51 0.00 0.00 0.00 0.88 0.00 0.00 0.00 0.00 0.00 0.00 0.00 0.00 0.00 0.00 0.00 0.00 0.00 0.00 0.00 0.00 0.00 0.00 0.00 0.00 0.00 0.00 0.00 0.00 0.00 0.00 0.00 3.29 2.99 4.96 5.55 5.18 5.62 0.00 0.00 0.00 0.00 0.00 0.00 0.00 0.00 0.00 0.00 3.50 0.00
7.30 7.30 2.41 3.87 5.84 4.67 3.58 3.72 3.94 0.51 3.43 3.14 2.34 0.66 0.95 1.31 0.80 0.00 1.97 0.00 0.22 0.00 0.00 0.00 0.00 1.17 1.17 0.66 2.41 3.14 3.87 2.19 2.04 0.80 1.24 0.00 0.00 1.31 1.90 0.00 0.00 0.00 0.00 0.00 0.00 0.00 0.00 0.00 0.00 0.00 0.00 0.00 0.00 0.00 0.00 0.00 0.00 0.00 0.00 0.00 0.00 0.00 0.00 0.00 4.02 0.00 4.09 4.60 5.62 5.77 5.40 5.77 0.00 0.00 0.00 0.00 0.00 0.00 0.00 0.00 0.00 0.00 0.00 3.87
6.06 6.06 5.84 5.84 5.84 5.40 4.45 4.02 3.65 4.02 3.94 5.40 3.58 2.56 1.68 0.00 0.00 0.29 2.99 0.00 0.00 0.00 0.00 0.00 0.00 0.66 0.66 2.19 3.50 3.21 4.38 4.82 1.83 1.39 1.39 0.00 0.00 0.00 0.00 0.00 0.00 0.00 0.00 0.00 0.00 0.00 0.00 0.73 0.00 0.00 0.00 0.00 0.00 0.00 0.00 0.00 0.00 0.00 0.00 0.00 0.00 4.23 5.84 4.23 3.58 4.02 4.09 3.94 5.04 4.67 3.72 4.45 6.57 6.20 6.86 0.00 0.00 0.00 6.06 5.04 0.00 4.89 0.00 3.50
5.62 5.62 6.64 5.33 6.57 3.65 3.36 2.41 4.60 3.50 5.26 5.33 4.96 5.26 2.04 0.22 0.00 4.89 0.00 0.15 0.00 0.00 0.00 0.88 0.88 1.31 1.31 2.92 3.21 4.60 4.38 4.67 3.65 0.00 0.00 0.00 0.00 0.00 0.00 1.17 0.00 0.00 1.10 1.24 0.66 3.65 2.63 2.04 3.58 0.00 0.00 0.00 0.00 0.00 0.00 0.00 4.23 5.55 5.26 4.67 4.96 4.67 6.64 5.62 5.91 0.00 0.00 0.00 4.02 3.43 3.50 3.29 5.40 6.57 6.35 7.01 7.01 6.72 6.42 6.72 5.62 0.00 0.00 4.09
4.45 4.45 5.04 4.89 4.74 3.94 3.58 2.56 1.61 0.00 3.65 5.18 2.41 3.14 0.00 0.00 3.36 0.00 0.00 0.00 0.00 0.00 0.00 0.00 0.00 0.00 0.00 0.00 0.00 0.00 3.94 0.00 0.00 0.00 0.00 0.00 0.00 0.00 0.00 3.43 3.65 1.97 2.56 4.31 3.80 3.29 5.26 4.16 4.16 5.04 0.00 0.00 0.00 0.00 4.09 4.74 5.77 6.28 7.52 7.08 6.35 6.42 6.13 6.13 0.00 0.00 4.16 4.45 3.94 4.23 3.43 3.36 3.72 5.48 4.89 6.35 6.35 6.06 6.28 6.35 6.06 6.13 5.55 4.74
4.23 4.23 4.60 5.48 2.92 0.00 0.00 1.61 0.00 0.00 0.00 0.00 0.00 0.00 0.00 0.00 0.80 0.00 0.00 0.00 0.00 0.00 0.00 0.00 0.00 0.00 0.00 0.00 0.00 0.00 0.00 0.00 0.00 0.00 0.00 0.00 0.00 0.00 0.00 3.72 4.09 3.65 3.58 3.65 4.82 5.55 5.33 4.96 5.84 5.84 4.60 4.60 3.29 3.87 2.85 3.36 6.57 6.72 7.23 6.42 6.28 6.13 6.06 5.40 5.69 4.96 4.45 4.23 4.60 3.50 3.65 3.58 3.43 3.87 3.14 4.67 4.67 5.69 5.62 5.69 5.77 5.77 5.99 4.53
4.23 4.23 4.60 5.48 2.92 0.00 0.00 1.61 0.00 0.00 0.00 0.00 0.00 0.00 0.00 0.00 0.80 0.00 0.00 0.00 0.00 0.00 0.00 0.00 0.00 0.00 0.00 0.00 0.00 0.00 0.00 0.00 0.00 0.00 0.00 0.00 0.00 0.00 0.00 3.72 4.09 3.65 3.58 3.65 4.82 5.55 5.33 4.96 5.84 5.84 4.60 4.60 3.29 3.87 2.85 3.36 6.57 6.72 7.23 6.42 6.28 6.13 6.06 5.40 5.69 4.96 4.45 4.23 4.60 3.50 3.65 3.58 3.43 3.87 3.14 4.67 4.67 5.69 5.62 5.69 5.77 5.77 5.99 4.53
4.96 4.96 3.65 0.00 2.34 0.00 1.02 0.00 0.00 0.00 0.00 0.00 0.00 0.00 0.00 0.00 0.00 0.00 0.00 0.00 0.00 0.00 0.00 0.00 0.00 1.97 1.97 0.00 0.00 4.67 4.82 3.14 3.43 0.00 0.00 0.00 0.00 0.00 0.00 0.00 4.16 4.38 3.94 4.16 2.26 4.38 3.94 4.02 3.87 4.02 5.04 5.04 0.73 2.34 3.43 2.34 6.86 6.64 6.42 6.35 6.13 6.06 6.35 6.06 5.62 5.91 5.33 4.74 5.18 3.72 3.50 0.00 3.87 2.41 3.14 2.77 2.77 4.02 4.74 5.62 8.25 7.81 7.52 6.57
3.87 3.87 3.87 2.41 0.00 3.72 0.22 0.00 0.00 0.00 0.00 0.00 0.00 0.00 0.00 0.00 0.00 0.00 0.00 0.00 0.00 0.00 0.00 0.00 0.00 0.00 0.00 0.00 7.45 6.57 4.82 3.94 4.23 2.77 0.00 0.00 0.00 2.92 0.00 3.72 3.36 3.94 0.00 0.00 0.00 0.00 1.97 2.56 1.75 4.89 2.92 2.92 2.56 4.53 5.55 6.94 6.64 6.64 6.94 7.08 7.01 5.55 6.06 5.99 0.00 4.31 4.23 5.04 4.60 4.09 4.45 4.38 4.23 4.23 4.38 2.63 2.63 3.21 4.74 4.67 7.08 8.25 8.47 6.79
6.06 6.06 4.23 3.14 2.34 1.53 0.00 0.00 0.00 0.00 0.58 0.37 0.00 0.00 0.00 0.00 0.00 0.00 0.00 0.00 0.00 0.00 0.00 0.00 0.00 8.10 8.10 0.00 6.86 4.89 4.89 4.60 3.36 3.72 2.48 2.56 3.29 3.65 4.53 2.85 0.00 0.00 0.00 0.00 0.00 0.00 0.00 2.70 6.50 5.77 5.99 5.99 5.55 5.33 5.77 7.15 8.10 7.96 7.66 7.52 7.52 7.66 6.20 3.87 5.84 2.85 4.16 3.87 4.67 4.60 4.60 4.45 5.33 5.69 4.38 4.89 4.89 2.85 5.26 4.23 6.64 6.06 6.94 6.50
4.53 4.53 3.94 4.16 3.43 2.63 0.00 0.00 0.00 2.70 1.90 1.53 0.00 0.00 0.00 0.00 0.00 0.00 0.00 0.00 0.00 0.00 0.00 0.00 0.00 5.26 5.26 3.87 3.50 3.43 4.74 3.65 3.72 2.12 1.90 2.85 4.16 4.31 3.21 4.16 0.22 0.00 0.15 0.00 0.00 3.36 6.35 5.77 6.86 7.15 7.37 7.37 6.86 5.48 6.42 5.91 7.08 7.30 7.96 8.10 7.59 5.84 6.13 3.50 3.07 3.80 3.58 5.40 5.84 5.91 4.60 6.28 6.35 5.91 6.86 6.42 6.42 5.62 5.26 4.82 4.96 6.64 7.45 6.79
4.02 4.02 4.23 2.85 1.39 0.00 2.92 3.36 3.43 3.50 3.58 2.48 1.53 0.00 0.00 2.70 0.00 0.00 4.53 0.00 0.00 0.00 0.00 4.16 0.00 4.53 4.53 3.14 3.50 5.62 3.58 4.09 1.83 0.00 2.99 4.38 3.43 5.69 6.94 3.50 3.14 6.13 4.67 7.37 6.94 5.62 7.08 8.69 8.69 7.30 7.74 7.74 8.69 4.67 3.94 5.48 4.60 7.15 7.59 6.86 7.74 4.60 3.36 3.72 3.14 3.87 5.18 4.96 5.99 6.94 7.30 7.45 7.08 7.37 6.64 6.57 6.57 6.42 5.69 4.89 5.33 7.15 6.94 8.54
4.02 4.02 4.23 2.85 1.39 0.00 2.92 3.36 3.43 3.50 3.58 2.48 1.53 0.00 0.00 2.70 0.00 0.00 4.53 0.00 0.00 0.00 0.00 4.16 0.00 4.53 4.53 3.14 3.50 5.62 3.58 4.09 1.83 0.00 2.99 4.38 3.43 5.69 6.94 3.50 3.14 6.13 4.67 7.37 6.94 5.62 7.08 8.69 8.69 7.30 7.74 7.74 8.69 4.67 3.94 5.48 4.60 7.15 7.59 6.86 7.74 4.60 3.36 3.72 3.14 3.87 5.18 4.96 5.99 6.94 7.30 7.45 7.08 7.37 6.64 6.57 6.57 6.42 5.69 4.89 5.33 7.15 6.94 8.54
3.58 3.58 5.18 0.00 0.00 0.00 3.29 3.94 4.16 0.00 0.00 1.90 2.34 0.80 0.00 0.00 0.00 4.74 4.53 0.00 0.00 0.00 0.00 5.04 4.09 0.00 0.00 4.74 6.13 5.62 4.60 2.04 2.56 0.95 2.77 3.87 6.86 8.03 7.74 8.47 7.30 7.59 8.03 9.05 10.51 10.44 9.49 10.29 11.02 9.42 8.98 8.98 5.33 6.64 4.67 4.96 7.30 6.50 7.96 6.42 4.96 0.00 4.53 4.16 4.38 4.16 5.40 6.50 6.42 7.01 8.25 7.52 7.59 8.47 6.13 6.06 6.06 4.23 4.96 4.60 5.69 6.86 8.61 9.20
3.07 3.07 3.36 0.00 0.00 0.00 0.00 0.00 0.00 0.00 0.00 0.00 0.00 0.00 0.00 0.00 0.00 0.00 0.00 0.00 0.00 0.00 0.00 0.00 0.00 6.79 6.79 7.23 7.45 6.50 6.28 4.89 4.74 3.50 3.43 3.29 6.13 8.61 8.25 8.47 8.54 9.13 8.61 8.61 10.22 10.00 10.07 10.66 11.24 9.42 10.88 10.88 7.96 6.13 7.08 6.57 6.72 6.13 6.28 5.18 5.48 4.74 4.89 0.00 0.00 6.64 6.20 8.25 8.47 8.83 8.69 8.98 8.69 7.74 6.72 6.86 6.86 3.80 3.50 5.18 6.13 5.62 7.37 7.59
2.19 2.19 0.00 0.00 0.00 0.00 0.00 0.00 0.00 0.00 0.00 0.00 0.00 0.00 0.00 0.00 0.00 0.00 0.00 0.00 0.00 0.00 0.00 0.00 0.00 5.99 5.99 7.96 6.64 7.01 6.94 5.77 5.77 4.89 6.64 6.13 6.20 6.50 8.61 8.61 6.86 7.66 7.30 7.08 8.98 10.88 10.44 10.66 11.02 8.76 7.66 7.66 7.45 7.23 8.54 7.81 8.10 5.48 3.07 0.00 0.00 0.00 0.00 0.00 0.00 5.40 8.10 8.18 8.10 8.32 8.98 8.76 8.98 8.10 6.57 5.77 5.77 6.13 4.53 5.99 5.55 6.64 7.01 7.59
0.00 0.00 0.00 0.00 0.00 0.00 0.00 0.00 0.00 0.00 0.00 0.00 0.00 0.00 0.00 0.00 0.00 0.00 0.00 0.00 0.00 0.00 0.00 0.00 0.00 6.13 6.13 4.38 5.33 4.60 4.96 5.11 5.91 7.15 7.01 5.91 5.84 5.77 6.50 5.91 5.99 6.28 7.37 9.64 10.66 10.51 10.29 9.05 7.81 8.32 7.23 7.23 8.32 7.81 9.27 8.18 5.33 6.06 0.00 0.00 0.00 0.00 0.00 0.00 0.00 0.00 6.13 6.50 7.23 7.15 7.30 6.86 6.06 3.50 5.84 4.02 4.02 6.79 8.18 8.32 8.40 7.23 6.35 6.06
0.00 0.00 0.00 0.00 0.00 0.00 0.00 0.00 0.00 0.00 0.00 0.00 0.00 0.00 0.00 0.00 0.00 0.00 0.00 0.00 0.00 0.00 0.00 0.00 4.31 3.80 3.80 4.23 4.82 3.87 4.82 5.62 6.64 6.57 7.45 6.06 5.91 4.74 4.89 6.06 5.40 6.42 6.06 9.49 9.64 9.93 10.29 8.18 7.15 7.23 7.01 7.01 8.25 7.88 0.00 7.52 0.00 0.00 0.00 0.00 0.00 0.00 0.00 0.00 0.00 0.00 4.60 4.89 3.72 4.16 3.21 3.36 3.29 0.00 0.00 6.50 6.50 5.26 9.20 13.43 12.56 9.27 9.05 3.07
0.00 0.00 0.00 0.00 0.00 0.00 0.00 0.00 0.00 0.00 0.00 0.00 0.00 0.00 0.00 0.00 0.00 0.00 0.00 0.00 0.00 0.00 0.00 0.00 0.00 4.60 4.60 2.92 4.16 3.58 4.09 5.84 5.91 4.31 4.89 5.55 5.18 5.18 5.26 5.26 3.80 6.06 8.03 7.66 8.03 6.64 6.94 7.23 6.64 7.01 7.66 7.66 7.74 6.64 0.00 0.00 0.00 0.00 0.00 0.00 0.00 0.00 0.00 2.77 2.70 4.45 4.82 4.96 5.33 4.53 4.45 4.09 4.89 4.89 5.33 6.57 6.57 13.80 14.02 13.14 13.43 14.31 13.51 8.25
0.00 0.00 0.00 0.00 0.00 0.00 0.00 0.00 0.00 0.00 0.00 0.00 0.00 0.00 0.00 0.00 0.00 0.00 0.00 0.00 0.00 0.00 0.00 0.00 0.00 4.60 4.60 2.92 4.16 3.58 4.09 5.84 5.91 4.31 4.89 5.55 5.18 5.18 5.26 5.26 3.80 6.06 8.03 7.66 8.03 6.64 6.94 7.23 6.64 7.01 7.66 7.66 7.74 6.64 0.00 0.00 0.00 0.00 0.00 0.00 0.00 0.00 0.00 2.77 2.70 4.45 4.82 4.96 5.33 4.53 4.45 4.09 4.89 4.89 5.33 6.57 6.57 13.80 14.02 13.14 13.43 14.31 13.51 8.25
0.00 0.00 0.00 0.00 0.00 0.00 0.00 0.00 0.00 0.00 0.00 0.00 0.00 0.00 0.00 0.00 0.00 0.00 2.70 2.34 2.41 3.21 2.85 3.29 0.00 0.00 0.00 1.75 3.50 4.60 4.89 5.33 4.82 5.48 3.50 4.67 5.04 5.99 6.20 6.28 4.89 6.35 6.64 6.72 6.86 6.50 6.13 6.13 5.99 6.50 7.30 7.30 6.06 6.13 0.00 0.00 0.00 0.00 0.00 0.00 3.58 3.07 4.74 4.82 6.06 6.06 6.13 6.50 7.23 8.18 8.03 8.18 8.10 13.14 14.24 14.45 14.45 14.45 14.82 15.26 14.45 14.97 12.56 11.90
