Wansh/Snow_depth/snowdepth-1998/winter/1998339.txt
ncols 321
nrows 161
xllcenter 60
yllcenter 15 
cellsize  0.25 
NODATA_value -1
[rows 0 to 36 of 161, columns 84 to 167 of 321]
2.04 1.97 2.12 1.61 0.00 0.95 0.37 0.00 0.66 0.37 3.29 2.99 3.43 2.77 3.50 3.50 3.50 3.43 3.43 0.00 0.00 0.07 0.07 3.07 3.07 2.56 2.56 2.70 1.90 1.61 1.75 2.04 1.61 2.12 2.92 2.70 3.29 0.22 0.00 0.00 0.00 0.00 0.00 0.00 0.00 0.00 0.73 1.68 1.61 2.34 1.53 3.14 2.99 4.67 2.48 2.04 2.41 2.85 2.99 2.26 0.58 0.80 1.53 0.44 0.51 1.53 1.53 1.83 1.83 2.48 5.11 5.11 6.50 6.50 4.82 5.69 5.48 7.74 7.01 8.10 5.77 6.42 6.13 4.82
1.31 0.58 0.00 0.00 0.00 0.00 0.00 0.00 0.00 0.00 1.75 2.26 1.90 0.00 0.51 0.00 0.00 0.00 0.00 0.00 0.00 0.73 0.51 0.58 2.56 2.12 2.56 3.65 2.77 2.63 0.58 0.73 0.80 1.75 2.19 2.19 2.04 2.19 1.10 0.00 1.24 2.41 3.65 3.65 3.07 3.72 1.61 2.34 1.02 1.31 0.44 1.31 1.97 1.83 2.12 2.41 1.75 1.61 2.48 2.34 3.21 2.34 2.48 3.65 2.34 2.48 3.58 3.29 3.29 2.99 4.89 4.45 6.28 7.08 7.08 8.03 9.20 8.47 10.15 8.98 9.05 7.59 7.66 6.86
0.00 0.00 0.00 0.00 0.00 0.00 0.00 0.00 0.00 0.00 0.00 1.02 0.00 0.66 0.00 0.00 0.07 0.00 0.00 0.00 0.00 0.00 0.00 0.22 1.31 3.07 2.92 2.85 2.92 3.07 1.61 0.80 1.17 1.46 2.04 1.90 2.77 2.99 2.56 1.53 1.97 2.34 1.02 1.02 1.53 3.07 2.56 2.99 1.68 1.68 1.61 1.61 1.75 1.90 1.75 2.77 3.50 3.50 4.60 4.02 3.94 4.82 4.53 4.53 5.26 4.53 4.23 6.42 6.42 5.48 5.55 5.26 5.69 6.72 8.10 7.88 8.76 9.05 9.56 9.13 10.95 10.66 11.10 11.10
0.00 0.00 0.00 0.00 0.00 0.00 0.00 0.00 0.00 0.00 0.00 1.02 0.00 0.66 0.00 0.00 0.07 0.00 0.00 0.00 0.00 0.00 0.00 0.22 1.31 3.07 2.92 2.85 2.92 3.07 1.61 0.80 1.17 1.46 2.04 1.90 2.77 2.99 2.56 1.53 1.97 2.34 1.02 1.02 1.53 3.07 2.56 2.99 1.68 1.68 1.61 1.61 1.75 1.90 1.75 2.77 3.50 3.50 4.60 4.02 3.94 4.82 4.53 4.53 5.26 4.53 4.23 6.42 6.42 5.48 5.55 5.26 5.69 6.72 8.10 7.88 8.76 9.05 9.56 9.13 10.95 10.66 11.10 11.10
0.00 0.00 0.00 0.00 0.00 0.00 0.00 0.00 0.00 2.19 1.90 0.00 0.00 0.00 0.00 0.00 0.00 0.00 0.00 0.58 0.58 0.51 0.00 0.88 2.34 2.48 2.77 3.58 3.43 2.92 3.14 2.26 2.19 2.12 3.07 3.14 2.77 3.21 2.70 1.24 0.00 0.00 0.00 0.00 0.00 1.10 1.97 2.26 2.19 2.19 1.17 1.75 1.61 2.04 2.34 2.99 2.56 3.36 3.94 4.89 5.62 5.48 6.72 6.86 6.50 8.40 7.59 7.52 7.52 6.28 5.48 5.84 5.33 6.20 6.13 7.52 7.45 7.37 6.42 6.64 9.86 10.15 10.15 10.37
0.00 0.00 0.00 0.00 0.00 0.00 0.00 0.37 0.00 1.53 1.10 0.00 0.00 0.00 0.37 0.00 0.00 0.00 0.00 0.73 0.00 0.88 0.80 0.95 1.68 2.26 2.41 2.12 1.90 3.07 2.26 2.85 3.36 3.72 2.77 2.12 1.53 0.00 0.00 0.07 0.00 0.00 0.00 0.00 0.00 0.00 1.39 1.31 1.02 1.24 1.31 1.75 2.77 2.85 2.56 2.92 2.04 3.07 5.11 4.82 5.48 7.23 6.79 9.20 9.56 9.49 8.25 5.48 5.48 5.62 5.62 6.20 5.48 5.91 4.82 4.96 4.38 5.33 5.69 4.89 4.67 6.42 7.66 9.05
1.17 1.02 0.95 0.44 0.58 0.15 0.15 0.00 0.00 0.37 0.00 0.00 0.00 0.00 0.88 0.00 0.00 0.66 0.66 0.00 0.29 0.73 2.34 1.39 1.53 1.61 1.39 2.48 1.97 2.56 2.77 4.16 4.09 3.58 3.29 1.68 0.00 0.00 0.00 0.00 0.00 0.00 0.00 0.00 0.00 0.37 0.22 0.58 1.61 2.63 1.83 2.56 2.63 2.92 1.75 2.56 3.50 2.85 4.16 4.96 5.11 6.94 8.91 8.61 8.69 7.96 8.40 6.94 6.94 7.52 6.28 7.15 7.37 7.30 5.33 5.18 5.04 6.13 5.04 4.53 5.33 5.26 6.13 8.10
1.17 1.02 0.95 0.44 0.58 0.15 0.15 0.00 0.00 0.37 0.00 0.00 0.00 0.00 0.88 0.00 0.00 0.66 0.66 0.00 0.29 0.73 2.34 1.39 1.53 1.61 1.39 2.48 1.97 2.56 2.77 4.16 4.09 3.58 3.29 1.68 0.00 0.00 0.00 0.00 0.00 0.00 0.00 0.00 0.00 0.37 0.22 0.58 1.61 2.63 1.83 2.56 2.63 2.92 1.75 2.56 3.50 2.85 4.16 4.96 5.11 6.94 8.91 8.61 8.69 7.96 8.40 6.94 6.94 7.52 6.28 7.15 7.37 7.30 5.33 5.18 5.04 6.13 5.04 4.53 5.33 5.26 6.13 8.10
0.15 0.44 0.29 0.15 0.00 0.73 0.58 0.00 0.15 0.00 0.00 0.00 0.80 1.31 1.39 1.39 0.66 0.00 0.00 1.97 2.04 1.83 2.26 1.61 1.90 1.68 2.19 2.70 2.41 2.34 2.41 3.14 3.21 3.07 3.21 2.04 1.46 0.66 0.44 0.00 0.00 0.00 0.00 0.00 0.44 0.22 0.44 0.37 1.10 2.77 2.48 2.63 3.50 2.92 3.58 2.26 3.58 3.80 3.87 5.11 6.28 6.35 5.77 7.66 7.52 6.94 6.72 6.86 6.86 7.15 6.64 7.15 6.86 6.79 7.01 7.23 7.37 7.37 6.72 6.50 6.79 4.23 5.84 5.33
0.00 0.00 0.00 0.07 0.00 0.00 0.00 0.22 0.58 1.61 1.39 0.00 0.00 0.15 1.10 1.46 1.68 1.61 1.61 2.19 3.50 3.50 2.92 3.36 1.97 1.46 2.04 2.56 2.56 2.99 2.70 3.21 2.63 2.12 2.92 2.70 2.56 1.46 0.44 1.46 0.73 0.00 0.00 0.00 0.00 0.58 1.75 1.39 1.68 2.92 4.09 4.74 4.53 5.77 3.94 4.74 3.29 4.31 4.96 4.82 4.23 4.74 5.04 3.29 5.04 5.62 5.26 7.37 7.37 6.86 6.72 7.74 7.74 7.23 7.66 7.66 9.93 9.64 9.42 8.10 5.33 5.91 4.45 4.45
0.00 0.00 0.00 0.00 0.66 0.15 0.22 0.22 1.61 0.00 0.00 0.00 0.00 1.53 2.26 2.63 2.04 4.45 4.45 4.31 4.38 3.58 2.26 2.04 2.04 2.77 2.70 2.92 2.41 2.12 2.85 2.92 2.70 2.48 1.46 0.66 1.53 1.97 1.68 1.83 0.95 1.53 2.99 2.99 2.19 2.34 1.61 2.48 3.65 3.36 4.23 7.66 7.23 7.52 5.91 4.67 5.04 4.74 6.35 4.60 4.67 4.16 3.36 3.29 3.94 5.62 8.10 7.59 7.59 9.71 8.83 9.13 9.42 11.32 9.13 11.53 10.80 14.31 12.70 13.51 7.08 5.69 5.84 4.60
0.00 0.00 0.00 0.00 0.66 0.15 0.22 0.22 1.61 0.00 0.00 0.00 0.00 1.53 2.26 2.63 2.04 4.45 4.45 4.31 4.38 3.58 2.26 2.04 2.04 2.77 2.70 2.92 2.41 2.12 2.85 2.92 2.70 2.48 1.46 0.66 1.53 1.97 1.68 1.83 0.95 1.53 2.99 2.99 2.19 2.34 1.61 2.48 3.65 3.36 4.23 7.66 7.23 7.52 5.91 4.67 5.04 4.74 6.35 4.60 4.67 4.16 3.36 3.29 3.94 5.62 8.10 7.59 7.59 9.71 8.83 9.13 9.42 11.32 9.13 11.53 10.80 14.31 12.70 13.51 7.08 5.69 5.84 4.60
0.00 0.00 0.22 0.29 0.07 0.00 1.31 0.88 1.31 0.00 0.66 1.39 3.21 2.63 3.87 3.87 3.58 4.31 4.31 4.82 4.74 2.99 2.92 3.14 2.56 2.77 2.56 2.34 2.26 2.34 3.50 2.26 4.31 2.48 2.85 2.77 3.14 2.26 3.43 3.58 4.09 4.23 3.07 3.07 2.70 2.99 3.14 3.14 5.48 7.59 8.47 8.69 7.88 7.01 7.01 5.26 7.81 6.79 6.79 6.50 4.38 4.53 4.96 4.67 5.48 5.55 7.37 10.00 10.00 9.56 10.66 10.80 11.02 11.75 14.02 13.72 15.70 14.31 15.04 11.02 9.93 10.15 8.10 8.18
0.00 0.51 0.29 1.68 0.00 0.00 0.51 0.80 2.41 0.00 0.00 1.97 3.87 4.23 5.04 4.09 4.31 3.94 3.94 3.29 3.14 3.43 3.14 3.58 2.77 2.56 2.85 2.56 2.48 2.70 3.14 5.18 5.62 5.33 3.80 3.21 3.36 4.45 3.87 2.70 3.87 4.38 5.77 5.77 5.62 4.23 5.69 6.72 6.50 6.64 6.86 7.15 6.86 7.08 9.93 8.61 8.54 10.00 5.99 6.57 5.18 5.55 5.40 5.91 5.77 7.52 7.15 9.13 9.13 10.51 10.37 11.17 11.10 11.53 12.85 11.02 11.97 6.79 0.00 9.78 8.61 7.96 8.18 6.94
0.73 1.02 1.53 0.00 0.73 1.39 1.31 1.61 2.19 0.22 2.34 3.14 2.92 3.80 4.74 3.87 4.09 4.16 4.16 4.16 3.65 3.94 3.21 3.72 4.09 3.72 3.07 2.85 4.82 6.20 6.64 6.13 6.86 7.23 5.48 4.23 3.94 3.94 3.14 4.60 7.30 7.15 7.59 7.59 8.25 8.47 7.08 7.15 7.08 7.66 7.52 8.10 9.42 8.69 11.17 13.58 11.10 11.53 7.01 4.53 4.60 3.43 5.48 4.89 4.89 6.72 7.23 6.94 6.94 7.74 10.07 10.00 10.29 9.20 10.59 9.86 4.16 6.79 0.00 0.00 0.00 8.47 7.08 6.86
0.88 1.39 1.17 1.17 1.83 1.17 1.02 1.97 1.39 1.90 3.36 3.14 3.36 2.34 2.99 2.63 4.09 4.67 4.67 3.72 3.94 3.87 4.38 4.31 3.87 3.43 3.94 3.58 4.60 6.57 5.91 7.15 5.69 6.06 5.33 3.65 5.40 6.28 8.54 7.88 8.54 8.25 6.94 6.94 7.01 6.57 6.94 6.06 6.13 7.59 6.79 6.86 7.15 8.40 12.34 12.41 11.90 6.72 7.30 3.21 3.21 2.92 3.87 4.02 5.18 4.74 6.86 7.37 7.37 7.15 9.05 10.00 10.44 8.54 8.03 8.54 7.45 0.00 0.00 0.00 9.13 7.37 5.99 6.94
0.88 1.39 1.17 1.17 1.83 1.17 1.02 1.97 1.39 1.90 3.36 3.14 3.36 2.34 2.99 2.63 4.09 4.67 4.67 3.72 3.94 3.87 4.38 4.31 3.87 3.43 3.94 3.58 4.60 6.57 5.91 7.15 5.69 6.06 5.33 3.65 5.40 6.28 8.54 7.88 8.54 8.25 6.94 6.94 7.01 6.57 6.94 6.06 6.13 7.59 6.79 6.86 7.15 8.40 12.34 12.41 11.90 6.72 7.30 3.21 3.21 2.92 3.87 4.02 5.18 4.74 6.86 7.37 7.37 7.15 9.05 10.00 10.44 8.54 8.03 8.54 7.45 0.00 0.00 0.00 9.13 7.37 5.99 6.94
1.75 2.92 2.41 2.70 2.12 1.68 1.53 1.46 1.75 2.41 3.50 3.80 3.36 4.38 2.99 2.85 4.09 4.02 4.02 2.70 2.34 4.09 3.72 3.07 3.58 3.87 4.60 5.18 5.48 5.40 5.55 5.99 7.88 5.69 6.28 4.96 4.23 6.50 6.86 5.84 6.42 6.28 6.35 6.35 5.77 5.33 6.72 5.91 5.33 2.92 4.60 4.96 4.96 6.94 9.20 6.79 6.72 4.82 3.65 3.80 3.21 5.55 6.94 7.01 5.40 6.94 7.01 6.94 6.94 9.42 8.83 10.59 8.61 8.54 8.10 8.40 9.27 0.00 0.00 0.00 6.06 5.55 5.69 5.18
1.31 1.10 0.58 1.39 1.75 1.83 1.75 1.97 2.12 1.46 2.99 3.87 4.53 5.11 4.38 3.94 3.43 3.58 3.58 4.16 3.29 2.92 2.85 3.07 2.92 4.09 6.13 6.50 6.50 6.20 7.88 7.88 8.54 7.59 6.86 4.82 5.48 4.02 3.14 4.67 3.36 2.63 4.60 4.60 4.09 5.18 0.00 0.00 0.00 0.00 0.00 4.16 4.09 5.18 4.60 5.55 5.40 5.33 4.74 7.45 7.81 7.37 8.69 9.13 9.20 7.81 9.78 9.13 9.13 11.46 11.53 11.75 8.47 7.01 7.66 8.69 0.00 0.00 0.00 2.63 3.43 2.70 2.85 3.58
0.00 0.00 0.66 1.83 2.12 2.41 2.48 1.46 3.07 4.23 4.31 5.18 4.45 4.60 4.38 3.29 3.80 4.60 4.60 3.50 4.02 3.50 3.80 4.96 5.26 6.72 6.35 7.23 7.52 6.42 7.59 8.54 8.47 9.27 6.50 4.60 3.14 3.21 2.99 1.83 0.00 1.90 2.12 2.12 1.02 0.00 0.00 0.00 0.00 0.00 0.00 3.21 3.29 3.87 4.02 4.02 6.86 9.42 9.05 9.93 12.78 12.48 11.02 9.93 11.39 11.02 11.39 14.16 14.16 14.31 9.71 7.74 8.40 6.79 3.80 1.53 1.83 0.80 1.83 1.31 2.70 2.63 2.48 2.92
1.10 1.02 1.31 1.97 2.48 2.63 2.85 2.19 3.29 3.29 2.92 3.29 2.12 3.94 3.50 3.65 3.65 4.02 4.02 5.04 4.16 6.13 6.20 6.13 6.86 7.30 7.66 6.06 6.35 6.64 4.82 4.82 7.45 6.79 8.32 4.67 2.70 0.73 0.00 0.00 0.51 0.00 0.58 0.58 0.51 0.00 0.00 0.00 0.00 0.00 2.63 3.14 3.21 3.87 3.87 3.43 7.08 10.37 11.53 11.68 12.85 13.29 13.07 11.24 12.78 13.07 12.63 13.29 13.29 8.10 9.56 3.72 4.96 5.04 3.80 1.46 1.68 1.46 1.61 1.24 2.19 1.97 3.07 3.14
2.19 2.41 3.29 3.07 2.19 3.50 2.56 2.99 2.26 3.07 3.14 1.83 3.72 4.67 4.31 5.11 4.89 5.33 5.33 5.26 5.26 5.26 6.20 7.08 8.18 9.64 8.98 7.59 7.59 4.96 5.77 4.74 5.33 3.72 2.63 3.36 0.00 0.22 0.00 1.46 1.46 0.15 0.95 0.95 0.80 0.00 1.68 1.39 0.00 0.00 0.00 0.00 3.07 2.26 4.38 7.59 6.94 9.56 9.34 7.74 11.68 12.05 10.88 12.92 13.07 12.12 9.34 9.93 9.93 6.86 4.16 4.60 2.63 1.10 1.39 1.97 1.68 1.61 1.53 1.10 0.73 0.51 0.22 1.31
2.19 2.41 3.29 3.07 2.19 3.50 2.56 2.99 2.26 3.07 3.14 1.83 3.72 4.67 4.31 5.11 4.89 5.33 5.33 5.26 5.26 5.26 6.20 7.08 8.18 9.64 8.98 7.59 7.59 4.96 5.77 4.74 5.33 3.72 2.63 3.36 0.00 0.22 0.00 1.46 1.46 0.15 0.95 0.95 0.80 0.00 1.68 1.39 0.00 0.00 0.00 0.00 3.07 2.26 4.38 7.59 6.94 9.56 9.34 7.74 11.68 12.05 10.88 12.92 13.07 12.12 9.34 9.93 9.93 6.86 4.16 4.60 2.63 1.10 1.39 1.97 1.68 1.61 1.53 1.10 0.73 0.51 0.22 1.31
2.77 0.00 0.00 0.00 4.23 1.97 2.48 1.75 3.07 3.72 2.85 3.29 3.65 3.58 5.55 6.35 6.64 5.48 5.48 5.26 6.35 6.42 8.98 8.76 8.83 9.71 10.15 8.32 7.15 5.04 4.02 0.00 2.48 2.56 0.00 0.00 0.00 0.00 0.00 2.56 1.90 1.90 1.68 1.68 0.00 0.00 0.00 0.00 0.00 0.00 0.00 0.00 0.00 2.48 2.12 5.84 4.67 4.31 6.50 5.40 4.53 8.98 8.98 8.54 10.22 10.59 7.88 5.55 5.55 5.99 4.60 3.65 2.04 2.34 1.68 0.88 1.31 0.80 0.95 0.88 0.51 0.00 0.37 0.15
2.92 0.00 0.00 0.00 1.61 0.00 2.26 2.77 3.36 1.68 3.07 0.00 0.00 6.42 5.40 7.23 6.72 6.13 6.13 6.06 4.38 5.69 7.59 8.86 8.00 10.65 8.04 8.69 8.47 6.86 4.82 2.34 1.90 0.00 0.00 0.00 0.00 0.00 0.00 1.39 1.90 2.04 2.04 2.04 0.00 0.00 0.00 0.00 0.00 0.00 0.00 0.00 0.00 2.19 0.00 0.00 1.61 0.00 2.34 2.41 2.26 2.85 6.57 6.20 5.99 4.74 7.59 4.53 4.53 5.55 4.96 6.06 3.14 2.04 2.04 1.31 1.02 1.31 0.95 1.17 0.29 0.51 0.44 0.66
1.90 2.41 2.19 0.00 0.00 0.00 0.80 1.68 1.24 1.39 0.00 0.00 2.99 4.16 3.80 4.60 4.23 5.40 5.40 4.31 5.33 4.60 6.50 6.33 8.73 8.42 10.70 10.24 7.23 8.40 5.99 3.72 2.41 1.17 0.00 1.97 0.00 0.44 1.10 1.02 1.61 1.68 1.17 1.17 0.00 0.00 0.00 0.00 0.00 0.00 0.00 0.00 0.00 0.00 0.00 0.00 0.00 0.00 0.00 1.61 1.46 0.00 1.46 3.50 3.43 3.58 3.21 3.43 3.43 4.89 4.89 3.94 4.23 2.85 2.56 2.56 1.83 1.68 1.46 1.83 0.51 0.44 0.29 0.44
2.77 2.63 4.96 4.60 4.31 0.00 0.00 0.58 0.00 0.00 0.00 0.00 0.00 0.00 1.68 2.12 2.85 1.68 1.68 2.99 2.19 3.63 2.94 3.99 6.20 7.34 5.72 6.93 9.11 7.23 5.33 6.20 3.14 4.96 3.14 2.92 1.24 1.02 1.10 0.66 0.44 0.51 0.88 0.88 0.00 0.73 0.00 0.00 0.00 0.00 0.00 0.00 0.00 0.00 0.00 0.00 0.00 0.00 0.00 0.00 0.00 0.00 0.51 2.26 2.56 2.56 3.72 6.42 6.42 4.45 5.18 4.96 3.72 4.23 2.77 3.14 2.99 2.04 1.61 1.10 1.17 0.37 0.44 0.44
0.00 4.02 6.57 4.45 4.45 4.09 0.00 0.00 0.00 0.00 0.00 0.00 0.00 0.00 0.00 1.17 1.46 0.00 0.00 0.00 0.00 0.00 2.78 1.46 3.19 3.58 3.61 7.14 5.68 6.86 7.63 5.26 6.64 6.35 3.50 4.31 2.63 2.41 1.61 0.00 0.58 0.51 1.02 1.02 0.00 0.00 0.00 0.00 0.00 0.00 0.00 0.00 0.00 0.00 0.00 0.00 0.00 0.00 0.00 0.00 0.00 1.10 0.80 1.53 2.70 4.45 3.80 6.94 6.94 6.79 5.62 5.48 4.02 3.07 3.29 3.07 2.92 2.34 2.41 2.19 1.10 1.46 0.22 0.80
0.00 4.02 6.57 4.45 4.45 4.09 0.00 0.00 0.00 0.00 0.00 0.00 0.00 0.00 0.00 1.17 1.46 0.00 0.00 0.00 0.00 0.00 2.71 1.50 3.14 3.58 3.50 6.64 5.31 6.96 7.71 5.48 7.46 6.72 3.59 4.31 2.63 2.41 1.61 0.00 0.58 0.51 1.02 1.02 0.00 0.00 0.00 0.00 0.00 0.00 0.00 0.00 0.00 0.00 0.00 0.00 0.00 0.00 0.00 0.00 0.00 1.10 0.80 1.53 2.70 4.45 3.80 6.94 6.94 6.79 5.62 5.48 4.02 3.07 3.29 3.07 2.92 2.34 2.41 2.19 1.10 1.46 0.22 0.80
4.45 3.72 4.16 3.94 4.45 0.00 2.34 2.19 0.00 0.00 0.80 0.00 0.00 0.00 2.41 0.00 0.88 0.00 0.00 2.92 0.00 1.53 1.10 0.74 0.45 2.58 1.70 2.64 2.19 5.65 2.73 4.08 5.77 5.46 4.82 6.66 4.94 2.19 3.50 0.58 0.15 0.58 0.00 0.00 0.00 0.00 0.00 0.07 0.00 0.00 0.00 0.00 0.00 0.00 0.00 0.00 0.00 0.00 0.00 0.00 0.00 0.58 1.68 3.94 2.77 5.69 6.64 6.64 6.64 6.42 4.45 2.41 4.09 2.56 3.21 3.07 3.21 2.48 2.34 1.68 1.83 1.31 0.58 0.66
2.70 4.31 5.77 5.33 4.38 3.29 3.80 2.85 3.80 3.80 5.40 0.73 2.77 3.50 3.43 3.43 4.45 2.19 2.19 2.27 3.58 3.37 2.26 0.58 0.66 0.00 0.00 0.30 0.82 2.73 1.90 3.29 2.99 5.00 5.06 5.21 4.89 5.80 3.72 0.80 0.66 1.68 0.00 0.00 0.00 0.00 0.00 0.15 0.00 0.00 0.00 0.00 0.00 0.00 0.00 0.00 0.00 0.00 0.00 0.00 0.00 0.29 0.51 2.85 2.04 4.67 4.02 3.87 3.87 3.94 2.56 1.31 1.61 0.00 2.85 2.70 2.19 2.19 2.48 2.26 2.19 2.41 1.24 0.80
0.00 2.85 4.16 1.83 5.18 2.34 3.94 4.60 4.31 3.94 4.16 4.89 2.41 2.12 3.14 3.36 5.26 3.58 3.58 2.63 2.26 2.56 2.34 0.00 0.00 0.00 0.00 0.00 0.15 1.46 1.83 3.29 2.85 3.94 4.15 5.57 5.86 5.48 4.38 4.74 2.92 3.21 2.56 2.56 0.22 0.15 0.51 0.00 0.00 0.00 0.00 0.00 0.00 0.00 0.00 0.00 0.00 0.00 0.00 0.00 0.00 0.00 0.00 0.00 0.00 3.87 3.36 2.77 2.77 2.26 2.56 0.73 0.00 1.90 1.83 1.83 3.07 3.29 3.36 3.14 2.70 2.12 2.26 1.68
0.00 0.00 2.19 0.00 2.70 1.53 1.68 2.48 3.94 1.39 1.46 1.61 1.39 2.19 2.63 3.50 4.89 2.56 2.56 1.68 1.90 0.73 1.02 0.00 0.00 0.00 0.00 0.00 0.00 1.17 1.24 2.41 2.26 3.43 3.36 4.60 3.41 3.63 6.11 5.24 4.31 2.63 3.65 3.65 1.31 0.58 1.24 1.31 0.00 0.00 0.15 0.22 0.00 0.00 0.00 0.00 0.00 0.00 0.00 0.00 0.00 0.00 0.00 0.00 0.00 0.00 0.00 0.00 0.00 0.00 0.00 0.00 0.00 0.07 0.07 1.02 2.85 2.48 3.65 3.65 2.77 3.43 3.36 2.56
0.00 0.00 0.00 0.00 0.00 0.00 0.00 0.00 0.00 0.00 0.00 0.00 1.02 2.04 1.83 3.14 3.94 1.39 1.39 1.46 0.00 0.00 0.22 0.00 0.00 0.00 0.00 0.00 0.00 0.00 0.22 0.44 2.41 2.41 2.48 2.41 2.85 3.21 4.22 4.27 4.26 3.80 3.72 3.72 3.94 2.04 2.85 1.75 0.29 0.29 0.29 0.00 0.07 0.00 0.00 0.00 0.00 0.00 0.00 0.15 0.00 0.00 0.00 0.00 0.00 0.00 0.00 0.00 0.00 0.00 0.00 0.00 0.00 0.22 0.00 1.02 1.97 1.31 1.17 2.19 1.83 2.63 2.26 2.70
0.00 0.00 0.00 0.00 0.00 0.00 0.00 0.00 0.00 0.00 0.00 0.51 1.97 1.53 0.44 0.51 3.21 2.56 2.56 0.00 0.00 0.00 0.00 0.00 0.00 0.00 0.00 0.00 0.00 0.00 1.21 0.44 0.98 1.17 2.56 0.00 2.19 2.73 4.02 4.23 4.72 3.72 3.43 3.43 3.80 3.21 3.43 3.14 3.07 1.68 1.83 0.66 0.00 0.00 0.00 0.00 0.00 0.00 0.00 0.00 0.00 0.29 0.00 0.00 0.00 0.00 0.00 0.00 0.00 0.00 0.00 0.00 0.00 0.00 0.29 0.58 1.46 1.46 1.10 1.10 1.10 2.48 2.34 1.68
0.00 0.00 0.00 0.00 0.00 0.00 0.00 0.00 0.00 0.00 0.00 0.51 1.97 1.53 0.44 0.51 3.21 2.57 2.56 0.00 0.00 0.00 0.00 0.00 0.00 0.00 0.00 0.00 0.00 0.00 1.17 0.44 0.95 1.17 2.57 0.00 2.19 2.71 4.06 4.23 4.67 3.72 3.43 3.43 3.80 3.21 3.43 3.14 3.07 1.68 1.83 0.66 0.00 0.00 0.00 0.00 0.00 0.00 0.00 0.00 0.00 0.29 0.00 0.00 0.00 0.00 0.00 0.00 0.00 0.00 0.00 0.00 0.00 0.00 0.29 0.58 1.46 1.46 1.10 1.10 1.10 2.48 2.34 1.68
0.00 0.00 0.00 0.00 0.00 0.00 0.00 0.74 0.82 0.66 1.02 1.17 2.04 2.70 0.88 0.29 0.00 0.00 0.00 0.00 0.00 0.00 0.00 0.00 0.00 0.00 0.00 0.00 0.00 0.00 0.07 0.00 1.75 0.73 0.00 1.53 2.12 2.04 3.15 3.94 2.63 3.07 2.41 2.41 3.07 2.85 4.16 4.38 4.16 4.09 2.34 2.48 1.68 0.00 0.00 0.00 0.00 0.00 0.00 0.00 0.00 0.29 0.51 0.00 0.00 0.00 0.00 0.00 0.00 0.00 0.00 0.00 0.00 0.00 0.00 0.00 0.00 0.00 0.00 0.00 0.00 1.83 1.10 1.02
