Wansh/Snow_depth/snowdepth-1998/winter/1998362.txt
ncols 321
nrows 161
xllcenter 60
yllcenter 15 
cellsize  0.25 
NODATA_value -1
[rows 0 to 36 of 161, columns 0 to 83 of 321]
5.69 5.69 11.46 11.61 12.26 13.58 10.44 11.46 10.15 10.22 10.00 8.54 8.61 8.10 4.31 4.53 2.92 4.82 5.11 1.39 1.97 1.53 1.24 1.02 2.04 3.65 3.65 3.21 2.92 3.21 1.90 1.39 1.75 0.00 0.00 0.00 0.00 0.00 0.29 0.22 4.09 9.64 8.76 11.10 9.13 8.32 6.94 7.74 10.15 11.75 11.68 11.68 10.59 9.20 9.49 9.86 9.71 9.05 8.61 8.83 7.96 8.69 8.40 8.76 8.18 7.08 7.30 6.64 6.57 0.00 6.79 7.30 7.23 7.66 7.88 8.91 8.91 9.13 6.72 8.40 7.96 6.64 9.42 8.98
10.44 10.44 12.99 14.53 13.94 14.31 12.41 14.31 10.88 9.42 9.78 8.10 8.40 8.69 5.18 2.63 3.21 0.00 0.00 0.00 0.00 0.00 0.00 0.00 0.00 3.50 3.50 4.45 3.58 3.14 3.50 0.22 0.00 0.00 0.00 0.00 0.00 0.00 0.00 5.18 10.66 9.13 11.97 12.05 9.34 6.57 6.94 7.45 10.22 9.34 11.32 11.32 8.76 9.42 7.37 8.40 8.40 8.40 8.61 8.10 8.18 8.40 9.13 6.20 5.33 6.42 6.06 6.06 5.62 5.84 4.96 5.48 5.69 6.35 6.20 7.52 7.52 8.25 10.88 10.66 10.80 10.66 9.78 10.07
11.10 11.10 10.29 12.41 9.34 15.40 10.00 9.05 9.93 6.13 7.23 7.45 5.77 2.92 4.31 0.00 0.00 0.00 0.00 0.00 0.00 0.00 0.00 0.00 3.43 2.41 2.41 3.50 0.58 1.10 0.15 0.73 0.00 0.00 0.00 0.00 0.00 0.00 4.96 2.99 10.22 10.88 10.51 8.83 7.81 7.96 6.35 7.45 7.88 7.23 9.56 9.56 8.91 4.96 5.69 5.69 5.69 0.00 5.33 7.88 7.23 7.37 5.40 2.26 4.09 1.75 2.70 3.94 3.29 3.29 5.33 4.96 2.85 4.02 3.14 4.09 4.09 6.79 9.93 6.13 8.69 7.01 8.18 9.13
11.10 11.10 10.29 12.41 9.34 15.40 10.00 9.05 9.93 6.13 7.23 7.45 5.77 2.92 4.31 0.00 0.00 0.00 0.00 0.00 0.00 0.00 0.00 0.00 3.43 2.41 2.41 3.50 0.58 1.10 0.15 0.73 0.00 0.00 0.00 0.00 0.00 0.00 4.96 2.99 10.22 10.88 10.51 8.83 7.81 7.96 6.35 7.45 7.88 7.23 9.56 9.56 8.91 4.96 5.69 5.69 5.69 0.00 5.33 7.88 7.23 7.37 5.40 2.26 4.09 1.75 2.70 3.94 3.29 3.29 5.33 4.96 2.85 4.02 3.14 4.09 4.09 6.79 9.93 6.13 8.69 7.01 8.18 9.13
6.72 6.72 6.79 6.94 6.06 2.70 3.87 3.87 4.74 4.82 5.18 4.09 4.89 1.68 0.00 0.00 0.00 0.00 0.00 0.00 0.00 0.00 0.00 0.00 0.00 0.00 0.00 1.24 0.00 0.00 0.00 4.02 6.13 0.00 2.77 2.26 3.94 5.91 5.11 8.61 9.34 9.64 8.25 8.18 7.74 6.79 7.01 7.45 6.28 6.94 3.21 3.21 3.43 2.85 5.33 0.00 0.00 0.00 0.00 4.09 3.72 3.87 1.97 2.56 0.51 0.37 0.00 0.00 1.02 0.58 2.85 3.21 2.48 1.53 1.17 0.95 0.95 4.82 4.31 4.82 5.40 2.41 3.07 0.00
8.54 8.54 6.64 5.84 6.64 2.48 1.90 1.68 1.97 4.38 4.67 2.48 2.34 2.56 2.92 0.73 0.37 1.68 1.17 0.00 0.00 0.00 0.00 0.00 0.00 0.00 0.00 0.00 0.00 0.07 5.69 4.53 8.76 11.39 11.10 6.28 6.13 6.57 8.32 7.96 9.27 7.88 8.10 6.35 5.99 5.84 3.80 4.60 3.94 4.45 0.00 0.00 2.04 0.00 2.85 0.00 0.00 0.00 0.00 0.00 2.99 1.68 0.00 0.00 0.00 1.02 1.24 0.73 0.37 1.24 0.00 0.00 2.19 0.00 0.58 3.50 3.50 2.04 1.24 2.19 2.41 2.92 2.19 3.14
7.15 7.15 7.52 7.59 5.55 3.72 3.43 2.26 2.19 3.50 3.72 3.36 5.84 4.67 4.67 4.74 2.70 3.36 1.17 0.00 0.00 0.00 0.00 0.00 0.00 0.07 0.07 0.00 3.87 9.34 7.81 12.48 10.66 11.97 11.02 11.17 9.42 6.64 7.23 7.15 5.84 8.47 5.99 6.57 4.74 3.58 3.72 2.99 4.31 4.38 1.90 1.90 0.00 0.00 0.00 0.73 0.00 0.00 0.00 0.00 0.00 0.00 3.14 1.46 1.61 1.68 1.75 2.92 2.19 2.41 1.75 0.00 3.36 2.04 1.68 3.72 3.72 1.61 2.26 3.29 3.94 5.84 0.00 5.18
7.15 7.15 7.52 7.59 5.55 3.72 3.43 2.26 2.19 3.50 3.72 3.36 5.84 4.67 4.67 4.74 2.70 3.36 1.17 0.00 0.00 0.00 0.00 0.00 0.00 0.07 0.07 0.00 3.87 9.34 7.81 12.48 10.66 11.97 11.02 11.17 9.42 6.64 7.23 7.15 5.84 8.47 5.99 6.57 4.74 3.58 3.72 2.99 4.31 4.38 1.90 1.90 0.00 0.00 0.00 0.73 0.00 0.00 0.00 0.00 0.00 0.00 3.14 1.46 1.61 1.68 1.75 2.92 2.19 2.41 1.75 0.00 3.36 2.04 1.68 3.72 3.72 1.61 2.26 3.29 3.94 5.84 0.00 5.18
7.45 7.45 8.83 9.34 6.20 6.13 5.40 4.74 3.94 5.91 5.62 6.35 6.50 6.72 5.33 2.99 3.72 0.00 0.00 0.00 0.00 0.00 0.00 0.00 0.00 1.17 1.17 6.79 5.55 10.37 12.48 11.75 12.12 11.32 11.68 9.71 10.29 6.57 6.13 5.99 4.16 1.61 1.90 2.26 0.80 1.39 0.00 1.53 1.17 1.17 0.00 0.00 0.00 0.00 0.66 0.15 1.39 0.00 0.00 0.00 0.00 2.56 2.04 0.00 3.14 3.72 3.07 2.34 2.70 2.12 3.29 2.63 3.21 2.70 0.00 1.61 1.61 0.00 0.00 0.00 0.00 0.00 0.00 0.00
6.13 6.13 8.18 5.40 8.32 6.42 5.26 5.40 4.16 5.69 6.50 6.28 7.74 9.42 9.64 4.60 0.29 1.24 0.73 0.00 0.00 0.00 0.44 0.00 0.80 0.00 0.00 8.10 11.68 10.88 11.97 11.75 11.75 10.44 9.13 8.83 7.45 5.69 6.13 3.43 4.38 0.73 1.61 1.53 1.39 0.00 0.00 0.00 1.39 0.88 0.00 0.00 0.00 0.00 0.00 0.00 0.07 0.00 0.00 0.00 2.04 1.31 1.24 2.04 0.00 0.00 0.00 0.00 1.83 1.75 2.26 4.45 4.02 0.00 0.00 0.00 0.00 0.00 0.00 0.00 0.00 0.00 0.00 0.00
5.26 5.26 6.06 3.65 4.53 4.82 2.77 3.58 3.80 3.58 7.08 10.37 9.49 10.37 8.10 9.05 5.11 3.58 2.99 6.64 1.97 2.19 2.34 2.12 3.29 9.27 9.27 7.66 11.02 10.73 10.44 9.64 7.23 9.34 7.08 6.20 6.57 4.89 2.99 3.72 0.00 0.00 0.00 0.88 1.97 1.61 2.34 2.48 2.34 2.70 0.66 0.66 0.00 0.22 0.00 0.66 1.02 0.80 2.56 2.85 1.83 1.83 1.97 0.00 0.00 0.00 0.00 0.00 0.00 0.00 0.00 0.00 0.00 0.00 0.00 0.00 0.00 0.00 0.00 0.00 0.00 0.00 0.00 0.00
5.26 5.26 6.06 3.65 4.53 4.82 2.77 3.58 3.80 3.58 7.08 10.37 9.49 10.37 8.10 9.05 5.11 3.58 2.99 6.64 1.97 2.19 2.34 2.12 3.29 9.27 9.27 7.66 11.02 10.73 10.44 9.64 7.23 9.34 7.08 6.20 6.57 4.89 2.99 3.72 0.00 0.00 0.00 0.88 1.97 1.61 2.34 2.48 2.34 2.70 0.66 0.66 0.00 0.22 0.00 0.66 1.02 0.80 2.56 2.85 1.83 1.83 1.97 0.00 0.00 0.00 0.00 0.00 0.00 0.00 0.00 0.00 0.00 0.00 0.00 0.00 0.00 0.00 0.00 0.00 0.00 0.00 0.00 0.00
4.31 4.31 4.89 3.87 2.12 1.46 1.68 1.24 3.65 3.50 2.70 6.72 7.08 6.20 7.74 5.18 5.91 7.15 9.13 8.76 9.27 5.40 5.99 2.70 3.43 1.83 1.83 4.96 6.28 9.20 7.96 8.32 6.57 2.77 3.72 1.61 0.51 4.53 2.41 0.00 0.66 0.00 0.00 0.00 0.58 4.09 2.77 3.50 2.34 0.00 0.00 0.00 0.00 0.00 0.00 0.00 1.46 1.97 2.04 2.41 2.48 2.19 1.10 0.00 0.00 0.00 0.00 0.00 0.00 0.00 0.00 0.00 0.00 0.00 2.48 2.48 2.48 2.26 0.00 0.00 3.43 2.92 2.63 2.41
6.06 6.06 5.62 2.41 2.77 3.21 1.10 1.31 1.10 0.88 0.88 1.68 4.02 3.07 2.85 4.45 5.91 5.04 8.54 9.71 10.00 5.77 2.04 2.70 0.80 3.80 3.80 2.77 5.26 3.14 3.29 3.94 2.63 3.36 1.17 0.51 0.73 0.00 0.00 0.00 0.00 0.00 0.00 0.00 0.80 0.29 2.34 0.00 0.00 0.00 0.00 0.00 0.00 0.00 0.00 0.00 2.41 2.56 2.56 1.97 1.68 0.00 0.00 0.00 0.00 0.00 0.00 0.00 0.00 2.48 0.00 0.00 0.00 0.00 3.58 2.92 2.92 3.58 3.07 3.14 3.29 2.92 3.36 3.94
8.32 8.32 6.72 8.10 5.04 5.18 6.06 2.92 3.14 2.85 2.19 1.39 1.68 1.02 0.00 0.00 4.31 8.18 7.23 7.81 6.35 6.86 3.36 3.21 2.85 5.18 5.18 4.02 4.02 2.56 3.21 3.07 3.07 1.97 2.19 1.39 0.00 0.00 0.00 0.00 0.00 0.00 0.00 0.00 0.00 0.00 0.00 0.00 0.00 0.00 0.51 0.51 0.00 0.00 0.00 0.00 0.00 0.00 2.77 2.77 0.00 0.00 0.00 4.31 2.99 2.70 3.80 4.02 3.87 2.85 4.02 4.74 0.00 0.00 0.00 4.96 4.96 4.45 4.09 2.92 3.58 3.72 4.02 3.65
8.61 8.61 8.32 9.49 8.83 8.18 8.98 6.79 3.87 4.45 3.80 2.19 3.50 3.50 0.51 1.83 1.68 4.82 7.08 6.72 7.01 6.35 5.84 4.82 5.91 5.40 5.40 5.99 4.67 3.36 3.65 3.29 3.58 1.39 1.53 1.10 2.70 3.50 0.58 1.46 0.00 0.00 0.00 0.00 0.00 0.00 0.00 0.00 0.00 0.00 0.00 0.00 2.48 1.75 0.00 0.00 0.00 0.00 0.00 0.00 3.50 3.65 4.23 3.87 3.65 3.94 5.11 5.69 5.48 7.45 7.37 4.82 5.84 0.00 5.69 4.96 4.96 4.96 5.48 5.04 4.96 5.69 5.26 5.26
8.61 8.61 8.32 9.49 8.83 8.18 8.98 6.79 3.87 4.45 3.80 2.19 3.50 3.50 0.51 1.83 1.68 4.82 7.08 6.72 7.01 6.35 5.84 4.82 5.91 5.40 5.40 5.99 4.67 3.36 3.65 3.29 3.58 1.39 1.53 1.10 2.70 3.50 0.58 1.46 0.00 0.00 0.00 0.00 0.00 0.00 0.00 0.00 0.00 0.00 0.00 0.00 2.48 1.75 0.00 0.00 0.00 0.00 0.00 0.00 3.50 3.65 4.23 3.87 3.65 3.94 5.11 5.69 5.48 7.45 7.37 4.82 5.84 0.00 5.69 4.96 4.96 4.96 5.48 5.04 4.96 5.69 5.26 5.26
8.54 8.54 8.54 8.69 8.54 9.78 6.35 6.42 4.74 5.84 6.06 4.09 5.55 4.38 4.89 2.48 3.72 2.34 5.99 7.30 7.37 6.28 5.26 5.11 5.91 6.06 6.06 5.84 4.89 3.87 2.85 2.92 0.44 0.00 1.10 3.65 4.16 4.23 2.12 0.00 0.00 0.00 0.00 0.00 0.00 0.00 0.00 0.00 0.00 0.44 2.26 2.26 1.68 2.99 0.00 0.00 0.00 0.00 3.14 0.00 0.00 0.00 4.09 4.96 4.67 5.11 5.18 5.91 6.94 6.50 6.64 5.69 5.11 6.86 6.64 6.06 6.06 5.11 5.55 5.18 5.77 6.50 5.04 5.33
8.54 8.54 8.54 9.05 7.52 7.96 5.11 7.01 7.15 7.23 8.40 7.96 8.25 5.48 2.92 2.99 2.77 5.55 4.74 5.48 4.60 4.96 4.16 5.48 4.38 5.11 5.11 5.48 5.11 4.67 2.77 0.73 1.61 0.00 0.00 0.00 0.00 0.00 0.00 0.00 0.00 0.00 0.00 0.00 0.51 0.07 0.22 1.68 2.77 5.55 2.56 2.56 3.94 0.00 0.00 2.99 0.00 0.00 0.00 4.31 0.00 4.96 5.33 5.04 4.53 4.60 5.26 4.96 6.13 4.38 4.74 5.11 5.69 7.74 6.64 7.66 7.66 7.96 7.45 6.13 6.57 6.28 5.04 5.62
8.03 8.03 7.88 8.69 7.74 7.15 7.23 7.52 7.01 6.86 7.74 8.40 5.91 7.23 4.09 4.16 3.80 4.45 5.33 5.04 3.29 2.41 3.07 3.65 5.11 4.38 4.38 3.94 3.87 2.99 2.92 2.04 0.00 0.00 0.00 0.00 0.00 0.00 0.00 0.00 0.00 0.00 0.00 0.00 0.58 4.02 7.23 7.15 6.13 5.99 4.74 4.74 4.82 3.94 3.43 4.31 3.43 5.62 4.53 7.15 6.86 7.23 6.94 7.08 4.89 3.65 4.16 4.45 4.53 4.53 5.04 5.33 5.18 7.74 9.13 8.76 8.76 8.61 7.23 7.37 7.81 5.55 6.35 5.04
5.69 5.69 8.91 8.76 7.74 7.08 5.18 5.84 5.69 3.43 3.58 6.50 4.38 0.00 4.82 0.00 3.50 2.12 0.00 3.14 3.50 0.00 2.77 0.00 4.53 4.38 4.38 4.09 3.94 3.29 2.41 0.00 0.00 0.00 0.00 0.00 0.00 0.00 0.00 2.26 2.56 2.99 2.92 4.74 7.52 8.47 8.25 8.69 8.32 8.18 5.99 5.99 6.28 4.23 4.67 5.33 6.72 7.37 8.18 7.74 8.10 8.32 5.99 7.52 5.26 3.94 5.84 5.55 5.11 4.60 4.89 6.42 5.91 5.84 7.15 6.86 6.86 8.83 7.23 8.91 7.74 7.59 6.64 5.40
4.82 4.82 7.01 6.13 6.64 6.72 3.58 2.34 3.87 0.00 0.00 0.00 3.50 0.00 0.00 0.00 0.07 0.07 0.00 0.07 0.00 0.00 0.00 0.00 1.31 0.80 0.80 0.00 0.00 0.00 0.00 0.00 0.00 0.00 0.00 0.00 0.00 2.85 2.77 3.29 3.50 4.02 5.48 5.18 7.74 8.83 8.83 7.88 8.10 7.23 6.86 6.86 3.21 2.85 4.82 5.55 7.01 7.23 8.40 8.54 8.18 7.37 6.94 5.99 6.64 6.86 6.79 6.42 5.33 4.74 6.13 6.06 5.04 6.57 6.64 7.37 7.37 7.08 8.32 7.81 7.66 8.83 7.23 7.08
4.82 4.82 7.01 6.13 6.64 6.72 3.58 2.34 3.87 0.00 0.00 0.00 3.50 0.00 0.00 0.00 0.07 0.07 0.00 0.07 0.00 0.00 0.00 0.00 1.31 0.80 0.80 0.00 0.00 0.00 0.00 0.00 0.00 0.00 0.00 0.00 0.00 2.85 2.77 3.29 3.50 4.02 5.48 5.18 7.74 8.83 8.83 7.88 8.10 7.23 6.86 6.86 3.21 2.85 4.82 5.55 7.01 7.23 8.40 8.54 8.18 7.37 6.94 5.99 6.64 6.86 6.79 6.42 5.33 4.74 6.13 6.06 5.04 6.57 6.64 7.37 7.37 7.08 8.32 7.81 7.66 8.83 7.23 7.08
6.06 6.06 5.99 6.86 4.53 4.89 2.63 2.34 0.00 0.00 0.15 0.00 0.00 0.00 0.00 0.00 0.00 0.00 0.00 0.00 0.00 0.00 0.51 0.58 0.44 2.63 2.63 3.07 4.74 5.40 3.87 1.83 0.00 0.00 0.00 0.00 0.00 0.00 3.07 3.21 4.38 5.40 4.96 5.48 6.06 7.30 6.72 7.08 6.94 4.38 2.70 2.70 3.29 2.19 3.14 3.94 6.13 7.88 7.45 6.79 6.72 6.79 6.57 5.84 6.79 5.69 6.28 5.84 5.99 4.89 6.20 5.33 5.77 5.18 5.48 5.84 5.84 7.30 7.01 7.66 8.76 8.54 9.05 8.76
6.42 6.42 6.13 6.50 4.09 2.12 2.48 1.24 0.00 0.00 0.00 0.00 0.00 0.00 0.00 0.00 0.00 0.00 0.00 0.00 0.00 0.00 0.00 0.00 0.22 3.72 3.72 5.18 0.00 5.99 4.23 3.43 3.72 1.61 1.24 0.00 0.00 3.21 2.70 3.07 2.92 2.85 2.12 2.04 2.04 2.26 0.00 3.50 4.38 4.82 3.94 3.94 5.18 4.89 5.18 7.08 7.88 8.69 7.15 7.74 6.86 7.08 7.23 6.64 6.35 6.50 6.57 6.50 7.01 4.89 7.08 7.23 5.48 6.13 5.84 5.33 5.33 4.96 6.20 8.10 9.05 9.05 8.69 8.61
7.74 7.74 5.18 3.50 3.65 2.56 1.83 0.44 0.51 0.00 0.00 0.00 0.00 0.00 0.00 0.00 0.00 0.00 0.00 0.00 0.00 0.00 0.00 0.00 0.00 6.06 6.06 6.35 5.33 5.11 5.69 3.87 2.99 3.29 2.34 1.90 3.07 3.14 2.92 0.37 0.00 0.00 0.00 0.00 0.00 0.00 0.00 1.53 4.31 6.06 4.53 4.53 5.55 6.28 6.50 8.69 9.27 10.29 8.61 8.03 8.03 8.10 7.59 6.79 6.94 7.37 6.06 6.79 6.35 7.15 7.08 7.81 8.25 8.47 7.01 6.79 6.79 5.91 5.84 6.28 6.50 8.32 8.47 8.25
8.25 8.25 5.91 4.60 4.23 2.41 2.63 2.77 0.00 0.00 0.00 0.00 0.00 0.00 0.00 0.00 0.00 0.00 0.00 0.00 0.00 0.00 0.00 0.00 0.00 6.35 6.35 3.36 4.02 4.82 5.26 3.07 2.77 1.61 1.68 1.97 3.21 4.96 2.19 0.00 0.00 0.00 0.00 0.00 0.00 0.00 2.19 4.67 6.64 7.15 6.50 6.50 5.69 5.33 4.60 7.15 8.69 10.88 9.78 10.00 9.05 7.88 7.30 7.15 7.15 6.79 7.01 7.01 6.50 6.13 7.59 7.45 7.96 8.47 8.25 7.30 7.30 8.18 7.08 6.42 6.50 7.08 7.74 8.98
5.04 5.04 4.82 4.23 3.72 2.92 0.00 3.43 2.85 0.00 0.00 0.00 0.00 0.00 0.00 0.37 0.73 0.00 0.29 0.88 0.00 1.75 2.04 6.28 5.69 7.37 7.37 4.60 4.67 4.38 5.77 2.70 0.73 1.17 0.58 2.63 4.67 4.09 5.55 0.58 0.00 0.00 0.00 6.28 6.86 6.20 8.83 8.91 8.91 8.61 7.52 7.52 7.30 3.94 4.96 7.81 10.95 10.51 10.22 10.22 8.69 8.03 7.23 5.99 6.94 7.74 6.86 8.18 7.81 7.30 8.54 8.47 8.47 8.76 8.32 8.10 8.10 8.61 7.81 7.59 7.96 9.64 10.15 9.86
5.04 5.04 4.82 4.23 3.72 2.92 0.00 3.43 2.85 0.00 0.00 0.00 0.00 0.00 0.00 0.37 0.73 0.00 0.29 0.88 0.00 1.75 2.04 6.28 5.69 7.37 7.37 4.60 4.67 4.38 5.77 2.70 0.73 1.17 0.58 2.63 4.67 4.09 5.55 0.58 0.00 0.00 0.00 6.28 6.86 6.20 8.83 8.91 8.91 8.61 7.52 7.52 7.30 3.94 4.96 7.81 10.95 10.51 10.22 10.22 8.69 8.03 7.23 5.99 6.94 7.74 6.86 8.18 7.81 7.30 8.54 8.47 8.47 8.76 8.32 8.10 8.10 8.61 7.81 7.59 7.96 9.64 10.15 9.86
5.69 5.69 6.28 4.31 4.31 4.67 4.74 4.53 4.82 4.45 3.50 3.80 2.19 0.00 1.46 0.88 1.24 0.00 0.00 0.00 0.00 1.53 0.00 2.48 4.16 5.99 5.99 6.50 6.06 5.55 6.06 3.07 1.97 1.90 2.04 2.70 6.79 8.32 9.49 9.42 9.49 8.69 8.61 8.03 7.81 8.32 9.64 9.86 9.13 11.46 10.44 10.44 10.59 6.79 6.06 7.37 11.61 9.56 9.27 7.23 7.88 6.50 6.57 6.72 6.57 7.37 7.52 8.54 7.88 9.71 9.93 9.27 9.49 9.20 9.34 9.27 9.27 7.96 8.69 7.66 8.83 9.34 8.32 9.49
6.06 6.06 5.77 3.94 4.31 4.02 0.00 4.67 3.50 3.21 4.09 2.63 2.56 2.92 2.77 0.80 1.46 0.00 0.00 0.00 0.00 0.00 2.48 3.43 3.21 5.48 5.48 6.72 6.28 6.79 5.91 4.53 3.94 3.87 4.82 5.33 7.52 7.01 9.27 9.64 8.69 8.69 8.61 8.69 9.71 10.51 10.37 11.17 11.68 11.83 13.21 13.21 12.85 10.66 11.75 9.20 7.30 9.27 8.76 8.03 8.47 8.69 8.47 6.94 7.52 7.30 7.81 7.81 9.34 10.15 9.71 10.44 10.44 8.76 7.74 7.23 7.23 7.74 6.42 7.23 8.03 8.03 8.76 8.10
4.23 4.23 4.82 0.00 0.00 0.00 0.00 2.56 1.17 1.02 0.29 2.41 1.90 1.17 1.31 0.15 0.00 0.00 0.00 0.00 0.00 0.00 2.99 2.63 4.96 4.53 4.53 6.42 6.57 6.42 6.79 6.06 5.11 5.84 5.77 5.91 7.45 9.56 9.05 9.20 7.96 8.10 8.32 9.71 9.56 10.15 10.15 11.02 11.90 10.44 12.85 12.85 12.92 12.26 13.43 12.56 8.91 9.49 6.86 7.01 8.25 7.30 5.55 6.28 6.86 8.32 8.91 9.13 9.42 9.20 11.02 10.44 10.15 9.27 7.74 7.30 7.30 4.96 6.42 7.81 9.49 9.27 6.57 8.25
0.00 0.00 0.00 0.00 0.00 0.00 0.00 0.00 0.00 0.00 0.00 0.00 0.29 0.66 0.00 0.22 0.00 0.00 0.00 0.00 0.00 1.90 2.92 2.99 2.85 4.38 4.38 5.04 5.18 6.06 6.94 6.79 7.01 8.18 8.25 6.86 6.20 5.91 6.64 7.45 8.03 8.03 8.18 9.20 10.59 10.44 11.02 11.02 9.49 8.61 11.02 11.02 10.73 12.78 10.66 5.62 9.56 4.89 5.18 3.94 5.84 0.00 3.65 5.26 6.72 5.69 8.25 9.71 8.54 8.40 8.40 8.03 8.91 4.74 5.11 6.20 6.20 5.99 9.86 9.20 7.88 8.47 9.42 6.94
0.00 0.00 0.00 0.00 0.00 0.00 0.00 0.00 0.00 0.00 0.00 0.00 0.00 0.00 0.00 0.00 0.00 0.00 0.00 0.00 0.00 0.37 0.00 0.00 0.00 3.72 3.72 4.02 4.16 4.09 5.26 7.37 7.52 6.86 6.94 6.50 5.91 6.35 6.28 5.40 5.91 5.69 8.98 10.73 9.93 9.78 10.51 10.80 9.64 9.05 9.20 9.20 10.07 8.98 6.50 10.00 4.38 2.56 0.00 0.00 0.00 0.00 0.00 0.00 0.00 0.00 6.13 7.88 4.67 4.96 3.72 3.43 3.29 3.14 2.77 9.20 9.20 13.36 12.56 12.85 11.90 8.98 6.72 6.50
0.00 0.00 0.00 0.00 0.00 0.00 0.00 0.00 0.00 0.00 0.00 0.00 0.00 0.00 0.00 0.00 0.00 0.00 0.00 0.00 0.37 0.00 2.41 2.99 3.21 3.21 3.21 3.58 3.14 4.74 6.35 5.84 6.94 5.91 5.18 5.33 4.67 5.55 5.11 5.11 4.96 4.67 6.79 7.37 9.13 9.05 7.45 9.05 9.86 8.40 8.76 8.76 7.96 8.40 6.20 7.74 0.00 0.00 0.00 0.00 0.00 0.00 3.58 2.56 3.36 2.92 4.16 5.69 3.36 6.64 6.35 6.06 4.38 3.80 13.14 14.75 14.75 17.52 17.45 15.77 14.31 11.24 10.80 7.52
0.00 0.00 0.00 0.00 0.00 0.00 0.00 0.00 0.00 0.00 0.00 0.00 0.00 0.00 0.00 0.00 0.00 0.00 0.00 0.00 0.37 0.00 2.41 2.99 3.21 3.21 3.21 3.58 3.14 4.74 6.35 5.84 6.94 5.91 5.18 5.33 4.67 5.55 5.11 5.11 4.96 4.67 6.79 7.37 9.13 9.05 7.45 9.05 9.86 8.40 8.76 8.76 7.96 8.40 6.20 7.74 0.00 0.00 0.00 0.00 0.00 0.00 3.58 2.56 3.36 2.92 4.16 5.69 3.36 6.64 6.35 6.06 4.38 3.80 13.14 14.75 14.75 17.52 17.45 15.77 14.31 11.24 10.80 7.52
0.00 0.00 0.00 0.00 0.00 0.00 0.00 0.00 0.00 0.00 0.00 0.00 0.00 0.00 0.00 0.00 0.00 0.00 0.00 0.00 0.22 1.90 4.31 3.65 0.00 2.41 2.41 3.36 3.43 3.87 6.13 5.33 5.40 4.74 5.40 5.91 5.91 6.72 6.13 5.62 5.40 6.57 6.94 7.96 6.64 6.42 6.57 6.28 8.47 8.25 7.15 7.15 5.18 2.41 0.00 0.00 0.00 0.00 0.00 0.00 0.00 6.86 6.35 3.80 7.96 6.86 7.52 7.01 6.57 8.91 8.91 8.18 7.66 14.16 15.40 18.47 18.47 19.05 17.67 16.28 14.82 14.16 14.75 12.99
