Wansh/Snow_depth/snowdepth-1998/winter/1998350.txt
ncols 321
nrows 161
xllcenter 60
yllcenter 15 
cellsize  0.25 
NODATA_value -1
[rows 0 to 36 of 161, columns 168 to 251 of 321]
0.07 0.29 1.24 0.22 0.44 0.80 2.34 3.14 3.14 3.14 2.34 1.39 1.83 1.17 1.39 1.31 2.56 3.36 3.36 4.60 4.74 3.43 2.70 2.70 4.31 4.31 1.83 0.00 0.00 0.00 0.00 0.00 12.41 7.52 13.07 13.07 9.34 8.83 10.29 11.17 10.73 8.61 8.83 8.47 9.27 8.98 11.90 11.39 11.17 8.83 9.49 7.59 5.84 7.74 5.04 5.33 4.96 5.84 5.91 5.91 5.91 6.72 9.49 8.76 12.92 12.34 13.43 14.38 10.73 9.86 10.07 9.71 10.37 10.73 10.00 12.92 14.75 16.21 15.33 15.55 15.70 15.70 15.40 15.70
4.67 2.12 2.04 2.26 0.22 0.95 1.10 1.46 1.97 1.97 1.97 2.34 2.34 2.34 1.90 2.70 2.48 3.43 3.80 3.80 3.21 3.29 2.56 2.85 3.65 1.53 0.00 0.00 0.00 0.00 0.00 8.83 4.60 7.59 3.94 3.94 6.50 9.78 8.47 11.68 10.44 11.17 12.41 12.56 12.56 12.05 11.83 11.17 11.61 9.42 6.72 6.79 6.20 4.89 4.96 4.82 5.77 5.69 5.77 5.40 5.40 5.91 5.77 8.18 11.10 11.46 11.61 10.80 11.32 10.66 10.44 10.44 10.15 11.02 12.48 14.24 14.24 17.37 16.43 15.77 15.33 10.80 12.12 11.53
7.74 6.50 2.99 3.50 1.90 1.53 1.68 1.39 2.26 2.26 2.48 2.63 2.19 2.04 2.12 3.14 3.50 3.07 4.60 2.99 3.21 3.14 3.21 3.36 0.00 2.34 0.00 0.00 0.00 0.00 0.00 4.82 6.64 5.62 3.87 3.87 7.74 6.42 13.29 13.36 12.85 13.80 13.58 12.63 10.37 11.10 7.23 7.74 6.94 6.72 7.23 6.06 5.69 5.69 5.77 4.96 4.82 5.62 5.33 5.48 5.48 5.33 7.37 7.01 8.10 9.78 10.66 10.29 11.46 10.73 10.88 11.61 11.32 11.83 11.83 12.78 12.63 14.16 10.59 9.78 9.78 10.66 10.15 10.88
7.74 6.50 2.99 3.50 1.90 1.53 1.68 1.39 2.26 2.26 2.48 2.63 2.19 2.04 2.12 3.14 3.50 3.07 4.60 2.99 3.21 3.14 3.21 3.36 0.00 2.34 0.00 0.00 0.00 0.00 0.00 4.82 6.64 5.62 3.87 3.87 7.74 6.42 13.29 13.36 12.85 13.80 13.58 12.63 10.37 11.10 7.23 7.74 6.94 6.72 7.23 6.06 5.69 5.69 5.77 4.96 4.82 5.62 5.33 5.48 5.48 5.33 7.37 7.01 8.10 9.78 10.66 10.29 11.46 10.73 10.88 11.61 11.32 11.83 11.83 12.78 12.63 14.16 10.59 9.78 9.78 10.66 10.15 10.88
7.37 7.81 9.20 5.55 6.35 2.34 3.36 1.83 1.83 1.83 2.12 2.48 2.56 3.72 4.23 3.58 6.42 5.18 5.26 3.94 3.72 4.09 2.19 3.80 1.17 0.00 0.00 0.00 0.00 0.00 0.73 3.94 1.46 3.94 2.92 2.92 8.32 11.83 11.39 12.12 11.68 11.10 10.07 7.37 7.37 5.77 7.15 6.50 5.48 6.94 5.33 5.84 5.99 6.79 5.91 6.35 5.26 5.55 6.20 6.20 6.20 6.64 6.35 7.45 8.83 8.54 8.32 9.34 10.37 8.91 8.54 8.91 10.07 9.42 10.59 11.61 8.91 7.37 7.37 8.40 8.76 10.15 9.64 10.80
11.53 11.53 11.32 12.78 7.37 4.96 4.89 6.28 3.36 3.36 2.77 5.62 5.26 4.96 6.94 7.08 6.79 5.62 3.58 4.23 0.00 0.00 0.95 0.00 0.00 0.00 0.00 0.00 0.00 1.68 0.00 4.31 4.38 3.58 8.03 8.03 8.40 8.40 7.23 9.93 9.78 9.64 9.86 7.88 5.91 6.28 5.18 5.40 5.55 4.89 5.55 5.40 6.28 5.62 5.62 5.26 5.40 5.18 5.84 5.40 5.40 7.37 7.15 8.47 8.47 8.91 7.88 6.42 7.66 7.45 8.10 7.23 7.66 6.42 8.76 5.18 8.54 8.10 6.20 7.23 8.10 9.13 8.54 10.07
10.51 12.92 13.87 13.65 11.83 12.70 8.25 7.96 8.03 8.03 5.99 5.77 8.25 7.66 7.52 9.34 5.84 6.72 2.04 0.00 1.53 0.00 0.00 0.00 0.00 0.00 0.00 0.00 0.00 2.77 4.82 3.43 4.96 6.79 7.23 7.23 7.74 7.01 7.15 7.37 8.54 8.10 7.37 7.45 7.45 6.86 6.13 6.72 7.08 5.48 5.91 4.60 3.87 3.94 2.04 2.77 3.14 3.14 4.38 3.87 3.87 5.62 4.74 5.69 6.42 5.91 5.04 3.87 5.11 4.82 5.77 6.06 6.79 6.79 3.87 5.62 5.77 6.42 6.20 7.45 10.54 12.04 10.32 8.80
10.51 12.92 13.87 13.65 11.83 12.70 8.25 7.96 8.03 8.03 5.99 5.77 8.25 7.66 7.52 9.34 5.84 6.72 2.04 0.00 1.53 0.00 0.00 0.00 0.00 0.00 0.00 0.00 0.00 2.77 4.82 3.43 4.96 6.79 7.23 7.23 7.74 7.01 7.15 7.37 8.54 8.10 7.37 7.45 7.45 6.86 6.13 6.72 7.08 5.48 5.91 4.60 3.87 3.94 2.04 2.77 3.14 3.14 4.38 3.87 3.87 5.62 4.74 5.69 6.42 5.91 5.04 3.87 5.11 4.82 5.77 6.06 6.79 6.79 3.87 6.50 7.95 9.24 8.50 12.66 17.41 16.03 13.27 9.13
12.34 12.19 15.33 15.70 14.75 14.53 10.15 8.10 9.05 9.05 8.40 9.78 8.76 11.46 10.07 10.15 3.14 1.24 4.16 0.00 0.00 0.00 0.00 0.00 0.00 0.00 0.00 0.00 3.14 3.43 3.14 4.60 4.60 5.99 7.66 7.66 7.52 7.08 6.50 7.08 7.52 8.10 8.25 7.45 7.01 7.37 6.35 7.08 6.79 6.72 4.23 4.60 3.21 2.12 2.48 1.83 1.90 2.12 2.04 2.77 2.77 4.53 4.45 3.87 3.14 4.09 3.87 4.02 4.89 4.74 5.91 6.50 6.50 4.29 5.27 7.58 10.41 11.17 12.25 17.19 15.23 13.44 11.35 9.11
5.91 8.61 7.81 11.32 8.40 8.76 9.64 6.28 9.27 9.27 7.81 10.44 9.71 11.02 3.36 1.46 3.94 0.00 0.00 0.00 0.00 0.00 0.00 0.00 0.00 0.00 3.65 3.65 2.77 3.80 4.60 4.53 4.45 5.11 6.64 6.64 6.57 6.79 6.13 6.86 6.28 8.47 7.88 7.30 7.30 7.37 5.40 5.91 5.77 4.60 5.11 2.85 1.83 1.75 1.97 1.39 1.31 1.90 2.77 3.43 3.43 3.43 3.43 3.94 4.74 4.96 4.74 5.62 6.06 6.50 6.42 5.33 4.33 6.29 8.74 7.46 8.57 11.20 14.22 12.83 9.94 9.70 10.31 10.41
5.84 4.96 4.60 5.04 7.23 6.50 6.79 6.94 8.25 8.25 6.72 6.50 0.00 1.31 4.02 0.00 0.00 0.00 0.00 0.00 0.00 0.00 2.70 1.17 0.51 3.65 3.14 4.45 5.40 4.02 4.60 4.45 4.53 5.04 6.20 6.20 5.91 6.13 5.69 5.84 8.69 7.81 7.96 6.50 6.42 6.42 5.69 4.02 4.09 4.23 3.14 3.43 2.77 3.94 4.09 3.87 3.50 3.94 4.23 4.38 4.38 4.02 5.26 5.55 5.69 6.06 5.26 5.69 8.47 7.81 7.74 5.11 5.62 4.89 5.04 8.47 8.55 10.75 9.13 10.05 9.45 9.08 7.15 8.15
5.84 4.96 4.60 5.04 7.23 6.50 6.79 6.94 8.25 8.25 6.72 6.50 0.00 1.31 4.02 0.00 0.00 0.00 0.00 0.00 0.00 0.00 2.70 1.17 0.51 3.65 3.14 4.45 5.40 4.02 4.60 4.45 4.53 5.04 6.20 6.20 5.91 6.13 5.69 5.84 8.69 7.81 7.96 6.50 6.42 6.42 5.69 4.02 4.09 4.23 3.14 3.43 2.77 3.94 4.09 3.87 3.50 3.94 4.23 4.38 4.38 4.02 5.26 5.55 5.69 6.06 5.26 5.69 8.47 7.81 7.74 5.11 5.48 4.82 4.89 7.87 7.62 9.95 9.73 10.43 9.45 8.89 7.85 8.71
6.13 6.86 5.99 5.40 5.26 5.48 2.70 1.17 2.04 2.04 0.44 0.00 0.00 0.00 0.00 0.00 0.00 0.00 0.00 4.31 3.29 2.12 2.99 4.31 4.09 3.72 4.82 4.60 5.26 4.60 4.82 4.45 5.69 5.40 6.28 6.28 6.13 6.42 6.20 8.83 8.40 9.05 7.59 5.40 5.40 4.89 4.23 4.31 4.23 4.60 4.67 3.87 4.16 4.09 4.53 4.67 6.35 6.42 6.06 6.35 6.35 5.84 9.34 8.61 7.01 7.23 9.42 9.20 10.95 9.13 8.32 6.57 6.64 4.82 5.54 6.77 7.59 7.72 7.67 8.06 8.01 8.48 7.30 7.53
6.57 7.74 7.52 5.69 5.40 2.77 3.58 0.00 0.00 0.00 0.00 0.00 0.00 0.00 0.00 0.00 0.00 0.00 5.33 2.99 4.45 7.30 4.67 5.91 6.20 6.72 6.64 4.96 4.82 5.40 4.96 5.33 5.55 5.48 6.20 6.20 5.62 6.20 5.91 8.03 9.56 8.54 9.05 6.57 5.40 5.55 4.96 4.38 4.45 4.45 4.09 5.91 4.31 6.50 7.59 7.15 7.15 7.01 8.47 10.29 10.29 11.97 11.90 11.53 11.90 11.17 14.97 12.48 14.09 10.66 9.78 10.37 6.79 6.43 9.31 8.90 6.91 6.87 8.54 6.21 6.53 5.93 7.20 8.24
9.20 7.96 9.13 7.52 7.74 4.82 0.00 4.45 0.00 0.00 0.00 0.00 0.00 0.00 0.00 0.00 0.00 0.00 3.50 6.20 8.32 8.03 9.42 6.57 6.28 7.30 7.15 7.52 8.10 6.72 6.35 6.13 5.40 5.55 6.20 6.20 7.52 7.23 7.52 8.61 8.47 8.83 8.69 8.69 8.69 8.40 8.47 8.40 7.66 7.30 6.94 6.35 7.01 8.54 8.18 8.98 9.78 8.10 7.96 9.78 9.78 11.17 15.62 15.62 17.96 16.79 18.25 15.99 15.62 15.26 11.02 11.83 8.87 10.37 8.40 8.85 8.59 8.76 6.79 7.49 7.64 6.73 6.23 6.26
9.86 9.78 9.42 8.83 8.76 9.27 8.54 9.42 9.13 9.13 0.00 3.94 5.48 0.95 2.63 3.43 3.14 5.40 7.59 7.66 9.20 10.29 10.00 11.39 10.66 9.20 8.83 8.10 8.25 7.15 7.23 7.08 7.81 6.57 6.64 6.64 6.79 7.30 7.45 7.96 8.25 8.47 8.32 8.40 8.54 8.47 8.40 8.69 8.83 8.40 8.76 8.47 9.13 8.25 9.71 10.88 11.39 9.86 9.42 10.80 10.80 12.63 17.52 18.69 18.18 18.54 16.21 14.24 14.67 13.72 8.54 7.98 8.19 8.86 10.40 9.80 9.94 8.65 7.87 8.54 8.46 9.41 8.23 7.45
9.86 9.78 9.42 8.83 8.76 9.27 8.54 9.42 9.13 9.13 0.00 3.94 5.48 0.95 2.63 3.43 3.14 5.40 7.59 7.66 9.20 10.29 10.00 11.39 10.66 9.20 8.83 8.10 8.25 7.15 7.23 7.08 7.81 6.57 6.64 6.64 6.79 7.30 7.45 7.96 8.25 8.47 8.32 8.40 8.54 8.47 8.40 8.69 8.83 8.40 8.76 8.47 9.13 8.25 9.71 10.88 11.39 9.86 9.42 10.80 10.80 12.63 17.52 18.69 18.18 18.54 16.21 14.24 14.67 13.72 8.54 9.79 7.68 9.63 9.34 12.13 10.09 9.56 8.03 7.70 8.18 8.09 8.95 8.45
6.50 6.42 7.23 5.84 7.37 7.66 6.64 8.32 7.74 7.74 8.25 7.01 7.45 7.23 5.55 7.08 7.59 6.13 7.37 8.40 7.66 8.69 11.02 11.02 10.73 9.71 9.56 8.61 7.08 7.30 7.74 8.47 8.32 8.10 7.66 7.66 7.81 7.88 7.30 7.23 8.83 7.30 7.66 8.61 8.47 7.59 7.30 7.30 8.32 9.13 9.20 9.05 9.86 10.22 10.88 11.53 11.24 10.29 10.07 10.88 10.88 10.88 14.45 17.37 17.30 14.24 16.28 11.83 9.27 9.64 8.47 6.77 6.32 10.19 9.87 10.14 9.81 9.21 7.72 10.20 9.27 9.80 9.10 8.05
4.82 4.53 5.40 5.48 4.60 5.77 5.48 5.62 6.72 6.72 7.08 6.72 9.13 8.76 8.98 8.18 6.42 6.50 6.28 7.37 8.10 7.81 8.61 8.98 9.20 8.54 9.05 8.69 7.45 7.01 7.52 7.81 8.25 8.47 7.52 7.52 8.18 7.15 7.23 7.08 7.74 7.59 7.52 7.88 8.25 8.54 7.23 7.88 7.74 8.10 7.81 8.18 10.37 10.07 10.44 10.29 11.75 10.15 11.32 11.46 11.46 11.39 11.61 11.68 14.09 11.68 12.12 9.49 7.59 8.51 7.01 4.94 5.91 6.37 6.82 7.63 7.25 8.26 8.78 9.20 10.14 9.73 8.51 9.15
2.99 3.50 2.70 4.82 4.31 6.13 4.60 4.89 5.55 5.55 6.72 7.23 8.54 8.18 7.23 7.52 6.86 6.50 8.10 7.52 9.13 8.83 9.05 8.03 7.08 7.37 7.96 7.01 7.37 5.99 6.94 8.40 8.32 8.61 9.42 9.42 9.13 7.30 7.66 7.66 7.96 8.25 7.37 7.08 7.23 6.50 5.91 6.64 6.50 7.59 7.59 7.52 8.10 7.66 9.42 11.46 11.02 11.68 11.75 11.10 11.10 11.90 11.68 11.83 11.39 11.53 10.59 9.20 5.48 5.62 5.33 5.18 5.84 6.42 6.50 7.90 8.58 10.38 11.63 9.35 10.14 7.94 7.03 8.09
1.53 2.19 1.90 3.94 2.63 2.77 3.72 4.23 3.87 3.87 6.06 6.86 6.35 7.23 7.08 6.35 6.86 6.20 8.83 12.05 11.75 10.51 9.20 9.71 6.64 5.84 5.99 6.72 5.77 5.84 6.50 9.05 10.00 9.93 10.73 10.73 9.49 8.76 8.91 9.56 9.93 9.86 8.40 6.13 5.40 5.11 6.42 5.40 6.28 7.23 7.01 7.52 7.45 6.42 7.37 6.86 10.00 11.46 10.37 11.24 11.24 10.29 11.17 9.27 7.59 7.81 4.09 5.69 5.55 6.50 6.86 7.96 8.47 7.74 8.43 8.22 10.98 10.33 11.90 10.73 12.27 9.14 8.16 6.27
1.31 2.04 2.04 1.75 2.63 3.07 2.77 4.23 4.09 4.09 5.33 5.33 6.13 5.84 6.72 6.06 5.84 10.95 9.64 13.65 13.94 13.80 9.78 5.99 6.64 5.62 6.79 8.32 8.25 9.34 11.17 9.34 10.59 11.39 11.32 11.32 11.24 9.64 9.42 9.56 9.71 9.42 8.25 7.88 6.50 7.08 6.13 5.62 5.77 5.91 6.57 5.55 6.20 6.13 6.13 9.27 10.22 10.29 9.20 8.83 8.83 5.26 7.78 7.23 0.00 0.00 0.00 4.89 4.60 6.28 6.06 7.15 8.47 8.32 8.06 9.58 13.70 11.70 11.33 9.87 7.90 7.35 8.90 7.36
1.31 2.04 2.04 1.75 2.63 3.07 2.77 4.23 4.09 4.09 5.33 5.33 6.13 5.84 6.72 6.06 5.84 10.95 9.64 13.65 13.94 13.80 9.78 5.99 6.64 5.62 6.79 8.32 8.25 9.34 11.17 9.34 10.59 11.39 11.32 11.32 11.24 9.64 9.42 9.56 9.71 9.42 8.25 7.88 6.50 7.08 6.13 5.62 5.77 5.91 6.57 5.55 6.20 6.13 6.13 9.27 10.22 10.29 9.20 8.83 8.83 5.26 7.78 7.23 0.00 0.00 0.00 4.89 4.60 6.28 6.06 7.15 8.47 8.32 7.74 9.63 10.64 10.29 9.49 11.49 9.66 7.51 6.97 6.79
0.00 0.00 0.80 0.44 0.44 2.77 2.48 2.85 2.85 2.85 3.14 4.60 4.53 5.18 4.74 5.33 4.74 10.73 13.36 13.72 12.70 9.42 10.51 7.08 9.27 6.57 9.27 10.00 11.24 10.95 12.48 12.41 12.41 12.26 12.41 12.41 12.12 11.97 13.87 13.36 12.12 12.70 10.00 7.37 6.94 7.08 6.42 6.28 5.33 5.04 5.55 5.18 5.91 5.40 6.20 8.32 7.66 8.10 7.88 2.92 2.92 3.72 0.00 0.00 0.00 0.00 0.00 4.38 4.02 5.18 4.74 7.01 7.23 10.29 10.80 10.34 11.60 14.39 11.88 13.81 10.73 8.11 8.41 9.45
0.00 0.00 0.00 0.37 0.22 1.02 1.31 1.17 2.48 2.48 2.41 3.07 3.72 3.58 6.94 9.05 10.07 8.98 12.70 13.07 13.14 9.78 8.69 10.15 10.15 11.17 13.94 12.56 13.51 13.43 13.72 12.56 11.75 11.46 11.90 11.90 11.39 13.36 13.43 13.51 13.14 10.88 11.46 8.83 7.45 5.04 4.31 4.89 4.89 4.45 4.02 3.07 4.60 4.16 6.13 5.62 6.20 6.94 5.11 3.58 3.58 0.00 0.00 0.00 4.23 4.02 5.26 5.26 4.82 7.37 6.50 7.01 12.12 12.70 12.88 14.44 15.08 14.07 13.98 15.02 14.11 8.78 9.77 14.48
0.00 0.00 0.00 0.00 0.29 0.95 1.02 0.80 1.83 1.83 2.70 2.63 5.91 7.15 6.64 10.00 13.36 14.31 13.58 14.67 13.07 13.43 10.07 12.12 12.26 12.41 14.16 16.94 16.50 17.16 13.36 10.37 11.68 9.64 9.05 9.05 10.15 12.05 12.05 9.34 9.34 9.49 7.88 6.06 5.04 5.55 3.94 3.29 2.48 2.92 2.48 2.70 2.19 1.83 2.48 0.00 3.36 3.43 0.00 0.00 0.00 0.00 0.00 5.77 6.94 6.79 6.35 7.59 7.88 7.96 8.03 9.05 9.41 15.34 15.34 19.13 16.91 13.67 12.67 12.13 9.45 9.88 8.97 12.11
0.00 0.00 0.00 0.00 0.00 0.00 0.22 0.07 1.46 1.46 3.94 7.23 6.94 9.27 12.12 11.24 13.36 13.43 14.45 14.60 13.43 13.72 14.38 13.87 14.16 15.48 15.26 17.08 16.86 13.80 14.60 10.80 9.42 9.56 9.71 9.71 10.15 10.44 8.83 9.34 8.03 6.50 6.94 5.33 4.23 2.26 2.56 1.39 1.68 1.90 0.80 0.00 0.00 0.00 1.53 0.22 0.00 0.44 0.00 0.00 0.00 0.00 0.00 4.53 6.64 7.15 8.10 6.50 7.81 11.10 13.80 10.88 12.42 17.58 20.23 19.90 19.50 17.69 12.26 10.69 9.07 8.93 10.56 13.04
0.00 0.00 0.00 0.00 0.00 0.00 0.51 2.19 1.90 1.90 4.02 7.01 8.69 8.32 8.61 11.10 11.17 10.88 9.49 11.68 11.83 12.56 13.43 15.99 15.48 13.72 12.63 14.97 16.43 13.14 10.73 11.24 9.71 9.34 9.34 9.34 9.34 10.00 8.69 8.10 8.76 7.30 5.77 4.53 2.99 3.72 1.68 2.34 1.24 0.07 0.00 0.00 0.00 0.00 0.00 0.00 0.00 0.22 0.00 0.00 0.00 0.00 0.00 0.00 4.74 3.72 7.37 8.25 11.32 11.90 12.58 18.37 20.44 17.07 15.85 15.85 13.25 12.17 12.73 9.48 10.63 9.83 11.38 8.16
0.00 0.00 0.00 0.00 0.00 0.00 0.51 2.19 1.90 1.90 4.02 7.01 8.69 8.32 8.61 11.10 11.17 10.88 9.49 11.68 11.83 12.56 13.43 15.99 15.48 13.72 12.63 14.97 16.43 13.14 10.73 11.24 9.71 9.34 9.34 9.34 9.34 10.00 8.69 8.10 8.76 7.30 5.77 4.53 2.99 3.72 1.68 2.34 1.24 0.07 0.00 0.00 0.00 0.00 0.00 0.00 0.00 0.22 0.00 0.00 0.00 0.00 0.00 0.00 4.74 3.72 7.37 8.25 11.32 11.90 12.64 18.17 18.48 19.02 16.91 18.49 15.38 11.77 13.30 9.22 11.24 11.66 10.39 6.93
0.00 0.00 0.00 0.00 0.00 0.00 0.29 1.90 3.29 3.29 3.07 4.23 7.59 6.57 6.42 4.74 7.81 7.23 7.59 5.55 6.42 9.78 10.80 13.21 11.97 12.34 10.37 10.51 9.93 10.29 8.10 7.30 7.15 10.15 7.23 7.23 6.28 7.15 6.94 6.86 7.23 5.91 4.45 4.67 3.87 2.34 2.99 2.04 2.41 0.37 0.00 0.00 0.00 0.00 0.00 0.00 0.00 0.00 0.00 0.00 0.00 0.00 0.00 0.00 0.00 7.88 10.66 13.58 13.13 13.72 14.82 18.95 21.24 18.55 18.19 18.12 16.63 12.33 14.72 11.98 10.88 12.53 9.95 5.48
0.00 0.22 0.00 0.00 0.00 0.37 1.53 0.88 2.19 2.19 4.16 4.53 3.94 4.67 3.94 3.43 3.43 4.96 4.09 4.31 3.50 3.72 3.58 8.32 7.52 7.74 7.37 8.32 8.18 6.35 5.99 6.13 5.77 5.18 5.18 5.18 5.18 5.33 5.62 5.40 5.18 5.26 2.04 2.04 1.46 1.97 2.48 3.07 0.51 0.00 0.00 0.00 0.00 0.00 0.00 0.00 0.00 0.00 0.00 0.00 0.00 0.00 0.00 0.00 3.29 7.96 12.63 16.86 15.70 18.25 18.32 18.44 21.08 21.84 19.39 15.18 16.63 15.88 16.58 14.60 10.86 6.32 9.13 7.60
1.10 1.17 0.80 0.00 0.00 0.00 0.00 2.77 0.00 0.00 4.31 0.00 0.00 3.50 2.48 2.63 3.07 3.07 3.29 2.63 2.56 3.50 1.83 3.43 3.07 5.33 6.64 6.94 6.79 5.48 4.74 3.87 4.09 3.14 2.26 2.26 3.14 3.07 2.77 1.61 1.24 0.00 0.73 0.73 0.66 0.00 0.00 0.00 0.00 0.00 0.00 0.00 2.41 0.00 0.00 0.00 0.00 0.00 0.00 0.00 0.00 0.00 0.00 0.00 1.90 5.84 12.41 15.70 19.13 18.25 17.52 16.97 16.65 20.95 16.88 19.19 17.86 18.61 17.48 17.05 10.09 8.37 0.61 0.00
2.19 2.41 1.53 0.00 0.00 0.00 0.00 2.92 0.00 0.00 0.00 0.00 0.00 0.00 0.00 1.75 2.12 2.41 2.41 2.12 1.10 1.83 1.61 3.07 3.58 4.89 4.67 4.96 4.09 3.07 3.43 2.77 2.56 1.83 2.19 2.19 2.19 2.41 1.75 0.51 0.66 0.58 0.00 0.00 0.00 0.00 0.00 0.00 0.00 0.00 0.00 0.00 2.99 2.12 0.00 0.15 0.00 0.00 0.00 0.00 0.00 0.00 0.29 3.29 8.47 6.86 11.46 13.65 18.76 20.66 18.54 15.41 17.35 17.88 17.97 18.37 19.67 19.14 15.41 14.76 10.78 6.78 1.87 0.00
0.95 1.39 1.75 0.37 0.00 0.00 0.00 0.00 0.00 0.00 0.00 0.00 0.00 0.00 0.51 0.88 1.39 2.04 1.97 2.34 2.19 2.99 3.58 3.29 4.02 4.89 4.96 5.04 4.23 3.29 2.63 2.70 2.63 2.19 1.90 1.90 2.63 2.34 3.07 2.99 2.19 1.68 0.44 0.66 0.00 0.00 0.00 0.00 0.00 0.00 0.00 0.00 1.39 0.00 0.00 0.00 0.00 0.00 0.00 0.00 0.00 0.00 0.15 3.80 3.36 8.47 12.78 11.10 16.13 19.86 16.57 15.62 16.63 15.37 14.44 16.95 15.30 15.08 15.13 14.44 6.72 6.71 4.09 1.33
0.00 0.66 0.00 0.00 0.00 0.00 0.00 0.00 0.00 0.00 0.00 0.00 0.95 0.00 0.44 0.22 1.97 1.61 2.56 2.34 1.97 2.85 3.21 2.92 2.63 2.63 4.16 3.50 3.65 3.94 2.48 2.85 2.99 2.99 2.70 2.70 2.48 2.92 2.92 2.77 2.85 2.26 1.61 1.75 1.31 0.00 0.00 0.00 0.00 0.00 0.00 0.00 0.00 0.00 0.00 0.00 0.00 0.00 0.00 0.00 0.00 0.00 0.00 0.00 0.22 4.02 7.45 8.61 13.29 18.47 13.43 13.43 13.56 15.12 13.05 10.38 11.59 11.84 12.69 5.78 5.82 7.88 0.00 0.00
0.00 0.66 0.00 0.00 0.00 0.00 0.00 0.00 0.00 0.00 0.00 0.00 0.95 0.00 0.44 0.22 1.97 1.61 2.56 2.34 1.97 2.85 3.21 2.92 2.63 2.63 4.16 3.50 3.65 3.94 2.48 2.85 2.99 2.99 2.70 2.70 2.48 2.92 2.92 2.77 2.85 2.26 1.61 1.75 1.31 0.00 0.00 0.00 0.00 0.00 0.00 0.00 0.00 0.00 0.00 0.00 0.00 0.00 0.00 0.00 0.00 0.00 0.00 0.00 0.22 4.02 7.45 8.61 13.29 18.47 13.43 13.36 13.35 14.89 13.05 10.85 10.32 11.36 12.39 6.07 5.71 8.30 0.00 0.00
0.00 0.00 0.00 0.00 0.00 0.00 0.00 0.00 0.00 0.00 0.00 0.00 0.00 0.00 0.00 0.00 0.00 1.24 1.97 1.83 2.12 1.83 1.75 2.04 2.19 2.19 3.07 3.43 3.50 4.16 4.23 3.29 4.02 3.43 3.43 3.43 4.02 4.09 3.14 3.21 3.14 2.63 2.56 2.48 2.04 1.68 2.41 0.00 1.53 0.00 0.00 0.00 0.00 0.00 0.00 0.00 0.00 0.00 0.00 0.00 0.00 0.00 0.00 0.00 0.00 1.31 1.46 6.13 10.80 8.98 9.13 10.22 9.05 4.57 3.74 4.56 4.60 7.30 1.52 2.68 4.74 0.82 0.00 0.00
