Wansh/Snow_depth/snowdepth-1998/winter/1998336.txt
ncols 321
nrows 161
xllcenter 60
yllcenter 15 
cellsize  0.25 
NODATA_value -1
[rows 0 to 36 of 161, columns 168 to 251 of 321]
3.43 3.36 3.43 4.31 4.31 4.31 4.31 4.96 4.74 4.74 4.74 4.23 4.45 4.16 4.23 3.43 6.42 6.42 6.42 6.42 6.20 6.57 6.20 5.91 6.72 8.32 7.52 4.16 0.00 0.00 0.00 0.00 8.18 12.92 11.24 11.24 13.14 8.54 11.97 11.90 10.15 7.81 7.96 6.57 9.20 9.20 10.15 9.56 9.42 8.61 8.98 6.13 4.67 6.28 4.67 4.45 5.04 5.69 5.55 6.06 6.06 6.35 6.50 10.07 9.56 12.12 11.75 11.53 9.71 11.17 8.47 8.25 8.25 8.47 10.29 9.93 13.21 13.80 13.80 14.16 12.48 12.78 11.61 12.92
6.13 7.30 3.94 4.45 3.07 3.29 3.94 3.94 3.87 3.87 4.38 4.16 4.45 3.43 2.92 4.16 3.65 4.96 5.84 5.62 5.48 5.48 6.28 5.84 7.74 7.52 0.00 0.00 0.00 0.00 0.00 7.66 2.26 11.10 5.26 5.26 7.66 7.01 11.61 10.88 11.53 8.61 11.10 11.02 11.32 10.59 10.44 9.05 9.34 7.30 5.69 6.20 4.74 4.82 4.60 4.23 5.04 5.40 5.55 5.91 5.91 6.35 8.61 7.88 11.02 11.61 10.51 9.86 10.15 9.05 9.42 9.20 10.73 9.56 11.10 13.43 12.92 14.24 14.02 14.16 12.56 10.51 10.88 10.59
10.88 8.98 5.69 3.87 3.21 3.65 2.70 3.65 4.23 4.23 4.02 3.87 3.29 3.43 3.58 4.53 5.18 5.48 5.40 5.33 5.40 6.86 7.88 8.40 0.00 5.40 0.00 0.00 0.00 0.00 0.00 3.87 5.26 5.77 3.87 3.87 7.81 11.97 11.17 12.92 12.34 12.48 11.39 9.78 9.78 7.96 6.42 6.35 6.79 6.94 5.91 5.11 4.74 4.96 5.26 5.40 5.33 5.26 5.11 6.57 6.57 6.42 8.32 10.59 10.37 9.56 9.20 9.05 9.93 9.93 9.93 10.44 10.15 11.24 10.22 10.37 10.66 9.71 9.86 9.34 8.83 8.83 8.76 9.20
10.88 8.98 5.69 3.87 3.21 3.65 2.70 3.65 4.23 4.23 4.02 3.87 3.29 3.43 3.58 4.53 5.18 5.48 5.40 5.33 5.40 6.86 7.88 8.40 0.00 5.40 0.00 0.00 0.00 0.00 0.00 3.87 5.26 5.77 3.87 3.87 7.81 11.97 11.17 12.92 12.34 12.48 11.39 9.78 9.78 7.96 6.42 6.35 6.79 6.94 5.91 5.11 4.74 4.96 5.26 5.40 5.33 5.26 5.11 6.57 6.57 6.42 8.32 10.59 10.37 9.56 9.20 9.05 9.93 9.93 9.93 10.44 10.15 11.24 10.22 10.37 10.66 9.71 9.86 9.34 8.83 8.83 8.76 9.20
10.29 9.13 9.71 7.15 4.23 4.38 4.53 4.60 4.67 4.67 4.31 3.94 3.94 4.74 4.74 4.60 5.77 6.20 7.08 5.84 6.42 6.06 7.01 8.69 0.00 0.00 0.00 0.00 0.00 0.00 3.43 1.53 3.50 5.33 4.38 4.38 7.52 10.37 11.68 12.19 11.90 9.05 9.64 7.37 6.28 6.13 6.35 4.96 4.96 5.04 5.77 5.62 6.13 6.13 5.91 5.33 5.04 5.33 6.35 6.28 6.28 7.74 8.83 8.83 8.83 9.05 9.42 9.78 9.78 9.56 8.40 8.54 7.66 9.56 9.56 7.45 8.91 8.18 7.66 7.52 8.10 8.76 8.69 9.42
9.20 10.22 10.00 10.59 8.18 6.35 5.26 5.04 7.01 7.01 6.64 6.57 6.79 6.35 6.94 7.08 7.01 6.35 7.45 5.55 5.04 0.00 0.00 0.00 0.00 0.00 0.00 0.00 0.00 0.00 2.99 4.02 4.38 5.69 8.54 8.54 8.83 9.64 7.23 7.74 7.59 9.13 7.59 7.59 5.69 5.48 5.77 4.45 5.11 5.04 5.91 6.28 6.35 4.89 5.33 4.67 5.26 5.18 5.11 6.72 6.72 7.52 8.69 8.83 8.83 7.74 5.84 7.96 6.20 7.81 7.74 6.86 7.15 6.57 7.08 7.01 6.20 6.35 6.28 7.01 7.23 6.86 8.40 8.91
7.45 10.07 10.95 11.39 10.59 7.52 10.59 9.42 7.96 7.96 6.64 6.94 7.96 7.45 7.23 7.15 6.28 6.06 5.04 4.89 3.65 0.00 0.00 0.00 0.00 0.00 0.00 0.00 2.77 0.00 3.50 5.26 7.88 7.15 7.74 7.74 7.52 6.79 6.94 6.06 7.30 7.15 6.35 6.57 6.57 6.57 6.64 6.50 6.57 6.28 6.42 4.74 4.60 4.89 3.58 3.43 3.29 4.31 4.02 6.20 6.20 5.77 5.69 5.48 6.86 7.30 5.40 5.55 5.62 5.04 5.69 5.55 5.62 5.84 5.69 5.77 6.50 5.55 7.52 7.22 8.92 11.22 10.39 10.64
7.45 10.07 10.95 11.39 10.59 7.52 10.59 9.42 7.96 7.96 6.64 6.94 7.96 7.45 7.23 7.15 6.28 6.06 5.04 4.89 3.65 0.00 0.00 0.00 0.00 0.00 0.00 0.00 2.77 0.00 3.50 5.26 7.88 7.15 7.74 7.74 7.52 6.79 6.94 6.06 7.30 7.15 6.35 6.57 6.57 6.57 6.64 6.50 6.57 6.28 6.42 4.74 4.60 4.89 3.58 3.43 3.29 4.31 4.02 6.20 6.20 5.77 5.69 5.48 6.86 7.30 5.40 5.55 5.62 5.04 5.69 5.55 5.62 5.84 5.69 6.67 8.96 7.98 10.30 12.27 14.73 14.93 13.37 11.04
7.15 8.76 9.71 11.10 10.88 10.66 10.80 9.49 7.23 7.23 7.01 8.32 7.96 9.05 7.96 7.15 9.13 6.35 5.33 0.00 0.00 0.00 0.00 0.00 0.00 0.00 0.29 0.00 3.14 4.53 6.28 5.69 7.23 6.94 7.52 7.52 7.52 5.55 5.48 5.33 6.35 6.86 6.64 6.72 7.01 6.86 6.35 6.06 6.13 5.62 4.45 4.67 3.43 2.48 3.07 2.92 3.36 3.43 3.29 3.80 3.80 5.18 4.02 4.23 4.60 5.04 4.74 4.96 4.82 4.74 5.69 5.62 5.77 6.10 7.44 8.80 11.13 10.51 8.85 14.95 14.49 12.27 11.26 10.44
6.13 7.88 7.45 9.27 7.15 6.79 7.23 7.74 8.40 8.40 8.69 9.64 7.59 6.20 7.01 7.30 9.42 6.50 0.00 0.00 0.00 0.00 0.00 0.00 0.00 0.00 4.67 5.40 5.26 5.11 5.69 5.40 5.18 6.42 5.48 5.48 5.11 5.48 4.38 5.48 4.89 7.52 7.15 7.15 6.79 5.55 5.91 4.82 5.62 5.91 3.58 2.77 3.07 2.92 3.50 3.58 3.43 3.43 3.36 3.72 3.72 4.60 4.45 4.89 5.26 5.26 4.96 5.91 5.91 6.64 7.52 7.52 6.66 8.85 9.77 8.76 9.20 12.11 14.35 13.42 13.12 10.58 11.59 10.20
5.33 4.74 5.77 5.04 6.13 5.69 6.64 7.52 5.55 5.55 6.86 5.26 5.91 5.84 0.00 6.28 0.00 0.00 0.00 0.00 0.95 0.00 2.26 3.14 1.24 4.89 5.77 5.55 4.67 4.38 4.31 4.74 4.38 5.40 5.11 5.11 5.18 4.67 4.67 5.62 7.59 7.81 6.42 6.20 6.06 5.69 4.53 4.74 4.53 3.43 3.65 4.02 4.16 3.72 3.87 3.87 3.80 3.58 4.31 4.02 4.02 5.04 5.18 5.62 5.91 6.50 5.99 6.13 7.59 7.45 7.74 6.79 7.34 5.93 5.87 8.17 11.28 12.85 11.25 10.90 10.40 10.92 10.17 9.52
5.33 4.74 5.77 5.04 6.13 5.69 6.64 7.52 5.55 5.55 6.86 5.26 5.91 5.84 0.00 6.28 0.00 0.00 0.00 0.00 0.95 0.00 2.26 3.14 1.24 4.89 5.77 5.55 4.67 4.38 4.31 4.74 4.38 5.40 5.11 5.11 5.18 4.67 4.67 5.62 7.59 7.81 6.42 6.20 6.06 5.69 4.53 4.74 4.53 3.43 3.65 4.02 4.16 3.72 3.87 3.87 3.80 3.58 4.31 4.02 4.02 5.04 5.18 5.62 5.91 6.50 5.99 6.13 7.59 7.45 7.74 6.79 7.15 5.84 5.69 7.58 10.05 11.90 12.00 11.31 10.40 10.69 11.17 10.19
5.99 6.35 4.60 5.40 5.04 4.82 3.50 3.65 3.94 3.94 1.10 0.00 0.00 0.00 0.00 0.00 0.00 0.00 0.66 4.02 3.87 4.96 5.11 5.91 5.91 5.77 5.62 5.33 4.96 4.16 4.16 4.16 4.60 6.20 5.40 5.40 5.91 5.91 8.18 7.74 7.88 6.72 7.30 5.26 4.89 4.96 4.60 4.82 4.82 4.31 4.38 4.53 4.23 5.55 4.45 4.09 4.67 4.53 5.84 6.28 6.28 5.55 6.57 7.08 7.30 7.37 8.83 9.27 10.73 10.59 8.47 9.71 8.18 6.64 5.62 7.15 8.05 9.42 8.74 9.04 8.21 8.70 8.20 8.00
6.57 6.64 5.99 5.99 4.82 4.16 3.50 0.00 0.00 0.00 0.00 0.00 0.00 0.00 0.00 0.00 0.00 0.58 2.41 7.01 6.50 8.25 8.03 6.72 7.01 6.13 5.26 5.33 5.77 5.99 4.38 4.82 4.53 6.28 6.28 6.28 6.28 6.94 7.74 7.74 7.74 7.81 6.64 7.01 5.40 5.62 6.06 4.96 4.67 4.60 5.11 4.96 4.67 5.69 6.20 6.06 5.18 6.57 6.42 7.23 7.23 11.10 13.29 8.98 13.72 9.71 11.46 12.05 11.97 12.12 10.95 8.83 9.34 8.41 8.04 9.13 7.10 8.37 8.09 8.12 8.37 8.01 7.50 8.48
8.40 8.25 6.42 6.06 5.77 6.86 7.45 0.00 0.00 0.00 0.22 0.00 0.00 0.00 0.00 0.00 0.00 6.20 5.84 7.15 8.18 8.25 8.54 7.74 7.81 7.45 8.69 7.45 6.57 6.79 6.72 6.42 6.35 6.28 7.74 7.74 7.37 7.15 7.52 7.66 7.74 7.59 7.59 7.66 7.52 6.86 6.57 6.86 5.26 5.40 5.33 5.84 7.52 6.86 6.79 7.30 7.66 7.66 8.83 11.75 11.75 11.02 14.45 15.55 15.62 16.43 15.55 15.91 14.60 14.38 13.80 10.44 9.42 11.68 10.08 10.62 9.34 9.19 8.74 8.05 8.13 8.15 8.27 8.34
8.18 9.05 5.40 6.86 7.15 6.79 7.23 9.20 6.28 6.28 3.14 4.82 3.50 3.07 5.40 5.33 5.48 5.40 5.55 5.48 6.64 7.37 9.42 9.64 10.00 8.83 8.98 7.88 8.18 7.30 7.52 6.86 7.88 8.03 8.03 8.03 8.10 7.01 7.52 7.74 7.01 7.59 7.15 8.40 7.59 7.88 6.94 7.66 7.59 7.45 6.50 8.10 7.66 7.96 8.10 8.03 8.47 8.69 8.61 9.56 9.56 12.26 13.87 16.06 17.37 17.45 15.40 13.14 13.43 12.26 10.44 8.88 10.95 9.73 10.95 9.90 9.73 8.83 9.39 9.73 8.26 10.49 10.09 9.86
8.18 9.05 5.40 6.86 7.15 6.79 7.23 9.20 6.28 6.28 3.14 4.82 3.50 3.07 5.40 5.33 5.48 5.40 5.55 5.48 6.64 7.37 9.42 9.64 10.00 8.83 8.98 7.88 8.18 7.30 7.52 6.86 7.88 8.03 8.03 8.03 8.10 7.01 7.52 7.74 7.01 7.59 7.15 8.40 7.59 7.88 6.94 7.66 7.59 7.45 6.50 8.10 7.66 7.96 8.10 8.03 8.47 8.69 8.61 9.56 9.56 12.26 13.87 16.06 17.37 17.45 15.40 13.14 13.43 12.26 10.44 10.90 10.26 10.58 9.83 12.25 9.88 9.77 9.57 8.78 7.98 9.02 10.98 11.20
4.23 5.69 3.43 4.60 4.82 4.89 5.69 5.84 5.77 5.77 6.94 6.20 6.42 6.42 4.53 6.72 6.35 5.77 5.99 7.08 7.59 7.45 8.76 8.18 9.27 8.83 7.88 8.10 8.10 7.30 8.03 8.10 8.03 8.54 7.96 7.96 7.74 8.18 7.66 7.23 7.23 8.03 7.59 8.25 7.66 7.15 7.15 7.66 7.23 7.23 7.37 7.81 6.94 7.08 7.23 8.61 8.10 8.54 8.83 8.69 8.69 10.80 11.83 11.46 12.48 11.53 10.00 11.75 10.15 6.50 9.30 7.98 8.99 9.73 9.56 11.22 11.10 10.29 9.11 11.16 9.96 9.70 11.32 8.89
3.14 3.14 4.38 3.21 3.87 5.26 4.38 5.62 4.67 4.67 6.72 5.99 7.37 6.06 6.13 6.86 5.62 5.69 6.50 7.08 6.94 7.74 7.96 7.88 8.91 6.86 7.96 7.74 7.88 7.88 8.61 8.25 9.05 9.13 7.59 7.59 7.81 8.25 7.74 7.08 8.18 8.10 7.23 6.86 7.45 7.08 7.08 7.01 6.72 7.01 5.99 6.35 6.72 6.72 6.64 8.25 7.96 8.25 6.94 8.69 8.69 8.32 9.42 10.51 10.51 10.66 9.27 7.52 8.10 5.80 5.16 5.75 5.39 6.37 7.69 7.81 8.25 9.70 10.16 10.47 10.04 10.25 8.80 10.08
2.41 2.70 2.85 2.56 3.72 3.50 3.80 3.72 3.94 3.94 5.77 4.96 5.55 6.79 6.57 6.20 6.06 6.64 7.81 7.66 7.23 6.86 7.88 7.15 7.30 7.08 8.10 6.64 6.94 7.30 6.64 8.03 9.34 8.98 9.13 9.13 8.54 8.10 8.18 7.88 8.47 8.03 8.18 6.79 6.06 6.64 6.86 7.30 6.50 7.37 6.42 5.69 5.62 5.18 7.08 6.64 7.15 6.42 6.57 7.08 7.08 7.52 7.15 8.10 8.40 8.32 8.25 7.96 5.18 5.55 4.60 5.40 6.86 6.72 5.77 6.94 8.67 10.06 11.75 9.35 10.25 8.92 8.11 8.72
2.92 1.83 2.12 2.12 2.70 2.85 2.70 3.07 4.38 4.38 3.50 4.67 6.13 6.57 6.64 6.42 6.42 7.15 7.96 7.59 8.18 10.80 9.71 7.08 5.55 5.04 5.11 5.62 6.57 7.96 7.30 8.10 10.07 9.49 10.44 10.44 10.66 8.83 9.20 8.98 8.69 8.91 6.28 6.64 6.42 7.23 7.08 7.23 6.64 5.62 5.77 5.69 4.82 5.11 4.53 6.13 6.42 6.64 7.08 7.66 7.66 7.66 6.57 5.04 5.33 3.65 4.02 3.87 3.80 3.80 5.48 5.62 5.48 5.91 7.73 8.22 10.47 9.67 10.22 10.40 11.78 9.66 9.31 7.45
1.68 1.02 1.17 1.61 1.97 2.34 2.48 3.50 3.29 3.29 3.43 4.38 4.60 4.96 5.69 5.40 5.91 7.52 11.10 11.39 12.05 12.19 10.37 7.45 6.20 6.50 7.37 7.37 7.08 7.30 10.15 10.37 10.37 11.90 11.17 11.17 10.80 10.07 9.78 10.44 9.13 9.05 7.52 6.50 6.42 7.45 6.20 5.84 6.13 5.62 5.40 5.55 4.82 4.60 4.60 5.04 7.01 6.06 6.57 6.72 6.72 5.69 6.31 3.29 2.34 2.34 2.48 2.63 3.50 3.50 4.02 5.11 5.48 5.40 7.00 8.56 11.50 9.79 11.99 9.05 8.08 8.88 9.26 7.91
1.68 1.02 1.17 1.61 1.97 2.34 2.48 3.50 3.29 3.29 3.43 4.38 4.60 4.96 5.69 5.40 5.91 7.52 11.10 11.39 12.05 12.19 10.37 7.45 6.20 6.50 7.37 7.37 7.08 7.30 10.15 10.37 10.37 11.90 11.17 11.17 10.80 10.07 9.78 10.44 9.13 9.05 7.52 6.50 6.42 7.45 6.20 5.84 6.13 5.62 5.40 5.55 4.82 4.60 4.60 5.04 7.01 6.06 6.57 6.72 6.72 5.69 6.31 3.29 2.34 2.34 2.48 2.63 3.50 3.50 4.02 5.11 5.48 5.40 6.72 8.60 8.93 8.62 10.04 10.53 9.88 9.07 7.25 7.30
1.31 0.58 1.02 1.17 2.19 1.97 2.77 2.63 2.41 2.41 3.07 3.36 4.60 5.04 4.38 4.74 5.62 7.59 9.56 10.95 10.22 7.88 7.30 8.03 7.59 8.69 9.13 8.69 11.53 11.39 9.93 11.02 11.90 11.32 11.39 11.39 10.80 11.83 10.51 11.32 10.59 7.52 7.74 7.81 6.94 7.15 5.99 5.91 5.18 6.35 5.04 4.31 4.74 4.31 5.91 7.08 6.94 5.84 4.53 4.82 4.82 0.00 0.00 0.00 0.00 1.75 2.48 1.10 2.41 2.85 4.02 4.31 4.38 5.99 8.47 7.78 9.68 11.81 10.87 11.77 10.07 8.29 8.99 7.62
0.44 0.51 0.51 1.39 1.46 1.68 2.48 1.17 2.19 2.19 2.19 2.92 3.94 4.23 7.52 7.08 7.81 8.69 9.05 9.56 9.78 8.76 7.59 9.42 9.78 9.56 10.15 12.78 12.41 13.21 11.32 11.46 9.64 8.61 8.83 8.83 10.73 10.73 12.78 13.07 11.24 9.13 7.66 7.88 6.50 5.91 5.62 5.77 3.94 2.26 4.23 3.29 3.36 3.94 3.80 3.58 5.04 5.26 2.99 0.00 0.00 0.00 0.00 0.00 2.26 1.39 3.14 3.43 3.58 3.21 4.45 5.84 7.66 7.30 8.76 11.48 12.30 12.12 14.39 13.44 11.68 7.97 9.00 8.36
0.00 0.00 0.15 0.00 1.31 0.80 1.31 1.46 1.53 1.53 2.63 4.31 5.84 7.74 8.76 8.54 9.20 11.75 11.90 10.66 11.24 9.42 10.59 10.29 10.66 13.14 13.51 13.29 13.58 12.78 9.71 9.13 9.27 8.40 8.83 8.83 9.78 9.71 9.78 10.51 9.05 9.20 8.03 6.06 6.50 4.74 4.16 2.70 2.99 1.75 1.31 2.41 2.34 2.12 2.34 2.12 0.00 0.00 0.00 0.00 0.00 0.00 0.00 0.00 4.16 4.09 3.65 3.65 3.72 5.04 7.66 6.42 11.04 15.48 15.56 14.60 16.91 12.99 12.09 11.57 9.45 9.55 8.55 7.97
0.00 0.00 0.00 0.00 0.88 0.22 1.68 2.26 3.65 3.65 5.62 4.96 6.13 6.20 8.69 10.22 10.95 11.61 11.39 11.10 9.56 11.24 12.63 12.19 13.51 14.38 13.80 13.29 11.46 12.19 9.56 8.83 8.83 8.98 8.25 8.25 8.69 9.27 9.34 9.34 9.27 7.59 7.59 6.20 4.60 4.96 3.80 1.46 0.00 1.75 0.00 0.00 0.00 0.00 0.00 0.00 0.00 0.00 0.00 0.00 0.00 0.00 0.00 2.99 5.77 5.04 5.84 5.04 4.23 4.38 8.18 11.53 17.01 15.87 19.17 17.85 15.88 14.72 12.03 12.30 9.59 8.36 8.20 7.58
0.15 0.00 0.29 0.00 0.58 0.66 0.73 0.95 3.21 3.21 5.62 6.35 6.86 7.15 7.08 7.52 7.45 9.78 9.56 6.72 7.45 10.29 10.88 14.60 14.24 14.16 11.02 12.19 9.27 8.76 9.20 8.47 8.03 8.47 8.61 8.61 8.25 8.83 9.05 8.83 8.40 7.30 7.23 7.30 5.26 3.07 1.46 1.75 1.46 0.00 0.00 0.00 0.00 0.00 0.00 0.00 0.00 0.00 0.00 0.00 0.00 0.00 0.00 0.00 3.21 6.64 6.35 6.42 6.28 8.91 7.94 13.58 18.89 15.80 15.52 16.16 18.76 15.09 13.60 10.55 8.64 7.92 7.41 5.57
0.15 0.00 0.29 0.00 0.58 0.66 0.73 0.95 3.21 3.21 5.62 6.35 6.86 7.15 7.08 7.52 7.45 9.78 9.56 6.72 7.45 10.29 10.88 14.60 14.24 14.16 11.02 12.19 9.27 8.76 9.20 8.47 8.03 8.47 8.61 8.61 8.25 8.83 9.05 8.83 8.40 7.30 7.23 7.30 5.26 3.07 1.46 1.75 1.46 0.00 0.00 0.00 0.00 0.00 0.00 0.00 0.00 0.00 0.00 0.00 0.00 0.00 0.00 0.00 3.21 6.64 6.35 6.42 6.28 8.91 7.98 13.44 17.09 17.60 16.56 18.86 21.77 14.60 14.21 10.25 9.14 9.39 6.76 4.73
0.00 0.00 0.00 0.00 0.00 0.00 0.00 0.95 0.00 0.00 3.50 0.00 4.02 0.00 4.16 5.26 3.72 4.16 4.60 4.23 5.62 4.89 8.03 11.46 6.13 8.25 7.96 9.49 7.88 8.03 6.28 6.06 7.37 5.62 7.23 7.23 7.37 5.91 7.66 7.08 6.79 7.37 6.06 4.16 4.38 2.85 2.48 1.61 1.83 0.44 0.00 0.00 0.00 0.00 0.00 0.00 0.00 0.00 0.00 0.00 0.00 0.00 0.00 0.00 0.00 5.77 7.74 10.51 8.29 12.39 16.15 16.00 17.57 20.42 20.66 18.63 15.49 14.12 13.38 11.48 9.07 10.68 6.66 4.63
0.51 0.00 0.00 0.00 0.00 0.80 0.00 1.83 4.31 4.31 3.72 3.87 4.38 3.50 3.72 3.36 0.00 0.00 3.14 0.00 3.07 2.77 6.28 4.09 4.53 5.55 4.45 7.01 7.23 4.60 4.31 3.87 3.80 4.16 0.00 0.00 3.43 3.14 2.26 4.31 3.21 2.77 3.80 3.58 2.70 2.99 3.07 1.61 1.17 1.61 0.00 0.00 0.00 0.00 0.00 0.00 0.00 0.00 0.00 0.00 0.00 0.00 0.00 0.07 3.07 6.50 5.55 10.15 14.31 16.57 16.13 17.31 17.43 19.06 16.31 15.07 16.00 13.43 15.64 15.03 10.86 8.37 4.28 1.43
1.39 2.70 1.90 0.00 0.00 0.00 0.00 0.00 4.60 4.60 0.00 4.23 4.02 0.00 0.00 0.00 0.00 3.21 0.00 0.00 0.00 0.00 0.00 0.00 4.23 0.00 4.23 4.31 3.36 3.87 0.00 0.00 0.00 0.00 0.00 0.00 0.00 0.00 0.00 1.39 1.17 0.73 0.00 2.19 1.61 0.88 0.80 1.61 1.10 0.00 0.00 0.00 3.87 2.77 0.00 0.00 0.00 0.00 0.00 0.00 0.00 0.00 1.10 0.88 2.41 6.28 9.93 8.69 13.94 16.57 17.30 16.05 16.09 19.04 15.84 15.31 15.72 17.27 14.60 16.09 9.82 9.97 1.92 0.00
3.21 1.68 2.12 1.97 0.00 0.00 0.00 0.00 0.00 0.00 0.00 0.00 0.00 0.00 0.00 0.00 0.00 0.00 0.00 0.00 0.00 0.00 0.00 3.94 3.80 3.94 0.00 3.72 0.00 3.36 0.00 0.00 0.00 0.00 0.00 0.00 0.00 0.00 0.00 0.00 0.00 0.00 0.00 0.00 0.00 0.00 0.00 0.00 0.29 0.73 2.77 3.72 3.87 0.88 0.00 0.00 0.00 0.00 0.00 0.00 0.00 0.00 1.17 2.41 3.50 4.67 7.23 9.78 14.24 16.50 16.43 16.66 16.16 15.34 14.49 14.40 14.20 14.50 13.79 12.70 12.11 10.21 3.52 1.85
3.65 2.99 2.12 2.12 0.00 1.97 0.00 0.00 0.00 0.00 0.00 0.00 0.00 0.00 0.00 0.00 0.00 0.00 1.61 0.00 0.00 0.00 0.00 2.70 3.87 3.43 3.50 3.94 3.29 2.41 0.00 0.00 1.31 0.00 0.00 0.00 0.00 0.00 0.00 0.00 0.00 0.00 0.00 0.00 0.00 0.00 0.15 0.00 0.07 0.15 0.00 0.00 0.00 0.00 0.00 0.00 0.00 0.00 0.00 0.00 0.00 0.00 0.37 0.07 1.39 4.53 8.03 7.01 10.95 15.18 15.70 12.70 13.14 12.82 12.14 11.73 12.14 12.06 13.36 10.64 9.12 6.56 3.50 0.22
2.85 2.99 2.56 2.04 2.92 2.77 0.00 0.00 0.00 0.00 0.00 0.00 0.00 0.00 0.00 0.00 0.00 0.00 0.00 0.00 0.00 0.00 0.00 0.00 0.00 2.63 3.14 2.99 2.77 2.34 2.85 0.00 0.00 0.00 0.00 0.00 0.00 0.00 0.00 0.00 0.00 0.00 0.00 0.00 0.00 0.00 0.00 0.00 0.00 0.00 0.00 0.00 0.00 0.00 0.00 0.00 0.00 0.00 0.00 0.00 0.00 0.00 0.00 0.66 0.44 1.75 5.48 8.98 7.23 9.56 8.83 11.23 11.84 11.84 9.59 9.37 12.62 7.95 8.08 8.35 5.52 6.42 1.70 0.00
2.85 2.99 2.56 2.04 2.92 2.77 0.00 0.00 0.00 0.00 0.00 0.00 0.00 0.00 0.00 0.00 0.00 0.00 0.00 0.00 0.00 0.00 0.00 0.00 0.00 2.63 3.14 2.99 2.77 2.34 2.85 0.00 0.00 0.00 0.00 0.00 0.00 0.00 0.00 0.00 0.00 0.00 0.00 0.00 0.00 0.00 0.00 0.00 0.00 0.00 0.00 0.00 0.00 0.00 0.00 0.00 0.00 0.00 0.00 0.00 0.00 0.00 0.00 0.66 0.44 1.75 5.48 8.98 7.23 9.56 8.83 11.17 11.67 11.67 9.59 9.79 11.24 7.63 7.89 8.78 5.41 6.76 1.70 0.00
3.07 3.80 3.29 3.07 2.56 2.92 0.00 0.00 0.00 0.00 0.00 0.00 0.00 0.00 0.00 0.00 0.00 0.00 0.00 0.00 0.00 0.00 0.00 0.00 0.00 3.07 3.07 2.56 2.99 3.07 2.99 3.50 0.00 0.00 0.00 0.00 0.00 0.00 0.00 0.00 0.00 0.00 0.00 0.00 0.00 0.00 0.00 0.00 0.00 0.00 0.00 0.00 0.00 0.00 0.00 0.51 0.00 0.00 0.00 0.00 0.00 0.07 0.00 0.07 0.00 0.44 1.61 1.31 3.29 6.79 8.98 6.50 6.57 5.16 6.82 7.38 2.66 4.90 5.49 2.68 3.85 2.02 2.96 0.97
