Wansh/Snow_depth/snowdepth-1998/winter/1998363.txt
ncols 321
nrows 161
xllcenter 60
yllcenter 15 
cellsize  0.25 
NODATA_value -1
[rows 0 to 36 of 161, columns 0 to 83 of 321]
6.35 6.35 5.26 6.50 10.00 10.15 8.83 8.76 7.08 6.20 5.55 5.69 5.77 4.45 3.43 3.80 2.77 2.77 1.39 1.90 1.68 1.90 0.29 1.17 1.31 1.97 1.97 4.31 3.87 4.16 3.29 3.43 1.17 2.41 0.00 0.00 0.00 1.31 2.99 2.48 7.08 5.77 9.05 10.07 10.00 8.83 8.61 8.61 10.59 10.07 10.44 10.44 8.18 8.61 6.79 7.08 5.18 0.00 5.18 0.00 0.00 0.00 0.00 0.00 0.00 0.00 0.00 0.00 0.00 0.00 0.00 0.00 0.00 8.47 10.88 10.51 10.51 10.95 9.56 9.78 0.00 9.49 8.83 7.81
10.59 10.59 11.39 12.26 12.05 11.61 11.17 8.61 6.57 7.01 5.40 4.45 4.96 4.67 3.36 2.26 2.70 1.46 1.61 0.15 0.29 0.00 0.00 0.00 1.68 0.73 0.73 5.40 4.67 4.67 4.02 0.58 2.26 0.00 0.00 0.00 0.07 0.00 3.29 8.03 6.42 11.75 11.02 10.66 8.54 8.83 8.03 10.44 10.07 10.07 10.00 10.00 8.69 4.16 6.28 0.00 0.00 0.00 0.00 0.00 0.00 0.00 0.00 0.00 0.00 0.00 2.70 0.00 3.36 0.00 0.00 0.00 7.23 7.15 8.98 8.47 8.47 10.37 10.51 10.44 9.86 8.83 8.10 8.54
10.07 10.07 10.66 9.13 10.15 9.34 9.64 8.03 4.60 4.67 4.60 4.53 3.43 0.44 1.83 1.61 0.00 0.00 0.00 0.00 0.00 0.00 0.00 0.00 1.53 5.62 5.62 5.11 3.43 3.21 4.02 0.51 0.29 0.00 0.00 0.00 0.15 4.09 2.99 8.10 10.29 10.80 9.86 8.76 9.05 8.03 7.74 8.91 9.49 9.42 7.37 7.37 8.03 2.99 0.00 0.00 0.00 0.00 0.00 0.00 0.00 0.00 0.00 0.00 0.73 0.00 0.00 0.00 0.66 3.36 3.07 4.74 5.55 5.11 7.15 3.14 3.14 4.45 4.02 6.79 7.23 7.01 7.52 5.26
10.07 10.07 10.66 9.13 10.15 9.34 9.64 8.03 4.60 4.67 4.60 4.53 3.43 0.44 1.83 1.61 0.00 0.00 0.00 0.00 0.00 0.00 0.00 0.00 1.53 5.62 5.62 5.11 3.43 3.21 4.02 0.51 0.29 0.00 0.00 0.00 0.15 4.09 2.99 8.10 10.29 10.80 9.86 8.76 9.05 8.03 7.74 8.91 9.49 9.42 7.37 7.37 8.03 2.99 0.00 0.00 0.00 0.00 0.00 0.00 0.00 0.00 0.00 0.00 0.73 0.00 0.00 0.00 0.66 3.36 3.07 4.74 5.55 5.11 7.15 3.14 3.14 4.45 4.02 6.79 7.23 7.01 7.52 5.26
7.59 7.59 7.74 7.30 5.69 3.72 3.50 3.94 4.67 3.65 4.16 2.48 2.85 2.48 0.73 1.17 0.00 0.00 0.00 0.00 0.00 0.00 0.00 1.10 0.37 0.00 0.00 0.00 0.58 0.00 1.61 1.53 3.94 6.28 1.31 4.82 6.06 5.69 6.57 7.01 9.49 7.52 7.66 7.08 8.54 8.47 8.47 8.47 6.72 2.77 3.80 3.80 0.00 0.00 0.00 0.00 0.00 0.00 0.00 0.00 0.00 0.00 0.00 0.00 0.00 0.00 0.00 0.00 0.00 0.37 0.00 0.00 0.00 0.00 0.00 0.00 0.00 0.00 0.00 0.00 0.00 0.00 0.00 0.00
8.03 8.03 6.94 6.79 6.42 3.80 3.36 2.63 2.41 2.77 3.80 3.36 2.70 2.92 1.02 3.87 1.61 1.61 0.66 0.00 0.00 0.00 0.00 0.00 0.00 0.00 0.00 0.00 0.00 0.00 5.55 10.95 6.57 8.54 10.00 10.00 6.72 6.28 6.20 7.37 7.15 7.15 6.28 6.50 5.69 4.82 5.11 5.55 5.84 3.36 0.00 0.00 0.00 0.00 0.00 0.00 0.00 0.00 0.00 0.00 0.00 0.00 0.00 0.00 0.00 0.00 0.00 0.00 0.00 0.00 0.00 0.00 0.00 0.00 0.00 0.00 0.00 0.00 0.00 0.00 0.00 0.00 0.00 0.00
6.57 6.57 9.20 6.57 5.91 4.67 4.23 2.77 2.99 4.16 3.80 3.80 4.38 5.62 6.06 4.74 3.14 1.24 1.90 0.00 0.00 0.00 0.00 0.00 0.00 0.00 0.00 4.31 3.36 7.08 5.11 11.68 11.32 11.02 10.44 8.25 8.69 4.53 6.28 6.28 4.96 3.07 3.72 4.16 4.02 3.58 1.97 1.68 0.29 0.00 0.00 0.00 0.00 0.00 0.00 0.00 0.00 0.00 0.00 0.00 0.00 0.00 0.00 0.00 0.00 0.00 0.00 0.00 0.00 0.00 0.00 0.00 0.00 0.00 0.00 0.00 0.00 0.00 0.00 0.00 0.00 0.00 0.00 0.00
6.57 6.57 9.20 6.57 5.91 4.67 4.23 2.77 2.99 4.16 3.80 3.80 4.38 5.62 6.06 4.74 3.14 1.24 1.90 0.00 0.00 0.00 0.00 0.00 0.00 0.00 0.00 4.31 3.36 7.08 5.11 11.68 11.32 11.02 10.44 8.25 8.69 4.53 6.28 6.28 4.96 3.07 3.72 4.16 4.02 3.58 1.97 1.68 0.29 0.00 0.00 0.00 0.00 0.00 0.00 0.00 0.00 0.00 0.00 0.00 0.00 0.00 0.00 0.00 0.00 0.00 0.00 0.00 0.00 0.00 0.00 0.00 0.00 0.00 0.00 0.00 0.00 0.00 0.00 0.00 0.00 0.00 0.00 0.00
9.05 9.05 7.88 8.91 7.96 6.35 4.67 5.33 4.82 4.53 6.13 6.57 6.50 6.06 5.91 5.04 3.43 0.58 0.00 0.00 0.00 0.00 0.00 0.00 0.00 0.00 0.00 6.13 10.29 9.20 10.15 10.22 10.66 7.59 7.52 7.37 4.31 5.11 3.58 3.65 4.53 0.88 1.24 0.37 0.00 0.00 0.00 0.00 0.00 0.00 0.00 0.00 0.00 0.00 0.00 0.00 0.00 0.00 0.00 0.00 0.00 0.00 0.00 0.00 0.00 0.00 0.00 0.00 0.00 0.00 0.00 0.00 0.00 0.00 0.00 0.00 0.00 0.00 0.00 0.00 0.00 0.00 0.00 0.00
8.69 8.69 8.76 9.13 5.91 5.69 6.35 5.18 5.26 4.60 6.13 6.79 10.00 9.78 8.47 6.20 5.55 0.44 0.00 0.00 0.88 0.00 0.00 0.00 0.00 7.45 7.45 5.84 10.07 9.20 9.42 5.91 6.13 6.06 4.67 4.53 4.09 2.85 2.99 0.29 0.00 0.00 0.00 0.00 0.00 0.00 0.00 0.00 0.00 0.00 0.00 0.00 0.00 0.00 0.00 0.00 0.00 0.00 0.00 0.00 0.00 0.00 0.00 0.00 0.00 0.00 0.00 0.00 0.00 0.00 0.00 0.00 0.00 0.00 0.00 0.00 0.00 0.00 0.00 0.00 0.00 0.00 0.00 0.00
3.87 3.87 3.80 4.82 5.18 5.55 3.43 3.43 4.23 3.87 5.40 8.18 10.15 10.00 11.97 7.01 2.85 3.07 6.79 4.82 5.99 6.35 3.14 3.80 3.50 7.23 7.23 6.06 5.40 6.86 5.33 5.55 2.12 2.04 2.41 0.66 0.00 0.00 0.00 0.15 0.00 0.00 0.00 0.00 0.00 0.00 0.00 0.00 0.00 0.00 0.00 0.00 0.00 0.00 0.00 0.00 0.00 0.00 0.00 0.00 0.00 0.00 0.00 0.00 0.00 0.00 0.00 0.00 0.00 0.00 0.00 0.00 0.00 0.00 0.00 0.00 0.00 0.80 0.00 0.00 0.00 0.00 0.00 0.00
3.87 3.87 3.80 4.82 5.18 5.55 3.43 3.43 4.23 3.87 5.40 8.18 10.15 10.00 11.97 7.01 2.85 3.07 6.79 4.82 5.99 6.35 3.14 3.80 3.50 7.23 7.23 6.06 5.40 6.86 5.33 5.55 2.12 2.04 2.41 0.66 0.00 0.00 0.00 0.15 0.00 0.00 0.00 0.00 0.00 0.00 0.00 0.00 0.00 0.00 0.00 0.00 0.00 0.00 0.00 0.00 0.00 0.00 0.00 0.00 0.00 0.00 0.00 0.00 0.00 0.00 0.00 0.00 0.00 0.00 0.00 0.00 0.00 0.00 0.00 0.00 0.00 0.80 0.00 0.00 0.00 0.00 0.00 0.00
2.63 2.63 3.36 3.43 1.31 1.90 1.46 2.56 0.00 3.72 6.06 6.42 3.58 5.99 6.06 6.57 5.48 7.74 7.37 9.13 7.66 4.96 5.77 2.85 0.51 0.00 0.00 3.29 3.65 2.48 4.09 0.22 1.39 0.00 0.00 0.00 0.00 0.00 0.00 0.00 0.00 0.00 0.00 0.00 0.00 0.00 0.00 0.00 0.00 0.00 0.00 0.00 0.00 0.00 0.00 0.00 0.00 0.00 0.00 0.00 0.00 0.00 0.00 0.00 0.00 0.00 0.00 0.00 0.00 0.00 0.00 0.00 0.00 0.00 1.53 0.44 0.44 1.10 1.83 3.07 2.41 2.92 2.04 2.41
3.07 3.07 1.90 2.19 1.24 0.15 0.00 0.00 0.00 0.00 0.00 1.46 0.95 4.53 2.63 4.02 3.94 6.42 9.93 9.49 7.52 3.43 0.00 0.00 0.00 0.00 0.00 0.00 0.80 0.00 0.00 0.00 0.00 0.00 0.00 0.00 0.00 0.00 0.00 0.00 0.00 0.00 0.00 0.00 0.00 0.00 0.00 0.00 0.00 0.00 0.00 0.00 0.00 0.00 0.00 0.00 0.00 0.00 0.00 0.00 0.00 0.00 0.00 0.00 0.00 0.00 0.00 0.00 0.00 0.00 0.00 0.00 0.00 0.00 2.41 1.75 1.75 1.97 0.88 1.17 2.63 2.04 3.36 3.94
2.48 2.48 2.41 2.04 0.29 0.80 0.00 0.00 0.00 0.00 0.00 0.66 0.00 0.00 0.00 0.00 4.23 3.72 5.33 5.33 5.62 3.36 0.00 0.00 0.00 0.00 0.00 0.00 0.00 0.00 0.00 0.00 0.00 0.00 0.00 0.00 0.00 0.00 0.00 0.00 0.00 0.00 0.00 0.00 0.00 0.00 0.00 0.00 0.00 0.00 0.00 0.00 0.00 0.00 0.00 0.00 0.00 0.00 0.00 0.00 0.00 0.00 0.00 0.00 0.00 0.00 0.00 3.58 4.16 3.14 3.43 0.00 0.00 0.00 0.00 3.29 3.29 3.43 2.12 1.97 1.75 3.72 4.02 3.65
1.75 1.75 2.26 2.85 3.87 4.38 2.63 3.50 0.00 0.00 0.00 0.00 0.00 0.07 0.00 0.00 0.95 4.23 4.02 4.45 1.97 2.63 0.00 0.00 0.00 0.00 0.00 0.00 0.00 0.00 0.00 0.00 0.00 0.00 0.73 0.00 0.00 0.00 0.00 0.00 0.00 0.00 0.00 0.00 0.00 0.00 0.00 0.00 0.00 0.00 0.00 0.00 0.00 0.00 0.00 0.00 0.00 0.00 0.00 0.00 0.00 0.00 0.00 0.00 3.72 3.87 4.31 4.16 4.89 6.50 5.99 4.67 5.48 0.00 0.00 4.31 4.31 4.45 3.50 3.07 4.96 5.69 5.26 5.26
1.75 1.75 2.26 2.85 3.87 4.38 2.63 3.50 0.00 0.00 0.00 0.00 0.00 0.07 0.00 0.00 0.95 4.23 4.02 4.45 1.97 2.63 0.00 0.00 0.00 0.00 0.00 0.00 0.00 0.00 0.00 0.00 0.00 0.00 0.73 0.00 0.00 0.00 0.00 0.00 0.00 0.00 0.00 0.00 0.00 0.00 0.00 0.00 0.00 0.00 0.00 0.00 0.00 0.00 0.00 0.00 0.00 0.00 0.00 0.00 0.00 0.00 0.00 0.00 3.72 3.87 4.31 4.16 4.89 6.50 5.99 4.67 5.48 0.00 0.00 4.31 4.31 4.45 3.50 3.07 4.96 5.69 5.26 5.26
3.07 3.07 2.41 3.87 5.84 4.67 3.58 4.16 3.65 2.41 1.53 2.85 3.72 1.17 0.00 0.00 0.00 2.26 1.61 0.66 2.12 0.00 0.00 0.00 0.00 0.00 0.00 0.00 0.00 0.00 0.00 1.75 0.00 0.00 1.02 0.00 2.99 2.56 0.22 0.95 0.00 0.00 0.00 0.00 0.00 0.00 0.00 0.00 0.00 0.00 0.00 0.00 0.00 0.00 0.00 0.00 0.00 0.00 0.00 0.00 0.00 0.00 0.00 3.14 3.87 4.09 4.02 6.13 7.23 6.72 5.91 6.28 6.20 5.40 5.55 4.82 4.82 4.31 5.55 5.18 5.77 6.50 5.04 5.33
6.06 6.06 5.84 5.84 5.84 5.40 4.45 4.74 5.11 4.74 4.45 4.53 1.75 1.24 0.00 0.00 0.00 0.00 1.02 1.61 1.10 0.00 0.00 0.00 0.00 0.00 0.00 0.00 0.00 1.46 2.92 2.99 2.92 1.90 1.61 0.00 0.00 0.00 0.00 0.00 0.00 0.00 0.00 0.00 0.00 0.00 0.00 0.00 0.00 0.00 0.00 0.00 0.00 0.00 0.00 0.00 0.00 0.00 0.00 0.00 0.00 3.29 5.11 0.00 4.67 3.72 5.18 4.53 4.31 4.60 5.18 4.31 6.64 6.20 7.37 5.77 5.77 7.96 7.45 6.13 6.57 6.28 5.04 5.62
5.62 5.62 6.64 5.33 6.57 3.65 4.23 5.40 2.70 3.07 3.36 3.43 0.07 0.58 1.02 0.00 0.00 0.00 0.00 0.00 0.00 0.00 0.00 0.00 0.00 0.00 0.00 0.00 3.58 3.50 3.87 3.80 4.16 1.24 0.00 0.00 0.00 0.00 0.00 0.00 0.00 0.00 0.00 0.00 0.00 0.00 0.00 0.00 0.00 0.00 0.00 0.00 0.00 0.00 0.00 0.00 2.48 2.70 3.36 5.26 4.45 5.62 0.00 5.18 4.23 0.00 0.00 0.00 0.00 3.72 3.50 3.80 5.62 8.10 8.40 8.76 8.76 8.61 7.23 7.37 7.81 5.55 6.35 5.04
4.45 4.45 5.04 4.89 4.74 3.94 2.77 2.04 1.53 0.00 0.00 0.00 0.00 0.00 0.00 0.00 0.00 0.00 0.00 0.00 0.00 0.00 0.00 0.00 0.00 0.00 0.00 0.00 3.58 3.21 0.00 3.87 0.00 0.00 0.00 0.00 0.00 0.00 0.00 0.00 0.00 0.00 0.00 0.07 0.00 3.43 5.26 1.46 6.50 6.06 3.36 3.36 2.85 2.85 2.04 3.36 3.14 5.33 6.79 6.86 5.62 0.00 5.04 5.33 5.04 3.94 0.00 4.53 4.82 4.53 3.58 2.92 4.23 4.74 7.15 6.86 6.86 8.83 7.23 8.91 7.74 7.59 6.64 5.40
4.23 4.23 4.60 5.48 2.92 0.00 0.00 0.00 0.00 0.00 0.00 0.00 0.00 0.00 0.00 0.00 0.00 0.00 0.00 0.00 0.00 0.00 0.00 0.00 0.00 1.46 1.46 0.00 0.00 0.00 0.00 0.00 2.99 0.00 0.00 0.00 0.00 0.00 0.00 0.00 0.00 0.00 0.00 1.83 5.11 4.45 5.99 7.08 6.79 7.01 4.45 4.45 2.56 3.14 0.00 3.07 5.33 5.11 5.48 5.99 5.33 0.00 0.00 4.74 4.89 4.74 4.53 5.11 4.53 4.82 4.60 3.50 3.50 4.67 6.13 7.37 7.37 7.08 8.32 7.81 7.66 8.83 7.23 7.08
4.23 4.23 4.60 5.48 2.92 0.00 0.00 0.00 0.00 0.00 0.00 0.00 0.00 0.00 0.00 0.00 0.00 0.00 0.00 0.00 0.00 0.00 0.00 0.00 0.00 1.46 1.46 0.00 0.00 0.00 0.00 0.00 2.99 0.00 0.00 0.00 0.00 0.00 0.00 0.00 0.00 0.00 0.00 1.83 5.11 4.45 5.99 7.08 6.79 7.01 4.45 4.45 2.56 3.14 0.00 3.07 5.33 5.11 5.48 5.99 5.33 0.00 0.00 4.74 4.89 4.74 4.53 5.11 4.53 4.82 4.60 3.50 3.50 4.67 6.13 7.37 7.37 7.08 8.32 7.81 7.66 8.83 7.23 7.08
4.96 4.96 3.65 0.00 2.34 0.00 0.00 0.00 0.00 0.00 0.00 0.00 0.00 0.00 0.00 0.00 0.00 0.00 0.00 0.00 0.00 0.00 0.00 0.00 0.73 0.22 0.22 0.00 5.11 0.00 3.43 4.09 0.00 2.77 0.00 0.00 0.00 0.00 0.00 0.00 1.68 2.77 1.61 2.41 5.40 6.20 6.13 5.77 6.64 2.99 3.94 3.94 1.61 1.24 2.92 4.38 3.94 5.40 4.82 4.31 4.67 0.00 4.89 4.67 5.26 4.96 5.99 4.96 4.67 5.04 3.72 4.38 3.65 3.21 5.48 5.84 5.84 7.30 7.01 7.66 8.76 8.54 9.05 8.76
3.87 3.87 3.87 2.41 0.00 0.00 0.22 0.00 0.00 0.00 0.00 0.00 0.00 0.00 0.00 0.00 0.00 0.00 0.00 0.00 0.00 0.00 0.00 0.22 0.00 0.00 0.00 0.00 6.64 6.79 7.08 5.40 2.63 0.00 0.00 0.00 0.00 0.00 0.00 1.97 1.75 2.19 0.00 0.00 0.00 0.00 0.00 1.10 0.00 4.02 3.14 3.14 2.04 1.53 4.53 5.62 5.91 5.62 5.48 5.48 5.26 5.11 4.74 5.55 6.20 6.06 5.84 5.48 4.96 6.13 4.96 4.23 5.48 6.13 5.84 5.33 5.33 4.96 6.20 8.10 9.05 9.05 8.69 8.61
6.06 6.06 4.23 3.14 2.34 0.00 2.19 0.00 0.00 0.00 0.00 0.00 0.00 0.00 0.00 0.00 0.00 0.00 0.00 0.00 0.00 0.22 1.10 0.00 0.00 0.00 0.00 6.35 6.64 6.06 3.94 0.29 2.70 0.00 0.00 0.00 1.39 2.63 1.53 2.04 0.00 0.00 0.00 0.00 0.00 0.00 0.00 0.00 5.11 4.23 4.89 4.89 3.43 2.77 4.02 4.31 5.11 6.42 5.69 5.84 6.35 6.57 7.01 6.57 7.01 6.94 6.64 6.86 7.59 7.01 5.33 7.81 8.25 8.47 7.01 6.79 6.79 5.91 5.84 6.28 6.50 8.32 8.47 8.25
4.53 4.53 3.94 4.16 3.43 2.41 2.56 0.00 0.00 0.00 0.00 0.00 0.00 0.00 0.00 0.00 0.00 0.00 0.00 0.66 0.58 0.51 2.19 5.33 0.00 0.00 0.00 4.82 4.67 4.89 3.58 0.00 0.00 0.00 0.00 1.83 1.83 2.99 2.70 0.00 0.00 0.00 0.00 0.37 0.00 2.12 3.58 6.42 3.72 6.28 4.38 4.38 1.24 1.83 1.97 4.23 6.64 6.35 6.94 9.05 6.79 6.94 6.64 8.10 8.03 7.37 7.88 8.03 7.74 7.23 7.59 6.64 7.96 8.47 8.25 7.30 7.30 8.18 7.08 6.42 6.50 7.08 7.74 8.98
4.02 4.02 4.23 2.85 1.39 1.83 1.02 0.29 0.00 0.00 0.00 0.00 0.00 0.00 0.00 0.00 0.00 0.15 2.19 2.04 1.68 2.48 2.41 3.21 6.28 4.96 4.96 5.69 2.99 2.77 0.00 0.00 0.00 0.00 0.00 2.04 4.23 4.09 4.96 1.17 1.10 1.02 2.41 4.60 6.06 5.55 6.64 7.66 7.81 7.59 7.45 7.45 2.92 0.73 1.24 1.97 3.21 8.25 9.27 8.18 6.20 5.11 5.62 6.42 7.66 8.18 6.64 7.52 7.52 7.45 6.57 8.47 8.47 8.76 8.32 8.10 8.10 8.61 7.81 7.59 7.96 9.64 10.15 9.86
4.02 4.02 4.23 2.85 1.39 1.83 1.02 0.29 0.00 0.00 0.00 0.00 0.00 0.00 0.00 0.00 0.00 0.15 2.19 2.04 1.68 2.48 2.41 3.21 6.28 4.96 4.96 5.69 2.99 2.77 0.00 0.00 0.00 0.00 0.00 2.04 4.23 4.09 4.96 1.17 1.10 1.02 2.41 4.60 6.06 5.55 6.64 7.66 7.81 7.59 7.45 7.45 2.92 0.73 1.24 1.97 3.21 8.25 9.27 8.18 6.20 5.11 5.62 6.42 7.66 8.18 6.64 7.52 7.52 7.45 6.57 8.47 8.47 8.76 8.32 8.10 8.10 8.61 7.81 7.59 7.96 9.64 10.15 9.86
3.58 3.58 5.18 0.00 1.46 0.00 0.44 0.58 0.07 0.00 0.00 0.00 0.00 0.00 0.00 3.14 0.00 3.50 2.12 2.34 2.34 2.26 2.56 2.48 3.50 4.74 4.74 3.50 4.02 1.83 0.00 0.00 0.00 0.44 1.10 0.73 3.14 7.81 8.69 6.50 4.89 5.55 6.20 5.91 6.79 7.96 7.88 7.59 8.61 7.66 7.96 7.96 5.11 6.06 2.04 4.31 8.10 6.86 8.83 9.34 7.30 5.04 5.62 7.52 6.20 5.84 5.99 5.18 6.13 9.71 9.93 9.27 9.49 9.20 9.34 9.27 9.27 7.96 8.69 7.66 8.83 9.34 8.32 9.49
3.07 3.07 3.36 0.00 0.00 0.00 0.00 0.00 0.00 0.00 0.00 0.00 0.00 0.00 0.00 0.00 3.36 3.14 0.00 0.00 0.00 0.00 2.19 2.48 2.99 3.14 3.14 3.72 2.48 2.85 3.58 3.80 1.31 1.53 1.83 4.74 7.37 6.64 8.47 8.32 6.50 6.79 5.91 6.57 8.03 7.81 6.94 8.10 8.40 8.47 9.13 9.13 7.23 5.99 8.98 5.91 8.40 7.59 8.03 5.62 6.79 6.50 6.79 4.45 5.04 5.33 4.74 5.04 9.34 10.15 9.71 10.44 10.44 8.76 7.74 7.23 7.23 7.74 6.42 7.23 8.03 8.03 8.76 8.10
2.19 2.19 0.00 0.00 0.00 0.00 0.00 0.00 0.00 0.00 0.00 0.00 0.00 0.00 0.00 0.00 0.00 0.00 0.00 0.00 0.00 0.00 0.00 0.00 2.41 3.14 3.14 3.21 3.29 4.38 4.09 4.16 4.09 5.69 2.99 4.67 6.42 7.59 7.23 7.37 6.86 5.18 5.18 5.48 7.01 6.94 6.94 7.23 7.30 7.59 7.66 7.66 8.69 9.86 10.29 9.56 7.52 4.02 3.65 4.31 5.04 6.28 5.40 4.96 2.77 4.09 3.87 4.82 5.40 9.20 11.02 10.44 10.15 9.27 7.74 7.30 7.30 4.96 6.42 7.81 9.49 9.27 6.57 8.25
0.00 0.00 0.00 0.00 0.00 0.00 0.00 0.00 0.00 0.00 0.00 0.00 0.00 0.00 0.00 0.00 0.00 0.00 0.00 0.00 0.00 0.00 0.00 0.00 0.00 3.36 3.36 2.70 3.07 4.09 3.50 4.67 4.23 6.79 7.08 5.91 6.06 6.57 5.69 5.69 5.62 5.33 6.20 5.62 7.81 7.01 8.03 7.88 5.91 6.72 7.01 7.01 9.27 10.88 11.24 9.34 7.66 5.11 2.92 0.00 0.95 2.99 1.10 2.34 0.00 3.58 3.87 9.71 8.54 8.40 8.40 8.03 8.91 4.74 5.11 6.20 6.20 5.99 9.86 9.20 7.88 8.47 9.42 6.94
0.00 0.00 0.00 0.00 0.00 0.00 0.00 0.00 0.00 0.00 0.00 0.00 0.00 0.00 0.00 0.00 1.10 0.00 0.00 0.00 0.00 0.00 0.00 1.02 2.26 0.00 0.00 2.12 1.39 1.68 1.97 5.33 7.15 7.01 6.72 5.40 4.38 4.45 4.02 3.36 3.07 5.11 4.38 7.30 7.08 7.15 7.01 7.08 7.15 6.35 5.91 5.91 7.66 7.88 5.11 3.58 2.19 0.00 0.00 0.00 0.00 0.00 0.00 0.00 0.00 0.00 6.13 7.88 4.67 4.96 3.72 3.43 3.29 3.14 2.77 9.20 9.20 13.36 12.56 12.85 11.90 8.98 6.72 6.50
0.00 0.00 0.00 0.00 0.00 0.00 0.00 0.00 0.00 0.00 0.00 0.00 0.00 0.00 0.00 0.00 0.00 0.00 0.00 0.00 0.07 0.00 0.00 0.00 0.00 1.53 1.53 0.00 1.02 2.12 4.45 3.87 5.69 4.89 5.04 4.60 3.50 4.09 3.58 3.58 3.07 4.53 6.72 6.13 7.01 6.20 6.50 6.64 6.94 7.23 5.77 5.77 5.04 3.43 3.65 2.34 0.00 0.00 0.00 0.00 0.00 0.00 0.00 0.00 2.26 1.90 3.21 5.69 3.36 6.64 6.35 6.06 4.38 3.80 13.14 14.75 14.75 17.52 17.45 15.77 14.31 11.24 10.80 7.52
0.00 0.00 0.00 0.00 0.00 0.00 0.00 0.00 0.00 0.00 0.00 0.00 0.00 0.00 0.00 0.00 0.00 0.00 0.00 0.00 0.07 0.00 0.00 0.00 0.00 1.53 1.53 0.00 1.02 2.12 4.45 3.87 5.69 4.89 5.04 4.60 3.50 4.09 3.58 3.58 3.07 4.53 6.72 6.13 7.01 6.20 6.50 6.64 6.94 7.23 5.77 5.77 5.04 3.43 3.65 2.34 0.00 0.00 0.00 0.00 0.00 0.00 0.00 0.00 2.26 1.90 3.21 5.69 3.36 6.64 6.35 6.06 4.38 3.80 13.14 14.75 14.75 17.52 17.45 15.77 14.31 11.24 10.80 7.52
0.00 0.00 0.00 0.00 0.00 0.00 0.00 0.00 0.00 0.00 0.00 0.00 0.00 0.00 0.00 0.00 0.00 0.00 0.00 0.00 0.00 0.00 0.00 0.00 0.00 0.00 0.00 0.15 0.00 2.63 3.50 4.31 4.23 4.09 4.45 5.55 2.85 4.60 3.94 4.02 4.23 3.87 4.67 5.40 5.33 5.26 5.48 4.38 5.84 6.20 6.28 6.28 5.04 4.09 0.00 0.00 0.00 0.00 0.00 0.00 3.36 2.85 6.06 3.87 5.99 6.86 7.52 7.01 6.57 8.91 8.91 8.18 7.66 14.16 15.40 18.47 18.47 19.05 17.67 16.28 14.82 14.16 14.75 12.99
