Wansh/Snow_depth/snowdepth-1998/winter/1999027.txt
ncols 321
nrows 161
xllcenter 60
yllcenter 15 
cellsize  0.25 
NODATA_value -1
[rows 74 to 110 of 161, columns 84 to 167 of 321]
0.00 0.00 0.00 0.00 1.61 1.83 1.53 0.00 2.77 0.88 1.24 2.26 2.85 1.83 1.97 0.00 5.18 2.77 2.77 2.92 2.56 0.00 0.00 0.00 0.00 3.94 2.34 0.00 0.00 0.00 0.00 0.00 0.00 0.00 0.00 0.00 1.53 0.00 0.00 0.00 1.46 0.22 0.44 0.44 0.58 0.22 0.88 0.80 1.46 0.51 1.02 0.00 1.24 1.10 0.00 1.61 1.17 0.00 0.58 0.15 0.73 0.00 0.00 0.00 0.00 0.00 0.00 0.00 0.00 1.98 1.98 0.51 0.00 0.00 0.00 0.00 0.00 0.00 0.00 0.00 0.00 0.00 0.00 0.00
0.51 0.00 0.00 0.66 2.19 2.77 2.19 1.90 3.21 2.56 1.17 4.16 2.92 2.70 0.00 0.00 2.41 2.70 2.70 3.14 2.92 0.00 0.00 0.00 4.16 3.72 0.00 0.00 0.00 0.00 0.00 0.00 0.00 0.00 0.00 0.00 0.00 0.00 0.00 3.07 0.00 0.37 0.73 0.73 1.90 0.37 0.37 1.02 2.12 1.68 1.39 0.58 0.80 1.39 1.02 2.19 1.24 2.41 0.00 0.37 0.88 1.97 0.88 0.73 1.10 1.75 0.00 2.34 2.34 4.33 4.23 2.56 1.90 0.00 0.00 0.00 0.00 0.00 0.00 0.00 0.00 0.00 0.00 0.00
1.83 1.53 1.24 1.39 3.72 2.12 3.36 4.16 2.04 5.18 3.94 3.94 2.77 3.29 0.00 3.36 0.00 2.77 2.77 3.14 0.00 2.77 2.48 0.00 0.00 3.72 0.00 0.00 2.70 0.00 0.00 3.36 0.00 0.00 0.00 0.00 0.00 0.00 0.00 3.87 3.58 0.00 2.85 2.85 1.97 2.92 2.19 1.53 2.70 2.63 0.07 0.15 0.29 0.58 1.61 0.00 1.02 1.17 0.15 0.37 1.24 0.95 0.22 0.15 1.10 0.95 2.63 3.94 3.94 6.06 6.06 4.31 2.77 0.58 0.00 0.00 0.00 0.00 0.00 0.00 0.00 0.00 0.00 0.00
0.51 0.58 4.16 2.56 3.50 4.45 3.72 3.87 5.11 4.16 4.96 5.40 5.69 4.23 5.11 4.31 3.72 2.99 2.99 0.00 0.00 3.36 2.92 2.77 2.99 0.00 0.00 3.58 3.50 0.00 0.00 0.00 0.00 0.00 0.00 0.00 0.00 3.72 4.16 4.38 3.80 2.34 4.31 4.31 0.00 2.85 3.36 3.65 3.80 0.00 2.41 0.66 1.46 0.44 0.73 1.10 0.58 0.29 0.44 0.88 1.17 0.07 0.80 0.58 0.44 0.44 2.34 1.97 1.97 3.94 5.40 5.11 0.00 0.44 0.00 0.00 0.00 0.00 0.00 0.00 0.00 0.00 0.00 0.00
6.13 5.91 5.33 2.12 1.53 2.34 4.67 4.02 4.16 4.09 5.18 5.62 6.20 4.53 5.26 3.94 4.31 4.38 4.38 3.58 4.02 4.16 3.50 3.50 2.77 3.36 0.00 0.00 0.00 0.00 0.00 0.00 0.00 3.43 3.14 3.43 0.00 3.36 4.09 4.23 4.96 0.00 0.00 0.00 0.00 0.00 3.80 0.00 3.65 2.41 2.12 0.00 0.00 0.66 2.19 1.17 1.39 1.61 1.02 1.39 2.34 2.34 0.37 1.24 1.10 1.17 0.95 0.95 0.95 2.19 2.56 1.02 0.29 0.00 0.00 0.00 0.00 0.00 0.00 0.00 0.00 0.00 0.00 0.00
8.18 7.15 9.20 7.30 5.26 4.45 4.31 4.16 4.31 4.38 3.80 4.89 4.67 5.40 4.23 4.38 5.18 4.09 4.09 4.02 4.82 4.09 3.87 3.72 3.36 2.77 0.00 0.00 0.00 3.07 2.99 0.00 0.00 0.00 0.00 0.00 0.00 0.00 2.34 0.00 3.80 0.00 0.00 0.00 0.00 0.00 0.00 0.00 0.00 0.00 0.00 0.00 0.00 0.00 0.00 0.00 0.00 1.61 1.61 2.26 2.48 2.48 1.83 1.68 0.66 1.17 1.31 0.88 0.88 0.66 0.37 0.73 0.80 0.15 0.00 0.00 0.00 0.00 0.00 0.00 0.00 0.00 0.00 0.00
10.44 10.80 9.49 6.64 8.18 5.11 4.16 3.14 4.31 4.45 4.60 4.53 5.55 3.36 3.94 4.16 4.31 4.38 4.38 4.53 4.02 4.23 4.60 3.14 0.00 3.21 3.65 3.29 0.00 0.00 3.58 3.50 0.00 0.00 3.80 4.53 0.00 0.00 0.00 0.00 0.00 0.00 0.00 0.00 0.00 0.00 0.00 0.00 0.00 0.00 0.00 0.00 0.00 0.00 0.00 0.00 1.10 0.37 2.04 1.75 2.56 2.92 2.48 1.97 1.53 0.00 0.73 0.00 0.00 0.00 0.22 0.37 0.00 0.22 0.00 0.00 0.00 0.00 0.07 0.00 0.00 0.00 0.00 0.00
9.93 10.15 10.80 11.24 8.83 6.86 3.29 3.43 2.70 4.74 4.16 4.82 4.45 3.87 3.72 3.87 4.53 5.77 5.77 4.31 3.58 4.53 2.77 2.70 3.07 3.14 4.67 3.94 3.94 3.80 0.00 0.00 3.29 3.80 4.74 6.13 3.87 0.00 0.00 0.00 0.00 0.00 0.00 0.00 0.00 0.00 0.00 0.00 0.00 0.00 0.00 0.00 0.00 0.00 0.00 0.00 0.37 0.73 0.66 2.48 2.04 2.19 1.68 0.22 0.66 0.00 0.00 0.00 0.00 0.44 0.51 0.66 0.51 1.17 1.24 0.37 0.29 0.08 0.23 0.15 0.15 0.00 0.00 0.22
10.44 8.10 9.05 7.37 7.08 5.55 3.72 2.77 2.85 2.92 5.62 4.96 4.16 3.80 4.60 3.43 4.38 7.23 7.23 6.28 3.65 3.21 3.87 3.65 3.36 4.31 4.09 3.29 3.58 0.00 0.00 0.00 0.00 4.16 7.01 0.00 0.00 0.00 0.00 0.00 0.00 0.00 0.00 0.00 0.00 0.00 0.00 0.00 0.00 0.00 0.00 0.00 0.00 0.00 0.44 0.00 0.00 0.00 0.88 1.10 1.68 1.46 1.53 0.95 1.10 0.00 0.00 1.17 1.17 1.24 1.31 0.88 1.31 1.24 1.10 1.31 0.66 0.00 0.37 0.00 0.00 0.00 0.07 0.15
8.18 9.34 8.98 7.81 6.20 5.48 0.00 0.00 0.00 0.00 0.00 3.87 3.87 4.31 4.74 6.13 7.45 6.20 6.20 6.94 5.69 2.48 2.99 3.94 3.36 2.99 3.36 0.00 3.21 0.00 0.00 0.00 0.00 4.02 3.80 0.00 0.00 2.99 0.00 0.00 0.00 0.00 0.00 0.00 0.00 0.00 0.00 0.00 0.00 0.00 0.00 0.80 0.00 0.00 1.31 0.22 0.73 0.07 1.75 1.53 1.53 1.90 1.90 2.19 1.68 1.02 0.80 0.66 0.66 2.04 1.02 0.80 1.10 1.61 1.17 1.53 1.46 0.58 1.61 0.22 0.44 0.22 0.00 0.00
7.37 5.04 6.42 9.34 9.05 0.00 0.00 0.00 3.80 0.00 3.21 0.00 3.80 3.58 5.91 6.35 5.18 5.40 5.40 5.40 5.11 5.33 4.09 3.21 4.38 4.74 3.80 0.00 2.56 2.41 0.00 3.14 5.62 4.23 2.92 0.00 3.43 3.72 2.41 0.00 0.00 0.00 0.00 0.00 0.00 0.00 0.00 0.00 0.00 0.00 0.73 0.58 0.00 1.17 4.38 4.96 2.12 2.12 3.43 2.48 2.34 3.36 1.83 2.04 1.31 0.22 1.24 1.46 1.46 0.88 1.68 2.92 1.24 1.31 1.39 1.90 1.02 1.39 1.97 0.88 1.17 0.15 0.37 0.00
6.79 5.11 6.20 5.48 6.42 3.36 0.00 0.00 0.00 3.58 3.80 3.50 3.87 3.50 5.18 4.96 4.60 5.33 5.33 5.11 6.13 6.72 6.42 4.53 5.40 6.06 5.40 3.21 2.70 0.00 3.80 5.62 4.31 3.07 2.56 0.00 2.77 2.99 2.85 0.00 0.00 3.43 0.00 0.00 0.00 0.00 0.00 0.00 0.00 1.39 1.31 1.39 0.29 0.00 11.53 10.29 7.30 10.80 6.79 4.23 3.45 5.21 4.36 2.56 0.88 0.58 3.80 3.87 3.87 2.56 2.19 7.88 4.82 0.73 2.19 1.24 0.80 2.77 2.92 1.83 2.04 1.61 1.68 0.00
5.33 5.40 4.74 4.45 3.58 3.29 3.29 2.85 2.41 3.43 3.58 3.21 5.04 5.11 4.16 6.35 6.13 5.26 5.26 5.48 8.47 9.20 7.88 4.02 5.77 4.96 5.18 5.48 2.92 4.02 3.50 4.16 3.29 0.00 0.00 0.00 0.00 4.96 8.98 5.62 4.02 3.65 2.26 2.26 2.34 1.90 2.19 1.90 1.75 0.73 1.31 2.04 4.82 7.81 14.24 15.70 15.77 14.97 15.84 9.05 6.57 7.23 7.52 9.05 9.93 11.97 14.82 14.38 14.38 14.89 25.04 22.12 12.56 15.11 7.74 2.99 7.45 4.31 6.42 4.45 5.55 2.92 1.90 0.00
3.43 4.16 3.72 3.14 0.00 3.14 3.14 3.36 0.00 3.43 3.80 4.16 4.82 5.33 5.33 5.69 5.69 5.99 5.99 6.64 8.61 7.45 4.09 3.72 3.58 4.16 4.16 4.31 0.00 0.00 0.00 0.00 3.65 0.00 0.00 2.48 0.00 6.35 6.42 6.06 6.28 2.34 2.48 2.48 2.26 3.07 1.75 2.26 1.61 2.12 1.02 1.75 2.48 5.48 8.18 13.29 12.70 14.89 11.39 7.88 6.86 5.99 7.23 8.25 9.19 19.86 20.08 22.56 22.56 24.45 26.50 26.50 21.61 22.92 14.16 10.37 11.17 6.28 8.83 6.06 6.94 3.80 2.92 1.24
3.29 4.09 1.97 3.07 0.00 0.00 3.36 0.00 0.00 3.43 2.99 4.67 4.38 5.55 5.55 5.33 5.48 7.30 7.30 10.00 8.25 5.55 3.36 2.70 3.58 3.58 3.87 0.00 3.21 0.00 0.00 3.14 3.43 3.36 0.00 3.29 3.07 4.38 7.96 3.29 3.43 0.00 2.19 2.19 2.41 3.36 3.50 2.56 2.34 2.56 2.41 1.39 3.36 4.16 7.15 7.15 7.45 9.64 10.59 5.91 4.96 5.26 7.30 7.96 16.66 24.57 28.40 29.86 29.86 27.16 25.11 25.92 24.31 24.60 23.73 15.84 14.82 9.49 12.05 7.37 7.37 5.11 3.80 1.75
3.36 1.68 1.83 0.00 0.00 0.00 0.00 0.00 0.00 0.00 4.09 4.16 4.23 5.84 6.13 6.72 7.52 8.91 8.91 8.32 6.13 4.96 2.70 3.14 2.77 3.14 3.50 0.00 2.99 3.21 3.36 3.80 4.67 3.87 3.72 3.07 2.85 3.43 3.72 4.31 0.00 2.56 2.34 2.34 1.83 2.92 3.50 3.87 2.63 3.80 3.21 3.50 2.12 6.72 8.10 7.30 6.94 6.06 7.71 3.91 3.80 5.11 12.96 10.59 10.01 29.58 30.66 30.88 30.88 22.27 23.51 24.16 24.45 20.95 22.27 16.64 17.01 13.94 9.20 9.86 5.96 5.12 5.50 2.93
2.77 1.10 0.00 1.10 0.00 0.00 0.00 0.00 0.00 0.00 3.14 3.50 3.36 3.94 4.96 7.45 9.71 4.74 4.74 4.16 5.40 3.14 0.00 2.77 0.00 3.14 0.00 3.14 0.00 3.21 3.87 2.48 3.50 3.94 2.41 0.00 0.00 0.00 0.00 0.00 0.00 1.10 1.39 1.39 2.70 1.10 2.26 3.50 4.53 4.16 5.40 7.15 10.80 10.44 7.52 12.56 9.34 6.06 3.14 2.70 2.94 7.96 13.35 11.97 16.43 18.98 24.97 23.09 22.36 18.42 18.61 21.02 16.79 19.13 14.97 16.28 15.91 13.07 11.47 9.33 7.00 8.38 4.61 2.65
1.39 0.80 0.95 1.75 0.00 0.00 0.00 0.00 0.00 1.24 0.00 2.92 3.07 0.00 4.53 5.84 6.28 0.00 0.00 0.00 2.85 0.00 0.00 2.85 0.00 0.00 2.26 0.00 0.00 0.00 3.07 0.00 2.12 2.70 0.00 0.00 0.00 0.00 0.00 0.00 0.00 0.00 0.00 0.00 0.51 0.95 0.58 1.02 3.14 3.94 4.89 11.53 13.58 13.87 13.72 17.01 14.38 9.71 8.04 4.72 8.03 6.57 10.58 13.84 11.79 12.81 14.24 19.49 19.59 14.27 12.84 13.21 15.84 16.06 12.47 11.24 12.92 9.86 11.30 10.68 8.81 8.98 6.00 5.94
2.19 1.17 1.10 0.95 0.66 0.00 0.58 1.83 2.04 0.00 2.12 0.00 0.00 0.00 0.00 0.00 0.00 0.00 0.00 0.00 0.00 0.00 0.00 0.00 0.00 0.00 0.00 0.00 0.00 0.00 0.00 0.00 0.00 0.00 0.00 0.00 0.00 0.00 0.00 0.00 0.00 0.00 0.00 0.00 0.00 0.00 0.88 0.66 0.88 3.58 4.67 9.56 13.58 15.70 17.01 17.96 16.72 20.29 14.09 9.73 12.39 8.33 6.49 6.95 9.42 11.51 12.28 7.15 7.15 9.55 11.18 13.68 15.04 14.45 13.06 10.54 9.71 9.04 11.21 9.09 10.18 10.08 7.54 8.12
1.17 1.02 1.10 1.17 0.95 0.88 1.46 0.00 0.00 2.48 1.90 0.51 0.00 0.00 0.00 0.00 0.00 1.46 1.46 0.00 0.00 0.00 0.00 0.00 0.00 0.00 0.00 0.00 0.00 0.00 0.00 0.00 0.00 0.00 0.00 0.00 0.00 0.00 0.00 0.00 0.00 0.00 0.00 0.00 0.00 0.07 0.51 1.24 1.24 2.92 5.69 8.10 10.00 14.16 15.62 20.15 21.41 20.66 20.22 14.75 10.07 12.14 5.01 7.38 9.90 9.88 7.04 4.82 4.82 5.83 9.56 10.36 13.27 14.89 13.12 11.67 9.42 9.86 9.58 6.62 8.56 11.32 11.26 10.88
3.14 4.45 1.02 0.58 0.51 0.07 0.51 0.00 0.00 0.00 1.39 0.00 0.00 0.00 0.00 0.00 1.68 1.10 1.10 0.00 0.00 0.00 2.70 0.00 0.00 0.00 1.39 0.00 0.00 0.00 0.00 0.00 0.00 0.00 0.00 0.00 0.00 0.00 0.00 0.00 0.00 0.00 0.00 0.00 0.00 0.00 0.80 1.39 2.04 6.86 6.64 9.34 9.39 10.76 15.52 18.31 20.70 18.40 20.00 19.13 12.78 13.65 7.61 6.70 8.40 10.24 8.27 5.26 5.28 4.19 8.37 10.87 9.84 13.94 12.67 12.05 9.91 10.06 5.70 7.95 10.14 9.73 10.18 11.73
11.97 6.50 4.53 1.17 0.66 1.10 1.31 1.24 0.00 1.90 0.00 0.00 0.00 0.00 0.00 0.58 0.00 0.00 0.00 0.00 0.00 0.00 0.00 0.00 0.00 0.00 0.00 0.73 0.00 0.00 0.00 0.00 0.00 0.00 0.00 0.00 0.00 0.00 0.00 0.00 0.00 0.00 0.15 0.15 0.00 0.51 3.21 4.60 9.78 10.95 9.78 8.61 10.66 13.99 17.02 16.78 20.00 19.04 18.82 16.00 14.53 11.01 11.60 9.09 9.13 11.05 9.21 6.82 6.82 5.24 5.63 6.98 10.95 12.15 12.18 10.93 9.91 7.50 5.77 6.90 11.36 13.54 10.56 7.42
6.06 7.96 7.96 7.23 3.50 2.70 1.83 2.56 1.90 1.31 0.00 0.00 0.00 0.00 0.00 0.00 0.00 0.00 0.00 0.00 0.00 0.00 0.00 0.00 0.00 0.00 0.00 0.51 0.00 0.00 0.00 0.00 0.00 0.00 0.00 0.80 0.00 0.00 0.00 0.00 0.00 0.00 3.29 3.29 2.63 2.99 6.64 7.08 12.63 12.34 12.78 12.34 11.24 16.07 16.02 15.90 14.15 16.21 17.41 16.85 18.47 15.36 13.92 9.42 10.09 11.05 9.43 5.04 4.96 5.63 3.74 6.22 10.61 11.13 10.22 9.61 9.04 7.78 6.28 6.71 9.33 10.99 11.53 7.63
3.72 3.14 7.01 6.42 4.89 3.29 3.21 2.19 1.46 2.56 2.77 0.66 0.00 1.31 0.00 0.00 0.00 0.00 0.00 0.00 0.00 0.00 0.00 0.00 0.00 0.00 2.19 1.61 0.29 0.37 1.02 0.95 1.24 1.83 0.00 1.02 0.00 0.00 0.00 0.00 0.00 1.24 7.59 7.59 7.15 12.48 10.95 10.22 14.67 14.90 16.41 15.56 16.97 17.73 16.55 14.97 16.28 14.53 15.38 16.59 17.02 18.52 14.22 12.41 9.19 9.60 6.00 4.21 4.11 2.99 2.48 5.66 8.68 10.52 11.30 9.56 8.18 6.94 7.23 6.56 8.00 7.93 11.01 7.66
4.82 8.83 6.35 7.15 10.80 5.18 4.38 3.43 3.65 2.04 1.90 0.44 0.73 0.88 0.73 0.44 1.90 1.53 1.53 1.31 1.46 0.00 1.02 0.00 1.46 1.10 1.61 1.68 1.10 1.90 1.53 0.51 1.31 2.12 1.97 2.77 2.92 5.11 6.06 6.06 5.69 9.05 12.70 12.70 15.11 12.19 14.38 15.62 14.02 13.43 13.40 15.61 11.77 13.00 14.07 15.71 13.84 17.27 18.01 19.30 18.64 16.19 22.14 19.42 15.77 8.66 9.14 3.52 3.47 2.92 1.39 3.48 10.70 11.97 9.73 6.72 4.69 3.96 0.00 3.49 0.00 4.95 4.17 4.36
12.34 14.31 13.58 12.85 14.02 7.74 3.80 4.23 2.99 0.00 0.00 0.95 1.10 0.51 1.46 2.04 1.10 1.90 1.90 1.17 1.83 1.61 0.51 0.37 1.39 0.22 1.10 0.00 0.44 0.58 0.58 0.37 1.39 2.41 3.43 3.14 4.89 4.60 1.90 4.16 1.24 3.14 10.00 10.00 11.39 9.42 10.59 8.32 10.84 12.39 13.70 12.08 10.02 9.63 11.57 15.35 10.71 11.84 18.19 21.34 23.30 20.65 19.42 19.94 9.86 9.78 8.14 6.80 6.69 1.17 2.56 2.55 6.60 12.26 10.02 6.57 4.79 1.27 0.00 0.00 0.00 2.23 2.53 4.26
14.45 14.97 14.38 15.55 15.99 16.72 13.43 8.98 2.70 0.00 0.00 0.00 1.31 1.10 2.19 1.39 1.83 1.24 1.24 0.58 1.53 0.44 1.31 0.29 0.22 0.66 0.00 0.00 0.37 0.58 0.51 0.44 1.31 1.61 3.21 6.13 5.18 0.22 0.07 1.24 0.00 0.37 1.68 1.68 4.02 2.92 4.74 3.54 10.06 9.47 10.72 8.28 9.73 9.49 10.15 6.34 10.83 12.73 13.77 22.84 22.76 24.21 24.75 11.53 12.12 9.53 8.64 5.80 6.44 1.93 0.52 1.50 4.63 8.79 8.98 7.59 4.09 0.22 0.00 0.00 0.00 0.00 2.02 2.85
6.06 14.02 11.17 6.28 8.54 13.07 9.27 6.60 3.29 0.00 0.58 0.00 0.88 1.02 1.24 1.17 1.31 0.73 0.73 0.44 0.88 0.51 0.58 0.58 0.00 0.00 0.00 0.00 0.07 0.66 0.00 0.00 0.22 0.44 2.26 3.58 1.17 0.00 0.00 0.00 0.00 0.00 0.73 0.73 0.00 0.58 1.75 2.64 5.40 6.51 6.65 7.99 10.26 11.49 7.73 4.56 4.89 9.97 9.29 17.47 26.02 25.25 19.66 16.64 16.72 6.18 5.78 6.52 6.28 2.90 0.86 1.22 2.81 8.22 6.42 6.74 3.26 1.76 0.00 0.00 0.00 0.00 3.42 3.71
0.00 5.91 9.13 0.00 7.30 5.48 9.05 7.30 5.91 2.70 2.26 1.90 0.00 0.00 0.51 0.51 0.66 1.53 1.53 0.66 0.95 0.15 0.73 1.02 0.00 0.00 0.00 0.00 0.00 0.00 0.00 0.00 0.00 0.00 0.22 2.34 0.00 0.00 0.00 0.00 0.00 0.00 0.00 0.00 0.00 0.00 1.61 1.17 3.50 6.42 6.67 6.57 7.10 5.24 5.46 5.80 4.18 6.03 8.38 15.51 19.90 19.93 22.44 19.91 13.72 8.35 6.64 8.91 8.96 6.15 1.62 2.66 2.85 4.78 4.15 4.63 1.71 1.69 0.96 1.20 2.46 5.39 4.69 4.70
0.00 0.00 0.00 0.00 4.74 9.34 8.32 8.76 7.52 5.91 2.85 1.83 0.80 1.24 0.00 0.07 1.83 1.10 1.10 0.00 0.88 0.00 0.15 0.00 0.00 0.00 0.00 0.00 0.00 0.00 0.00 0.00 0.00 0.00 0.00 0.58 0.00 0.00 0.00 0.00 0.00 0.00 0.00 0.00 0.00 0.00 0.22 2.04 1.41 5.34 8.07 4.72 6.30 5.99 5.24 0.00 4.56 0.00 0.00 10.52 19.32 22.26 21.78 21.52 15.95 15.96 11.25 11.07 12.95 6.98 4.74 3.34 3.97 1.76 1.97 1.25 1.54 0.51 0.47 0.00 3.39 5.76 6.73 2.22
0.00 0.00 0.00 0.00 0.00 4.60 9.78 8.32 8.40 3.50 2.04 2.19 2.34 1.61 1.53 1.10 4.23 1.75 1.75 0.00 0.00 0.00 0.00 0.00 0.00 0.00 0.00 0.00 0.00 0.00 0.00 0.00 0.00 0.00 0.00 0.00 0.00 0.00 0.00 0.00 0.00 0.00 0.00 0.00 0.00 0.00 0.00 0.46 1.68 2.02 3.19 4.25 4.42 5.41 0.00 0.00 0.00 0.00 13.30 0.00 19.62 16.35 18.27 21.38 22.16 18.33 16.88 9.10 10.19 6.41 5.64 3.01 0.88 0.00 0.00 0.84 1.83 0.51 0.08 0.00 3.24 6.42 5.12 3.86
0.00 0.00 0.00 0.00 0.00 0.00 3.50 7.52 7.37 5.91 2.34 1.31 3.14 4.53 5.40 3.56 3.24 3.94 3.94 0.00 0.00 0.22 0.22 0.00 0.00 0.00 0.00 0.00 0.00 0.00 0.00 0.00 0.00 0.00 0.00 0.37 0.00 0.00 0.00 0.00 0.00 0.00 0.00 0.00 0.00 0.00 0.00 0.00 0.23 1.87 5.70 5.97 6.30 0.00 0.00 0.00 0.00 0.00 0.00 0.00 13.43 15.91 17.75 15.59 18.30 19.40 20.97 11.77 12.02 8.32 7.00 5.77 3.08 0.68 0.00 0.81 1.73 0.61 0.00 0.00 0.00 3.95 5.79 4.08
0.00 0.00 0.00 0.00 0.00 0.00 0.00 3.94 6.50 1.97 4.02 2.19 5.18 5.84 6.20 7.70 5.77 2.82 2.63 0.22 1.83 0.44 2.04 0.00 0.00 0.00 0.29 0.00 0.00 0.00 0.00 0.00 0.00 0.00 0.00 0.00 0.00 0.00 0.00 0.00 0.29 0.15 0.00 0.00 0.00 0.00 0.00 0.00 0.00 1.82 0.00 0.00 0.00 0.00 0.00 0.00 0.00 0.00 0.00 0.00 0.00 15.33 14.69 8.34 14.60 18.86 16.45 11.32 13.84 9.13 6.93 6.35 4.78 1.25 0.00 0.64 1.99 0.84 0.00 0.00 0.00 0.00 3.10 0.00
0.00 0.00 0.00 0.00 0.00 0.00 0.00 0.00 0.00 0.00 0.00 0.00 0.00 0.00 4.82 0.00 0.00 5.58 5.67 5.69 5.69 5.33 5.33 3.58 1.83 2.19 2.41 2.26 0.00 2.99 2.48 0.15 2.04 0.44 1.83 2.99 2.99 1.46 0.88 3.15 1.96 0.81 2.04 2.04 0.58 0.00 0.00 0.00 1.93 0.00 0.00 0.00 0.00 0.00 0.00 0.00 0.00 0.00 0.00 0.00 0.00 0.00 0.00 12.13 19.23 15.42 5.71 7.34 8.20 9.48 6.13 4.46 0.00 0.00 0.00 0.00 0.00 0.00 0.00 0.00 0.00 0.00 0.00 0.00
0.00 0.00 0.00 0.00 0.00 0.00 0.00 0.00 0.00 0.00 0.00 0.00 0.00 0.00 0.00 0.00 0.00 2.92 2.92 4.96 2.18 6.13 6.13 4.96 5.40 4.19 6.89 4.09 3.80 3.87 4.45 2.77 2.26 1.61 0.00 2.99 3.94 3.72 3.21 2.41 4.53 4.01 3.07 3.43 1.61 2.19 1.97 0.00 0.00 0.00 0.00 0.00 0.00 0.00 0.00 0.00 0.00 0.00 0.00 0.00 0.00 0.00 0.00 0.00 11.45 10.84 0.00 0.00 0.00 0.00 0.00 0.00 0.00 0.00 0.00 0.00 0.00 0.00 0.00 0.00 0.00 0.00 0.00 0.00
0.00 0.00 0.00 0.00 0.00 0.00 0.00 0.00 0.00 0.00 0.00 0.00 0.00 0.00 0.00 0.00 0.00 0.00 0.00 0.00 0.00 0.00 6.79 4.23 5.18 3.45 4.54 7.45 4.60 4.60 3.36 1.90 0.82 1.31 0.00 0.00 2.04 2.70 0.00 0.00 2.58 4.02 2.50 3.17 0.52 1.46 3.19 0.00 3.01 0.00 0.00 0.00 0.00 0.00 0.00 0.00 0.00 0.00 0.00 0.00 0.00 0.00 0.00 0.00 0.00 0.00 0.00 0.00 0.00 0.00 0.00 0.00 0.00 0.00 0.00 0.00 0.00 0.00 0.00 0.00 0.00 0.00 0.00 0.00
0.00 0.00 0.00 0.00 0.00 0.00 0.00 0.00 0.00 0.00 0.00 0.00 0.00 0.00 0.00 0.00 0.00 0.00 0.00 0.00 0.00 0.00 0.00 3.14 0.00 0.00 0.00 2.41 6.50 0.00 2.56 0.00 1.39 0.07 0.00 0.00 0.00 0.00 0.00 0.00 0.00 0.00 0.00 0.00 3.14 0.00 0.00 0.00 0.58 0.00 0.00 0.00 0.00 0.00 0.00 0.00 0.00 0.00 0.00 0.00 0.00 0.00 0.00 0.00 0.00 0.00 0.00 0.00 0.00 0.00 0.00 0.00 0.00 0.00 0.00 0.00 0.00 0.00 0.00 0.00 0.00 0.00 0.00 0.00
