Wansh/Snow_depth/snowdepth-1998/winter/1999001.txt
ncols 321
nrows 161
xllcenter 60
yllcenter 15 
cellsize  0.25 
NODATA_value -1
[rows 74 to 110 of 161, columns 84 to 167 of 321]
0.00 0.00 0.00 0.00 0.00 0.00 1.24 0.73 0.00 0.00 1.53 0.66 4.09 4.31 0.00 3.43 0.00 0.00 0.00 0.00 0.00 3.80 2.77 2.92 2.92 3.87 4.60 2.92 0.00 1.75 2.19 2.41 1.90 1.97 1.90 1.02 1.68 2.34 3.29 2.99 4.23 2.26 1.75 1.75 1.02 0.22 0.00 0.66 0.37 1.68 2.63 3.21 0.00 1.32 3.20 2.26 0.00 0.07 0.00 0.51 0.00 0.00 0.00 0.00 0.00 0.00 0.00 0.00 0.00 0.07 1.25 0.37 0.80 0.00 0.00 0.00 0.00 0.00 0.00 0.00 0.00 0.59 0.37 0.00
0.00 0.73 0.22 0.15 0.73 2.56 2.77 1.31 3.43 3.14 2.85 2.92 0.00 0.00 0.00 0.00 3.21 3.65 3.65 0.00 4.02 0.00 3.07 3.58 4.38 4.53 0.00 3.58 3.14 0.00 0.00 0.00 2.26 0.88 1.24 1.46 2.19 3.58 2.85 4.09 3.94 1.31 4.45 4.45 2.77 0.37 0.66 1.39 0.66 2.12 2.19 1.97 2.19 1.17 1.24 2.70 1.02 0.22 0.00 0.66 2.12 0.07 0.15 0.00 0.00 0.00 0.00 0.29 0.29 0.15 2.04 1.97 2.56 0.00 0.00 0.00 0.00 0.00 0.00 0.00 0.00 0.00 0.00 0.00
0.95 2.85 3.14 2.34 3.14 2.85 3.36 4.53 0.00 0.00 3.80 4.82 4.16 5.33 4.89 4.89 4.74 4.16 4.16 0.00 0.00 0.00 0.00 0.00 0.00 0.00 0.00 0.00 0.00 0.00 0.00 0.00 0.00 0.00 2.26 2.34 4.23 3.14 6.06 4.67 4.60 5.84 6.06 6.06 2.70 1.90 2.63 3.07 0.58 3.14 1.61 1.97 1.46 1.24 1.17 0.66 0.80 0.66 0.66 0.66 0.95 2.19 0.51 0.00 0.00 0.00 0.73 0.51 0.51 2.70 3.43 2.63 3.21 1.39 0.00 0.22 0.00 0.00 0.00 0.00 0.00 0.00 0.00 0.00
0.00 2.34 1.97 2.19 3.29 3.72 2.26 3.21 0.00 0.00 4.09 5.26 5.04 5.11 4.60 5.18 5.48 3.94 3.94 4.09 0.00 0.00 0.00 0.00 0.00 0.00 0.00 3.58 0.00 0.00 0.00 2.63 2.92 0.00 0.00 2.12 4.67 3.65 5.33 6.72 6.35 6.50 5.91 5.91 4.74 2.70 1.75 3.43 2.85 2.99 3.21 3.65 1.17 2.26 0.51 2.63 1.46 1.17 0.29 1.46 1.02 1.83 1.46 0.00 1.24 0.00 1.90 1.75 1.75 2.70 2.92 2.77 1.83 0.73 0.95 0.07 0.22 0.00 0.00 0.00 0.07 0.00 0.00 0.44
8.54 2.12 4.02 1.24 6.13 3.50 3.58 2.85 2.77 3.65 0.00 5.11 4.96 0.00 5.11 5.40 5.69 4.82 4.82 3.87 3.36 3.50 0.00 0.00 0.00 0.00 0.00 0.00 0.00 0.00 0.00 0.00 0.00 0.00 3.29 0.00 0.00 3.36 4.82 5.26 7.01 7.30 4.23 4.23 3.14 3.50 2.77 2.56 2.26 4.09 0.00 3.36 4.02 2.19 3.29 3.36 3.43 2.19 2.41 2.04 3.50 2.48 2.70 1.97 1.90 1.53 2.48 0.51 0.51 2.48 1.68 1.75 1.83 0.58 0.51 1.10 0.58 0.97 0.37 1.31 0.80 0.51 0.44 0.30
10.80 11.68 5.26 5.55 8.18 5.77 1.24 0.00 0.00 2.99 0.00 5.33 4.02 0.00 5.26 5.26 4.09 4.31 4.31 4.38 4.02 3.50 2.63 0.00 0.00 0.00 0.00 3.58 0.00 0.00 3.87 0.00 0.00 0.00 0.00 0.00 0.00 0.00 0.00 4.38 5.62 2.41 1.90 1.90 1.83 0.00 1.46 1.10 1.17 3.36 2.70 0.00 2.99 2.77 3.58 3.14 2.56 1.97 2.92 3.07 3.21 2.70 2.92 1.83 0.51 1.31 1.24 2.56 2.56 2.41 0.80 0.80 2.04 1.02 0.29 0.58 1.03 1.75 1.61 1.83 1.46 1.17 0.07 0.29
11.97 11.32 11.90 10.44 5.48 7.01 2.70 0.00 0.00 0.00 0.00 3.07 3.36 4.53 4.89 4.16 4.09 4.31 4.31 2.99 3.80 4.38 0.00 2.99 0.00 0.00 0.00 0.00 3.36 5.26 4.16 4.89 0.00 0.00 3.29 0.00 0.00 0.00 0.00 1.46 2.85 2.34 1.90 1.90 1.10 0.51 0.29 1.10 0.00 0.00 0.00 0.00 2.04 2.92 3.07 4.16 3.50 2.56 2.92 2.92 2.48 2.41 3.07 2.34 0.00 0.00 0.00 0.00 0.00 0.80 1.46 1.02 2.12 1.53 1.02 0.59 0.75 1.76 1.75 1.61 1.39 1.53 0.51 0.73
13.58 13.43 14.09 10.37 7.01 3.29 2.63 2.56 0.00 3.14 2.92 3.58 3.36 4.16 3.87 3.72 3.29 2.63 2.63 3.80 3.07 3.29 2.48 0.00 2.26 3.21 3.80 2.92 0.00 2.48 0.00 0.00 0.00 2.77 5.99 5.69 3.87 0.00 0.00 2.77 3.29 3.58 2.34 2.34 2.04 1.17 1.61 1.68 2.19 2.48 0.00 2.12 2.56 2.41 3.14 3.50 3.36 2.56 3.43 2.70 2.70 3.07 3.21 2.41 0.66 0.00 0.00 0.66 0.66 1.68 2.12 1.68 2.19 1.97 1.31 1.03 0.37 0.54 0.91 1.80 1.76 1.83 1.83 0.73
12.19 12.12 11.17 8.25 6.94 4.31 3.29 0.00 1.97 2.56 2.34 2.99 3.43 3.21 4.09 4.23 4.82 4.67 4.67 6.28 4.38 1.97 3.29 0.00 0.00 3.29 3.43 0.00 0.00 0.00 0.00 2.19 0.00 8.10 8.10 8.61 1.83 1.10 1.17 1.75 2.41 2.34 2.85 2.85 1.97 2.48 1.90 1.97 1.46 1.75 2.48 1.90 1.83 1.75 1.53 2.77 3.21 3.36 2.56 3.36 3.50 2.99 3.36 2.04 2.26 0.00 0.73 1.75 1.75 2.63 2.12 2.26 2.48 1.97 1.24 1.46 1.31 1.24 1.10 1.25 1.46 2.56 2.12 1.39
11.61 11.10 10.00 9.27 6.06 6.13 0.00 2.99 2.48 0.00 0.00 0.00 3.72 4.16 4.23 5.18 5.77 6.42 6.42 6.50 5.69 4.16 4.09 0.00 0.00 0.00 0.00 0.00 0.00 0.00 0.00 0.00 0.00 6.50 8.10 4.02 0.00 3.72 1.61 3.07 1.53 2.26 2.12 2.12 2.34 2.19 1.68 0.00 0.00 1.24 1.97 1.46 1.68 2.41 1.90 2.92 3.50 3.50 4.09 4.67 3.29 3.07 2.77 3.21 1.17 1.10 2.26 2.56 2.56 3.14 3.21 2.19 2.34 2.48 2.56 2.41 2.41 1.83 1.75 1.46 1.46 2.12 2.34 1.68
10.88 7.81 10.00 9.71 8.91 0.00 0.00 0.00 0.00 0.00 2.19 2.56 3.50 3.07 3.21 3.21 5.99 5.04 5.04 4.96 4.67 4.96 3.65 3.50 0.00 0.00 4.45 4.53 0.00 0.00 0.00 0.00 5.26 5.18 3.43 4.16 5.55 3.80 4.67 2.48 3.14 4.02 2.85 2.85 1.39 0.80 1.53 0.00 0.00 1.83 1.97 1.31 5.11 3.58 3.43 10.73 7.74 5.48 7.96 5.40 4.23 5.04 3.50 3.80 2.99 3.36 5.77 3.72 3.72 4.16 2.99 3.21 3.72 3.07 2.26 2.04 2.77 1.90 2.34 2.92 2.77 2.85 2.41 3.07
7.30 6.72 7.30 7.74 3.29 3.14 0.00 2.41 0.00 2.26 2.26 2.56 2.85 0.00 0.00 2.34 2.92 3.72 3.72 4.02 5.11 6.28 5.33 0.00 0.00 4.53 6.28 5.18 0.00 0.00 0.00 4.16 4.31 3.21 0.00 0.00 4.89 5.69 4.82 4.74 4.31 5.18 1.83 1.83 1.75 1.39 0.80 0.00 3.72 3.36 2.92 6.06 7.45 8.25 15.40 17.16 13.29 9.34 11.75 7.59 6.02 6.41 5.57 6.64 4.89 7.23 8.76 5.55 5.55 10.00 5.55 6.06 8.03 2.41 2.34 2.19 3.65 3.21 3.80 3.50 3.43 4.09 3.58 2.12
7.52 6.35 5.69 2.99 2.77 4.09 2.56 3.07 2.85 3.65 2.48 0.00 4.53 3.14 5.26 5.99 5.77 4.16 4.16 4.38 8.54 7.30 8.83 7.52 5.91 4.60 5.18 4.60 4.38 3.87 4.02 2.77 3.07 2.70 0.00 0.00 0.00 5.91 9.34 10.95 7.45 7.08 4.53 4.53 3.65 2.63 3.21 3.58 4.89 2.85 2.63 4.16 7.52 10.44 10.15 14.53 16.72 17.89 17.23 9.42 8.83 8.69 10.21 9.49 11.24 11.75 14.24 12.78 12.78 20.51 21.97 24.82 25.99 11.39 8.47 9.20 10.95 6.50 6.13 6.72 5.84 5.11 4.09 3.50
3.21 4.45 3.58 2.85 2.77 2.70 0.00 0.00 3.65 2.34 4.45 2.85 3.94 5.48 4.60 6.72 5.26 5.99 5.99 12.48 9.86 10.66 7.52 5.69 2.34 3.43 4.38 4.60 3.07 2.99 2.48 0.00 0.00 0.37 0.00 0.00 0.00 4.45 6.35 9.78 4.31 3.94 4.09 4.09 2.92 4.16 3.21 3.58 1.97 1.75 3.50 3.65 4.74 10.15 12.05 14.67 11.75 14.45 12.63 7.96 6.72 7.45 9.64 10.15 11.56 20.88 21.46 20.22 20.22 27.89 26.28 30.00 30.08 19.42 18.32 17.30 15.91 9.34 7.23 6.28 6.06 6.13 5.11 4.23
3.50 1.97 3.29 0.00 0.00 0.00 2.70 0.00 3.36 3.36 3.21 3.80 4.74 4.74 6.28 6.06 6.42 11.75 11.75 13.58 8.54 4.09 4.09 0.00 1.90 2.77 2.92 4.02 2.56 1.68 0.00 0.00 0.00 0.73 0.00 0.00 2.34 2.77 3.80 3.50 2.48 2.19 3.87 3.87 3.87 3.72 4.09 2.99 2.48 2.34 4.09 4.23 3.72 8.10 11.24 11.97 7.96 9.56 9.42 6.86 5.69 7.23 9.56 13.65 16.22 28.35 30.22 32.63 32.63 30.95 30.08 30.15 28.32 27.08 26.21 23.21 20.00 12.63 9.34 8.18 7.88 5.77 4.82 4.23
3.94 2.77 0.00 0.00 0.00 0.00 0.00 0.00 0.00 0.00 0.00 0.00 4.09 5.48 7.23 8.98 9.05 10.73 10.73 10.80 7.45 2.04 0.00 0.00 1.39 2.34 2.56 2.70 2.48 2.56 0.00 0.00 0.00 2.34 1.83 0.00 0.00 0.00 2.48 0.00 0.00 0.00 0.00 0.00 1.83 3.58 4.23 5.04 4.02 4.89 4.89 4.60 9.86 10.51 10.00 9.05 8.25 7.01 7.71 5.38 5.84 5.77 9.76 15.77 21.05 25.89 35.58 31.97 31.97 26.86 28.76 25.70 22.63 27.89 28.18 24.75 21.75 17.37 13.80 10.93 11.40 7.60 5.21 4.99
2.85 1.90 0.00 0.00 0.00 0.00 0.00 0.00 0.00 0.00 0.00 0.00 0.00 0.00 5.69 9.71 10.29 5.99 5.99 6.64 6.13 3.36 0.00 0.00 1.10 2.63 2.85 1.02 1.39 1.61 0.00 0.00 0.00 2.92 0.00 0.00 0.00 0.00 0.00 0.00 0.00 0.00 0.00 0.00 0.58 2.63 5.11 5.84 4.82 4.96 5.77 7.74 10.59 11.90 10.37 8.47 11.53 6.72 4.23 5.11 3.99 5.55 8.77 12.63 20.08 20.51 30.80 27.53 26.66 19.88 24.09 20.59 19.05 25.26 22.63 20.73 18.18 16.64 19.03 15.14 11.47 10.76 9.39 6.13
1.31 1.75 1.68 0.00 0.00 0.00 0.00 1.61 0.00 0.00 0.00 0.00 0.00 0.00 0.00 6.72 8.03 0.00 0.00 0.00 0.00 1.46 0.00 1.61 1.39 2.99 2.63 0.80 0.66 1.39 0.00 0.00 0.00 0.00 0.00 0.00 0.00 0.00 0.00 0.00 0.00 0.00 0.00 0.00 0.00 1.02 3.58 4.09 3.50 3.87 4.53 6.86 9.49 12.41 13.43 14.24 10.44 11.10 8.48 5.16 7.01 8.69 9.68 9.05 15.97 14.82 20.51 17.59 17.68 16.74 19.08 17.23 18.32 21.24 19.44 16.86 13.80 13.29 16.36 14.05 14.21 12.34 11.27 9.25
1.75 2.26 1.53 1.61 0.00 2.12 1.68 2.12 1.02 0.00 0.00 0.00 0.00 0.00 0.00 0.00 0.00 0.66 0.66 0.37 0.00 2.19 0.00 0.00 0.00 1.61 2.12 0.00 0.00 0.00 0.00 0.00 0.00 0.00 0.00 0.00 0.00 0.00 0.00 0.00 0.00 0.00 0.00 0.00 0.00 1.24 2.26 1.90 2.70 3.43 4.23 5.77 13.43 15.18 14.82 18.40 15.62 20.22 13.43 18.04 11.28 7.87 8.42 11.40 15.19 16.74 14.38 10.15 10.15 11.08 15.07 14.75 16.65 19.64 17.46 14.53 12.92 11.34 15.58 13.18 13.81 12.64 9.65 9.03
3.43 3.87 1.97 1.39 1.61 2.19 0.00 0.00 1.61 0.00 0.00 0.73 0.00 0.00 0.00 0.00 0.00 0.00 0.00 0.15 0.00 1.61 0.58 1.02 0.00 0.00 0.00 0.00 0.00 0.00 0.00 0.00 0.00 0.00 0.00 0.00 0.00 0.00 0.00 0.00 0.00 0.00 0.00 0.00 0.00 0.66 1.46 2.04 3.43 4.16 5.69 7.37 8.69 12.70 11.61 17.37 20.81 21.53 19.78 21.53 14.97 11.03 10.89 8.53 14.68 14.53 11.45 8.03 8.03 9.95 12.34 13.54 14.08 18.86 17.27 15.48 14.38 11.78 11.70 10.08 11.70 14.86 12.98 9.83
5.62 3.21 1.02 2.99 1.39 1.17 0.00 0.00 0.00 0.00 0.00 0.00 0.00 0.00 0.00 0.00 0.37 0.00 0.00 0.00 0.00 0.00 0.00 0.00 0.00 0.00 0.00 0.00 0.00 0.00 0.00 0.00 0.00 0.00 0.00 0.00 0.00 0.00 0.00 0.00 0.00 0.00 0.00 0.00 0.29 0.00 1.53 3.87 3.58 5.62 5.91 9.20 8.12 9.26 9.63 14.30 20.17 19.20 21.39 21.39 19.71 12.77 12.53 10.32 12.09 14.44 12.36 8.18 8.22 8.31 11.35 10.46 11.45 18.62 16.30 14.24 12.96 13.62 10.46 6.80 8.76 12.87 13.73 9.41
9.05 6.35 4.53 5.99 3.94 2.04 3.14 0.00 0.00 0.00 0.00 0.00 0.00 0.00 0.00 0.00 0.00 0.00 0.00 0.00 0.00 0.00 0.00 0.00 0.00 0.00 0.07 0.00 0.00 0.15 0.00 0.00 0.00 0.00 0.00 0.00 0.00 0.00 0.00 0.00 0.00 0.00 0.00 0.00 0.00 0.80 3.21 4.31 7.37 8.40 8.76 10.37 8.91 7.80 13.47 14.60 18.23 22.42 18.90 18.73 19.22 14.82 16.57 10.72 10.55 12.05 14.75 11.37 11.37 6.71 8.88 8.11 9.71 15.58 14.23 13.43 13.04 10.29 8.09 8.57 7.18 12.48 15.22 12.53
7.37 8.98 7.23 8.10 5.55 2.70 3.14 1.53 1.75 1.10 1.02 0.00 0.00 0.00 0.00 0.00 0.00 0.00 0.00 0.00 0.00 0.00 0.00 0.00 0.00 0.00 1.83 0.15 0.44 0.00 0.00 0.00 0.00 0.00 1.68 0.00 0.00 0.00 0.00 0.00 0.00 0.51 0.73 0.73 3.87 1.17 0.95 7.01 9.64 11.32 10.80 12.85 11.24 10.34 13.63 16.38 15.35 16.51 16.85 20.38 20.91 18.71 18.74 12.05 14.19 16.41 14.90 11.64 11.46 7.11 6.87 7.39 9.61 12.74 13.14 11.67 11.12 9.20 9.23 7.34 11.89 14.68 11.36 7.54
6.64 6.72 9.13 6.28 5.84 3.50 2.63 1.97 1.97 1.02 1.53 0.00 0.00 0.00 0.00 0.00 0.00 0.00 0.00 0.00 0.00 0.00 0.00 0.00 0.00 0.00 1.83 2.77 0.00 0.00 0.95 0.58 0.00 1.83 1.17 1.61 0.00 0.00 0.00 0.00 4.89 5.04 9.86 9.86 9.05 2.12 8.69 11.39 11.83 12.13 13.09 15.49 16.59 17.01 16.17 13.79 16.21 15.84 17.09 17.66 18.12 20.75 20.03 14.09 14.38 13.65 10.01 7.83 7.63 5.11 5.48 5.17 8.68 13.13 13.72 11.75 11.01 8.23 9.24 7.52 10.78 13.19 10.60 7.57
12.99 10.66 7.23 8.83 5.40 9.71 4.38 2.12 1.39 1.97 0.58 0.37 0.37 0.07 0.15 0.37 0.58 0.44 0.44 0.66 2.19 0.00 0.00 0.66 2.04 1.75 1.90 0.88 1.10 1.46 1.17 1.02 3.36 4.53 4.67 5.18 0.00 7.52 3.29 3.36 4.96 8.83 9.13 9.13 13.36 9.86 10.80 11.68 11.39 10.66 12.34 14.18 14.77 12.07 12.78 15.04 12.56 16.45 16.30 17.90 18.86 18.76 22.45 20.62 17.30 12.11 11.91 9.66 9.51 2.99 3.21 4.61 10.53 14.44 14.30 11.53 7.19 4.78 8.59 6.19 5.14 6.63 5.29 7.38
13.94 9.78 15.48 13.21 11.61 12.92 9.05 3.36 0.00 1.68 1.17 0.29 0.22 0.58 1.02 0.00 0.66 0.44 0.44 0.15 0.88 0.73 1.02 0.44 0.95 1.10 0.73 0.66 1.10 1.10 1.46 0.88 1.97 3.50 4.45 4.38 7.01 4.45 4.09 1.53 3.07 6.13 4.31 4.31 7.74 4.38 6.13 6.57 7.38 7.45 9.48 9.86 11.57 9.02 12.73 9.33 8.94 14.36 17.47 17.38 20.43 20.95 22.17 22.50 16.43 10.29 11.15 10.58 10.42 4.82 2.19 1.91 7.56 12.26 14.44 11.46 7.01 3.82 2.59 2.96 5.25 3.05 5.59 4.33
11.10 15.26 10.80 13.51 12.12 13.87 10.22 4.96 0.00 0.00 0.00 0.00 0.44 1.17 1.68 1.17 0.15 0.37 0.37 1.24 0.73 0.37 0.22 0.88 0.00 0.00 0.07 0.00 0.66 1.31 1.17 0.73 0.58 1.17 2.48 4.23 2.77 2.19 1.75 0.44 0.22 2.77 3.29 3.29 9.34 6.06 3.50 5.01 7.22 5.29 6.41 10.23 10.18 9.02 9.40 7.68 9.24 8.14 14.78 17.00 24.80 26.52 22.34 16.64 10.59 10.50 8.79 3.67 4.08 4.97 2.83 1.67 4.90 6.91 11.53 10.69 6.06 3.87 1.77 1.24 2.43 1.83 3.89 4.72
11.68 11.61 6.35 5.18 13.14 12.63 11.90 5.50 4.53 2.85 0.51 0.07 0.44 1.17 1.10 1.02 0.29 0.29 0.29 0.66 0.73 1.31 0.95 0.22 0.00 0.00 0.00 0.00 1.61 0.66 0.44 0.00 0.00 1.17 4.23 1.68 1.97 0.88 0.22 0.00 0.00 0.00 0.95 0.95 3.21 0.44 2.99 3.74 4.67 4.68 5.19 6.98 10.16 8.57 3.31 5.11 6.30 4.73 10.20 11.65 23.96 23.39 23.55 21.32 12.12 9.50 10.11 6.99 6.73 4.40 2.35 1.40 7.11 9.68 9.02 8.01 4.89 2.83 1.85 1.63 2.14 3.08 4.73 5.41
0.00 7.96 0.00 0.00 4.74 12.12 8.69 8.40 3.94 1.90 1.39 0.37 0.37 0.00 0.07 0.00 0.07 0.29 0.29 0.95 0.44 0.95 0.58 0.00 0.00 0.00 0.00 0.07 0.66 0.00 0.00 0.00 0.66 0.66 1.17 2.99 0.66 0.66 0.00 0.00 0.00 0.00 0.00 0.00 1.46 1.39 1.10 2.12 3.94 5.40 6.45 5.89 5.31 5.84 4.62 5.03 4.76 3.17 9.28 9.40 15.43 16.30 24.00 22.72 16.07 12.79 13.12 8.33 8.38 6.92 4.56 1.53 4.10 6.43 5.11 3.01 2.38 1.17 1.92 1.44 1.64 3.91 4.15 6.49
0.00 0.00 0.00 0.00 0.00 7.74 5.99 8.47 6.50 2.99 2.26 0.73 0.73 0.00 0.00 0.00 1.24 0.00 0.00 0.58 0.00 0.00 0.00 0.00 0.00 0.00 0.00 0.00 0.00 0.00 0.00 0.00 0.00 0.29 1.17 0.00 0.00 0.00 0.00 0.00 0.00 0.00 0.00 0.00 0.00 0.00 0.00 0.00 3.19 4.74 7.25 4.20 4.94 4.16 4.19 5.51 6.19 0.00 4.67 6.95 14.15 14.05 20.17 17.91 20.14 19.27 16.20 11.15 13.04 9.28 6.66 4.57 2.88 2.46 1.31 1.75 1.70 0.88 0.23 0.56 3.39 6.22 7.46 6.04
0.00 0.00 0.00 0.00 0.00 6.94 5.40 7.37 8.03 4.89 1.46 1.83 0.80 2.26 0.00 0.22 2.26 0.88 0.88 0.00 0.00 0.00 0.00 0.00 0.00 0.00 0.00 0.00 0.00 0.00 0.00 0.00 0.00 0.00 0.00 0.00 0.00 0.00 0.00 0.00 0.00 0.00 0.00 0.00 0.00 0.00 0.00 0.00 1.68 2.98 3.91 4.51 4.34 3.88 0.00 0.00 0.00 0.00 6.83 15.68 14.72 15.91 18.00 17.33 23.19 19.74 20.44 12.80 14.32 11.87 9.33 3.11 3.25 1.86 0.00 0.84 1.08 0.44 0.00 0.00 3.40 7.53 7.64 6.07
0.00 0.00 0.00 0.00 0.00 0.00 4.16 5.77 5.77 4.82 3.80 3.94 3.43 3.94 2.19 1.93 4.20 0.00 0.00 0.00 0.00 0.00 0.00 0.07 0.00 0.00 0.00 0.00 0.00 0.00 0.00 0.00 0.00 0.00 0.00 0.44 0.00 0.00 0.00 0.00 0.00 0.00 0.00 0.00 0.00 0.00 0.00 1.80 2.90 3.08 3.37 4.89 5.66 0.00 0.00 0.00 0.00 0.00 0.00 10.33 10.17 17.92 14.34 19.34 22.31 20.44 19.95 10.40 10.62 9.15 7.10 5.69 5.37 1.94 0.00 0.27 0.71 0.69 0.28 0.00 2.22 7.30 7.48 4.19
0.00 0.00 0.00 0.00 0.00 0.00 0.00 0.00 5.26 1.90 5.77 5.48 4.82 3.21 4.45 5.65 4.16 1.77 1.66 1.90 1.10 0.51 0.80 0.00 0.00 0.00 0.00 0.00 0.00 0.00 0.00 0.00 0.00 0.00 0.00 0.66 0.00 0.00 0.00 0.00 1.39 0.00 0.00 0.00 0.00 0.00 0.37 2.01 3.76 4.80 5.80 0.00 0.00 0.00 0.00 0.00 0.00 0.00 0.00 0.00 0.00 13.45 11.22 14.17 18.87 22.38 18.15 12.57 15.36 9.63 6.41 6.35 2.43 0.00 0.16 1.38 1.83 0.19 0.00 0.00 0.00 2.23 0.00 0.00
0.00 0.00 0.00 0.00 0.00 0.00 0.00 0.00 0.00 0.00 0.00 0.00 0.00 0.00 1.31 0.00 3.36 1.68 1.71 5.55 5.33 7.52 5.69 6.13 2.77 2.99 2.12 1.24 2.19 2.48 0.00 1.61 0.00 0.51 0.22 2.04 4.45 3.36 4.02 3.30 2.26 3.47 0.58 0.58 1.24 0.51 0.73 0.00 2.18 0.00 0.00 0.00 0.00 0.00 0.00 0.00 0.00 0.00 0.00 0.00 0.00 0.00 0.00 8.36 9.26 11.61 13.41 8.80 9.84 8.51 5.89 5.67 3.36 0.79 0.00 0.91 1.88 0.46 0.00 0.00 0.00 0.00 0.00 0.00
0.00 0.00 0.00 0.00 0.00 0.00 0.00 0.00 0.00 0.00 0.00 0.00 0.00 0.00 0.00 0.00 0.00 0.00 0.00 3.07 7.58 4.77 7.88 3.72 4.31 2.72 5.17 4.16 5.26 4.82 3.29 3.07 1.75 0.44 1.68 5.11 3.21 2.77 2.99 4.53 2.43 2.82 4.82 5.38 1.75 2.41 1.31 0.00 0.00 0.00 0.00 0.00 0.00 0.00 0.00 0.00 0.00 0.00 0.00 0.00 0.00 0.00 0.00 7.08 9.82 6.89 0.00 0.00 0.00 0.00 0.00 4.49 3.53 0.66 0.00 0.00 0.09 0.00 0.00 0.00 0.00 0.00 0.00 0.00
0.00 0.00 0.00 0.00 0.00 0.00 0.00 0.00 0.00 0.00 0.00 0.00 0.00 0.00 0.00 0.00 0.00 0.00 0.00 0.00 0.00 5.18 2.19 5.48 3.87 1.91 2.68 7.30 4.16 4.67 3.80 2.04 1.70 0.88 0.00 1.21 4.82 1.31 1.53 2.48 2.95 1.61 0.00 0.00 2.85 2.92 0.88 0.00 0.00 0.00 0.00 0.00 0.00 0.00 0.00 0.00 0.00 0.00 0.00 0.00 0.00 0.00 0.00 0.00 0.00 0.00 0.00 0.00 0.00 0.00 0.00 0.00 0.00 0.00 0.00 0.00 0.00 0.00 0.00 0.00 0.00 0.00 0.00 0.00
0.00 0.00 0.00 0.00 0.00 0.00 0.00 0.00 0.00 0.00 0.00 0.00 0.00 0.00 0.00 0.00 0.00 0.00 0.00 0.00 0.00 0.00 0.00 0.00 2.70 0.00 0.00 2.85 3.21 3.80 0.00 0.00 0.83 0.00 0.00 0.00 0.00 0.00 0.00 0.00 0.00 0.00 0.00 0.00 0.00 0.00 0.00 0.00 0.00 0.00 0.00 0.00 0.00 0.00 0.00 0.00 0.00 0.00 0.00 0.00 0.00 0.00 0.00 0.00 0.00 0.00 0.00 0.00 0.00 0.00 0.00 0.00 0.00 0.00 0.00 0.00 0.00 0.00 0.00 0.00 0.00 0.00 0.00 0.00
