Wansh/Snow_depth/snowdepth-1998/winter/1999012.txt
ncols 321
nrows 161
xllcenter 60
yllcenter 15 
cellsize  0.25 
NODATA_value -1
[rows 0 to 36 of 161, columns 0 to 83 of 321]
7.01 7.01 14.67 14.38 13.43 13.14 13.51 14.24 11.61 13.14 13.36 13.51 12.78 10.07 10.44 7.88 8.54 7.96 9.71 7.59 6.79 6.72 8.98 8.91 9.05 9.78 9.78 8.91 8.91 8.47 7.81 7.37 6.79 5.99 6.86 6.35 8.76 9.71 9.93 9.64 11.32 12.19 12.19 13.07 11.02 11.53 10.29 10.00 11.97 12.48 12.48 12.48 10.88 11.10 11.10 10.73 12.05 11.75 12.41 11.97 11.61 12.78 12.78 10.59 9.56 10.80 10.00 9.42 0.00 9.64 10.88 10.88 11.17 12.99 12.85 13.43 13.43 13.36 12.78 12.70 12.92 12.05 11.61 11.75
11.90 11.90 15.18 16.86 17.30 17.74 15.18 15.55 14.24 13.72 13.87 12.85 13.36 9.93 7.88 8.32 7.96 7.66 9.34 8.76 9.05 8.32 8.10 8.18 9.49 8.98 8.98 9.78 9.05 9.20 8.47 6.94 7.23 7.37 7.08 9.05 10.51 10.22 10.80 12.70 12.12 13.29 14.82 13.21 13.58 10.66 10.44 10.00 11.61 11.17 11.39 11.39 11.68 9.71 9.42 10.88 12.12 12.99 12.99 11.75 11.39 11.53 11.02 9.27 7.96 8.91 8.32 8.54 7.59 6.57 6.94 9.71 10.80 12.85 11.61 13.29 13.29 13.72 13.07 13.80 13.58 13.07 13.36 11.75
14.24 14.24 12.34 12.99 16.28 17.16 11.32 11.02 13.21 12.63 10.66 10.80 9.93 10.44 8.10 7.59 7.45 8.32 8.76 8.83 8.61 8.83 7.96 9.05 8.61 11.10 11.10 11.75 11.68 12.26 11.02 11.02 9.64 10.22 10.22 11.32 10.88 10.88 11.90 11.61 15.77 15.48 15.84 13.65 11.39 10.88 11.17 11.61 10.73 11.32 10.29 10.29 8.69 8.61 9.20 10.51 10.80 11.61 10.73 13.14 9.27 8.47 7.96 7.96 8.32 7.23 5.26 5.48 5.18 6.42 7.23 8.25 8.18 9.05 10.29 11.61 11.61 11.02 12.56 9.20 9.71 11.61 12.26 11.10
14.24 14.24 12.34 12.99 16.28 17.16 11.32 11.02 13.21 12.63 10.66 10.80 9.93 10.44 8.10 7.59 7.45 8.32 8.76 8.83 8.61 8.83 7.96 9.05 8.61 11.10 11.10 11.75 11.68 12.26 11.02 11.02 9.64 10.22 10.22 11.32 10.88 10.88 11.90 11.61 15.77 15.48 15.84 13.65 11.39 10.88 11.17 11.61 10.73 11.32 10.29 10.29 8.69 8.61 9.20 10.51 10.80 11.61 10.73 13.14 9.27 8.47 7.96 7.96 8.32 7.23 5.26 5.48 5.18 6.42 7.23 8.25 8.18 9.05 10.29 11.61 11.61 11.02 12.56 9.20 9.71 11.61 12.26 11.10
14.31 14.31 11.24 9.42 9.71 9.93 10.44 9.34 8.83 8.69 9.42 8.61 8.98 7.52 7.88 7.88 7.52 7.37 7.30 6.72 7.37 6.64 9.71 8.83 11.75 11.24 11.24 12.70 12.99 12.99 12.63 11.53 11.75 12.19 13.29 12.05 12.26 11.17 11.68 11.97 13.51 12.48 13.36 12.05 12.12 11.68 12.48 12.34 10.66 11.02 8.25 8.25 6.35 9.27 8.91 8.83 9.93 10.15 9.34 9.56 8.32 7.45 4.23 3.58 3.07 3.29 4.67 2.41 2.26 4.67 5.84 5.69 6.20 6.86 5.40 6.06 6.06 5.33 6.06 6.94 7.88 5.11 6.20 6.42
12.48 12.48 13.29 8.98 6.72 7.30 7.59 6.64 8.54 9.27 9.34 9.27 8.54 8.61 8.91 8.32 8.47 8.32 7.45 7.52 7.15 7.23 9.27 11.61 11.39 11.90 11.90 12.48 12.34 12.70 14.24 13.58 15.26 14.53 14.82 12.56 12.05 12.41 11.24 12.26 11.83 12.34 10.51 9.71 11.39 12.78 12.92 9.27 7.45 8.98 6.79 6.79 4.09 6.28 6.86 6.13 6.86 6.20 0.00 3.07 4.09 3.87 4.02 2.56 2.26 2.41 1.90 2.12 2.85 2.63 4.02 4.67 5.77 5.91 6.20 5.48 5.48 4.74 3.29 4.16 4.09 4.67 5.62 5.77
12.26 12.26 11.61 12.26 7.88 7.96 8.10 8.32 8.47 8.91 9.56 9.49 9.34 9.34 9.78 8.54 8.61 8.69 8.18 8.18 8.76 8.76 10.15 9.71 11.61 11.32 11.32 11.46 11.10 11.61 13.36 13.94 14.75 14.67 13.65 11.83 12.26 9.93 9.27 10.07 8.98 9.42 9.49 8.91 6.86 9.05 8.69 9.34 5.55 4.60 3.21 3.21 0.00 3.43 2.99 0.00 2.63 1.68 2.92 2.34 2.92 2.41 2.56 2.12 2.19 1.61 3.21 3.29 3.07 2.77 3.29 4.53 3.58 2.48 2.77 3.14 3.14 3.29 2.92 5.99 7.59 9.27 8.83 8.03
12.26 12.26 11.61 12.26 7.88 7.96 8.10 8.32 8.47 8.91 9.56 9.49 9.34 9.34 9.78 8.54 8.61 8.69 8.18 8.18 8.76 8.76 10.15 9.71 11.61 11.32 11.32 11.46 11.10 11.61 13.36 13.94 14.75 14.67 13.65 11.83 12.26 9.93 9.27 10.07 8.98 9.42 9.49 8.91 6.86 9.05 8.69 9.34 5.55 4.60 3.21 3.21 0.00 3.43 2.99 0.00 2.63 1.68 2.92 2.34 2.92 2.41 2.56 2.12 2.19 1.61 3.21 3.29 3.07 2.77 3.29 4.53 3.58 2.48 2.77 3.14 3.14 3.29 2.92 5.99 7.59 9.27 8.83 8.03
7.45 7.45 11.61 11.02 11.10 8.76 8.32 8.40 8.25 8.18 8.98 9.20 9.34 9.05 8.69 8.61 8.76 8.10 7.59 8.69 8.47 8.25 10.07 11.61 11.10 11.75 11.75 10.88 10.66 11.97 13.07 12.48 12.85 12.48 12.12 11.53 9.20 9.56 8.54 5.84 3.87 4.67 3.65 4.67 2.04 1.90 2.56 3.29 2.48 1.17 0.00 0.00 0.00 0.00 0.00 0.95 1.90 0.00 0.00 0.95 0.29 2.04 1.83 1.97 2.48 1.97 3.14 3.65 4.45 3.58 4.09 3.14 3.72 2.56 3.14 3.14 3.14 4.09 4.53 4.23 6.94 6.57 6.28 6.42
9.86 9.86 9.78 9.20 8.40 8.76 7.23 5.91 7.52 7.08 6.42 6.42 7.37 9.42 8.61 9.20 8.18 8.69 6.94 9.13 8.54 10.00 12.12 12.12 12.26 11.97 11.97 11.53 12.26 11.53 12.19 11.90 9.49 10.07 8.10 3.94 6.42 6.64 5.11 5.69 4.23 1.68 0.80 2.12 2.12 1.90 0.95 1.31 1.97 1.39 0.95 0.95 0.00 0.00 0.00 0.00 0.00 0.00 0.51 0.66 1.90 3.07 2.85 3.14 1.75 2.12 3.07 2.56 4.09 2.77 3.80 3.36 3.21 3.21 3.43 3.65 3.65 3.94 4.31 4.89 4.89 5.33 5.40 4.60
8.69 8.69 7.15 7.45 5.04 6.42 6.64 4.89 2.12 5.40 4.67 5.48 4.96 8.18 8.03 8.25 7.45 9.20 7.88 9.64 10.88 10.80 11.75 12.34 12.19 10.95 10.95 11.68 11.17 12.92 11.83 12.05 9.20 6.06 6.72 3.58 0.51 1.75 3.21 4.67 2.41 1.61 1.31 1.46 2.56 1.83 3.50 2.48 2.48 3.43 2.85 2.85 2.77 0.95 0.00 0.00 0.00 0.00 2.26 4.09 4.16 3.72 4.23 1.02 1.83 2.26 0.00 0.00 4.38 3.29 3.50 3.72 3.65 4.67 5.26 6.06 6.06 5.84 6.06 6.35 5.33 5.84 6.42 4.74
8.69 8.69 7.15 7.45 5.04 6.42 6.64 4.89 2.12 5.40 4.67 5.48 4.96 8.18 8.03 8.25 7.45 9.20 7.88 9.64 10.88 10.80 11.75 12.34 12.19 10.95 10.95 11.68 11.17 12.92 11.83 12.05 9.20 6.06 6.72 3.58 0.51 1.75 3.21 4.67 2.41 1.61 1.31 1.46 2.56 1.83 3.50 2.48 2.48 3.43 2.85 2.85 2.77 0.95 0.00 0.00 0.00 0.00 2.26 4.09 4.16 3.72 4.23 1.02 1.83 2.26 0.00 0.00 4.38 3.29 3.50 3.72 3.65 4.67 5.26 6.06 6.06 5.84 6.06 6.35 5.33 5.84 6.42 4.74
5.77 5.77 6.35 3.58 3.94 2.92 3.29 3.65 1.46 0.00 0.00 0.00 3.50 3.14 5.33 6.64 6.28 8.91 10.44 10.07 11.75 10.07 10.73 7.74 7.74 10.37 10.37 9.49 7.74 8.25 8.47 7.30 6.20 6.94 4.23 0.00 0.00 0.00 0.29 4.02 3.36 4.31 1.75 2.12 2.99 4.89 4.23 3.43 4.67 3.07 3.21 3.21 3.21 0.00 0.00 0.00 3.50 4.16 3.65 3.72 4.23 3.58 2.85 2.77 2.63 0.00 3.21 0.00 3.72 4.23 4.16 4.09 4.96 6.20 5.69 6.13 6.13 6.42 6.20 7.08 6.79 6.72 6.72 6.06
5.91 5.91 4.53 3.94 3.07 0.66 1.61 0.00 0.00 0.00 0.00 0.00 0.00 0.00 0.00 1.90 6.86 6.06 9.42 11.75 10.00 10.95 6.28 6.06 5.84 6.42 6.42 6.06 5.91 6.50 5.40 5.62 5.69 4.67 6.06 3.65 4.16 2.92 3.65 3.43 3.94 2.04 1.68 2.70 2.63 3.43 3.43 3.43 0.00 1.97 0.00 0.00 0.00 0.00 0.00 0.00 3.50 0.00 3.58 4.09 3.72 3.14 2.34 4.31 5.69 5.33 5.40 4.53 5.48 5.48 6.64 6.42 6.20 6.42 6.06 6.79 6.79 7.88 7.30 7.37 6.57 7.01 5.69 5.91
6.72 6.72 5.33 5.33 5.62 2.04 0.00 0.00 0.00 0.00 0.00 0.00 0.00 0.00 0.00 0.00 0.00 1.75 7.59 10.29 8.47 6.72 7.08 5.26 6.20 5.91 5.91 7.37 7.45 5.91 6.13 6.28 6.72 8.10 8.10 6.57 4.67 4.60 2.19 2.92 1.68 0.22 0.07 0.00 1.97 1.83 1.24 0.00 0.00 0.00 0.00 0.00 0.00 0.00 0.00 0.00 0.00 0.00 3.65 3.14 4.31 4.67 4.89 4.60 5.33 5.40 5.40 5.91 5.99 7.81 7.01 8.03 6.94 10.51 9.20 9.56 9.56 8.69 6.94 8.32 7.30 7.37 6.64 7.96
6.35 6.35 6.35 6.50 4.67 5.26 1.17 0.00 0.00 0.00 0.00 0.00 0.00 0.00 0.00 0.00 0.00 0.00 5.99 8.40 8.61 7.66 6.20 6.57 6.72 7.88 7.88 8.83 8.76 7.66 7.15 7.30 7.52 7.74 7.15 5.99 7.52 6.13 2.56 2.26 0.44 0.73 0.00 0.00 0.00 1.75 0.00 1.46 0.00 2.12 1.46 1.46 2.41 0.00 0.00 0.00 0.00 0.00 0.00 3.87 5.04 4.96 5.77 7.08 6.50 6.57 5.62 9.64 6.20 9.93 8.76 11.02 10.29 11.75 11.90 11.90 11.90 10.80 11.10 10.00 9.05 9.20 9.13 9.49
6.35 6.35 6.35 6.50 4.67 5.26 1.17 0.00 0.00 0.00 0.00 0.00 0.00 0.00 0.00 0.00 0.00 0.00 5.99 8.40 8.61 7.66 6.20 6.57 6.72 7.88 7.88 8.83 8.76 7.66 7.15 7.30 7.52 7.74 7.15 5.99 7.52 6.13 2.56 2.26 0.44 0.73 0.00 0.00 0.00 1.75 0.00 1.46 0.00 2.12 1.46 1.46 2.41 0.00 0.00 0.00 0.00 0.00 0.00 3.87 5.04 4.96 5.77 7.08 6.50 6.57 5.62 9.64 6.20 9.93 8.76 11.02 10.29 11.75 11.90 11.90 11.90 10.80 11.10 10.00 9.05 9.20 9.13 9.49
5.62 5.62 5.40 5.33 3.58 0.00 0.51 0.00 1.17 0.66 0.80 1.31 1.61 0.00 0.00 0.00 0.00 0.00 3.72 6.94 7.01 4.67 5.99 5.69 4.31 6.64 6.64 7.88 7.52 7.37 7.37 7.37 6.79 5.77 5.99 5.18 4.45 4.53 2.77 3.07 3.29 2.85 1.31 2.77 1.90 2.99 1.39 2.19 2.04 2.34 3.80 3.80 3.72 0.00 0.00 0.00 0.00 0.00 4.09 3.65 4.89 4.53 6.13 4.89 6.79 8.25 8.40 9.64 7.88 10.15 10.44 10.22 11.90 11.53 12.56 11.68 11.68 10.80 10.29 8.83 9.56 9.64 9.78 9.20
6.35 6.35 6.28 4.16 3.58 0.00 0.00 0.00 0.80 3.72 3.07 4.96 0.80 1.90 0.00 0.00 0.00 0.00 1.02 3.87 3.50 3.58 1.68 2.19 1.68 4.67 4.67 6.94 6.35 6.94 7.74 7.15 5.77 6.72 4.23 0.00 0.00 0.00 0.00 4.16 4.53 4.67 3.58 4.82 5.04 6.42 4.89 4.89 5.04 4.53 5.91 5.91 3.14 0.00 0.00 0.00 0.00 4.31 5.84 4.45 4.38 4.38 5.84 5.26 6.13 5.62 6.72 6.79 8.10 8.61 10.00 10.29 11.17 13.07 12.41 11.61 11.61 13.72 10.66 10.88 10.66 9.20 8.98 8.98
7.30 7.30 7.23 5.77 1.39 2.26 0.00 0.22 0.00 1.90 5.99 5.26 5.26 2.99 0.37 0.00 0.00 0.00 0.00 0.15 1.53 1.46 1.83 1.17 0.00 1.46 1.46 3.94 3.36 5.11 6.50 6.13 6.64 4.23 0.00 0.00 0.00 0.00 0.00 6.28 5.77 5.99 5.77 6.42 7.30 5.99 6.57 7.01 7.66 5.99 6.50 6.50 4.96 0.00 4.09 0.00 4.96 7.37 7.01 5.84 5.11 7.66 6.79 6.94 6.42 5.55 5.26 5.55 6.28 5.77 6.86 8.98 11.68 11.10 13.21 13.43 13.43 13.58 12.63 10.66 8.54 9.34 9.05 8.61
9.93 9.93 8.18 9.20 3.65 1.83 2.63 2.19 1.53 3.94 3.14 5.62 3.50 3.94 0.00 0.00 0.00 0.00 0.00 0.00 0.00 0.00 0.00 0.00 0.00 0.58 0.58 1.61 1.02 3.43 5.40 3.50 2.85 3.29 0.00 0.00 0.00 0.00 0.00 4.74 6.72 6.64 5.69 5.99 4.67 7.37 7.08 7.52 6.86 6.94 6.64 6.64 0.00 4.96 7.30 7.45 7.88 7.96 8.18 8.40 8.76 8.69 8.25 6.06 5.40 5.62 7.01 6.94 8.03 6.79 7.15 7.52 7.88 9.20 11.61 9.86 9.86 11.17 10.51 10.66 10.51 10.22 8.61 8.83
9.78 9.78 11.02 8.54 7.81 4.23 3.14 3.14 2.77 2.26 1.97 4.31 5.26 1.68 2.41 0.00 0.00 0.00 0.00 0.00 0.00 0.00 0.00 0.00 0.00 0.00 0.00 0.00 0.00 0.00 0.00 0.00 0.00 0.00 0.00 0.00 0.00 0.00 0.00 5.11 4.38 4.09 4.60 5.48 7.52 7.45 7.30 7.81 7.08 7.66 5.48 5.48 5.48 6.28 5.69 6.94 6.57 7.81 7.66 7.59 7.52 7.96 6.50 6.13 6.20 6.79 7.30 8.18 7.52 6.50 6.06 6.64 6.20 8.10 6.50 7.88 7.88 10.59 9.27 10.44 10.37 9.64 10.15 8.91
9.78 9.78 11.02 8.54 7.81 4.23 3.14 3.14 2.77 2.26 1.97 4.31 5.26 1.68 2.41 0.00 0.00 0.00 0.00 0.00 0.00 0.00 0.00 0.00 0.00 0.00 0.00 0.00 0.00 0.00 0.00 0.00 0.00 0.00 0.00 0.00 0.00 0.00 0.00 5.11 4.38 4.09 4.60 5.48 7.52 7.45 7.30 7.81 7.08 7.66 5.48 5.48 5.48 6.28 5.69 6.94 6.57 7.81 7.66 7.59 7.52 7.96 6.50 6.13 6.20 6.79 7.30 8.18 7.52 6.50 6.06 6.64 6.20 8.10 6.50 7.88 7.88 10.59 9.27 10.44 10.37 9.64 10.15 8.91
11.39 11.39 11.17 9.86 6.94 5.48 3.94 3.80 1.83 1.83 1.10 0.00 0.00 0.00 0.00 0.00 0.00 0.00 0.00 0.00 0.00 0.00 0.00 0.00 0.00 0.00 0.00 0.00 0.00 1.46 0.00 3.43 0.00 0.00 0.00 0.00 0.00 0.00 4.02 4.89 4.45 4.82 6.20 5.55 6.64 7.15 4.96 5.69 7.23 7.52 5.91 5.91 2.48 7.08 5.84 5.91 7.23 7.23 7.01 6.72 5.84 6.79 6.50 6.86 6.86 7.45 6.86 7.37 6.86 5.91 4.96 5.69 5.91 6.28 5.91 7.01 7.01 8.54 8.69 10.22 11.02 11.02 11.24 8.61
11.10 11.10 10.15 10.73 8.10 5.33 3.29 3.65 2.63 0.80 0.80 0.00 0.00 0.00 0.00 0.00 0.00 0.00 0.00 0.00 0.00 0.00 0.00 0.00 0.00 0.00 0.00 0.00 0.00 3.07 3.58 3.43 3.58 4.31 0.00 0.00 3.87 3.72 4.16 3.72 3.80 4.23 4.67 5.62 1.46 2.19 3.43 4.45 4.89 4.38 3.80 3.80 2.92 7.23 7.81 7.66 8.25 7.96 8.61 7.96 8.03 6.72 7.15 7.88 7.59 8.25 8.32 8.18 8.32 6.13 4.82 7.37 7.74 6.79 8.25 6.64 6.64 7.15 8.18 9.71 11.17 10.15 10.29 9.78
11.83 11.83 7.66 5.62 6.20 4.45 2.77 2.12 2.26 0.00 0.00 0.00 0.00 0.00 0.00 0.00 0.00 0.00 0.00 0.00 0.00 0.00 0.00 0.00 0.00 0.00 0.00 0.00 2.77 1.90 3.21 2.63 3.14 3.36 3.94 3.58 4.74 3.36 3.43 3.43 2.56 0.00 0.00 0.00 0.00 0.00 0.73 3.43 5.62 5.77 7.23 7.23 6.28 8.61 8.47 10.00 9.49 10.07 8.83 8.47 8.32 10.51 10.51 7.81 8.40 9.93 9.78 8.69 10.37 10.07 9.42 9.64 8.83 9.86 9.34 8.03 8.03 8.03 8.76 8.40 10.07 9.56 9.93 9.86
7.45 7.45 8.91 5.18 3.14 2.70 4.09 3.14 2.56 2.34 3.58 0.80 0.00 0.00 0.00 0.00 0.00 0.00 0.00 0.00 0.00 0.00 0.00 0.00 0.00 0.00 0.00 0.00 0.00 1.39 0.95 0.00 0.00 0.00 1.75 3.87 4.23 4.16 6.35 5.04 3.94 1.17 0.95 1.31 5.18 5.33 5.69 5.33 5.62 7.23 7.81 7.81 8.83 10.44 9.34 10.07 9.78 10.51 12.19 11.61 10.88 11.02 9.86 10.44 10.37 9.71 10.29 9.56 9.49 10.59 10.44 10.07 10.51 10.44 10.37 8.98 8.98 9.93 8.03 9.13 9.34 8.83 9.93 9.93
8.18 8.18 4.45 3.50 3.58 2.34 3.07 3.43 4.82 6.06 2.99 4.09 0.00 0.00 0.00 0.00 0.00 0.00 0.00 0.00 0.00 0.00 0.00 0.00 0.00 0.00 0.00 0.00 0.00 0.00 0.00 0.00 0.00 0.00 0.80 5.18 4.89 6.06 8.69 5.55 7.96 4.09 4.02 6.57 6.13 6.72 6.28 8.47 9.05 9.34 8.98 8.98 11.39 10.15 9.86 8.76 11.53 13.65 13.36 11.53 9.86 10.51 10.15 10.29 10.73 9.49 9.78 9.13 9.27 9.27 9.27 10.51 11.17 12.26 11.83 12.12 12.12 11.02 11.53 10.37 11.17 12.99 12.41 12.12
8.18 8.18 4.45 3.50 3.58 2.34 3.07 3.43 4.82 6.06 2.99 4.09 0.00 0.00 0.00 0.00 0.00 0.00 0.00 0.00 0.00 0.00 0.00 0.00 0.00 0.00 0.00 0.00 0.00 0.00 0.00 0.00 0.00 0.00 0.80 5.18 4.89 6.06 8.69 5.55 7.96 4.09 4.02 6.57 6.13 6.72 6.28 8.47 9.05 9.34 8.98 8.98 11.39 10.15 9.86 8.76 11.53 13.65 13.36 11.53 9.86 10.51 10.15 10.29 10.73 9.49 9.78 9.13 9.27 9.27 9.27 10.51 11.17 12.26 11.83 12.12 12.12 11.02 11.53 10.37 11.17 12.99 12.41 12.12
7.74 7.74 5.26 3.80 1.68 1.90 2.34 4.16 5.84 5.77 6.20 5.91 3.94 0.00 4.02 1.46 0.29 0.00 0.00 0.00 0.00 0.00 0.00 0.00 0.00 0.00 0.00 0.00 0.00 0.00 0.00 0.00 0.00 0.00 0.00 4.53 5.33 8.25 9.49 8.54 6.42 6.79 7.74 7.52 7.81 7.52 10.22 10.37 9.56 12.56 11.53 11.53 8.83 10.15 12.34 13.80 13.65 14.16 12.99 11.68 10.15 10.07 9.78 10.80 9.93 9.42 9.42 9.05 9.64 9.49 9.42 10.15 11.02 13.14 13.51 15.40 15.40 12.78 13.21 10.73 10.66 12.12 13.87 13.07
3.14 3.14 1.02 0.88 2.63 1.24 1.10 2.56 5.04 5.69 5.62 5.84 4.82 4.74 4.89 3.50 0.00 0.00 0.00 0.00 0.00 0.00 0.00 0.00 0.00 0.00 0.00 0.00 0.00 0.00 0.00 0.00 0.00 0.00 0.00 0.00 0.95 10.29 10.07 10.66 9.71 10.07 8.91 9.93 10.88 11.75 11.61 10.80 11.68 12.92 12.05 12.05 13.36 12.92 12.78 12.34 12.56 10.15 8.40 9.13 8.76 9.93 9.27 10.95 10.44 10.15 9.93 9.56 10.07 10.22 10.73 11.39 11.32 13.43 15.40 13.72 13.72 12.12 9.78 9.20 9.05 12.78 13.07 12.41
1.68 1.68 0.00 0.00 0.00 0.00 0.00 0.00 1.46 4.23 4.38 4.31 4.60 3.87 2.34 0.00 0.00 0.00 0.00 0.95 2.77 0.29 0.00 0.00 0.00 0.00 0.00 0.00 0.00 0.00 0.00 0.00 0.00 0.00 0.00 0.00 0.00 1.10 10.88 10.95 9.86 8.83 9.13 9.71 11.02 11.53 13.58 13.51 12.56 12.85 12.78 12.78 13.87 13.36 13.51 12.41 10.22 8.69 7.59 8.40 7.15 7.59 7.52 8.25 8.91 9.71 9.64 9.86 10.00 10.15 10.07 11.32 9.13 11.17 11.10 10.95 10.95 7.01 8.40 8.98 10.73 10.59 9.71 11.39
0.80 0.80 0.00 0.00 0.00 0.00 0.00 0.00 0.00 0.00 1.83 0.00 0.15 1.97 1.24 0.00 0.00 0.58 0.44 2.19 3.58 1.46 2.48 0.00 0.00 0.00 0.00 0.00 0.00 0.00 0.00 0.00 0.00 0.00 0.00 0.00 3.72 3.29 9.49 11.02 10.07 9.42 9.64 9.78 11.46 13.72 12.63 11.75 12.26 10.07 10.51 10.51 11.17 13.36 13.43 11.32 9.42 8.61 7.15 4.31 4.82 6.79 5.84 7.88 7.59 8.69 9.78 9.64 9.27 9.27 9.64 6.57 6.57 6.35 0.37 5.40 5.40 3.80 5.91 10.22 10.15 9.86 11.75 10.51
0.00 0.00 0.00 0.00 0.00 0.00 0.00 0.00 0.00 0.00 0.00 0.00 0.00 0.00 0.00 0.00 0.00 1.31 2.99 2.04 1.97 1.97 0.00 0.00 0.00 0.00 0.00 0.00 0.00 0.00 0.00 0.00 0.00 0.00 0.00 0.00 2.63 3.72 10.00 9.05 10.22 10.37 10.37 14.24 13.14 13.43 12.41 12.19 10.37 10.22 9.13 9.13 10.88 10.73 9.86 8.61 8.83 1.90 3.36 0.00 2.85 3.36 7.23 6.50 7.30 8.25 8.25 7.66 7.37 7.15 4.96 5.40 5.62 4.16 0.00 1.17 1.17 11.90 11.61 11.83 10.59 11.17 7.45 8.03
0.00 0.00 0.00 0.00 0.00 0.00 0.00 0.00 0.00 0.00 0.00 0.00 0.00 0.00 0.00 0.00 0.00 0.00 2.99 0.00 2.92 0.29 0.00 0.00 0.00 0.00 0.00 1.02 0.00 0.00 0.00 0.00 0.00 0.00 0.00 0.00 0.00 8.83 8.98 8.83 9.05 9.78 11.02 12.19 12.48 12.41 11.39 11.39 10.59 10.88 10.95 10.95 10.29 10.15 9.34 5.69 2.34 1.02 0.00 0.00 4.67 4.16 5.04 11.39 11.24 10.44 10.22 8.76 9.13 6.57 5.33 5.62 3.29 4.16 0.37 5.77 5.77 15.91 13.21 14.24 12.70 12.41 8.69 5.69
0.00 0.00 0.00 0.00 0.00 0.00 0.00 0.00 0.00 0.00 0.00 0.00 0.00 0.00 0.00 0.00 0.00 0.00 2.99 0.00 2.92 0.29 0.00 0.00 0.00 0.00 0.00 1.02 0.00 0.00 0.00 0.00 0.00 0.00 0.00 0.00 0.00 8.83 8.98 8.83 9.05 9.78 11.02 12.19 12.48 12.41 11.39 11.39 10.59 10.88 10.95 10.95 10.29 10.15 9.34 5.69 2.34 1.02 0.00 0.00 4.67 4.16 5.04 11.39 11.24 10.44 10.22 8.76 9.13 6.57 5.33 5.62 3.29 4.16 0.37 5.77 5.77 15.91 13.21 14.24 12.70 12.41 8.69 5.69
0.00 0.00 0.00 0.00 0.00 0.00 0.00 0.00 0.00 0.00 0.00 0.00 0.00 0.00 0.00 0.00 0.00 0.37 0.00 0.00 2.56 3.80 3.50 0.00 0.00 0.00 0.00 2.92 3.36 3.29 0.00 0.00 0.00 0.00 0.00 6.64 5.33 8.83 8.91 9.20 9.42 9.49 9.93 10.51 10.66 8.83 8.91 9.27 9.13 10.00 9.64 9.64 10.59 9.93 9.13 6.42 2.12 0.00 4.38 7.66 8.25 12.70 11.17 9.42 13.65 12.85 12.34 11.97 11.10 10.51 9.05 13.29 10.66 11.83 19.13 18.61 18.61 17.59 14.97 16.72 15.33 14.60 17.16 9.78
