Wansh/Snow_depth/snowdepth-1998/winter/1999014.txt
ncols 321
nrows 161
xllcenter 60
yllcenter 15 
cellsize  0.25 
NODATA_value -1
[rows 74 to 110 of 161, columns 84 to 167 of 321]
0.00 0.00 0.00 0.00 0.00 0.95 0.00 0.22 2.04 1.97 2.04 2.77 4.09 2.34 2.04 3.43 2.77 2.56 2.56 3.50 3.43 0.00 0.00 0.00 0.00 4.38 2.99 0.00 2.63 0.00 0.00 0.00 0.00 3.29 2.12 1.83 2.26 1.83 2.48 0.00 3.58 1.31 1.10 1.10 1.39 1.61 1.17 1.17 1.61 0.58 2.19 2.12 2.19 2.42 2.76 2.34 2.48 0.00 0.00 0.00 0.00 0.00 0.00 0.00 0.44 0.00 2.19 1.97 1.97 2.79 2.05 3.43 0.00 0.00 0.00 0.00 0.00 0.00 0.00 0.00 0.00 0.00 0.44 0.22
0.00 0.00 0.00 0.15 2.63 3.14 2.41 3.58 4.23 2.12 2.56 4.31 0.00 0.00 0.00 0.00 0.00 0.00 0.00 0.00 1.90 2.26 0.00 0.00 3.36 4.96 3.43 2.63 0.00 0.00 0.00 0.00 0.00 4.31 3.65 3.29 2.70 2.92 3.72 3.29 4.67 3.94 1.97 1.97 1.68 2.77 1.46 1.31 0.66 0.66 0.73 1.17 0.95 1.46 2.77 1.17 1.68 0.07 2.41 2.12 0.95 0.88 0.44 0.80 1.10 2.19 1.83 2.34 2.34 2.05 3.43 4.53 0.44 0.00 0.00 0.00 0.00 0.00 0.00 0.00 0.00 0.00 0.00 0.15
3.14 0.07 2.34 4.23 4.53 2.77 3.80 4.31 3.58 4.02 4.16 2.41 2.34 0.00 0.00 1.46 0.00 0.00 0.00 0.00 0.00 0.00 0.00 0.00 3.29 4.09 0.00 0.00 3.94 0.00 0.00 0.00 0.00 0.00 4.38 4.23 3.50 0.00 4.09 5.04 3.72 4.74 5.04 5.04 3.94 1.83 1.61 2.48 1.90 0.00 1.39 0.58 1.39 1.10 0.80 1.10 0.07 0.88 1.46 0.95 1.02 0.80 0.51 1.31 1.46 0.88 1.61 2.77 2.77 4.67 4.53 5.04 2.12 0.07 0.00 0.00 0.00 0.00 0.00 0.00 0.00 0.00 0.00 0.00
1.39 4.82 3.07 4.67 3.87 4.96 4.45 2.92 4.09 2.92 3.50 2.85 3.29 1.75 1.97 2.19 0.00 0.00 0.00 0.00 0.00 2.19 2.56 2.85 0.00 0.00 0.00 0.00 0.00 0.00 0.00 3.07 3.21 4.53 4.09 4.82 0.00 0.00 3.14 6.42 5.26 5.33 5.40 5.40 4.74 2.41 1.75 3.72 3.72 3.29 0.00 2.34 1.53 0.00 1.17 0.66 0.00 0.29 0.88 0.73 1.39 0.73 1.24 1.10 0.07 1.68 1.75 3.07 3.07 3.29 4.02 4.96 1.10 0.22 0.29 0.00 0.51 0.00 0.00 0.00 0.00 0.00 0.00 0.00
9.42 3.07 5.62 5.69 3.65 4.09 4.53 4.31 4.38 3.80 4.53 4.74 4.31 2.56 2.48 2.41 0.00 0.00 0.00 2.56 0.00 2.12 3.07 2.99 3.14 0.00 3.87 0.00 0.00 0.00 0.00 0.00 0.00 0.00 4.60 0.00 0.00 0.00 0.00 5.40 5.26 4.38 5.69 5.69 4.16 3.50 3.21 3.29 3.50 0.00 3.58 0.00 2.12 2.04 2.41 1.53 1.31 0.00 1.24 1.46 0.73 2.48 1.83 0.44 1.83 2.04 1.61 2.85 2.85 1.83 2.63 2.92 2.26 0.73 0.00 0.00 0.00 0.00 0.29 0.00 0.00 0.00 0.00 0.00
12.63 10.00 7.37 8.54 7.01 4.23 4.89 3.58 4.67 4.23 4.38 4.89 4.53 3.65 3.50 2.48 2.85 3.58 3.58 2.48 2.56 3.14 3.36 2.85 0.00 0.00 0.00 0.00 0.00 0.00 0.00 0.00 0.00 0.00 3.80 0.00 0.00 0.00 5.62 4.74 3.80 0.00 0.00 0.00 0.00 0.00 1.83 0.00 0.00 0.00 4.60 0.00 0.00 2.63 0.00 2.56 2.34 2.70 2.41 2.56 2.92 1.68 2.26 2.04 0.58 0.95 1.90 1.46 1.46 1.17 1.31 1.39 0.80 0.15 0.00 0.15 0.15 0.00 0.44 0.00 0.00 0.00 0.00 0.00
12.85 10.07 11.61 8.69 7.88 6.06 4.89 4.31 3.72 4.38 4.09 4.09 4.82 3.94 3.65 3.87 3.94 3.87 3.87 3.50 0.00 3.87 3.94 3.65 0.00 0.00 4.16 4.60 0.00 0.00 4.60 4.09 0.00 0.00 0.00 0.00 0.00 0.00 0.00 0.00 0.00 0.00 0.00 0.00 0.00 0.00 0.00 0.00 0.00 0.00 0.00 0.00 0.00 0.00 0.00 1.46 0.66 2.19 2.26 2.70 2.41 2.34 2.85 2.92 1.75 0.00 0.00 0.00 0.00 0.73 0.58 0.73 0.07 0.00 0.37 0.29 0.75 0.69 0.37 0.51 0.07 0.00 0.00 0.00
11.32 13.14 12.05 10.73 7.15 6.20 4.45 3.50 3.87 3.80 4.60 5.40 5.04 3.58 3.94 3.50 4.53 4.60 4.60 4.23 3.94 3.80 3.80 0.00 0.00 0.00 0.00 4.74 4.60 0.00 0.00 0.00 0.00 4.89 8.10 4.60 0.00 0.00 0.00 0.00 0.00 3.14 0.00 0.00 0.00 0.00 0.00 1.31 0.00 0.00 0.00 0.00 0.00 1.31 0.00 1.02 1.02 1.68 2.12 2.04 2.34 2.48 2.34 0.00 0.00 0.00 0.00 0.29 0.29 0.22 1.31 1.02 1.31 1.46 2.12 0.59 0.37 1.76 0.30 0.00 0.00 0.00 0.00 0.80
11.46 10.66 11.10 9.05 7.08 5.69 4.23 3.80 3.58 4.74 4.67 4.74 4.60 4.31 5.55 5.33 5.04 5.99 5.99 5.11 4.67 3.21 3.43 3.43 3.29 3.87 4.60 4.23 4.82 4.31 0.00 0.00 0.00 7.23 10.07 6.13 3.21 0.00 0.00 0.00 0.00 0.00 2.41 2.41 0.00 0.00 0.00 0.00 0.00 0.00 0.00 0.00 1.24 1.90 0.00 0.00 1.10 0.95 1.53 2.56 2.34 2.19 2.77 0.44 0.44 0.00 1.68 0.73 0.73 1.90 1.02 1.39 0.80 1.90 1.46 0.22 1.31 1.53 0.88 1.39 1.10 0.00 0.00 0.51
10.88 10.15 10.00 9.34 8.03 5.40 4.23 3.87 3.94 3.58 4.38 4.74 4.23 4.74 5.84 6.35 6.50 7.52 7.52 5.77 6.35 4.16 4.09 3.72 3.29 3.14 4.09 4.23 4.45 3.72 0.00 4.23 0.00 4.60 7.45 7.52 4.60 3.50 2.19 0.00 0.00 1.61 1.53 1.53 2.12 0.00 1.75 0.00 0.00 0.00 0.44 1.39 1.61 1.10 0.07 0.07 3.07 0.66 1.24 3.29 2.56 2.56 2.19 2.85 1.31 0.29 1.61 2.26 2.26 1.61 1.61 1.24 2.70 1.83 1.83 1.97 1.31 1.10 1.17 1.24 1.90 1.10 1.46 1.10
7.88 8.76 9.49 8.61 8.76 3.72 3.80 3.50 4.16 3.72 3.94 4.09 3.87 4.82 5.55 6.20 7.01 6.57 6.57 6.35 4.60 5.48 5.40 4.23 3.50 0.00 5.04 4.16 4.31 3.87 4.16 5.04 5.99 6.50 5.91 6.28 4.67 5.48 4.53 2.63 1.61 1.90 1.68 1.68 1.83 2.77 1.61 2.04 2.34 0.00 0.88 1.53 2.12 3.94 1.53 1.53 7.37 2.41 1.17 3.80 3.07 2.56 4.23 3.80 1.46 0.88 2.77 2.04 2.04 3.14 2.41 1.83 2.56 1.97 2.12 1.17 1.46 1.46 0.66 2.70 2.77 1.68 1.17 1.17
6.35 7.96 7.23 7.30 5.04 4.38 4.74 4.60 4.02 4.67 4.02 4.02 4.31 4.74 5.11 5.62 5.48 6.13 6.13 5.77 5.91 7.08 7.59 5.26 4.82 4.89 6.79 6.64 5.26 3.50 3.80 5.69 6.64 5.26 4.53 4.02 5.04 6.28 3.94 5.55 4.23 3.14 1.83 1.83 2.41 3.14 2.26 2.34 3.65 3.21 1.75 3.07 4.67 6.42 8.18 13.58 10.37 5.18 7.23 6.06 5.21 3.50 7.07 5.26 3.87 5.62 3.72 6.94 6.94 4.31 2.48 8.18 3.14 1.90 1.97 1.17 2.70 2.56 4.23 3.14 2.48 2.56 1.53 1.61
7.52 7.74 4.67 5.11 4.89 3.43 4.23 4.38 4.16 5.11 4.23 4.23 5.11 5.11 5.77 5.91 6.57 6.42 6.42 5.48 6.72 7.81 8.69 5.33 6.13 7.96 7.37 6.79 5.11 4.23 4.31 4.09 4.89 4.60 4.53 2.26 2.70 3.29 6.13 8.03 9.78 7.15 3.87 3.87 2.70 2.41 2.12 2.70 3.58 3.14 1.68 3.14 2.99 10.29 14.97 14.60 16.21 15.84 13.80 11.75 8.91 7.01 9.16 10.15 9.20 9.78 10.44 19.05 19.05 20.29 27.08 25.55 23.21 16.43 13.94 6.28 5.69 5.62 7.45 5.69 4.23 2.41 3.36 3.43
5.55 6.20 2.99 4.02 3.87 3.58 3.43 0.00 4.23 4.02 4.60 3.65 4.45 5.84 6.35 6.64 5.91 8.10 8.10 9.05 9.34 9.78 7.23 5.18 4.31 5.40 6.20 5.69 5.04 3.94 3.65 0.00 3.80 3.29 0.00 0.00 0.00 3.14 5.77 7.81 7.59 8.54 3.58 3.58 2.77 2.48 1.97 1.90 1.31 0.73 1.24 1.46 3.36 5.26 12.56 11.24 13.94 11.61 11.75 9.86 5.04 6.13 7.96 8.76 11.41 12.26 14.16 25.40 25.40 24.31 23.80 28.47 27.96 15.40 21.61 15.77 10.00 7.59 9.20 6.57 7.08 3.50 2.56 2.48
4.23 2.19 3.50 3.50 3.87 0.00 3.50 3.50 0.00 0.00 3.14 3.50 4.45 5.55 6.50 6.35 5.91 9.05 9.05 12.41 9.86 5.99 4.16 3.21 3.36 4.60 5.48 3.94 4.02 3.58 2.63 0.00 0.00 2.41 0.00 2.04 1.75 2.63 4.16 5.33 6.86 3.87 3.58 3.58 3.65 3.29 3.36 3.43 1.39 2.04 0.73 1.24 1.97 3.87 7.52 8.83 10.07 12.26 8.32 6.72 4.38 5.18 7.08 8.54 14.08 18.46 20.44 31.90 31.90 28.40 27.52 27.01 25.70 25.70 25.19 21.17 15.91 10.88 12.34 7.88 5.69 4.45 3.07 2.77
2.63 2.48 2.19 0.00 2.12 0.00 0.00 0.00 0.00 2.56 3.43 3.58 5.18 4.96 6.28 6.86 7.15 8.47 8.47 12.19 10.15 4.82 3.43 3.43 3.50 4.67 3.94 3.65 3.65 3.36 2.70 2.99 2.48 2.41 0.00 0.00 1.75 2.63 2.77 3.72 5.18 2.63 2.63 2.63 2.70 4.23 4.09 4.31 3.94 2.12 3.72 1.90 2.92 4.53 7.30 7.88 7.96 6.20 6.15 4.65 4.31 5.18 7.75 18.76 24.31 25.44 32.43 30.81 30.81 25.33 25.40 24.02 25.84 23.00 22.78 21.17 18.10 15.18 10.51 10.55 8.19 5.04 3.37 2.86
1.75 1.53 2.12 1.39 0.00 0.00 0.00 0.00 2.26 1.53 2.56 0.00 4.31 4.60 6.64 10.15 10.15 8.32 8.32 11.10 9.49 4.38 0.00 0.00 2.63 4.82 3.50 2.63 2.85 2.48 3.29 2.63 0.00 3.07 2.77 2.77 2.41 2.48 2.04 1.90 2.56 2.77 3.50 3.50 1.97 3.72 4.31 3.58 4.02 5.18 4.74 6.20 9.27 10.80 8.98 6.86 6.28 4.89 4.89 4.60 4.14 5.40 8.33 16.72 22.48 17.52 23.93 28.57 27.66 19.59 20.00 19.86 21.10 19.78 19.64 19.49 15.84 17.01 13.91 12.84 10.21 6.22 6.66 4.16
1.75 1.10 1.61 1.39 1.02 1.83 1.46 0.00 1.83 1.24 1.75 0.00 2.26 2.48 4.02 8.61 5.18 4.16 4.16 5.18 0.00 2.77 0.00 0.00 0.00 2.70 3.36 3.07 2.26 2.34 0.00 0.00 0.00 0.00 0.00 0.00 0.00 2.77 0.00 3.14 2.19 2.26 2.70 2.70 1.17 2.26 1.68 3.58 3.21 3.36 5.18 5.55 11.61 12.41 12.78 10.37 10.66 7.37 4.57 6.42 5.62 8.25 7.37 11.33 16.20 12.89 16.64 19.05 19.15 15.42 13.28 14.45 17.30 16.21 16.14 17.23 12.56 13.43 14.45 14.60 9.27 9.49 8.76 6.03
3.65 2.34 1.53 1.53 1.24 1.83 1.75 1.53 2.19 1.46 0.00 1.17 1.31 1.46 2.12 4.96 3.14 2.48 2.48 2.70 1.90 0.00 0.00 0.00 0.00 1.75 1.75 0.00 0.73 1.17 1.68 0.00 0.00 0.00 0.00 0.00 0.00 0.00 0.00 0.00 1.53 1.02 1.68 1.68 0.95 0.00 1.39 1.75 1.17 3.80 3.94 7.59 10.29 11.68 14.97 15.55 16.13 13.21 10.95 10.18 8.11 6.88 8.27 7.50 12.14 12.54 13.18 13.94 13.94 8.87 11.49 14.14 17.31 15.34 13.72 12.39 11.90 12.67 13.92 11.17 10.97 10.31 9.65 9.40
2.41 3.29 1.90 1.90 1.31 1.75 1.68 1.97 1.53 1.97 0.95 1.83 0.58 0.00 0.00 2.34 2.63 1.97 1.97 1.97 1.02 0.00 0.00 0.00 0.00 0.00 0.00 0.00 0.00 0.00 0.00 0.00 0.00 0.00 0.00 0.00 0.00 0.00 0.00 0.00 0.58 0.00 0.00 0.00 0.00 0.00 0.07 0.73 2.26 3.65 4.16 4.09 8.98 8.54 12.26 17.81 19.09 20.37 18.10 16.94 10.59 8.97 11.75 8.38 9.98 12.80 12.47 8.18 8.18 8.92 8.50 11.42 13.04 14.67 14.45 12.69 12.34 11.64 7.93 9.71 9.17 10.97 10.31 10.12
5.33 6.35 2.99 1.46 2.48 1.83 1.75 0.00 2.04 2.77 1.39 0.00 0.00 0.00 1.39 1.10 1.90 0.95 0.95 1.68 0.29 2.34 0.00 0.00 0.00 0.00 0.00 0.00 0.00 0.00 0.00 0.00 0.00 0.00 0.00 0.00 0.00 0.00 0.00 0.00 0.00 0.00 0.00 0.00 0.00 0.22 0.88 0.37 3.72 6.06 6.35 5.33 5.96 10.91 14.29 15.27 17.99 18.03 20.08 19.27 17.30 11.67 9.37 11.37 11.77 13.23 10.04 7.96 8.00 8.46 11.90 8.03 9.76 13.53 15.53 12.56 10.50 9.30 8.74 8.03 6.38 11.15 9.39 8.54
9.49 8.69 5.40 3.07 4.02 2.41 2.70 1.75 2.12 2.12 0.00 0.00 0.00 0.00 1.61 1.31 0.00 0.00 0.00 1.46 1.31 1.90 2.19 0.00 0.00 0.00 2.19 1.24 0.00 0.00 0.00 0.00 0.00 0.00 1.31 0.58 0.00 0.00 0.00 0.00 0.00 0.00 0.00 0.00 0.37 0.51 2.34 1.53 3.72 5.91 7.81 11.17 8.69 8.87 16.86 13.09 20.49 17.18 17.56 18.51 17.24 14.67 11.84 10.02 10.95 12.82 10.18 10.34 10.34 5.46 8.00 6.00 7.47 10.44 12.03 12.47 11.69 9.65 7.19 9.05 12.13 12.10 11.42 9.02
9.05 7.37 8.76 5.77 7.08 2.99 3.58 2.56 2.41 1.53 1.83 0.00 0.00 0.00 1.46 0.73 0.00 0.00 0.00 0.00 0.00 0.00 0.00 0.00 0.00 1.61 0.00 2.48 0.51 0.00 0.00 0.00 0.29 0.00 1.39 0.00 0.44 0.00 0.00 0.00 0.00 2.12 0.44 0.44 3.14 1.39 2.92 4.96 3.72 9.27 11.46 14.24 12.34 12.69 16.46 15.74 15.27 16.28 17.49 17.81 19.97 18.25 14.60 10.66 12.55 13.61 12.32 6.30 6.20 4.89 5.56 9.28 13.06 12.91 11.32 11.30 11.26 7.62 7.64 7.34 9.71 11.51 11.61 7.63
7.15 6.28 6.28 7.15 6.86 4.38 2.99 2.70 3.43 1.90 2.92 2.41 0.00 0.00 0.00 0.00 0.00 0.00 0.00 0.00 0.00 0.00 0.00 0.00 2.34 1.61 1.68 1.61 1.68 0.44 0.58 1.10 1.39 1.97 2.04 0.00 0.00 0.00 0.00 0.00 2.63 3.65 3.58 3.58 5.55 8.40 4.74 8.69 8.83 10.78 12.27 15.42 15.98 16.61 14.53 13.94 15.62 15.99 15.92 18.27 17.17 19.29 18.19 12.85 13.71 12.46 8.97 7.15 6.97 4.96 4.38 7.96 11.85 13.13 12.69 11.24 9.63 7.82 7.82 7.37 7.91 7.93 10.35 6.57
11.17 5.55 5.62 9.56 6.86 8.54 5.26 4.60 4.09 1.97 2.77 1.97 1.53 1.46 0.07 1.17 1.61 1.17 1.17 0.00 1.46 1.61 0.00 0.00 0.88 2.12 0.88 0.95 0.66 1.61 2.04 1.68 2.34 3.36 3.43 2.85 2.12 5.26 0.00 5.04 5.91 5.84 9.05 9.05 11.61 12.63 12.26 12.48 11.53 11.97 14.30 13.76 14.17 12.49 14.98 16.07 17.02 18.60 19.49 18.64 17.31 19.06 18.76 17.76 11.97 10.86 8.91 8.54 8.41 2.34 2.92 5.07 9.51 12.29 12.80 8.18 6.43 6.10 5.59 3.41 5.59 6.46 4.17 5.54
12.48 12.41 9.93 15.04 11.24 12.41 8.03 6.20 2.63 2.56 2.56 1.31 1.39 1.39 0.88 1.02 1.02 1.61 1.61 1.17 1.97 1.31 0.00 0.51 0.88 0.88 1.10 0.95 0.66 0.80 1.61 1.46 1.31 2.48 3.07 3.14 4.74 8.83 2.63 2.77 5.26 1.90 5.33 5.33 7.66 13.43 8.32 6.50 8.50 10.87 8.58 9.78 10.95 9.55 15.31 14.22 8.67 11.29 16.51 20.39 22.78 23.45 21.33 15.35 11.39 9.78 10.34 4.79 4.71 2.99 1.83 3.67 5.63 13.43 11.49 9.13 6.19 3.97 3.73 2.03 3.36 3.55 2.98 3.04
11.39 13.51 14.97 13.36 14.38 14.02 11.97 9.64 3.43 2.19 2.77 1.39 1.39 1.39 1.75 1.90 1.61 1.53 1.53 1.46 1.83 1.68 1.17 1.24 0.29 0.00 0.00 0.44 1.24 2.04 1.10 0.73 1.75 3.36 2.19 3.36 5.11 4.38 3.21 1.02 1.53 0.88 6.35 6.35 2.19 4.23 3.87 4.72 7.14 9.39 7.34 9.39 10.72 8.54 8.47 8.36 5.36 6.64 12.30 20.87 26.53 26.59 23.36 17.45 10.00 10.58 7.45 4.11 4.57 4.33 2.61 4.75 7.03 10.99 12.05 9.29 6.42 3.80 2.14 1.81 2.53 2.63 3.07 2.70
12.19 9.86 8.76 8.47 11.90 14.97 9.78 10.49 2.56 2.99 1.46 0.00 1.75 1.53 2.41 2.63 2.26 1.53 1.53 1.68 1.46 1.46 0.80 0.95 0.15 0.00 0.00 0.07 1.02 0.95 0.29 0.00 0.22 1.83 2.26 2.56 3.94 3.94 3.50 0.00 0.00 0.00 1.39 1.39 0.00 0.00 2.77 1.47 4.67 6.19 6.08 8.63 9.37 10.12 5.76 5.38 3.48 5.55 15.10 14.27 22.67 27.83 24.14 20.22 15.04 6.88 5.94 5.81 5.60 6.55 2.67 3.56 8.33 6.84 10.24 10.03 4.89 3.59 1.00 2.33 3.60 3.08 6.85 2.70
3.65 0.00 0.00 6.42 8.32 11.83 9.49 8.54 3.72 3.21 2.12 2.04 0.95 2.04 1.75 1.68 1.75 1.46 1.46 1.31 1.10 1.39 0.88 0.22 0.22 0.00 0.00 0.00 0.00 0.00 0.00 0.00 0.00 0.22 1.68 1.17 1.68 1.31 0.00 0.00 0.00 0.00 0.00 0.00 0.00 0.00 0.29 1.75 3.29 4.16 4.97 6.50 6.64 6.96 5.46 5.32 3.61 7.62 12.00 10.31 13.47 20.63 24.54 22.56 17.53 8.88 8.12 6.68 6.72 6.32 2.53 3.31 5.16 3.30 4.95 3.71 3.28 3.15 1.40 2.41 2.62 7.63 6.76 5.03
0.00 0.00 0.00 0.00 3.58 10.37 10.73 8.25 6.42 5.04 2.56 1.97 1.68 1.31 1.39 1.61 1.68 0.73 0.73 0.00 0.95 0.37 0.00 0.00 0.00 0.07 0.00 0.00 0.00 0.00 0.00 0.00 0.07 0.00 0.00 0.07 0.00 0.00 0.00 0.00 0.00 0.00 0.00 0.00 0.00 0.00 0.00 0.37 2.22 3.76 6.62 5.77 5.25 5.99 5.24 2.71 0.00 6.60 9.34 8.78 11.13 16.15 20.97 21.00 17.45 11.54 10.37 9.34 10.93 5.71 5.11 3.01 3.79 2.46 4.10 3.50 2.92 1.61 2.56 2.63 3.48 6.38 7.06 5.58
0.00 0.00 0.00 0.00 0.00 5.69 6.20 10.44 9.49 5.69 3.87 3.14 3.94 1.10 1.31 2.99 2.85 0.73 0.73 0.22 0.44 0.00 0.00 0.00 0.00 0.00 0.00 0.00 0.00 0.00 0.00 0.00 0.00 0.00 0.00 0.00 0.00 0.00 0.00 0.00 0.00 0.00 0.00 0.00 0.00 0.00 0.00 0.00 0.00 2.74 3.35 4.34 3.79 3.70 5.12 0.00 0.00 0.00 8.83 17.03 16.12 12.59 19.83 22.42 18.55 17.17 17.79 11.73 13.13 9.98 6.65 4.33 1.76 1.59 1.97 1.31 2.16 1.75 0.48 3.05 5.06 5.67 7.15 5.09
0.00 0.00 0.00 0.00 0.00 0.00 0.00 6.79 7.88 5.48 4.96 3.50 5.48 3.50 3.43 4.45 5.97 0.00 0.00 0.00 0.00 0.00 0.00 0.00 0.00 0.00 0.00 0.00 0.00 0.00 0.00 0.00 0.00 0.00 0.00 0.00 0.00 0.00 0.00 0.00 0.00 0.00 0.00 0.00 0.00 0.00 0.00 0.30 1.76 4.30 4.17 3.90 5.20 3.70 0.00 0.00 0.00 0.00 0.00 8.13 17.08 13.77 13.38 19.24 17.27 21.29 16.86 12.99 13.27 11.83 8.92 5.18 2.37 0.00 1.80 0.90 2.20 1.84 0.74 0.85 3.83 3.35 4.10 2.96
0.00 0.00 0.00 0.00 0.00 0.00 0.00 5.40 3.58 3.58 4.31 3.50 4.60 5.04 4.45 6.02 6.06 4.28 3.99 2.85 1.10 0.80 1.31 0.00 0.00 0.07 0.29 0.00 0.00 0.00 0.00 0.00 0.00 0.00 0.00 0.00 0.00 0.00 0.00 0.37 0.00 0.00 0.00 0.00 0.00 0.00 0.00 0.77 2.73 5.28 6.10 6.33 0.00 2.99 0.00 0.00 0.00 0.00 0.00 0.00 9.78 8.97 10.40 13.47 13.06 23.02 16.45 15.22 18.61 11.76 6.51 5.53 2.97 0.00 0.00 0.73 2.95 0.28 0.00 1.09 2.06 1.77 2.35 0.00
0.00 0.00 0.00 0.00 0.00 0.00 0.00 0.00 0.00 0.00 0.00 0.00 1.83 1.24 0.00 0.00 4.74 5.50 5.59 4.60 5.18 7.52 5.84 4.38 3.94 3.87 4.16 1.61 0.00 0.00 0.80 0.00 1.10 0.00 2.19 3.07 4.23 3.50 3.14 4.26 3.61 3.10 1.53 1.53 1.39 0.00 0.00 0.44 0.00 0.00 0.00 0.00 0.00 0.00 0.00 0.00 0.00 0.00 0.00 0.00 0.00 0.00 7.56 7.18 13.53 12.97 10.97 5.72 6.40 6.38 6.01 3.63 3.01 1.76 0.74 1.93 0.73 0.64 0.73 0.10 0.00 0.00 0.00 0.00
0.00 0.00 0.00 0.00 0.00 0.00 0.00 0.00 0.00 0.00 0.00 0.00 0.00 0.00 0.00 0.00 1.61 2.99 2.99 4.53 6.05 6.51 6.79 6.42 6.57 4.89 5.39 5.11 3.65 3.14 3.14 1.83 2.48 1.83 1.10 3.21 4.53 5.99 5.18 3.50 6.04 4.35 4.16 4.65 0.95 0.66 2.19 1.87 0.00 0.00 0.00 0.00 0.00 0.00 0.00 0.00 0.00 0.00 0.00 0.00 0.00 0.00 0.00 0.00 10.19 13.22 0.00 0.00 0.00 0.00 4.29 1.63 0.65 1.33 0.86 0.37 0.09 0.00 0.32 0.00 0.00 0.00 0.00 0.00
0.00 0.00 0.00 0.00 0.00 0.00 0.00 0.00 0.00 0.00 0.00 0.00 0.00 0.00 0.00 0.00 0.00 0.00 0.00 0.00 0.00 2.26 4.82 5.26 6.57 3.89 2.83 7.08 7.23 8.03 6.42 4.96 2.52 2.04 1.75 0.00 3.43 5.11 6.42 1.46 2.06 0.00 1.89 2.40 3.54 3.30 1.91 0.61 0.00 0.00 0.00 0.00 0.00 0.00 0.00 0.00 0.00 0.00 0.00 0.00 0.00 0.00 0.00 0.00 4.40 4.43 0.00 0.00 0.00 0.00 0.00 0.00 0.00 0.46 0.00 0.70 0.39 0.00 0.00 0.00 0.00 0.00 0.00 0.00
0.00 0.00 0.00 0.00 0.00 0.00 0.00 0.00 0.00 0.00 0.00 0.00 0.00 0.00 0.00 0.00 0.00 0.00 0.00 0.00 0.00 0.00 0.00 0.00 2.85 2.26 0.00 2.77 4.23 5.69 2.70 3.31 2.31 1.83 0.80 0.00 0.00 0.00 1.46 0.00 1.97 0.00 0.00 0.00 2.68 0.00 0.00 0.00 0.00 0.00 0.00 0.00 0.00 0.00 0.00 0.00 0.00 0.00 0.00 0.00 0.00 0.00 0.00 0.00 0.00 0.00 0.00 0.00 0.00 0.00 0.00 0.00 0.00 0.00 0.00 0.00 0.00 0.00 0.00 0.00 0.00 0.00 0.00 0.00
