Wansh/Snow_depth/snowdepth-1998/winter/1999017.txt
ncols 321
nrows 161
xllcenter 60
yllcenter 15 
cellsize  0.25 
NODATA_value -1
[rows 74 to 110 of 161, columns 84 to 167 of 321]
0.00 0.00 0.00 0.00 0.00 0.95 0.00 2.85 1.97 1.53 3.21 4.16 3.43 3.80 3.14 3.94 3.14 2.41 2.41 0.00 2.70 0.00 0.00 0.00 3.21 0.00 0.00 0.00 0.00 0.00 0.00 0.00 0.00 0.00 0.73 1.39 1.90 2.70 1.61 1.90 1.83 2.26 0.44 0.44 0.44 0.73 0.00 0.29 0.73 1.17 0.00 0.44 0.00 1.98 1.12 1.39 1.24 0.66 0.00 0.44 0.00 0.37 0.00 0.00 0.00 1.46 2.19 1.83 1.83 2.27 1.03 1.17 0.58 0.00 0.00 0.00 0.00 0.00 0.00 0.00 0.00 0.00 0.15 0.07
0.00 0.00 0.00 0.15 2.63 3.14 2.41 3.21 3.65 3.36 0.00 0.00 4.16 0.00 0.00 0.00 0.00 0.00 0.00 0.00 0.00 2.04 0.00 0.00 4.45 4.89 4.89 0.00 0.00 0.00 0.00 0.00 0.00 0.00 0.00 1.83 0.00 0.00 0.00 2.48 1.90 1.61 2.56 2.56 0.58 1.24 1.17 0.07 0.88 0.00 0.66 0.22 0.15 0.73 1.75 1.17 0.51 0.95 0.73 0.66 1.17 1.02 0.00 0.00 0.00 1.24 0.00 1.83 1.83 3.08 2.77 1.46 0.44 0.73 0.00 0.00 0.00 0.00 0.00 0.00 0.00 0.00 0.00 0.00
3.14 0.07 2.34 4.23 4.53 2.77 4.60 5.48 4.23 4.31 3.65 3.21 3.72 2.04 0.00 1.31 2.12 0.00 0.00 3.29 2.41 2.56 0.00 3.87 3.50 2.70 0.00 0.00 0.00 0.00 0.00 0.00 0.00 0.00 0.00 0.00 0.00 0.00 4.09 4.23 2.92 4.74 3.43 3.43 3.72 1.61 2.26 2.56 0.73 1.46 0.22 0.00 0.29 0.29 0.95 0.37 0.80 0.95 1.02 0.44 0.88 1.02 0.00 0.22 1.31 0.88 2.12 1.90 1.90 3.14 4.45 2.63 0.58 0.00 0.00 0.00 0.00 0.00 0.00 0.00 0.00 0.00 0.00 0.00
1.39 4.82 3.07 4.67 3.87 4.96 5.33 5.11 0.00 5.04 4.45 3.72 4.60 3.58 2.99 0.00 0.00 2.92 2.92 0.00 0.00 0.00 0.00 0.00 0.00 0.00 0.00 0.00 0.00 0.00 0.00 0.00 0.00 0.00 0.00 0.00 0.00 0.00 3.87 3.87 3.94 5.04 5.11 5.11 2.92 3.14 3.58 0.00 0.00 0.00 1.61 0.66 1.24 0.00 1.10 0.51 0.00 0.73 0.00 1.53 0.44 0.00 0.66 0.37 0.07 0.44 1.17 1.10 1.10 2.04 2.77 3.29 1.39 0.29 0.00 0.00 0.00 0.00 0.00 0.00 0.00 0.00 0.00 0.00
9.42 3.07 5.62 5.69 3.65 4.09 5.04 4.02 3.14 3.65 5.40 4.82 4.89 3.80 3.80 3.80 4.02 0.00 0.00 3.07 3.14 4.09 2.77 3.43 2.99 0.00 0.00 0.00 0.00 0.00 0.00 0.00 0.00 0.00 0.00 0.00 0.00 0.00 2.99 4.38 4.23 4.45 5.11 5.11 4.09 0.00 3.65 2.85 0.00 0.00 0.00 0.00 0.00 1.39 1.68 2.12 0.95 0.95 0.22 1.24 1.10 0.00 0.66 0.37 0.73 0.44 0.80 1.31 1.31 1.10 1.02 1.68 0.37 0.44 0.00 0.00 0.00 0.00 0.00 0.00 0.00 0.00 0.00 0.00
12.63 10.00 7.37 8.54 7.01 4.23 3.43 4.09 3.43 3.87 3.72 4.96 4.45 4.23 0.00 5.11 4.74 4.67 4.67 5.26 0.00 4.53 4.02 3.21 0.00 0.00 0.00 0.00 0.00 0.00 0.00 0.00 0.00 0.00 0.00 0.00 0.00 0.00 0.00 0.00 0.00 0.00 0.00 0.00 0.00 0.00 0.00 0.00 0.00 0.00 0.00 0.00 0.00 0.00 1.39 1.17 0.00 0.00 1.39 1.68 1.53 1.68 1.97 1.10 0.58 0.00 0.07 0.00 0.00 0.07 0.00 0.00 0.00 0.00 0.00 0.00 0.00 0.00 0.00 0.00 0.00 0.00 0.00 0.00
12.85 10.07 11.61 8.69 7.88 6.06 4.74 3.36 3.21 3.65 0.00 3.94 3.80 4.02 3.80 4.60 4.23 3.80 3.80 4.89 4.89 4.74 4.23 4.23 0.00 0.00 0.00 5.04 0.00 4.60 4.74 0.00 0.00 0.00 0.00 0.00 0.00 0.00 0.00 0.00 0.00 0.00 0.00 0.00 0.00 0.00 0.00 0.00 0.00 0.00 0.00 0.00 0.00 0.00 0.00 0.00 0.37 0.80 1.46 1.24 1.24 1.61 1.53 1.68 0.95 0.00 0.00 0.00 0.00 0.00 0.00 0.00 0.07 0.37 1.10 0.00 0.00 0.00 0.00 0.07 0.00 0.00 0.00 0.00
11.32 13.14 12.05 10.73 7.15 6.20 4.02 3.36 3.72 2.99 4.31 3.72 4.09 4.45 5.33 3.65 5.55 6.20 6.20 4.96 5.33 0.00 4.23 0.00 5.33 5.33 5.18 4.38 4.45 4.74 0.00 0.00 0.00 6.06 5.84 0.00 0.00 0.00 0.00 0.00 0.00 0.00 0.00 0.00 0.00 0.00 0.00 0.00 0.00 0.00 0.00 0.00 0.00 0.00 0.00 0.00 0.22 0.73 1.24 1.39 1.24 2.04 0.80 0.00 0.00 0.00 0.00 0.00 0.00 0.00 0.44 0.73 1.10 1.61 2.19 0.00 0.15 0.00 0.23 0.15 0.00 0.00 0.00 0.00
11.46 10.66 11.10 9.05 7.08 6.13 6.35 3.43 3.65 3.94 4.45 5.33 4.53 4.96 4.74 5.40 6.94 6.13 6.13 6.72 4.09 0.00 0.00 4.16 0.00 5.11 5.11 4.45 0.00 0.00 3.29 3.14 5.26 7.88 7.66 4.89 0.00 0.00 0.00 0.00 0.00 2.41 0.00 0.00 0.00 0.00 0.00 0.00 0.00 0.00 0.00 0.00 0.00 0.00 0.00 0.00 0.00 0.22 1.17 1.53 1.31 1.24 0.95 0.22 0.00 0.00 0.00 0.51 0.51 0.07 0.88 0.00 1.24 1.90 2.34 1.24 0.51 1.10 1.31 0.66 0.95 0.00 0.00 0.00
10.88 10.15 10.00 9.34 8.03 4.89 4.67 4.02 3.80 3.94 4.96 4.89 5.33 4.96 5.55 5.33 7.08 6.86 6.86 7.01 5.18 3.50 0.00 0.00 4.45 0.00 4.96 0.00 0.00 0.00 0.00 0.00 4.23 7.08 6.50 5.62 0.00 0.00 0.00 0.00 0.00 0.00 0.00 0.00 0.00 0.00 0.00 0.00 0.00 0.00 0.00 0.00 0.00 0.00 0.73 0.58 0.73 1.61 1.90 2.41 2.41 1.31 2.48 2.04 1.10 0.66 0.00 0.88 0.88 1.39 0.80 0.73 0.58 1.83 2.63 1.75 0.51 0.29 0.80 0.44 0.73 0.15 0.00 0.07
7.88 8.76 9.49 8.61 8.76 6.06 0.00 0.00 4.02 4.23 0.00 0.00 0.00 6.06 5.69 5.48 7.15 7.23 7.23 6.72 5.99 4.82 6.13 5.77 4.31 4.82 4.02 4.23 0.00 0.00 0.00 0.00 5.69 5.48 5.99 3.58 3.72 4.53 2.26 0.00 0.00 0.00 0.00 0.00 0.00 0.00 0.00 0.00 0.00 0.00 0.00 1.61 1.02 1.39 3.50 2.48 7.96 3.36 4.82 3.07 3.65 1.75 1.68 2.92 1.10 1.75 0.88 1.46 1.46 2.41 2.92 1.17 1.68 1.97 1.53 1.31 0.37 0.44 1.17 0.51 1.02 0.22 0.37 0.00
6.35 7.96 7.23 7.30 5.04 4.23 4.67 3.87 0.00 4.67 4.67 4.67 5.04 5.48 5.26 5.40 5.04 6.35 6.35 6.20 5.99 6.79 6.86 5.48 5.48 8.40 6.86 5.69 4.60 3.72 5.40 6.86 6.35 5.69 0.00 3.58 4.38 0.00 0.00 0.00 4.74 0.00 1.61 1.61 0.00 0.00 0.00 0.00 1.02 0.95 0.66 2.19 4.31 4.45 11.10 8.69 13.14 7.59 8.61 4.45 5.94 3.20 5.42 3.21 5.18 5.62 2.04 2.92 2.92 4.23 8.76 2.56 1.97 2.12 1.53 2.04 2.19 0.07 1.75 1.31 1.24 1.02 0.66 0.00
7.52 7.74 4.67 5.11 4.38 4.45 3.80 4.16 4.96 4.45 4.02 3.58 4.16 3.58 5.04 5.11 5.77 6.57 6.57 6.28 6.20 9.05 7.37 6.50 4.67 5.99 7.45 7.45 5.48 4.53 4.38 3.80 0.00 0.00 0.00 0.00 0.00 0.00 7.15 7.88 9.20 0.00 0.00 0.00 1.97 1.10 2.12 2.63 1.97 1.68 1.83 2.34 4.09 12.85 10.73 15.48 14.97 14.60 15.26 11.10 8.69 7.08 6.85 8.54 8.61 10.07 8.83 11.97 11.97 21.68 26.06 17.96 17.01 14.45 11.46 9.05 7.88 3.43 4.60 4.45 3.80 2.56 1.17 1.24
5.55 6.20 2.99 4.02 5.04 4.23 4.23 4.16 3.36 4.23 3.07 3.36 3.72 5.48 4.96 5.91 6.72 7.01 7.01 8.25 10.73 7.37 5.91 5.69 0.00 5.04 5.77 5.48 4.96 3.21 0.00 0.00 2.77 0.00 0.00 0.00 0.00 8.25 7.30 8.18 4.74 5.55 2.34 2.34 0.00 2.85 2.48 2.85 1.75 2.04 2.85 3.72 4.60 7.96 13.65 12.99 14.45 13.65 11.75 7.66 7.74 5.99 6.35 8.91 8.75 12.48 14.31 18.18 18.18 24.67 27.23 25.11 20.88 17.37 16.86 17.16 13.94 5.99 6.20 5.33 4.96 3.65 1.83 1.83
4.23 2.19 3.50 3.50 4.67 4.16 0.00 3.36 0.00 0.00 3.36 0.00 4.31 5.91 6.57 6.28 5.84 10.80 10.80 11.83 8.83 7.37 5.55 4.02 4.74 5.18 4.16 0.00 0.00 3.21 0.00 2.63 0.00 3.29 2.41 0.00 0.00 6.06 0.00 4.96 4.89 3.43 0.00 0.00 3.50 3.14 4.09 2.04 2.56 2.56 2.70 2.99 4.53 7.52 10.37 9.78 10.80 10.00 9.64 5.99 6.13 7.52 10.73 10.44 10.18 18.00 20.66 26.28 26.28 28.91 26.79 27.74 25.55 24.82 21.68 18.25 16.21 13.21 8.25 6.64 5.84 5.33 3.07 3.07
2.63 2.48 2.19 0.00 3.43 0.00 0.00 0.00 0.00 0.00 0.00 3.50 4.89 5.84 6.72 8.83 9.64 10.44 10.44 10.95 7.74 5.55 4.53 0.00 0.00 0.00 3.58 0.00 2.92 0.00 2.77 3.21 3.14 3.07 2.04 2.56 0.00 0.00 0.00 0.00 0.00 0.00 3.29 3.29 3.65 3.65 4.67 3.50 4.16 4.16 3.29 2.56 6.79 7.66 10.00 7.88 7.88 6.64 7.78 5.01 4.82 7.52 11.92 15.26 21.79 25.14 32.12 30.30 30.30 28.47 25.11 26.35 23.58 25.40 23.36 19.71 18.47 17.08 13.14 9.48 10.24 6.92 4.18 2.93
1.75 1.53 2.12 1.39 0.00 0.00 0.00 0.00 0.00 1.53 0.00 3.65 4.82 3.94 6.50 8.32 10.51 9.64 9.64 10.00 3.50 3.14 3.50 0.00 4.23 4.16 2.99 3.50 3.43 3.14 3.58 3.58 0.00 2.99 0.00 0.00 0.00 0.00 0.00 0.00 0.00 1.53 2.19 2.19 3.80 2.99 2.56 4.09 4.02 4.02 4.74 4.38 8.91 9.56 9.13 10.07 7.23 7.37 5.48 4.38 3.69 5.91 9.22 16.64 20.66 18.47 28.72 25.31 24.51 19.37 17.52 23.43 19.78 20.95 20.73 18.40 16.35 16.21 15.29 12.61 9.98 9.22 7.68 4.46
1.75 1.10 1.61 1.90 0.00 0.00 2.04 1.90 1.31 1.31 0.00 0.00 0.00 0.00 5.48 9.42 6.57 7.23 7.23 0.00 0.00 0.00 2.70 0.00 3.72 3.14 0.00 2.70 2.85 0.00 0.00 0.00 0.00 0.00 0.00 0.00 0.00 0.00 0.00 0.00 0.00 0.00 0.29 0.29 0.00 0.22 1.75 2.99 4.16 2.99 4.31 6.28 10.00 13.21 13.72 13.87 10.15 11.17 4.28 7.59 4.16 5.18 7.75 12.93 16.50 14.45 18.47 16.79 16.87 15.18 13.06 16.50 17.37 17.37 17.46 15.33 13.21 11.68 12.25 13.27 12.21 10.51 9.49 6.88
3.65 2.34 1.53 1.97 1.61 2.48 2.34 2.70 2.41 2.34 1.83 0.00 0.00 0.00 0.00 5.69 7.23 3.58 3.58 0.00 0.00 0.00 0.00 0.00 0.00 0.00 0.00 0.00 0.00 2.12 0.00 0.00 0.00 0.00 0.00 0.00 0.00 0.00 0.00 0.00 0.00 0.00 0.00 0.00 0.00 0.00 0.29 1.68 2.26 4.09 6.06 9.78 13.14 14.75 17.74 18.98 15.77 20.22 11.90 14.00 6.86 6.50 8.73 9.13 10.36 12.85 14.97 12.41 12.41 10.01 10.10 15.90 17.31 16.01 13.65 12.17 10.07 9.34 10.08 10.50 12.15 11.21 11.46 10.59
2.41 3.29 1.90 1.68 1.83 2.85 2.12 2.34 2.63 0.00 2.92 0.00 0.00 0.00 0.00 0.00 0.00 2.04 2.04 2.04 0.00 0.00 0.00 0.00 0.00 0.00 0.00 0.00 0.00 0.00 0.00 0.00 0.00 0.00 0.00 0.00 0.00 0.00 0.00 0.00 0.00 0.00 0.00 0.00 0.00 0.00 0.44 0.95 3.58 5.11 6.35 7.23 12.41 10.95 16.06 17.52 21.49 18.61 18.40 18.98 11.61 10.71 6.05 8.76 12.87 11.23 12.91 10.22 10.22 7.01 6.77 13.47 17.05 15.70 14.67 12.77 11.32 8.60 7.46 7.68 10.55 13.91 11.55 9.73
5.33 6.35 2.99 0.80 2.63 1.75 0.00 0.00 2.77 2.26 1.68 0.00 0.00 0.00 1.61 1.90 2.04 1.17 1.17 0.00 0.00 0.00 0.00 0.00 0.00 0.00 0.00 0.00 0.00 0.00 0.00 0.00 0.00 0.00 0.00 0.00 0.00 0.00 0.00 0.00 0.00 0.00 0.00 0.00 0.00 0.73 2.04 3.72 5.26 6.35 8.47 8.18 9.46 9.41 14.45 17.05 20.24 22.41 21.17 20.81 15.55 12.69 7.53 8.63 10.20 12.66 9.81 5.33 5.36 6.21 7.81 10.95 14.36 15.17 15.45 13.51 12.44 10.67 7.18 5.50 9.14 13.50 12.07 8.06
9.49 8.69 5.40 3.72 4.82 3.07 1.68 0.00 1.31 0.73 0.00 0.00 0.00 0.00 0.00 1.46 1.17 0.00 0.00 0.00 0.00 2.41 0.00 0.00 0.00 0.00 2.26 0.00 0.00 0.00 0.00 0.00 0.00 0.00 0.00 1.31 0.00 0.00 0.00 0.00 0.00 0.00 0.00 0.00 0.00 1.24 1.97 5.33 7.08 7.08 10.88 10.95 9.86 11.08 12.50 16.33 19.68 24.28 20.53 18.43 18.64 16.43 9.86 9.01 9.60 12.90 10.26 5.94 5.94 5.09 4.84 9.73 11.86 11.17 12.47 13.94 12.81 12.29 8.91 6.98 6.95 12.18 14.29 10.85
9.05 7.37 8.76 6.28 6.57 5.11 3.43 2.92 1.31 0.95 0.00 0.00 0.00 0.00 0.00 0.00 0.00 0.00 0.00 0.00 0.00 0.00 0.00 0.00 0.00 0.00 1.97 0.00 0.00 0.00 0.00 0.00 0.00 0.00 0.00 0.00 0.00 0.00 0.00 0.00 0.00 0.00 1.61 1.61 3.29 3.72 4.38 6.72 7.81 9.05 13.80 13.43 13.80 14.23 14.53 16.95 16.55 17.20 18.13 17.49 19.65 19.16 13.85 12.28 12.22 12.13 12.93 6.82 6.72 4.22 4.35 7.84 11.79 13.07 11.68 11.81 10.23 9.05 7.72 5.78 11.21 9.63 15.10 13.94
7.15 6.28 8.69 4.60 5.69 3.43 3.36 4.31 4.09 3.36 3.07 1.83 0.00 0.51 0.00 0.00 0.00 0.00 0.00 0.00 0.00 0.00 0.00 0.00 0.00 0.00 2.12 1.17 0.00 0.00 1.17 0.00 0.00 1.31 1.31 0.00 0.00 0.00 0.00 0.00 0.00 3.80 9.05 9.05 8.98 7.52 6.50 10.00 10.29 14.90 15.80 14.97 16.74 18.45 16.10 14.97 18.03 16.06 17.01 18.12 18.19 19.36 15.75 12.34 14.45 9.92 11.19 9.86 9.61 5.33 2.85 5.66 9.51 13.29 11.30 10.00 9.63 8.55 8.19 5.51 9.47 12.72 10.76 7.12
11.17 5.55 5.99 10.29 8.69 7.30 5.26 3.07 3.50 2.85 2.19 1.31 1.68 0.58 1.17 0.80 1.39 1.83 1.83 0.00 1.83 0.00 0.00 1.10 2.41 2.77 1.39 0.44 0.73 0.95 1.24 1.02 2.34 3.07 3.58 4.02 7.37 0.00 5.77 0.00 7.59 7.30 10.51 10.51 13.36 14.31 14.24 13.58 14.45 11.90 15.65 17.96 14.26 17.30 13.24 16.30 14.45 18.97 18.45 18.49 20.18 20.95 19.94 20.17 13.51 9.98 9.76 4.79 4.72 1.90 2.34 6.28 6.20 10.53 12.73 12.99 9.38 6.68 5.84 4.13 4.33 5.54 6.41 7.38
12.48 12.41 0.00 13.51 15.18 12.12 8.03 3.29 2.48 0.00 0.00 1.10 1.46 1.90 0.95 1.46 1.46 1.53 1.53 1.68 2.04 1.10 0.00 1.17 1.39 1.97 0.44 0.44 1.53 1.68 1.02 1.39 2.04 4.02 4.45 4.60 5.99 9.34 3.72 4.31 6.13 4.45 6.06 6.06 11.02 4.53 5.69 9.05 11.44 9.58 12.79 14.14 10.33 12.38 13.26 14.98 11.59 17.36 15.80 20.39 21.38 25.12 22.93 22.50 13.58 11.24 10.64 6.72 6.62 2.48 1.75 4.39 8.27 13.61 13.44 9.20 5.16 4.12 2.59 3.23 3.47 3.30 2.68 4.49
11.39 13.51 8.18 11.83 13.80 13.80 10.29 5.62 2.85 1.75 0.00 0.00 1.39 1.31 2.04 1.61 2.04 1.97 1.97 1.10 1.83 0.80 1.46 1.31 1.02 0.80 0.00 0.22 1.46 1.61 0.88 1.75 1.10 2.04 4.53 4.45 5.69 6.64 2.19 1.83 3.36 1.97 3.14 3.14 5.48 0.58 2.12 4.35 8.03 7.54 10.21 10.42 10.27 11.09 10.82 7.59 13.01 12.17 11.20 25.34 20.88 24.28 26.57 22.78 16.35 10.28 10.43 8.36 9.30 4.97 2.01 3.08 5.61 9.58 12.43 10.18 6.35 2.48 1.40 0.33 2.33 1.76 2.10 4.42
12.19 9.86 2.34 4.16 8.32 12.41 8.83 7.19 4.16 2.34 0.73 0.00 1.24 1.97 2.12 1.46 1.53 1.24 1.24 1.24 1.17 1.61 1.46 0.29 0.29 0.00 0.00 0.37 1.17 0.66 0.58 0.58 0.37 1.24 2.04 3.36 1.83 0.00 0.07 0.95 0.95 0.00 1.83 1.83 1.83 0.07 0.80 2.05 5.33 6.82 7.87 10.65 13.22 11.29 6.87 5.20 7.05 9.05 13.60 18.54 22.93 30.01 22.38 19.93 15.84 11.12 9.23 8.32 8.02 8.38 2.28 0.19 4.12 6.22 9.63 9.28 6.08 3.13 1.85 1.63 1.75 1.50 5.14 4.71
3.65 2.48 6.50 3.29 10.37 9.93 9.34 7.96 5.55 2.12 1.75 1.83 1.17 1.68 2.04 1.17 0.66 1.53 1.53 1.17 1.10 1.46 0.73 0.00 0.00 0.00 0.00 0.00 0.51 0.00 0.15 0.29 0.00 0.22 0.88 0.44 0.80 0.00 0.07 0.00 0.00 0.00 0.37 0.37 0.73 0.58 1.97 3.50 3.87 6.28 6.37 8.71 9.84 6.18 7.06 6.19 4.51 5.08 15.05 15.97 14.22 24.72 24.15 24.20 14.82 10.08 10.25 10.48 10.54 7.68 4.16 1.21 1.51 4.29 6.86 6.64 4.69 3.37 2.21 1.68 1.89 3.53 7.48 5.52
0.00 0.00 0.00 0.00 3.14 9.42 7.30 9.13 7.52 4.23 2.85 2.56 1.61 0.00 0.29 0.37 1.02 0.80 0.80 0.00 0.58 0.44 0.00 0.00 0.00 0.00 0.00 0.00 0.00 0.07 0.00 0.00 0.00 0.15 0.15 0.44 0.00 0.00 0.80 0.00 0.00 0.00 0.00 0.00 0.00 0.00 0.66 1.68 2.08 4.74 5.08 7.52 10.92 6.38 4.76 5.07 6.31 0.00 7.59 11.47 13.09 21.72 21.62 20.32 19.39 16.55 13.88 11.30 13.22 9.84 3.10 2.01 2.88 4.13 3.44 3.50 3.57 1.83 1.86 2.39 4.61 5.38 7.38 6.19
0.00 0.00 0.00 0.00 4.02 4.45 7.59 8.54 7.08 3.94 3.29 1.68 2.41 2.26 1.39 1.10 0.95 1.10 1.10 0.00 0.00 0.00 0.00 0.00 0.00 0.00 0.00 0.00 0.00 0.00 0.00 0.00 0.00 0.00 0.00 0.07 0.00 0.00 0.00 0.00 0.00 0.00 0.00 0.00 0.00 0.00 0.00 0.38 0.76 3.15 5.19 5.13 6.00 6.67 4.03 5.38 4.72 0.00 9.77 14.60 12.15 16.26 19.10 19.31 24.05 22.31 20.17 13.45 15.06 11.96 6.28 3.86 3.34 2.12 1.97 3.09 3.15 1.31 1.35 1.24 3.24 4.74 7.06 7.46
0.00 0.00 0.00 0.00 0.00 0.00 3.65 7.52 4.45 5.33 2.92 3.43 3.58 3.50 5.26 4.59 4.57 2.34 2.34 0.00 0.00 0.00 0.00 0.00 0.00 0.00 0.00 0.00 0.00 0.00 0.00 0.00 0.00 0.00 0.00 0.07 0.00 0.00 0.00 0.00 0.00 0.00 0.00 0.00 0.00 0.00 0.00 0.00 1.30 1.95 6.34 5.97 5.75 6.14 0.00 0.00 0.00 0.00 0.00 7.02 21.38 21.25 13.90 16.08 26.12 24.40 25.81 17.28 17.64 13.21 10.24 5.43 5.89 1.69 0.94 1.98 2.67 1.00 0.93 1.04 1.71 2.66 4.18 6.94
0.00 0.00 0.00 0.00 0.00 0.00 0.00 4.23 3.87 3.14 5.77 5.77 6.57 3.58 6.06 6.75 5.33 4.60 4.29 2.26 0.73 0.00 1.10 0.37 0.00 0.00 0.00 0.29 0.00 0.00 0.00 0.15 0.00 0.00 0.07 0.00 0.00 0.00 0.00 0.00 0.95 0.00 0.00 0.00 0.00 0.00 0.00 1.62 4.87 7.78 9.60 8.37 0.00 0.00 0.00 0.00 0.00 0.00 0.00 0.00 14.73 14.70 11.50 9.47 24.33 27.71 19.00 12.02 14.70 9.13 9.77 6.80 7.03 2.59 0.73 0.55 2.15 2.43 1.00 0.99 1.43 3.16 3.86 3.77
0.00 0.00 0.00 0.00 0.00 0.00 0.00 0.00 0.00 0.00 0.00 0.00 4.02 4.53 0.00 3.80 4.09 3.21 3.26 3.58 5.11 7.15 5.48 5.04 3.21 0.00 0.00 3.72 0.00 0.00 0.00 1.02 0.37 0.73 2.85 2.70 2.85 0.00 0.37 2.93 3.24 3.24 1.75 1.75 0.95 0.00 0.51 2.20 2.52 0.00 0.00 0.00 0.00 0.00 0.00 0.00 0.00 0.00 0.00 0.00 0.00 0.00 0.00 9.77 13.29 15.51 8.23 7.85 8.78 7.54 8.22 6.88 3.63 0.79 0.00 2.64 2.85 2.10 1.10 0.00 0.00 0.00 0.00 0.00
0.00 0.00 0.00 0.00 0.00 0.00 0.00 0.00 0.00 0.00 0.00 0.00 0.00 0.00 0.00 0.00 0.00 3.21 3.21 2.85 9.84 5.45 6.72 5.33 5.26 0.23 5.54 5.33 5.18 3.29 3.87 3.07 1.39 0.44 1.90 5.26 3.21 1.46 4.60 1.68 4.61 3.93 2.26 2.53 1.46 1.90 0.37 2.17 5.50 0.00 0.00 0.00 0.00 0.00 0.00 0.00 0.00 0.00 0.00 0.00 0.00 0.00 0.00 6.40 8.43 10.84 0.00 0.00 0.00 8.34 5.47 5.10 3.35 1.66 0.00 0.74 1.66 1.02 0.00 0.00 0.00 0.00 0.00 0.00
0.00 0.00 0.00 0.00 0.00 0.00 0.00 0.00 0.00 0.00 0.00 0.00 0.00 0.00 0.00 0.00 0.00 0.00 0.00 0.00 1.97 2.19 7.81 6.57 5.62 3.45 2.01 4.45 5.48 4.09 5.69 2.70 1.48 0.00 0.58 2.87 4.09 3.50 2.34 0.00 0.00 1.90 0.00 0.00 1.64 2.77 3.59 1.23 1.43 0.00 0.00 0.00 0.00 0.00 0.00 0.00 0.00 0.00 0.00 0.00 0.00 0.00 0.00 0.00 0.00 0.00 0.00 0.00 0.00 0.00 0.00 0.00 2.62 0.92 0.00 0.09 0.58 0.00 0.00 0.00 0.00 0.00 0.00 0.00
0.00 0.00 0.00 0.00 0.00 0.00 0.00 0.00 0.00 0.00 0.00 0.00 0.00 0.00 0.00 0.00 0.00 0.00 0.00 0.00 0.00 0.00 1.61 2.19 3.21 3.94 0.00 0.00 3.21 4.09 0.00 3.91 1.66 0.00 0.00 0.00 2.48 0.00 1.17 0.00 0.00 0.00 0.00 0.00 0.00 4.11 0.00 0.00 0.00 0.00 0.00 0.00 0.00 0.00 0.00 0.00 0.00 0.00 0.00 0.00 0.00 0.00 0.00 0.00 0.00 0.00 0.00 0.00 0.00 0.00 0.00 0.00 0.00 0.00 0.81 0.00 0.00 0.00 0.00 0.00 0.00 0.00 0.00 0.00
