Wansh/Snow_depth/snowdepth-1998/winter/1999033.txt
ncols 321
nrows 161
xllcenter 60
yllcenter 15 
cellsize  0.25 
NODATA_value -1
[rows 0 to 36 of 161, columns 84 to 167 of 321]
14.38 13.36 13.58 13.72 13.65 11.32 12.05 8.47 8.91 8.25 11.10 8.03 11.10 12.41 9.13 12.70 9.71 11.68 11.68 12.05 12.78 8.91 10.07 5.99 2.92 1.02 0.66 0.00 0.00 0.15 3.94 3.65 4.23 6.20 6.20 7.01 7.01 7.52 7.23 8.25 4.96 5.62 4.38 4.38 1.97 1.97 2.12 2.56 2.85 3.80 5.55 7.01 6.35 9.93 6.28 6.28 6.28 6.28 4.89 5.18 4.96 2.41 2.77 2.26 2.26 2.48 4.09 4.74 4.74 8.40 7.30 12.34 14.09 14.38 11.90 11.68 10.80 16.64 16.35 16.13 14.75 11.90 12.26 9.05
14.75 12.85 13.29 11.46 9.86 10.88 6.50 6.28 6.28 6.94 7.37 7.52 7.30 6.94 7.01 8.25 5.99 9.27 9.27 9.05 10.59 10.00 10.15 6.35 6.06 2.41 2.04 0.37 0.00 0.07 0.37 2.92 2.12 4.02 4.53 3.94 5.18 3.87 5.55 7.59 6.86 7.37 10.95 10.95 4.45 8.32 3.80 2.41 3.43 2.77 3.07 1.90 2.26 2.04 3.58 4.67 7.08 4.89 8.32 6.50 6.13 6.28 4.23 4.23 8.40 6.64 6.86 6.79 6.79 8.69 12.99 12.48 15.62 18.10 15.48 19.56 18.54 17.67 20.59 15.77 16.86 13.29 14.09 14.75
9.86 10.37 7.30 4.89 8.32 3.87 4.74 5.04 6.13 7.23 6.94 7.37 5.18 5.55 4.09 3.72 3.72 6.50 6.50 4.09 5.33 5.04 8.91 8.40 7.37 3.36 2.34 0.00 0.00 0.00 0.22 2.41 2.41 2.04 3.07 4.09 4.89 4.67 6.13 8.25 9.86 9.34 10.44 10.44 11.68 9.27 7.23 7.74 3.72 1.53 2.63 1.68 1.46 1.68 4.16 5.11 4.53 6.13 8.69 9.86 10.29 9.64 10.80 10.59 10.80 9.93 13.14 13.36 13.36 12.63 12.78 14.09 13.94 17.08 20.59 20.08 22.70 22.41 22.56 21.61 20.51 20.59 22.41 18.83
9.86 10.37 7.30 4.89 8.32 3.87 4.74 5.04 6.13 7.23 6.94 7.37 5.18 5.55 4.09 3.72 3.72 6.50 6.50 4.09 5.33 5.04 8.91 8.40 7.37 3.36 2.34 0.00 0.00 0.00 0.22 2.41 2.41 2.04 3.07 4.09 4.89 4.67 6.13 8.25 9.86 9.34 10.44 10.44 11.68 9.27 7.23 7.74 3.72 1.53 2.63 1.68 1.46 1.68 4.16 5.11 4.53 6.13 8.69 9.86 10.29 9.64 10.80 10.59 10.80 9.93 13.14 13.36 13.36 12.63 12.78 14.09 13.94 17.08 20.59 20.08 22.70 22.41 22.56 21.61 20.51 20.59 22.41 18.83
9.20 7.15 7.59 5.69 4.16 4.23 4.23 5.33 5.04 6.50 7.30 6.94 7.01 6.94 6.50 6.50 4.96 2.77 2.77 3.21 2.99 2.63 6.28 8.83 8.91 7.74 3.14 0.00 0.66 0.22 1.17 1.31 2.56 2.12 3.29 6.28 5.69 6.64 7.01 7.52 7.01 4.96 9.56 9.56 9.78 10.44 10.51 9.78 5.48 3.21 2.56 1.39 1.61 1.68 1.24 3.65 4.23 5.18 8.18 7.37 9.71 11.97 13.36 14.60 14.24 15.26 15.40 14.53 14.53 13.87 14.24 13.87 12.78 12.70 15.55 20.95 21.02 16.13 20.81 21.61 17.37 21.39 21.53 20.08
7.52 7.59 7.30 7.52 4.74 4.74 3.87 4.23 4.16 5.26 7.23 6.57 8.18 7.88 7.88 7.30 9.34 6.86 6.86 7.81 3.29 3.87 2.19 2.63 6.72 7.74 4.45 1.31 0.00 1.46 0.22 1.68 2.85 3.80 3.36 3.50 4.60 4.45 0.58 1.61 1.31 0.00 2.77 2.77 5.62 8.47 7.96 7.88 8.47 6.13 2.70 1.61 2.19 1.83 1.90 2.12 3.65 4.67 6.50 5.69 11.24 10.44 13.43 15.62 16.13 14.75 14.97 12.48 12.48 12.34 11.61 11.61 12.70 12.26 12.70 10.44 11.83 12.56 10.44 13.58 13.29 15.48 20.51 20.44
8.47 7.74 8.25 8.03 6.64 4.31 4.53 4.09 4.60 5.26 5.18 5.40 5.91 6.35 8.47 9.27 8.91 10.00 10.00 11.10 8.40 8.76 4.23 3.36 3.07 2.70 2.92 0.66 1.10 0.58 0.51 0.29 3.43 2.92 4.60 4.31 1.97 2.99 0.37 0.66 1.83 2.92 2.63 2.63 1.61 6.94 7.96 7.96 6.06 3.07 1.83 2.12 1.68 2.99 3.36 2.63 2.56 5.77 8.40 9.71 12.34 11.24 14.24 15.40 16.43 14.24 15.26 13.07 13.07 13.87 12.99 13.07 15.04 13.07 11.61 11.53 12.26 9.42 9.49 10.29 13.51 12.48 14.09 21.53
8.47 7.74 8.25 8.03 6.64 4.31 4.53 4.09 4.60 5.26 5.18 5.40 5.91 6.35 8.47 9.27 8.91 10.00 10.00 11.10 8.40 8.76 4.23 3.36 3.07 2.70 2.92 0.66 1.10 0.58 0.51 0.29 3.43 2.92 4.60 4.31 1.97 2.99 0.37 0.66 1.83 2.92 2.63 2.63 1.61 6.94 7.96 7.96 6.06 3.07 1.83 2.12 1.68 2.99 3.36 2.63 2.56 5.77 8.40 9.71 12.34 11.24 14.24 15.40 16.43 14.24 15.26 13.07 13.07 13.87 12.99 13.07 15.04 13.07 11.61 11.53 12.26 9.42 9.49 10.29 13.51 12.48 14.09 21.53
7.96 7.59 7.59 7.30 7.08 6.72 4.96 4.31 4.31 4.96 5.04 4.96 5.11 4.60 7.15 7.23 9.56 10.22 10.22 10.88 12.19 11.97 9.42 7.59 2.70 1.90 1.61 0.80 1.97 0.37 0.44 1.17 3.80 3.43 5.33 5.77 3.72 3.58 3.36 3.50 3.50 2.63 5.40 5.40 3.43 6.86 7.81 3.80 3.36 3.29 2.70 5.11 5.40 4.38 3.58 6.28 6.50 6.35 7.30 9.27 10.07 11.61 13.94 12.99 15.84 14.45 14.75 13.43 13.43 13.87 12.92 14.45 14.09 15.33 14.16 13.21 13.29 14.02 12.12 12.05 13.29 11.39 13.58 12.99
8.32 7.37 7.45 7.59 7.66 7.45 6.13 5.33 5.62 6.28 4.82 3.80 2.77 2.56 4.02 7.08 9.56 11.02 11.02 10.73 12.63 12.78 8.18 5.62 2.48 1.97 3.07 3.43 3.29 2.56 2.12 3.07 4.31 3.80 5.77 5.26 4.67 4.89 3.87 3.36 3.65 3.72 4.45 4.45 4.31 3.58 4.53 4.45 3.87 6.42 8.03 9.27 9.27 7.37 6.13 9.05 10.73 10.37 10.37 10.88 9.71 10.80 11.61 11.97 13.21 13.43 13.72 13.80 13.80 13.65 13.29 13.21 14.31 13.80 13.87 17.16 17.01 15.99 19.64 14.24 15.84 11.83 11.75 11.24
8.18 8.76 7.74 7.74 7.23 7.15 6.94 7.30 7.15 6.86 7.30 5.84 7.52 5.84 7.66 12.12 13.14 12.56 12.56 12.56 12.34 11.61 6.42 4.31 1.97 3.72 3.72 3.29 2.63 2.85 2.04 2.41 3.14 4.60 4.60 5.18 4.74 6.57 6.86 4.67 3.87 4.82 3.36 3.36 5.91 6.50 8.61 8.83 9.64 9.42 8.69 17.23 12.99 10.66 12.99 11.24 11.90 11.39 11.61 14.67 12.56 11.53 11.61 11.68 11.97 13.14 12.85 14.38 14.38 16.28 16.21 16.35 15.70 18.91 20.37 19.27 24.24 22.27 23.29 19.78 11.83 12.70 12.26 10.51
8.18 8.76 7.74 7.74 7.23 7.15 6.94 7.30 7.15 6.86 7.30 5.84 7.52 5.84 7.66 12.12 13.14 12.56 12.56 12.56 12.34 11.61 6.42 4.31 1.97 3.72 3.72 3.29 2.63 2.85 2.04 2.41 3.14 4.60 4.60 5.18 4.74 6.57 6.86 4.67 3.87 4.82 3.36 3.36 5.91 6.50 8.61 8.83 9.64 9.42 8.69 17.23 12.99 10.66 12.99 11.24 11.90 11.39 11.61 14.67 12.56 11.53 11.61 11.68 11.97 13.14 12.85 14.38 14.38 16.28 16.21 16.35 15.70 18.91 20.37 19.27 24.24 22.27 23.29 19.78 11.83 12.70 12.26 10.51
7.96 9.27 9.78 8.91 8.76 8.25 9.05 8.83 9.42 8.98 8.40 8.61 8.40 13.43 13.29 12.85 14.82 16.35 16.35 15.70 12.85 11.75 6.06 3.94 4.60 4.45 4.38 3.36 1.31 2.99 3.94 3.94 3.72 4.89 9.93 11.02 8.91 9.56 8.32 10.51 10.88 7.88 9.05 9.05 8.47 8.69 8.76 12.63 12.70 18.54 20.29 20.37 17.59 14.02 14.53 13.65 13.29 16.72 17.59 15.77 12.92 12.63 12.05 12.05 11.97 12.78 14.09 15.99 15.99 15.70 17.23 19.42 20.15 19.78 22.12 24.67 24.38 24.82 20.51 21.53 17.01 14.67 14.31 11.46
10.00 10.95 11.17 9.20 9.20 9.05 9.49 10.22 10.88 11.61 11.68 11.83 15.18 18.03 17.89 18.10 17.01 16.57 16.57 15.70 12.70 10.95 5.33 7.15 7.37 4.89 4.16 3.94 3.50 7.01 7.74 14.82 14.02 12.85 13.58 12.19 13.51 11.83 10.88 11.39 10.59 12.26 11.39 11.39 11.90 20.08 18.76 19.05 19.05 19.49 20.00 19.71 19.05 20.00 26.50 21.90 19.42 15.99 18.03 11.10 12.12 13.29 14.53 14.31 14.75 15.04 14.82 16.72 16.72 20.08 19.27 20.59 21.90 22.27 21.75 20.81 20.81 21.10 21.17 13.58 12.78 14.16 12.34 12.56
10.44 9.64 11.90 12.34 10.22 9.86 10.07 10.80 10.37 12.70 12.05 11.68 15.84 14.60 17.37 14.82 16.35 13.80 13.80 12.85 14.09 9.27 10.66 10.66 8.61 7.52 9.64 9.27 4.89 6.42 15.99 17.30 16.28 15.18 13.14 11.39 11.75 10.37 10.66 16.72 17.89 10.80 21.68 21.68 22.27 21.68 21.53 21.75 20.59 19.56 20.88 23.73 24.67 23.21 22.27 29.64 24.97 23.21 14.53 11.39 11.97 11.68 9.86 11.90 14.31 13.29 15.99 15.18 15.18 18.76 20.51 22.12 22.19 17.96 17.74 17.96 15.04 0.00 4.23 7.74 15.84 13.80 13.07 14.16
12.48 12.19 12.19 13.43 11.39 12.05 9.05 4.23 6.13 9.71 8.76 10.88 9.27 10.73 11.68 9.71 13.21 13.14 13.14 10.95 11.83 11.61 9.42 10.15 11.02 10.66 10.66 10.66 10.66 10.95 16.50 17.16 16.06 12.92 11.53 9.93 11.10 16.13 14.67 17.30 21.24 20.44 20.59 20.59 20.44 19.78 15.33 15.77 17.08 20.51 20.29 18.25 19.86 25.92 27.30 25.19 25.77 24.31 15.62 8.32 7.45 8.61 8.18 10.44 9.86 13.29 15.40 18.32 18.32 18.03 20.44 18.32 16.21 16.64 16.28 12.92 15.18 0.00 0.00 0.00 14.38 16.86 14.53 14.75
12.48 12.19 12.19 13.43 11.39 12.05 9.05 4.23 6.13 9.71 8.76 10.88 9.27 10.73 11.68 9.71 13.21 13.14 13.14 10.95 11.83 11.61 9.42 10.15 11.02 10.66 10.66 10.66 10.66 10.95 16.50 17.16 16.06 12.92 11.53 9.93 11.10 16.13 14.67 17.30 21.24 20.44 20.59 20.59 20.44 19.78 15.33 15.77 17.08 20.51 20.29 18.25 19.86 25.92 27.30 25.19 25.77 24.31 15.62 8.32 7.45 8.61 8.18 10.44 9.86 13.29 15.40 18.32 18.32 18.03 20.44 18.32 16.21 16.64 16.28 12.92 15.18 0.00 0.00 0.00 14.38 16.86 14.53 14.75
12.56 12.92 13.87 14.45 11.83 11.61 4.16 4.09 3.58 5.48 5.55 8.61 10.29 12.34 8.76 9.42 11.39 11.10 11.10 10.88 9.42 10.00 9.42 10.00 11.10 13.58 14.67 11.97 14.89 16.43 15.77 15.33 15.70 13.51 11.32 11.75 10.07 15.33 13.36 20.51 16.57 16.28 14.60 14.60 14.97 16.21 15.99 16.79 17.45 14.97 15.77 15.62 17.89 18.25 18.98 18.32 12.78 10.95 11.83 10.22 8.61 16.86 12.92 12.34 12.48 13.65 17.45 18.83 18.83 18.25 20.22 18.98 16.86 17.16 17.08 13.65 2.85 4.82 0.00 12.63 13.14 14.53 11.75 11.02
11.17 12.48 12.12 13.80 12.78 12.19 7.52 8.91 3.65 5.33 7.66 9.13 8.91 12.56 13.51 12.48 11.32 12.48 12.48 11.02 9.49 10.00 10.37 10.00 11.75 15.48 15.99 16.64 18.40 18.32 18.91 19.35 20.59 18.47 13.51 15.18 11.32 8.47 10.51 14.75 7.59 10.44 13.51 13.51 14.67 14.45 9.78 9.78 9.42 12.78 16.06 16.21 16.35 14.38 13.65 13.21 13.65 14.24 14.45 19.20 20.95 21.02 19.56 15.33 18.10 18.98 18.18 25.26 25.26 24.82 21.75 22.12 16.50 14.67 7.81 9.56 2.41 1.61 0.66 6.64 4.60 8.83 8.91 9.34
12.05 12.78 13.14 13.43 13.87 14.09 11.83 10.88 7.23 7.30 6.72 8.47 10.51 11.32 11.02 10.44 12.56 12.92 12.92 14.53 12.70 11.39 12.05 13.36 12.85 15.18 17.37 17.89 17.30 18.83 14.67 14.67 18.54 17.81 12.70 9.49 6.35 7.01 6.50 5.77 6.50 7.96 12.41 12.41 13.21 13.58 10.51 8.91 13.51 15.91 15.62 15.62 10.29 11.10 10.66 12.92 15.55 21.02 24.38 24.75 25.77 26.86 22.92 23.94 20.95 25.62 27.81 27.38 27.38 27.45 15.84 12.99 15.04 7.23 4.60 0.00 2.77 1.10 1.90 3.65 3.50 4.31 7.01 7.01
12.12 13.36 12.85 14.53 15.04 15.33 14.16 9.49 10.29 8.10 10.66 10.80 14.16 11.17 9.86 9.78 12.78 11.53 11.53 13.51 13.36 13.43 12.92 13.65 17.16 17.16 17.23 13.21 10.00 9.20 9.42 10.00 13.94 11.83 9.78 6.50 3.80 0.66 0.44 2.56 3.50 7.01 10.73 10.73 9.78 14.31 11.75 8.91 11.90 12.05 11.24 11.83 11.46 10.51 13.94 17.30 21.17 20.29 24.16 26.65 24.31 24.97 24.16 24.16 24.82 26.28 27.52 18.98 18.98 20.66 14.24 5.55 4.53 4.82 3.43 0.00 0.00 0.00 1.17 0.51 2.99 2.63 3.58 4.82
12.34 12.34 13.14 14.82 14.97 14.97 14.60 14.31 14.16 12.05 15.26 15.40 19.35 21.75 19.78 12.78 17.45 15.11 15.11 15.77 15.55 14.82 15.11 17.96 19.35 19.49 18.54 18.47 14.24 10.44 8.10 8.10 8.47 8.76 8.69 3.72 0.00 0.00 0.00 2.48 2.92 5.33 7.15 7.15 3.07 3.94 6.28 5.18 8.18 4.02 7.30 12.19 11.10 10.07 14.67 17.37 20.37 14.38 18.18 17.52 21.46 23.14 19.64 22.92 22.34 24.89 21.39 16.50 16.50 11.46 5.69 6.79 3.36 1.61 2.41 0.00 0.15 0.00 0.00 0.00 0.29 1.61 1.75 0.66
12.34 12.34 13.14 14.82 14.97 14.97 14.60 14.31 14.16 12.05 15.26 15.40 19.35 21.75 19.78 12.78 17.45 15.11 15.11 15.77 15.55 14.82 15.11 17.96 19.35 19.49 18.54 18.47 14.24 10.44 8.10 8.10 8.47 8.76 8.69 3.72 0.00 0.00 0.00 2.48 2.92 5.33 7.15 7.15 3.07 3.94 6.28 5.18 8.18 4.02 7.30 12.19 11.10 10.07 14.67 17.37 20.37 14.38 18.18 17.52 21.46 23.14 19.64 22.92 22.34 24.89 21.39 16.50 16.50 11.46 5.69 6.79 3.36 1.61 2.41 0.00 0.15 0.00 0.00 0.00 0.29 1.61 1.75 0.66
12.34 11.61 12.85 12.56 13.80 13.58 14.60 16.06 18.54 16.50 16.79 17.81 17.96 20.08 22.48 21.97 17.08 18.91 18.91 17.52 19.86 18.91 19.64 19.42 20.59 21.24 21.53 20.29 14.89 11.61 7.23 5.18 4.89 1.83 0.22 0.73 0.00 0.00 0.00 0.00 2.48 2.56 1.10 1.10 1.39 0.00 0.00 0.00 0.00 0.00 0.00 1.90 5.18 6.50 11.17 14.60 5.91 5.62 9.49 6.57 12.41 16.13 14.97 20.81 19.78 19.64 20.08 16.21 16.21 13.87 11.24 9.78 10.80 3.94 2.56 0.00 0.00 0.00 0.00 0.00 0.00 0.00 0.00 0.00
12.12 11.46 12.41 12.85 14.24 17.52 19.86 18.32 20.95 20.22 20.66 19.49 21.02 17.89 17.52 21.53 20.15 19.42 19.42 19.27 20.73 19.86 22.70 21.30 19.52 21.86 15.56 15.70 15.70 14.31 9.49 5.77 5.26 1.61 1.02 0.07 0.00 0.00 0.00 1.46 0.95 1.17 0.44 0.44 1.17 0.00 0.00 0.00 0.00 0.00 0.00 0.00 0.00 0.00 0.00 0.00 0.00 0.00 4.09 3.65 8.18 12.85 15.18 13.65 18.47 17.81 12.85 13.87 13.87 13.58 14.31 11.46 7.23 8.10 3.72 2.04 0.51 0.44 1.39 0.00 0.00 0.00 0.00 0.00
11.61 13.21 14.02 17.52 19.20 17.59 18.76 22.78 25.04 23.65 20.44 21.39 19.20 18.47 17.37 16.35 18.54 19.64 19.64 19.27 20.73 23.36 23.65 22.56 23.33 19.07 22.64 20.70 17.45 15.18 11.24 6.64 8.03 3.50 4.16 0.95 0.07 0.66 1.02 0.66 0.88 0.00 0.73 0.73 0.00 0.22 0.00 0.00 0.00 0.00 0.00 0.00 0.00 0.00 0.00 0.00 0.00 0.00 0.00 0.00 6.28 5.48 8.10 7.52 8.83 8.61 9.78 12.56 12.56 13.80 13.80 11.75 7.52 7.01 3.94 3.43 6.20 3.14 3.21 2.41 0.00 0.00 0.00 0.00
14.89 15.11 14.60 16.94 19.42 21.10 20.95 22.27 17.52 16.35 16.50 16.94 12.56 7.74 10.44 14.31 17.89 20.37 20.37 20.22 20.59 22.09 22.80 22.95 22.62 22.16 23.87 23.15 22.95 19.74 14.75 10.95 10.88 7.52 8.83 3.14 0.07 0.95 1.39 1.02 0.88 0.51 0.00 0.00 0.00 0.00 0.00 0.00 0.00 0.00 0.00 0.00 0.00 0.00 0.00 0.00 0.00 0.00 0.00 0.00 0.00 3.87 4.96 6.50 6.64 6.28 7.66 15.91 15.91 15.55 14.31 15.70 9.86 8.10 7.66 7.01 7.30 3.14 2.19 2.56 0.80 0.00 0.00 0.00
16.79 15.40 17.52 18.10 20.95 20.73 21.17 22.05 19.78 8.32 7.59 5.62 2.77 6.86 7.66 11.61 15.04 18.91 18.91 19.03 15.19 12.30 15.35 19.78 18.90 21.39 22.73 26.34 26.99 23.52 20.76 22.19 17.30 13.65 14.60 8.54 9.78 2.56 2.04 1.10 1.46 0.58 0.51 0.51 0.00 0.00 0.00 0.00 0.00 0.00 0.00 0.00 0.00 0.00 0.00 0.00 0.00 0.00 0.00 0.00 3.72 5.18 4.53 7.23 7.08 14.16 18.25 16.86 16.86 18.98 15.40 10.37 7.30 7.88 6.20 5.91 6.50 3.72 2.34 0.88 1.24 0.44 0.00 0.00
16.79 15.40 17.52 18.10 20.95 20.73 21.17 22.05 19.78 8.32 7.59 5.62 2.77 6.86 7.66 11.61 15.04 18.91 19.00 19.65 15.42 13.17 14.97 20.29 18.61 21.39 22.05 24.48 25.22 23.88 20.97 23.12 19.44 14.45 14.97 8.54 9.78 2.56 2.04 1.10 1.46 0.58 0.51 0.51 0.00 0.00 0.00 0.00 0.00 0.00 0.00 0.00 0.00 0.00 0.00 0.00 0.00 0.00 0.00 0.00 3.72 5.18 4.53 7.23 7.08 14.16 18.25 16.86 16.86 18.98 15.40 10.37 7.30 7.88 6.20 5.91 6.50 3.72 2.34 0.88 1.24 0.44 0.00 0.00
17.01 15.40 15.55 15.91 18.03 17.23 23.00 20.88 23.29 13.80 14.60 2.41 0.00 2.70 18.83 23.80 23.43 24.09 24.09 17.96 17.01 11.10 10.20 13.04 17.07 18.36 23.01 21.50 27.67 26.93 27.21 25.27 24.19 24.85 19.49 13.54 14.75 6.72 3.94 0.66 1.90 0.37 0.00 0.00 0.15 0.00 0.00 1.24 0.00 0.00 0.00 0.00 0.00 0.00 0.00 0.00 0.00 0.00 0.00 0.00 0.00 3.21 2.56 12.85 11.53 15.55 15.99 16.06 16.06 16.50 14.45 8.54 6.06 5.69 4.82 5.48 3.43 2.56 2.34 1.53 0.44 0.58 0.00 0.00
17.08 16.50 14.97 12.78 13.07 11.46 12.92 24.16 20.95 23.00 18.83 9.05 13.21 16.50 21.17 26.50 25.33 18.25 18.25 15.26 16.06 11.23 8.18 4.23 9.83 10.38 6.35 14.83 22.79 27.58 26.13 25.04 24.67 27.34 23.65 20.12 18.68 12.84 7.01 5.69 9.42 3.21 1.10 1.10 0.00 0.37 1.46 1.17 1.39 0.00 0.00 0.00 0.00 0.00 0.00 0.00 0.00 0.00 0.00 0.00 0.00 0.00 5.33 13.87 12.26 16.57 13.87 12.99 12.99 9.56 6.94 8.18 3.07 5.62 4.31 4.45 3.21 3.21 3.58 3.58 0.51 0.37 0.66 0.00
16.64 17.23 14.31 15.18 13.58 12.99 11.53 14.02 16.43 15.55 16.21 14.60 9.93 11.53 15.77 18.54 12.99 13.87 13.87 11.24 6.20 5.18 0.00 0.00 3.87 2.63 4.16 11.13 19.39 24.28 22.48 27.81 25.99 27.81 27.59 27.17 23.91 16.94 21.17 18.61 11.97 7.96 2.12 2.12 2.48 0.73 0.37 0.37 1.10 1.46 0.00 0.00 0.00 0.00 0.00 0.00 0.00 0.00 0.00 0.00 0.00 0.00 2.48 12.34 10.22 10.66 11.53 8.54 8.54 7.88 2.34 1.61 2.19 0.00 2.56 3.21 2.56 4.31 5.26 4.82 1.68 1.97 2.41 2.56
14.60 16.94 16.35 18.25 14.75 16.35 16.35 18.10 20.08 20.00 13.94 13.14 11.17 11.24 13.07 11.97 10.15 9.56 9.56 8.32 3.94 4.38 4.53 3.72 2.85 0.00 5.40 9.02 14.53 13.07 17.96 23.58 22.27 27.59 29.27 29.86 27.50 25.42 26.37 22.42 16.57 8.25 9.71 9.71 4.38 1.46 3.36 0.07 0.66 0.95 1.61 0.00 0.00 0.00 0.00 0.00 0.00 0.00 0.00 0.00 0.00 0.00 0.00 4.09 8.10 3.43 6.13 5.55 5.55 7.15 0.00 0.00 0.00 0.00 0.66 2.99 4.67 5.62 5.69 6.57 5.84 4.67 3.94 3.50
6.79 8.61 18.98 18.47 19.05 19.42 18.61 19.78 21.02 19.64 21.68 20.22 15.04 9.93 7.81 8.32 4.60 2.70 2.70 2.26 2.92 4.23 3.36 3.80 4.09 4.45 6.06 7.82 10.80 13.94 14.16 19.56 17.81 24.38 29.20 29.93 27.45 25.70 23.79 22.61 18.34 13.72 15.33 15.33 8.61 10.73 6.20 2.34 1.02 1.24 1.39 1.46 0.00 0.00 0.00 0.00 0.00 0.73 0.00 0.00 0.00 0.00 0.00 0.00 3.14 0.00 2.41 0.00 0.00 0.00 0.00 0.00 0.00 0.00 1.90 1.61 2.56 2.04 6.20 6.28 3.58 4.23 5.48 5.33
10.07 5.77 8.47 9.78 16.79 19.64 21.17 21.90 18.34 17.01 15.55 11.32 8.03 6.50 4.16 1.68 1.61 0.95 0.95 1.75 0.95 2.26 1.83 3.72 2.70 3.72 4.31 6.57 8.82 10.06 12.78 15.11 14.30 16.43 15.77 26.94 23.29 25.66 22.63 23.00 20.57 17.89 14.09 14.09 13.72 10.15 11.39 8.98 2.77 4.38 2.85 1.10 0.00 0.00 0.00 0.00 0.00 0.00 0.00 0.00 0.00 0.00 0.00 0.00 0.00 0.00 0.00 0.00 0.00 0.00 0.00 0.00 0.00 0.00 0.00 0.00 0.00 0.00 1.75 1.68 1.24 3.29 3.14 3.21
10.07 5.77 8.47 9.78 16.79 19.64 21.17 21.90 17.89 17.01 15.55 11.32 8.03 6.50 4.16 1.68 1.61 0.95 0.95 1.75 0.95 2.26 1.83 3.72 2.70 3.72 4.31 6.57 8.69 9.71 12.34 15.04 13.87 16.43 15.85 27.07 23.29 25.53 22.86 23.00 20.37 17.89 14.09 14.09 13.72 10.15 11.39 8.98 2.77 4.38 2.85 1.10 0.00 0.00 0.00 0.00 0.00 0.00 0.00 0.00 0.00 0.00 0.00 0.00 0.00 0.00 0.00 0.00 0.00 0.00 0.00 0.00 0.00 0.00 0.00 0.00 0.00 0.00 1.75 1.68 1.24 3.29 3.14 3.21
14.24 10.29 4.16 4.96 17.30 17.08 23.65 20.75 12.97 10.73 11.24 9.27 7.59 3.94 2.77 1.39 0.00 0.00 0.00 0.15 0.95 1.10 0.00 0.00 3.50 4.09 4.53 5.69 9.86 10.29 9.78 12.41 11.61 14.09 14.16 16.86 15.04 15.04 17.31 20.22 17.89 11.90 12.78 12.78 14.45 14.16 14.38 15.48 9.20 6.35 5.99 7.88 4.82 0.00 0.00 0.00 0.00 0.00 0.00 0.00 0.44 0.00 0.73 0.00 0.00 0.00 0.00 0.00 0.00 0.00 0.00 0.00 0.00 0.00 0.00 0.00 0.00 0.00 0.00 0.58 2.34 1.83 2.04 0.00
