Wansh/Snow_depth/snowdepth-1998/winter/1999021.txt
ncols 321
nrows 161
xllcenter 60
yllcenter 15 
cellsize  0.25 
NODATA_value -1
[rows 0 to 36 of 161, columns 168 to 251 of 321]
7.88 4.82 3.94 4.53 3.07 3.29 3.50 4.96 4.82 4.82 4.09 5.11 5.33 5.33 5.33 5.33 5.33 5.91 6.79 7.52 6.28 6.57 5.48 5.04 0.00 0.00 0.00 0.00 1.46 0.00 0.00 4.96 12.78 10.95 12.99 12.99 13.87 13.65 14.45 14.16 13.58 12.12 12.26 15.77 15.99 15.62 16.79 16.86 17.74 13.94 11.10 9.71 9.71 8.47 9.27 9.42 10.44 9.27 10.22 10.88 10.88 10.73 13.58 13.14 15.70 19.35 19.05 17.96 13.94 14.53 13.36 13.58 14.24 15.48 15.26 17.74 15.99 19.27 21.02 20.81 20.73 18.83 18.83 17.89
12.19 6.13 4.67 6.50 5.48 4.74 4.45 5.26 4.53 4.53 4.82 5.99 6.13 4.96 5.33 5.91 6.79 6.72 6.79 7.37 6.50 6.35 6.06 6.06 5.48 0.00 3.58 4.67 0.00 0.00 0.00 4.74 11.24 9.64 12.41 12.41 9.64 12.92 15.11 14.53 14.38 17.16 18.83 17.45 20.00 18.25 18.91 16.28 13.87 13.94 11.17 9.78 8.69 8.69 9.20 8.83 10.73 10.88 10.80 11.24 11.24 12.56 12.26 14.67 13.94 16.50 15.18 16.94 13.94 14.97 14.67 15.77 14.09 16.13 18.10 17.45 20.15 19.35 19.71 18.03 20.88 17.81 15.70 15.84
15.84 6.06 9.20 7.45 7.88 5.48 6.72 5.62 5.55 5.55 5.48 4.60 4.89 4.82 5.18 6.94 8.54 11.46 8.47 9.34 8.03 6.42 5.62 5.26 5.84 0.00 0.00 0.00 0.00 0.00 0.00 0.51 8.10 9.49 10.07 10.07 9.56 13.07 18.47 20.08 19.71 20.73 18.76 17.23 17.89 14.82 12.70 12.19 13.43 9.56 9.64 9.93 9.20 9.56 9.56 9.20 9.34 10.66 10.95 10.95 10.95 12.34 13.43 13.43 14.38 14.60 14.82 15.40 15.18 15.11 15.48 15.18 16.94 15.77 15.77 14.82 18.18 17.37 15.55 15.70 14.97 13.80 13.80 14.67
15.84 6.06 9.20 7.45 7.88 5.48 6.72 5.62 5.55 5.55 5.48 4.60 4.89 4.82 5.18 6.94 8.54 11.46 8.47 9.34 8.03 6.42 5.62 5.26 5.84 0.00 0.00 0.00 0.00 0.00 0.00 0.51 8.10 9.49 10.07 10.07 9.56 13.07 18.47 20.08 19.71 20.73 18.76 17.23 17.89 14.82 12.70 12.19 13.43 9.56 9.64 9.93 9.20 9.56 9.56 9.20 9.34 10.66 10.95 10.95 10.95 12.34 13.43 13.43 14.38 14.60 14.82 15.40 15.18 15.11 15.48 15.18 16.94 15.77 15.77 14.82 18.18 17.37 15.55 15.70 14.97 13.80 13.80 14.67
13.65 17.52 19.86 14.31 11.53 9.13 7.88 5.55 7.01 7.01 5.55 6.13 8.47 9.05 10.15 6.86 13.36 12.92 10.07 11.39 8.10 7.37 6.64 2.48 2.92 0.00 0.00 0.00 0.00 0.00 4.23 8.83 8.03 9.42 11.39 11.39 15.40 17.96 17.67 15.11 17.52 17.08 17.96 12.85 11.17 11.24 10.51 9.42 9.34 9.78 8.25 9.64 9.20 9.64 9.27 9.34 9.20 9.56 10.88 11.75 11.75 11.17 13.43 13.36 13.29 13.21 14.38 14.45 13.43 13.65 12.19 12.41 15.48 14.31 13.43 13.65 11.53 10.59 10.59 10.44 12.05 12.78 14.09 13.58
20.51 21.02 18.47 19.86 22.19 15.40 10.66 9.20 8.83 8.83 11.61 11.17 11.24 10.59 14.02 10.95 14.24 13.58 8.98 7.01 5.55 5.99 5.62 0.00 0.00 0.00 0.00 0.00 0.00 0.00 6.35 7.23 10.15 11.46 10.88 10.88 12.78 12.99 13.43 12.92 14.75 14.31 13.36 13.87 10.44 10.37 10.80 8.83 9.42 9.05 8.83 10.51 8.98 9.42 6.64 8.54 8.47 8.40 7.88 10.51 10.51 12.48 12.05 12.05 12.41 13.07 9.86 9.13 12.34 11.24 11.32 11.17 10.22 10.29 9.71 10.88 10.95 10.44 10.22 10.15 11.46 14.09 13.65 13.80
21.46 26.43 27.08 25.62 26.28 21.53 23.36 19.20 13.80 13.80 15.48 12.05 14.75 14.38 17.23 13.80 10.59 11.90 9.13 7.01 0.00 0.00 0.00 0.00 0.00 0.00 0.00 0.00 4.53 7.59 6.94 8.18 10.44 12.48 13.58 13.58 13.21 13.43 13.21 13.36 13.14 13.80 12.99 12.26 12.48 10.95 10.15 10.73 9.49 11.32 9.78 10.29 6.42 5.84 5.84 4.23 5.62 5.84 6.79 5.91 5.91 11.02 10.66 10.95 8.18 7.23 8.32 7.96 8.54 8.18 9.71 9.78 9.56 9.71 10.00 8.83 9.42 9.42 11.17 15.21 14.11 16.66 15.71 17.94
21.46 26.43 27.08 25.62 26.28 21.53 23.36 19.20 13.80 13.80 15.48 12.05 14.75 14.38 17.23 13.80 10.59 11.90 9.13 7.01 0.00 0.00 0.00 0.00 0.00 0.00 0.00 0.00 4.53 7.59 6.94 8.18 10.44 12.48 13.58 13.58 13.21 13.43 13.21 13.36 13.14 13.80 12.99 12.26 12.48 10.95 10.15 10.73 9.49 11.32 9.78 10.29 6.42 5.84 5.84 4.23 5.62 5.84 6.79 5.91 5.91 11.02 10.66 10.95 8.18 7.23 8.32 7.96 8.54 8.18 9.71 9.78 9.56 9.71 10.00 10.21 12.99 13.55 15.30 25.84 23.31 22.17 20.22 18.61
19.05 23.51 29.57 24.31 25.77 23.51 23.87 20.29 16.50 16.50 17.08 18.98 18.69 16.57 15.26 13.80 10.22 6.86 1.68 0.00 0.00 0.00 0.00 0.00 0.00 0.00 0.00 1.02 5.99 7.88 8.98 10.51 9.86 12.19 15.04 15.04 15.55 12.99 13.51 12.12 11.83 13.21 12.99 13.36 13.65 13.65 12.63 13.80 11.83 12.26 8.40 5.84 6.28 3.50 3.43 3.58 4.53 4.45 5.18 6.79 6.79 6.35 8.76 7.52 7.81 7.45 8.61 7.52 7.96 10.00 9.42 10.07 8.91 10.08 11.21 12.93 16.87 16.92 18.56 21.78 23.06 18.81 17.85 17.08
14.45 15.33 14.53 20.08 19.20 17.30 18.25 18.03 17.89 17.89 19.05 20.00 18.40 12.48 10.51 10.59 7.66 2.63 0.00 0.00 0.00 0.00 0.00 0.00 0.00 0.00 7.74 8.54 8.54 8.32 10.07 11.17 11.75 13.14 12.78 12.78 14.45 11.39 11.02 11.17 13.21 14.67 14.45 14.53 13.72 13.58 13.80 12.99 9.20 8.03 8.76 5.77 3.80 3.65 5.33 4.45 4.45 5.04 8.25 5.91 5.91 7.96 8.98 9.05 8.54 8.10 9.78 9.20 9.05 11.61 10.51 10.66 10.43 12.58 13.68 13.95 15.87 16.86 22.85 23.08 20.63 19.01 19.32 19.65
9.27 10.15 10.59 13.21 12.19 15.18 18.18 14.09 17.45 17.45 15.55 15.84 15.33 8.54 5.62 4.67 0.00 0.00 0.00 0.00 0.00 6.50 6.06 5.55 6.50 8.10 8.83 10.29 9.93 9.20 9.49 8.98 9.34 10.73 11.53 11.53 11.53 11.61 13.36 16.21 15.99 15.04 13.80 12.48 12.41 12.48 8.76 8.54 8.83 8.10 6.72 6.86 7.08 6.13 6.20 7.52 7.74 7.01 10.44 12.92 12.92 9.49 10.00 9.64 10.44 10.88 10.00 9.64 12.12 11.90 12.41 12.19 10.56 8.97 9.03 12.15 16.26 17.40 15.01 15.23 14.92 15.47 14.20 13.65
9.27 10.15 10.59 13.21 12.19 15.18 18.18 14.09 17.45 17.45 15.55 15.84 15.33 8.54 5.62 4.67 0.00 0.00 0.00 0.00 0.00 6.50 6.06 5.55 6.50 8.10 8.83 10.29 9.93 9.20 9.49 8.98 9.34 10.73 11.53 11.53 11.53 11.61 13.36 16.21 15.99 15.04 13.80 12.48 12.41 12.48 8.76 8.54 8.83 8.10 6.72 6.86 7.08 6.13 6.20 7.52 7.74 7.01 10.44 12.92 12.92 9.49 10.00 9.64 10.44 10.88 10.00 9.64 12.12 11.90 12.41 12.19 10.29 8.83 8.76 11.28 14.49 16.11 16.01 15.81 14.92 15.13 15.60 14.60
11.83 10.37 10.37 9.56 9.86 10.44 9.20 9.64 10.00 10.00 0.00 0.15 11.53 11.61 0.00 0.00 0.00 0.00 0.00 7.96 7.37 8.25 7.88 9.34 7.88 6.94 10.22 9.34 9.20 8.91 8.83 8.91 9.20 10.44 12.19 12.19 12.70 14.60 14.02 16.21 15.40 13.51 14.09 11.10 8.98 9.42 8.76 9.86 8.61 8.91 8.10 7.01 7.15 8.54 9.42 8.61 13.14 13.14 12.78 13.80 13.80 14.82 14.45 12.34 12.63 12.56 15.04 16.64 12.92 13.80 14.09 14.16 12.48 9.93 10.56 10.64 12.53 14.81 14.07 14.49 13.38 14.17 13.81 14.48
12.63 11.53 9.71 12.41 9.49 7.01 5.91 7.15 0.00 0.00 0.00 0.00 0.00 0.00 0.00 0.00 0.00 3.50 6.13 7.52 7.59 8.32 12.70 10.59 10.00 9.34 9.64 9.34 9.56 10.73 10.07 10.00 9.78 10.59 11.32 11.32 12.63 14.09 13.65 14.82 15.84 14.97 12.78 13.51 9.71 12.05 10.29 10.29 10.51 8.47 8.61 9.42 9.64 9.13 13.36 13.14 12.85 14.89 16.06 14.60 14.60 17.59 19.49 20.29 21.10 17.59 17.45 18.18 20.29 20.00 19.86 13.72 14.31 12.37 13.01 14.60 10.65 14.49 14.49 12.68 13.17 12.53 13.10 13.19
15.62 14.09 15.26 14.45 11.39 10.07 11.39 1.46 4.31 4.31 0.00 0.00 0.00 5.48 3.72 4.02 3.65 4.02 7.37 13.07 14.09 12.99 13.87 11.68 12.12 12.26 14.97 11.97 11.61 11.75 10.66 12.12 11.83 12.48 12.26 12.26 12.70 13.65 14.09 14.09 15.26 13.72 13.29 13.72 13.29 13.29 11.75 11.75 11.61 12.78 10.29 10.80 12.26 14.67 13.80 18.10 15.91 15.99 16.21 19.42 19.42 19.35 21.83 23.14 23.29 24.82 22.05 21.32 21.75 22.05 22.05 19.27 15.15 20.84 15.65 14.82 14.49 14.28 12.93 13.01 13.82 12.70 12.86 13.01
16.79 17.23 13.36 14.82 14.75 14.60 13.65 11.75 13.36 13.36 8.69 9.13 10.73 9.05 7.66 8.10 10.73 11.10 10.88 11.97 13.51 14.24 16.28 14.38 16.06 15.70 15.26 14.16 12.92 13.43 12.48 12.70 12.48 13.94 14.02 14.02 13.65 13.65 13.72 13.29 12.70 12.70 13.29 14.45 14.02 14.60 13.72 13.21 13.21 13.72 11.10 12.41 12.41 15.26 18.61 18.10 18.40 17.08 17.01 18.76 18.76 21.02 20.15 24.75 25.40 25.77 21.83 21.17 20.66 23.14 20.08 21.67 20.03 15.77 17.70 15.80 16.82 14.79 15.17 15.59 17.22 17.84 16.27 15.18
16.79 17.23 13.36 14.82 14.75 14.60 13.65 11.75 13.36 13.36 8.69 9.13 10.73 9.05 7.66 8.10 10.73 11.10 10.88 11.97 13.51 14.24 16.28 14.38 16.06 15.70 15.26 14.16 12.92 13.43 12.48 12.70 12.48 13.94 14.02 14.02 13.65 13.65 13.72 13.29 12.70 12.70 13.29 14.45 14.02 14.60 13.72 13.21 13.21 13.72 11.10 12.41 12.41 15.26 18.61 18.10 18.40 17.08 17.01 18.76 18.76 21.02 20.15 24.75 25.40 25.77 21.83 21.17 20.66 23.14 20.08 26.61 18.77 17.14 15.89 19.55 17.07 16.35 15.47 14.06 16.64 15.34 17.69 17.23
15.40 11.10 11.68 12.12 12.56 11.39 14.02 13.29 15.11 15.11 14.02 13.43 12.48 11.61 14.75 13.43 11.32 10.66 10.44 11.90 11.53 12.05 14.82 14.53 15.62 15.55 15.33 15.04 14.02 13.51 13.36 14.53 13.80 14.16 14.45 14.45 14.60 13.58 14.02 13.43 13.14 13.51 13.43 14.67 13.51 12.70 13.36 10.59 12.41 10.88 10.73 13.14 15.04 14.38 15.48 17.81 17.45 17.74 18.25 17.01 17.01 20.15 23.00 22.27 24.24 21.02 21.39 20.44 20.51 17.16 18.61 14.68 16.91 16.62 16.25 19.67 18.92 16.07 15.16 17.71 16.47 18.20 17.24 15.35
10.00 9.78 11.32 9.27 10.37 10.73 10.15 9.27 11.10 11.10 10.37 12.63 15.04 13.65 13.87 13.51 11.61 10.59 10.07 11.61 11.75 12.70 13.51 13.72 11.97 13.58 13.07 13.36 13.80 13.51 12.99 14.02 14.60 14.45 14.16 14.16 14.53 13.80 13.21 12.78 12.85 14.09 11.97 12.56 11.90 9.20 9.42 9.78 8.69 9.64 10.66 10.07 13.36 14.75 14.24 16.72 18.18 18.18 18.61 18.98 18.98 19.05 20.44 20.51 19.27 19.35 19.27 19.35 19.64 16.51 14.53 14.82 14.53 15.69 17.40 18.32 15.96 16.62 16.97 19.36 16.83 19.57 17.21 17.58
7.66 6.72 8.61 9.71 9.34 11.17 9.49 9.27 10.00 10.00 10.66 11.10 11.75 12.19 10.73 9.93 9.34 9.27 10.22 11.10 13.43 11.97 12.26 12.63 11.90 11.97 12.99 10.07 10.73 12.05 11.75 13.58 15.91 15.70 13.29 13.29 13.80 14.31 13.58 13.72 13.87 14.09 10.88 8.98 8.69 9.05 7.88 7.88 8.25 8.03 10.00 11.17 10.88 13.72 15.70 14.24 18.54 18.40 18.54 18.40 18.40 19.71 19.05 19.27 18.03 18.25 17.96 17.37 15.55 16.86 14.09 14.97 14.67 15.77 15.70 15.32 17.34 19.14 20.89 18.28 20.40 17.05 15.05 17.75
3.43 3.94 6.35 4.67 7.15 8.40 8.10 8.98 8.32 8.32 9.78 10.66 11.32 11.75 11.97 11.17 10.07 11.68 14.67 14.09 14.16 14.82 14.53 13.29 11.46 10.66 10.22 10.22 10.88 15.04 16.13 16.43 16.43 16.43 18.18 18.18 15.91 16.64 14.82 13.51 13.29 10.22 10.88 8.25 9.13 6.86 7.88 3.72 6.86 5.99 9.49 9.86 10.15 9.78 13.72 17.45 16.64 17.45 18.40 18.25 18.25 18.98 16.35 12.99 13.58 15.48 15.70 15.33 15.11 13.65 15.99 15.55 18.03 19.49 19.13 19.30 25.58 20.95 21.34 20.57 21.59 18.49 17.24 13.82
2.99 3.14 2.41 2.92 4.60 6.94 7.23 7.66 8.18 8.18 9.13 9.86 9.42 11.02 12.41 8.83 8.54 12.34 15.91 18.83 18.47 18.69 11.90 10.07 11.24 10.95 10.88 11.02 13.36 16.64 17.45 17.52 18.76 19.20 18.83 18.83 17.30 14.60 13.07 13.07 14.45 10.80 10.37 8.69 9.42 5.99 3.36 4.02 4.89 5.62 5.11 5.62 9.20 11.32 10.37 16.28 17.59 17.30 17.45 12.63 12.63 13.51 14.67 9.42 8.03 7.59 8.91 12.92 12.99 11.97 14.75 17.37 17.01 18.69 20.68 21.19 27.40 22.04 21.90 21.28 16.62 15.62 16.74 15.94
2.99 3.14 2.41 2.92 4.60 6.94 7.23 7.66 8.18 8.18 9.13 9.86 9.42 11.02 12.41 8.83 8.54 12.34 15.91 18.83 18.47 18.69 11.90 10.07 11.24 10.95 10.88 11.02 13.36 16.64 17.45 17.52 18.76 19.20 18.83 18.83 17.30 14.60 13.07 13.07 14.45 10.80 10.37 8.69 9.42 5.99 3.36 4.02 4.89 5.62 5.11 5.62 9.20 11.32 10.37 16.28 17.59 17.30 17.45 12.63 12.63 13.51 14.67 9.42 8.03 7.59 8.91 12.92 12.99 11.97 14.75 17.37 17.01 18.69 19.86 21.31 21.28 19.39 18.34 24.77 20.33 15.96 13.11 14.70
0.73 0.80 0.73 1.90 2.34 4.31 4.96 6.35 6.72 6.72 7.66 8.47 8.69 7.01 6.50 8.91 7.74 11.90 15.11 17.67 14.97 16.13 12.99 13.51 14.16 16.94 16.64 19.05 18.69 17.59 17.74 18.54 18.91 14.09 15.11 15.11 14.89 15.40 16.86 15.99 16.21 12.99 12.41 10.00 10.07 7.81 4.67 5.04 5.18 4.09 5.99 6.28 6.64 9.64 14.16 12.78 15.84 15.55 15.77 11.10 11.10 0.00 3.94 4.02 6.42 8.32 7.96 8.10 9.56 9.64 11.17 14.02 16.72 16.13 18.83 20.69 20.13 29.09 24.67 21.62 21.35 16.31 16.92 17.39
0.29 0.73 1.31 2.04 1.68 2.92 4.60 2.99 6.35 6.35 4.82 5.18 6.64 7.88 8.54 9.64 13.80 14.53 14.67 16.72 16.35 16.43 14.24 15.04 18.61 18.10 19.86 21.17 22.34 19.35 20.15 18.32 17.01 12.41 14.45 14.45 14.89 16.64 16.57 16.50 16.06 16.28 14.02 9.27 7.23 7.66 5.40 5.40 5.48 5.69 5.91 5.33 6.20 7.88 11.90 11.46 10.80 7.88 7.74 0.00 0.00 0.00 0.00 5.26 3.65 8.18 8.76 8.61 9.42 10.07 12.78 12.48 17.30 21.83 23.58 24.44 24.20 26.55 26.01 28.04 25.79 16.66 18.00 20.46
1.17 0.58 1.46 0.66 0.44 1.31 1.75 1.68 2.70 2.70 3.87 6.28 7.23 8.98 11.02 15.55 16.13 17.74 20.29 17.96 19.42 19.27 20.08 20.08 20.00 18.98 19.71 22.48 22.63 19.49 15.77 12.34 12.92 11.90 13.80 13.80 14.09 16.13 15.84 16.21 14.75 10.73 7.59 8.32 6.50 4.02 4.16 5.18 4.67 4.38 4.45 4.45 4.60 4.09 8.25 6.86 3.94 3.50 1.61 0.00 0.00 0.00 0.00 6.72 11.17 10.73 9.49 10.00 11.53 11.24 14.24 18.32 23.72 22.64 24.98 26.64 29.38 24.79 25.24 23.36 22.79 21.36 16.37 15.43
0.66 0.37 0.58 0.00 1.02 0.95 2.34 2.85 7.37 7.37 9.20 12.12 13.72 16.06 15.62 16.79 18.10 18.69 19.71 19.27 20.08 20.88 22.12 21.68 23.58 23.29 23.14 23.58 21.97 20.00 15.70 13.21 14.75 15.18 14.97 14.97 15.26 17.08 15.55 16.13 14.09 9.86 6.50 5.84 5.84 4.45 4.82 4.89 4.38 5.04 2.99 3.36 3.29 2.19 0.88 3.94 1.17 0.88 0.00 0.00 0.00 2.12 7.08 5.91 10.44 12.12 12.19 12.41 12.56 15.55 14.09 18.18 25.96 27.49 29.69 29.94 28.56 25.74 19.97 20.23 16.58 13.93 16.17 16.38
0.22 0.00 0.00 0.00 0.07 1.10 1.53 3.29 7.74 7.74 8.40 11.90 13.58 15.55 10.51 12.70 15.40 14.31 18.25 13.65 18.69 20.15 21.17 19.78 21.24 21.39 21.61 19.05 17.37 17.96 15.40 15.18 15.62 17.08 15.62 15.62 15.70 16.21 14.53 12.05 10.59 10.95 7.96 5.62 6.06 5.99 5.62 5.69 5.04 5.33 2.26 1.31 1.61 1.75 0.29 0.00 0.00 0.22 0.00 0.00 0.00 0.00 0.00 7.52 6.72 11.10 13.72 13.29 13.29 15.70 21.94 25.98 27.40 26.21 25.78 25.24 28.53 25.31 21.34 16.94 15.59 13.93 14.06 7.11
0.22 0.00 0.00 0.00 0.07 1.10 1.53 3.29 7.74 7.74 8.40 11.90 13.58 15.55 10.51 12.70 15.40 14.31 18.25 13.65 18.69 20.15 21.17 19.78 21.24 21.39 21.61 19.05 17.37 17.96 15.40 15.18 15.62 17.08 15.62 15.62 15.70 16.21 14.53 12.05 10.59 10.95 7.96 5.62 6.06 5.99 5.62 5.69 5.04 5.33 2.26 1.31 1.61 1.75 0.29 0.00 0.00 0.22 0.00 0.00 0.00 0.00 0.00 7.52 6.72 11.10 13.72 13.29 13.29 15.70 22.05 25.71 24.77 29.20 27.51 29.44 33.11 24.49 22.29 16.46 16.49 16.52 12.84 6.04
0.00 0.00 0.00 0.00 0.00 0.44 0.15 3.36 3.36 3.36 7.30 9.49 10.07 8.91 8.54 9.78 11.02 10.00 11.39 10.88 16.50 13.65 13.80 15.91 18.32 18.25 15.62 18.25 17.01 13.29 14.38 14.38 15.18 11.53 12.12 12.12 12.99 14.16 8.98 10.73 7.81 7.01 7.23 6.64 5.84 6.28 6.50 6.42 3.29 2.12 2.41 1.46 0.58 0.00 0.07 0.00 0.00 0.00 0.00 0.00 0.00 0.00 0.00 0.00 6.06 14.24 14.45 15.62 18.49 17.33 22.93 24.85 29.55 33.74 34.37 29.96 25.26 24.41 22.26 16.71 14.51 12.75 7.30 7.11
0.00 0.00 0.73 0.00 0.00 0.73 2.77 0.73 3.43 3.43 6.72 6.57 6.50 7.23 8.76 9.20 8.40 8.83 10.29 11.53 8.54 8.83 8.40 11.32 10.80 10.15 11.97 14.38 9.42 9.34 9.93 6.57 8.54 7.96 9.13 9.13 6.35 6.79 6.64 8.61 5.40 5.91 4.89 5.33 5.26 5.11 5.91 2.04 2.85 0.29 0.66 0.58 0.51 0.95 0.00 0.00 0.00 0.00 0.00 0.00 0.00 0.00 0.00 0.00 3.87 13.29 19.20 25.26 24.09 27.81 26.65 26.87 30.84 31.32 26.01 22.66 25.14 21.95 21.59 20.33 17.13 12.02 6.03 2.26
3.72 2.19 2.85 0.58 0.00 1.17 1.75 4.60 5.26 5.26 4.82 0.00 4.60 4.38 5.99 5.69 7.23 8.32 6.20 9.42 5.33 5.84 5.77 7.23 8.47 9.05 9.42 9.64 9.49 8.47 7.59 6.28 6.06 7.59 5.91 5.91 5.91 5.69 5.77 3.58 3.80 3.29 3.94 1.31 2.04 2.26 0.73 1.17 0.00 0.00 0.00 1.17 2.63 3.14 0.00 0.00 0.00 0.00 0.00 0.00 0.00 0.00 2.34 6.06 12.48 10.88 19.05 24.75 28.32 28.03 27.89 25.76 26.97 31.53 24.33 23.31 24.15 23.07 22.83 20.89 13.63 5.61 1.77 2.81
4.23 3.50 3.87 1.24 1.83 0.95 2.41 3.58 3.50 3.50 0.00 0.00 0.00 3.94 5.11 5.84 5.40 5.62 5.55 5.33 5.84 6.57 6.13 7.45 7.59 9.56 10.07 10.22 10.37 7.52 7.74 6.20 7.66 8.98 6.86 6.86 7.81 7.66 5.91 5.33 3.80 3.80 1.68 0.95 1.90 0.00 0.00 0.58 0.00 0.00 0.00 3.87 4.23 0.00 1.53 0.00 0.00 0.00 0.00 0.00 0.00 0.58 0.29 2.70 7.81 18.54 17.23 22.48 27.81 27.96 28.03 26.69 27.36 24.76 27.74 20.76 22.25 24.27 20.55 13.65 15.35 9.92 1.95 0.00
3.87 2.70 0.00 3.14 0.00 0.00 1.97 2.85 0.00 0.00 0.00 0.00 0.00 0.00 4.53 4.16 4.74 5.26 5.55 4.82 5.99 6.79 8.40 7.88 9.86 9.71 10.07 8.83 7.15 7.81 7.96 8.40 8.32 8.03 8.40 8.40 7.81 6.64 6.72 6.50 4.09 5.18 2.70 2.56 3.58 0.00 1.24 1.46 0.00 0.00 0.00 0.00 2.70 0.00 0.00 0.00 0.00 0.00 0.00 0.00 0.00 0.66 2.04 4.23 3.43 8.32 11.83 18.10 24.16 21.32 22.63 21.46 26.85 20.70 15.79 15.47 18.21 17.38 19.56 14.85 8.03 4.65 0.00 0.00
4.23 0.00 0.00 0.00 0.00 0.00 0.00 0.00 0.00 0.00 0.00 0.00 0.00 2.41 2.26 3.21 3.65 4.53 4.82 4.96 5.91 6.20 8.25 8.91 8.61 8.54 9.56 6.94 6.28 5.40 6.50 7.23 6.94 8.61 8.40 8.40 6.86 7.01 6.50 6.20 5.99 6.86 6.86 4.89 4.74 6.28 2.34 2.26 3.36 0.00 0.00 0.00 0.00 0.00 0.00 0.00 0.00 0.00 0.00 0.00 0.00 0.37 1.02 1.39 4.16 3.50 6.79 12.26 16.57 18.18 17.74 17.83 16.24 13.56 13.86 12.34 14.98 14.25 6.52 5.78 5.67 4.96 0.67 0.00
4.23 0.00 0.00 0.00 0.00 0.00 0.00 0.00 0.00 0.00 0.00 0.00 0.00 2.41 2.26 3.21 3.65 4.53 4.82 4.96 5.91 6.20 8.25 8.91 8.61 8.54 9.56 6.94 6.28 5.40 6.50 7.23 6.94 8.61 8.40 8.40 6.86 7.01 6.50 6.20 5.99 6.86 6.86 4.89 4.74 6.28 2.34 2.26 3.36 0.00 0.00 0.00 0.00 0.00 0.00 0.00 0.00 0.00 0.00 0.00 0.00 0.37 1.02 1.39 4.16 3.50 6.79 12.26 16.57 18.18 17.74 17.74 15.99 13.35 13.86 12.89 13.34 13.69 6.37 6.07 5.56 5.23 0.67 0.00
0.00 0.00 0.00 0.00 0.00 0.00 0.00 0.00 0.00 0.00 0.00 0.00 0.00 0.00 1.83 1.83 2.34 1.75 4.53 4.53 1.10 3.07 3.87 5.62 6.35 6.06 6.57 6.57 5.69 6.86 7.81 7.81 10.80 9.27 9.78 9.78 8.18 8.18 6.86 8.03 7.52 7.45 7.66 7.23 8.61 9.05 9.05 5.69 3.36 4.31 0.00 0.00 0.00 0.00 0.00 0.00 0.00 0.00 0.00 0.22 0.22 0.00 0.00 0.00 1.10 2.99 7.88 6.28 11.90 13.94 15.33 15.26 13.21 9.22 6.90 2.43 1.37 1.57 2.11 2.61 3.04 0.15 0.00 0.00
