Wansh/Snow_depth/snowdepth-1998/winter/1999008.txt
ncols 321
nrows 161
xllcenter 60
yllcenter 15 
cellsize  0.25 
NODATA_value -1
[rows 0 to 36 of 161, columns 168 to 251 of 321]
8.61 6.57 5.55 4.60 4.82 5.18 4.89 6.20 5.69 5.69 5.69 5.48 5.48 5.62 5.48 5.55 5.99 8.10 7.59 9.34 9.20 8.61 8.03 7.88 7.30 6.28 4.74 0.00 0.00 0.00 0.00 0.00 11.17 8.25 13.58 13.58 13.21 13.58 14.53 14.97 15.70 11.46 13.21 11.75 13.58 14.02 14.97 13.94 13.58 12.78 12.05 10.44 9.86 9.27 8.61 8.54 7.59 8.40 8.54 7.88 7.88 7.81 7.81 7.81 15.91 15.33 15.77 13.65 10.80 10.80 10.80 11.10 10.95 11.10 13.72 14.53 16.21 15.70 16.35 19.27 17.52 17.74 17.52 18.54
11.68 10.51 11.32 5.62 5.33 5.99 5.33 6.06 5.62 5.62 6.42 6.35 7.15 5.84 5.99 6.20 5.99 7.81 9.49 9.42 8.61 8.83 8.32 7.96 7.96 3.14 0.00 0.00 0.00 0.00 0.00 5.26 10.80 10.80 8.83 8.83 9.42 10.29 15.91 14.82 15.40 14.97 14.75 15.11 16.57 15.33 16.35 14.60 13.36 13.65 12.19 9.27 7.88 7.74 7.37 7.37 8.32 8.10 9.34 9.56 9.56 9.27 11.10 14.53 14.02 14.53 14.31 13.80 12.78 11.32 13.80 14.09 14.38 14.24 14.89 15.40 17.52 18.83 18.76 19.49 16.72 12.92 13.94 13.51
12.92 12.92 10.51 12.05 7.08 6.35 6.35 7.23 6.06 6.06 6.50 7.81 8.10 6.20 7.37 6.94 7.74 7.15 9.49 8.83 8.91 8.83 8.25 8.40 3.21 5.26 0.00 0.00 0.00 0.00 3.29 0.00 9.49 7.59 8.61 8.61 9.64 14.38 14.09 18.76 19.35 19.35 18.32 16.72 17.37 15.77 11.02 10.37 9.42 10.37 9.64 8.18 8.18 8.40 7.66 8.10 7.15 8.10 9.64 10.59 10.59 11.10 11.75 11.61 13.07 11.61 13.07 12.99 12.99 12.48 12.92 13.94 15.18 13.80 14.38 14.24 14.89 15.04 10.66 11.39 11.24 11.83 11.39 12.48
12.92 12.92 10.51 12.05 7.08 6.35 6.35 7.23 6.06 6.06 6.50 7.81 8.10 6.20 7.37 6.94 7.74 7.15 9.49 8.83 8.91 8.83 8.25 8.40 3.21 5.26 0.00 0.00 0.00 0.00 3.29 0.00 9.49 7.59 8.61 8.61 9.64 14.38 14.09 18.76 19.35 19.35 18.32 16.72 17.37 15.77 11.02 10.37 9.42 10.37 9.64 8.18 8.18 8.40 7.66 8.10 7.15 8.10 9.64 10.59 10.59 11.10 11.75 11.61 13.07 11.61 13.07 12.99 12.99 12.48 12.92 13.94 15.18 13.80 14.38 14.24 14.89 15.04 10.66 11.39 11.24 11.83 11.39 12.48
19.05 19.35 14.89 13.65 15.18 12.63 7.96 8.47 6.86 6.86 7.81 7.52 6.79 6.94 7.81 10.95 10.29 12.63 9.93 10.15 8.91 8.98 7.23 1.97 4.45 0.00 0.00 0.00 0.00 0.00 0.00 6.64 6.86 6.35 9.34 9.34 12.78 11.68 16.94 14.38 18.47 18.40 14.67 11.46 12.78 9.71 8.54 8.32 8.25 7.96 7.81 8.10 8.25 8.25 8.69 8.47 8.91 10.00 9.34 10.59 10.59 11.10 11.75 12.05 12.12 12.41 12.92 9.71 12.56 9.20 10.88 11.02 10.88 11.97 11.32 8.91 9.05 8.91 8.91 8.91 10.51 10.37 12.85 12.78
20.29 22.70 23.14 18.54 15.62 16.06 14.75 13.87 8.83 8.83 9.42 11.32 10.80 13.51 14.24 11.17 13.21 13.21 10.15 6.86 7.23 2.26 0.00 0.00 0.00 0.00 0.00 0.00 0.00 0.00 6.50 7.45 7.08 8.61 11.53 11.53 11.02 12.34 12.05 11.75 14.60 14.82 15.11 13.36 10.88 9.13 9.64 8.03 8.91 8.18 8.32 8.18 7.96 8.32 6.86 7.30 7.81 8.47 9.86 10.73 10.73 10.44 11.97 11.75 8.91 8.98 8.83 8.61 9.13 8.18 8.61 8.76 8.47 8.61 8.76 8.47 7.88 8.03 8.98 8.54 10.15 11.61 11.32 11.32
21.75 23.87 26.65 27.23 27.52 18.03 18.40 17.23 15.33 15.33 16.13 12.48 14.02 13.87 15.55 15.77 16.21 10.66 3.50 6.64 0.00 1.97 0.00 0.00 0.00 0.00 0.00 0.00 2.34 6.35 4.96 8.10 9.27 8.83 11.46 11.46 12.05 12.19 11.83 11.24 12.26 12.34 12.99 11.39 11.39 10.66 10.51 9.56 10.88 10.00 9.71 6.79 7.66 7.01 4.53 4.82 6.50 5.33 6.64 8.47 8.47 6.57 7.37 7.37 7.23 6.86 5.77 6.79 7.45 6.50 6.72 7.37 7.45 7.88 6.79 6.86 6.79 8.18 9.27 11.86 13.46 14.85 12.54 13.81
21.75 23.87 26.65 27.23 27.52 18.03 18.40 17.23 15.33 15.33 16.13 12.48 14.02 13.87 15.55 15.77 16.21 10.66 3.50 6.64 0.00 1.97 0.00 0.00 0.00 0.00 0.00 0.00 2.34 6.35 4.96 8.10 9.27 8.83 11.46 11.46 12.05 12.19 11.83 11.24 12.26 12.34 12.99 11.39 11.39 10.66 10.51 9.56 10.88 10.00 9.71 6.79 7.66 7.01 4.53 4.82 6.50 5.33 6.64 8.47 8.47 6.57 7.37 7.37 7.23 6.86 5.77 6.79 7.45 6.50 6.72 7.37 7.45 7.88 6.79 7.93 9.36 11.76 12.70 20.16 22.23 19.76 16.13 14.33
18.54 21.17 25.99 28.40 24.09 24.45 19.71 16.50 17.59 17.59 16.13 15.48 21.02 19.35 18.25 16.43 10.59 12.26 2.63 0.00 0.00 0.00 0.00 0.00 0.00 0.00 0.00 4.82 6.42 5.26 7.23 9.93 9.42 11.83 13.51 13.51 13.36 12.99 11.24 11.61 11.10 12.56 13.36 12.56 12.92 11.61 11.10 11.83 11.75 10.66 10.80 4.02 6.20 4.09 4.67 4.53 4.09 5.55 4.82 5.99 5.99 5.33 6.57 6.42 6.13 6.06 6.42 5.04 6.64 7.59 7.30 7.81 7.37 7.30 9.80 12.15 11.97 14.71 15.26 23.43 20.21 17.29 13.52 14.60
13.14 16.64 15.18 15.33 21.53 19.35 19.93 17.16 18.98 18.98 17.52 22.70 19.05 20.22 12.34 3.50 6.42 0.00 0.95 0.00 0.00 0.00 0.00 0.00 0.00 1.39 5.84 4.53 6.28 8.10 7.96 8.69 10.95 10.66 13.29 13.29 12.41 11.61 11.02 10.95 12.99 14.45 13.29 13.51 13.43 11.68 11.90 10.80 10.66 8.10 8.83 7.96 4.16 4.60 4.16 4.45 3.72 4.02 3.58 5.69 5.69 5.26 6.35 7.66 8.40 7.88 7.59 6.35 8.98 9.49 8.47 7.74 8.74 10.44 12.42 12.98 14.39 14.60 19.55 18.37 16.61 14.89 16.85 14.71
11.24 11.46 11.90 13.65 12.05 14.02 17.01 17.16 17.59 17.59 14.16 15.18 8.40 8.98 11.17 0.00 0.00 0.00 0.00 1.46 0.00 4.67 7.81 6.57 7.59 8.10 7.52 9.93 10.29 10.44 9.56 9.05 9.71 9.42 11.68 11.68 11.75 11.97 11.10 14.02 15.18 15.11 14.02 11.24 11.68 11.83 10.44 9.49 9.86 6.64 7.88 4.96 5.91 6.20 4.89 4.74 4.89 9.49 9.49 9.64 9.64 9.49 9.78 8.76 10.37 8.83 9.05 8.25 8.76 9.78 9.05 10.37 8.54 8.15 8.50 11.74 14.84 16.12 13.59 14.39 14.49 12.55 12.49 13.01
11.24 11.46 11.90 13.65 12.05 14.02 17.01 17.16 17.59 17.59 14.16 15.18 8.40 8.98 11.17 0.00 0.00 0.00 0.00 1.46 0.00 4.67 7.81 6.57 7.59 8.10 7.52 9.93 10.29 10.44 9.56 9.05 9.71 9.42 11.68 11.68 11.75 11.97 11.10 14.02 15.18 15.11 14.02 11.24 11.68 11.83 10.44 9.49 9.86 6.64 7.88 4.96 5.91 6.20 4.89 4.74 4.89 9.49 9.49 9.64 9.64 9.49 9.78 8.76 10.37 8.83 9.05 8.25 8.76 9.78 9.05 10.37 8.32 8.03 8.25 10.90 13.22 14.92 14.49 14.93 14.49 12.27 13.72 13.92
12.26 10.66 10.66 10.15 11.68 11.46 9.71 5.69 13.21 13.21 6.35 2.04 3.21 0.00 0.00 0.00 0.00 1.75 0.00 5.99 6.57 5.99 8.40 9.27 9.20 9.05 10.44 10.07 11.02 10.22 10.59 9.71 9.78 11.39 12.34 12.34 12.34 13.07 14.31 15.18 16.43 16.50 12.63 11.83 9.93 9.56 9.64 9.05 8.98 9.20 6.06 7.37 7.59 8.10 8.47 10.59 10.22 10.88 10.88 11.02 11.02 13.87 12.41 12.48 11.68 12.05 9.34 10.59 15.40 13.14 13.80 12.34 9.56 9.05 8.61 11.51 13.34 12.48 13.43 14.06 12.78 12.45 12.13 11.70
11.46 10.80 12.19 12.12 10.66 8.91 9.86 6.86 0.00 0.00 0.00 0.00 0.00 0.00 0.00 0.00 0.00 0.00 9.05 11.39 10.22 13.14 12.78 13.07 11.75 11.97 12.05 12.26 12.05 10.44 10.00 10.22 11.24 10.73 12.05 12.05 12.99 14.38 13.94 14.45 16.13 15.70 13.58 14.31 11.97 10.88 10.07 11.68 9.93 7.88 9.27 8.69 8.83 8.98 11.39 11.75 12.92 13.58 15.18 15.04 15.04 15.40 16.50 21.75 18.40 19.42 16.64 17.23 16.50 15.18 16.13 11.90 13.43 12.70 13.33 11.86 10.65 11.59 11.79 10.95 11.95 10.27 11.20 11.54
15.55 13.65 13.29 14.24 14.38 14.82 8.40 0.00 0.00 0.00 0.00 0.00 0.00 3.21 6.50 0.00 2.70 8.91 6.72 11.90 14.16 13.72 13.94 13.51 13.87 13.21 12.99 12.85 13.72 11.24 11.75 11.97 12.12 12.41 12.05 12.05 11.75 13.65 13.21 14.45 14.97 14.38 14.24 14.60 13.72 14.02 13.43 13.72 11.90 12.41 11.32 10.88 11.68 9.56 9.86 16.06 16.06 15.99 18.40 17.59 17.59 23.00 22.41 23.36 23.58 23.94 18.54 18.18 18.83 20.81 17.01 14.45 12.72 16.61 15.44 14.38 12.88 12.22 10.97 11.61 12.44 11.95 12.86 12.81
15.33 14.09 14.67 14.75 15.26 14.38 14.53 13.65 13.36 13.36 8.69 7.30 6.35 6.20 7.52 9.42 9.27 8.98 11.24 13.07 13.07 13.58 15.11 15.33 16.43 16.72 16.64 16.13 14.09 12.41 12.63 12.63 12.41 14.09 14.38 14.38 13.94 13.36 13.21 12.85 13.87 13.58 14.09 13.72 14.53 14.16 12.92 14.16 13.07 12.19 12.63 11.61 12.63 15.70 14.02 16.28 16.50 16.57 17.16 18.98 18.98 22.12 21.17 24.38 24.09 23.36 21.24 19.56 20.08 19.42 19.49 14.68 14.87 14.02 16.15 14.60 13.54 13.02 12.42 14.00 11.88 15.79 14.11 13.54
15.33 14.09 14.67 14.75 15.26 14.38 14.53 13.65 13.36 13.36 8.69 7.30 6.35 6.20 7.52 9.42 9.27 8.98 11.24 13.07 13.07 13.58 15.11 15.33 16.43 16.72 16.64 16.13 14.09 12.41 12.63 12.63 12.41 14.09 14.38 14.38 13.94 13.36 13.21 12.85 13.87 13.58 14.09 13.72 14.53 14.16 12.92 14.16 13.07 12.19 12.63 11.61 12.63 15.70 14.02 16.28 16.50 16.57 17.16 18.98 18.98 22.12 21.17 24.38 24.09 23.36 21.24 19.56 20.08 19.42 19.49 18.02 13.93 15.23 14.50 18.06 13.74 14.39 12.67 12.63 11.49 13.58 15.35 15.37
12.19 12.48 10.15 9.27 12.26 12.63 13.29 13.21 13.36 13.36 13.36 13.51 13.51 11.39 11.61 10.95 9.64 10.00 10.44 12.34 13.87 13.72 14.82 16.06 15.70 16.50 17.01 14.89 15.48 14.09 13.72 14.16 13.87 14.97 14.45 14.45 14.75 13.21 12.85 13.36 13.14 13.43 13.94 13.43 14.09 12.34 13.87 13.58 11.46 11.83 12.48 12.26 13.72 14.89 15.55 17.01 16.13 16.57 16.72 17.67 17.67 18.40 20.95 21.90 21.61 21.97 17.52 17.01 15.04 14.31 13.62 13.70 14.69 13.77 15.73 17.25 16.59 13.91 14.14 16.64 16.28 16.10 17.67 13.10
6.13 9.13 8.98 8.98 9.49 9.20 11.24 11.53 11.75 11.75 11.39 12.99 12.41 13.80 12.26 10.44 11.90 9.34 10.95 11.10 12.34 12.48 13.07 14.09 13.07 13.29 13.36 13.80 13.36 13.65 13.21 14.09 14.24 14.24 14.89 14.89 14.31 15.33 14.31 13.58 12.92 12.56 12.78 11.61 11.10 10.15 9.34 9.49 10.07 10.07 10.80 12.41 12.34 13.94 15.70 16.43 17.23 16.64 16.50 16.72 16.72 16.79 17.81 17.01 16.94 18.03 18.91 15.84 13.51 13.35 11.87 12.61 12.05 12.74 13.64 13.95 14.51 14.41 14.90 16.93 15.44 18.43 16.92 16.86
5.40 4.23 8.10 7.74 9.64 9.64 9.56 8.47 9.27 9.27 10.59 11.32 12.48 12.19 12.34 10.88 9.71 9.86 10.88 13.36 13.80 13.80 13.36 12.41 12.41 12.70 12.78 11.68 12.26 11.97 14.24 14.97 15.26 15.33 16.64 16.64 15.04 14.60 14.09 13.80 13.36 13.21 10.80 9.56 8.98 9.05 9.78 8.69 9.34 9.13 11.46 11.24 11.53 12.12 14.24 15.99 15.77 16.13 16.35 16.13 16.13 17.16 16.43 17.16 16.72 16.35 16.64 15.04 14.60 11.53 11.46 12.48 13.29 14.16 12.48 14.44 14.95 16.98 20.89 17.75 18.50 16.17 13.79 15.65
3.43 3.87 3.50 4.53 7.59 8.40 8.18 8.83 8.54 8.54 9.05 9.93 9.86 10.37 10.29 11.68 9.86 11.24 10.80 13.58 16.79 18.98 16.28 15.04 12.05 11.68 12.12 11.90 11.53 13.72 16.28 15.33 16.72 17.23 16.06 16.06 16.94 14.45 14.60 12.99 12.99 14.09 13.29 10.73 9.13 9.05 8.69 6.94 7.52 7.30 8.32 11.24 10.59 12.05 14.02 13.43 14.67 16.28 15.18 16.72 16.72 16.35 16.28 15.40 14.97 12.78 11.46 9.78 10.73 10.29 11.75 12.99 14.45 14.24 16.24 17.20 18.43 20.95 20.78 20.13 20.37 17.54 15.75 14.01
2.92 3.14 3.07 3.07 3.87 5.62 6.79 8.03 7.59 7.59 7.74 8.47 9.56 9.42 9.27 7.45 9.49 8.32 16.72 19.13 19.78 20.00 15.62 11.97 12.48 11.90 12.41 15.04 14.82 14.75 16.35 17.01 17.74 18.98 18.91 18.91 18.83 17.01 15.48 13.87 14.67 13.36 12.34 9.20 9.05 7.15 7.45 6.42 5.91 5.69 7.52 7.37 8.47 11.39 13.14 15.33 14.97 14.75 14.82 15.70 15.70 14.60 7.12 7.15 7.96 5.26 7.08 8.54 9.49 11.90 9.93 12.63 12.05 14.09 16.50 19.62 23.70 21.49 23.21 19.84 15.24 16.85 19.23 16.94
2.92 3.14 3.07 3.07 3.87 5.62 6.79 8.03 7.59 7.59 7.74 8.47 9.56 9.42 9.27 7.45 9.49 8.32 16.72 19.13 19.78 20.00 15.62 11.97 12.48 11.90 12.41 15.04 14.82 14.75 16.35 17.01 17.74 18.98 18.91 18.91 18.83 17.01 15.48 13.87 14.67 13.36 12.34 9.20 9.05 7.15 7.45 6.42 5.91 5.69 7.52 7.37 8.47 11.39 13.14 15.33 14.97 14.75 14.82 15.70 15.70 14.60 7.12 7.15 7.96 5.26 7.08 8.54 9.49 11.90 9.93 12.63 12.05 14.09 15.84 19.73 18.41 18.91 19.44 23.10 18.64 17.21 15.06 15.63
0.00 0.00 2.26 1.97 3.36 4.82 5.33 5.26 6.42 6.42 6.20 7.37 8.10 8.25 8.40 7.59 8.18 16.43 14.24 19.71 19.64 16.13 17.01 14.24 15.62 15.48 18.25 16.72 17.16 17.23 18.76 18.03 18.47 18.10 18.40 18.40 17.74 17.52 17.89 15.77 16.64 10.07 12.99 11.10 9.56 7.81 7.08 6.42 6.50 6.35 6.64 7.66 7.96 9.27 10.66 12.26 12.78 12.78 8.18 6.28 6.28 7.08 3.50 3.50 4.53 4.82 6.20 6.42 6.64 6.94 8.18 10.29 13.29 15.33 14.67 18.49 20.06 24.58 23.09 23.09 22.90 16.67 16.24 17.18
0.00 0.00 0.00 0.88 3.80 3.58 4.82 5.33 5.33 5.33 5.04 5.40 5.91 5.69 8.98 10.80 13.29 12.78 17.74 20.29 18.32 18.98 16.13 17.30 17.01 17.08 18.61 21.75 21.24 19.20 19.49 18.61 15.11 15.04 16.13 16.13 15.55 17.30 17.16 17.52 15.40 15.55 13.87 11.32 9.34 7.66 6.79 6.94 5.26 5.99 5.91 7.74 8.10 10.44 9.42 11.61 11.90 8.40 5.11 0.00 0.00 0.00 0.00 0.00 0.00 7.45 6.57 7.01 6.86 6.42 7.23 12.63 15.18 18.25 17.82 22.02 23.33 22.83 26.22 22.79 27.62 17.56 17.67 20.96
0.00 0.00 0.00 0.00 0.00 0.37 2.41 3.65 3.87 3.87 3.87 5.48 5.99 8.91 8.10 12.12 14.53 17.30 16.64 19.64 19.56 17.96 18.40 17.74 21.24 19.64 21.61 21.39 23.29 20.37 18.47 14.38 13.21 13.21 14.24 14.24 13.51 16.57 16.86 15.70 14.67 14.09 8.25 6.50 7.01 6.42 6.06 4.09 4.53 4.09 4.96 5.26 5.69 6.79 5.33 3.80 3.43 3.21 4.16 0.00 0.00 0.00 3.21 3.58 10.22 9.05 9.05 8.76 10.66 12.92 14.45 13.87 16.38 24.41 24.98 27.07 30.22 24.19 23.69 24.48 19.12 17.82 17.42 17.09
0.00 0.00 0.00 0.00 0.00 0.00 0.66 0.58 1.83 1.83 5.69 9.93 8.10 10.07 14.53 13.65 16.21 18.25 18.40 18.61 20.22 19.27 20.66 22.56 22.27 22.05 21.02 21.75 21.90 19.49 20.22 17.01 14.38 12.48 13.87 13.87 14.89 16.43 15.40 15.18 13.43 8.98 5.91 5.62 4.89 5.18 4.16 4.60 4.31 3.50 4.31 2.77 2.56 0.00 0.00 0.00 0.00 0.00 0.00 0.00 0.00 1.61 5.18 6.94 7.96 10.95 9.34 10.51 11.39 13.21 16.50 22.05 25.89 25.03 28.38 27.06 26.11 27.84 27.33 20.69 18.35 15.27 17.86 17.94
0.00 0.00 0.00 0.00 0.00 0.00 0.66 2.34 5.26 5.26 4.09 8.03 9.49 11.53 11.32 11.75 11.75 13.29 15.48 16.06 18.03 18.98 18.54 21.17 20.22 20.29 19.93 20.88 20.66 20.22 16.50 15.55 14.97 14.02 14.60 14.60 15.33 16.35 14.02 15.55 12.12 9.34 8.18 6.64 5.11 6.13 5.62 4.23 2.04 2.48 2.63 1.97 0.00 0.00 0.00 0.00 0.00 0.00 0.00 2.12 2.12 0.00 0.00 6.94 8.61 10.00 10.00 12.19 11.53 14.02 21.56 25.43 29.97 24.33 23.69 30.76 26.62 23.36 21.59 18.76 17.48 14.79 15.46 9.13
0.00 0.00 0.00 0.00 0.00 0.00 0.66 2.34 5.26 5.26 4.09 8.03 9.49 11.53 11.32 11.75 11.75 13.29 15.48 16.06 18.03 18.98 18.54 21.17 20.22 20.29 19.93 20.88 20.66 20.22 16.50 15.55 14.97 14.02 14.60 14.60 15.33 16.35 14.02 15.55 12.12 9.34 8.18 6.64 5.11 6.13 5.62 4.23 2.04 2.48 2.63 1.97 0.00 0.00 0.00 0.00 0.00 0.00 0.00 2.12 2.12 0.00 0.00 6.94 8.61 10.00 10.00 12.19 11.53 14.02 21.67 25.16 27.10 27.11 25.28 35.89 30.89 22.61 22.55 18.22 18.49 17.54 14.11 7.75
0.00 0.00 0.00 0.00 0.00 0.00 0.00 1.17 3.80 3.80 6.50 6.20 7.01 8.69 8.69 8.83 8.69 10.59 12.56 12.19 14.09 16.43 12.34 16.13 17.96 17.74 18.69 16.21 16.43 15.40 12.63 11.83 13.51 11.46 14.02 14.02 11.61 14.24 12.85 12.92 10.80 6.50 5.91 5.91 5.18 5.84 5.26 4.38 2.70 2.04 0.00 0.00 0.00 0.00 0.00 0.00 0.00 0.00 0.00 0.00 0.00 0.00 0.00 1.68 6.79 10.95 10.15 13.14 22.60 21.97 23.74 25.07 29.46 31.07 29.87 35.12 24.25 22.86 22.75 19.33 14.06 17.76 10.13 5.72
0.00 0.00 0.00 0.00 0.00 0.00 0.00 0.00 0.00 0.00 5.62 4.60 4.16 5.99 7.23 5.11 5.91 6.79 6.72 7.45 8.69 9.49 8.91 11.02 13.07 9.86 12.70 14.02 10.37 9.20 10.37 10.59 8.10 8.98 7.37 7.37 9.20 9.71 9.71 4.89 5.04 5.26 5.40 5.26 2.99 3.80 3.50 4.45 1.83 0.00 0.00 0.00 0.00 0.00 0.00 0.00 0.00 0.00 0.00 0.00 0.00 0.00 0.00 4.23 9.13 13.72 17.89 22.27 24.89 27.08 26.72 24.38 31.02 34.55 27.95 26.05 26.41 21.63 24.72 21.09 14.88 7.75 7.86 4.52
2.19 2.70 1.17 0.22 0.00 0.07 0.00 0.00 3.65 3.65 0.00 4.02 3.07 3.58 4.82 4.67 4.96 6.06 6.28 6.28 6.50 5.69 5.33 6.28 7.96 7.66 9.05 8.03 8.69 8.47 6.86 6.64 5.11 6.06 6.13 6.13 6.20 6.50 6.28 4.53 4.53 2.63 2.34 0.00 0.00 0.00 0.00 0.00 0.00 0.00 0.00 1.53 2.85 0.00 0.00 0.00 0.00 0.00 0.00 0.00 0.00 0.00 0.00 0.00 8.61 9.64 16.86 22.27 25.55 25.92 25.26 26.30 32.27 25.39 26.82 24.25 27.85 28.09 25.91 23.98 14.42 6.05 1.23 0.00
3.72 3.21 1.97 2.26 0.88 0.00 0.00 0.00 3.65 3.65 2.70 0.00 0.00 3.21 3.50 3.87 3.87 4.67 5.33 4.53 4.16 4.82 4.31 6.42 6.79 8.32 8.47 8.98 8.18 6.79 7.37 6.42 6.64 6.42 5.11 5.11 7.81 6.06 6.06 6.13 3.36 4.82 2.99 2.12 0.00 0.00 0.00 0.00 0.00 0.00 0.00 1.97 3.07 4.02 0.00 0.00 0.00 0.00 0.00 0.00 0.00 0.00 0.51 6.79 4.74 10.44 15.18 20.44 21.24 25.19 27.45 24.63 26.17 26.45 28.98 22.35 25.23 25.94 21.63 13.49 15.43 11.07 1.57 0.30
5.26 3.80 2.34 0.00 1.31 1.39 0.00 0.00 0.00 0.00 0.00 0.00 0.00 2.77 2.26 3.21 3.58 4.96 4.67 4.23 4.45 4.89 7.08 7.59 8.10 7.96 8.91 8.40 7.88 8.40 6.20 7.30 6.64 6.64 5.77 5.77 5.99 7.30 7.59 5.48 6.13 3.94 5.04 2.77 4.45 3.21 0.00 0.00 0.00 0.00 0.00 0.00 0.00 0.00 0.00 0.00 0.00 0.00 0.00 0.00 0.00 0.00 3.07 5.77 10.66 6.57 15.04 18.47 17.45 24.82 25.70 22.92 23.44 19.08 18.33 22.16 21.72 21.90 19.29 15.01 7.65 7.96 3.07 0.00
3.29 2.12 2.56 1.10 1.31 0.00 0.00 0.00 0.00 0.00 0.00 0.00 0.00 2.19 2.85 2.85 2.34 4.60 4.89 4.31 4.60 5.26 5.99 7.15 7.45 7.37 8.03 7.52 6.42 6.20 6.42 6.28 7.15 6.57 6.42 6.42 6.42 7.37 7.74 7.08 6.64 6.57 7.30 6.35 3.65 4.67 2.77 3.43 0.00 0.00 0.00 0.00 0.00 0.00 0.00 0.00 0.00 0.00 0.00 0.00 0.00 0.00 0.88 3.43 0.00 5.48 9.05 17.08 13.36 17.96 20.15 19.37 20.04 14.97 14.16 16.47 14.22 13.91 15.56 6.71 5.75 1.53 0.00 0.00
3.29 2.12 2.56 1.10 1.31 0.00 0.00 0.00 0.00 0.00 0.00 0.00 0.00 2.19 2.85 2.85 2.34 4.60 4.89 4.31 4.60 5.26 5.99 7.15 7.45 7.37 8.03 7.52 6.42 6.20 6.42 6.28 7.15 6.57 6.42 6.42 6.42 7.37 7.74 7.08 6.64 6.57 7.30 6.35 3.65 4.67 2.77 3.43 0.00 0.00 0.00 0.00 0.00 0.00 0.00 0.00 0.00 0.00 0.00 0.00 0.00 0.00 0.88 3.43 0.00 5.48 9.05 17.08 13.36 17.96 20.15 19.27 19.74 14.75 14.16 17.21 12.67 13.36 15.19 7.05 5.63 1.61 0.00 0.00
0.00 0.00 0.00 0.00 0.00 0.00 0.00 0.00 0.00 0.00 0.00 0.00 2.26 0.00 2.41 1.61 0.00 2.56 3.87 4.89 4.16 4.16 5.91 3.87 5.62 5.04 7.01 7.01 7.30 8.10 7.37 8.25 8.25 8.47 8.03 8.03 7.59 9.27 8.25 8.40 8.47 9.49 8.91 6.42 6.79 6.94 4.23 5.40 3.43 2.99 0.15 0.00 0.00 0.00 0.95 0.00 0.00 0.00 0.00 0.00 0.00 0.00 0.95 0.00 0.00 0.00 7.15 10.88 6.79 12.56 14.16 8.83 9.56 9.51 10.42 3.88 5.16 0.46 2.28 1.56 4.15 1.05 0.00 0.00
