Wansh/Snow_depth/snowdepth-1998/winter/1999026.txt
ncols 321
nrows 161
xllcenter 60
yllcenter 15 
cellsize  0.25 
NODATA_value -1
[rows 0 to 36 of 161, columns 168 to 251 of 321]
12.56 9.05 9.93 7.66 8.18 8.18 8.03 8.69 7.88 7.88 7.74 8.03 8.83 8.83 8.47 8.32 9.13 10.95 10.29 12.85 13.07 13.58 10.73 9.86 9.27 7.66 8.32 0.00 0.00 0.00 0.00 0.00 10.22 17.59 17.16 17.16 15.62 16.35 14.89 17.81 16.94 14.82 14.60 14.60 15.77 15.40 18.83 19.05 19.56 15.26 13.43 13.51 11.83 11.39 11.32 11.17 11.75 11.97 11.17 11.02 11.02 11.32 14.24 13.29 17.74 20.51 18.83 19.05 17.81 15.48 16.06 15.04 14.24 14.89 15.77 17.81 17.01 18.54 20.51 19.64 19.64 19.64 20.44 20.15
14.82 11.61 10.66 11.53 8.98 8.61 7.74 7.96 7.88 7.88 9.49 9.56 9.56 9.05 8.91 9.20 11.53 11.17 13.07 12.63 13.07 10.88 11.02 11.17 7.23 8.83 0.00 0.51 0.00 0.00 0.00 8.61 13.65 12.99 10.37 10.37 11.46 13.80 18.83 18.54 17.74 19.64 19.20 21.10 20.51 20.73 17.52 20.00 15.70 14.02 13.87 11.24 11.61 10.51 10.80 10.59 10.88 11.17 11.61 11.39 11.39 11.68 14.45 13.51 18.03 17.16 18.40 15.70 15.26 14.89 14.16 14.24 17.67 16.64 16.64 16.79 18.76 20.15 20.81 19.27 19.49 19.27 16.50 14.45
19.49 20.81 13.58 14.82 9.49 9.64 8.25 8.61 8.83 8.83 10.66 9.56 9.78 8.10 10.44 10.44 13.29 15.84 15.62 13.65 11.90 11.90 11.68 11.68 7.01 0.00 0.00 0.00 0.00 0.00 3.36 0.00 10.07 9.56 10.29 10.29 12.70 19.64 18.32 22.19 21.97 21.46 21.10 21.02 19.35 20.00 16.43 14.82 14.82 14.16 11.32 11.90 10.66 11.24 11.10 10.59 10.73 10.51 11.61 12.99 12.99 12.85 12.92 14.31 14.60 14.24 15.26 14.53 14.97 14.89 15.18 17.01 16.94 16.64 17.23 16.79 16.79 19.78 17.81 13.14 13.58 14.02 13.58 14.31
19.49 20.81 13.58 14.82 9.49 9.64 8.25 8.61 8.83 8.83 10.66 9.56 9.78 8.10 10.44 10.44 13.29 15.84 15.62 13.65 11.90 11.90 11.68 11.68 7.01 0.00 0.00 0.00 0.00 0.00 3.36 0.00 10.07 9.56 10.29 10.29 12.70 19.64 18.32 22.19 21.97 21.46 21.10 21.02 19.35 20.00 16.43 14.82 14.82 14.16 11.32 11.90 10.66 11.24 11.10 10.59 10.73 10.51 11.61 12.99 12.99 12.85 12.92 14.31 14.60 14.24 15.26 14.53 14.97 14.89 15.18 17.01 16.94 16.64 17.23 16.79 16.79 19.78 17.81 13.14 13.58 14.02 13.58 14.31
25.19 21.68 22.78 17.81 18.54 12.41 13.80 9.05 10.22 10.22 10.37 9.93 11.83 12.12 13.36 17.52 16.72 16.28 13.87 14.97 11.97 11.10 11.10 0.00 9.34 0.00 0.00 0.00 0.00 2.41 0.00 9.34 8.25 10.15 13.29 13.29 12.05 18.83 20.08 20.08 20.73 19.64 20.00 15.91 13.72 13.72 12.19 12.19 11.46 10.95 12.34 11.02 11.32 10.80 11.68 10.66 10.73 10.88 12.26 11.68 11.68 13.87 14.31 14.45 13.72 13.51 14.31 14.24 14.09 13.43 13.65 15.33 13.72 15.26 15.26 13.87 15.11 13.36 11.02 12.34 12.99 13.65 15.18 14.97
26.65 27.16 26.57 21.53 21.61 22.05 15.04 16.28 12.05 12.05 14.31 14.38 15.48 18.18 18.32 17.52 17.81 18.61 14.31 11.10 11.39 4.23 0.00 0.07 0.00 0.00 0.00 0.00 0.00 5.55 9.13 8.61 10.44 13.87 12.92 12.92 15.84 15.77 15.11 15.55 15.26 16.86 15.99 16.64 13.80 11.97 12.19 10.80 10.95 10.80 10.80 10.73 10.66 11.10 11.24 10.15 8.54 8.32 10.00 9.78 9.78 14.09 15.33 15.26 14.89 11.61 9.71 11.32 11.46 10.51 11.46 12.12 10.37 10.95 12.26 12.48 11.17 11.24 11.39 12.63 12.05 13.43 15.26 13.94
29.05 27.74 29.93 30.66 25.62 26.86 19.56 19.49 20.66 20.66 16.06 17.81 17.81 18.91 19.64 20.08 17.81 12.99 13.80 9.78 0.00 3.58 0.00 0.00 0.00 0.00 0.00 0.00 6.06 4.16 9.27 11.24 11.39 14.60 17.45 17.45 16.35 15.55 15.84 15.04 15.77 15.33 16.43 15.40 15.62 14.53 13.87 14.24 13.43 12.26 10.44 10.95 9.20 7.01 8.18 7.52 7.74 7.88 8.47 9.13 9.13 10.44 10.07 11.24 10.66 8.69 7.96 8.83 10.07 8.18 9.05 9.34 10.15 10.07 8.10 7.88 10.00 11.02 12.92 14.90 19.39 19.22 18.57 18.38
29.05 27.74 29.93 30.66 25.62 26.86 19.56 19.49 20.66 20.66 16.06 17.81 17.81 18.91 19.64 20.08 17.81 12.99 13.80 9.78 0.00 3.58 0.00 0.00 0.00 0.00 0.00 0.00 6.06 4.16 9.27 11.24 11.39 14.60 17.45 17.45 16.35 15.55 15.84 15.04 15.77 15.33 16.43 15.40 15.62 14.53 13.87 14.24 13.43 12.26 10.44 10.95 9.20 7.01 8.18 7.52 7.74 7.88 8.47 9.13 9.13 10.44 10.07 11.24 10.66 8.69 7.96 8.83 10.07 8.18 9.05 9.34 10.15 10.07 8.10 9.11 13.79 15.86 17.70 25.32 32.01 25.58 23.89 19.07
25.70 28.11 26.35 31.39 26.28 25.33 25.77 20.29 19.05 19.05 19.13 20.44 23.87 24.09 21.53 17.52 18.18 11.61 1.97 4.74 0.00 0.00 0.00 0.00 0.00 0.00 0.44 7.37 6.35 9.78 11.24 12.34 15.26 14.75 17.81 17.81 17.23 17.67 13.94 13.51 14.31 15.91 17.30 16.06 14.75 14.45 14.67 14.45 13.51 14.02 10.44 7.81 8.40 6.64 5.18 5.62 5.26 6.50 7.74 7.15 7.15 8.76 8.91 8.54 7.96 7.96 7.59 7.30 7.88 9.49 9.78 9.42 7.88 10.99 12.34 14.15 15.68 16.70 17.71 25.67 24.76 21.23 19.61 20.62
15.40 21.32 17.67 23.21 23.94 22.56 20.95 21.39 20.81 20.81 24.97 24.31 23.43 18.10 18.18 15.18 3.58 5.18 0.00 0.00 0.00 0.00 0.00 0.00 1.53 7.96 6.94 8.47 10.44 10.15 11.39 12.05 12.19 13.29 15.99 15.99 16.43 13.51 14.45 12.48 15.70 15.11 16.94 16.79 14.97 15.55 14.45 13.65 13.58 11.61 8.40 9.34 5.62 5.26 5.26 5.04 5.91 7.37 7.96 7.59 7.59 9.20 10.80 10.00 10.07 9.71 9.20 10.07 9.27 11.90 9.78 11.61 8.74 12.68 15.06 16.76 18.83 21.96 24.12 23.43 22.96 17.54 21.04 21.04
14.02 14.09 15.48 19.05 20.08 19.27 21.46 20.81 19.78 19.78 21.75 15.04 14.97 14.31 0.44 4.60 0.00 0.00 0.00 2.19 1.10 0.00 8.54 10.22 5.40 8.69 11.24 11.32 12.63 12.34 12.56 11.53 12.12 11.75 13.87 13.87 14.02 14.24 14.89 18.69 16.13 17.08 15.11 16.13 15.26 13.72 13.87 12.34 11.24 11.90 8.61 8.54 8.32 8.32 7.45 7.01 7.30 7.59 8.61 12.56 12.56 11.97 12.05 11.39 12.05 11.17 10.88 13.07 12.19 12.85 12.12 11.46 10.56 10.67 9.86 15.52 20.53 19.86 17.64 18.62 18.17 18.17 18.43 15.55
14.02 14.09 15.48 19.05 20.08 19.27 21.46 20.81 19.78 19.78 21.75 15.04 14.97 14.31 0.44 4.60 0.00 0.00 0.00 2.19 1.10 0.00 8.54 10.22 5.40 8.69 11.24 11.32 12.63 12.34 12.56 11.53 12.12 11.75 13.87 13.87 14.02 14.24 14.89 18.69 16.13 17.08 15.11 16.13 15.26 13.72 13.87 12.34 11.24 11.90 8.61 8.54 8.32 8.32 7.45 7.01 7.30 7.59 8.61 12.56 12.56 11.97 12.05 11.39 12.05 11.17 10.88 13.07 12.19 12.85 12.12 11.46 10.29 10.51 9.56 14.41 18.30 18.39 18.82 19.32 18.17 17.77 20.24 16.64
14.97 14.97 14.53 13.80 16.13 14.09 13.58 16.35 9.20 9.20 9.05 9.13 0.00 0.80 0.00 0.00 0.00 0.00 7.52 5.84 10.22 9.64 8.83 11.39 11.61 11.83 12.70 12.56 12.85 11.90 11.39 11.46 11.39 13.72 13.21 13.21 14.82 15.62 15.33 18.40 19.27 19.56 15.55 12.85 11.68 11.97 10.88 11.24 11.24 10.73 9.34 9.56 8.91 9.13 12.12 12.85 12.70 12.99 13.14 13.21 13.21 13.21 16.43 14.24 16.50 16.13 14.31 17.08 16.21 15.70 14.97 12.26 12.48 9.93 11.01 12.96 15.52 15.13 16.62 17.98 16.12 16.32 17.41 16.57
13.87 13.80 14.31 14.16 14.31 11.24 6.57 8.32 0.15 0.15 0.00 0.00 0.00 0.00 0.00 0.00 0.37 0.00 6.94 10.37 9.78 13.58 14.89 12.41 12.12 12.99 13.58 13.43 11.90 12.12 11.46 11.61 12.41 12.12 14.24 14.24 15.48 15.11 16.50 16.13 17.89 17.74 18.47 14.82 12.05 14.16 11.53 11.90 12.41 11.90 10.51 10.88 11.75 10.80 12.41 14.09 17.16 16.57 16.28 16.64 16.64 18.32 22.78 19.49 23.07 22.85 20.44 19.20 20.51 19.27 15.33 13.29 14.02 14.60 15.45 16.31 14.01 13.42 17.52 14.05 15.72 13.85 14.50 14.25
15.40 15.77 19.05 16.43 16.21 17.45 9.20 8.98 8.98 8.98 0.00 3.72 2.19 0.00 6.06 4.89 4.89 8.54 7.96 11.83 15.55 15.99 16.21 17.08 14.82 14.82 14.82 14.82 15.40 14.82 13.80 12.19 12.78 14.16 13.87 13.87 15.18 16.43 16.13 17.08 16.50 16.43 15.99 15.26 16.13 15.62 15.04 13.43 13.87 12.85 11.97 12.41 11.90 13.94 16.94 17.67 17.37 17.45 18.03 20.37 20.37 23.43 25.92 25.92 26.06 24.89 25.40 24.02 22.78 20.88 19.05 16.28 14.36 19.33 17.12 19.13 16.64 17.30 13.48 14.60 14.31 14.88 15.11 13.61
17.81 18.61 18.76 16.43 17.89 17.81 14.75 13.51 16.28 16.28 7.88 11.32 12.85 5.33 9.71 11.17 11.17 9.49 13.65 14.24 14.02 16.28 18.18 17.67 18.47 17.52 16.64 16.43 15.99 16.21 15.40 16.21 16.06 16.06 16.06 16.06 14.97 15.62 16.13 16.28 15.62 16.35 16.35 16.28 16.50 15.91 16.35 15.70 14.89 13.94 12.78 12.56 14.02 16.86 16.13 18.32 20.15 18.76 19.20 20.15 20.15 24.24 23.14 25.62 26.28 26.35 25.19 24.60 21.90 21.90 20.51 15.58 18.43 20.73 21.68 17.80 18.62 15.53 15.93 17.58 18.43 19.79 16.95 18.47
17.81 18.61 18.76 16.43 17.89 17.81 14.75 13.51 16.28 16.28 7.88 11.32 12.85 5.33 9.71 11.17 11.17 9.49 13.65 14.24 14.02 16.28 18.18 17.67 18.47 17.52 16.64 16.43 15.99 16.21 15.40 16.21 16.06 16.06 16.06 16.06 14.97 15.62 16.13 16.28 15.62 16.35 16.35 16.28 16.50 15.91 16.35 15.70 14.89 13.94 12.78 12.56 14.02 16.86 16.13 18.32 20.15 18.76 19.20 20.15 20.15 24.24 23.14 25.62 26.28 26.35 25.19 24.60 21.90 21.90 20.51 19.13 17.27 22.53 19.47 22.02 18.89 17.17 16.24 15.85 17.81 17.02 18.44 20.97
15.48 13.07 14.38 14.02 15.77 15.77 15.11 16.86 17.16 17.16 14.82 14.97 14.82 15.62 12.85 13.51 12.12 12.78 11.90 13.72 15.04 14.67 16.28 17.30 17.08 17.23 16.72 16.79 16.13 15.62 15.84 16.43 16.43 16.64 16.64 16.64 16.50 15.62 15.70 15.26 15.70 15.55 16.72 16.43 15.40 15.99 13.80 13.87 13.87 13.65 12.63 12.26 14.16 13.72 15.99 19.93 19.64 19.64 19.42 18.40 18.40 18.61 21.83 25.77 24.60 22.63 19.86 20.08 18.40 16.64 18.08 16.11 18.07 16.80 19.33 21.84 22.08 18.23 16.46 20.83 20.03 19.90 18.83 17.41
12.19 11.90 12.70 12.85 12.34 13.36 13.65 13.43 15.33 15.33 14.09 15.99 15.77 15.91 14.38 12.19 12.63 12.12 12.78 13.29 14.75 15.18 14.89 15.33 15.70 15.48 16.57 15.04 15.48 14.16 15.62 17.01 17.30 16.94 17.52 17.52 17.81 15.55 15.18 15.26 15.55 15.70 15.48 16.06 13.21 10.22 11.61 11.02 9.56 9.05 11.10 10.29 13.36 13.58 16.57 18.32 18.03 19.20 18.69 18.10 18.10 18.25 19.71 22.05 21.10 19.27 18.18 18.69 17.96 14.67 13.35 13.86 14.90 16.46 17.14 18.41 17.50 19.40 19.73 20.84 19.53 20.19 19.14 19.12
9.56 9.27 8.54 11.39 11.75 11.68 12.56 11.68 13.65 13.65 13.14 13.58 15.48 15.84 13.94 12.41 11.46 11.61 12.99 16.21 15.70 15.26 15.11 15.18 14.02 13.21 14.60 14.82 13.43 13.43 14.97 17.37 17.89 17.89 17.52 17.52 16.50 16.50 16.43 16.06 15.99 15.77 13.14 9.42 9.27 9.71 9.20 8.76 8.76 9.20 9.05 10.00 12.19 11.75 13.36 16.43 17.96 18.54 17.81 17.67 17.67 18.10 18.40 20.15 16.94 17.74 18.10 13.21 13.58 13.65 13.14 14.60 16.13 15.33 16.43 17.07 20.71 22.71 24.57 21.43 21.73 19.21 16.85 18.49
3.72 6.50 6.57 6.28 10.07 8.69 11.02 10.80 11.17 11.17 13.21 13.14 13.58 13.21 13.21 12.92 10.15 13.43 12.70 17.16 20.73 20.29 16.64 14.09 14.75 12.78 13.36 13.51 13.58 14.82 17.59 17.16 18.18 18.47 18.47 18.47 18.03 16.28 15.48 15.62 14.97 13.51 14.31 9.71 9.05 7.45 4.45 4.45 4.67 8.10 9.42 9.05 10.44 9.20 12.34 16.64 17.67 17.67 17.45 17.08 17.08 17.96 15.77 17.08 16.35 16.35 10.22 11.39 13.29 12.63 16.57 15.99 16.86 19.20 20.07 22.24 26.18 22.37 24.03 23.56 23.56 17.33 19.66 15.58
2.63 2.41 4.67 4.16 6.57 7.37 7.88 9.71 9.78 9.78 9.42 12.85 12.63 12.56 11.90 9.05 9.49 13.87 20.81 17.89 22.19 19.42 20.81 14.31 13.21 12.99 14.16 14.09 16.94 16.72 20.00 19.71 19.93 19.78 19.71 19.71 18.03 17.81 15.33 15.04 14.31 13.36 11.24 10.29 9.56 9.42 5.48 3.80 4.38 6.13 6.86 7.01 8.18 8.47 12.34 16.79 15.77 16.35 17.30 16.72 16.72 13.14 13.72 12.78 6.28 6.28 7.66 10.37 10.07 12.56 14.97 18.32 17.23 18.98 21.67 22.06 27.00 21.76 27.78 22.72 16.99 19.81 19.11 18.72
2.63 2.41 4.67 4.16 6.57 7.37 7.88 9.71 9.78 9.78 9.42 12.85 12.63 12.56 11.90 9.05 9.49 13.87 20.81 17.89 22.19 19.42 20.81 14.31 13.21 12.99 14.16 14.09 16.94 16.72 20.00 19.71 19.93 19.78 19.71 19.71 18.03 17.81 15.33 15.04 14.31 13.36 11.24 10.29 9.56 9.42 5.48 3.80 4.38 6.13 6.86 7.01 8.18 8.47 12.34 16.79 15.77 16.35 17.30 16.72 16.72 13.14 13.72 12.78 6.28 6.28 7.66 10.37 10.07 12.56 14.97 18.32 17.23 18.98 20.81 22.18 20.97 19.15 23.27 26.45 20.78 20.23 14.97 17.27
1.02 0.66 2.77 3.14 5.33 5.04 5.69 8.25 8.91 8.91 8.03 8.25 10.29 10.80 7.01 7.81 13.29 11.46 20.22 21.39 21.53 19.35 15.04 15.70 16.57 18.32 17.08 16.94 19.27 20.66 20.73 20.00 18.98 18.25 18.47 18.47 17.23 16.94 17.37 16.43 15.70 12.70 13.58 11.17 9.71 8.47 6.72 5.99 6.20 5.77 6.28 6.28 8.10 7.88 9.49 11.39 14.45 15.84 12.78 10.15 10.15 5.62 7.23 0.00 5.55 6.35 7.37 8.98 8.40 10.29 10.22 13.72 15.18 17.74 21.10 22.30 21.98 27.16 32.03 25.35 26.43 18.66 17.79 18.36
0.00 0.73 0.37 2.04 3.21 4.53 4.60 4.16 6.64 6.64 6.35 6.28 6.64 7.59 7.30 10.37 11.97 18.83 17.52 21.02 20.44 19.64 16.64 19.20 19.27 19.71 20.88 24.75 24.31 22.85 20.00 20.37 18.76 15.70 15.62 15.62 15.40 16.35 17.96 17.37 17.67 16.64 13.51 9.49 8.54 9.20 6.94 6.64 5.99 5.33 5.33 5.04 6.42 6.50 10.66 13.51 10.37 10.51 7.30 0.00 0.00 0.00 0.00 0.00 8.03 8.61 8.40 8.18 9.71 11.02 10.95 12.26 12.41 20.81 22.69 24.98 23.65 28.14 30.13 27.62 25.91 16.93 21.19 24.08
0.00 0.00 0.00 1.53 1.68 1.24 2.70 2.85 3.80 3.80 5.69 7.59 7.59 9.64 12.92 12.34 16.72 19.49 21.24 20.66 22.34 21.53 23.21 20.95 20.59 21.39 20.81 25.26 24.09 19.86 21.02 14.89 12.26 12.34 11.83 11.83 16.35 16.64 15.99 16.28 15.26 13.43 14.53 9.42 7.66 6.20 5.04 5.18 5.69 6.13 4.53 3.94 4.67 4.23 5.99 8.25 4.02 5.04 1.90 0.00 0.00 0.00 6.35 9.34 8.76 9.86 8.83 11.02 11.53 14.02 14.89 21.32 24.46 23.67 25.86 28.00 27.91 26.06 27.94 25.61 19.85 19.43 19.92 19.26
0.00 0.00 0.00 0.00 0.95 0.80 0.95 4.09 3.65 3.65 6.13 9.27 11.97 11.75 15.04 18.25 19.42 18.69 20.95 22.63 22.85 22.41 23.58 24.53 24.31 23.36 25.11 24.75 24.38 19.78 15.18 16.06 13.36 12.41 15.84 15.84 14.97 17.23 15.99 13.72 14.16 12.41 7.23 5.40 6.13 5.91 5.40 4.74 4.96 4.53 4.09 3.94 3.65 3.94 3.72 0.00 3.94 0.00 0.00 0.00 0.00 5.26 7.74 9.71 11.02 11.68 11.17 11.53 11.02 15.33 16.86 22.48 26.42 27.19 28.47 28.08 27.28 32.91 22.54 22.19 19.50 17.29 20.10 15.60
0.00 0.00 0.00 0.00 0.00 0.00 0.00 2.70 6.06 6.06 5.11 7.88 12.41 13.43 13.29 18.47 17.52 18.10 17.01 15.33 21.61 21.53 21.68 23.51 24.45 23.80 21.17 20.95 18.69 20.08 15.40 14.82 15.11 14.02 15.70 15.70 17.81 15.18 16.79 13.72 12.19 9.20 7.01 7.66 5.91 6.35 6.64 6.42 6.13 4.82 4.16 3.65 3.65 1.97 1.61 0.00 0.00 0.00 0.00 0.00 0.00 0.00 5.04 0.00 6.86 12.12 12.78 14.67 16.94 16.21 18.12 19.86 31.35 27.48 26.95 30.03 25.27 24.21 21.59 19.29 15.10 15.17 17.50 16.33
0.00 0.00 0.00 0.00 0.00 0.00 0.00 2.70 6.06 6.06 5.11 7.88 12.41 13.43 13.29 18.47 17.52 18.10 17.01 15.33 21.61 21.53 21.68 23.51 24.45 23.80 21.17 20.95 18.69 20.08 15.40 14.82 15.11 14.02 15.70 15.70 17.81 15.18 16.79 13.72 12.19 9.20 7.01 7.66 5.91 6.35 6.64 6.42 6.13 4.82 4.16 3.65 3.65 1.97 1.61 0.00 0.00 0.00 0.00 0.00 0.00 0.00 5.04 0.00 6.86 12.12 12.78 14.67 16.94 16.21 18.21 19.65 28.35 30.62 28.75 35.04 29.33 23.43 22.55 18.74 15.97 18.00 15.97 13.87
0.00 0.00 0.00 0.00 0.00 0.00 0.95 0.51 4.60 4.60 6.72 7.45 10.07 9.78 9.93 9.71 8.47 12.99 12.56 12.48 12.48 12.63 13.36 19.64 20.15 19.35 19.35 19.35 17.67 14.45 13.58 13.72 13.14 13.58 12.26 12.26 12.85 12.70 11.75 11.97 11.97 10.44 7.52 7.23 6.79 7.81 8.18 7.23 5.84 3.87 0.00 0.00 0.00 0.29 0.44 1.02 0.88 0.00 0.00 0.00 0.00 0.00 0.00 0.00 5.04 11.24 15.77 17.81 18.71 20.20 22.05 22.42 33.31 35.22 37.62 34.61 29.71 24.29 23.85 20.14 13.87 18.09 13.14 10.66
0.00 0.00 0.00 0.00 0.00 0.00 1.10 3.07 2.63 2.63 6.06 6.20 4.60 7.88 7.88 6.64 7.08 6.72 9.78 10.07 10.15 9.56 8.61 9.05 14.75 15.33 16.57 15.26 15.40 13.36 11.61 11.10 10.88 11.46 10.95 10.95 8.83 8.76 9.34 10.44 6.13 5.40 6.50 6.50 5.69 7.01 4.45 5.18 3.36 1.53 0.73 0.88 0.00 0.58 0.29 0.00 0.00 0.00 0.00 0.00 0.00 0.00 0.00 0.00 5.26 10.88 15.70 20.00 25.55 26.28 26.72 27.39 29.20 32.77 28.17 25.93 28.82 22.27 24.19 22.49 14.69 9.79 2.30 2.33
1.46 1.17 2.56 0.00 0.00 0.00 0.00 0.00 4.67 4.67 4.23 4.53 2.56 3.50 5.40 5.55 6.57 6.50 6.50 7.45 6.42 6.28 6.06 7.30 8.61 8.61 8.83 9.42 9.64 7.30 8.18 6.35 6.50 6.94 7.88 7.88 6.35 6.20 5.48 4.60 4.16 3.80 4.53 3.21 1.97 2.77 2.70 3.14 1.02 1.02 0.80 2.19 0.00 2.85 0.00 0.00 0.00 0.00 0.00 1.02 1.02 0.00 3.21 5.26 11.39 16.72 15.33 26.06 25.26 27.81 27.67 28.66 29.01 30.26 26.51 28.14 27.07 27.19 25.29 23.13 15.13 8.46 2.07 0.23
5.11 2.48 3.50 2.34 0.00 0.00 0.00 0.00 3.94 3.94 0.00 1.97 2.04 2.99 3.50 4.67 5.40 5.91 5.99 6.20 5.26 5.40 7.08 6.50 8.32 8.61 9.56 9.27 9.78 7.96 7.45 7.45 7.30 7.74 6.79 6.79 6.50 6.42 6.13 4.89 4.89 3.50 2.34 1.17 0.00 0.00 0.58 0.44 0.00 0.00 1.17 1.68 3.87 2.70 0.00 0.00 0.00 0.00 0.00 0.00 0.00 0.00 0.00 5.18 10.95 15.62 23.00 25.19 24.45 26.86 28.40 28.24 31.77 30.79 30.21 24.13 26.42 24.86 20.82 12.54 15.10 9.64 4.94 0.74
4.96 3.87 1.53 1.46 0.00 0.00 0.00 2.70 3.43 3.43 0.00 0.00 2.92 2.77 3.07 3.72 4.82 4.60 5.55 5.55 6.86 6.57 8.40 8.91 8.98 8.83 9.34 9.20 9.20 8.18 8.18 8.18 7.88 7.59 7.96 7.96 8.18 7.08 7.66 7.08 6.86 5.11 3.21 2.63 3.21 1.24 0.00 0.00 1.53 0.07 0.00 0.00 1.83 1.39 0.00 0.00 0.00 0.00 0.00 1.39 1.39 1.02 0.00 4.31 5.99 10.29 15.70 23.00 24.09 25.77 27.67 24.97 20.93 19.08 19.68 20.68 22.52 16.11 18.23 14.27 5.79 7.30 0.15 0.00
3.65 0.73 0.00 0.00 0.00 0.00 0.00 0.00 0.00 0.00 0.00 0.00 0.00 2.92 2.92 2.70 2.92 3.43 4.96 4.96 5.48 7.15 6.20 7.23 7.37 7.59 8.83 8.69 7.59 6.06 6.64 7.15 7.08 8.10 7.52 7.52 7.15 7.37 7.59 7.45 6.20 7.81 7.08 6.72 4.74 3.94 5.33 2.56 1.31 1.39 0.00 0.00 0.00 0.00 0.00 0.00 0.00 0.00 0.29 0.66 0.66 1.83 0.00 0.00 0.00 4.53 11.24 11.02 22.34 22.12 15.48 17.97 16.39 15.42 14.53 11.32 11.96 10.71 13.90 11.09 6.81 1.24 0.00 0.00
3.65 0.73 0.00 0.00 0.00 0.00 0.00 0.00 0.00 0.00 0.00 0.00 0.00 2.92 2.92 2.70 2.92 3.43 4.96 4.96 5.48 7.15 6.20 7.23 7.37 7.59 8.83 8.69 7.59 6.06 6.64 7.15 7.08 8.10 7.52 7.52 7.15 7.37 7.59 7.45 6.20 7.81 7.08 6.72 4.74 3.94 5.33 2.56 1.31 1.39 0.00 0.00 0.00 0.00 0.00 0.00 0.00 0.00 0.29 0.66 0.66 1.83 0.00 0.00 0.00 4.53 11.24 11.02 22.34 22.12 15.48 17.89 16.14 15.19 14.53 11.83 10.66 10.29 13.58 11.65 6.67 1.31 0.00 0.00
0.00 0.00 0.00 0.00 0.00 0.00 0.00 0.00 0.00 0.00 0.00 0.00 0.00 1.68 1.31 1.39 0.00 1.31 1.61 3.65 3.50 4.38 4.96 4.74 5.99 6.79 6.79 6.35 6.57 7.01 8.69 9.20 10.22 9.56 7.74 7.74 7.45 6.79 6.64 7.88 9.56 8.32 8.61 7.30 9.34 8.25 8.76 6.20 2.48 3.07 0.51 0.00 0.00 0.00 0.00 0.00 0.00 0.00 0.00 0.00 0.00 0.00 0.00 0.00 0.00 3.65 7.66 6.50 10.80 8.40 9.56 12.19 10.29 7.82 2.27 3.27 5.08 0.28 0.25 0.45 2.96 0.00 0.00 0.00
