Wansh/Snow_depth/snowdepth-1998/winter/1999005.txt
ncols 321
nrows 161
xllcenter 60
yllcenter 15 
cellsize  0.25 
NODATA_value -1
[rows 0 to 36 of 161, columns 168 to 251 of 321]
7.88 3.43 4.09 3.36 2.92 3.50 3.94 4.60 4.53 4.53 4.82 4.74 4.67 4.23 3.14 3.80 4.67 5.77 5.04 5.04 6.13 8.47 5.55 5.62 5.99 6.06 6.06 0.00 0.00 0.00 10.22 10.22 10.22 0.66 10.88 10.88 11.90 11.32 14.02 14.24 13.65 10.95 9.49 9.56 9.49 15.99 16.35 16.57 14.24 11.10 10.44 10.22 9.20 7.96 8.03 7.52 7.59 8.83 7.74 7.88 7.88 8.91 11.97 11.32 15.26 16.35 16.35 14.31 15.11 13.87 11.83 11.68 12.56 12.78 12.41 15.11 14.82 18.47 17.81 17.74 17.37 17.52 16.21 15.48
10.73 5.62 6.42 4.53 4.16 3.87 3.80 3.87 3.07 3.07 3.14 4.02 3.65 4.89 4.09 4.53 4.31 5.55 6.28 5.99 6.72 6.28 6.72 5.77 6.28 4.38 0.00 0.00 0.00 0.00 0.00 0.00 8.18 8.10 7.88 7.88 8.40 9.27 13.80 14.31 14.53 12.41 18.32 17.67 16.21 16.35 14.89 12.41 12.12 11.90 9.78 8.76 9.05 8.03 8.10 8.10 9.05 9.05 9.05 9.05 9.05 9.13 10.51 14.53 14.02 13.58 13.43 14.16 12.70 13.43 11.68 13.21 12.99 14.45 15.40 15.11 18.25 17.81 17.52 16.13 16.57 15.77 14.09 14.38
16.13 8.61 9.78 6.72 6.64 4.23 4.74 5.18 3.87 3.87 4.74 4.23 3.94 3.43 4.45 5.62 6.13 5.62 7.30 6.64 5.77 7.96 7.52 6.13 6.28 6.72 0.00 0.00 0.00 0.00 0.00 0.00 5.55 5.91 8.47 8.47 11.75 11.02 13.94 17.37 18.83 18.25 18.47 17.81 10.66 9.86 9.86 10.88 8.91 8.98 9.64 8.98 8.32 8.10 8.61 7.96 8.03 8.61 9.05 8.98 8.98 10.88 10.44 11.83 11.90 12.26 12.85 12.56 12.92 13.80 13.29 13.36 15.11 15.04 14.82 13.14 13.43 11.75 15.40 14.16 12.85 13.07 12.05 12.99
16.13 8.61 9.78 6.72 6.64 4.23 4.74 5.18 3.87 3.87 4.74 4.23 3.94 3.43 4.45 5.62 6.13 5.62 7.30 6.64 5.77 7.96 7.52 6.13 6.28 6.72 0.00 0.00 0.00 0.00 0.00 0.00 5.55 5.91 8.47 8.47 11.75 11.02 13.94 17.37 18.83 18.25 18.47 17.81 10.66 9.86 9.86 10.88 8.91 8.98 9.64 8.98 8.32 8.10 8.61 7.96 8.03 8.61 9.05 8.98 8.98 10.88 10.44 11.83 11.90 12.26 12.85 12.56 12.92 13.80 13.29 13.36 15.11 15.04 14.82 13.14 13.43 11.75 15.40 14.16 12.85 13.07 12.05 12.99
18.98 13.21 14.09 12.12 9.64 4.82 7.01 5.26 4.31 4.31 5.91 4.82 6.13 6.28 5.40 8.10 10.59 9.71 9.20 9.20 8.54 7.96 7.81 0.00 0.00 0.00 0.00 0.00 0.00 0.00 0.00 0.00 0.00 5.99 10.88 10.88 13.21 15.04 15.18 15.11 15.99 12.92 11.32 11.83 9.86 8.54 7.88 7.96 7.88 7.74 8.61 8.40 8.83 8.76 8.83 8.03 8.10 7.74 8.98 10.95 10.95 10.29 11.68 12.26 12.05 11.90 12.85 11.46 10.66 12.99 12.05 11.68 11.24 10.15 10.88 11.17 10.51 10.37 9.42 9.34 11.10 11.53 11.17 12.78
21.68 20.88 19.35 21.90 10.88 12.56 11.61 8.10 9.49 9.49 7.88 6.79 9.13 10.88 10.73 10.66 11.10 9.42 10.51 7.30 5.18 5.48 4.16 0.00 0.00 0.00 0.00 0.00 0.00 0.37 0.58 6.72 8.83 9.78 9.27 9.27 11.90 11.02 10.29 11.46 11.10 12.63 10.80 9.56 8.69 8.83 7.74 7.74 8.03 7.88 9.27 8.98 8.98 7.66 6.50 6.20 7.37 7.01 6.28 10.66 10.66 11.83 11.17 12.48 10.37 10.59 7.45 9.20 9.20 8.83 8.47 10.15 9.13 9.20 8.61 8.47 8.61 8.61 8.69 9.27 10.73 10.73 11.53 11.53
19.35 20.22 22.78 24.16 18.69 16.43 13.80 12.70 13.14 13.14 10.66 11.02 11.02 11.83 11.90 12.92 9.13 10.37 10.80 6.72 6.57 0.00 0.00 0.00 0.00 0.00 0.00 0.00 4.16 3.29 0.51 7.08 9.05 10.59 11.02 11.02 11.83 11.83 10.29 10.59 10.44 10.44 10.51 9.78 10.44 9.56 9.71 9.27 10.07 9.49 9.64 8.10 5.62 5.69 5.26 3.94 3.87 4.89 6.79 6.13 6.13 9.42 8.69 8.10 6.20 6.86 6.94 6.50 7.96 7.88 7.96 7.81 7.88 8.18 8.10 7.96 8.25 8.18 10.44 14.37 12.98 14.44 14.04 14.16
19.35 20.22 22.78 24.16 18.69 16.43 13.80 12.70 13.14 13.14 10.66 11.02 11.02 11.83 11.90 12.92 9.13 10.37 10.80 6.72 6.57 0.00 0.00 0.00 0.00 0.00 0.00 0.00 4.16 3.29 0.51 7.08 9.05 10.59 11.02 11.02 11.83 11.83 10.29 10.59 10.44 10.44 10.51 9.78 10.44 9.56 9.71 9.27 10.07 9.49 9.64 8.10 5.62 5.69 5.26 3.94 3.87 4.89 6.79 6.13 6.13 9.42 8.69 8.10 6.20 6.86 6.94 6.50 7.96 7.88 7.96 7.81 7.88 8.18 8.10 9.20 11.38 11.76 14.30 24.42 21.43 19.21 18.07 14.69
15.04 17.59 24.82 17.81 19.78 20.15 22.56 16.28 13.72 13.72 13.29 15.62 20.95 16.57 18.18 14.45 7.59 4.23 10.88 8.61 0.00 0.00 0.00 0.00 0.00 0.00 0.00 1.24 3.50 5.69 7.37 9.13 8.47 10.29 12.12 12.12 12.63 10.29 10.37 10.29 10.44 11.02 12.41 12.34 11.75 11.53 11.10 11.24 10.95 9.13 6.50 7.01 4.45 2.99 3.43 2.77 3.58 3.50 5.55 6.35 6.35 5.84 6.42 5.33 5.91 7.23 5.84 5.99 7.23 8.69 7.66 8.03 8.40 7.53 9.89 11.15 13.88 15.82 12.62 21.78 20.00 16.84 13.85 13.89
9.56 18.18 9.78 13.80 19.49 15.04 13.87 14.16 13.65 13.65 17.89 19.78 17.74 15.18 8.61 8.91 2.77 11.24 0.00 0.00 0.00 0.00 0.00 0.00 0.00 1.39 0.00 2.99 6.50 5.99 8.25 8.98 8.54 11.24 10.66 10.66 10.66 9.86 9.20 11.24 13.29 13.14 13.07 11.53 10.15 10.73 11.17 8.83 8.40 8.40 5.91 4.09 4.45 3.94 4.31 4.60 3.58 5.18 5.04 5.77 5.77 6.42 6.72 7.52 8.25 8.25 8.10 7.52 7.23 8.83 9.49 9.71 8.50 11.72 11.73 13.30 11.96 15.96 21.84 20.13 17.99 15.58 17.50 15.46
11.90 6.42 5.69 9.86 14.02 10.22 12.19 14.82 16.35 16.35 15.48 16.72 9.42 5.62 5.48 5.84 0.00 0.00 0.00 0.00 0.00 0.66 4.02 2.63 3.14 6.79 7.45 8.40 8.61 7.96 8.61 8.61 8.54 10.22 10.00 10.00 10.22 9.71 12.63 13.94 14.60 14.53 12.92 10.88 11.02 9.27 9.05 7.88 8.32 7.30 7.23 5.26 6.13 6.13 5.18 5.84 6.28 6.06 8.18 8.40 8.40 8.25 9.34 9.49 9.86 8.69 8.76 10.37 12.92 9.42 10.95 9.49 10.41 9.34 8.28 10.31 16.02 17.05 15.11 13.12 13.13 13.30 11.88 13.86
11.90 6.42 5.69 9.86 14.02 10.22 12.19 14.82 16.35 16.35 15.48 16.72 9.42 5.62 5.48 5.84 0.00 0.00 0.00 0.00 0.00 0.66 4.02 2.63 3.14 6.79 7.45 8.40 8.61 7.96 8.61 8.61 8.54 10.22 10.00 10.00 10.22 9.71 12.63 13.94 14.60 14.53 12.92 10.88 11.02 9.27 9.05 7.88 8.32 7.30 7.23 5.26 6.13 6.13 5.18 5.84 6.28 6.06 8.18 8.40 8.40 8.25 9.34 9.49 9.86 8.69 8.76 10.37 12.92 9.42 10.95 9.49 10.15 9.20 8.03 9.58 14.28 15.79 16.11 13.61 13.13 13.01 13.05 14.83
7.08 7.01 6.06 6.42 7.15 7.96 9.49 8.76 1.31 1.31 2.04 0.00 1.61 2.56 0.00 0.00 0.00 0.00 0.00 3.36 6.50 7.23 7.37 8.47 8.61 8.76 7.74 9.13 10.29 10.51 9.64 8.54 9.27 10.66 11.46 11.46 12.41 13.72 13.07 14.82 14.45 12.99 13.29 11.75 9.78 7.37 7.88 8.40 8.91 7.81 7.88 7.81 6.57 8.69 8.18 8.54 11.39 10.95 10.29 11.97 11.97 12.05 10.00 12.05 12.92 14.60 12.26 11.68 14.75 15.48 15.48 11.46 10.44 10.80 8.61 10.25 12.53 13.01 13.11 13.84 11.56 12.35 13.03 12.05
7.96 7.66 6.57 7.15 7.81 7.59 3.80 5.69 0.00 0.00 0.00 0.00 0.00 0.00 0.00 0.00 0.00 2.77 0.00 8.10 11.39 10.66 9.56 9.93 10.15 9.86 9.34 9.20 9.05 9.71 11.17 9.86 11.02 10.66 11.10 11.10 12.48 12.92 14.31 13.94 15.33 14.38 13.43 10.66 10.88 11.02 11.02 9.42 9.34 9.86 8.25 8.25 8.69 9.71 12.34 11.68 12.34 14.09 13.94 13.87 13.87 18.40 18.61 16.21 17.45 17.16 20.44 19.93 17.37 17.30 16.35 16.94 13.07 11.22 14.92 12.09 9.47 11.27 12.58 11.22 11.84 10.93 10.80 13.07
12.99 11.10 11.83 11.10 12.56 9.13 8.98 7.45 0.00 0.00 0.00 0.00 0.00 0.00 0.00 1.39 0.00 7.23 10.37 12.85 13.29 13.80 12.34 12.92 11.68 11.24 14.16 12.12 12.41 12.63 11.53 10.80 11.75 11.61 11.53 11.53 11.83 12.26 14.31 13.36 13.36 13.51 13.80 13.14 13.36 13.36 11.75 13.14 11.75 11.61 11.46 9.42 9.86 11.46 13.21 16.21 15.84 14.97 16.72 16.28 16.28 21.10 22.56 22.48 21.32 22.85 23.00 20.81 21.46 19.64 18.32 14.09 15.93 16.82 14.92 14.05 12.78 13.19 10.97 12.26 11.95 12.14 12.76 13.21
12.99 12.78 10.80 12.48 12.26 13.36 12.70 10.22 8.47 8.47 8.18 8.61 6.50 7.96 5.33 5.69 5.99 5.40 9.20 11.39 12.48 14.24 15.77 15.48 15.18 14.89 15.18 13.14 13.14 12.85 12.48 12.12 12.78 12.48 12.26 12.26 13.87 12.26 12.70 12.56 12.92 13.36 13.87 13.29 15.18 14.60 13.58 13.94 12.99 11.53 12.19 10.51 12.99 14.60 14.09 16.57 16.35 15.91 16.50 18.32 18.32 17.81 22.27 24.60 23.73 22.85 20.51 21.02 20.08 18.40 14.82 17.08 15.58 14.89 17.37 14.40 15.55 14.04 12.42 15.10 12.49 15.47 14.21 14.02
12.99 12.78 10.80 12.48 12.26 13.36 12.70 10.22 8.47 8.47 8.18 8.61 6.50 7.96 5.33 5.69 5.99 5.40 9.20 11.39 12.48 14.24 15.77 15.48 15.18 14.89 15.18 13.14 13.14 12.85 12.48 12.12 12.78 12.48 12.26 12.26 13.87 12.26 12.70 12.56 12.92 13.36 13.87 13.29 15.18 14.60 13.58 13.94 12.99 11.53 12.19 10.51 12.99 14.60 14.09 16.57 16.35 15.91 16.50 18.32 18.32 17.81 22.27 24.60 23.73 22.85 20.51 21.02 20.08 18.40 14.82 20.98 14.60 16.19 15.59 17.82 15.78 15.53 12.67 13.61 12.07 13.30 15.45 15.92
11.02 8.25 11.46 9.93 10.29 9.78 11.10 12.70 12.99 12.99 10.88 11.90 9.42 9.64 8.83 11.02 10.22 9.78 10.51 10.37 11.53 13.51 15.11 14.09 14.53 14.60 13.87 14.67 12.41 12.56 12.85 12.99 13.51 12.85 13.21 13.21 14.24 13.51 13.87 11.90 11.90 13.29 14.45 13.65 13.65 13.72 11.24 12.34 12.56 12.41 11.90 11.24 13.29 14.09 15.11 15.11 16.43 15.91 16.21 17.23 17.23 18.61 18.18 22.27 20.08 20.66 18.03 18.32 17.01 17.52 14.68 12.64 15.22 13.96 15.01 17.86 17.99 14.50 13.76 17.18 16.47 16.30 17.67 15.44
6.79 6.42 8.91 8.83 8.32 8.32 8.98 9.05 8.61 8.61 10.15 11.17 12.26 12.19 11.24 12.12 10.59 9.78 11.53 11.24 12.26 12.48 12.48 12.99 13.87 12.63 12.85 13.87 12.12 11.90 12.78 13.21 13.21 13.21 12.99 12.99 12.85 12.05 11.75 12.56 12.26 12.70 12.48 11.68 9.56 12.12 10.22 11.02 9.42 9.27 9.93 11.32 11.02 13.21 14.89 16.64 16.43 16.35 15.91 15.99 15.99 16.50 15.91 15.77 18.10 17.59 16.72 16.79 13.94 12.99 13.79 11.65 11.61 12.74 13.81 15.34 13.87 15.66 16.18 17.35 15.25 17.50 16.53 16.76
5.04 4.09 8.25 7.66 7.45 8.10 7.74 7.74 8.54 8.54 9.42 9.13 11.02 10.73 9.27 10.95 9.05 9.93 11.24 12.56 12.85 12.41 12.41 11.97 12.19 12.12 12.19 13.36 13.36 10.88 12.78 13.43 13.72 13.21 13.58 13.58 12.99 13.14 11.90 14.31 13.87 12.48 12.99 10.00 9.20 9.42 9.34 9.05 9.13 8.98 9.34 10.37 10.07 13.58 13.58 14.75 16.43 16.57 15.55 15.91 15.91 15.55 15.62 15.99 14.45 14.45 15.84 13.07 13.65 10.59 11.68 11.68 12.99 12.78 12.78 13.96 14.87 18.93 20.89 18.28 17.83 15.58 14.24 14.18
2.48 3.87 3.43 4.96 5.84 6.72 7.52 6.57 7.15 7.15 8.69 9.42 10.29 9.78 10.00 9.42 10.80 10.22 11.24 13.07 14.82 16.86 14.82 11.90 12.63 8.83 10.88 11.46 11.83 11.68 12.70 14.60 15.84 16.06 15.55 15.55 13.87 14.16 14.02 13.94 14.02 11.32 9.86 10.00 8.98 9.34 7.37 8.03 6.42 7.81 7.66 7.74 9.27 9.34 14.38 13.65 15.26 15.99 16.28 16.06 16.06 14.53 16.57 15.40 12.99 9.42 9.64 11.17 10.22 10.29 11.24 13.51 12.99 14.31 15.46 16.61 20.24 18.96 20.33 20.24 20.24 16.28 18.28 13.52
0.66 2.99 2.85 3.14 3.29 4.45 3.87 5.04 6.28 6.28 6.28 7.15 9.93 9.78 11.17 9.42 10.22 9.78 16.72 18.25 18.32 18.10 15.11 10.00 9.78 10.22 11.17 13.29 14.24 17.52 16.21 17.30 16.86 17.81 17.74 17.74 16.43 14.60 14.31 14.89 15.11 12.19 9.56 9.71 9.64 10.07 7.59 6.35 6.35 6.50 6.64 7.30 8.54 8.40 10.73 14.53 14.24 14.97 15.26 15.62 15.62 11.97 5.36 2.77 9.34 7.74 7.74 7.59 7.81 10.07 9.86 11.97 13.72 15.26 15.36 19.31 25.30 20.77 21.25 20.56 17.35 16.85 15.91 16.49
0.66 2.99 2.85 3.14 3.29 4.45 3.87 5.04 6.28 6.28 6.28 7.15 9.93 9.78 11.17 9.42 10.22 9.78 16.72 18.25 18.32 18.10 15.11 10.00 9.78 10.22 11.17 13.29 14.24 17.52 16.21 17.30 16.86 17.81 17.74 17.74 16.43 14.60 14.31 14.89 15.11 12.19 9.56 9.71 9.64 10.07 7.59 6.35 6.35 6.50 6.64 7.30 8.54 8.40 10.73 14.53 14.24 14.97 15.26 15.62 15.62 11.97 5.36 2.77 9.34 7.74 7.74 7.59 7.81 10.07 9.86 11.97 13.72 15.26 14.75 19.41 19.65 18.27 17.79 23.93 21.23 17.21 12.46 15.22
0.00 0.00 0.66 2.04 3.36 3.58 3.94 4.23 5.04 5.04 4.96 6.28 6.64 4.89 8.54 7.37 10.29 13.65 17.30 17.37 15.55 11.90 12.41 11.75 11.83 14.53 13.51 19.64 19.93 18.47 18.54 18.18 17.01 16.43 16.57 16.57 16.06 15.26 17.74 17.08 17.23 14.67 13.51 10.29 9.42 7.74 8.32 6.79 6.64 6.57 6.57 7.08 8.54 10.22 9.49 12.05 14.09 14.31 10.73 8.47 8.47 9.78 3.07 0.00 5.69 5.77 6.79 7.08 7.15 7.37 9.20 8.98 10.73 15.62 18.54 17.90 20.67 27.59 26.26 26.03 21.90 15.32 16.82 16.53
0.00 0.00 0.00 1.53 2.99 1.46 2.34 3.07 3.72 3.72 2.56 3.58 3.21 4.60 7.30 6.50 10.22 12.26 15.33 16.94 16.13 13.21 13.58 15.18 16.35 16.21 17.96 17.81 21.24 19.78 21.02 17.30 14.89 14.89 15.26 15.26 16.94 17.74 17.59 16.94 15.26 14.09 14.67 11.61 8.47 7.88 7.08 7.01 6.79 4.74 5.99 6.28 6.35 9.27 10.00 9.34 6.86 8.69 9.49 0.00 0.00 0.00 0.00 0.00 6.64 8.25 6.64 6.86 8.10 7.66 10.29 13.36 18.69 17.30 19.77 22.49 22.69 25.04 25.70 22.48 26.89 16.21 17.23 20.22
0.00 0.00 0.00 0.00 0.22 0.00 1.02 2.04 2.56 2.56 3.21 5.40 9.27 7.88 12.05 8.83 12.26 18.76 18.25 19.05 17.16 16.35 18.32 17.08 16.86 18.61 21.83 19.64 22.27 18.91 20.15 16.94 14.38 13.65 14.60 14.60 15.84 16.21 14.75 15.48 14.45 13.21 8.40 7.15 7.66 4.89 5.55 4.02 6.35 4.74 3.14 5.11 5.40 3.65 6.06 4.23 3.58 5.40 0.00 2.56 2.56 0.00 5.18 7.88 6.64 9.20 9.49 9.34 9.13 11.24 14.89 14.02 20.75 24.85 24.83 28.18 26.24 20.37 23.69 23.36 19.85 17.50 17.31 17.09
0.00 0.00 0.00 0.00 0.00 0.00 2.41 3.07 3.07 3.07 4.60 8.03 10.59 9.34 15.84 16.43 19.13 19.20 20.22 19.20 18.03 18.10 18.61 20.44 23.07 23.65 21.61 20.88 20.95 18.69 15.48 15.55 14.02 14.02 14.53 14.53 15.40 16.50 15.18 12.85 10.00 10.95 6.72 5.77 4.09 4.16 3.87 3.80 2.92 3.21 2.41 3.36 3.14 2.85 0.00 0.00 0.00 0.00 0.00 0.00 0.00 0.00 3.36 5.11 10.51 10.37 10.59 10.73 11.10 11.83 16.43 22.70 21.98 26.97 27.81 26.32 31.54 28.21 23.01 23.34 18.88 15.85 17.52 17.05
0.37 0.00 0.00 0.00 0.00 0.00 0.66 3.29 5.11 5.11 7.59 7.30 9.49 12.34 10.15 12.56 14.09 15.77 11.32 13.07 17.30 19.05 20.59 22.41 21.97 23.14 22.48 20.44 20.15 17.08 16.50 16.43 15.55 15.55 16.35 16.35 15.55 15.84 13.87 13.14 10.66 11.17 8.18 6.57 4.74 5.62 5.77 5.04 3.21 2.34 2.26 0.00 0.00 0.00 0.00 0.00 0.00 0.00 0.00 0.00 0.00 0.00 0.00 0.00 4.23 11.17 11.75 12.05 13.58 19.64 18.64 25.75 30.23 25.01 30.03 28.37 23.70 28.10 24.21 18.54 16.59 16.03 16.64 8.84
0.37 0.00 0.00 0.00 0.00 0.00 0.66 3.29 5.11 5.11 7.59 7.30 9.49 12.34 10.15 12.56 14.09 15.77 11.32 13.07 17.30 19.05 20.59 22.41 21.97 23.14 22.48 20.44 20.15 17.08 16.50 16.43 15.55 15.55 16.35 16.35 15.55 15.84 13.87 13.14 10.66 11.17 8.18 6.57 4.74 5.62 5.77 5.04 3.21 2.34 2.26 0.00 0.00 0.00 0.00 0.00 0.00 0.00 0.00 0.00 0.00 0.00 0.00 0.00 4.23 11.17 11.75 12.05 13.58 19.64 18.74 25.47 27.34 27.87 32.05 33.09 27.51 27.20 25.29 18.02 17.54 19.01 15.19 7.50
0.00 0.00 0.00 0.00 0.00 0.00 0.00 2.63 4.16 4.16 6.35 5.55 7.15 9.20 10.51 8.69 9.86 7.96 8.25 10.73 12.85 11.32 15.33 18.61 19.35 19.42 18.83 18.76 15.33 15.18 15.18 15.33 11.10 11.83 13.29 13.29 12.48 10.59 10.07 12.70 11.46 6.86 5.99 6.20 5.26 5.69 4.74 3.72 4.09 0.00 0.00 0.00 0.00 0.00 0.00 0.00 0.00 0.00 0.00 0.00 0.00 0.00 0.00 0.00 0.00 9.86 16.21 14.38 15.41 20.94 25.44 24.85 30.34 31.27 29.31 33.98 27.30 24.29 24.09 19.94 16.23 14.38 7.21 6.95
0.00 0.88 0.00 0.00 0.00 0.00 2.26 1.61 4.09 4.09 6.50 4.67 5.91 7.52 6.50 5.84 6.42 6.28 6.86 8.40 6.94 8.69 10.44 7.52 10.44 8.40 11.61 10.51 11.61 11.32 8.47 8.40 8.03 9.56 10.51 10.51 6.20 6.79 7.96 5.62 5.77 5.62 3.72 4.38 4.60 4.45 3.80 3.21 0.80 0.00 0.00 0.00 0.00 0.00 0.00 0.00 0.00 0.00 0.00 0.00 0.00 0.00 0.00 0.00 9.42 7.96 15.62 21.53 26.06 22.63 27.01 26.94 33.12 36.67 29.43 25.81 28.69 22.59 22.00 20.66 18.34 13.89 5.55 2.11
2.12 2.04 1.31 1.61 0.00 0.00 0.00 0.00 4.09 4.09 4.31 3.80 4.16 4.67 4.67 5.18 5.18 6.28 5.26 4.96 4.96 4.96 3.94 5.69 7.08 8.25 8.61 9.20 8.83 8.10 6.28 6.35 6.35 6.06 5.84 5.84 5.69 5.77 5.69 4.74 5.04 3.50 3.21 0.00 0.00 2.12 0.00 1.10 0.00 0.00 0.00 0.00 1.97 2.19 0.00 0.00 0.00 0.00 0.00 0.00 0.00 0.80 0.00 2.12 8.83 14.75 13.65 19.35 25.33 27.67 27.16 29.05 30.04 26.87 28.16 25.79 27.40 29.09 24.88 23.34 14.51 6.50 0.92 1.72
1.83 3.36 2.70 2.34 0.00 0.00 0.00 2.92 3.65 3.65 3.72 0.00 0.00 3.94 3.94 3.65 3.94 4.60 4.74 4.74 4.45 5.33 5.62 5.04 6.72 7.15 8.98 9.78 9.64 8.47 7.37 6.72 7.88 6.20 7.15 7.15 7.81 6.94 6.50 4.53 4.74 3.87 3.94 3.14 0.00 0.00 0.00 0.00 0.00 0.00 1.68 0.00 3.80 1.75 0.00 0.00 0.00 0.00 0.00 0.00 0.00 0.00 0.00 5.04 3.80 11.10 19.27 18.18 23.29 27.16 27.96 28.24 31.59 28.04 25.49 23.84 23.24 25.65 21.72 15.23 16.59 11.07 1.35 0.00
3.50 3.36 2.56 1.97 0.00 0.00 0.00 0.00 0.00 0.00 0.00 0.00 0.00 0.00 3.58 3.14 3.94 3.87 4.89 5.04 5.48 5.69 7.45 8.25 6.57 10.59 8.76 8.76 8.69 8.18 6.64 6.94 7.66 7.45 7.23 7.23 5.99 7.88 7.81 6.86 6.13 3.36 4.16 4.96 3.07 3.14 0.00 0.00 0.00 0.00 0.00 0.00 0.00 0.00 0.00 0.00 0.00 0.00 0.00 0.88 0.88 0.00 0.00 3.87 7.81 5.77 8.69 21.10 18.83 24.24 26.79 24.45 22.31 21.78 19.04 20.51 21.46 18.88 21.24 16.17 9.58 5.24 5.11 0.96
1.24 1.24 1.10 0.29 0.00 0.00 0.00 0.00 0.00 0.00 0.00 0.00 0.00 0.00 2.99 3.50 3.14 4.38 4.74 4.60 4.89 6.50 6.57 8.98 8.03 7.59 8.32 7.23 6.35 5.55 6.86 6.57 6.06 7.81 7.23 7.23 7.74 7.81 6.50 6.72 6.50 7.30 6.57 7.45 4.09 4.09 4.89 2.19 2.19 2.12 0.00 0.00 0.00 0.00 0.00 0.00 0.00 0.00 0.00 0.29 0.29 0.00 0.73 1.24 3.50 5.77 5.33 7.74 12.99 14.75 16.64 22.96 19.07 11.17 8.85 14.99 17.99 15.81 7.47 6.25 5.90 4.38 1.48 0.00
1.24 1.24 1.10 0.29 0.00 0.00 0.00 0.00 0.00 0.00 0.00 0.00 0.00 0.00 2.99 3.50 3.14 4.38 4.74 4.60 4.89 6.50 6.57 8.98 8.03 7.59 8.32 7.23 6.35 5.55 6.86 6.57 6.06 7.81 7.23 7.23 7.74 7.81 6.50 6.72 6.50 7.30 6.57 7.45 4.09 4.09 4.89 2.19 2.19 2.12 0.00 0.00 0.00 0.00 0.00 0.00 0.00 0.00 0.00 0.29 0.29 0.00 0.73 1.24 3.50 5.77 5.33 7.74 12.99 14.75 16.64 22.85 18.78 11.01 8.85 15.66 16.03 15.18 7.30 6.56 5.78 4.61 1.48 0.00
0.00 0.00 0.00 0.00 0.00 0.00 0.00 0.00 0.00 0.00 0.00 0.00 0.00 0.00 3.21 0.00 0.00 3.50 4.23 1.97 3.94 4.16 3.94 5.84 5.40 6.64 6.64 7.66 7.52 7.08 7.81 9.93 9.20 8.47 8.03 8.03 7.66 8.91 8.54 10.59 8.03 8.76 7.59 7.66 6.42 6.86 6.79 4.02 4.02 4.16 0.00 0.00 0.15 0.00 0.00 0.00 0.00 0.00 0.00 0.00 0.00 0.00 0.00 0.00 0.95 2.34 5.99 9.20 8.91 10.29 11.39 10.73 10.80 8.04 4.48 4.18 3.39 3.88 3.63 3.20 3.85 3.97 1.85 0.15
