Wansh/Snow_depth/snowdepth-1998/winter/1999011.txt
ncols 321
nrows 161
xllcenter 60
yllcenter 15 
cellsize  0.25 
NODATA_value -1
[rows 0 to 36 of 161, columns 168 to 251 of 321]
6.06 6.72 4.60 4.96 4.96 4.53 5.40 5.77 5.77 5.77 5.33 4.53 4.67 4.53 5.48 4.16 5.69 5.04 7.15 8.76 8.69 9.05 6.35 6.72 6.72 6.13 0.00 3.21 0.00 0.00 0.00 1.02 11.90 10.88 14.31 14.31 14.53 14.67 14.60 14.38 13.29 11.68 11.68 12.63 14.82 11.39 15.11 14.53 14.24 11.46 11.75 9.86 10.00 8.40 7.59 7.45 7.81 7.52 8.25 9.42 9.42 9.13 11.02 14.67 13.14 15.99 15.04 15.04 12.85 13.29 11.61 11.61 11.53 12.85 14.02 13.58 16.43 18.10 16.86 18.18 17.52 17.52 17.59 15.26
8.98 8.76 10.37 6.42 5.40 5.33 4.82 5.26 4.89 4.89 6.79 6.79 6.50 5.48 5.91 5.33 5.84 7.74 7.23 8.76 8.25 7.52 7.59 6.64 4.96 6.13 0.00 0.00 0.00 0.00 0.00 0.00 10.95 8.47 12.70 12.70 8.25 13.14 11.53 14.16 14.31 15.62 14.60 13.94 16.79 15.04 15.84 14.97 15.70 11.75 9.34 9.49 7.81 8.47 6.94 8.47 7.96 9.05 7.96 8.03 8.03 9.13 8.91 12.85 15.70 15.62 14.31 12.63 12.99 11.68 11.75 11.90 13.43 12.92 14.31 17.16 16.50 18.25 18.32 17.89 18.25 15.48 14.45 14.60
18.91 12.34 14.24 8.69 6.35 5.84 7.08 6.35 6.13 6.13 6.42 6.28 6.13 5.91 6.28 6.72 6.13 7.45 9.20 8.18 8.32 8.54 7.37 7.66 4.89 0.00 0.00 0.00 0.00 0.00 0.00 6.20 4.53 7.81 8.18 8.18 8.10 13.72 19.20 18.47 18.69 19.56 19.56 15.26 17.96 13.14 11.68 11.39 10.22 12.05 9.05 7.45 7.74 7.74 8.54 8.61 7.74 8.40 8.47 9.13 9.13 9.05 10.73 12.12 12.05 11.97 13.29 12.63 12.99 12.34 13.14 13.80 14.67 14.31 15.11 15.11 15.33 16.06 15.91 16.50 12.12 12.05 12.26 11.32
18.91 12.34 14.24 8.69 6.35 5.84 7.08 6.35 6.13 6.13 6.42 6.28 6.13 5.91 6.28 6.72 6.13 7.45 9.20 8.18 8.32 8.54 7.37 7.66 4.89 0.00 0.00 0.00 0.00 0.00 0.00 6.20 4.53 7.81 8.18 8.18 8.10 13.72 19.20 18.47 18.69 19.56 19.56 15.26 17.96 13.14 11.68 11.39 10.22 12.05 9.05 7.45 7.74 7.74 8.54 8.61 7.74 8.40 8.47 9.13 9.13 9.05 10.73 12.12 12.05 11.97 13.29 12.63 12.99 12.34 13.14 13.80 14.67 14.31 15.11 15.11 15.33 16.06 15.91 16.50 12.12 12.05 12.26 11.32
19.78 19.27 15.77 12.63 11.39 8.91 9.71 6.72 7.88 7.88 6.86 6.86 7.01 6.50 6.64 12.05 11.97 11.83 10.88 9.71 8.25 8.40 7.59 0.73 2.48 0.00 0.00 0.00 0.00 0.00 6.20 6.20 7.01 7.52 8.76 8.76 13.51 12.63 18.03 17.37 16.64 17.81 13.80 14.89 10.07 10.29 10.66 8.91 9.13 7.66 7.66 7.52 8.83 8.47 8.83 8.10 8.25 8.54 8.91 8.91 8.91 10.51 12.12 12.19 10.95 11.17 12.12 12.41 12.19 11.83 9.42 11.75 10.15 10.88 9.86 9.86 10.00 9.49 9.42 9.78 9.20 10.95 10.37 12.63
22.70 22.34 20.29 16.28 19.71 17.01 9.93 9.05 9.20 9.20 7.74 7.81 12.70 13.36 12.99 13.36 14.09 10.73 11.90 10.00 5.62 1.61 3.29 0.00 0.00 0.00 0.00 0.00 0.00 0.00 6.79 7.08 7.08 9.49 8.91 8.91 12.05 12.05 12.05 14.31 14.60 14.38 12.63 10.80 10.44 9.42 9.49 8.69 8.18 7.37 8.40 8.91 8.83 7.81 6.57 6.72 6.06 7.88 8.25 10.15 10.15 9.49 12.19 11.32 11.53 10.00 9.34 9.27 9.42 8.61 8.54 8.98 9.49 9.27 9.56 7.74 8.25 8.18 8.54 8.91 8.83 9.27 10.66 11.17
21.24 25.40 24.45 25.04 23.36 19.71 17.59 18.83 14.31 14.31 13.87 13.94 13.07 17.08 15.04 13.87 14.60 10.00 6.79 3.58 5.48 0.00 0.00 0.00 0.00 0.00 0.00 0.00 3.80 7.15 6.50 7.66 9.49 8.91 11.97 11.97 11.24 12.05 11.75 11.97 12.85 11.68 12.12 11.32 11.61 10.07 8.69 8.83 8.76 9.05 9.05 7.37 7.08 7.59 5.48 4.82 5.04 4.82 6.06 5.62 5.62 7.96 8.03 7.96 7.59 5.77 7.37 5.77 6.20 6.13 7.23 7.37 7.66 7.74 6.86 6.94 7.59 8.18 10.15 13.00 13.38 13.12 13.81 13.81
21.24 25.40 24.45 25.04 23.36 19.71 17.59 18.83 14.31 14.31 13.87 13.94 13.07 17.08 15.04 13.87 14.60 10.00 6.79 3.58 5.48 0.00 0.00 0.00 0.00 0.00 0.00 0.00 3.80 7.15 6.50 7.66 9.49 8.91 11.97 11.97 11.24 12.05 11.75 11.97 12.85 11.68 12.12 11.32 11.61 10.07 8.69 8.83 8.76 9.05 9.05 7.37 7.08 7.59 5.48 4.82 5.04 4.82 6.06 5.62 5.62 7.96 8.03 7.96 7.59 5.77 7.37 5.77 6.20 6.13 7.23 7.37 7.66 7.74 6.86 8.02 10.47 11.76 13.90 22.09 22.10 17.45 17.77 14.33
18.18 27.01 26.65 24.09 23.65 22.41 23.29 19.71 16.28 16.28 14.24 19.64 19.86 20.37 18.40 14.67 10.22 11.46 5.84 0.00 0.00 0.00 0.00 0.00 0.00 0.00 2.77 4.67 3.72 6.35 8.03 7.74 10.29 11.83 11.24 11.24 13.07 13.51 11.53 10.44 10.29 12.70 13.14 12.92 12.34 11.17 11.32 11.90 9.56 9.86 7.30 4.82 5.04 3.58 2.99 2.99 4.16 4.02 4.96 6.28 6.28 5.69 6.72 6.50 6.50 5.62 5.84 5.77 5.77 6.35 6.06 7.52 8.03 7.15 9.33 11.15 13.88 11.95 11.87 19.90 20.42 17.38 16.77 16.19
15.55 13.94 19.78 16.79 19.86 18.98 17.89 17.45 20.29 20.29 19.64 22.63 15.62 15.70 15.62 13.07 7.88 0.00 0.00 0.00 0.00 0.00 0.00 0.00 3.21 1.39 2.48 6.72 7.30 6.94 8.69 9.93 9.71 11.02 10.80 10.80 13.58 10.51 11.10 10.00 12.48 11.83 13.80 12.63 12.99 11.39 12.26 12.05 9.56 6.42 7.74 4.60 3.14 3.36 2.63 3.21 2.99 5.04 5.84 5.69 5.69 6.86 7.52 7.59 7.52 8.10 7.88 7.81 8.40 8.25 9.34 8.10 9.06 11.08 11.27 11.36 14.07 14.83 19.04 20.13 17.03 18.13 15.89 16.32
10.88 10.29 15.55 18.25 13.21 15.04 17.23 18.69 20.51 20.51 15.48 13.80 12.70 11.32 0.00 0.00 0.00 0.00 0.00 0.00 0.00 0.00 5.55 5.55 5.40 7.66 7.59 6.94 10.22 8.98 9.13 8.47 10.15 9.86 11.02 11.02 11.46 11.24 11.53 15.26 14.75 13.21 11.97 12.12 10.88 9.49 10.66 7.96 8.47 6.28 5.55 5.99 5.55 5.91 4.53 4.38 5.48 5.26 6.86 7.74 7.74 7.59 8.47 8.10 8.40 7.81 8.18 8.40 8.40 9.34 10.44 8.61 9.36 7.93 7.07 9.39 15.07 14.48 14.30 13.54 14.60 15.57 12.89 12.91
10.88 10.29 15.55 18.25 13.21 15.04 17.23 18.69 20.51 20.51 15.48 13.80 12.70 11.32 0.00 0.00 0.00 0.00 0.00 0.00 0.00 0.00 5.55 5.55 5.40 7.66 7.59 6.94 10.22 8.98 9.13 8.47 10.15 9.86 11.02 11.02 11.46 11.24 11.53 15.26 14.75 13.21 11.97 12.12 10.88 9.49 10.66 7.96 8.47 6.28 5.55 5.99 5.55 5.91 4.53 4.38 5.48 5.26 6.86 7.74 7.74 7.59 8.47 8.10 8.40 7.81 8.18 8.40 8.40 9.34 10.44 8.61 9.13 7.81 6.86 8.72 13.44 13.41 15.25 14.05 14.60 15.23 14.16 13.81
12.48 10.95 10.59 10.51 11.75 12.70 13.94 10.07 5.84 5.84 5.99 6.86 8.98 0.00 0.00 0.00 0.00 0.00 2.77 5.91 7.23 7.15 7.37 9.49 8.91 8.98 9.86 10.66 10.59 8.76 8.40 8.47 9.86 11.17 10.66 10.66 12.26 12.85 12.05 15.48 14.31 14.89 11.39 10.00 9.93 9.05 7.88 7.74 8.54 7.66 6.64 6.72 7.01 6.50 7.59 9.93 9.49 11.02 11.97 12.05 12.05 12.78 12.56 12.78 11.61 12.12 11.90 12.70 13.51 12.19 12.99 10.66 11.53 9.42 8.76 11.31 12.42 11.43 12.47 13.73 12.47 13.31 12.47 11.24
11.17 11.75 10.44 9.86 11.68 8.61 5.69 6.13 3.65 3.65 0.00 0.00 0.00 0.00 0.00 0.00 0.00 4.60 3.58 6.86 8.47 11.02 11.53 11.02 10.22 9.20 9.71 11.83 8.91 8.98 9.71 10.00 9.64 10.95 11.90 11.90 11.68 13.29 13.72 13.51 14.60 12.56 13.14 10.88 10.59 8.32 8.76 9.20 9.13 9.20 8.25 8.61 8.61 11.68 9.05 10.59 12.19 12.05 13.14 14.67 14.67 14.16 15.84 14.89 15.55 14.02 14.89 14.89 14.82 17.45 15.62 12.92 12.78 11.96 12.91 13.57 11.34 11.81 12.69 11.22 12.56 9.89 10.50 10.60
14.82 15.26 12.78 15.04 13.94 12.92 5.77 6.42 0.00 0.00 0.00 0.00 3.87 1.02 0.00 0.00 0.00 6.79 10.07 8.61 13.51 13.29 13.51 11.61 11.68 15.04 11.39 12.85 11.46 10.95 11.32 10.66 10.88 10.73 11.39 11.39 12.92 12.70 13.87 13.65 13.94 13.43 11.75 11.97 12.05 13.07 13.14 10.44 10.37 10.37 9.20 9.05 8.98 12.12 14.31 13.72 15.77 14.24 15.77 14.97 14.97 20.22 22.12 22.12 22.41 21.53 21.32 19.93 18.83 18.18 18.76 16.13 14.52 15.51 16.18 14.05 12.78 14.28 11.25 12.45 12.54 11.85 12.25 11.52
15.48 16.13 15.77 15.33 14.89 14.67 14.38 12.99 6.28 6.28 9.13 8.10 9.13 6.35 9.78 9.05 8.91 8.54 10.29 12.85 12.63 12.63 13.80 14.97 14.16 15.40 12.99 13.36 13.58 12.34 11.39 11.32 12.99 12.05 11.90 11.90 13.36 12.41 13.29 13.07 13.14 13.43 13.07 14.02 13.65 13.72 12.70 12.85 12.92 12.12 11.61 10.51 13.07 12.34 14.75 16.86 15.84 16.35 15.40 19.20 19.20 18.40 21.83 22.78 22.56 23.00 19.86 18.40 19.64 19.49 18.76 14.83 18.52 16.55 16.48 13.30 14.39 14.23 13.84 14.20 13.59 14.49 13.91 14.79
15.48 16.13 15.77 15.33 14.89 14.67 14.38 12.99 6.28 6.28 9.13 8.10 9.13 6.35 9.78 9.05 8.91 8.54 10.29 12.85 12.63 12.63 13.80 14.97 14.16 15.40 12.99 13.36 13.58 12.34 11.39 11.32 12.99 12.05 11.90 11.90 13.36 12.41 13.29 13.07 13.14 13.43 13.07 14.02 13.65 13.72 12.70 12.85 12.92 12.12 11.61 10.51 13.07 12.34 14.75 16.86 15.84 16.35 15.40 19.20 19.20 18.40 21.83 22.78 22.56 23.00 19.86 18.40 19.64 19.49 18.76 18.20 17.35 17.99 14.80 16.46 14.60 15.73 14.12 12.81 13.14 12.46 15.13 16.80
16.50 10.66 11.24 10.95 11.68 11.24 13.80 14.02 14.24 14.24 14.38 12.34 13.07 12.78 12.78 10.73 9.78 9.42 9.34 11.68 10.88 10.51 13.07 14.02 14.53 14.75 14.75 13.94 12.78 12.85 12.70 13.58 13.36 13.65 13.58 13.58 13.80 12.63 12.48 12.63 13.36 13.29 12.92 13.94 12.63 14.24 12.56 12.41 11.75 12.34 11.02 12.92 12.56 14.38 15.33 15.11 17.52 16.43 15.11 15.55 15.55 17.08 19.20 18.98 20.29 19.05 17.59 18.03 18.25 17.45 14.07 12.12 14.96 13.96 14.29 17.01 16.59 13.82 13.76 17.07 14.50 15.90 15.02 13.76
9.34 9.56 10.51 10.88 10.29 10.80 11.17 12.05 12.56 12.56 12.34 12.92 14.38 13.87 11.75 11.83 9.71 9.13 10.29 9.86 9.86 11.39 13.36 13.43 12.48 14.16 14.16 12.63 12.34 12.92 12.63 13.21 13.43 13.29 14.45 14.45 13.65 13.87 12.41 13.07 12.78 13.51 12.48 12.85 11.61 10.51 9.49 11.68 10.59 10.15 10.22 11.68 13.65 13.21 15.26 16.64 16.21 16.86 15.04 15.11 15.11 15.04 17.01 18.47 18.10 18.54 17.45 15.70 14.31 15.04 13.79 11.43 11.98 11.96 13.55 12.93 13.42 14.41 15.49 17.14 15.81 16.67 16.34 16.35
7.15 8.47 8.69 7.52 9.64 11.32 10.00 9.78 10.37 10.37 12.05 11.53 12.85 10.80 10.59 9.05 11.02 8.40 10.29 12.05 11.68 11.75 12.56 11.68 11.90 10.88 12.05 12.26 10.80 11.90 13.36 13.14 13.80 14.60 14.45 14.45 14.45 13.65 13.43 13.58 13.80 13.80 12.70 10.29 9.93 10.00 8.69 7.74 7.59 7.66 8.47 8.25 9.71 11.46 13.94 15.04 16.06 15.55 15.91 15.55 15.55 16.06 15.84 15.91 15.04 15.91 15.91 16.13 14.82 11.90 11.24 12.12 12.19 11.68 13.65 13.08 15.57 16.65 18.99 17.33 19.06 16.76 14.60 15.13
3.07 4.82 6.13 7.88 6.79 7.96 7.37 9.20 10.15 10.15 9.13 10.44 10.51 10.59 10.37 9.13 9.13 9.05 9.78 13.21 17.74 13.87 15.26 12.12 10.15 10.00 10.37 9.93 10.07 11.17 13.87 15.18 15.40 14.97 15.04 15.04 15.04 14.60 13.07 13.65 13.65 11.90 8.76 9.42 9.13 7.59 8.25 6.50 6.57 6.72 7.15 8.76 10.00 9.64 12.34 14.89 14.45 15.26 16.06 16.43 16.43 16.21 15.99 14.75 11.46 14.53 11.90 10.88 10.51 11.32 10.66 11.61 13.51 14.02 16.08 17.96 18.02 18.20 18.98 17.48 20.00 15.44 17.70 13.23
2.63 3.14 3.80 3.58 5.40 6.64 8.54 8.61 7.15 7.15 8.40 10.15 10.07 9.56 9.71 9.71 7.59 12.34 11.24 14.09 18.69 16.94 11.97 12.85 9.93 11.61 12.05 10.59 12.78 16.94 16.21 16.21 16.57 16.64 17.08 17.08 15.55 15.91 14.16 14.45 13.94 13.21 9.34 9.49 9.20 8.61 5.33 5.26 5.18 5.77 6.42 7.37 8.25 10.88 10.22 13.65 15.26 15.33 15.48 15.18 15.18 8.69 7.41 6.57 8.40 9.56 9.34 9.05 9.78 6.94 9.13 12.48 11.68 14.45 15.21 19.47 24.10 20.13 22.66 19.74 14.23 15.21 14.96 15.60
2.63 3.14 3.80 3.58 5.40 6.64 8.54 8.61 7.15 7.15 8.40 10.15 10.07 9.56 9.71 9.71 7.59 12.34 11.24 14.09 18.69 16.94 11.97 12.85 9.93 11.61 12.05 10.59 12.78 16.94 16.21 16.21 16.57 16.64 17.08 17.08 15.55 15.91 14.16 14.45 13.94 13.21 9.34 9.49 9.20 8.61 5.33 5.26 5.18 5.77 6.42 7.37 8.25 10.88 10.22 13.65 15.26 15.33 15.48 15.18 15.18 8.69 7.41 6.57 8.40 9.56 9.34 9.05 9.78 6.94 9.13 12.48 11.68 14.45 14.60 19.57 18.72 17.71 18.98 22.98 17.41 15.54 11.72 14.39
3.14 2.34 1.90 3.14 4.31 5.40 5.55 7.08 8.03 8.03 8.10 6.86 7.37 7.74 5.77 7.15 6.28 13.72 18.54 17.52 18.98 15.40 12.05 13.58 13.94 13.87 15.55 14.75 15.33 18.25 18.32 18.25 17.52 16.28 16.35 16.35 15.18 15.04 15.04 15.99 16.43 13.29 14.09 9.64 8.91 9.13 6.57 5.99 6.28 6.35 6.35 6.42 6.50 7.66 10.07 12.12 11.68 12.19 10.95 6.79 6.79 8.10 3.29 4.67 4.31 5.55 5.77 6.35 6.42 7.08 6.72 9.27 8.91 11.17 15.33 17.02 20.59 27.27 27.96 19.92 20.68 16.85 16.24 15.78
1.10 1.61 1.39 2.56 3.14 3.36 4.82 5.26 3.87 3.87 4.89 5.26 5.62 6.64 7.37 7.59 12.92 11.90 17.37 19.13 16.13 16.72 17.37 17.37 17.74 18.10 17.37 21.24 20.73 18.83 18.18 15.18 15.84 14.38 14.67 14.67 14.16 16.57 16.94 17.23 17.23 14.75 10.95 11.90 8.40 6.64 7.74 6.57 6.50 5.69 5.91 5.91 7.23 9.49 9.13 10.80 10.80 11.02 9.20 4.38 4.38 0.00 0.00 3.21 0.00 5.77 5.11 7.45 7.88 7.37 7.59 8.98 13.14 16.21 20.59 20.85 22.53 19.64 26.53 23.42 28.83 17.56 19.87 19.09
2.70 2.12 2.34 2.41 3.14 2.77 2.77 3.50 3.87 3.87 4.02 7.74 9.49 8.91 9.05 13.72 14.82 20.15 16.72 20.44 18.54 19.64 19.56 18.83 18.61 21.24 18.76 22.48 22.48 22.85 18.83 14.45 12.26 12.78 13.29 13.29 16.21 15.62 16.50 15.26 13.94 15.26 11.02 7.45 7.88 6.20 5.26 5.48 5.48 4.09 2.99 2.99 5.77 3.72 3.87 3.07 3.21 2.56 0.00 0.00 0.00 0.00 0.00 3.43 8.83 8.69 8.10 7.59 8.61 10.59 12.12 14.97 20.75 22.56 25.57 26.55 25.23 20.88 22.14 23.36 20.59 17.93 16.16 16.77
1.53 2.48 2.63 2.48 2.34 2.92 3.72 3.43 3.87 3.87 6.28 9.49 10.80 15.11 16.35 15.99 17.81 21.10 21.61 21.46 20.00 20.95 22.19 21.75 21.53 22.34 22.78 23.00 21.90 17.74 14.53 15.26 12.34 13.65 13.29 13.29 15.91 16.13 14.89 15.18 12.41 8.61 10.59 6.64 5.69 5.33 5.55 4.96 4.16 2.48 2.92 2.12 0.00 0.00 2.41 0.00 0.00 0.00 0.00 0.00 0.00 0.00 3.94 7.96 8.03 9.71 8.69 10.22 10.51 13.14 16.50 20.51 19.64 23.17 29.44 23.53 30.91 28.95 23.36 20.46 17.52 15.85 18.87 15.60
1.61 2.19 2.85 2.12 2.85 2.70 4.38 5.33 7.23 7.23 6.79 8.83 11.17 15.18 16.64 12.85 12.85 17.16 14.16 18.32 18.47 17.59 21.32 21.83 21.97 23.00 20.29 20.00 21.97 17.16 14.60 13.80 13.94 15.04 15.11 15.11 15.11 16.50 14.38 12.41 13.07 8.98 6.94 5.55 5.40 5.77 5.04 5.26 4.31 0.00 0.00 0.00 0.00 0.00 0.00 0.00 0.00 0.00 0.00 0.00 0.00 0.00 0.00 5.69 10.59 12.05 11.46 11.97 10.15 13.29 16.85 19.15 28.17 26.95 29.20 34.94 25.94 26.28 19.84 17.80 16.19 16.03 13.85 10.47
1.61 2.19 2.85 2.12 2.85 2.70 4.38 5.33 7.23 7.23 6.79 8.83 11.17 15.18 16.64 12.85 12.85 17.16 14.16 18.32 18.47 17.59 21.32 21.83 21.97 23.00 20.29 20.00 21.97 17.16 14.60 13.80 13.94 15.04 15.11 15.11 15.11 16.50 14.38 12.41 13.07 8.98 6.94 5.55 5.40 5.77 5.04 5.26 4.31 0.00 0.00 0.00 0.00 0.00 0.00 0.00 0.00 0.00 0.00 0.00 0.00 0.00 0.00 5.69 10.59 12.05 11.46 11.97 10.15 13.29 16.93 18.95 25.47 30.03 31.16 40.76 30.11 25.43 20.73 17.29 17.12 19.01 12.64 8.89
2.70 2.56 2.70 1.61 1.97 1.83 2.70 4.82 6.57 6.57 7.88 9.42 9.34 11.24 8.47 10.44 8.25 11.02 11.24 14.75 14.38 13.65 18.91 18.32 14.38 18.83 18.61 17.16 16.72 17.89 14.24 12.34 11.17 14.31 13.94 13.94 11.10 9.20 9.20 11.90 9.42 9.93 7.08 5.69 6.28 5.62 6.28 5.26 2.92 3.50 0.00 0.00 0.00 0.00 0.00 0.00 0.00 0.00 0.00 0.00 0.00 0.00 0.00 0.00 0.00 8.32 13.07 16.28 15.04 21.53 23.82 24.33 29.99 32.95 28.86 26.93 24.12 21.78 20.93 17.72 14.42 12.20 11.68 7.57
2.77 1.75 2.56 1.83 2.41 3.29 3.07 3.94 4.96 4.96 6.86 8.91 6.20 7.37 7.37 7.30 6.94 8.98 9.78 9.20 11.46 9.05 8.69 13.29 10.07 10.07 13.94 14.38 11.24 12.48 12.99 10.66 7.81 6.86 11.90 11.90 8.91 7.37 7.15 6.86 5.48 6.06 6.20 5.33 4.82 4.89 4.60 4.96 2.12 0.00 0.00 0.00 0.00 0.00 0.00 0.00 0.00 0.00 0.00 0.00 0.00 0.00 0.00 0.00 5.33 11.68 17.52 21.39 24.38 22.63 26.50 26.72 32.30 27.53 31.25 23.83 24.76 20.89 19.61 19.68 12.54 8.01 8.01 1.05
2.70 2.63 3.80 3.07 4.16 3.65 4.53 5.77 5.55 5.55 7.01 4.16 3.94 5.11 5.26 4.53 6.28 6.72 7.23 5.18 5.40 5.99 5.69 8.18 8.03 8.40 10.51 9.71 9.93 7.37 7.66 6.79 6.86 5.84 5.62 5.62 6.64 5.99 5.55 4.31 4.53 3.29 2.41 1.46 2.77 2.48 0.00 0.00 0.00 0.00 0.00 0.00 0.00 0.00 0.00 0.00 0.00 0.00 0.00 0.00 0.00 0.00 0.00 4.31 4.16 8.18 12.92 18.61 23.00 24.67 26.86 28.13 31.71 34.17 24.54 29.79 23.70 23.29 24.06 18.86 11.33 6.50 1.61 0.16
4.82 4.45 4.67 3.94 4.09 3.72 4.31 5.91 4.31 4.31 2.99 3.36 3.21 2.26 2.99 4.09 6.42 5.84 6.57 5.91 5.40 4.60 5.26 8.10 8.10 8.03 9.20 8.61 7.30 8.03 6.86 6.28 6.06 5.84 6.28 6.28 5.40 5.91 5.26 4.31 3.29 2.34 2.56 1.31 0.00 0.00 0.00 0.00 0.00 0.00 0.00 1.39 3.50 2.04 2.92 0.00 0.00 0.00 0.00 0.00 0.00 0.00 0.00 0.00 5.04 12.92 17.45 18.91 24.60 24.24 26.65 24.92 24.98 26.45 29.99 23.94 25.53 24.96 22.53 16.19 13.19 9.35 1.50 0.00
4.67 3.80 3.87 2.77 3.21 3.07 3.87 4.67 1.46 1.46 0.00 0.00 2.19 2.19 3.50 3.43 4.67 5.18 5.40 5.33 5.99 7.08 6.72 8.54 9.27 9.93 9.93 8.61 7.74 6.57 6.86 6.35 5.69 5.62 5.77 5.77 5.33 6.42 6.06 5.69 4.09 2.99 1.90 2.12 1.39 0.00 0.00 0.00 0.00 0.00 0.00 2.26 2.04 0.00 0.00 0.00 0.00 0.00 0.00 0.00 0.00 0.00 0.00 0.00 9.93 8.25 13.21 14.75 19.86 21.02 24.67 19.49 23.44 18.69 19.12 20.42 21.11 19.36 14.42 12.62 7.11 8.11 3.72 1.03
2.34 1.53 0.15 1.61 1.10 0.37 0.66 0.58 0.07 0.07 0.00 0.00 2.63 2.70 2.70 2.63 2.70 4.38 3.43 4.89 5.55 4.89 8.03 8.03 6.94 8.69 8.03 8.25 7.30 6.35 5.99 6.06 6.79 6.06 7.08 7.08 6.86 7.08 6.13 7.23 7.15 7.15 6.20 6.13 3.43 2.77 0.73 0.07 0.37 0.00 0.00 0.00 0.00 0.00 0.00 0.00 0.00 0.00 0.00 0.00 0.00 0.00 0.00 0.00 1.17 5.91 10.73 8.83 17.45 14.82 18.18 16.80 20.48 17.88 12.83 14.13 15.73 7.69 7.56 7.34 6.05 1.83 0.00 0.00
2.34 1.53 0.15 1.61 1.10 0.37 0.66 0.58 0.07 0.07 0.00 0.00 2.63 2.70 2.70 2.63 2.70 4.38 3.43 4.89 5.55 4.89 8.03 8.03 6.94 8.69 8.03 8.25 7.30 6.35 5.99 6.06 6.79 6.06 7.08 7.08 6.86 7.08 6.13 7.23 7.15 7.15 6.20 6.13 3.43 2.77 0.73 0.07 0.37 0.00 0.00 0.00 0.00 0.00 0.00 0.00 0.00 0.00 0.00 0.00 0.00 0.00 0.00 0.00 1.17 5.91 10.73 8.83 17.45 14.82 18.18 16.72 20.18 17.61 12.83 14.76 14.01 7.38 7.38 7.71 5.93 1.92 0.00 0.00
0.80 0.00 0.00 0.73 0.44 0.00 0.00 0.00 0.00 0.00 0.00 0.00 2.19 2.04 2.70 2.04 1.68 3.29 2.56 3.21 3.50 2.99 5.62 5.69 5.11 5.18 7.37 7.37 7.01 6.86 7.08 8.10 9.20 9.13 9.05 9.05 7.01 7.23 7.15 7.96 8.18 7.74 7.88 7.01 7.01 6.13 5.55 5.69 4.67 1.10 0.00 0.00 0.00 0.00 0.00 0.00 0.00 0.00 0.00 0.66 0.66 0.00 0.00 0.00 0.00 0.73 5.77 4.38 7.59 7.66 15.55 8.83 9.56 14.45 15.48 9.20 2.66 4.16 4.81 4.25 0.22 0.45 0.00 0.00
