Wansh/Snow_depth/snowdepth-1998/winter/1999020.txt
ncols 321
nrows 161
xllcenter 60
yllcenter 15 
cellsize  0.25 
NODATA_value -1
[rows 0 to 36 of 161, columns 84 to 167 of 321]
11.61 11.53 11.32 11.75 10.88 11.39 7.52 5.69 5.62 8.03 7.37 7.08 9.49 7.74 7.66 9.56 9.71 9.42 9.42 9.27 9.56 7.74 6.28 3.65 0.22 0.66 0.07 0.15 0.66 2.41 2.26 3.80 4.74 4.82 5.18 5.11 6.42 6.94 7.01 6.20 6.06 5.77 7.15 7.15 5.11 1.46 2.77 1.24 3.65 3.07 5.04 8.54 7.96 9.64 5.18 6.79 12.63 6.28 5.04 5.33 2.85 1.61 1.97 0.73 1.90 1.68 1.46 4.16 4.16 5.69 4.74 7.81 12.19 10.29 12.34 10.80 9.56 9.56 8.61 15.40 13.14 10.07 10.51 4.67
12.48 10.44 10.29 11.02 4.74 2.56 3.43 3.07 3.07 2.04 5.18 4.31 3.87 5.04 4.96 4.38 7.96 7.81 7.81 9.56 8.61 10.44 7.96 3.29 4.53 0.51 0.58 0.00 0.29 0.15 0.66 3.29 3.07 2.77 2.92 2.92 3.07 3.29 4.09 4.16 5.91 8.83 8.18 8.18 8.25 4.45 4.96 2.26 2.56 2.34 3.72 3.58 3.58 3.72 3.50 5.26 5.55 5.62 5.26 6.79 6.06 6.20 4.67 3.94 4.16 3.43 6.28 6.86 6.86 6.50 7.81 10.44 15.70 17.08 17.59 17.81 17.37 18.10 20.66 16.57 15.26 15.99 12.41 10.66
9.34 9.42 3.72 1.75 3.29 0.00 1.61 1.02 2.19 2.99 2.41 2.56 2.48 2.48 2.77 3.87 3.43 3.87 3.87 7.01 7.01 6.64 6.57 5.18 2.19 2.48 1.02 1.31 0.51 0.66 0.58 1.75 2.56 2.26 2.48 2.34 3.58 4.82 4.31 6.79 7.52 7.59 9.78 9.78 12.34 11.97 10.95 6.64 6.64 2.56 1.75 1.75 1.68 2.26 2.26 4.38 4.16 5.91 7.59 7.30 7.59 10.22 10.59 9.49 9.49 9.27 12.85 11.61 11.61 11.46 11.83 12.26 14.16 20.29 20.22 20.81 23.43 23.21 23.00 21.24 20.29 22.41 23.21 22.27
9.34 9.42 3.72 1.75 3.29 0.00 1.61 1.02 2.19 2.99 2.41 2.56 2.48 2.48 2.77 3.87 3.43 3.87 3.87 7.01 7.01 6.64 6.57 5.18 2.19 2.48 1.02 1.31 0.51 0.66 0.58 1.75 2.56 2.26 2.48 2.34 3.58 4.82 4.31 6.79 7.52 7.59 9.78 9.78 12.34 11.97 10.95 6.64 6.64 2.56 1.75 1.75 1.68 2.26 2.26 4.38 4.16 5.91 7.59 7.30 7.59 10.22 10.59 9.49 9.49 9.27 12.85 11.61 11.61 11.46 11.83 12.26 14.16 20.29 20.22 20.81 23.43 23.21 23.00 21.24 20.29 22.41 23.21 22.27
1.68 0.00 0.00 0.00 0.00 0.00 0.00 0.88 0.15 0.00 2.63 2.19 3.50 4.45 4.38 3.94 2.99 3.14 3.14 3.36 5.40 5.26 5.77 5.55 5.33 2.26 2.56 1.39 1.97 1.97 1.17 1.24 2.56 3.87 3.58 4.31 5.04 4.89 4.89 7.59 6.57 7.08 6.79 6.79 10.73 12.19 12.12 8.76 4.67 5.48 2.04 1.68 1.83 1.31 1.83 2.41 2.85 4.09 6.35 6.72 9.78 11.02 12.48 11.97 12.99 14.45 14.31 13.87 13.87 14.31 13.14 12.12 16.50 12.78 14.97 18.32 22.27 14.60 18.76 17.67 19.42 21.90 20.81 19.42
2.41 0.00 0.00 0.00 0.58 0.00 0.00 0.00 0.73 0.58 2.41 4.16 3.87 5.84 6.50 6.64 6.35 3.21 3.21 3.43 2.56 3.07 4.45 5.55 5.11 5.84 2.63 2.70 1.97 1.31 1.39 2.19 3.50 3.94 4.38 4.38 4.16 3.43 3.80 1.83 2.48 2.26 3.65 3.65 6.13 5.18 9.20 9.27 9.42 5.91 2.63 2.77 2.41 1.75 2.04 2.70 3.21 2.77 4.31 6.86 10.00 9.56 11.17 14.38 14.82 13.94 13.87 14.02 14.02 12.12 11.97 11.90 11.97 12.19 13.58 10.15 9.64 10.44 12.34 11.61 18.54 16.86 20.73 22.19
0.00 0.00 1.83 1.61 1.46 0.15 0.37 0.51 0.73 0.66 0.73 3.43 4.45 3.80 7.59 7.66 7.74 6.86 6.86 2.92 3.07 3.36 4.82 4.31 5.62 3.07 3.65 1.83 1.97 1.83 2.04 1.97 2.92 4.16 3.80 4.38 2.92 3.50 0.15 0.80 1.61 2.92 2.56 2.56 4.82 8.18 7.30 9.20 6.28 7.15 3.80 3.21 2.34 2.63 3.14 3.87 3.65 5.18 7.30 9.93 10.51 10.37 14.09 13.87 14.82 15.33 14.67 14.02 14.02 11.02 12.56 14.97 12.63 14.02 12.05 12.78 10.44 8.98 10.88 12.05 14.97 13.65 19.42 18.69
0.00 0.00 1.83 1.61 1.46 0.15 0.37 0.51 0.73 0.66 0.73 3.43 4.45 3.80 7.59 7.66 7.74 6.86 6.86 2.92 3.07 3.36 4.82 4.31 5.62 3.07 3.65 1.83 1.97 1.83 2.04 1.97 2.92 4.16 3.80 4.38 2.92 3.50 0.15 0.80 1.61 2.92 2.56 2.56 4.82 8.18 7.30 9.20 6.28 7.15 3.80 3.21 2.34 2.63 3.14 3.87 3.65 5.18 7.30 9.93 10.51 10.37 14.09 13.87 14.82 15.33 14.67 14.02 14.02 11.02 12.56 14.97 12.63 14.02 12.05 12.78 10.44 8.98 10.88 12.05 14.97 13.65 19.42 18.69
0.00 1.53 1.53 2.34 1.24 1.53 0.80 1.39 1.46 1.46 0.44 0.58 2.56 5.04 4.16 7.01 6.28 6.79 6.79 5.84 8.54 4.38 6.28 4.38 5.04 2.41 1.61 1.61 2.04 1.90 2.85 2.99 2.99 3.94 5.62 5.40 4.16 2.12 2.41 2.12 1.97 1.83 3.14 3.14 4.74 4.45 5.18 5.33 5.33 4.02 3.65 3.36 3.80 3.50 6.79 4.67 6.50 7.01 9.05 8.47 9.78 10.59 12.85 11.53 12.92 13.72 13.51 12.05 12.05 12.70 13.87 15.18 14.16 14.24 13.65 12.92 12.26 12.19 12.63 11.10 12.41 12.34 16.86 16.13
0.00 2.63 2.85 2.77 2.34 1.90 1.90 1.53 0.00 0.00 0.07 0.00 0.15 3.87 5.99 5.77 6.64 6.94 6.94 6.42 10.22 10.66 10.95 4.82 2.85 2.85 3.07 3.58 2.26 2.92 2.41 2.77 2.77 5.77 5.18 6.20 5.33 3.94 4.60 3.72 3.07 2.63 2.48 2.48 3.36 4.31 4.74 4.67 6.13 7.66 9.34 9.34 9.13 8.76 9.05 7.59 10.15 9.49 10.07 9.42 10.15 9.86 10.07 9.56 10.95 10.44 12.05 11.97 11.97 15.55 14.38 13.80 15.11 14.09 14.82 14.02 16.35 20.66 16.13 12.99 13.58 11.10 11.46 11.97
3.87 3.58 4.23 3.50 3.80 0.00 0.00 0.00 0.00 0.37 0.58 0.58 1.97 1.61 3.72 6.86 6.20 10.51 10.51 15.11 10.95 12.05 5.99 7.30 2.92 3.21 2.99 3.21 2.48 2.99 2.63 3.87 3.21 4.60 5.62 5.62 5.69 5.18 5.33 4.74 5.55 5.40 6.79 6.79 5.99 6.06 6.20 7.23 6.64 9.56 11.46 17.01 12.48 14.53 11.10 10.88 11.02 11.24 13.94 11.68 10.95 11.32 9.20 9.42 9.27 10.59 13.29 17.01 17.01 16.94 15.91 15.62 17.23 21.17 21.32 22.92 22.70 21.46 19.56 17.67 12.41 14.24 11.24 8.83
3.87 3.58 4.23 3.50 3.80 0.00 0.00 0.00 0.00 0.37 0.58 0.58 1.97 1.61 3.72 6.86 6.20 10.51 10.51 15.11 10.95 12.05 5.99 7.30 2.92 3.21 2.99 3.21 2.48 2.99 2.63 3.87 3.21 4.60 5.62 5.62 5.69 5.18 5.33 4.74 5.55 5.40 6.79 6.79 5.99 6.06 6.20 7.23 6.64 9.56 11.46 17.01 12.48 14.53 11.10 10.88 11.02 11.24 13.94 11.68 10.95 11.32 9.20 9.42 9.27 10.59 13.29 17.01 17.01 16.94 15.91 15.62 17.23 21.17 21.32 22.92 22.70 21.46 19.56 17.67 12.41 14.24 11.24 8.83
5.26 4.53 4.89 0.00 0.00 2.41 0.00 2.12 2.26 1.61 3.80 3.29 3.07 7.23 7.30 11.32 13.51 12.26 12.26 15.70 12.34 13.94 8.18 5.04 4.96 4.82 2.77 2.85 2.56 3.58 3.36 4.74 6.57 6.35 8.61 10.95 7.30 7.59 9.71 6.86 7.52 8.25 8.54 8.54 8.10 9.78 10.59 7.74 13.58 16.13 19.71 19.27 17.23 13.07 16.13 14.89 13.36 15.99 13.94 13.72 13.65 10.95 10.07 9.93 10.66 12.63 14.75 16.79 16.79 18.69 19.86 19.78 21.02 21.61 22.19 24.09 24.97 23.07 23.58 18.91 16.13 15.55 15.18 13.29
5.99 4.89 3.72 3.80 2.77 3.36 3.65 2.41 4.60 3.94 4.45 9.20 8.40 10.66 13.65 14.67 14.38 15.77 15.77 12.34 13.21 8.91 9.64 5.40 4.67 3.29 3.50 4.23 7.01 4.23 7.15 6.72 9.05 10.51 11.83 11.46 13.58 11.90 12.78 11.10 11.97 11.75 12.12 12.12 11.90 12.12 13.14 14.67 15.99 15.77 17.37 18.98 20.59 19.93 20.81 16.94 21.61 17.23 16.72 13.80 12.12 13.07 11.83 14.02 12.70 15.62 17.67 17.08 17.08 19.78 21.83 20.66 20.73 22.41 23.43 20.22 20.66 18.69 6.64 11.90 10.80 13.14 12.41 12.99
6.28 5.84 4.60 6.13 5.91 4.60 4.82 4.89 5.62 7.74 7.45 9.34 11.83 10.51 14.53 13.65 12.99 12.41 12.41 11.39 9.13 9.93 7.81 7.96 8.10 5.11 5.26 5.04 8.18 12.70 12.26 16.28 15.77 13.87 13.51 11.75 13.14 11.10 11.39 11.39 12.41 14.53 18.61 18.61 15.84 18.18 18.10 17.16 17.59 18.61 19.35 19.13 20.15 22.48 29.13 26.57 27.59 24.31 19.64 10.73 8.61 9.20 9.34 14.16 12.56 15.26 16.64 16.64 16.64 17.59 19.86 20.73 20.59 18.98 19.71 18.91 16.64 4.31 0.00 7.74 6.64 12.63 11.75 15.99
7.81 7.23 8.54 7.45 7.30 7.37 4.31 3.72 7.01 6.72 6.28 6.64 8.25 9.49 8.83 11.32 11.17 11.02 11.02 10.88 8.83 8.69 8.61 8.76 9.13 9.20 10.15 10.51 9.20 13.65 16.94 16.21 16.57 13.07 13.80 11.32 9.93 12.34 11.24 17.67 19.42 19.05 19.35 19.35 16.86 16.64 16.57 16.21 14.45 17.01 16.35 17.96 18.91 17.89 23.73 23.00 27.59 21.24 14.89 9.56 9.34 9.20 9.56 10.07 11.32 12.41 16.79 18.40 18.40 19.93 18.98 19.49 17.74 16.72 15.77 12.70 3.72 5.69 0.00 10.22 18.40 15.55 15.18 15.84
7.81 7.23 8.54 7.45 7.30 7.37 4.31 3.72 7.01 6.72 6.28 6.64 8.25 9.49 8.83 11.32 11.17 11.02 11.02 10.88 8.83 8.69 8.61 8.76 9.13 9.20 10.15 10.51 9.20 13.65 16.94 16.21 16.57 13.07 13.80 11.32 9.93 12.34 11.24 17.67 19.42 19.05 19.35 19.35 16.86 16.64 16.57 16.21 14.45 17.01 16.35 17.96 18.91 17.89 23.73 23.00 27.59 21.24 14.89 9.56 9.34 9.20 9.56 10.07 11.32 12.41 16.79 18.40 18.40 19.93 18.98 19.49 17.74 16.72 15.77 12.70 3.72 5.69 0.00 10.22 18.40 15.55 15.18 15.84
8.40 9.20 8.76 8.54 8.32 6.57 5.04 2.77 3.36 5.33 5.18 7.52 7.01 8.76 9.56 9.42 9.20 9.13 9.13 7.66 7.88 7.66 7.01 8.69 9.42 10.66 10.51 12.34 13.36 15.40 15.18 17.37 17.08 14.53 10.29 9.86 8.18 11.83 16.72 15.62 18.47 15.11 13.07 13.07 16.13 13.14 13.51 14.38 14.89 14.53 16.86 15.33 13.94 14.67 18.61 21.97 16.21 14.67 12.63 11.61 10.66 12.48 12.41 16.64 16.79 16.57 17.30 18.69 18.69 21.68 19.05 20.08 19.64 17.37 17.23 12.63 4.02 2.77 9.86 7.37 14.24 8.83 14.09 15.70
8.32 9.93 10.44 10.15 10.22 8.61 7.37 3.87 3.50 5.84 8.25 7.45 12.12 11.24 11.39 9.27 10.22 10.07 10.07 8.18 7.88 8.10 6.64 8.76 8.25 11.17 13.51 13.07 14.75 15.33 18.10 17.74 19.86 18.54 19.42 13.51 8.25 6.86 7.08 8.18 12.34 11.53 13.36 13.36 12.70 12.85 13.07 12.05 7.88 12.56 14.67 14.60 14.09 12.26 12.26 14.38 15.04 14.53 15.04 13.94 15.40 24.09 16.21 19.93 19.42 21.10 22.12 21.46 21.46 21.32 23.43 19.78 21.02 16.86 15.70 6.86 1.39 2.48 7.23 5.99 4.96 7.30 7.74 9.13
9.86 9.56 9.64 11.02 11.32 9.93 10.15 4.53 4.89 5.91 10.51 11.75 11.61 10.07 8.25 9.34 10.15 11.83 11.83 11.61 12.41 7.96 8.32 8.69 12.34 15.48 15.04 16.13 13.65 15.70 16.13 20.29 19.71 19.86 15.33 16.64 10.29 5.77 4.82 4.96 5.62 11.32 9.93 9.93 14.09 13.51 8.10 5.33 5.18 7.74 11.39 12.78 11.68 9.71 11.02 11.24 14.24 16.13 19.13 19.42 22.78 21.53 27.16 22.48 23.07 23.87 27.67 26.35 26.35 27.81 20.00 15.84 7.30 6.35 3.14 4.16 1.90 1.61 3.29 4.60 6.13 4.96 5.91 6.64
9.42 10.80 10.29 12.05 12.56 11.68 11.90 10.37 8.61 7.81 10.37 12.56 10.00 10.22 8.25 9.64 9.27 12.12 12.12 12.92 13.14 13.14 13.29 10.00 11.32 15.77 15.91 16.57 12.12 9.20 9.93 8.18 12.99 13.51 14.38 6.13 2.04 0.37 0.58 1.68 2.77 2.41 5.62 5.62 11.39 10.95 7.45 6.72 8.32 11.39 12.78 11.39 10.22 10.22 9.34 11.17 15.48 20.37 21.83 25.33 27.89 24.97 25.19 25.70 25.26 25.70 23.87 20.95 20.95 26.57 22.56 5.91 5.11 4.31 2.41 1.17 1.83 1.61 2.85 4.23 2.70 5.04 5.77 4.09
10.66 11.17 10.88 12.19 11.97 12.63 11.68 11.46 13.72 12.56 13.87 13.29 17.52 11.83 12.26 11.97 15.04 14.67 14.67 13.21 15.04 15.55 15.62 17.37 19.05 16.50 17.01 15.11 15.99 12.12 7.45 8.83 7.74 11.10 5.99 7.74 1.97 0.00 0.66 0.00 3.07 3.07 0.95 0.95 3.58 2.92 5.55 6.50 3.14 4.89 7.45 8.83 10.59 9.56 12.34 13.72 15.70 18.47 18.98 23.51 18.40 20.66 24.60 24.67 23.14 20.95 21.46 17.67 17.67 17.81 14.60 5.77 3.94 3.87 1.97 1.53 1.46 1.17 2.04 1.90 2.85 2.34 2.77 2.63
10.66 11.17 10.88 12.19 11.97 12.63 11.68 11.46 13.72 12.56 13.87 13.29 17.52 11.83 12.26 11.97 15.04 14.67 14.67 13.21 15.04 15.55 15.62 17.37 19.05 16.50 17.01 15.11 15.99 12.12 7.45 8.83 7.74 11.10 5.99 7.74 1.97 0.00 0.66 0.00 3.07 3.07 0.95 0.95 3.58 2.92 5.55 6.50 3.14 4.89 7.45 8.83 10.59 9.56 12.34 13.72 15.70 18.47 18.98 23.51 18.40 20.66 24.60 24.67 23.14 20.95 21.46 17.67 17.67 17.81 14.60 5.77 3.94 3.87 1.97 1.53 1.46 1.17 2.04 1.90 2.85 2.34 2.77 2.63
11.02 10.37 9.86 11.24 12.26 12.41 13.72 15.26 14.45 17.81 15.70 18.18 17.89 19.42 17.59 17.37 17.23 17.74 17.74 18.18 17.81 17.45 19.13 19.13 20.15 20.00 20.44 17.37 14.67 10.22 9.05 5.11 2.85 5.77 4.60 1.31 0.07 0.58 0.37 0.00 1.53 1.68 0.44 0.44 0.37 0.00 0.00 0.00 0.00 0.00 3.80 1.10 5.69 2.48 6.20 7.96 9.64 15.18 9.20 12.99 11.68 17.89 20.59 17.45 21.46 19.27 15.77 15.33 15.33 11.83 14.38 9.27 5.77 7.37 4.23 2.34 1.61 0.95 0.51 0.07 0.95 0.51 1.02 0.00
10.44 10.44 10.15 11.24 11.53 15.04 14.67 20.73 19.56 19.20 21.24 18.40 18.40 18.18 18.32 18.03 19.78 19.05 19.05 18.40 21.02 20.22 22.05 19.81 19.74 20.81 17.25 15.99 16.28 13.36 5.84 7.15 3.36 1.31 0.37 0.37 0.29 0.58 1.24 1.31 0.37 0.66 0.00 0.00 0.00 0.00 0.00 0.00 0.00 0.00 0.00 0.00 0.00 0.00 1.17 1.68 5.04 3.72 5.62 9.13 8.69 11.46 17.30 16.72 20.15 15.48 14.53 13.51 13.51 13.14 14.60 11.83 8.98 5.84 3.36 1.10 1.61 1.39 1.39 1.10 0.00 0.00 0.00 0.00
10.88 12.05 12.41 11.68 15.77 17.45 20.44 19.86 21.24 20.73 21.53 17.45 17.96 15.40 15.77 14.67 17.96 18.61 18.61 18.76 20.73 22.48 22.41 22.09 23.93 20.26 20.77 19.34 17.08 18.10 10.29 6.35 6.94 4.60 1.02 0.07 0.07 0.00 0.22 1.10 1.02 0.00 0.00 0.00 0.00 0.00 0.00 0.00 0.00 0.00 0.00 0.00 0.00 0.00 0.00 0.00 0.00 1.17 1.10 3.80 6.86 9.05 6.06 8.10 10.66 9.93 11.39 11.61 11.61 12.05 12.70 11.75 10.15 7.37 4.82 3.21 6.94 3.65 4.60 2.34 1.17 0.44 0.00 0.15
12.48 12.34 14.24 17.23 16.57 18.10 19.42 19.05 19.20 16.21 11.68 9.86 8.76 5.11 11.90 11.17 14.16 18.18 18.18 16.79 19.71 20.68 20.77 20.47 21.33 20.88 24.64 23.30 23.63 21.97 16.57 17.67 14.31 9.05 4.89 5.62 2.04 0.07 0.00 0.00 0.58 0.00 0.00 0.00 0.00 0.00 0.00 0.00 0.00 0.00 0.00 0.00 0.00 0.00 0.00 0.00 0.00 0.00 0.00 2.56 4.16 3.50 5.18 6.20 6.86 9.93 14.24 9.64 9.64 16.50 15.40 11.68 13.21 9.27 7.66 10.15 7.52 5.04 3.50 2.04 0.00 1.39 0.00 0.66
13.21 14.24 14.09 17.01 17.67 17.67 17.45 16.50 8.83 10.88 5.33 3.72 2.12 1.46 6.64 13.58 12.05 17.23 17.23 16.74 11.58 12.45 17.54 18.91 19.12 18.83 24.16 26.34 26.36 24.55 20.91 17.59 18.10 15.48 9.49 5.33 6.13 2.92 0.07 0.07 0.15 0.00 0.07 0.07 0.00 0.00 0.00 0.00 0.00 0.00 0.00 0.00 0.00 0.00 0.00 0.95 0.73 0.00 0.00 0.00 3.80 3.43 4.96 6.28 10.73 12.34 15.40 18.83 18.83 18.03 15.33 13.14 7.01 7.23 7.52 7.45 7.15 5.04 4.45 2.12 1.68 0.95 0.37 0.58
13.21 14.24 14.09 17.01 17.67 17.67 17.45 16.50 8.83 10.88 5.33 3.72 2.12 1.46 6.64 13.58 12.05 17.23 17.31 17.28 11.75 13.33 17.09 19.39 18.83 18.83 23.43 24.48 24.63 24.93 21.12 18.33 20.34 16.38 9.73 5.33 6.13 2.92 0.07 0.07 0.15 0.00 0.07 0.07 0.00 0.00 0.00 0.00 0.00 0.00 0.00 0.00 0.00 0.00 0.00 0.95 0.73 0.00 0.00 0.00 3.80 3.43 4.96 6.28 10.73 12.34 15.40 18.83 18.83 18.03 15.33 13.14 7.01 7.23 7.52 7.45 7.15 5.04 4.45 2.12 1.68 0.95 0.37 0.58
15.11 14.24 15.04 14.82 17.96 15.91 15.33 16.79 13.72 13.43 13.87 4.09 0.00 8.10 6.20 19.27 20.00 19.35 19.35 18.54 11.68 7.74 8.44 6.52 6.96 10.03 17.70 24.50 26.65 25.90 26.32 22.54 22.58 24.93 17.76 20.58 14.82 7.88 1.61 2.41 0.00 0.15 0.00 0.00 0.00 0.00 0.00 0.95 0.95 0.00 0.00 0.00 0.00 0.00 0.00 1.02 0.00 0.00 0.00 1.24 2.77 3.14 8.54 13.43 12.12 15.70 17.37 15.62 15.62 15.18 10.37 7.81 5.55 5.99 6.35 5.99 4.96 5.04 4.96 2.77 0.66 1.31 0.00 0.00
14.60 14.89 13.94 12.48 14.75 12.48 12.85 15.48 17.30 16.94 15.48 11.83 8.10 10.73 18.40 15.91 20.81 18.18 18.18 13.50 14.82 8.29 4.67 3.80 3.67 0.00 7.15 15.43 13.86 21.75 25.19 24.02 24.38 25.25 24.22 20.76 20.68 14.09 6.57 9.86 4.60 1.61 0.66 0.66 0.00 0.00 0.00 0.15 0.00 0.00 0.00 0.00 0.00 0.00 0.00 0.66 0.00 0.00 0.00 0.00 0.88 1.75 7.37 13.80 16.21 14.09 17.74 17.81 17.81 12.92 8.18 6.57 4.67 5.48 3.50 4.16 3.72 5.26 3.36 2.56 2.26 0.00 0.00 0.00
14.67 14.67 13.07 12.78 12.26 11.02 11.10 14.97 17.01 16.94 14.60 11.75 10.88 11.32 14.45 17.23 14.24 13.51 13.51 8.03 6.13 10.07 4.96 0.00 0.00 0.00 0.00 9.81 16.69 14.68 21.53 24.82 24.67 24.97 25.05 23.93 25.99 19.64 16.72 14.97 11.24 6.72 4.16 4.16 0.00 0.00 0.00 0.00 0.00 0.15 0.00 0.00 0.00 0.00 0.00 0.00 0.00 0.00 0.00 0.00 0.00 0.00 4.82 8.32 11.10 11.17 8.76 7.30 7.30 5.55 6.28 3.21 1.46 2.04 2.04 1.83 6.64 6.20 4.60 5.26 3.07 2.41 1.97 2.34
14.45 14.24 13.14 14.45 13.87 14.82 11.61 14.75 18.76 18.76 15.40 13.36 12.63 10.29 9.93 10.88 7.96 5.48 5.48 6.20 3.50 4.67 4.53 4.67 2.56 0.00 0.00 3.96 10.22 16.13 14.67 20.08 22.41 23.73 25.92 26.72 27.64 25.34 19.22 15.71 15.70 11.53 10.29 10.29 2.70 0.95 0.00 0.00 0.00 0.00 0.00 0.95 0.00 0.00 0.00 0.00 0.00 0.00 0.07 0.00 0.00 0.00 5.33 4.60 7.96 8.32 6.42 5.99 5.99 3.65 0.00 1.02 0.00 0.88 2.77 6.57 5.55 6.42 6.28 6.50 5.55 4.96 4.74 4.96
10.88 10.07 11.46 15.77 16.06 14.53 16.94 17.89 18.07 17.16 16.43 17.23 15.48 9.20 4.89 5.77 5.04 2.41 2.41 1.97 1.97 3.29 4.31 3.50 4.09 0.00 1.68 3.47 6.94 5.77 10.59 13.58 19.71 18.61 22.41 25.84 25.92 25.11 24.23 24.93 19.52 15.99 14.38 14.38 6.42 2.26 4.82 0.44 3.29 1.61 1.24 0.22 0.37 0.00 0.00 0.00 0.00 0.15 0.00 0.00 0.44 0.00 1.61 0.00 0.00 5.33 6.35 3.65 3.65 0.00 0.00 0.00 0.15 0.15 1.17 2.92 2.41 6.20 6.86 7.88 5.48 4.09 4.82 5.18
7.88 5.62 7.23 8.83 14.53 13.51 18.91 17.30 15.50 15.62 10.95 9.86 8.25 9.71 3.43 0.15 0.00 0.00 0.00 0.00 0.00 0.00 2.85 3.43 2.92 2.04 2.34 2.41 5.11 8.93 8.40 10.42 13.17 18.32 15.04 15.77 15.70 21.09 23.80 21.97 17.77 14.82 11.90 11.90 12.92 11.61 9.42 9.71 7.37 5.55 0.00 0.88 1.17 0.00 0.00 0.00 0.00 0.00 0.22 0.00 0.00 0.00 0.00 0.00 0.00 1.61 0.00 0.00 0.00 0.00 0.00 0.00 0.00 0.07 0.29 1.39 0.00 0.58 5.69 5.55 4.45 3.80 5.04 3.87
7.88 5.62 7.23 8.83 14.53 13.51 18.91 17.30 15.11 15.62 10.95 9.86 8.25 9.71 3.43 0.15 0.00 0.00 0.00 0.00 0.00 0.00 2.85 3.43 2.92 2.04 2.34 2.41 5.04 8.61 8.10 10.37 12.78 18.32 15.11 15.85 15.70 20.98 24.04 21.97 17.59 14.82 11.90 11.90 12.92 11.61 9.42 9.71 7.37 5.55 0.00 0.88 1.17 0.00 0.00 0.00 0.00 0.00 0.22 0.00 0.00 0.00 0.00 0.00 0.00 1.61 0.00 0.00 0.00 0.00 0.00 0.00 0.00 0.07 0.29 1.39 0.00 0.58 5.69 5.55 4.45 3.80 5.04 3.87
10.07 6.57 6.94 6.94 15.04 19.20 17.89 16.68 13.41 8.91 9.05 9.05 6.42 2.85 3.87 0.22 0.07 0.00 0.00 0.00 0.00 0.00 0.00 0.00 0.00 3.14 4.16 3.80 5.04 6.50 6.94 7.52 8.98 8.54 10.29 13.36 15.55 13.80 16.80 13.36 15.40 12.99 8.54 8.54 13.21 12.99 11.97 11.97 13.80 12.34 11.46 2.56 0.22 0.00 0.00 0.00 0.00 0.00 0.00 0.00 0.00 0.00 0.44 0.00 0.00 0.00 0.00 0.00 0.00 0.00 0.00 0.00 0.07 0.00 0.00 0.00 0.00 0.00 0.00 0.00 0.00 0.00 0.00 0.00
