Wansh/Snow_depth/snowdepth-1998/winter/1999003.txt
ncols 321
nrows 161
xllcenter 60
yllcenter 15 
cellsize  0.25 
NODATA_value -1
[rows 0 to 36 of 161, columns 168 to 251 of 321]
3.36 1.31 2.12 1.46 0.73 3.87 4.23 4.23 4.09 4.09 3.58 3.50 2.63 2.85 3.14 3.80 4.67 5.77 5.33 7.01 5.69 5.77 5.69 5.26 5.69 2.99 2.99 0.00 0.00 0.00 0.00 0.00 7.59 13.07 12.56 12.56 8.10 12.70 12.48 12.70 10.07 10.73 9.78 10.00 9.13 12.41 12.41 14.02 11.97 11.24 9.71 9.86 8.32 6.64 6.94 6.57 6.50 6.20 6.64 6.79 6.79 6.94 8.03 10.73 13.80 13.14 14.75 12.70 13.21 11.61 11.97 11.32 11.75 11.75 12.41 14.82 14.24 16.57 17.81 17.59 17.81 17.67 17.89 17.67
6.50 2.85 2.85 4.16 2.99 1.90 2.92 3.07 3.07 3.07 3.14 4.02 3.65 4.89 4.09 4.53 4.31 5.55 6.28 6.28 5.69 6.06 4.96 5.48 4.82 0.00 0.00 0.00 0.00 0.00 0.00 7.08 3.87 7.81 6.13 6.13 7.37 9.20 13.14 12.70 14.24 16.21 11.75 14.45 14.53 15.18 13.51 14.16 11.02 8.91 9.49 8.18 8.61 6.42 6.64 6.50 6.79 6.64 6.79 6.13 6.13 6.06 8.61 11.24 10.51 10.95 10.88 10.88 11.46 10.29 11.32 12.63 12.34 13.14 14.38 14.75 15.84 16.57 18.25 16.21 14.75 16.06 13.80 14.16
13.21 9.34 6.06 6.57 4.38 5.62 4.74 5.18 3.87 3.87 4.74 4.23 3.94 3.43 4.45 5.62 6.13 5.62 7.30 7.23 5.69 5.91 6.06 6.79 6.79 0.00 0.00 0.00 0.00 0.00 1.90 0.00 6.28 6.28 4.74 4.74 9.42 7.96 14.75 16.13 15.84 16.79 13.07 16.13 12.56 13.65 8.61 8.32 10.44 8.83 6.94 7.45 6.64 6.64 7.01 6.72 6.86 6.50 6.94 6.86 6.86 8.40 7.45 9.71 9.86 10.15 9.86 11.61 11.10 12.12 12.12 11.90 13.29 13.21 13.36 14.16 13.87 14.60 14.24 14.24 14.16 11.24 11.68 11.68
13.21 9.34 6.06 6.57 4.38 5.62 4.74 5.18 3.87 3.87 4.74 4.23 3.94 3.43 4.45 5.62 6.13 5.62 7.30 7.23 5.69 5.91 6.06 6.79 6.79 0.00 0.00 0.00 0.00 0.00 1.90 0.00 6.28 6.28 4.74 4.74 9.42 7.96 14.75 16.13 15.84 16.79 13.07 16.13 12.56 13.65 8.61 8.32 10.44 8.83 6.94 7.45 6.64 6.64 7.01 6.72 6.86 6.50 6.94 6.86 6.86 8.40 7.45 9.71 9.86 10.15 9.86 11.61 11.10 12.12 12.12 11.90 13.29 13.21 13.36 14.16 13.87 14.60 14.24 14.24 14.16 11.24 11.68 11.68
12.99 10.88 14.82 11.10 7.66 8.83 7.01 5.26 4.31 4.31 5.91 4.82 6.13 6.28 5.40 8.10 10.59 9.71 10.00 7.52 6.50 6.42 6.64 4.16 0.00 0.00 0.00 0.00 0.00 0.00 3.65 5.62 4.67 5.18 4.89 4.89 8.91 14.16 13.58 12.78 12.78 15.48 11.90 7.88 8.47 7.52 7.15 7.15 6.13 6.50 6.35 6.28 5.91 7.30 5.84 6.06 6.20 6.06 7.01 8.32 8.32 7.74 10.00 8.61 8.83 8.61 8.69 8.61 9.34 8.76 8.76 9.20 9.27 9.27 9.49 8.69 9.05 8.61 8.83 7.96 9.56 9.13 10.80 11.61
18.76 18.40 18.83 15.26 16.13 12.56 11.61 8.10 9.49 9.49 7.88 6.79 9.13 10.88 10.73 10.66 11.10 9.42 5.99 5.99 6.57 4.67 0.00 0.00 0.00 0.00 0.00 0.00 0.00 4.02 2.19 4.89 6.86 6.20 9.78 9.78 10.59 10.51 10.66 11.10 11.32 10.22 12.26 7.88 7.37 7.59 6.86 5.77 6.13 5.62 5.69 6.79 6.64 6.94 5.11 5.26 5.26 4.45 5.33 4.89 4.89 7.88 9.56 8.69 7.96 8.25 7.37 7.30 7.23 7.45 7.74 7.81 7.74 7.96 8.10 7.88 6.72 7.66 7.15 8.25 9.34 8.47 9.78 10.59
18.10 20.00 21.97 21.39 18.69 16.43 13.80 12.70 13.14 13.14 10.66 11.02 11.02 11.83 11.90 12.92 9.13 10.37 6.64 1.24 0.00 0.00 0.00 0.00 0.00 0.00 0.00 0.00 0.00 4.89 5.40 5.04 6.64 9.27 8.91 8.91 8.91 8.98 9.42 8.76 9.64 9.64 8.98 8.91 7.88 7.81 7.88 8.25 6.94 6.79 7.15 7.15 5.84 3.36 3.50 4.45 3.87 4.09 4.38 6.35 6.35 5.91 6.28 4.89 5.33 3.87 3.72 3.80 4.45 5.99 5.84 6.35 5.62 5.55 5.84 6.20 6.35 7.23 8.91 9.20 10.63 14.11 12.22 13.98
18.10 20.00 21.97 21.39 18.69 16.43 13.80 12.70 13.14 13.14 10.66 11.02 11.02 11.83 11.90 12.92 9.13 10.37 6.64 1.24 0.00 0.00 0.00 0.00 0.00 0.00 0.00 0.00 0.00 4.89 5.40 5.04 6.64 9.27 8.91 8.91 8.91 8.98 9.42 8.76 9.64 9.64 8.98 8.91 7.88 7.81 7.88 8.25 6.94 6.79 7.15 7.15 5.84 3.36 3.50 4.45 3.87 4.09 4.38 6.35 6.35 5.91 6.28 4.89 5.33 3.87 3.72 3.80 4.45 5.99 5.84 6.35 5.62 5.55 5.84 7.17 8.76 10.40 12.20 15.63 17.55 18.77 15.72 14.51
11.46 19.35 22.05 17.81 19.78 20.15 22.56 16.28 13.72 13.72 13.29 15.62 20.95 16.57 18.18 14.45 7.59 4.23 6.06 0.00 0.00 0.00 0.00 0.00 0.00 0.00 0.00 0.58 3.65 3.29 4.96 7.23 6.79 9.71 11.17 11.17 11.39 9.56 8.54 8.61 9.27 10.22 10.07 9.64 10.00 8.91 8.69 8.47 9.05 7.15 7.74 4.23 2.77 2.92 2.56 2.48 2.48 3.07 3.94 3.94 3.94 5.04 5.18 4.09 3.58 3.43 4.31 3.80 3.65 5.77 6.13 6.06 6.13 5.87 8.38 9.36 13.28 13.83 11.21 18.60 19.47 14.87 13.18 15.48
6.64 10.22 9.78 13.80 19.49 15.04 13.87 14.16 13.65 13.65 17.89 19.78 17.74 15.18 8.61 8.91 2.77 0.00 0.00 0.00 0.00 0.00 0.00 0.00 0.00 0.00 4.60 3.87 4.60 6.42 6.57 6.79 8.54 7.88 11.10 11.10 8.47 8.83 8.10 9.49 8.83 11.24 10.22 10.37 9.34 9.49 8.40 8.32 8.18 6.72 4.23 4.60 2.56 2.70 2.63 2.48 2.48 2.48 3.72 4.96 4.96 4.82 4.38 5.04 4.82 6.06 5.69 5.99 6.42 7.37 7.08 6.64 6.26 8.42 8.97 11.57 10.90 15.05 16.89 15.66 14.71 13.62 15.35 13.63
5.26 6.42 5.69 9.86 14.02 10.22 12.19 14.82 16.35 16.35 15.48 16.72 9.42 5.62 5.48 5.84 0.00 0.00 0.00 0.00 0.00 1.17 0.22 4.96 0.00 5.04 6.13 5.62 7.45 7.01 6.64 7.01 7.81 8.83 8.47 8.47 8.10 9.05 8.61 11.39 11.61 11.39 10.29 8.10 8.83 7.81 6.20 6.35 5.55 4.96 4.53 2.99 2.99 3.72 3.14 3.94 4.74 6.50 4.31 5.18 5.18 7.59 5.48 5.04 5.84 5.62 6.06 6.13 5.84 7.52 9.27 7.88 6.74 7.04 5.49 9.50 10.45 15.07 11.15 11.00 11.03 11.46 10.67 10.47
5.26 6.42 5.69 9.86 14.02 10.22 12.19 14.82 16.35 16.35 15.48 16.72 9.42 5.62 5.48 5.84 0.00 0.00 0.00 0.00 0.00 1.17 0.22 4.96 0.00 5.04 6.13 5.62 7.45 7.01 6.64 7.01 7.81 8.83 8.47 8.47 8.10 9.05 8.61 11.39 11.61 11.39 10.29 8.10 8.83 7.81 6.20 6.35 5.55 4.96 4.53 2.99 2.99 3.72 3.14 3.94 4.74 6.50 4.31 5.18 5.18 7.59 5.48 5.04 5.84 5.62 6.06 6.13 5.84 7.52 9.27 7.88 6.57 6.94 5.33 8.82 9.31 13.95 11.90 11.42 11.03 11.21 11.72 11.20
7.08 7.01 6.06 6.42 7.15 7.96 9.49 8.76 1.31 1.31 2.04 0.00 1.61 2.56 0.00 0.00 0.00 0.00 0.00 5.99 4.02 4.31 4.67 6.64 6.20 5.40 7.45 7.52 7.74 7.08 6.86 7.37 7.23 8.69 10.00 10.00 9.93 10.29 11.83 11.39 12.85 10.73 11.39 7.96 6.35 6.72 5.69 6.06 6.06 5.04 4.67 4.96 5.18 4.82 4.96 6.28 5.99 7.23 7.81 8.91 8.91 8.91 8.76 9.27 9.42 9.56 9.93 8.61 9.49 9.86 9.86 9.27 7.88 8.18 6.44 8.12 8.28 10.37 9.91 11.11 8.31 10.31 10.22 10.31
7.96 7.66 6.57 7.15 7.81 7.59 3.80 5.69 0.00 0.00 0.00 0.00 0.00 0.00 0.00 0.00 0.00 3.72 6.06 5.69 9.27 9.42 9.64 7.37 8.91 7.30 7.45 8.25 8.10 7.37 7.59 7.81 8.03 7.88 9.27 9.27 8.91 8.98 11.24 12.41 12.34 12.12 10.51 9.64 7.08 6.94 7.45 8.40 8.03 6.13 5.18 5.40 5.62 7.30 10.44 10.07 10.51 10.51 8.98 10.88 10.88 15.04 12.78 11.97 11.90 11.90 11.75 15.04 15.55 12.41 13.80 10.44 8.76 10.23 9.42 8.67 7.79 8.27 10.11 8.21 8.78 8.01 8.70 10.24
12.99 11.10 11.83 11.10 12.56 9.13 8.98 7.45 0.00 0.00 0.00 0.00 0.00 0.00 0.00 1.39 0.00 4.02 8.32 10.80 10.37 11.61 11.10 9.05 8.83 13.36 10.07 10.51 10.95 8.54 9.05 9.20 8.18 8.61 8.91 8.91 9.56 10.73 10.44 10.44 11.90 12.12 10.44 10.44 8.83 10.00 9.71 9.86 10.07 9.42 9.86 6.86 7.96 7.45 11.24 11.61 11.68 10.80 11.90 11.10 11.10 14.24 17.59 19.20 18.76 19.78 16.94 17.59 17.16 16.79 17.30 14.02 9.65 10.67 10.19 10.51 8.59 10.06 9.49 10.01 9.21 8.72 10.52 9.53
12.99 12.78 10.80 12.48 12.26 13.36 12.70 10.22 8.47 8.47 8.18 8.61 6.50 7.96 5.33 5.69 7.96 8.10 8.10 10.37 11.97 11.61 12.56 14.45 14.97 15.33 12.99 12.05 12.19 11.17 9.34 9.56 8.76 9.86 9.78 9.78 9.64 9.93 10.07 9.93 9.86 10.88 10.95 10.80 11.46 11.39 10.51 11.24 11.46 10.00 9.05 9.71 9.93 12.26 13.29 12.92 12.05 12.56 10.73 14.02 14.02 18.25 17.59 19.78 20.73 20.81 18.83 15.91 16.79 18.91 15.70 11.74 10.15 11.97 10.40 10.60 11.21 9.76 9.29 11.22 11.38 11.90 12.64 10.93
12.99 12.78 10.80 12.48 12.26 13.36 12.70 10.22 8.47 8.47 8.18 8.61 6.50 7.96 5.33 5.69 7.96 8.10 8.10 10.37 11.97 11.61 12.56 14.45 14.97 15.33 12.99 12.05 12.19 11.17 9.34 9.56 8.76 9.86 9.78 9.78 9.64 9.93 10.07 9.93 9.86 10.88 10.95 10.80 11.46 11.39 10.51 11.24 11.46 10.00 9.05 9.71 9.93 12.26 13.29 12.92 12.05 12.56 10.73 14.02 14.02 18.25 17.59 19.78 20.73 20.81 18.83 15.91 16.79 18.91 15.70 14.42 9.51 13.01 9.34 13.12 11.38 10.80 9.48 10.12 11.00 10.23 13.75 12.40
11.02 8.25 11.46 9.93 10.29 9.78 11.10 12.70 12.99 12.99 10.88 11.90 9.42 9.64 8.83 11.02 9.42 8.76 8.98 8.54 11.39 10.80 13.14 12.99 11.75 12.70 12.34 12.34 10.15 10.66 9.78 9.93 10.29 10.29 10.29 10.29 10.44 10.44 9.86 9.56 9.56 10.15 10.15 11.32 11.53 10.59 11.02 9.93 9.93 11.24 10.29 10.37 11.61 11.68 12.63 14.97 14.53 14.53 13.14 13.36 13.36 14.16 16.57 18.25 18.25 17.67 15.70 15.99 15.33 14.82 12.48 13.17 12.82 10.56 10.49 11.95 12.26 10.88 10.97 12.78 12.13 12.80 13.54 11.79
6.79 6.42 8.91 8.83 8.32 8.32 8.98 9.05 8.61 8.61 10.15 11.17 12.26 12.19 11.24 11.53 9.42 8.61 9.13 8.91 10.22 10.73 10.59 10.00 10.22 11.53 12.05 11.46 10.44 9.34 9.42 10.07 9.93 10.51 10.22 10.22 9.93 9.56 9.78 9.05 9.56 9.34 9.64 8.03 10.73 10.44 8.76 9.05 9.42 8.10 9.05 9.05 10.22 12.05 11.53 15.04 15.33 15.48 14.45 13.36 13.36 14.75 14.45 16.21 16.86 17.01 16.21 14.24 11.97 10.05 11.21 10.03 9.28 9.16 10.05 10.51 9.98 11.05 11.15 13.44 12.46 14.50 13.05 12.24
5.04 4.09 8.25 7.66 7.45 8.10 7.74 7.74 8.54 8.54 9.42 9.13 11.02 10.73 9.27 8.61 8.91 7.74 9.86 11.10 10.80 11.39 11.97 9.71 10.37 10.15 9.71 8.10 8.32 9.27 9.56 11.90 10.80 11.61 10.80 10.80 11.17 9.34 9.49 10.07 10.29 9.78 10.29 7.59 6.79 6.79 6.94 7.81 7.52 7.45 8.61 9.20 8.91 9.56 10.73 13.65 13.36 14.24 14.97 15.11 15.11 14.97 13.94 13.36 13.87 13.29 13.51 13.87 11.53 9.27 8.61 10.66 10.73 9.93 9.13 11.09 12.30 12.22 13.77 13.23 13.82 13.03 10.36 12.50
2.48 3.87 3.43 4.96 5.84 6.72 7.52 6.57 7.15 7.15 8.69 9.42 10.29 9.78 10.00 9.27 8.25 9.86 9.20 12.19 15.70 14.09 14.02 11.02 8.76 7.96 7.74 7.37 8.32 10.00 9.42 12.85 13.87 12.34 11.75 11.75 12.34 10.29 10.73 11.24 10.80 11.83 8.03 6.79 6.72 7.15 5.40 5.84 4.89 6.86 8.18 8.32 8.54 8.91 8.47 12.70 13.58 13.36 14.67 14.89 14.89 14.67 14.31 13.65 11.90 11.90 12.05 8.83 8.18 8.10 7.74 10.00 11.32 12.19 11.79 12.92 15.41 15.83 15.39 14.60 15.58 12.81 12.99 11.17
0.66 2.99 2.85 3.14 3.29 4.45 3.87 5.04 6.28 6.28 6.28 7.15 9.93 9.78 10.15 7.23 7.96 10.66 16.79 15.91 16.64 13.87 10.37 11.24 7.96 8.76 10.44 10.37 9.27 13.43 13.07 12.92 14.60 15.18 14.45 14.45 13.07 12.34 12.70 11.32 12.12 12.12 10.29 7.88 8.83 8.61 5.48 4.89 4.82 5.77 5.91 6.06 5.99 7.15 8.98 10.29 14.75 14.09 11.90 13.36 13.36 9.20 6.31 5.69 5.40 5.84 7.01 7.59 7.37 7.52 7.74 9.78 12.12 11.83 12.70 14.84 18.30 17.77 15.91 13.37 11.85 11.64 13.53 12.93
0.66 2.99 2.85 3.14 3.29 4.45 3.87 5.04 6.28 6.28 6.28 7.15 9.93 9.78 10.15 7.23 7.96 10.66 16.79 15.91 16.64 13.87 10.37 11.24 7.96 8.76 10.44 10.37 9.27 13.43 13.07 12.92 14.60 15.18 14.45 14.45 13.07 12.34 12.70 11.32 12.12 12.12 10.29 7.88 8.83 8.61 5.48 4.89 4.82 5.77 5.91 6.06 5.99 7.15 8.98 10.29 14.75 14.09 11.90 13.36 13.36 9.20 6.31 5.69 5.40 5.84 7.01 7.59 7.37 7.52 7.74 9.78 12.12 11.83 12.19 14.92 14.21 15.64 13.32 15.56 14.49 11.89 10.60 11.93
0.00 0.00 0.66 2.04 3.36 3.58 3.94 4.23 5.04 5.04 4.96 6.28 6.64 4.89 5.33 5.11 6.35 10.51 16.72 14.60 12.41 13.43 9.34 10.59 10.66 9.78 12.05 15.99 11.02 14.82 15.77 15.11 15.04 14.31 14.31 14.31 14.75 13.14 14.97 15.11 13.72 10.29 8.98 8.91 9.27 7.08 7.59 5.18 5.40 5.40 5.55 6.13 6.57 6.64 7.96 11.02 12.85 12.56 10.66 6.42 6.42 7.30 3.29 2.92 5.04 4.82 5.18 4.89 5.55 6.28 5.99 7.96 9.56 12.19 14.38 17.02 17.21 18.36 19.35 16.18 14.60 12.26 13.83 13.85
0.00 0.00 0.00 1.53 2.99 1.46 2.34 3.07 3.72 3.72 2.56 3.58 3.21 4.60 5.84 8.69 11.90 10.51 14.97 14.38 12.85 12.19 12.41 12.99 13.51 14.16 13.07 18.47 15.84 15.77 16.21 14.38 13.36 13.80 12.85 12.85 15.26 14.31 16.13 15.04 13.87 13.07 11.02 9.27 9.42 7.74 5.33 4.60 4.38 4.74 3.80 5.11 6.13 7.08 6.64 9.13 9.86 8.61 8.91 5.77 5.77 0.00 0.00 0.00 0.00 5.69 5.69 5.84 5.62 6.86 9.13 10.29 12.92 18.03 18.19 18.89 19.60 21.86 22.83 21.74 22.26 14.06 16.25 17.22
0.00 0.00 0.00 0.00 0.22 0.00 1.02 2.04 2.56 2.56 3.21 5.40 9.27 10.00 9.78 11.24 16.64 15.99 15.99 17.01 16.28 14.45 14.89 16.06 14.24 18.69 19.56 18.83 20.00 17.23 17.59 14.97 11.97 12.41 11.97 11.97 15.18 15.11 15.99 14.31 12.92 9.20 10.00 6.57 6.94 7.15 4.96 3.58 3.80 3.87 0.00 0.00 0.00 0.00 3.43 2.77 0.00 0.00 0.00 0.00 0.00 0.00 0.00 3.36 6.20 5.69 6.50 7.45 8.32 10.00 12.99 16.06 20.83 19.25 20.75 24.33 24.03 20.03 22.24 21.79 17.86 15.78 14.81 14.60
0.00 0.00 0.00 0.00 0.00 0.00 2.41 3.07 3.07 3.07 4.60 8.03 10.59 11.97 11.90 12.99 16.13 18.18 16.06 15.99 16.35 16.50 17.16 19.93 16.57 20.37 20.59 20.08 20.44 17.16 13.94 14.60 12.99 12.05 14.89 14.89 14.38 15.26 13.87 11.75 12.26 8.61 6.42 6.86 4.09 3.07 4.31 0.00 3.21 0.00 0.00 0.00 0.00 0.00 0.00 0.00 0.00 0.00 0.00 0.00 0.00 0.00 0.00 6.86 5.84 9.34 8.32 7.96 9.64 12.12 11.46 15.33 21.15 24.36 24.96 24.46 23.45 23.01 20.44 17.01 14.81 13.54 15.16 15.71
0.37 0.00 0.00 0.00 0.00 0.00 0.66 3.29 5.11 5.11 7.59 7.30 9.49 14.16 12.48 12.56 13.29 15.77 12.34 14.82 15.33 14.31 16.64 19.86 20.51 20.66 18.76 18.76 16.50 16.86 15.48 13.87 13.80 13.87 14.02 14.02 15.18 15.48 13.94 12.12 10.07 9.93 7.08 4.67 5.11 3.80 3.87 3.80 3.65 0.00 0.00 0.00 0.00 0.00 0.00 0.00 0.00 0.00 0.00 0.00 0.00 0.00 0.00 2.99 9.05 7.30 11.68 12.70 10.95 11.90 17.37 20.49 26.62 21.49 22.61 29.41 20.89 17.76 18.34 14.71 14.40 12.69 14.60 11.72
0.37 0.00 0.00 0.00 0.00 0.00 0.66 3.29 5.11 5.11 7.59 7.30 9.49 14.16 12.48 12.56 13.29 15.77 12.34 14.82 15.33 14.31 16.64 19.86 20.51 20.66 18.76 18.76 16.50 16.86 15.48 13.87 13.80 13.87 14.02 14.02 15.18 15.48 13.94 12.12 10.07 9.93 7.08 4.67 5.11 3.80 3.87 3.80 3.65 0.00 0.00 0.00 0.00 0.00 0.00 0.00 0.00 0.00 0.00 0.00 0.00 0.00 0.00 2.99 9.05 7.30 11.68 12.70 10.95 11.90 17.46 20.27 24.07 23.94 24.13 34.31 24.25 17.19 19.16 14.29 15.23 15.05 13.33 9.95
0.00 0.00 0.00 0.00 0.00 0.00 0.00 2.63 4.16 4.16 6.35 5.55 7.15 6.79 8.25 7.15 8.47 8.83 9.34 8.40 11.32 11.02 10.88 16.86 12.99 16.57 16.64 15.84 16.13 14.60 14.60 11.61 13.21 12.41 12.12 12.12 10.15 11.68 12.05 10.95 9.27 6.42 7.01 4.82 4.23 3.72 3.58 4.38 3.29 0.00 0.00 0.00 0.00 0.00 0.00 0.00 0.00 0.00 0.00 0.00 0.00 0.00 0.00 0.00 0.00 4.67 13.29 13.58 18.05 21.24 19.10 19.54 26.58 28.11 30.10 29.96 27.17 21.06 19.71 16.92 14.96 15.36 8.49 2.55
0.00 0.88 0.00 0.00 0.00 0.00 2.26 1.61 4.09 4.09 6.50 4.67 5.91 5.40 6.64 6.28 7.01 6.06 7.37 6.94 9.42 8.47 6.57 9.78 9.56 9.64 12.41 11.83 10.66 11.90 8.91 8.61 11.10 9.78 7.74 7.74 7.52 5.26 8.61 7.30 7.45 5.11 3.36 3.29 3.80 3.87 3.14 3.07 2.92 0.00 0.00 0.00 0.00 0.00 0.00 0.00 0.00 0.00 0.00 0.00 0.00 0.00 0.00 0.00 4.89 11.53 15.11 13.51 19.42 20.37 24.45 23.56 25.73 27.64 24.52 22.19 20.69 18.65 17.83 20.76 16.10 6.32 7.22 2.33
2.12 2.04 1.31 1.61 0.00 0.00 0.00 0.00 4.09 4.09 4.31 3.80 3.50 0.00 4.53 4.23 5.77 5.99 5.48 3.87 4.16 4.96 5.40 8.10 8.32 8.03 9.56 9.13 8.76 8.03 6.50 6.06 6.06 6.79 5.62 5.62 5.11 5.11 5.26 4.96 2.48 2.99 2.26 1.68 0.00 0.00 0.00 0.00 0.00 0.00 0.00 0.00 0.73 0.00 0.00 0.00 0.00 0.00 0.00 0.00 0.00 0.00 0.00 0.00 4.53 8.83 13.80 20.22 23.43 25.77 24.53 23.31 24.18 24.65 19.98 23.08 20.33 23.74 20.15 18.65 9.73 5.07 0.69 0.00
1.83 3.36 2.70 2.34 0.00 0.00 0.00 2.92 3.65 3.65 3.72 0.00 0.00 3.14 3.80 4.23 5.04 5.33 4.23 3.87 4.53 5.48 4.82 7.37 7.74 8.61 8.40 8.61 7.66 7.23 6.42 6.06 5.91 6.13 5.26 5.26 5.33 5.40 4.60 4.60 3.50 2.63 0.00 0.00 0.00 0.00 0.00 0.00 0.00 0.00 0.00 0.00 0.00 0.00 0.00 0.00 0.00 0.00 0.00 0.00 0.00 0.00 0.00 0.00 9.20 10.51 15.26 22.27 20.81 25.11 26.21 25.66 29.57 26.77 23.58 19.76 20.46 23.87 21.00 14.76 11.45 5.06 3.37 0.22
3.50 3.36 2.56 1.97 0.00 0.00 0.00 0.00 0.00 0.00 0.00 0.00 0.00 0.00 0.00 2.56 2.63 3.87 3.80 4.31 4.23 5.84 7.59 7.08 8.32 8.61 8.40 8.76 8.69 7.23 6.79 6.28 6.28 6.35 6.13 6.13 5.40 4.96 5.04 4.38 5.11 4.23 3.87 2.56 0.00 0.00 0.00 0.00 0.00 0.00 0.00 0.00 0.00 0.00 0.00 0.00 0.00 0.00 0.00 0.00 0.00 0.00 0.00 0.00 3.36 6.42 12.26 18.10 17.74 24.67 22.63 23.80 21.58 17.69 17.54 18.77 18.65 19.28 18.49 17.32 12.13 7.45 4.31 1.11
1.24 1.24 1.10 0.29 0.00 0.00 0.00 0.00 0.00 0.00 0.00 0.00 0.00 0.00 0.00 0.00 1.68 2.85 3.72 3.94 3.87 5.26 7.74 7.01 6.35 7.88 7.37 6.35 7.74 5.99 5.91 6.42 6.94 6.50 6.79 6.79 6.86 6.20 6.64 6.06 5.69 5.84 5.33 4.53 3.80 3.80 3.14 0.00 0.95 0.00 0.00 0.00 0.00 0.00 0.00 0.00 0.00 0.00 0.00 0.00 0.00 0.00 0.00 0.00 0.00 8.61 6.72 10.80 12.34 15.40 17.37 17.02 17.58 13.33 11.43 11.40 17.14 18.06 14.95 6.01 5.14 5.04 3.26 1.34
1.24 1.24 1.10 0.29 0.00 0.00 0.00 0.00 0.00 0.00 0.00 0.00 0.00 0.00 0.00 0.00 1.68 2.85 3.72 3.94 3.87 5.26 7.74 7.01 6.35 7.88 7.37 6.35 7.74 5.99 5.91 6.42 6.94 6.50 6.79 6.79 6.86 6.20 6.64 6.06 5.69 5.84 5.33 4.53 3.80 3.80 3.14 0.00 0.95 0.00 0.00 0.00 0.00 0.00 0.00 0.00 0.00 0.00 0.00 0.00 0.00 0.00 0.00 0.00 0.00 8.61 6.72 10.80 12.34 15.40 17.37 16.94 17.31 13.13 11.43 11.91 15.27 17.34 14.60 6.32 5.04 5.30 3.26 1.31
0.00 0.00 0.00 0.00 0.00 0.00 0.00 0.00 0.00 0.00 0.00 0.00 0.00 0.00 0.00 0.00 0.00 0.00 2.77 3.94 3.87 3.29 5.40 4.67 4.02 6.72 6.64 6.57 5.40 6.57 6.28 8.18 9.05 6.64 7.88 7.88 7.66 8.32 9.56 7.08 6.94 6.42 6.64 5.84 5.55 4.96 4.38 4.74 3.80 1.83 0.00 0.00 0.00 0.00 0.00 0.00 0.00 0.00 0.00 0.00 0.00 0.00 0.00 0.00 0.15 0.00 2.70 5.55 6.72 9.42 7.59 13.43 9.78 10.99 5.94 10.34 5.97 1.02 2.11 2.09 2.08 0.00 0.00 0.00
