Wansh/Snow_depth/snowdepth-1998/winter/1999032.txt
ncols 321
nrows 161
xllcenter 60
yllcenter 15 
cellsize  0.25 
NODATA_value -1
[rows 0 to 36 of 161, columns 168 to 251 of 321]
8.83 5.48 7.01 5.91 5.04 5.04 5.55 6.28 6.35 6.35 6.06 5.48 6.13 6.06 6.13 6.50 6.35 8.10 10.29 11.46 11.24 9.42 10.44 9.13 8.76 7.96 2.70 4.82 0.00 0.00 0.00 5.55 12.48 14.53 14.89 14.89 13.80 13.80 15.99 17.45 16.64 15.33 15.62 15.48 15.48 15.48 18.61 18.18 15.33 15.70 15.04 12.19 11.68 12.48 12.48 9.93 10.88 10.22 12.05 17.01 17.01 17.01 17.01 17.01 14.75 18.98 18.40 16.28 14.09 13.58 13.36 13.07 13.51 14.09 13.87 14.97 18.25 19.27 19.13 18.76 19.05 18.32 18.32 16.57
14.67 9.34 7.59 7.74 7.74 6.64 5.11 5.62 6.28 6.28 6.06 7.66 7.52 7.15 6.86 6.94 7.74 10.29 9.86 11.02 11.17 9.86 9.05 8.61 8.61 1.68 4.23 0.00 0.00 0.00 0.00 10.73 8.61 13.58 11.17 11.17 11.61 11.17 17.67 18.32 18.83 17.08 20.22 20.00 20.08 19.78 18.83 17.81 15.99 11.97 15.84 11.32 10.51 10.37 10.15 11.10 11.39 11.24 11.02 11.61 11.61 12.99 13.36 15.40 17.01 16.28 16.72 15.70 13.94 14.82 14.60 14.97 14.09 17.16 17.37 18.76 18.18 20.00 19.64 19.42 17.96 13.87 14.97 14.97
17.81 14.97 15.33 9.78 7.74 8.18 6.94 8.25 7.30 7.30 7.37 7.37 7.15 6.79 6.79 9.49 8.91 12.34 12.48 12.78 11.46 10.44 10.66 9.42 1.97 5.11 0.00 0.00 0.00 0.00 3.14 1.68 11.17 10.51 10.66 10.66 10.44 14.89 20.88 20.15 22.34 21.24 21.02 18.10 20.15 18.18 14.24 14.75 13.14 16.06 11.75 11.61 11.02 11.10 10.51 10.51 10.80 11.10 11.68 11.53 11.53 12.48 13.36 14.38 14.67 13.80 13.87 14.16 14.16 14.53 14.82 15.18 17.37 16.64 17.37 13.58 15.48 14.97 16.06 12.05 12.63 13.51 13.87 14.67
17.81 14.97 15.33 9.78 7.74 8.18 6.94 8.25 7.30 7.30 7.37 7.37 7.15 6.79 6.79 9.49 8.91 12.34 12.48 12.78 11.46 10.44 10.66 9.42 1.97 5.11 0.00 0.00 0.00 0.00 3.14 1.68 11.17 10.51 10.66 10.66 10.44 14.89 20.88 20.15 22.34 21.24 21.02 18.10 20.15 18.18 14.24 14.75 13.14 16.06 11.75 11.61 11.02 11.10 10.51 10.51 10.80 11.10 11.68 11.53 11.53 12.48 13.36 14.38 14.67 13.80 13.87 14.16 14.16 14.53 14.82 15.18 17.37 16.64 17.37 13.58 15.48 14.97 16.06 12.05 12.63 13.51 13.87 14.67
21.02 17.52 17.52 18.61 16.94 13.65 10.44 7.52 7.81 7.81 7.52 9.42 9.13 11.61 14.02 10.00 14.60 13.72 14.31 11.68 11.97 10.73 7.66 8.47 3.65 0.00 0.00 0.00 0.00 0.07 0.00 7.52 9.42 9.20 11.24 11.24 14.45 16.06 17.59 17.16 19.86 20.73 18.03 18.83 16.28 13.87 11.75 12.63 12.92 11.17 11.24 11.10 11.39 12.05 11.02 10.80 11.61 11.24 11.68 12.70 12.70 11.68 13.29 13.72 13.87 14.02 14.24 10.88 11.32 12.48 12.05 14.31 11.24 11.53 11.61 12.48 10.73 11.17 11.02 11.10 12.05 14.31 13.80 15.11
23.14 26.50 21.83 20.29 21.10 16.43 16.06 16.50 13.21 13.21 11.97 9.56 13.07 14.75 14.53 16.06 15.62 16.21 11.10 12.05 7.66 1.90 0.00 0.00 0.00 0.00 0.00 0.00 0.00 0.00 7.74 10.66 8.40 11.02 14.67 14.67 15.77 15.48 15.84 14.16 15.55 15.70 17.52 16.57 14.45 12.70 11.10 11.68 11.17 11.68 12.26 12.19 11.24 11.39 10.80 10.88 8.47 10.00 9.56 12.34 12.34 11.68 13.29 13.51 9.71 9.42 9.78 8.98 10.80 8.76 9.71 10.07 10.44 10.73 9.93 10.22 10.44 10.22 10.95 10.88 11.97 14.09 14.09 14.38
21.53 27.30 27.30 27.38 27.01 22.85 20.08 16.57 17.08 17.08 13.65 15.18 14.45 18.47 19.20 16.57 16.06 10.59 12.05 5.99 0.00 1.46 0.00 0.00 0.00 0.00 0.00 2.48 0.22 7.88 10.88 10.44 11.75 14.38 17.37 17.37 17.16 15.18 13.29 13.58 15.48 15.55 16.28 15.91 15.33 13.51 12.63 12.34 12.41 11.97 11.97 10.44 7.88 7.88 7.52 7.30 7.52 7.52 8.40 11.02 11.02 8.98 9.34 8.91 7.59 7.30 6.13 7.30 7.96 7.66 8.54 9.34 9.93 9.86 9.34 9.34 10.07 10.00 11.39 15.89 15.74 17.49 17.69 17.33
21.53 27.30 27.30 27.38 27.01 22.85 20.08 16.57 17.08 17.08 13.65 15.18 14.45 18.47 19.20 16.57 16.06 10.59 12.05 5.99 0.00 1.46 0.00 0.00 0.00 0.00 0.00 2.48 0.22 7.88 10.88 10.44 11.75 14.38 17.37 17.37 17.16 15.18 13.29 13.58 15.48 15.55 16.28 15.91 15.33 13.51 12.63 12.34 12.41 11.97 11.97 10.44 7.88 7.88 7.52 7.30 7.52 7.52 8.40 11.02 11.02 8.98 9.34 8.91 7.59 7.30 6.13 7.30 7.96 7.66 8.54 9.34 9.93 9.86 9.34 10.80 13.90 14.39 15.60 27.00 25.99 23.27 22.77 17.98
17.30 23.58 26.94 27.01 27.08 23.87 19.56 20.66 16.79 16.79 17.74 15.99 20.44 19.78 20.15 16.13 17.08 11.53 1.24 0.00 0.00 0.00 0.00 0.00 0.00 0.00 0.00 3.43 7.59 6.72 8.69 11.53 12.99 13.36 16.72 16.72 16.94 15.40 13.72 14.02 13.94 15.99 16.57 17.01 13.87 15.70 15.48 13.29 13.29 10.73 8.91 9.49 7.08 5.69 5.77 5.62 6.72 6.28 8.10 7.08 7.08 6.86 6.86 6.20 7.15 7.15 7.59 7.59 9.49 9.56 9.71 9.56 8.76 9.11 11.11 14.15 17.71 20.13 16.11 26.14 24.12 20.15 18.77 18.58
12.99 13.94 13.65 14.97 22.48 22.70 19.64 17.89 17.81 17.81 20.29 21.24 21.46 16.28 9.42 15.62 7.88 0.00 1.61 0.00 0.00 0.00 0.00 2.41 5.69 4.74 8.76 9.49 9.05 9.56 11.10 10.88 11.97 12.56 16.06 16.06 15.70 13.43 13.36 13.21 14.31 16.28 16.79 17.08 15.91 15.99 16.13 15.62 11.97 10.07 7.74 6.64 5.04 5.62 5.26 5.77 7.01 7.37 7.23 6.79 6.79 9.42 8.10 8.47 9.42 9.34 9.56 9.34 9.34 10.80 10.88 8.83 10.27 13.21 15.40 17.74 16.40 20.60 23.23 21.78 22.01 17.25 21.36 20.83
9.86 10.37 11.32 11.39 12.12 15.26 14.53 17.52 18.83 18.83 18.10 18.03 13.14 14.24 8.25 0.00 0.00 0.00 0.00 0.00 0.00 2.04 5.18 4.16 7.23 8.69 7.66 9.49 11.61 11.24 10.37 10.80 10.29 11.68 12.99 12.99 13.36 13.80 14.02 15.62 16.86 17.08 16.43 15.26 15.11 14.97 10.44 16.13 14.75 10.00 9.56 8.10 7.52 7.37 8.40 8.83 9.86 9.78 14.31 8.83 8.83 7.23 10.59 11.68 10.59 10.37 9.27 9.71 9.34 12.56 11.53 10.15 10.41 10.82 10.08 15.62 20.30 18.69 17.84 17.46 17.75 18.28 17.92 16.40
9.86 10.37 11.32 11.39 12.12 15.26 14.53 17.52 18.83 18.83 18.10 18.03 13.14 14.24 8.25 0.00 0.00 0.00 0.00 0.00 0.00 2.04 5.18 4.16 7.23 8.69 7.66 9.49 11.61 11.24 10.37 10.80 10.29 11.68 12.99 12.99 13.36 13.80 14.02 15.62 16.86 17.08 16.43 15.26 15.11 14.97 10.44 16.13 14.75 10.00 9.56 8.10 7.52 7.37 8.40 8.83 9.86 9.78 14.31 8.83 8.83 7.23 10.59 11.68 10.59 10.37 9.27 9.71 9.34 12.56 11.53 10.15 10.15 10.66 9.78 14.51 18.09 17.30 19.03 18.11 17.75 17.88 19.69 17.54
12.41 11.24 9.42 10.80 11.75 11.61 11.75 8.10 9.05 9.05 1.61 0.00 7.66 0.00 0.00 0.00 0.00 2.26 0.00 4.38 10.80 11.02 10.44 11.02 10.51 10.29 10.88 11.46 11.46 11.83 10.88 9.71 11.53 11.02 11.97 11.97 12.92 13.72 15.18 16.21 18.47 15.77 14.09 12.26 10.73 10.95 11.02 10.51 11.02 10.95 10.15 9.27 9.78 11.17 11.39 11.39 11.32 15.48 15.40 13.87 13.87 14.38 13.36 14.02 11.46 11.10 16.50 14.82 14.02 14.60 13.29 14.16 11.61 12.41 10.63 13.15 16.55 15.13 15.24 16.89 16.73 17.61 17.86 15.99
11.68 12.63 13.51 13.72 11.61 10.66 8.83 4.45 0.00 0.00 0.00 0.00 0.00 0.00 0.00 0.00 0.73 0.00 8.91 11.53 10.66 12.78 12.26 12.56 11.68 12.99 12.63 12.63 11.53 10.59 10.29 11.24 12.19 11.46 12.41 12.41 13.29 15.55 15.70 16.13 16.72 16.64 15.84 13.36 10.80 10.80 10.00 11.61 10.51 11.39 11.17 10.44 10.73 11.02 14.67 15.84 15.48 15.91 13.87 16.50 16.50 17.59 18.10 19.93 20.15 20.44 20.15 17.30 20.29 17.89 14.31 14.60 13.14 14.11 14.28 15.63 14.30 15.24 17.86 14.24 15.11 13.94 15.10 15.90
17.16 14.16 15.77 14.60 14.82 13.65 11.61 6.57 7.96 7.96 3.21 3.21 0.00 0.00 5.99 0.00 1.97 7.96 6.13 10.29 15.84 17.37 17.23 16.64 14.75 13.94 14.16 13.51 14.75 13.80 12.41 12.41 12.05 12.41 12.48 12.48 12.99 13.43 13.87 15.91 15.33 15.99 16.06 14.16 15.33 15.84 15.77 13.51 14.38 13.36 12.26 12.41 14.67 15.99 15.91 16.21 19.27 18.10 13.94 14.31 14.31 20.00 22.92 23.21 23.80 22.85 22.85 23.36 22.27 20.81 20.73 17.23 19.70 19.03 17.33 16.48 16.10 16.01 15.16 13.66 14.11 16.50 15.31 14.70
16.79 16.13 15.26 17.16 16.35 16.72 15.04 12.26 9.49 9.49 10.29 8.03 7.96 8.10 8.69 8.83 8.18 8.03 10.80 15.18 14.75 16.79 18.32 17.81 17.67 17.59 16.06 15.48 15.62 14.97 14.75 13.80 13.43 14.60 13.51 13.51 13.72 14.24 14.09 13.87 14.97 14.97 16.35 15.99 16.06 15.33 14.75 15.62 14.67 14.24 12.70 12.92 14.82 17.16 18.47 20.00 19.64 17.30 18.18 20.29 20.29 19.49 22.70 24.02 25.33 22.70 22.12 23.65 22.92 23.07 20.88 17.54 17.45 17.33 19.91 16.20 18.20 16.37 15.83 17.88 18.12 19.03 17.93 16.24
16.79 16.13 15.26 17.16 16.35 16.72 15.04 12.26 9.49 9.49 10.29 8.03 7.96 8.10 8.69 8.83 8.18 8.03 10.80 15.18 14.75 16.79 18.32 17.81 17.67 17.59 16.06 15.48 15.62 14.97 14.75 13.80 13.43 14.60 13.51 13.51 13.72 14.24 14.09 13.87 14.97 14.97 16.35 15.99 16.06 15.33 14.75 15.62 14.67 14.24 12.70 12.92 14.82 17.16 18.47 20.00 19.64 17.30 18.18 20.29 20.29 19.49 22.70 24.02 25.33 22.70 22.12 23.65 22.92 23.07 20.88 21.53 16.35 18.83 17.88 20.04 18.46 18.10 16.15 16.12 17.52 16.37 19.50 18.44
14.89 14.97 13.80 12.48 12.70 12.85 13.72 15.40 14.67 14.67 12.56 13.36 11.75 10.59 10.80 10.66 10.15 10.88 11.90 11.68 12.70 14.38 17.52 17.16 17.52 17.16 15.55 15.18 15.40 14.89 14.89 15.18 15.62 15.26 15.26 15.26 15.04 13.87 15.04 15.18 14.82 15.11 16.28 14.38 14.24 16.72 11.02 11.39 11.46 11.90 11.46 12.85 14.67 15.26 18.25 19.27 18.25 18.40 18.40 21.24 21.24 20.08 23.00 21.83 22.12 22.05 20.81 21.39 20.59 19.05 20.88 16.26 16.65 17.63 18.71 22.32 21.02 18.52 17.20 19.32 19.43 18.20 19.36 17.22
8.54 12.63 12.34 12.41 11.39 11.17 12.34 11.32 11.39 11.39 11.17 12.92 13.94 13.87 14.09 13.43 10.80 11.39 11.97 12.12 12.12 12.48 14.24 13.58 13.51 13.87 14.60 15.48 13.58 14.09 14.53 15.40 15.33 15.26 14.97 14.97 16.06 15.77 14.82 14.45 14.38 15.11 14.45 12.70 11.61 11.32 11.97 9.27 8.83 9.42 10.80 12.70 14.60 14.45 17.23 17.59 19.56 18.54 18.32 17.67 17.67 17.59 18.54 19.35 19.71 19.78 19.86 20.66 17.89 16.73 15.34 15.63 15.57 15.92 16.96 19.34 18.86 19.40 19.83 21.58 18.88 20.40 18.47 20.05
7.15 6.13 7.88 10.59 9.49 10.73 10.88 10.29 10.59 10.59 12.34 11.75 13.58 13.51 13.51 13.29 11.32 11.02 13.14 12.26 14.89 14.02 13.65 13.80 13.21 11.32 12.19 12.85 12.99 13.14 13.36 14.97 16.94 15.84 15.70 15.70 15.04 15.04 14.82 15.48 14.75 13.58 14.02 11.02 9.34 9.86 10.00 8.54 7.15 8.18 10.00 11.61 10.44 13.29 16.35 16.28 18.69 18.61 18.47 17.01 17.01 17.81 18.83 18.83 18.61 20.00 17.01 16.43 16.72 15.99 15.91 16.50 16.21 15.70 17.74 17.15 21.06 22.06 24.81 21.32 21.29 18.91 17.57 18.07
4.31 4.53 5.77 7.37 8.61 7.59 8.61 9.34 9.13 9.13 10.29 11.24 12.78 12.63 12.41 10.66 10.88 10.80 13.07 15.84 15.33 16.86 15.99 14.38 11.53 11.10 11.24 12.12 10.66 12.99 16.06 17.45 18.61 17.74 15.62 15.62 16.06 15.11 15.26 14.38 14.24 11.83 8.76 9.34 8.54 5.69 4.96 4.31 4.38 7.15 7.01 6.64 8.61 11.97 14.31 17.01 18.18 16.79 17.67 18.54 18.54 18.25 18.76 18.03 17.52 12.99 13.65 14.31 13.87 16.35 15.99 17.67 18.03 18.91 19.99 20.05 25.78 20.86 23.81 24.44 24.17 17.96 19.77 14.70
0.95 0.73 2.26 4.31 5.62 6.79 6.20 8.47 9.34 9.34 10.29 10.00 12.12 11.97 12.12 10.44 9.13 13.58 19.56 20.15 19.86 18.98 15.40 16.50 12.78 12.85 13.36 12.26 14.75 16.13 18.98 18.47 18.61 19.20 17.67 17.67 15.70 14.02 12.78 12.85 13.87 12.12 9.86 8.47 8.76 5.69 4.31 3.58 5.69 4.45 6.50 5.40 7.81 10.29 13.14 17.23 16.43 15.99 16.28 15.48 15.48 14.82 6.24 7.88 8.83 8.47 10.88 10.15 11.97 14.60 13.29 12.48 16.79 18.25 20.23 20.64 27.20 24.48 24.51 20.77 19.37 16.44 19.35 18.17
0.95 0.73 2.26 4.31 5.62 6.79 6.20 8.47 9.34 9.34 10.29 10.00 12.12 11.97 12.12 10.44 9.13 13.58 19.56 20.15 19.86 18.98 15.40 16.50 12.78 12.85 13.36 12.26 14.75 16.13 18.98 18.47 18.61 19.20 17.67 17.67 15.70 14.02 12.78 12.85 13.87 12.12 9.86 8.47 8.76 5.69 4.31 3.58 5.69 4.45 6.50 5.40 7.81 10.29 13.14 17.23 16.43 15.99 16.28 15.48 15.48 14.82 6.24 7.88 8.83 8.47 10.88 10.15 11.97 14.60 13.29 12.48 16.79 18.25 19.42 20.76 21.12 21.54 20.53 24.17 23.70 16.79 15.16 16.76
0.22 0.00 1.02 2.19 1.83 4.96 4.23 5.84 7.88 7.88 9.20 7.30 7.66 10.88 8.76 7.52 10.29 9.49 19.27 20.51 18.76 19.56 17.89 14.45 14.53 16.43 17.59 17.45 17.96 18.76 18.40 19.05 17.89 16.94 16.94 16.94 14.89 15.40 16.94 15.99 13.87 14.97 11.24 11.46 8.54 8.03 7.74 6.57 7.01 6.72 6.57 7.88 10.37 8.98 12.99 13.94 16.21 16.64 14.89 9.27 9.27 4.96 0.00 3.21 4.60 6.94 7.96 7.81 9.93 9.05 10.80 13.21 16.06 15.40 19.71 21.72 21.75 30.38 31.24 25.13 24.11 20.01 16.63 19.32
0.00 0.22 0.15 0.58 2.41 3.29 3.29 4.53 5.48 5.48 4.96 6.42 6.13 7.96 7.59 8.69 9.78 15.99 19.93 21.10 20.37 16.79 15.11 18.91 18.76 18.54 17.30 23.00 21.53 20.44 19.42 18.32 15.26 15.11 13.36 13.36 15.48 15.04 17.16 16.35 15.84 14.38 11.61 10.07 7.96 7.45 7.37 7.37 7.45 5.77 5.69 7.74 8.91 9.05 12.12 11.32 16.06 6.94 2.92 3.65 3.65 0.00 0.00 0.00 5.62 7.96 8.69 10.37 9.42 9.78 9.93 15.48 18.10 23.58 23.43 24.20 24.04 26.63 31.77 26.47 26.89 16.48 21.19 22.59
0.00 0.00 0.00 0.00 0.58 1.75 2.56 2.12 4.09 4.09 5.55 5.91 5.91 7.45 12.19 15.84 18.18 17.16 18.98 21.32 20.81 19.64 19.27 19.20 19.35 22.05 20.29 23.14 22.92 19.93 18.40 12.78 12.19 11.83 13.29 13.29 14.89 14.38 15.18 15.70 14.97 13.21 10.44 9.20 6.72 6.42 5.04 4.74 4.82 5.69 5.62 5.91 5.04 6.79 7.45 8.61 2.63 1.97 0.00 2.19 2.19 2.70 7.01 9.78 8.54 9.56 11.90 11.24 12.05 14.02 13.43 15.77 21.64 25.14 26.09 29.63 30.77 25.13 22.63 26.95 23.21 18.79 18.15 18.02
0.00 0.00 0.00 0.00 0.00 0.00 0.00 1.02 4.02 4.02 3.50 6.79 9.20 12.70 11.97 15.48 18.91 20.22 19.56 20.22 20.44 20.66 21.17 22.41 22.85 22.19 21.53 23.51 21.46 19.27 12.78 13.51 13.87 14.60 14.89 14.89 18.76 17.45 15.91 13.72 14.38 6.57 7.30 5.91 4.96 5.69 5.99 5.18 5.33 4.74 4.82 4.45 4.67 4.38 2.26 3.07 4.31 0.00 0.00 2.85 2.85 5.55 8.47 7.59 11.17 12.70 12.12 11.39 12.85 15.04 21.53 24.75 24.68 27.49 29.44 28.74 34.10 35.14 25.11 19.54 17.94 16.43 16.62 15.49
0.00 0.00 0.00 0.00 0.00 0.00 0.73 0.29 3.72 3.72 6.50 8.47 8.10 10.66 14.38 11.68 12.41 13.43 16.57 17.89 14.82 16.72 20.37 19.42 20.51 21.83 21.39 19.13 20.51 14.75 16.35 15.18 14.60 15.62 17.16 17.16 17.89 17.45 14.97 11.90 10.95 8.18 8.91 6.64 5.99 6.72 6.57 5.91 6.35 4.82 3.21 3.50 1.24 0.00 0.00 1.46 0.00 0.00 0.00 0.00 0.00 3.87 0.00 3.43 10.15 12.70 14.60 14.60 14.38 14.60 23.96 27.39 33.84 26.65 30.70 29.30 24.82 28.10 24.21 18.22 15.00 12.12 14.81 7.49
0.00 0.00 0.00 0.00 0.00 0.00 0.73 0.29 3.72 3.72 6.50 8.47 8.10 10.66 14.38 11.68 12.41 13.43 16.57 17.89 14.82 16.72 20.37 19.42 20.51 21.83 21.39 19.13 20.51 14.75 16.35 15.18 14.60 15.62 17.16 17.16 17.89 17.45 14.97 11.90 10.95 8.18 8.91 6.64 5.99 6.72 6.57 5.91 6.35 4.82 3.21 3.50 1.24 0.00 0.00 1.46 0.00 0.00 0.00 0.00 0.00 3.87 0.00 3.43 10.15 12.70 14.60 14.60 14.38 14.60 24.08 27.10 30.60 29.70 32.76 34.19 28.81 27.20 25.29 17.71 15.86 14.37 13.52 6.36
0.00 0.00 0.00 0.00 0.00 0.00 0.00 2.19 1.39 1.39 4.60 5.40 6.28 7.66 8.10 9.20 9.13 11.39 9.42 9.78 11.46 14.38 15.33 13.21 17.23 15.11 19.13 18.83 17.67 17.16 13.65 15.26 14.38 14.31 13.80 13.80 14.09 14.60 9.93 10.66 10.29 8.40 7.52 6.72 7.08 7.15 7.45 5.91 6.50 4.53 3.07 0.00 0.00 0.00 0.00 0.00 0.00 0.00 0.00 0.00 0.00 0.00 0.00 0.00 5.91 13.07 15.99 16.86 22.96 25.37 24.11 26.03 33.75 34.33 30.55 35.87 28.06 22.86 21.41 17.62 14.96 11.33 4.56 4.40
0.00 0.00 0.00 0.00 0.00 0.00 0.00 0.00 2.92 2.92 4.31 5.69 5.69 6.42 6.79 5.77 6.50 6.35 7.45 8.25 7.30 7.88 10.51 8.40 11.68 9.42 11.10 15.33 11.83 10.95 6.72 7.37 8.03 8.54 5.33 5.33 5.40 6.50 6.50 8.32 9.05 5.91 6.94 8.25 4.45 4.31 5.91 4.60 3.07 0.00 0.00 0.00 0.00 0.00 0.00 0.00 0.00 0.00 0.00 0.00 0.00 0.00 5.18 8.83 14.09 12.48 16.28 23.58 26.86 28.76 28.69 29.73 34.68 36.00 30.00 23.59 25.77 23.02 23.36 18.49 16.85 8.64 1.90 0.00
1.17 0.15 0.00 0.00 0.00 0.00 1.02 2.63 2.04 2.04 3.87 3.87 0.00 2.77 3.72 4.02 5.77 7.01 6.13 6.06 5.91 5.77 5.62 5.77 7.59 7.59 8.69 10.07 9.34 9.71 8.40 6.13 6.28 6.94 6.50 6.50 5.11 4.74 5.84 3.21 3.94 3.80 4.16 5.26 2.12 2.63 0.73 0.00 0.00 0.00 0.00 2.85 1.83 2.34 0.00 0.00 0.00 0.00 0.00 0.00 0.00 0.00 2.92 8.32 12.19 18.54 24.31 22.92 26.79 29.20 28.98 28.74 28.74 34.07 25.16 24.73 27.74 23.85 24.16 18.33 8.49 10.42 2.00 0.00
3.43 2.04 1.46 0.15 0.00 0.00 0.00 0.00 2.56 2.56 0.00 0.00 0.00 2.04 2.99 3.14 4.45 5.26 4.96 5.62 4.96 4.60 5.33 7.52 7.15 7.45 6.79 8.25 8.10 9.78 7.74 6.72 7.30 7.81 7.45 7.45 6.72 7.96 7.23 4.96 2.56 2.56 3.50 3.14 0.00 0.00 0.00 0.00 0.00 0.00 0.00 3.29 4.02 0.00 0.00 0.00 0.00 0.00 0.00 0.00 0.00 0.00 0.00 4.16 11.61 19.56 23.87 25.84 29.05 28.84 29.49 27.95 26.81 24.54 27.63 21.85 24.04 24.56 22.80 16.27 8.71 2.10 3.29 0.00
3.72 1.10 0.80 1.10 0.44 0.00 0.00 0.00 0.00 0.00 0.00 0.00 0.00 2.26 2.63 3.21 3.36 4.89 4.16 4.60 5.84 7.45 7.74 9.49 9.49 8.98 9.13 8.25 8.32 5.99 6.57 7.59 8.54 7.08 7.74 7.74 6.50 6.50 7.66 5.91 5.84 2.99 2.48 1.68 2.19 1.02 0.00 0.00 0.00 0.00 0.00 1.68 2.04 0.00 0.00 0.00 0.00 0.00 0.00 0.00 0.00 0.00 4.23 10.07 7.96 15.70 12.05 20.81 26.57 26.21 25.26 27.23 21.17 19.00 15.39 19.12 19.61 13.73 15.84 15.26 7.80 3.24 0.00 0.00
2.85 1.24 0.00 0.00 0.00 0.00 0.00 0.00 0.00 0.00 0.00 0.00 0.00 0.00 2.19 2.19 1.68 4.02 3.58 4.09 3.36 4.74 7.45 7.59 9.64 8.54 7.96 8.25 7.08 4.23 5.91 6.35 6.72 7.88 8.03 8.03 6.64 6.42 6.79 7.45 7.45 5.40 7.45 7.37 4.89 3.87 3.87 5.69 1.53 0.00 0.00 0.00 0.00 0.00 0.00 0.00 0.00 0.00 0.00 0.00 0.00 0.15 1.31 3.58 1.75 8.54 6.64 14.97 15.48 21.10 15.84 16.95 17.43 15.27 9.00 12.80 16.48 9.33 10.86 4.53 0.61 2.99 0.00 0.00
2.85 1.24 0.00 0.00 0.00 0.00 0.00 0.00 0.00 0.00 0.00 0.00 0.00 0.00 2.19 2.19 1.68 4.02 3.58 4.09 3.36 4.74 7.45 7.59 9.64 8.54 7.96 8.25 7.08 4.23 5.91 6.35 6.72 7.88 8.03 8.03 6.64 6.42 6.79 7.45 7.45 5.40 7.45 7.37 4.89 3.87 3.87 5.69 1.53 0.00 0.00 0.00 0.00 0.00 0.00 0.00 0.00 0.00 0.00 0.00 0.00 0.15 1.31 3.58 1.75 8.54 6.64 14.97 15.48 21.10 15.84 16.86 17.17 15.04 9.00 13.38 14.68 8.96 10.61 4.76 0.59 3.15 0.00 0.00
0.00 0.37 0.00 0.00 0.00 0.00 0.00 0.00 0.00 0.00 0.00 0.00 0.00 0.00 0.00 0.00 0.00 1.83 0.00 2.70 3.21 1.83 4.96 2.48 5.77 5.33 7.88 6.20 6.94 5.55 5.62 6.72 10.66 10.00 8.32 8.32 8.47 10.07 9.05 7.88 8.76 8.40 8.03 9.05 8.61 7.59 9.56 6.94 4.45 3.36 0.00 0.00 0.00 0.00 0.00 0.00 0.00 0.00 0.00 0.00 0.00 0.00 0.00 0.00 0.00 4.16 3.65 10.66 9.13 15.62 10.22 13.21 6.42 6.56 6.24 1.37 4.36 5.82 1.01 1.34 0.00 0.00 0.00 0.00
