Wansh/Snow_depth/snowdepth-1998/winter/1999002.txt
ncols 321
nrows 161
xllcenter 60
yllcenter 15 
cellsize  0.25 
NODATA_value -1
[rows 0 to 36 of 161, columns 0 to 83 of 321]
6.86 6.86 12.19 11.02 14.45 12.70 13.07 12.12 11.24 11.83 10.88 11.46 11.39 9.71 10.15 7.66 7.15 6.79 8.83 6.72 7.15 5.62 5.69 7.01 7.01 8.18 8.18 8.40 8.47 7.81 7.66 5.99 5.99 4.31 1.97 2.99 3.72 5.40 5.04 5.62 5.62 5.62 9.42 11.39 10.07 10.44 12.56 12.56 12.56 12.92 13.87 13.87 12.34 13.14 12.48 9.86 9.34 9.34 9.86 10.51 10.66 11.02 10.88 9.42 9.13 8.83 8.54 9.13 7.59 7.88 7.88 9.34 10.59 11.61 11.97 11.83 11.83 11.24 11.68 8.69 9.56 9.78 7.74 7.74
13.58 13.58 13.14 15.04 15.99 16.35 14.31 12.12 12.78 11.10 11.83 11.46 9.71 11.10 8.18 6.94 7.30 6.86 7.30 7.23 6.50 5.55 5.69 5.99 5.99 7.45 7.45 7.23 7.59 8.10 7.66 4.09 4.53 0.95 0.22 2.26 2.26 3.21 7.37 6.06 9.13 9.64 9.27 11.02 7.01 8.61 7.01 12.92 11.61 13.29 12.63 12.63 9.71 9.42 8.69 9.64 8.32 8.76 10.29 10.44 10.37 9.56 8.18 8.69 9.13 7.66 7.08 7.30 6.42 6.50 6.20 8.18 9.78 9.93 10.00 9.56 9.56 11.02 10.59 10.51 10.59 10.00 10.15 8.47
13.14 13.14 10.59 14.53 14.97 13.43 13.87 11.32 10.51 10.80 10.15 8.25 8.47 7.96 5.84 6.35 5.77 4.60 6.28 4.60 3.07 1.68 1.97 4.31 3.72 6.06 6.06 5.18 5.91 6.57 6.50 6.42 4.02 1.61 3.58 4.67 3.50 4.67 5.26 5.11 2.77 0.29 2.12 5.26 5.77 5.11 5.26 9.13 10.00 9.49 8.47 8.47 9.71 5.77 4.31 5.40 7.23 6.86 9.34 7.59 7.81 8.03 8.10 5.11 4.45 5.04 5.04 3.65 3.21 5.77 6.06 6.28 7.01 5.77 9.64 7.88 7.88 5.84 9.71 8.18 6.13 6.35 6.64 6.86
13.14 13.14 10.59 14.53 14.97 13.43 13.87 11.32 10.51 10.80 10.15 8.25 8.47 7.96 5.84 6.35 5.77 4.60 6.28 4.60 3.07 1.68 1.97 4.31 3.72 6.06 6.06 5.18 5.91 6.57 6.50 6.42 4.02 1.61 3.58 4.67 3.50 4.67 5.26 5.11 2.77 0.29 2.12 5.26 5.77 5.11 5.26 9.13 10.00 9.49 8.47 8.47 9.71 5.77 4.31 5.40 7.23 6.86 9.34 7.59 7.81 8.03 8.10 5.11 4.45 5.04 5.04 3.65 3.21 5.77 6.06 6.28 7.01 5.77 9.64 7.88 7.88 5.84 9.71 8.18 6.13 6.35 6.64 6.86
9.42 9.42 10.15 7.66 6.06 6.50 4.89 4.96 4.96 6.28 6.50 6.64 6.79 5.40 5.69 4.53 3.65 3.65 4.60 2.34 3.21 0.58 0.00 1.61 1.02 2.85 2.85 4.67 2.34 3.29 6.42 6.64 8.32 5.91 7.37 3.94 5.55 3.80 1.97 0.80 1.02 0.00 0.00 0.00 0.73 0.00 3.29 8.83 9.42 6.28 2.70 2.70 1.31 1.53 3.21 4.67 5.26 5.62 5.55 6.64 6.86 5.69 5.99 4.09 0.95 2.19 1.83 1.24 2.04 1.75 4.09 4.23 6.57 5.11 4.02 4.67 4.67 3.87 2.92 4.74 3.94 3.80 3.65 3.58
11.68 11.68 8.18 8.91 6.20 3.94 4.60 3.87 5.55 5.11 6.35 6.13 6.13 6.06 5.62 5.04 5.11 3.65 4.45 4.09 1.61 0.00 0.00 0.00 0.00 0.29 0.29 2.99 3.80 3.43 6.57 11.24 11.68 11.02 5.40 9.42 5.26 4.31 2.04 1.02 0.00 0.00 0.00 0.00 0.00 0.00 7.96 5.62 7.23 5.91 2.99 2.99 1.97 2.56 2.41 3.21 4.82 3.21 0.00 0.00 0.00 3.72 2.77 1.83 2.19 1.02 2.34 2.56 2.70 3.29 3.07 4.31 4.60 4.23 3.65 2.85 2.85 3.43 2.26 3.87 3.21 4.23 4.53 4.53
10.00 10.00 10.37 9.20 6.20 7.23 5.11 5.26 5.11 6.72 6.64 6.64 6.72 5.77 5.84 4.89 4.02 2.99 2.85 3.07 1.61 0.00 0.15 0.00 0.51 5.18 5.18 4.60 5.18 9.20 11.32 12.70 13.07 10.80 6.35 4.60 0.00 0.00 0.00 0.00 0.00 0.00 0.00 0.00 0.00 0.00 6.86 6.13 2.04 3.07 0.80 0.80 1.46 0.73 2.12 1.68 0.00 1.61 1.97 0.00 0.00 0.00 3.43 4.31 4.09 4.09 4.38 4.67 4.74 3.50 3.36 3.50 3.72 2.99 4.89 3.29 3.29 3.50 1.90 4.16 5.99 5.33 5.84 0.00
10.00 10.00 10.37 9.20 6.20 7.23 5.11 5.26 5.11 6.72 6.64 6.64 6.72 5.77 5.84 4.89 4.02 2.99 2.85 3.07 1.61 0.00 0.15 0.00 0.51 5.18 5.18 4.60 5.18 9.20 11.32 12.70 13.07 10.80 6.35 4.60 0.00 0.00 0.00 0.00 0.00 0.00 0.00 0.00 0.00 0.00 6.86 6.13 2.04 3.07 0.80 0.80 1.46 0.73 2.12 1.68 0.00 1.61 1.97 0.00 0.00 0.00 3.43 4.31 4.09 4.09 4.38 4.67 4.74 3.50 3.36 3.50 3.72 2.99 4.89 3.29 3.29 3.50 1.90 4.16 5.99 5.33 5.84 0.00
9.20 9.20 10.22 8.76 9.27 6.50 6.94 6.06 6.42 5.69 6.94 7.01 7.01 6.94 6.72 3.65 2.85 3.07 2.34 1.17 1.46 1.39 0.44 0.00 1.83 6.50 6.50 6.28 10.07 12.63 12.85 12.85 12.12 11.53 3.43 0.00 0.00 0.00 0.00 0.00 0.00 0.00 0.00 0.00 0.00 0.00 4.02 1.24 1.83 0.00 0.00 0.00 0.00 0.58 0.95 0.07 2.77 1.68 0.00 2.26 2.99 4.60 4.45 4.38 5.62 4.82 5.40 4.82 4.16 4.31 4.16 4.16 2.99 3.43 2.63 2.56 2.56 3.29 0.00 0.00 5.11 6.13 0.00 0.00
9.34 9.34 8.83 8.03 7.23 7.66 5.69 4.31 4.45 5.04 6.50 6.13 7.15 8.25 9.20 6.94 6.79 4.96 1.17 1.68 0.80 2.77 2.19 2.26 1.90 5.26 5.26 9.42 12.92 14.45 12.41 11.24 10.44 7.52 0.00 0.00 0.00 0.00 0.00 0.00 0.00 0.00 0.00 0.00 0.00 0.00 0.44 1.02 1.17 1.02 0.44 0.44 0.00 0.00 0.00 0.07 0.00 0.00 2.19 3.80 3.36 4.96 3.80 3.36 4.16 4.89 3.36 3.07 3.80 3.65 4.23 4.31 3.50 4.31 3.36 4.89 4.89 2.85 0.00 0.00 0.00 0.00 0.00 0.00
7.96 7.96 5.33 3.58 5.99 4.96 2.92 4.23 3.50 5.18 7.15 7.15 8.98 10.07 10.37 7.59 6.06 7.15 7.37 5.62 4.02 6.86 5.33 5.48 5.40 9.64 9.64 10.15 12.85 11.97 9.13 10.00 6.20 1.61 0.00 0.00 0.00 0.00 0.00 0.00 0.00 0.00 0.00 0.00 0.00 1.39 4.31 3.43 2.19 2.34 0.95 0.95 2.19 1.75 1.61 0.80 0.51 2.34 3.50 3.65 3.65 3.29 1.97 3.21 3.50 1.17 2.12 3.14 2.48 3.80 3.21 4.23 0.00 5.55 3.80 4.96 4.96 5.18 5.18 0.00 0.00 0.00 0.00 0.00
7.96 7.96 5.33 3.58 5.99 4.96 2.92 4.23 3.50 5.18 7.15 7.15 8.98 10.07 10.37 7.59 6.06 7.15 7.37 5.62 4.02 6.86 5.33 5.48 5.40 9.64 9.64 10.15 12.85 11.97 9.13 10.00 6.20 1.61 0.00 0.00 0.00 0.00 0.00 0.00 0.00 0.00 0.00 0.00 0.00 1.39 4.31 3.43 2.19 2.34 0.95 0.95 2.19 1.75 1.61 0.80 0.51 2.34 3.50 3.65 3.65 3.29 1.97 3.21 3.50 1.17 2.12 3.14 2.48 3.80 3.21 4.23 0.00 5.55 3.80 4.96 4.96 5.18 5.18 0.00 0.00 0.00 0.00 0.00
4.67 4.67 5.11 3.36 1.97 2.12 2.12 1.97 3.72 3.21 5.84 6.94 6.79 7.45 5.84 6.06 6.35 7.45 8.03 8.91 8.61 8.69 6.64 3.07 4.09 7.88 7.88 6.28 10.29 2.77 4.31 2.19 3.43 1.53 0.00 0.00 0.00 0.00 0.00 0.00 0.00 0.00 0.00 0.00 0.00 2.56 3.87 4.09 1.46 2.12 0.00 0.00 0.00 2.85 0.00 2.92 3.36 2.85 3.07 3.29 3.14 3.14 2.26 1.31 1.02 0.88 2.12 3.43 3.72 3.50 3.65 4.23 3.43 5.62 5.26 0.00 0.00 0.00 0.00 0.00 0.00 0.00 0.00 0.00
7.23 7.23 4.23 4.89 2.70 4.16 3.43 0.95 1.53 0.66 1.46 2.12 3.14 3.72 3.65 4.89 4.09 7.37 8.61 8.25 9.13 7.59 3.87 2.12 1.83 3.29 3.29 5.33 4.02 0.95 0.95 0.00 0.00 0.00 0.00 0.00 0.00 0.00 0.00 0.00 0.00 0.00 0.00 0.00 0.00 1.53 1.61 0.00 0.00 0.00 0.00 0.00 2.34 2.56 2.85 3.43 3.29 2.85 2.56 2.85 2.70 1.90 2.19 1.68 4.38 4.16 4.23 3.36 5.18 5.04 4.89 6.35 5.99 5.48 5.18 4.45 4.45 0.00 0.00 0.00 0.00 0.00 0.00 0.00
8.83 8.83 8.98 6.94 5.69 5.55 6.64 4.23 1.61 2.41 0.95 2.48 2.99 2.92 1.75 2.63 2.85 5.62 4.60 6.57 7.37 7.15 4.23 5.04 5.91 4.67 4.67 0.00 4.89 0.00 0.00 0.00 0.00 0.07 0.00 0.00 0.00 0.00 0.00 0.00 0.00 0.00 0.00 0.00 0.00 0.88 0.00 0.00 0.00 0.00 0.44 0.44 2.04 2.04 0.00 0.00 0.00 2.70 2.41 3.80 3.43 1.83 4.38 4.89 4.53 5.62 6.06 5.55 5.62 8.18 7.45 6.79 6.86 5.18 5.04 0.00 0.00 0.00 0.00 0.00 0.00 0.00 0.00 0.00
8.18 8.18 10.00 10.00 9.64 9.78 9.49 8.03 8.61 6.06 3.72 3.80 3.43 2.19 2.63 1.53 1.61 3.36 6.94 7.01 7.52 7.74 7.45 6.64 8.10 7.08 7.08 0.66 1.02 1.02 3.36 2.85 1.97 0.00 0.00 0.00 0.00 0.00 0.00 0.00 0.00 0.00 0.00 0.00 0.00 0.00 0.00 0.00 0.00 0.00 0.29 0.29 2.26 1.68 0.00 2.70 0.00 0.00 0.00 3.36 3.58 4.82 4.53 5.26 5.69 5.55 6.06 8.18 9.42 9.20 9.20 7.37 7.08 6.50 0.00 0.00 0.00 0.00 0.00 0.00 0.00 0.00 0.00 0.00
8.18 8.18 10.00 10.00 9.64 9.78 9.49 8.03 8.61 6.06 3.72 3.80 3.43 2.19 2.63 1.53 1.61 3.36 6.94 7.01 7.52 7.74 7.45 6.64 8.10 7.08 7.08 0.66 1.02 1.02 3.36 2.85 1.97 0.00 0.00 0.00 0.00 0.00 0.00 0.00 0.00 0.00 0.00 0.00 0.00 0.00 0.00 0.00 0.00 0.00 0.29 0.29 2.26 1.68 0.00 2.70 0.00 0.00 0.00 3.36 3.58 4.82 4.53 5.26 5.69 5.55 6.06 8.18 9.42 9.20 9.20 7.37 7.08 6.50 0.00 0.00 0.00 0.00 0.00 0.00 0.00 0.00 0.00 0.00
8.98 8.98 8.91 9.64 9.93 9.86 9.42 8.69 7.96 8.18 7.74 8.61 6.72 3.58 4.23 2.19 2.34 5.84 8.25 7.96 6.86 6.72 7.59 8.91 8.69 7.96 7.96 0.66 2.41 3.14 3.87 2.19 1.68 1.39 0.37 0.00 0.00 0.00 0.00 0.00 0.00 0.00 0.00 0.00 0.00 0.00 0.00 0.00 0.00 2.04 2.99 2.99 2.92 3.21 0.00 0.00 0.00 0.00 3.80 3.94 3.58 4.31 5.33 5.18 4.82 5.91 8.03 8.03 7.30 8.83 8.98 6.42 6.64 6.64 0.00 0.00 0.00 0.00 0.00 0.00 0.00 0.00 0.00 0.00
9.93 9.93 9.49 9.42 9.20 8.61 8.61 8.10 8.10 9.42 10.22 10.15 9.34 8.91 5.04 3.14 3.36 4.38 3.58 6.13 6.50 6.42 6.72 9.34 10.95 0.66 0.66 2.19 3.50 3.21 4.38 4.82 0.95 0.00 0.00 0.00 0.00 0.00 0.00 0.00 0.00 0.00 0.00 0.88 1.46 0.44 4.89 5.40 5.62 4.02 4.89 4.89 3.87 0.00 0.00 0.00 0.00 5.18 0.00 4.60 3.94 4.96 4.45 4.38 4.96 4.16 4.89 5.69 5.84 4.45 5.55 5.62 4.89 0.00 0.00 0.00 0.00 0.00 0.00 0.00 0.00 0.00 0.00 0.00
9.64 9.64 9.05 9.64 8.69 9.05 9.05 8.76 8.32 7.30 8.25 8.40 8.83 6.86 5.18 5.11 5.48 5.26 6.13 6.94 6.64 8.25 9.86 0.88 0.88 1.31 1.31 2.92 3.21 4.60 4.38 0.66 0.00 0.00 0.00 0.00 0.00 0.00 0.00 0.00 0.00 0.00 0.00 2.99 5.40 5.84 6.06 6.86 6.72 5.77 4.67 4.67 4.96 4.02 5.77 6.57 6.79 6.57 5.33 5.77 5.18 5.04 5.99 5.18 4.31 4.02 4.16 3.94 4.16 3.94 5.11 4.60 4.38 4.67 6.28 6.13 6.13 6.06 0.00 0.00 0.00 0.00 0.00 0.00
8.40 8.40 9.93 9.78 9.56 9.13 7.23 6.50 6.86 6.35 7.52 6.50 7.08 8.69 7.15 5.48 0.00 6.79 5.91 6.20 0.00 8.83 0.00 0.00 0.00 0.00 0.00 0.00 0.00 0.00 3.94 0.58 0.00 0.00 0.00 0.00 0.00 0.00 0.00 0.00 0.00 0.00 0.00 4.09 4.31 5.91 6.94 9.05 8.25 7.45 5.69 5.69 5.84 6.06 6.20 7.23 7.23 7.66 7.74 7.15 6.28 6.72 6.72 5.48 4.09 3.43 3.43 4.67 4.16 3.21 3.14 3.58 3.72 3.14 4.09 5.84 5.84 0.00 0.00 0.00 0.00 0.00 0.00 0.00
8.61 8.61 7.96 8.83 8.03 7.52 7.66 6.72 4.67 3.87 0.00 4.67 5.77 0.00 0.00 0.00 0.00 0.00 0.00 0.00 0.00 0.00 6.35 0.00 0.00 0.00 0.00 0.00 0.00 0.00 0.00 0.00 0.00 0.00 0.00 0.00 0.00 0.00 0.00 0.00 0.00 0.00 0.00 4.60 7.52 8.32 8.03 9.05 8.98 7.45 5.69 5.69 4.74 3.65 4.60 6.50 5.77 7.66 5.48 4.82 5.04 5.91 5.55 5.26 4.67 5.69 4.89 4.89 4.60 0.00 0.00 0.00 2.70 3.50 3.14 3.87 3.87 0.00 0.00 0.00 5.33 0.00 0.00 5.26
8.61 8.61 7.96 8.83 8.03 7.52 7.66 6.72 4.67 3.87 0.00 4.67 5.77 0.00 0.00 0.00 0.00 0.00 0.00 0.00 0.00 0.00 6.35 0.00 0.00 0.00 0.00 0.00 0.00 0.00 0.00 0.00 0.00 0.00 0.00 0.00 0.00 0.00 0.00 0.00 0.00 0.00 0.00 4.60 7.52 8.32 8.03 9.05 8.98 7.45 5.69 5.69 4.74 3.65 4.60 6.50 5.77 7.66 5.48 4.82 5.04 5.91 5.55 5.26 4.67 5.69 4.89 4.89 4.60 0.00 0.00 0.00 2.70 3.50 3.14 3.87 3.87 0.00 0.00 0.00 5.33 0.00 0.00 5.26
8.47 8.47 9.05 8.98 8.98 7.52 6.20 5.18 5.77 3.58 0.00 0.00 0.00 0.00 0.00 0.00 0.00 0.00 0.00 0.00 0.00 0.00 0.00 0.00 0.00 1.97 1.97 0.00 0.00 4.67 0.00 0.00 0.00 0.00 0.00 0.00 0.00 0.00 0.00 0.00 0.00 0.66 5.84 7.01 7.74 7.74 8.10 6.50 5.62 5.99 4.23 4.23 0.58 2.85 3.94 6.06 5.40 6.35 5.11 4.96 5.04 5.11 4.89 5.62 5.40 5.84 4.82 3.87 4.09 0.00 0.00 3.21 3.21 2.99 2.70 3.43 3.43 3.29 4.45 4.89 4.82 6.57 5.99 6.06
8.10 8.10 7.74 8.10 7.15 6.20 6.28 6.42 3.94 0.00 0.00 0.00 0.00 0.00 0.00 0.00 0.00 0.00 0.00 0.00 0.00 0.00 0.00 0.00 0.00 0.00 0.00 0.00 7.45 6.57 0.00 1.61 0.00 0.00 0.00 0.00 0.00 0.00 0.00 0.00 0.00 0.00 6.06 3.65 3.07 0.00 0.80 3.50 3.72 3.72 5.91 5.91 5.91 5.04 4.82 7.23 6.64 6.72 5.91 7.15 5.84 5.91 6.86 6.42 5.04 5.48 5.91 3.65 4.31 4.74 3.43 3.87 4.89 5.11 4.23 3.14 3.14 3.21 3.21 5.18 7.45 6.86 7.88 6.86
7.96 7.96 7.30 7.23 7.88 7.59 7.01 5.69 0.00 0.00 0.95 0.00 0.00 0.00 0.00 0.00 0.00 0.00 0.00 0.00 0.00 0.00 0.00 0.00 0.00 8.10 8.10 0.00 6.86 4.89 0.37 0.88 0.00 0.00 0.00 0.00 0.00 0.00 0.00 0.00 0.00 0.00 5.91 5.33 0.00 0.00 0.00 4.60 6.06 7.30 6.94 6.94 6.06 6.06 5.91 7.59 7.08 7.37 8.03 7.96 7.08 8.32 7.66 7.52 8.10 5.84 6.20 6.64 5.40 6.57 6.35 5.84 7.01 7.37 7.45 3.72 3.72 3.50 3.65 3.14 6.50 7.74 7.74 6.64
9.71 9.71 7.45 7.88 7.74 7.15 7.23 7.45 8.18 3.94 2.41 4.67 0.00 0.00 0.00 4.53 5.18 0.00 0.00 0.00 0.00 0.00 0.00 0.00 0.00 5.26 5.26 3.87 3.50 0.22 2.04 1.31 1.83 0.00 1.61 0.73 0.00 0.00 0.00 0.00 0.00 0.00 0.15 1.10 1.31 2.34 1.68 5.26 5.48 7.08 7.52 7.52 6.72 5.18 5.69 5.91 7.08 9.27 9.05 9.71 10.15 8.98 7.52 7.59 8.03 7.30 7.08 6.94 6.94 7.23 6.42 6.72 6.57 7.45 5.99 5.91 5.91 4.09 4.31 5.11 4.67 7.08 0.00 6.79
9.27 9.27 8.69 9.05 8.10 7.01 7.23 8.47 7.88 9.42 8.18 6.86 4.96 4.89 4.45 6.42 5.62 0.00 2.56 0.00 0.00 0.00 0.00 4.16 0.00 4.53 4.53 3.14 3.50 1.17 0.51 0.95 0.00 0.29 0.00 0.07 1.97 0.00 0.00 0.00 0.00 0.00 3.65 3.87 5.77 6.06 5.99 5.69 5.55 6.79 6.86 6.86 6.28 5.69 5.69 7.74 7.30 8.83 10.22 9.64 7.59 7.74 7.81 7.37 7.81 7.74 6.06 7.01 7.59 6.64 6.79 6.64 7.37 7.45 6.06 5.99 5.99 6.06 5.33 5.69 7.30 7.45 7.66 8.47
9.27 9.27 8.69 9.05 8.10 7.01 7.23 8.47 7.88 9.42 8.18 6.86 4.96 4.89 4.45 6.42 5.62 0.00 2.56 0.00 0.00 0.00 0.00 4.16 0.00 4.53 4.53 3.14 3.50 1.17 0.51 0.95 0.00 0.29 0.00 0.07 1.97 0.00 0.00 0.00 0.00 0.00 3.65 3.87 5.77 6.06 5.99 5.69 5.55 6.79 6.86 6.86 6.28 5.69 5.69 7.74 7.30 8.83 10.22 9.64 7.59 7.74 7.81 7.37 7.81 7.74 6.06 7.01 7.59 6.64 6.79 6.64 7.37 7.45 6.06 5.99 5.99 6.06 5.33 5.69 7.30 7.45 7.66 8.47
9.05 9.05 8.76 8.40 8.03 7.59 7.52 9.13 9.42 10.15 9.78 9.93 7.59 9.42 8.32 7.45 7.30 7.01 4.53 0.00 0.00 0.00 0.00 5.04 4.09 0.00 0.00 4.74 6.13 0.00 0.58 0.00 0.00 0.00 0.00 0.00 0.00 0.00 0.00 0.00 0.00 3.29 4.82 6.57 7.37 7.37 7.74 7.37 8.40 7.74 8.10 8.10 6.42 6.64 5.18 7.30 8.54 9.71 9.42 8.83 7.81 7.96 7.74 8.03 6.50 5.62 5.62 6.28 7.52 6.64 6.64 6.35 7.66 6.50 6.72 5.69 5.69 6.06 5.62 6.50 7.08 7.37 7.08 8.54
9.20 9.20 7.81 8.18 7.52 7.23 6.50 7.59 9.49 8.83 9.56 7.96 9.13 9.86 9.20 8.10 0.00 0.00 0.00 0.00 0.00 0.00 0.00 0.00 0.00 6.79 6.79 7.23 7.45 1.90 2.34 0.00 0.00 0.00 0.00 0.00 0.00 0.00 0.00 0.00 0.00 7.23 7.30 7.30 7.59 7.59 9.49 10.15 10.00 9.56 10.15 10.15 8.47 8.83 6.35 7.74 8.91 8.91 8.10 8.03 7.66 8.25 7.59 5.18 5.33 5.77 6.86 6.72 6.64 6.57 7.23 7.81 7.74 7.45 6.28 6.28 6.28 6.28 4.53 4.67 5.69 5.91 7.45 7.52
8.69 8.69 7.74 4.74 4.96 5.26 0.00 4.45 4.96 6.86 4.89 6.42 6.57 7.01 8.91 6.57 0.00 0.00 0.00 0.00 0.00 0.00 0.00 0.00 0.00 5.99 5.99 7.96 6.64 0.00 0.15 0.00 0.00 0.00 0.00 0.00 0.00 0.00 0.00 0.00 8.47 8.18 8.18 9.56 10.44 11.10 11.83 11.68 11.68 9.93 9.64 9.64 9.71 10.00 9.05 9.20 8.61 7.23 6.86 5.18 6.79 6.79 5.99 4.82 4.45 5.48 7.08 0.00 7.45 7.15 6.57 7.96 6.72 7.37 1.17 0.00 0.00 4.23 4.45 4.09 6.50 6.50 6.79 7.15
3.43 3.43 4.31 3.94 3.58 4.31 2.26 0.00 4.45 0.00 3.80 1.17 3.36 2.63 4.09 2.26 0.00 0.00 0.00 0.00 0.00 0.00 0.00 0.00 0.00 6.13 6.13 4.38 0.00 0.00 0.00 0.00 0.00 0.00 0.00 0.00 0.00 0.00 0.00 0.00 8.83 8.40 9.71 10.73 12.12 13.14 11.90 10.07 8.40 8.69 9.20 9.20 9.13 9.78 9.42 7.08 5.84 6.35 5.62 3.14 3.94 0.00 0.00 3.94 0.00 0.00 0.00 0.00 0.00 0.00 0.00 0.00 0.00 0.00 0.00 0.00 0.00 0.00 5.04 4.31 7.88 6.42 5.84 5.99
0.00 0.00 0.00 0.00 0.00 0.00 0.00 0.00 0.00 0.00 0.00 0.00 0.22 0.00 0.00 0.00 0.00 0.00 0.00 0.00 0.00 0.00 0.00 0.00 4.31 3.80 3.80 4.23 0.00 0.00 0.00 0.00 0.00 0.00 0.00 0.00 0.00 0.00 0.00 0.00 7.96 7.74 9.93 11.83 12.19 10.88 11.39 10.59 9.78 9.56 9.56 9.56 9.56 9.34 8.03 5.62 4.45 0.00 0.00 0.00 0.00 0.00 0.00 0.00 0.00 0.00 0.00 0.00 0.00 0.00 0.00 0.00 0.00 0.00 0.00 0.00 0.00 0.00 1.24 8.40 8.69 7.08 5.18 1.61
0.00 0.00 0.00 0.00 0.00 0.00 0.00 0.00 0.00 0.00 0.00 0.00 0.22 0.00 0.00 0.00 0.00 0.00 0.00 0.00 0.00 0.00 0.00 0.00 0.00 4.60 4.60 2.92 0.00 0.00 0.00 0.00 0.00 0.00 0.00 0.00 0.00 0.00 0.00 0.00 8.18 7.52 9.05 11.39 9.93 10.22 10.07 10.88 8.91 9.93 9.71 9.71 7.23 5.11 5.62 4.74 0.00 0.00 0.00 0.00 0.00 0.00 0.00 0.00 0.00 0.00 0.00 0.00 0.00 0.00 0.00 0.00 0.00 0.00 0.00 0.00 0.00 0.00 0.00 0.00 1.31 5.55 5.62 2.04
0.00 0.00 0.00 0.00 0.00 0.00 0.00 0.00 0.00 0.00 0.00 0.00 0.22 0.00 0.00 0.00 0.00 0.00 0.00 0.00 0.00 0.00 0.00 0.00 0.00 4.60 4.60 2.92 0.00 0.00 0.00 0.00 0.00 0.00 0.00 0.00 0.00 0.00 0.00 0.00 8.18 7.52 9.05 11.39 9.93 10.22 10.07 10.88 8.91 9.93 9.71 9.71 7.23 5.11 5.62 4.74 0.00 0.00 0.00 0.00 0.00 0.00 0.00 0.00 0.00 0.00 0.00 0.00 0.00 0.00 0.00 0.00 0.00 0.00 0.00 0.00 0.00 0.00 0.00 0.00 1.31 5.55 5.62 2.04
0.00 0.00 0.00 0.00 0.00 0.00 0.00 0.00 0.00 0.00 0.00 0.00 0.00 0.00 0.00 0.00 0.00 0.00 2.70 2.34 2.41 3.21 2.85 3.29 0.00 0.00 0.00 1.75 0.00 0.00 0.00 0.00 0.00 0.00 0.00 0.00 0.00 0.00 0.00 0.00 7.45 6.86 7.23 7.30 8.10 7.88 6.06 7.23 6.35 9.27 9.27 9.27 5.55 0.00 0.00 0.00 0.00 0.00 0.00 0.00 0.00 0.00 0.00 0.00 0.00 0.00 0.00 0.00 0.00 0.00 0.00 0.00 0.00 0.00 0.00 0.00 0.00 0.00 0.00 0.00 0.00 2.99 3.65 4.23
