Wansh/Snow_depth/snowdepth-1998/winter/1999024.txt
ncols 321
nrows 161
xllcenter 60
yllcenter 15 
cellsize  0.25 
NODATA_value -1
[rows 0 to 36 of 161, columns 0 to 83 of 321]
5.26 5.26 7.08 13.07 12.70 11.97 11.10 11.10 10.80 12.63 12.05 13.51 11.02 6.50 6.50 6.72 6.79 4.67 6.50 7.08 7.08 7.01 7.08 8.25 7.37 8.18 8.18 7.96 7.23 5.99 7.30 7.30 6.35 6.50 5.91 7.81 9.42 9.13 10.80 10.59 10.59 10.37 12.92 12.70 13.58 14.02 14.09 12.99 13.07 12.85 12.05 12.05 12.05 10.95 11.61 11.24 13.29 12.56 12.56 12.56 12.19 14.67 14.97 14.82 14.89 14.97 14.24 13.07 13.87 12.48 12.99 12.05 14.31 14.02 15.48 16.13 16.13 16.21 16.43 15.70 15.70 15.18 13.65 14.02
10.80 10.80 12.56 12.99 11.97 16.50 16.28 14.38 12.41 13.43 13.14 13.21 12.05 9.64 7.88 7.52 6.57 6.42 6.42 6.64 6.94 6.35 6.86 6.57 7.23 7.74 7.74 7.96 7.96 8.03 7.66 7.45 7.52 6.79 7.88 7.30 10.73 11.83 11.53 11.97 14.75 14.31 15.99 15.62 15.99 12.26 11.53 11.46 11.02 11.83 11.97 11.97 9.56 9.20 10.59 10.15 9.86 10.29 9.13 11.75 11.68 11.46 11.10 10.59 14.02 12.70 12.78 12.26 10.37 10.88 10.22 12.34 11.83 14.45 14.09 16.13 16.13 16.28 15.91 16.35 15.48 15.55 14.75 14.82
11.61 11.61 11.75 10.80 11.02 10.88 10.88 10.59 10.88 11.02 9.27 9.05 9.64 8.69 8.03 5.62 5.69 4.82 5.77 5.62 6.35 6.50 6.94 6.86 7.30 7.08 7.08 7.96 7.88 7.81 7.96 7.08 7.45 7.37 8.47 10.51 10.22 10.59 11.39 11.17 12.70 15.84 15.84 13.36 11.46 12.12 10.15 10.51 10.15 9.49 8.10 8.10 8.18 7.30 6.79 7.59 9.34 9.27 8.40 8.54 8.54 10.00 9.93 9.56 9.05 8.83 8.25 7.74 10.44 9.56 9.20 11.24 11.83 11.75 12.34 12.34 12.34 12.26 12.34 11.32 11.68 11.61 12.41 12.85
11.61 11.61 11.75 10.80 11.02 10.88 10.88 10.59 10.88 11.02 9.27 9.05 9.64 8.69 8.03 5.62 5.69 4.82 5.77 5.62 6.35 6.50 6.94 6.86 7.30 7.08 7.08 7.96 7.88 7.81 7.96 7.08 7.45 7.37 8.47 10.51 10.22 10.59 11.39 11.17 12.70 15.84 15.84 13.36 11.46 12.12 10.15 10.51 10.15 9.49 8.10 8.10 8.18 7.30 6.79 7.59 9.34 9.27 8.40 8.54 8.54 10.00 9.93 9.56 9.05 8.83 8.25 7.74 10.44 9.56 9.20 11.24 11.83 11.75 12.34 12.34 12.34 12.26 12.34 11.32 11.68 11.61 12.41 12.85
12.48 12.48 7.96 13.72 13.58 8.76 6.28 7.37 7.81 7.74 8.32 7.88 7.52 7.15 7.45 2.85 2.34 4.45 4.74 3.87 3.43 3.50 4.60 5.84 7.59 7.01 7.01 7.30 8.32 8.61 9.20 8.98 8.76 8.91 8.54 9.64 10.73 10.80 10.07 12.70 11.83 12.48 12.63 13.21 11.46 11.53 10.88 11.17 9.05 10.07 4.96 4.96 3.36 5.55 6.64 4.74 4.38 3.58 7.01 7.37 7.66 6.79 5.77 4.16 7.30 6.94 7.23 5.62 5.99 5.91 6.28 7.30 7.30 6.72 7.23 10.29 10.29 5.84 10.29 9.78 6.06 7.52 9.56 7.01
12.48 12.48 9.78 6.86 7.15 6.57 6.86 6.28 7.59 7.52 8.47 8.40 8.91 9.34 3.50 3.87 4.96 4.89 5.04 4.67 4.60 6.06 8.18 8.18 7.96 8.54 8.54 8.69 8.91 8.98 10.73 10.51 10.73 11.32 10.88 10.66 10.66 10.07 10.44 9.56 11.97 12.05 10.51 11.83 12.26 8.25 9.64 10.00 6.94 4.02 5.18 5.18 1.61 0.00 0.00 2.77 1.24 1.31 0.00 0.00 3.72 3.94 4.16 3.50 3.07 3.14 4.02 4.96 4.53 5.18 4.96 5.99 6.06 6.13 5.91 5.18 5.18 5.40 5.04 6.35 5.99 7.66 8.10 8.32
10.80 10.80 8.83 7.74 7.23 5.55 7.37 6.42 7.01 7.30 8.91 10.00 8.98 10.07 6.72 6.50 6.42 6.13 6.06 5.77 5.91 6.86 7.45 6.42 6.64 6.86 6.86 7.52 8.25 8.25 7.37 9.27 7.96 10.44 8.69 9.13 9.64 7.37 8.18 8.25 7.15 8.47 9.05 5.04 5.33 4.02 3.50 5.62 5.84 2.34 0.00 0.00 0.80 0.00 0.00 0.00 0.00 0.00 0.00 0.00 0.00 0.00 0.58 2.26 3.14 3.87 3.43 4.96 3.87 3.80 2.70 1.75 1.90 2.34 2.19 2.26 2.26 3.50 3.72 3.80 7.08 8.76 8.54 7.88
10.80 10.80 8.83 7.74 7.23 5.55 7.37 6.42 7.01 7.30 8.91 10.00 8.98 10.07 6.72 6.50 6.42 6.13 6.06 5.77 5.91 6.86 7.45 6.42 6.64 6.86 6.86 7.52 8.25 8.25 7.37 9.27 7.96 10.44 8.69 9.13 9.64 7.37 8.18 8.25 7.15 8.47 9.05 5.04 5.33 4.02 3.50 5.62 5.84 2.34 0.00 0.00 0.80 0.00 0.00 0.00 0.00 0.00 0.00 0.00 0.00 0.00 0.58 2.26 3.14 3.87 3.43 4.96 3.87 3.80 2.70 1.75 1.90 2.34 2.19 2.26 2.26 3.50 3.72 3.80 7.08 8.76 8.54 7.88
9.86 9.86 5.84 5.18 3.07 4.45 4.16 4.02 5.77 4.96 6.28 7.08 6.86 8.54 6.86 7.23 4.82 3.43 2.77 3.58 2.70 4.74 4.31 5.77 5.99 6.20 6.20 5.69 4.60 5.77 5.69 5.40 6.28 6.57 7.01 4.16 5.33 5.77 4.02 4.16 4.89 1.31 1.83 0.00 0.15 0.66 0.29 0.00 0.80 1.46 0.00 0.00 0.00 0.00 0.00 0.00 0.00 0.00 0.00 0.00 0.00 0.00 0.00 0.00 0.00 0.00 0.00 2.63 2.77 2.34 2.34 1.75 0.00 0.00 0.00 2.48 2.48 1.83 3.14 4.16 2.99 7.15 7.81 5.04
5.18 5.18 3.87 5.77 2.77 2.70 1.75 3.72 3.80 3.58 4.89 4.89 6.64 7.96 6.13 4.09 4.67 3.36 3.07 3.07 4.23 5.33 4.82 6.06 8.91 5.77 5.77 6.86 4.96 5.69 5.33 5.48 3.80 2.12 2.85 2.99 0.80 2.99 2.92 0.00 0.00 0.00 0.00 0.00 0.00 0.00 0.00 0.00 0.00 0.00 0.00 0.00 0.00 0.00 0.00 0.00 0.00 0.00 0.00 0.00 0.00 0.00 0.00 0.00 0.00 0.00 0.00 0.00 0.00 0.00 0.00 0.00 0.00 0.00 0.00 0.00 0.00 0.00 0.00 0.00 0.00 2.48 4.53 4.38
5.84 5.84 2.85 2.12 0.58 0.88 0.44 2.12 2.04 4.45 5.18 4.89 5.04 8.25 7.30 6.06 5.26 4.67 5.04 4.02 4.60 7.66 7.96 8.61 8.69 8.40 8.40 6.50 5.18 5.40 4.60 3.43 2.99 3.07 0.00 0.00 0.00 0.00 0.00 0.00 0.00 0.00 0.00 0.00 0.00 0.51 0.95 0.00 0.00 0.00 0.00 0.00 0.00 0.00 0.00 0.00 0.00 0.00 0.00 0.00 0.00 0.00 0.00 0.00 0.00 0.00 0.00 0.00 0.00 0.00 0.00 0.00 0.00 0.00 0.00 1.39 1.39 1.46 0.00 0.00 4.89 0.00 4.74 4.74
5.84 5.84 2.85 2.12 0.58 0.88 0.44 2.12 2.04 4.45 5.18 4.89 5.04 8.25 7.30 6.06 5.26 4.67 5.04 4.02 4.60 7.66 7.96 8.61 8.69 8.40 8.40 6.50 5.18 5.40 4.60 3.43 2.99 3.07 0.00 0.00 0.00 0.00 0.00 0.00 0.00 0.00 0.00 0.00 0.00 0.51 0.95 0.00 0.00 0.00 0.00 0.00 0.00 0.00 0.00 0.00 0.00 0.00 0.00 0.00 0.00 0.00 0.00 0.00 0.00 0.00 0.00 0.00 0.00 0.00 0.00 0.00 0.00 0.00 0.00 1.39 1.39 1.46 0.00 0.00 4.89 0.00 4.74 4.74
4.16 4.16 4.31 0.15 0.00 0.00 0.00 0.00 0.00 2.77 0.00 3.21 3.43 3.58 6.94 6.13 5.40 6.42 7.01 6.57 6.64 6.64 6.28 0.00 2.63 2.19 2.19 4.16 0.00 2.48 1.83 3.87 0.00 0.00 0.00 0.00 0.00 0.00 0.00 0.00 0.00 0.00 0.00 0.15 0.15 2.19 1.75 1.61 0.51 0.00 0.00 0.00 0.00 0.00 0.00 0.00 0.00 0.00 0.00 0.00 0.00 0.00 0.00 0.00 0.00 0.00 0.00 0.00 0.00 0.00 0.00 0.66 0.44 1.90 0.00 0.00 0.00 0.95 3.58 5.26 6.20 4.60 3.58 3.50
4.23 4.23 2.63 3.50 1.31 0.00 0.00 0.00 0.00 0.00 0.00 0.29 4.45 4.31 3.72 3.87 3.07 4.45 6.20 4.74 0.44 0.00 0.00 0.00 0.00 0.00 0.00 0.00 0.00 0.00 0.00 0.00 0.00 0.00 0.00 0.00 0.00 0.00 0.00 0.00 0.00 0.00 0.22 0.00 0.00 0.00 0.00 0.00 0.00 0.00 0.00 0.00 0.00 0.00 0.00 0.00 0.00 0.00 0.00 0.00 0.00 0.00 0.00 0.00 0.00 0.00 0.00 0.00 1.31 2.12 2.19 1.83 2.70 2.56 0.00 0.66 0.66 0.51 1.68 4.16 4.09 2.92 3.07 2.63
3.58 3.58 3.58 2.19 2.48 0.88 0.00 0.00 0.00 0.00 0.00 0.00 0.00 0.00 0.00 0.22 0.58 2.04 3.29 1.10 0.00 0.00 0.00 0.00 0.00 0.00 0.00 0.00 0.00 0.00 0.00 0.07 0.00 0.00 0.29 0.73 0.66 0.00 0.00 0.22 0.00 0.00 0.00 0.00 0.00 0.00 0.00 0.00 0.00 0.00 0.00 0.00 0.00 0.00 0.00 0.00 0.00 0.00 0.00 0.00 0.00 0.00 0.00 0.00 1.68 0.00 1.24 2.34 2.70 2.85 2.85 3.36 3.07 3.58 2.99 4.16 4.16 3.21 3.94 4.60 4.60 3.87 2.34 3.29
3.29 3.29 2.34 1.17 0.15 0.00 0.00 0.00 0.00 0.00 0.00 0.00 0.00 0.00 0.00 0.00 0.00 0.00 0.00 0.37 0.00 0.00 0.00 0.00 0.00 0.00 0.00 0.00 0.00 0.51 0.07 1.39 1.39 0.73 0.80 1.10 0.00 0.00 0.95 0.00 0.00 0.00 0.00 0.00 0.00 0.00 0.00 0.00 0.00 0.29 0.00 0.00 2.77 2.70 0.00 0.00 0.00 0.00 0.00 0.00 0.00 0.00 2.77 0.00 2.77 1.61 2.85 2.41 3.50 2.92 2.85 3.29 3.43 3.07 3.72 4.67 4.67 6.06 5.91 5.48 5.40 4.60 5.04 3.94
3.29 3.29 2.34 1.17 0.15 0.00 0.00 0.00 0.00 0.00 0.00 0.00 0.00 0.00 0.00 0.00 0.00 0.00 0.00 0.37 0.00 0.00 0.00 0.00 0.00 0.00 0.00 0.00 0.00 0.51 0.07 1.39 1.39 0.73 0.80 1.10 0.00 0.00 0.95 0.00 0.00 0.00 0.00 0.00 0.00 0.00 0.00 0.00 0.00 0.29 0.00 0.00 2.77 2.70 0.00 0.00 0.00 0.00 0.00 0.00 0.00 0.00 2.77 0.00 2.77 1.61 2.85 2.41 3.50 2.92 2.85 3.29 3.43 3.07 3.72 4.67 4.67 6.06 5.91 5.48 5.40 4.60 5.04 3.94
3.65 3.65 2.12 0.95 0.00 0.00 0.00 0.00 0.00 0.00 0.00 0.00 0.00 0.00 0.00 0.00 0.00 0.00 0.00 0.15 0.00 0.00 0.00 0.00 0.00 0.00 0.00 0.00 0.00 1.24 0.95 0.88 1.31 0.66 1.53 1.61 2.19 0.00 0.00 0.00 0.00 0.00 0.00 0.00 0.00 0.00 0.00 0.00 0.00 2.26 3.65 3.65 2.92 3.72 0.00 0.00 0.00 0.00 0.00 0.00 0.00 2.92 2.92 0.00 0.00 0.00 2.34 2.99 3.21 3.36 2.85 3.65 3.43 4.89 5.55 5.99 5.99 5.77 5.69 4.60 4.74 5.84 5.69 4.53
2.63 2.63 3.50 0.00 0.80 0.00 0.00 0.00 0.00 0.00 0.00 1.17 0.00 0.00 0.00 0.00 0.00 0.00 0.00 0.00 0.00 0.00 0.00 0.00 0.00 0.00 0.00 0.00 0.00 0.37 0.73 0.44 0.37 0.37 1.02 0.00 0.00 0.00 0.00 0.00 0.00 0.00 0.44 0.00 0.00 2.63 1.97 1.97 3.36 2.85 4.23 4.23 3.43 3.50 0.00 0.00 2.04 0.00 2.63 2.56 0.00 2.56 3.36 3.29 3.14 2.85 2.99 2.85 3.29 2.77 2.85 4.02 5.26 4.89 5.69 5.99 5.99 7.59 6.13 6.57 4.45 4.67 3.94 3.07
6.28 6.28 3.58 2.26 0.00 0.51 0.00 0.00 0.00 0.00 0.00 0.00 0.00 0.00 0.00 0.00 0.66 0.00 0.00 0.29 0.00 0.00 0.00 0.00 0.00 0.00 0.00 0.00 0.00 0.00 0.00 0.00 0.00 0.00 0.00 0.00 0.00 0.00 0.00 0.00 0.29 0.44 1.17 2.56 1.17 3.58 5.18 4.96 4.82 4.31 3.21 3.21 3.58 1.61 2.04 2.04 2.34 2.34 2.19 2.99 2.77 2.92 3.65 4.89 3.80 0.00 2.63 3.36 2.92 3.36 4.31 5.69 5.33 7.96 9.71 8.32 8.32 8.76 7.01 5.55 7.88 7.59 6.50 4.38
6.64 6.64 7.59 3.94 3.50 0.58 0.00 0.00 0.00 0.00 0.00 0.00 0.00 0.88 0.00 0.22 1.02 0.00 0.00 0.00 0.00 0.00 0.00 0.00 0.00 0.00 0.00 0.00 0.00 0.00 0.00 0.00 0.00 0.00 0.00 0.00 0.00 0.00 0.00 0.00 3.43 2.26 2.19 1.83 3.72 3.14 4.82 4.60 4.45 4.53 2.63 2.63 0.00 0.00 1.75 3.65 3.36 3.65 3.87 3.94 3.50 3.72 4.82 4.74 3.80 3.36 3.50 3.58 4.45 4.45 4.38 5.69 7.45 8.91 8.61 9.20 9.20 7.30 8.91 9.27 8.10 8.76 9.20 6.28
8.47 8.47 6.86 7.52 4.96 2.12 1.83 0.22 0.00 0.00 0.00 1.97 1.24 1.10 0.95 0.00 0.00 0.00 0.00 0.00 0.00 0.00 0.00 0.00 0.00 0.00 0.00 0.00 0.00 0.00 2.12 0.00 0.00 0.00 0.00 0.80 0.00 1.61 3.29 3.58 3.50 3.50 1.97 1.90 4.16 5.18 4.74 4.38 3.94 1.53 2.19 2.19 0.51 1.39 1.02 3.58 4.82 4.74 4.67 5.40 4.53 4.16 5.33 5.62 5.69 5.18 5.33 5.40 5.99 5.62 4.96 5.91 5.99 5.62 6.42 7.01 7.01 6.94 7.66 9.56 10.15 9.42 9.34 8.40
8.47 8.47 6.86 7.52 4.96 2.12 1.83 0.22 0.00 0.00 0.00 1.97 1.24 1.10 0.95 0.00 0.00 0.00 0.00 0.00 0.00 0.00 0.00 0.00 0.00 0.00 0.00 0.00 0.00 0.00 2.12 0.00 0.00 0.00 0.00 0.80 0.00 1.61 3.29 3.58 3.50 3.50 1.97 1.90 4.16 5.18 4.74 4.38 3.94 1.53 2.19 2.19 0.51 1.39 1.02 3.58 4.82 4.74 4.67 5.40 4.53 4.16 5.33 5.62 5.69 5.18 5.33 5.40 5.99 5.62 4.96 5.91 5.99 5.62 6.42 7.01 7.01 6.94 7.66 9.56 10.15 9.42 9.34 8.40
10.88 10.88 9.13 9.64 3.29 2.85 2.34 1.46 0.88 1.53 0.88 2.04 0.00 0.00 0.00 0.00 0.00 0.00 0.00 0.00 0.00 0.00 0.00 0.00 0.00 0.00 0.00 0.00 0.00 0.00 3.50 3.14 2.34 2.70 0.37 1.75 2.41 1.90 3.43 3.65 3.72 3.65 3.29 4.09 3.65 4.82 2.63 2.99 3.58 1.68 1.02 1.02 1.53 2.41 4.82 2.41 5.26 5.18 5.33 5.26 4.89 6.35 5.99 7.30 7.81 7.08 7.52 7.30 6.79 5.62 5.99 5.40 5.48 4.60 4.89 4.82 4.82 5.77 8.03 9.86 9.34 10.73 11.10 8.91
10.15 10.15 7.37 6.42 4.09 2.04 2.26 1.83 0.00 0.00 0.00 0.00 0.00 0.00 0.00 0.00 0.00 0.00 0.00 0.00 0.00 0.00 0.00 0.00 0.00 0.00 0.00 0.00 3.80 4.45 4.16 5.11 3.21 1.90 1.83 1.75 1.83 2.70 2.48 3.65 2.63 1.61 1.83 0.37 2.56 2.99 1.31 3.07 5.04 3.94 2.77 2.77 3.94 3.43 6.50 7.01 7.81 6.13 6.06 6.28 5.99 7.45 8.18 8.32 8.40 8.03 7.45 7.59 7.30 5.99 5.40 8.47 5.48 8.54 6.64 4.74 4.74 5.11 5.69 6.72 10.22 11.10 9.71 9.71
9.56 9.56 7.59 5.55 3.36 3.72 1.97 0.00 1.75 1.17 0.00 0.00 0.00 0.00 0.00 0.00 0.00 0.00 0.00 0.00 0.00 0.00 0.00 0.00 0.00 1.39 1.39 3.80 3.43 5.55 5.62 6.06 4.38 2.26 2.41 1.61 1.75 2.63 3.65 3.65 2.70 0.73 0.00 0.00 0.00 0.80 0.22 2.92 6.94 7.59 4.60 4.60 5.84 7.37 7.08 7.59 9.27 9.34 9.27 10.07 10.07 9.42 8.47 9.93 9.93 9.13 8.83 9.27 8.32 8.76 8.61 9.05 9.64 9.71 9.86 7.96 7.96 8.76 6.20 8.83 8.47 10.22 11.02 10.66
9.34 9.34 7.15 5.33 5.69 4.67 3.43 4.23 3.58 2.26 0.00 0.66 0.00 0.00 0.00 0.00 0.00 0.00 0.00 0.00 0.00 0.00 0.00 0.00 0.00 1.83 1.83 4.09 4.67 4.67 5.69 2.41 2.77 2.92 2.19 1.17 2.99 2.99 2.12 2.19 2.26 2.63 0.00 1.83 0.73 6.50 8.40 7.66 7.23 8.47 8.98 8.98 9.20 9.20 10.15 10.07 10.51 10.59 11.10 11.10 10.51 9.05 9.93 9.78 9.86 8.69 8.91 8.91 8.69 8.91 9.93 10.07 11.02 11.39 12.92 11.75 11.75 8.18 8.61 7.15 7.01 8.32 8.69 9.78
6.79 6.79 5.84 4.82 3.72 4.09 4.38 4.60 4.67 3.43 2.48 1.10 0.00 0.00 2.70 1.61 0.00 0.00 0.00 0.00 0.00 0.00 1.46 0.00 3.07 3.29 3.29 2.85 3.21 0.00 0.00 0.66 0.00 0.73 1.02 0.66 1.90 1.90 1.46 3.07 3.50 3.29 4.60 4.74 7.81 7.01 9.49 10.80 9.49 9.27 9.78 9.78 9.56 9.64 9.56 11.17 13.14 12.12 12.78 11.02 10.22 10.51 9.78 9.93 8.32 8.61 8.40 7.81 8.61 9.42 8.98 10.07 10.95 11.46 11.39 11.83 11.83 12.78 10.73 8.03 8.98 8.25 9.64 9.78
6.79 6.79 5.84 4.82 3.72 4.09 4.38 4.60 4.67 3.43 2.48 1.10 0.00 0.00 2.70 1.61 0.00 0.00 0.00 0.00 0.00 0.00 1.46 0.00 3.07 3.29 3.29 2.85 3.21 0.00 0.00 0.66 0.00 0.73 1.02 0.66 1.90 1.90 1.46 3.07 3.50 3.29 4.60 4.74 7.81 7.01 9.49 10.80 9.49 9.27 9.78 9.78 9.56 9.64 9.56 11.17 13.14 12.12 12.78 11.02 10.22 10.51 9.78 9.93 8.32 8.61 8.40 7.81 8.61 9.42 8.98 10.07 10.95 11.46 11.39 11.83 11.83 12.78 10.73 8.03 8.98 8.25 9.64 9.78
6.42 6.42 6.13 4.53 3.87 4.60 4.67 4.89 5.04 2.26 3.65 1.17 1.17 3.29 3.80 2.26 0.15 0.00 0.00 0.00 0.00 0.00 2.26 4.82 3.36 2.12 2.12 3.14 0.00 0.00 0.00 0.00 0.00 0.00 0.00 0.00 0.00 0.00 2.63 1.46 3.72 6.13 9.27 8.54 9.64 10.88 10.59 12.05 13.07 13.14 12.05 12.05 9.34 9.34 10.66 10.15 11.90 12.26 11.10 11.46 10.29 9.49 8.69 9.20 8.18 8.10 8.03 8.47 8.25 9.05 10.29 10.07 10.37 10.29 10.51 12.12 12.12 12.05 10.88 10.59 9.49 9.05 9.64 10.73
5.84 5.84 4.89 2.92 2.70 3.14 3.58 2.41 3.58 1.68 2.92 1.83 1.10 2.34 4.16 2.77 1.61 0.00 0.00 0.00 0.95 0.00 3.87 4.53 2.12 0.00 0.00 0.00 0.00 0.00 0.00 0.00 0.00 0.00 0.00 0.00 0.00 0.00 2.12 5.48 4.09 7.08 9.49 11.90 10.80 11.97 13.07 14.75 14.60 13.80 12.12 12.12 11.90 10.22 10.29 11.02 10.73 10.73 10.95 9.42 9.49 9.64 8.25 7.37 7.23 7.96 7.74 7.74 7.52 8.98 9.27 10.73 10.44 10.66 9.86 9.20 9.20 10.22 12.19 10.73 8.40 8.40 10.15 10.44
1.24 1.24 1.53 1.31 1.90 2.19 0.00 0.00 0.95 0.00 0.00 0.00 1.46 0.73 1.17 0.80 0.58 0.00 0.00 0.00 1.24 2.41 3.14 2.99 1.90 0.00 0.00 0.00 0.00 0.00 0.00 0.00 0.00 0.00 0.00 0.00 0.00 0.00 0.00 2.92 2.70 2.26 6.72 10.00 12.34 12.12 13.80 15.70 13.43 14.02 12.26 12.26 11.10 10.07 10.15 10.07 9.13 10.15 9.05 7.30 6.94 6.86 7.59 5.91 7.52 7.45 7.74 7.74 7.88 9.42 9.93 9.71 10.37 10.44 8.25 7.52 7.52 5.62 8.47 9.20 9.42 9.13 11.17 12.05
0.00 0.00 0.00 0.00 0.00 0.00 0.00 0.00 0.00 0.00 0.00 0.00 0.00 0.00 1.10 0.58 0.00 0.00 0.00 0.00 0.44 1.53 0.22 0.00 0.00 0.00 0.00 0.00 0.00 0.00 0.00 0.00 0.00 0.00 0.00 0.00 0.00 0.00 1.53 1.46 1.17 3.43 8.10 8.10 13.29 13.87 13.94 14.02 12.99 10.80 10.88 10.88 10.66 9.93 8.91 8.40 7.88 5.18 3.43 3.14 3.07 4.02 4.89 4.53 4.67 6.13 7.59 7.52 7.59 7.15 8.54 6.72 5.04 4.96 1.02 2.56 2.56 7.52 6.64 10.59 10.00 9.71 9.64 12.92
0.00 0.00 0.00 0.00 0.00 0.00 0.00 0.00 0.00 0.00 0.00 0.00 0.00 0.00 0.00 0.00 0.00 0.00 0.00 0.00 0.00 0.00 0.95 0.00 0.00 0.00 0.00 0.00 0.00 0.00 0.00 2.63 3.36 0.00 0.00 0.00 0.00 0.00 0.00 0.00 0.00 2.85 7.37 11.10 11.83 12.92 12.56 10.00 10.15 9.56 10.59 10.59 10.22 9.71 7.23 6.13 4.02 4.38 2.77 1.61 3.65 2.99 4.31 4.60 5.11 4.67 6.86 5.91 5.77 4.89 5.11 4.60 5.55 0.00 0.00 0.00 0.00 2.77 9.05 11.02 11.32 10.00 11.61 7.66
0.00 0.00 0.00 0.00 0.00 0.00 0.00 0.00 0.00 0.00 0.00 0.00 0.00 0.00 0.00 0.00 0.00 0.00 1.61 1.46 3.29 0.73 2.12 0.00 0.00 0.00 0.00 1.39 1.53 1.39 3.65 6.57 3.80 1.83 0.00 0.00 0.00 0.00 0.00 0.66 2.04 1.24 5.40 8.83 7.74 10.95 9.05 8.54 9.56 9.05 9.56 9.56 9.49 7.01 7.96 5.62 2.92 1.68 1.83 1.83 3.50 5.69 8.54 5.62 9.20 11.17 9.86 6.50 7.15 5.40 4.02 3.94 3.21 0.22 4.16 5.77 5.77 8.32 11.17 11.39 12.05 12.63 9.34 6.06
0.00 0.00 0.00 0.00 0.00 0.00 0.00 0.00 0.00 0.00 0.00 0.00 0.00 0.00 0.00 0.00 0.00 0.00 1.61 1.46 3.29 0.73 2.12 0.00 0.00 0.00 0.00 1.39 1.53 1.39 3.65 6.57 3.80 1.83 0.00 0.00 0.00 0.00 0.00 0.66 2.04 1.24 5.40 8.83 7.74 10.95 9.05 8.54 9.56 9.05 9.56 9.56 9.49 7.01 7.96 5.62 2.92 1.68 1.83 1.83 3.50 5.69 8.54 5.62 9.20 11.17 9.86 6.50 7.15 5.40 4.02 3.94 3.21 0.22 4.16 5.77 5.77 8.32 11.17 11.39 12.05 12.63 9.34 6.06
0.00 0.00 0.00 0.00 0.00 0.00 0.00 0.00 0.00 0.00 0.00 0.00 0.00 0.00 0.00 0.00 2.77 2.26 3.21 2.56 2.26 1.39 1.83 0.00 0.00 0.00 0.00 4.82 6.64 8.83 8.69 8.25 6.20 0.51 1.10 0.00 0.00 0.00 0.00 1.53 3.14 5.99 4.96 7.30 6.72 5.04 6.42 5.99 8.32 9.56 9.64 9.64 9.71 8.40 3.65 0.00 0.00 0.07 4.74 8.76 11.02 10.73 11.97 10.44 12.56 12.34 12.99 11.39 15.11 12.34 6.86 5.84 13.36 13.72 9.71 8.40 8.40 12.41 9.42 12.34 12.05 14.02 12.19 12.19
