Wansh/Snow_depth/snowdepth-1998/winter/1999025.txt
ncols 321
nrows 161
xllcenter 60
yllcenter 15 
cellsize  0.25 
NODATA_value -1
[rows 0 to 36 of 161, columns 168 to 251 of 321]
12.48 10.88 7.74 7.74 7.66 7.74 7.66 7.59 7.66 7.66 7.37 8.03 7.81 8.69 6.72 7.66 9.20 8.69 12.26 10.80 12.26 10.29 10.66 9.05 8.18 7.81 2.12 4.96 0.00 0.00 0.00 4.60 14.38 16.64 13.43 13.43 17.08 16.35 15.84 18.25 15.48 15.91 15.40 14.82 14.97 16.28 19.78 18.18 18.47 15.48 12.92 12.78 11.75 11.97 10.95 10.80 11.46 11.46 11.61 10.95 10.95 12.19 13.87 13.14 15.62 18.25 20.81 20.59 21.02 22.34 12.05 12.19 12.34 14.45 20.59 20.59 20.59 20.59 17.67 19.78 20.66 20.37 20.44 20.15
13.21 13.72 12.12 12.26 8.18 8.98 9.05 7.74 8.10 8.10 7.66 9.05 8.40 8.54 8.32 8.18 9.42 11.75 11.10 12.63 11.39 10.15 9.13 9.05 8.25 1.24 4.60 0.00 0.00 0.00 3.29 0.00 13.14 11.97 12.48 12.48 11.02 11.02 14.75 19.42 19.64 18.69 19.64 19.42 20.66 20.08 20.29 18.25 17.08 17.96 14.89 12.41 11.17 11.24 10.51 11.02 11.24 11.53 12.19 11.83 11.83 12.12 13.72 13.72 16.06 17.23 13.58 13.94 13.58 12.48 14.67 15.26 15.33 14.89 17.67 19.05 20.08 22.19 20.81 19.27 19.49 19.27 16.50 14.45
22.41 15.11 15.11 15.55 15.55 10.66 10.15 11.02 8.10 8.10 8.91 8.83 9.49 8.83 8.54 10.80 10.44 14.53 13.36 13.21 11.97 10.59 10.80 8.98 10.15 1.10 0.00 0.00 0.00 0.00 0.00 7.59 10.73 10.37 10.29 10.29 15.40 15.40 20.81 20.44 22.34 23.58 23.21 20.22 17.59 17.67 15.11 14.97 14.67 15.11 12.34 11.02 11.83 11.46 11.61 11.97 10.66 10.29 12.12 12.05 12.05 13.36 13.29 12.70 13.80 15.99 12.92 13.58 13.65 13.72 14.67 15.84 15.04 16.79 16.35 17.59 20.00 17.74 17.81 13.14 13.58 14.02 13.58 14.31
22.41 15.11 15.11 15.55 15.55 10.66 10.15 11.02 8.10 8.10 8.91 8.83 9.49 8.83 8.54 10.80 10.44 14.53 13.36 13.21 11.97 10.59 10.80 8.98 10.15 1.10 0.00 0.00 0.00 0.00 0.00 7.59 10.73 10.37 10.29 10.29 15.40 15.40 20.81 20.44 22.34 23.58 23.21 20.22 17.59 17.67 15.11 14.97 14.67 15.11 12.34 11.02 11.83 11.46 11.61 11.97 10.66 10.29 12.12 12.05 12.05 13.36 13.29 12.70 13.80 15.99 12.92 13.58 13.65 13.72 14.67 15.84 15.04 16.79 16.35 17.59 20.00 17.74 17.81 13.14 13.58 14.02 13.58 14.31
25.11 23.94 17.96 17.89 18.03 18.32 12.78 10.59 11.32 11.32 10.88 10.51 10.15 13.80 16.13 12.05 16.64 15.62 16.43 12.41 12.70 11.17 7.96 9.34 0.00 0.00 0.00 0.00 0.00 0.00 5.84 3.29 10.00 11.32 11.10 11.10 14.97 19.49 18.83 20.08 21.32 20.81 20.22 15.99 16.28 14.53 11.61 10.73 10.73 10.88 10.73 10.51 11.17 11.24 11.61 12.26 10.80 10.80 11.24 13.58 13.58 14.31 14.24 14.24 12.70 11.75 12.56 12.63 10.44 11.61 12.19 11.75 13.65 13.51 10.80 13.87 11.61 13.36 11.02 12.34 12.99 13.65 15.18 14.97
26.43 26.13 27.67 21.02 21.46 18.91 19.78 13.07 12.70 12.70 12.56 14.45 15.77 15.18 17.45 18.83 18.91 15.62 11.53 12.26 8.83 0.00 0.00 0.00 0.00 0.00 0.00 0.00 0.00 7.08 5.26 9.20 10.59 10.15 14.89 14.89 15.91 16.06 14.38 15.48 14.97 17.52 16.50 16.64 13.72 12.34 12.63 10.59 11.10 11.61 11.39 11.17 11.61 11.75 11.32 9.56 9.64 7.74 8.54 9.20 9.20 14.89 13.07 14.16 11.46 10.07 8.76 8.83 8.83 10.07 10.22 8.61 9.56 9.20 10.00 11.90 11.17 11.24 11.39 12.63 12.05 13.43 15.26 13.94
25.92 29.93 30.00 30.15 28.84 24.67 22.48 20.95 21.53 21.53 16.57 18.40 18.40 21.10 18.83 19.05 16.50 17.45 10.66 0.00 7.66 0.00 0.00 0.00 0.00 0.00 0.00 1.83 0.00 7.37 9.56 9.20 12.05 15.33 14.53 14.53 16.64 14.75 15.18 15.18 16.86 16.57 17.16 15.77 14.89 14.97 13.29 11.39 11.68 11.10 11.24 9.34 8.47 9.05 7.30 6.13 7.23 6.57 7.59 8.32 8.32 8.32 12.41 9.13 6.79 7.52 7.01 6.72 7.23 7.01 7.45 8.47 8.32 8.03 8.10 7.88 10.00 11.02 12.92 14.90 19.39 19.22 18.57 18.38
25.92 29.93 30.00 30.15 28.84 24.67 22.48 20.95 21.53 21.53 16.57 18.40 18.40 21.10 18.83 19.05 16.50 17.45 10.66 0.00 7.66 0.00 0.00 0.00 0.00 0.00 0.00 1.83 0.00 7.37 9.56 9.20 12.05 15.33 14.53 14.53 16.64 14.75 15.18 15.18 16.86 16.57 17.16 15.77 14.89 14.97 13.29 11.39 11.68 11.10 11.24 9.34 8.47 9.05 7.30 6.13 7.23 6.57 7.59 8.32 8.32 8.32 12.41 9.13 6.79 7.52 7.01 6.72 7.23 7.01 7.45 8.47 8.32 8.03 8.10 9.11 13.79 15.86 17.70 25.32 32.01 25.58 23.89 19.07
22.70 24.89 31.32 31.46 29.35 24.75 25.92 21.46 20.29 20.29 20.00 20.66 23.14 22.85 20.95 21.68 18.18 9.71 11.75 0.00 0.00 0.00 0.00 0.00 0.00 0.00 2.41 0.29 7.23 9.34 8.54 11.32 14.16 13.36 17.45 17.45 17.37 17.74 13.14 13.36 12.92 15.77 16.13 16.35 15.18 15.70 14.75 15.18 15.11 12.41 11.10 7.74 8.18 6.20 5.77 4.96 5.69 5.55 9.42 6.28 6.28 7.52 6.86 8.25 8.76 6.79 7.66 7.01 7.45 8.54 8.18 8.40 7.88 7.83 12.34 14.15 15.68 16.70 17.71 25.67 24.76 21.23 19.61 20.62
20.00 19.64 18.76 18.76 26.50 22.85 20.95 21.46 21.24 21.24 24.60 23.94 20.59 19.93 20.88 13.21 0.00 2.19 0.00 0.00 0.00 0.00 0.00 0.00 5.18 3.43 8.10 10.88 7.37 9.64 11.24 11.02 12.56 16.21 15.33 15.33 17.45 13.72 13.43 13.14 15.84 16.35 16.50 16.35 16.28 14.09 14.45 14.97 12.92 11.24 11.90 8.32 6.64 5.40 4.89 5.40 6.20 6.42 5.99 7.23 7.23 7.01 6.50 8.69 8.91 8.91 8.69 7.52 8.83 9.86 9.86 9.93 8.74 12.68 15.06 16.76 18.83 21.96 24.12 23.43 22.96 17.54 21.04 21.04
14.31 15.04 15.11 16.57 16.72 20.66 20.37 19.42 19.49 19.49 22.48 17.30 18.69 9.56 0.00 10.73 0.00 0.00 0.00 0.00 7.37 0.00 2.99 7.15 6.13 8.98 11.02 10.37 12.70 11.32 12.05 10.44 11.39 11.10 13.21 13.21 14.02 14.16 13.72 16.43 15.70 17.37 15.33 13.94 14.09 13.80 12.85 11.83 10.59 10.00 10.29 7.74 8.18 8.47 7.66 9.42 7.88 8.03 9.05 9.93 9.93 8.98 7.81 9.64 9.27 10.73 10.15 9.86 9.86 10.00 12.12 10.59 10.56 10.67 9.86 15.52 20.53 19.86 17.64 18.62 18.17 18.17 18.43 15.55
14.31 15.04 15.11 16.57 16.72 20.66 20.37 19.42 19.49 19.49 22.48 17.30 18.69 9.56 0.00 10.73 0.00 0.00 0.00 0.00 7.37 0.00 2.99 7.15 6.13 8.98 11.02 10.37 12.70 11.32 12.05 10.44 11.39 11.10 13.21 13.21 14.02 14.16 13.72 16.43 15.70 17.37 15.33 13.94 14.09 13.80 12.85 11.83 10.59 10.00 10.29 7.74 8.18 8.47 7.66 9.42 7.88 8.03 9.05 9.93 9.93 8.98 7.81 9.64 9.27 10.73 10.15 9.86 9.86 10.00 12.12 10.59 10.29 10.51 9.56 14.41 18.30 18.39 18.82 19.32 18.17 17.77 20.24 16.64
14.97 14.16 13.58 13.43 14.31 12.26 17.23 16.28 10.44 10.44 10.07 0.00 4.60 6.50 0.00 0.00 0.00 0.00 7.74 5.91 9.34 10.22 10.22 12.34 12.41 10.15 11.90 12.63 12.26 12.19 10.37 10.66 11.17 12.63 13.65 13.65 13.65 14.75 16.13 17.89 18.18 17.08 13.21 13.80 12.63 11.61 11.24 10.73 11.39 9.86 10.07 8.76 10.22 11.17 9.86 10.59 11.68 11.68 14.02 13.72 13.72 12.48 13.43 12.56 13.29 11.17 12.63 15.99 14.53 14.16 14.38 12.26 12.48 9.93 11.01 12.96 15.52 15.13 16.62 17.98 16.12 16.32 17.41 16.57
14.16 13.80 15.99 13.07 13.36 12.12 8.69 11.61 2.48 2.48 0.00 0.00 0.00 0.00 0.00 0.00 1.75 0.00 8.76 12.70 10.37 11.10 13.36 13.14 13.21 12.26 13.07 12.70 12.70 11.75 12.05 11.46 12.63 12.26 12.85 12.85 14.89 14.45 15.77 17.23 17.59 17.74 17.59 14.45 12.92 12.99 11.68 12.99 12.05 10.29 10.80 10.59 10.37 11.02 11.83 13.21 14.82 13.80 13.43 14.31 14.31 14.82 17.96 14.45 19.86 19.56 20.44 18.54 17.52 19.13 15.33 13.29 14.02 14.60 15.45 16.31 14.01 13.42 17.52 14.05 15.72 13.85 14.50 14.25
16.86 17.08 16.72 17.81 17.08 15.26 11.97 9.13 9.78 9.78 0.00 0.00 0.00 1.90 6.57 8.69 1.75 8.03 12.70 11.61 15.91 16.72 16.86 17.01 18.03 14.60 15.77 16.50 15.48 12.99 12.56 12.85 12.26 14.24 14.82 14.82 14.09 15.48 15.77 17.30 17.67 16.79 15.84 15.55 16.57 15.77 14.45 13.29 14.24 11.83 12.41 11.53 11.68 12.48 14.45 15.99 15.99 15.40 17.89 21.10 21.10 20.66 21.83 23.58 23.87 23.29 23.73 20.66 21.39 20.88 19.05 16.28 14.36 19.33 17.12 19.13 16.64 17.30 13.48 14.60 14.31 14.88 15.11 13.61
17.23 16.94 17.23 17.45 16.64 15.70 15.70 14.60 12.85 12.85 13.51 13.51 8.91 10.00 9.64 11.90 10.95 11.17 12.56 14.89 14.60 16.94 18.03 17.89 18.61 18.32 18.61 17.23 17.01 15.91 15.84 15.77 15.26 15.70 15.11 15.11 15.62 15.91 15.91 16.35 15.70 16.43 16.35 16.13 16.86 15.62 14.67 15.55 14.97 13.80 13.58 11.97 12.99 17.52 18.47 18.25 16.94 17.52 17.96 19.71 19.71 19.71 20.81 23.73 23.73 21.53 20.95 21.32 21.90 21.90 20.51 15.58 18.43 20.73 21.68 17.80 18.62 15.53 15.93 17.58 18.43 19.79 16.95 18.47
17.23 16.94 17.23 17.45 16.64 15.70 15.70 14.60 12.85 12.85 13.51 13.51 8.91 10.00 9.64 11.90 10.95 11.17 12.56 14.89 14.60 16.94 18.03 17.89 18.61 18.32 18.61 17.23 17.01 15.91 15.84 15.77 15.26 15.70 15.11 15.11 15.62 15.91 15.91 16.35 15.70 16.43 16.35 16.13 16.86 15.62 14.67 15.55 14.97 13.80 13.58 11.97 12.99 17.52 18.47 18.25 16.94 17.52 17.96 19.71 19.71 19.71 20.81 23.73 23.73 21.53 20.95 21.32 21.90 21.90 20.51 19.13 17.27 22.53 19.47 22.02 18.89 17.17 16.24 15.85 17.81 17.02 18.44 20.97
15.70 15.99 13.80 14.82 15.04 13.80 14.82 15.77 16.06 16.06 14.67 15.11 15.11 14.75 13.51 13.80 11.90 11.53 11.61 12.92 14.67 15.62 18.03 18.54 18.54 18.40 18.03 18.18 17.23 15.70 16.79 16.50 17.16 17.08 16.94 16.94 16.86 17.16 15.55 14.97 14.82 15.91 15.70 15.33 14.97 15.11 13.80 12.99 13.29 11.17 11.83 12.70 14.89 15.26 16.21 17.89 18.18 17.96 18.40 18.47 18.47 18.25 21.61 20.81 20.73 20.37 19.86 20.08 18.40 16.64 18.08 16.11 18.07 16.80 19.33 21.84 22.08 18.23 16.46 20.83 20.03 19.90 18.83 17.41
8.32 13.14 13.07 11.90 13.07 13.65 13.51 12.78 12.34 12.34 14.16 14.82 15.40 15.40 14.75 13.21 13.51 12.05 12.56 12.19 13.43 15.04 15.33 15.18 15.26 14.82 14.60 15.84 15.48 15.62 15.48 16.72 16.94 16.94 16.28 16.28 17.08 15.91 15.77 15.62 16.13 15.84 15.26 11.68 11.10 12.05 10.80 9.13 9.27 8.32 9.86 12.63 14.53 13.87 15.62 17.74 19.42 19.05 18.83 17.89 17.89 17.23 17.81 19.35 17.89 19.27 18.18 18.69 17.96 14.67 13.35 13.86 14.90 16.46 17.14 18.41 17.50 19.40 19.73 20.84 19.53 20.19 19.14 19.12
6.42 6.50 10.44 10.37 10.66 11.32 11.97 12.26 11.53 11.53 13.51 13.72 15.18 13.87 14.16 12.78 10.95 11.97 11.32 15.40 14.02 14.67 15.77 14.97 15.26 14.24 15.26 15.04 15.04 15.40 17.23 16.64 18.18 18.76 18.54 18.54 17.23 16.94 15.77 16.13 15.70 14.45 14.97 11.39 9.93 8.69 8.32 7.23 8.40 8.47 10.15 13.36 14.45 15.55 16.43 15.62 18.40 19.27 19.93 16.35 16.35 17.96 17.37 17.23 16.94 17.74 18.10 13.21 13.58 13.65 13.14 14.60 16.13 15.33 16.43 17.07 20.71 22.71 24.57 21.43 21.73 19.21 16.85 18.49
5.18 4.96 4.53 8.91 9.42 8.61 9.56 11.32 10.80 10.80 12.48 11.97 11.97 12.92 12.05 12.34 10.80 11.53 16.43 15.99 19.42 19.64 15.62 15.62 12.56 13.07 12.99 13.58 13.65 17.01 15.91 19.49 20.29 20.29 19.27 19.27 18.10 17.01 15.40 14.24 14.38 14.60 11.32 8.69 8.47 7.37 5.91 5.84 5.62 6.20 9.42 8.54 8.25 11.75 15.77 18.18 18.32 18.10 19.27 16.72 16.72 16.13 16.28 15.48 16.35 16.35 10.22 11.39 13.29 12.63 16.57 15.99 16.86 19.20 20.07 22.24 26.18 22.37 24.03 23.56 23.56 17.33 19.66 16.66
3.36 3.36 2.77 5.99 6.57 7.66 6.86 8.47 10.44 10.44 10.29 11.90 12.70 12.12 11.97 7.66 9.93 9.93 17.30 20.22 19.56 20.81 15.62 12.48 12.78 13.94 14.53 14.45 14.53 17.45 20.00 20.08 20.08 20.59 20.66 20.66 18.18 18.76 16.28 14.09 13.80 11.61 12.41 10.00 8.91 9.20 7.37 4.53 4.09 4.31 7.23 8.10 7.45 11.10 14.38 14.75 18.18 18.98 16.86 13.72 13.72 11.90 11.23 7.23 6.28 6.28 7.66 10.37 10.07 12.56 14.97 18.32 17.23 18.98 21.67 22.06 27.00 21.76 27.78 22.72 16.99 19.81 19.11 17.83
3.36 3.36 2.77 5.99 6.57 7.66 6.86 8.47 10.44 10.44 10.29 11.90 12.70 12.12 11.97 7.66 9.93 9.93 17.30 20.22 19.56 20.81 15.62 12.48 12.78 13.94 14.53 14.45 14.53 17.45 20.00 20.08 20.08 20.59 20.66 20.66 18.18 18.76 16.28 14.09 13.80 11.61 12.41 10.00 8.91 9.20 7.37 4.53 4.09 4.31 7.23 8.10 7.45 11.10 14.38 14.75 18.18 18.98 16.86 13.72 13.72 11.90 11.23 7.23 6.28 6.28 7.66 10.37 10.07 12.56 14.97 18.32 17.23 18.98 20.81 22.18 20.97 19.15 23.27 26.45 20.78 20.23 14.97 16.45
0.00 1.61 2.48 1.75 2.63 6.28 7.59 7.66 7.23 7.23 8.10 10.29 10.59 9.56 7.30 8.18 8.40 16.21 14.24 21.10 20.37 20.81 17.30 14.53 18.10 14.82 16.35 21.02 21.97 21.39 21.46 20.00 18.91 18.91 18.91 18.91 18.69 17.23 17.96 15.99 16.57 14.97 15.33 11.02 9.49 8.10 5.84 6.13 5.55 6.50 6.28 8.47 8.61 11.75 11.02 14.09 16.28 13.51 14.38 8.18 8.18 0.00 0.00 0.00 5.55 6.35 7.37 8.98 8.40 10.29 10.22 13.72 15.18 17.74 21.10 22.30 21.98 27.16 32.03 25.35 26.43 18.66 17.79 19.32
0.00 0.00 0.66 1.46 2.63 2.63 4.96 5.99 5.62 5.62 6.72 5.40 6.79 7.23 7.88 9.27 9.05 14.45 20.66 21.39 21.53 18.69 18.91 19.35 20.22 19.56 22.19 21.68 23.14 21.97 20.37 20.95 18.61 14.45 14.09 14.09 16.57 16.21 16.43 17.89 17.30 16.50 13.36 10.00 8.40 7.23 6.86 6.50 6.13 5.48 4.82 5.33 7.81 11.46 8.40 10.37 10.29 11.90 8.76 8.69 8.69 0.00 0.00 0.00 8.03 8.61 8.40 8.18 9.71 11.02 10.95 12.26 12.41 20.81 22.69 24.98 23.65 28.14 30.13 27.62 25.91 16.93 21.19 23.09
0.00 0.00 0.00 0.58 1.39 1.24 1.31 3.65 4.82 4.82 4.53 5.99 6.72 10.95 10.37 15.55 18.54 15.40 19.05 21.61 20.51 21.10 19.56 21.39 20.22 20.59 21.61 25.04 24.16 24.16 21.39 15.62 12.70 12.63 12.34 12.34 13.80 15.77 15.70 15.40 13.36 12.48 13.58 7.96 7.30 7.81 6.28 6.79 3.87 4.45 4.53 4.23 6.42 3.36 3.65 5.77 5.99 6.06 0.00 0.00 0.00 0.00 6.35 9.34 8.76 9.86 8.83 11.02 11.53 14.02 14.89 21.32 24.46 23.67 25.86 28.00 27.91 26.06 27.94 25.61 19.85 19.43 19.61 19.47
0.00 0.00 0.00 0.00 0.00 1.17 1.24 1.17 3.36 3.36 6.72 9.20 8.91 12.48 16.21 15.40 17.67 18.83 20.15 22.12 19.86 21.32 22.63 21.97 24.16 23.07 23.07 23.07 23.87 20.81 16.13 17.01 14.02 14.02 14.09 14.09 16.57 16.21 16.21 14.89 14.82 12.63 9.78 6.28 5.33 5.40 5.40 4.89 4.82 4.16 4.60 2.56 2.34 2.26 2.56 1.75 0.73 0.00 0.00 0.00 0.00 5.26 7.74 9.71 11.02 11.68 11.17 11.53 11.02 15.33 16.86 22.48 26.42 27.19 28.47 28.08 27.28 32.91 22.54 22.19 19.50 17.29 16.96 17.16
0.00 0.00 0.00 0.00 0.00 0.00 0.88 3.21 2.63 2.63 5.48 8.10 12.12 11.53 15.33 15.62 16.06 15.77 17.52 17.67 17.45 19.20 20.73 23.73 23.36 23.87 22.41 21.83 22.05 20.73 17.16 15.26 15.55 15.55 15.62 15.62 15.70 15.62 17.08 15.84 13.80 10.15 8.76 5.91 5.77 5.69 7.66 5.84 5.04 3.29 3.29 0.00 0.00 0.00 0.07 0.00 0.66 0.00 0.00 0.00 0.00 0.00 5.04 0.00 6.86 12.12 12.78 14.67 16.94 16.21 18.12 19.86 31.35 27.48 26.95 30.03 25.27 24.21 21.59 19.29 15.10 15.17 15.78 12.10
0.00 0.00 0.00 0.00 0.00 0.00 0.88 3.21 2.63 2.63 5.48 8.10 12.12 11.53 15.33 15.62 16.06 15.77 17.52 17.67 17.45 19.20 20.73 23.73 23.36 23.87 22.41 21.83 22.05 20.73 17.16 15.26 15.55 15.55 15.62 15.62 15.70 15.62 17.08 15.84 13.80 10.15 8.76 5.91 5.77 5.69 7.66 5.84 5.04 3.29 3.29 0.00 0.00 0.00 0.07 0.00 0.66 0.00 0.00 0.00 0.00 0.00 5.04 0.00 6.86 12.12 12.78 14.67 16.94 16.21 18.21 19.65 28.35 30.62 28.75 35.04 29.33 23.43 22.55 18.74 15.97 18.00 14.40 10.28
0.00 0.00 0.00 0.00 0.00 0.00 0.15 1.61 4.74 4.74 7.23 6.94 7.96 8.61 8.47 12.85 12.19 13.36 13.07 13.43 15.04 16.57 16.13 18.69 20.37 15.55 16.86 16.21 16.86 15.33 14.60 14.53 15.04 12.34 13.94 13.94 13.94 14.53 11.17 13.36 10.07 9.49 10.00 7.30 6.86 6.13 6.35 6.06 5.11 3.14 3.07 2.04 0.00 0.00 0.00 0.00 0.00 0.00 0.00 0.00 0.00 0.00 0.00 0.00 5.04 11.24 15.77 17.81 18.71 20.20 22.05 22.42 33.31 35.22 37.62 34.61 29.71 24.29 23.85 20.14 13.87 18.09 11.77 6.26
0.00 0.00 0.00 0.00 0.00 0.00 0.00 0.00 3.14 3.14 6.13 6.57 6.79 6.86 7.37 6.35 6.50 6.94 7.59 7.37 7.45 7.52 8.10 9.78 9.27 11.97 13.36 14.53 14.53 13.43 12.56 8.32 9.78 11.24 8.03 8.03 7.37 8.10 7.81 6.86 8.47 9.05 6.06 6.94 6.42 4.09 3.80 1.97 0.73 0.15 0.80 0.00 0.00 0.00 0.00 0.00 0.00 0.00 0.00 0.00 0.00 0.00 0.00 0.00 5.26 10.88 15.70 20.00 25.55 26.28 26.72 27.39 29.20 32.77 28.17 25.93 28.82 22.27 24.19 22.49 14.69 7.30 3.49 3.84
0.88 0.80 0.95 0.00 0.00 0.00 0.00 0.00 3.94 3.94 4.16 5.18 4.60 4.82 4.82 5.11 5.55 5.18 6.72 5.91 5.40 6.50 6.28 7.30 9.20 10.44 10.29 11.32 9.49 8.03 6.50 6.86 6.57 7.37 7.01 7.01 7.08 6.64 5.62 5.40 4.45 3.72 2.99 4.23 3.29 0.00 0.00 0.00 0.00 0.00 0.00 0.00 0.00 0.00 2.48 0.00 0.00 0.00 0.00 1.02 1.02 0.00 3.21 5.26 11.39 16.72 15.33 26.06 25.26 27.81 27.67 28.66 29.01 30.26 26.51 28.14 27.07 27.19 25.29 23.13 15.13 6.59 1.84 0.00
2.19 1.83 2.04 1.61 0.00 0.00 0.00 0.00 3.36 3.36 0.00 0.00 0.00 0.00 3.65 4.09 4.53 5.33 5.26 5.33 5.11 4.82 7.01 8.18 8.25 8.32 8.83 10.00 8.69 9.13 7.59 8.10 6.94 7.37 7.45 7.45 7.30 6.28 7.52 5.62 5.33 1.61 2.56 0.00 0.00 0.00 0.00 0.00 0.00 0.00 0.00 1.53 3.07 0.00 0.00 0.00 0.00 0.00 0.00 0.00 0.00 0.00 0.00 5.18 10.95 15.62 23.00 25.19 24.45 26.86 28.40 28.24 31.77 30.79 30.21 24.13 26.42 24.86 20.82 12.54 15.10 9.73 3.14 0.00
3.94 1.97 0.66 1.10 0.00 0.00 0.00 0.00 0.00 0.00 0.00 0.00 0.00 0.00 3.36 3.21 4.23 4.09 4.23 5.04 6.50 5.99 7.88 9.05 9.05 9.13 9.13 9.05 7.23 7.74 8.10 8.25 7.96 7.59 6.72 6.72 7.08 7.01 7.74 7.30 7.01 4.45 5.33 2.85 0.00 0.00 0.00 0.00 0.73 0.00 0.00 0.00 0.00 0.00 0.00 0.00 0.00 0.00 0.00 1.39 1.39 1.02 0.00 4.31 5.99 10.29 15.70 23.00 24.09 25.77 27.67 24.97 20.93 19.08 19.68 20.68 22.52 16.11 18.23 14.27 5.79 2.14 3.43 0.00
0.00 0.44 0.00 0.00 0.00 0.00 0.00 0.00 0.00 0.00 0.00 0.00 0.00 2.63 0.00 2.56 3.50 3.94 3.94 4.31 5.48 8.10 8.83 8.83 8.91 8.91 7.96 6.64 5.69 5.91 6.13 7.08 7.96 8.03 7.88 7.88 6.72 6.72 7.30 7.52 7.59 7.30 6.06 4.74 4.82 4.82 3.72 2.04 1.31 0.00 0.00 0.00 0.00 0.00 0.00 0.00 0.00 0.00 0.29 0.66 0.66 1.83 0.00 0.00 0.00 4.53 11.24 11.02 22.34 22.12 15.48 17.97 16.39 15.42 14.53 11.32 11.96 10.71 13.90 11.09 2.35 1.75 0.00 0.00
0.00 0.44 0.00 0.00 0.00 0.00 0.00 0.00 0.00 0.00 0.00 0.00 0.00 2.63 0.00 2.56 3.50 3.94 3.94 4.31 5.48 8.10 8.83 8.83 8.91 8.91 7.96 6.64 5.69 5.91 6.13 7.08 7.96 8.03 7.88 7.88 6.72 6.72 7.30 7.52 7.59 7.30 6.06 4.74 4.82 4.82 3.72 2.04 1.31 0.00 0.00 0.00 0.00 0.00 0.00 0.00 0.00 0.00 0.29 0.66 0.66 1.83 0.00 0.00 0.00 4.53 11.24 11.02 22.34 22.12 15.48 17.89 16.14 15.19 14.53 11.83 10.66 10.29 13.58 11.65 2.30 1.84 0.00 0.00
0.00 0.00 0.00 0.00 0.00 0.00 0.00 0.00 0.00 0.00 0.00 0.00 0.00 0.00 1.02 0.00 1.68 2.48 3.21 3.21 3.50 3.72 2.04 3.72 5.55 7.37 7.30 6.42 5.69 7.15 7.74 7.52 9.56 9.64 9.27 9.27 9.71 8.10 9.56 8.18 8.54 8.61 7.66 6.13 8.54 7.23 5.84 6.06 2.26 0.00 0.00 0.00 0.00 0.00 0.00 0.00 0.00 0.00 0.00 0.00 0.00 0.00 0.00 0.00 0.00 3.65 7.66 6.50 10.80 8.40 9.56 12.19 10.29 7.82 2.27 3.27 5.08 0.28 0.25 0.45 1.56 0.00 0.00 0.00
