Wansh/Snow_depth/snowdepth-1998/winter/1999028.txt
ncols 321
nrows 161
xllcenter 60
yllcenter 15 
cellsize  0.25 
NODATA_value -1
[rows 0 to 36 of 161, columns 84 to 167 of 321]
13.51 14.60 15.11 14.82 14.45 11.53 12.63 10.73 8.69 7.74 12.48 11.97 11.53 13.58 11.83 11.32 9.78 12.92 12.92 12.92 12.85 12.78 6.57 3.87 4.23 2.63 2.99 1.10 2.12 1.90 3.07 5.91 5.62 7.30 7.59 8.03 9.78 9.42 8.61 7.81 7.81 10.73 10.44 10.44 8.76 5.77 3.14 4.67 5.48 7.23 8.40 9.34 9.20 9.56 11.97 11.02 13.14 12.34 12.63 10.07 10.73 7.15 5.91 5.04 3.87 4.02 6.86 7.08 7.08 9.71 9.13 11.83 18.18 14.53 17.30 17.30 14.67 19.71 18.83 19.71 18.83 11.24 11.24 9.34
14.97 11.83 12.34 11.02 11.68 11.32 5.18 4.96 5.55 7.15 6.42 8.83 6.64 6.79 7.66 7.59 7.59 7.30 7.30 12.41 12.26 12.26 11.75 9.78 3.36 3.94 1.24 0.44 0.66 1.10 0.37 4.53 4.60 4.89 3.36 4.09 3.80 4.82 7.01 6.50 11.39 10.44 11.61 11.61 8.69 9.34 5.33 5.77 4.09 5.40 4.74 6.64 7.37 7.01 7.74 6.28 8.18 7.74 9.49 7.88 8.10 6.64 8.98 8.10 8.40 7.52 10.07 10.29 10.29 11.02 10.66 13.29 17.59 23.14 22.48 21.02 25.04 25.84 23.00 24.24 20.44 24.31 19.93 18.25
10.88 9.86 4.60 5.69 4.23 4.38 4.09 4.60 4.89 5.55 5.40 5.26 5.48 4.23 4.38 3.21 5.18 4.82 4.82 4.89 6.06 10.44 10.15 8.32 8.69 4.53 2.92 0.73 0.22 0.00 0.73 1.61 3.65 3.21 3.36 3.72 5.69 5.33 6.94 9.34 8.69 10.15 14.09 14.09 14.09 15.18 11.17 11.17 5.48 6.50 2.63 1.90 1.90 2.34 4.67 3.94 6.35 9.71 10.00 8.83 11.17 11.39 11.46 10.88 13.07 12.56 15.99 16.06 16.06 14.89 15.04 17.01 20.15 21.53 24.97 27.45 26.65 26.50 27.59 27.81 27.81 27.89 24.97 20.37
10.88 9.86 4.60 5.69 4.23 4.38 4.09 4.60 4.89 5.55 5.40 5.26 5.48 4.23 4.38 3.21 5.18 4.82 4.82 4.89 6.06 10.44 10.15 8.32 8.69 4.53 2.92 0.73 0.22 0.00 0.73 1.61 3.65 3.21 3.36 3.72 5.69 5.33 6.94 9.34 8.69 10.15 14.09 14.09 14.09 15.18 11.17 11.17 5.48 6.50 2.63 1.90 1.90 2.34 4.67 3.94 6.35 9.71 10.00 8.83 11.17 11.39 11.46 10.88 13.07 12.56 15.99 16.06 16.06 14.89 15.04 17.01 20.15 21.53 24.97 27.45 26.65 26.50 27.59 27.81 27.81 27.89 24.97 20.37
4.60 5.26 3.87 5.48 3.87 5.33 3.58 5.04 4.60 5.04 5.26 5.33 6.13 5.55 4.31 4.09 5.48 3.58 3.58 3.58 4.23 5.40 5.11 9.13 5.84 6.64 3.72 4.31 1.10 0.00 0.00 0.73 3.29 2.63 5.33 6.13 6.13 5.55 7.23 7.96 4.53 7.74 10.66 10.66 14.67 14.09 14.02 12.78 10.29 4.67 4.31 2.19 1.97 1.75 2.56 2.41 3.94 3.50 6.06 7.15 9.71 12.56 13.07 13.51 14.60 16.94 17.16 16.72 16.72 16.79 17.30 16.86 17.59 19.49 22.48 18.32 22.27 24.53 23.65 26.86 21.61 25.99 29.35 24.09
5.55 7.59 7.15 6.72 6.86 5.48 3.36 4.02 4.60 5.26 5.77 5.33 7.37 8.18 8.10 7.15 6.50 7.74 7.74 6.20 3.80 4.38 5.55 4.67 6.64 5.40 6.28 1.53 0.66 0.88 1.10 0.44 2.48 4.89 4.09 6.13 4.53 4.82 2.70 2.92 2.85 3.07 4.45 4.45 4.16 9.64 11.90 11.17 10.15 5.48 6.28 2.85 1.90 1.83 1.90 3.29 4.31 3.94 5.77 8.54 10.07 12.48 12.41 14.97 16.86 16.06 14.75 15.11 15.11 15.62 16.72 15.77 15.18 15.33 15.33 15.62 14.45 12.56 15.33 14.31 18.61 24.67 25.04 26.86
7.96 7.88 7.08 7.23 5.99 5.33 4.60 4.16 4.96 5.11 5.55 5.40 5.62 8.03 9.34 8.69 9.49 7.81 7.81 8.10 8.32 8.03 4.45 5.11 4.60 4.45 1.97 2.26 1.39 1.53 1.46 2.41 3.36 2.99 4.82 4.89 4.89 1.97 2.48 0.95 2.19 2.56 4.02 4.02 5.33 5.99 8.98 8.98 7.81 8.40 4.31 2.26 2.70 1.83 3.21 2.85 3.58 6.64 8.32 9.42 8.76 11.17 14.97 17.45 17.52 16.57 14.02 14.67 14.67 14.38 14.16 16.94 16.57 16.43 15.62 14.38 14.60 13.14 13.14 14.60 17.96 16.64 21.90 24.16
7.96 7.88 7.08 7.23 5.99 5.33 4.60 4.16 4.96 5.11 5.55 5.40 5.62 8.03 9.34 8.69 9.49 7.81 7.81 8.10 8.32 8.03 4.45 5.11 4.60 4.45 1.97 2.26 1.39 1.53 1.46 2.41 3.36 2.99 4.82 4.89 4.89 1.97 2.48 0.95 2.19 2.56 4.02 4.02 5.33 5.99 8.98 8.98 7.81 8.40 4.31 2.26 2.70 1.83 3.21 2.85 3.58 6.64 8.32 9.42 8.76 11.17 14.97 17.45 17.52 16.57 14.02 14.67 14.67 14.38 14.16 16.94 16.57 16.43 15.62 14.38 14.60 13.14 13.14 14.60 17.96 16.64 21.90 24.16
7.59 6.13 6.57 5.91 6.28 4.96 5.11 4.53 4.60 4.96 4.67 4.02 4.45 4.45 7.45 8.32 8.10 7.96 7.96 10.00 9.56 9.49 5.77 6.50 3.65 3.94 2.19 2.48 2.26 2.85 3.36 2.26 3.29 5.33 4.82 6.13 3.29 4.02 2.26 3.07 2.99 3.72 5.18 5.18 4.67 7.23 7.52 7.45 6.94 4.96 5.62 3.80 6.57 6.35 5.33 5.11 6.20 7.52 9.20 9.42 10.88 11.68 13.58 16.50 15.62 15.18 13.80 13.65 13.65 14.89 14.97 15.84 15.04 15.99 15.62 14.97 16.50 15.91 16.28 15.26 14.97 14.60 16.86 21.61
5.48 5.26 5.84 6.13 6.72 5.55 6.13 5.40 5.18 5.33 4.31 5.11 3.65 5.84 4.89 7.30 7.08 7.08 7.08 10.15 11.75 10.15 6.57 3.14 2.99 2.26 2.70 2.26 3.21 3.14 3.07 2.70 2.63 5.11 7.45 6.57 6.57 5.55 4.67 3.94 4.16 3.72 4.31 4.31 4.89 4.89 4.67 6.50 7.52 5.84 6.64 7.66 7.59 7.74 11.02 9.42 8.83 9.27 8.47 10.51 11.90 11.97 11.83 12.41 15.11 13.87 14.31 12.99 12.99 13.07 15.18 15.11 15.48 15.18 16.94 17.67 18.91 19.27 18.61 15.48 16.64 14.75 14.38 16.50
5.18 5.62 5.04 6.13 6.35 5.40 6.42 5.69 6.42 6.35 5.11 4.23 4.16 5.11 8.25 8.25 11.53 11.75 11.75 10.59 13.29 8.40 8.47 2.19 1.83 1.61 2.41 2.77 2.99 2.19 2.04 2.26 4.09 5.18 4.82 6.28 5.62 5.84 5.26 5.11 5.26 5.48 5.69 5.69 5.69 5.33 6.20 5.77 7.74 11.39 13.87 15.77 12.63 11.53 12.56 12.34 13.80 13.07 11.53 13.43 12.56 12.70 11.68 11.90 12.99 14.38 15.77 14.97 14.97 15.62 17.30 19.05 19.56 20.59 20.00 20.44 21.75 25.26 20.59 16.50 17.08 13.80 14.31 14.24
5.18 5.62 5.04 6.13 6.35 5.40 6.42 5.69 6.42 6.35 5.11 4.23 4.16 5.11 8.25 8.25 11.53 11.75 11.75 10.59 13.29 8.40 8.47 2.19 1.83 1.61 2.41 2.77 2.99 2.19 2.04 2.26 4.09 5.18 4.82 6.28 5.62 5.84 5.26 5.11 5.26 5.48 5.69 5.69 5.69 5.33 6.20 5.77 7.74 11.39 13.87 15.77 12.63 11.53 12.56 12.34 13.80 13.07 11.53 13.43 12.56 12.70 11.68 11.90 12.99 14.38 15.77 14.97 14.97 15.62 17.30 19.05 19.56 20.59 20.00 20.44 21.75 25.26 20.59 16.50 17.08 13.80 14.31 14.24
5.26 5.26 6.35 6.06 6.28 5.40 6.42 6.20 7.15 6.20 5.69 5.99 11.53 10.22 10.95 13.07 12.41 16.13 16.13 14.02 14.02 9.34 4.60 5.40 4.67 2.85 2.92 2.77 2.63 2.63 3.58 6.06 5.91 7.74 9.49 11.17 11.17 10.37 9.20 7.52 10.73 9.71 10.15 10.15 9.56 9.27 9.64 9.93 12.78 15.70 14.53 18.25 20.08 14.60 15.77 12.63 13.94 16.13 15.48 14.82 13.80 13.43 11.90 11.90 12.12 12.85 13.51 16.35 16.35 16.06 17.01 18.83 20.95 22.27 24.09 25.70 25.77 25.84 24.45 19.49 16.28 16.43 16.43 16.35
7.08 7.30 7.30 5.91 5.26 5.33 7.37 7.08 7.15 6.86 10.37 12.56 12.56 14.67 14.31 14.45 16.21 15.77 15.77 14.75 10.88 11.68 6.42 5.77 5.91 5.04 3.94 5.18 2.70 5.77 5.26 8.25 9.42 9.49 10.22 12.78 12.41 12.78 10.66 11.24 11.10 11.61 10.95 10.95 11.17 11.83 12.34 18.10 17.67 18.10 19.35 20.81 22.27 25.55 24.09 18.61 15.18 17.23 14.09 14.60 12.12 14.89 14.16 13.51 14.45 15.70 15.48 16.72 16.72 20.51 20.29 22.12 22.63 22.12 23.73 24.09 17.59 17.01 17.52 17.59 16.72 14.09 14.31 13.80
7.96 6.57 5.55 5.48 6.13 7.37 7.45 6.13 7.74 7.81 10.44 10.15 14.60 14.16 14.60 12.63 12.85 13.80 13.80 11.39 12.19 9.27 8.69 7.66 5.91 6.13 6.20 7.01 9.64 9.78 14.60 17.08 14.31 15.62 13.80 14.82 12.63 11.10 11.32 10.95 16.94 18.98 18.76 18.76 18.83 18.03 18.91 18.61 19.42 19.78 20.59 21.83 21.02 26.57 30.08 31.68 22.05 21.68 21.02 12.05 9.86 10.22 13.14 9.86 11.97 13.58 12.92 16.06 16.06 18.32 18.98 21.68 22.19 18.40 16.28 16.50 15.33 8.25 0.00 12.48 11.90 17.52 16.72 15.55
7.30 6.79 6.86 5.69 5.62 0.00 5.33 5.33 5.26 5.40 9.05 8.98 9.05 10.95 11.32 10.22 10.66 10.37 10.37 11.61 9.93 10.37 8.98 8.98 8.91 10.07 10.51 8.32 11.39 14.60 13.72 17.37 15.84 16.43 14.16 10.66 10.80 10.44 14.60 19.05 18.32 20.00 19.20 19.20 16.43 18.40 15.99 16.35 16.06 16.94 19.56 19.93 17.52 25.33 22.85 25.62 29.42 27.01 18.98 13.87 9.71 8.54 7.96 7.59 9.56 12.78 15.33 15.26 15.26 15.70 19.56 19.27 17.08 16.35 14.89 12.78 0.00 6.06 0.00 12.56 7.88 13.21 17.67 17.67
7.30 6.79 6.86 5.69 5.62 0.00 5.33 5.33 5.26 5.40 9.05 8.98 9.05 10.95 11.32 10.22 10.66 10.37 10.37 11.61 9.93 10.37 8.98 8.98 8.91 10.07 10.51 8.32 11.39 14.60 13.72 17.37 15.84 16.43 14.16 10.66 10.80 10.44 14.60 19.05 18.32 20.00 19.20 19.20 16.43 18.40 15.99 16.35 16.06 16.94 19.56 19.93 17.52 25.33 22.85 25.62 29.42 27.01 18.98 13.87 9.71 8.54 7.96 7.59 9.56 12.78 15.33 15.26 15.26 15.70 19.56 19.27 17.08 16.35 14.89 12.78 0.00 6.06 0.00 12.56 7.88 13.21 17.67 17.67
5.91 6.50 6.35 7.45 4.74 5.18 0.00 2.77 3.07 3.36 5.84 8.98 8.69 10.51 9.78 8.69 10.22 9.20 9.20 9.42 8.54 7.59 8.76 8.03 9.93 9.64 11.46 13.58 13.43 14.24 16.06 17.45 16.43 17.01 11.90 10.80 9.20 10.29 13.29 12.48 15.48 15.40 14.02 14.02 14.82 15.55 15.70 15.70 15.99 14.31 17.23 16.57 15.33 15.84 16.43 19.20 16.79 17.59 14.24 9.71 10.80 11.24 15.91 12.56 13.80 13.36 15.04 19.20 19.20 20.44 19.78 20.00 17.89 17.30 15.77 11.39 0.00 5.18 10.22 10.07 7.74 8.98 11.75 10.95
0.00 6.35 7.08 7.30 7.37 3.58 3.80 3.87 3.29 2.99 5.18 10.00 11.83 11.61 10.44 10.00 10.15 10.15 10.15 9.49 9.56 8.25 7.59 7.81 10.37 12.48 12.12 14.45 15.04 16.28 15.91 18.98 19.27 19.64 15.62 11.83 8.54 8.69 9.27 11.46 10.88 12.92 13.72 13.72 14.24 13.07 14.02 11.90 12.56 12.85 16.43 16.57 15.84 15.26 14.02 15.48 15.77 14.82 16.79 16.06 14.31 22.34 20.59 17.89 16.57 18.25 18.83 23.29 23.29 23.73 21.02 17.23 15.48 12.85 13.58 11.97 1.61 1.83 6.20 4.74 5.11 8.10 8.61 10.44
6.06 6.79 6.64 7.37 7.01 6.86 5.33 5.84 5.69 6.13 9.64 9.27 10.07 10.22 10.88 9.05 10.51 9.93 9.93 11.02 10.29 10.66 9.13 10.00 14.38 13.72 16.35 15.48 15.84 15.18 17.89 17.30 19.78 18.61 19.27 15.04 8.83 3.36 2.26 6.13 2.48 7.52 13.43 13.43 12.63 13.94 9.20 7.74 10.00 9.42 13.94 15.48 13.65 11.97 11.46 14.67 16.86 18.32 23.51 25.19 25.70 24.82 24.31 24.24 21.46 21.90 19.13 20.95 20.95 25.99 17.16 13.58 10.51 8.54 3.43 1.39 1.83 1.24 2.56 3.43 4.16 6.28 5.11 6.20
7.59 7.52 7.37 7.74 8.91 8.91 7.01 7.66 7.45 9.20 8.91 10.29 9.86 11.83 7.59 7.66 9.93 12.05 12.05 12.05 12.63 13.07 10.73 10.88 13.80 15.84 15.70 14.89 11.90 12.92 8.54 9.56 13.80 12.70 11.97 4.82 2.70 3.29 1.31 2.12 1.97 3.21 7.30 7.30 8.54 12.63 7.74 8.32 8.03 10.22 12.99 13.43 11.68 10.15 9.93 14.02 13.51 19.42 23.36 24.97 26.50 23.14 24.09 24.67 24.16 25.40 21.39 18.32 18.32 19.42 15.11 11.10 5.91 2.92 1.39 0.80 0.07 1.75 1.02 1.53 3.58 4.45 4.31 5.18
9.34 7.66 7.52 8.10 9.64 11.32 11.02 10.22 11.24 11.24 12.92 12.70 14.31 14.45 14.38 14.75 9.27 12.48 12.48 13.07 13.07 14.97 16.06 16.72 14.31 16.94 17.23 17.67 15.04 8.98 6.86 6.86 9.64 11.02 11.53 6.20 0.00 0.00 0.00 0.95 2.99 3.14 4.16 4.16 3.21 7.66 2.77 4.09 7.74 6.94 5.26 6.86 11.17 9.64 12.05 12.63 15.48 18.47 19.93 17.16 16.06 20.81 23.14 20.00 22.48 24.97 17.23 12.92 12.92 11.10 7.45 3.80 5.26 2.56 1.17 0.95 1.02 0.29 0.15 0.66 2.26 2.19 0.29 2.19
9.34 7.66 7.52 8.10 9.64 11.32 11.02 10.22 11.24 11.24 12.92 12.70 14.31 14.45 14.38 14.75 9.27 12.48 12.48 13.07 13.07 14.97 16.06 16.72 14.31 16.94 17.23 17.67 15.04 8.98 6.86 6.86 9.64 11.02 11.53 6.20 0.00 0.00 0.00 0.95 2.99 3.14 4.16 4.16 3.21 7.66 2.77 4.09 7.74 6.94 5.26 6.86 11.17 9.64 12.05 12.63 15.48 18.47 19.93 17.16 16.06 20.81 23.14 20.00 22.48 24.97 17.23 12.92 12.92 11.10 7.45 3.80 5.26 2.56 1.17 0.95 1.02 0.29 0.15 0.66 2.26 2.19 0.29 2.19
9.78 8.25 8.98 8.54 10.07 11.17 12.99 13.29 13.94 15.11 15.84 16.57 16.86 17.96 17.89 18.18 17.08 16.35 16.35 14.82 16.06 17.16 17.16 18.03 19.86 19.42 19.35 17.16 14.24 15.18 8.54 4.53 3.43 3.50 0.00 0.44 0.00 0.00 0.00 1.31 0.00 2.85 1.61 1.61 0.00 0.00 0.00 0.00 0.00 0.00 0.00 0.00 4.02 8.32 8.10 9.71 14.38 4.02 7.08 11.02 9.27 16.13 13.14 16.57 20.22 21.46 15.40 14.53 14.53 13.65 11.53 7.88 8.18 4.16 4.89 1.97 0.44 0.00 0.07 0.00 0.00 0.00 0.00 1.31
8.18 8.25 8.03 10.15 13.29 12.63 15.40 18.91 18.76 17.30 18.03 16.79 17.30 17.67 18.98 19.05 18.47 17.30 17.30 18.32 18.03 18.69 19.49 19.96 19.22 19.76 17.25 17.52 15.70 10.29 11.90 5.84 3.07 0.00 0.00 0.00 0.00 0.00 0.73 0.00 1.17 0.44 0.00 0.00 0.00 0.00 0.00 0.00 0.00 0.00 0.00 0.00 0.00 2.77 5.62 1.31 0.00 2.26 3.72 6.57 5.91 10.80 9.64 16.06 14.31 18.47 18.25 13.36 13.36 14.16 13.94 10.80 8.61 5.40 2.99 2.04 0.51 1.02 0.00 0.00 0.00 0.00 0.00 0.00
7.96 10.22 9.71 12.19 15.04 19.05 18.32 21.32 21.97 22.56 20.22 18.40 16.64 17.01 13.14 17.23 17.08 17.89 17.89 18.76 20.15 19.86 20.88 21.24 22.20 19.07 18.66 20.32 17.89 16.43 8.47 4.74 5.55 3.36 2.77 0.66 0.00 0.00 0.37 1.24 0.22 0.15 0.00 0.00 0.00 0.00 0.00 0.00 0.00 0.00 0.00 0.00 0.00 0.00 0.00 0.00 0.00 0.00 0.00 0.00 3.94 8.10 5.91 8.76 14.38 9.42 14.82 11.61 11.61 11.75 12.05 10.51 8.47 5.48 5.77 3.36 2.63 0.95 1.90 1.02 1.61 0.00 0.00 0.00
10.80 11.24 13.94 13.72 15.04 18.76 19.27 21.39 21.32 13.43 8.54 8.91 13.58 10.37 10.66 11.10 16.50 20.00 20.00 19.13 19.13 19.79 20.09 20.32 19.82 20.50 20.55 21.61 21.90 19.14 20.22 15.11 12.63 6.57 7.96 2.85 0.88 0.58 1.02 0.58 0.73 0.00 0.00 0.00 0.00 0.00 0.00 0.00 0.00 0.00 0.00 0.00 0.00 0.00 0.00 0.00 0.00 0.00 0.00 0.00 0.00 3.07 4.96 5.48 7.01 9.05 12.92 15.40 15.40 14.82 11.75 12.92 10.07 10.80 7.88 7.01 7.01 4.53 3.14 1.90 1.17 0.00 0.00 0.00
11.39 12.41 13.87 16.57 16.13 19.20 18.32 15.91 18.18 11.10 5.55 3.65 4.23 6.28 10.29 9.05 14.16 20.51 20.51 18.04 18.14 15.93 17.76 18.83 19.12 19.13 23.10 23.96 23.83 22.05 18.56 18.98 17.45 14.02 7.66 10.22 5.55 6.42 1.97 0.73 0.51 0.00 0.00 0.00 0.00 0.00 0.00 0.00 0.00 0.00 0.00 0.00 0.00 0.00 0.00 0.00 0.00 0.00 0.00 0.00 4.53 3.94 3.87 5.62 6.86 5.99 13.94 18.61 18.61 15.33 13.94 11.53 9.34 5.26 6.57 4.89 5.55 4.60 4.09 2.85 1.61 0.22 0.07 0.00
11.39 12.41 13.87 16.57 16.13 19.20 18.32 15.91 18.18 11.10 5.55 3.65 4.23 6.28 10.29 9.05 14.16 20.51 20.62 18.62 18.42 17.06 17.31 19.32 18.83 19.13 22.41 22.27 22.27 22.39 18.75 19.77 19.60 14.83 7.86 10.22 5.55 6.42 1.97 0.73 0.51 0.00 0.00 0.00 0.00 0.00 0.00 0.00 0.00 0.00 0.00 0.00 0.00 0.00 0.00 0.00 0.00 0.00 0.00 0.00 4.53 3.94 3.87 5.62 6.86 5.99 13.94 18.61 18.61 15.33 13.94 11.53 9.34 5.26 6.57 4.89 5.55 4.60 4.09 2.85 1.61 0.22 0.07 0.00
12.41 12.63 13.43 15.18 14.16 17.16 17.59 17.37 17.89 11.97 8.69 6.35 6.57 6.35 10.59 18.18 21.97 21.61 21.61 18.32 12.78 8.83 9.46 7.56 9.06 15.78 19.39 18.86 24.67 25.53 23.89 23.53 23.51 22.80 20.55 16.95 9.00 4.23 5.11 1.24 1.83 0.00 0.00 0.00 0.00 0.00 0.00 0.00 0.00 0.00 0.00 0.00 0.00 0.00 0.00 0.00 0.00 0.00 0.00 0.00 0.00 0.00 7.45 6.35 8.47 10.22 16.79 12.34 12.34 12.85 11.68 10.44 4.82 4.82 5.62 4.89 3.94 4.89 3.87 2.63 1.24 0.00 0.07 0.00
13.14 13.58 12.92 13.14 11.53 10.22 16.43 15.77 17.74 17.89 13.36 14.24 10.66 13.58 12.19 17.37 25.19 20.51 20.51 22.16 15.33 9.24 6.13 6.42 4.70 7.71 12.70 11.80 16.69 25.81 25.11 26.13 21.61 23.07 22.10 23.60 16.97 18.34 11.53 4.53 1.31 2.48 0.00 0.00 0.00 0.00 0.00 0.00 0.00 0.00 0.00 0.00 0.00 0.00 0.00 0.00 0.00 0.00 0.00 0.00 0.00 0.00 5.55 11.10 11.75 13.07 11.24 10.15 10.15 10.37 9.34 2.99 2.99 4.45 5.48 3.43 3.80 2.77 3.72 1.61 1.10 0.29 0.73 0.00
14.16 13.94 14.53 10.95 11.10 10.80 13.14 15.91 15.33 17.08 14.16 11.53 11.97 12.12 15.04 17.45 15.26 12.85 12.85 9.27 14.09 10.73 5.40 0.00 4.60 0.00 6.94 12.83 22.79 20.36 26.06 25.55 26.06 25.55 24.13 26.04 21.98 15.04 18.32 15.04 14.89 8.40 3.36 3.36 2.41 0.00 0.00 0.00 0.00 0.00 0.00 0.00 0.00 0.00 0.00 0.00 0.00 0.00 0.00 0.00 0.00 0.00 0.00 8.10 9.05 9.13 8.69 7.01 7.01 5.11 3.43 1.97 2.48 0.66 0.66 2.56 3.14 6.28 6.35 3.80 2.77 2.19 3.50 1.68
14.67 14.67 14.53 16.86 12.92 13.14 14.97 19.49 18.25 18.25 16.64 16.06 13.72 10.80 10.37 11.17 8.54 8.10 8.10 5.55 4.23 4.38 4.31 4.31 3.65 3.43 5.48 7.34 8.91 13.07 18.32 17.08 22.34 27.23 26.57 27.38 26.68 27.99 23.09 18.43 13.80 13.58 3.80 3.80 4.74 2.04 0.00 0.00 0.00 0.00 0.00 0.00 0.00 0.00 0.00 0.00 0.00 0.00 0.00 0.00 0.22 0.00 0.00 6.64 9.78 6.20 7.59 4.60 4.60 4.23 1.24 0.80 0.00 0.44 1.68 3.14 4.31 4.96 6.94 6.50 7.23 5.84 4.45 3.94
7.01 14.09 15.84 14.09 14.75 15.91 18.83 18.18 18.66 20.88 19.78 20.08 14.89 8.83 4.23 8.61 4.09 2.26 2.26 2.56 2.26 3.36 4.09 4.53 4.74 3.50 4.67 6.49 6.42 9.86 14.53 18.69 17.89 22.78 25.84 25.19 27.30 25.40 26.24 23.21 16.73 18.03 12.34 12.34 11.61 4.89 7.37 2.56 0.00 0.00 0.07 0.00 0.00 0.00 0.00 0.00 0.00 0.00 0.00 0.00 0.00 0.00 0.00 5.33 0.00 0.00 0.00 0.00 0.00 0.00 0.00 0.00 0.00 0.00 0.80 2.12 2.56 4.45 4.31 3.58 4.96 4.45 4.82 6.57
5.69 5.55 10.07 12.70 10.66 16.86 18.18 17.01 17.82 14.16 18.10 13.14 14.53 6.86 1.83 0.00 2.99 1.17 1.17 1.39 0.00 0.00 0.00 2.77 3.36 3.43 3.29 5.04 8.89 9.91 11.65 13.43 12.19 14.75 20.81 22.05 21.32 25.14 23.73 24.97 19.69 16.50 15.26 15.26 15.33 10.59 5.62 8.25 5.69 0.80 0.00 0.00 0.00 0.00 0.00 0.00 0.00 0.00 0.00 0.00 0.00 0.00 0.00 0.00 0.00 0.00 0.00 0.00 0.00 0.00 0.00 0.00 0.00 0.00 1.17 0.95 0.00 0.00 0.22 1.46 2.41 3.36 3.65 2.41
5.69 5.55 10.07 12.70 10.66 16.86 18.18 17.01 17.37 14.16 18.10 13.14 14.53 6.86 1.83 0.00 2.99 1.17 1.17 1.39 0.00 0.00 0.00 2.77 3.36 3.43 3.29 5.04 8.76 9.56 11.24 13.36 11.83 14.75 20.91 22.16 21.32 25.02 23.96 24.97 19.49 16.50 15.26 15.26 15.33 10.59 5.62 8.25 5.69 0.80 0.00 0.00 0.00 0.00 0.00 0.00 0.00 0.00 0.00 0.00 0.00 0.00 0.00 0.00 0.00 0.00 0.00 0.00 0.00 0.00 0.00 0.00 0.00 0.00 1.17 0.95 0.00 0.00 0.22 1.46 2.41 3.36 3.65 2.41
6.50 7.23 6.13 9.71 15.62 14.09 19.78 18.23 13.27 13.51 9.71 10.44 5.62 7.23 1.68 0.00 0.00 0.00 0.00 0.00 0.00 0.00 0.00 0.00 3.36 5.33 6.42 8.10 7.88 8.61 10.00 10.80 10.51 11.39 14.38 12.41 12.63 18.69 16.36 15.62 14.31 9.13 11.83 11.83 13.36 14.02 13.07 13.94 10.80 11.83 2.77 6.79 3.21 0.00 0.00 0.00 0.00 0.00 0.00 0.00 0.00 0.00 0.00 0.00 0.00 0.51 0.00 0.00 0.00 0.00 0.00 0.00 0.00 0.00 0.00 0.00 0.00 0.00 0.00 0.00 0.00 1.24 0.95 0.15
