Wansh/Snow_depth/snowdepth-1998/winter/1999018.txt
ncols 321
nrows 161
xllcenter 60
yllcenter 15 
cellsize  0.25 
NODATA_value -1
[rows 74 to 110 of 161, columns 84 to 167 of 321]
0.00 0.00 0.00 0.00 0.00 0.80 0.00 2.85 1.97 1.53 3.21 4.16 3.43 3.80 3.14 3.94 3.14 2.41 2.41 0.00 2.70 0.00 0.00 0.00 3.21 0.00 0.00 0.00 0.00 0.00 0.00 0.00 0.00 0.00 0.73 1.39 1.90 2.70 1.61 1.90 1.83 2.26 0.44 0.44 0.44 0.73 0.00 0.29 0.73 1.17 0.00 0.44 0.00 1.98 1.12 1.39 1.24 0.00 0.80 0.58 0.00 0.00 0.00 0.00 0.00 0.00 0.00 0.00 0.00 2.42 1.47 1.46 0.00 0.00 0.00 0.00 0.00 0.00 0.00 0.00 0.00 0.51 0.80 0.95
0.00 0.00 0.00 0.00 0.58 2.63 2.41 3.21 3.65 3.36 0.00 0.00 4.16 0.00 0.00 0.00 0.00 0.00 0.00 0.00 0.00 2.04 0.00 0.00 4.45 4.89 4.89 0.00 0.00 0.00 0.00 0.00 0.00 0.00 0.00 1.83 0.00 0.00 0.00 2.48 1.90 1.61 2.56 2.56 0.58 1.24 1.17 0.07 0.88 0.00 0.66 0.22 0.15 0.73 1.75 1.17 1.39 1.61 1.75 1.75 0.88 1.17 0.07 0.44 1.24 2.48 2.41 1.90 1.90 3.30 3.14 3.94 0.51 0.00 0.00 0.00 0.00 0.00 0.00 0.00 0.00 0.00 0.00 0.00
1.97 1.90 0.00 1.53 0.95 2.77 4.60 5.48 4.23 4.31 3.65 3.21 3.72 2.04 0.00 1.31 2.12 0.00 0.00 3.29 2.41 2.56 0.00 3.87 3.50 2.70 0.00 0.00 0.00 0.00 0.00 0.00 0.00 0.00 0.00 0.00 0.00 0.00 4.09 4.23 2.92 4.74 3.43 3.43 3.72 1.61 2.26 2.56 0.73 1.46 0.22 0.00 0.29 0.29 0.95 0.37 1.31 1.53 0.95 1.17 0.22 0.29 0.00 1.61 0.88 1.69 1.17 2.19 2.19 3.58 4.60 3.43 1.61 0.44 0.00 0.00 0.00 0.00 0.00 0.00 0.00 0.00 0.00 0.00
0.95 4.09 2.63 2.92 2.77 3.43 5.33 5.11 0.00 5.04 4.45 3.72 4.60 3.58 2.99 0.00 0.00 2.92 2.92 0.00 0.00 0.00 0.00 0.00 0.00 0.00 0.00 0.00 0.00 0.00 0.00 0.00 0.00 0.00 0.00 0.00 0.00 0.00 3.87 3.87 3.94 5.04 5.11 5.11 2.92 3.14 3.58 0.00 0.00 0.00 1.61 0.66 1.24 0.00 1.10 0.51 0.00 0.07 1.02 1.24 1.02 0.80 0.95 0.00 0.58 0.29 1.17 1.53 1.53 2.34 4.74 2.77 1.83 0.44 0.00 0.00 0.00 0.00 0.00 0.00 0.00 0.00 0.00 0.00
1.46 6.42 5.11 2.70 2.63 4.09 5.04 4.02 3.14 3.65 5.40 4.82 4.89 3.80 3.80 3.80 4.02 0.00 0.00 3.07 3.14 4.09 2.77 3.43 2.99 0.00 0.00 0.00 0.00 0.00 0.00 0.00 0.00 0.00 0.00 0.00 0.00 0.00 2.99 4.38 4.23 4.45 5.11 5.11 4.09 0.00 3.65 2.85 0.00 0.00 0.00 0.00 0.00 1.39 1.68 2.12 1.24 1.31 1.17 1.10 1.61 2.04 0.73 1.39 1.10 1.17 0.29 2.26 2.26 1.83 1.53 1.68 1.46 0.58 0.00 0.00 0.00 0.00 0.00 0.00 0.00 0.00 0.00 0.00
9.56 12.19 8.83 4.67 7.01 4.23 3.43 4.09 3.43 3.87 3.72 4.96 4.45 4.23 0.00 5.11 4.74 4.67 4.67 5.26 0.00 4.53 4.02 3.21 0.00 0.00 0.00 0.00 0.00 0.00 0.00 0.00 0.00 0.00 0.00 0.00 0.00 0.00 0.00 0.00 0.00 0.00 0.00 0.00 0.00 0.00 0.00 0.00 0.00 0.00 0.00 0.00 0.00 0.00 1.39 1.97 0.00 1.68 1.97 1.75 1.97 2.26 1.83 0.95 1.24 0.00 0.07 0.73 0.73 0.15 0.15 0.37 1.17 0.95 0.00 0.00 0.00 0.00 0.22 0.00 0.00 0.00 0.00 0.00
13.51 11.90 12.92 5.84 6.94 6.06 4.74 3.36 3.21 3.65 0.00 3.94 3.80 4.02 3.80 4.60 4.23 3.80 3.80 4.89 4.89 4.74 4.23 4.23 0.00 0.00 0.00 5.04 0.00 4.60 4.74 0.00 0.00 0.00 0.00 0.00 0.00 0.00 0.00 0.00 0.00 0.00 0.00 0.00 0.00 0.00 0.00 0.00 0.00 0.00 0.00 0.00 0.00 0.00 0.00 0.00 0.29 0.80 1.97 1.24 2.63 2.26 1.53 0.00 0.00 0.00 0.00 0.00 0.00 0.00 0.00 0.58 0.58 1.02 0.44 0.00 0.22 0.00 0.00 0.00 0.00 0.00 0.00 0.00
9.20 11.24 11.46 10.73 7.15 6.20 4.02 3.36 3.72 2.99 4.31 3.72 4.09 4.45 5.33 3.65 5.55 6.20 6.20 4.96 5.33 0.00 4.23 0.00 5.33 5.33 5.18 4.38 4.45 4.74 0.00 0.00 0.00 6.06 5.84 0.00 0.00 0.00 0.00 0.00 0.00 0.00 0.00 0.00 0.00 0.00 0.00 0.00 0.00 0.00 0.00 0.00 0.00 0.00 0.00 0.00 0.00 0.15 1.31 2.19 1.61 2.63 1.24 1.10 0.00 0.00 0.00 0.00 0.00 0.00 0.07 0.37 1.68 1.83 1.68 0.29 0.00 0.08 0.38 0.00 0.00 0.00 0.00 0.00
9.42 8.40 9.34 9.05 7.08 6.13 6.35 3.43 3.65 3.94 4.45 5.33 4.53 4.96 4.74 5.40 6.94 6.13 6.13 6.72 4.09 0.00 0.00 4.16 0.00 5.11 5.11 4.45 0.00 0.00 3.29 3.14 5.26 7.88 7.66 4.89 0.00 0.00 0.00 0.00 0.00 2.41 0.00 0.00 0.00 0.00 0.00 0.00 0.00 0.00 0.00 0.00 0.00 0.00 0.00 0.00 0.00 1.46 0.88 0.95 1.68 2.04 1.31 0.95 0.00 0.37 0.00 0.00 0.00 0.15 0.00 0.00 1.10 1.24 1.97 0.88 0.95 0.95 0.88 0.73 0.22 0.22 0.00 0.00
10.51 8.54 8.91 9.34 8.03 4.89 4.67 4.02 3.80 3.94 4.96 4.89 5.33 4.96 5.55 5.33 7.08 6.86 6.86 7.01 5.18 3.50 0.00 0.00 4.45 0.00 4.96 0.00 0.00 0.00 0.00 0.00 4.23 7.08 6.50 5.62 0.00 0.00 0.00 0.00 0.00 0.00 0.00 0.00 0.00 0.00 0.00 0.00 0.00 0.00 0.00 0.00 0.00 0.00 0.73 0.80 0.44 2.77 1.90 1.75 1.46 1.46 1.53 1.83 0.00 0.37 1.10 1.31 1.31 1.17 0.37 0.58 0.58 0.66 1.97 1.17 0.58 0.66 1.46 0.58 0.73 0.66 0.07 0.37
6.94 8.61 9.49 8.61 8.76 6.06 0.00 0.00 4.02 4.23 0.00 0.00 0.00 6.06 5.69 5.48 7.15 7.23 7.23 6.72 5.99 4.82 6.13 5.77 4.31 4.82 4.02 4.23 0.00 0.00 0.00 0.00 5.69 5.48 5.99 3.58 3.72 4.53 2.26 0.00 0.00 0.00 0.00 0.00 0.00 0.00 0.00 0.00 0.00 0.00 0.00 1.61 1.02 1.39 3.50 2.56 2.63 5.33 3.72 3.29 1.97 2.41 2.19 2.70 1.10 0.29 2.92 1.10 1.10 1.75 1.39 0.07 1.24 1.83 1.31 1.39 1.53 1.24 1.24 0.80 1.39 0.66 0.00 0.00
5.18 6.94 8.47 7.30 5.04 4.23 4.67 3.87 0.00 4.67 4.67 4.67 5.04 5.48 5.26 5.40 5.04 6.35 6.35 6.20 5.99 6.79 6.86 5.48 5.48 8.40 6.86 5.69 4.60 3.72 5.40 6.86 6.35 5.69 0.00 3.58 4.38 0.00 0.00 0.00 4.74 0.00 1.61 1.61 0.00 0.00 0.00 0.00 1.02 0.95 0.66 2.19 4.31 4.45 11.10 7.96 13.58 10.00 7.15 5.91 4.33 4.02 3.61 6.42 4.67 2.99 6.20 3.36 3.36 7.30 4.23 2.41 2.26 4.45 1.46 1.61 0.80 1.61 1.83 1.02 1.17 1.83 0.37 0.15
7.23 7.74 4.67 5.11 4.38 4.45 3.80 4.16 4.96 4.45 4.02 3.58 4.16 3.58 5.04 5.11 5.77 6.57 6.57 6.28 6.20 9.05 7.37 6.50 4.67 5.99 7.45 7.45 5.48 4.53 4.38 3.80 0.00 0.00 0.00 0.00 0.00 0.00 7.15 7.88 9.20 0.00 0.00 0.00 1.97 1.10 2.12 2.63 1.97 1.68 1.83 2.34 4.09 12.85 14.38 14.89 14.82 14.75 13.65 8.10 8.03 6.86 7.30 8.25 9.05 10.44 10.44 9.78 9.78 20.44 18.25 17.81 20.08 18.76 7.15 9.34 3.14 5.62 6.79 4.38 3.94 3.94 1.10 0.29
6.06 5.91 2.99 4.02 5.04 4.23 4.23 4.16 3.36 4.23 3.07 3.36 3.72 5.48 4.96 5.91 6.72 7.01 7.01 8.25 10.73 7.37 5.91 5.69 0.00 5.04 5.77 5.48 4.96 3.21 0.00 0.00 2.77 0.00 0.00 0.00 0.00 8.25 7.30 8.18 4.74 5.55 2.34 2.34 0.00 2.85 2.48 2.85 1.75 2.04 2.85 3.72 4.60 7.96 11.02 12.48 12.70 14.67 11.32 11.39 7.23 5.99 7.74 8.10 13.78 17.23 17.23 26.13 26.13 26.13 28.25 26.43 23.65 14.75 14.24 17.45 8.61 8.10 8.83 6.20 6.13 5.04 2.41 1.24
4.38 2.19 3.50 3.50 4.67 4.16 0.00 3.36 0.00 0.00 3.36 0.00 4.31 5.91 6.57 6.28 5.84 10.80 10.80 11.83 8.83 7.37 5.55 4.02 4.74 5.18 4.16 0.00 0.00 3.21 0.00 2.63 0.00 3.29 2.41 0.00 0.00 6.06 0.00 4.96 4.89 3.43 0.00 0.00 3.50 3.14 4.09 2.04 2.56 2.56 2.70 2.99 4.53 7.52 8.47 9.13 9.42 11.17 11.68 5.62 5.11 5.69 9.13 10.15 18.66 24.10 26.28 29.86 29.86 27.67 26.13 26.35 23.94 23.80 21.90 13.58 12.12 13.14 12.63 7.08 6.20 5.69 3.21 2.19
2.63 2.48 2.19 0.00 3.43 0.00 0.00 0.00 0.00 0.00 0.00 3.50 4.89 5.84 6.72 8.83 9.64 10.44 10.44 10.95 7.74 5.55 4.53 0.00 0.00 0.00 3.58 0.00 2.92 0.00 2.77 3.21 3.14 3.07 2.04 2.56 0.00 0.00 0.00 0.00 0.00 0.00 3.29 3.29 3.65 3.65 4.67 3.50 4.16 4.16 3.29 2.56 6.79 7.66 7.74 6.42 6.20 7.08 5.56 3.76 5.04 5.33 10.13 14.45 19.05 26.57 29.97 27.16 27.16 28.25 22.92 24.60 19.78 25.33 22.05 17.59 17.16 15.04 9.42 8.03 7.83 7.38 4.26 2.79
4.09 1.53 2.12 1.39 0.00 0.00 0.00 0.00 0.00 1.53 0.00 3.65 4.82 3.94 6.50 8.32 10.51 9.64 9.64 10.00 3.50 3.14 3.50 0.00 4.23 4.16 2.99 3.50 3.43 3.14 3.58 3.58 0.00 2.99 0.00 0.00 0.00 0.00 0.00 0.00 0.00 1.53 2.19 2.19 3.80 2.99 2.56 4.09 4.02 4.02 4.74 4.38 8.91 10.22 11.46 9.27 7.59 6.35 4.23 2.77 3.16 4.89 8.63 13.80 15.33 19.27 29.20 20.79 20.13 24.28 18.47 21.32 15.70 22.12 18.69 18.98 17.52 14.82 12.99 10.55 8.64 8.38 4.78 4.54
1.75 1.10 1.61 1.90 0.00 0.00 2.04 1.90 1.31 1.31 0.00 0.00 0.00 0.00 5.48 9.42 6.57 7.23 7.23 0.00 0.00 0.00 2.70 0.00 3.72 3.14 0.00 2.70 2.85 0.00 0.00 0.00 0.00 0.00 0.00 0.00 0.00 0.00 0.00 0.00 0.00 0.00 0.29 0.29 0.00 0.22 1.75 2.99 4.16 2.99 4.31 6.28 10.00 13.65 11.24 14.75 6.72 12.78 9.59 3.91 3.58 7.30 6.78 12.17 15.44 13.93 14.09 13.65 13.72 14.68 12.18 15.33 14.09 18.10 16.43 17.37 15.11 12.34 14.01 12.09 10.43 9.56 5.76 5.60
3.65 2.34 1.53 1.97 1.61 2.48 2.34 2.70 2.41 2.34 1.83 0.00 0.00 0.00 0.00 5.69 7.23 3.58 3.58 0.00 0.00 0.00 0.00 0.00 0.00 0.00 0.00 0.00 0.00 2.12 0.00 0.00 0.00 0.00 0.00 0.00 0.00 0.00 0.00 0.00 0.00 0.00 0.00 0.00 0.00 0.00 0.29 1.68 2.26 4.09 6.06 9.78 13.14 14.75 17.52 15.77 14.45 19.13 15.48 11.68 5.83 5.96 6.95 7.65 11.37 13.65 11.75 11.61 11.61 9.94 12.89 15.52 16.65 15.12 12.91 10.77 11.02 10.60 13.25 11.55 10.50 10.24 7.69 7.85
2.41 3.29 1.90 1.68 1.83 2.85 2.12 2.34 2.63 0.00 2.92 0.00 0.00 0.00 0.00 0.00 0.00 2.04 2.04 2.04 0.00 0.00 0.00 0.00 0.00 0.00 0.00 0.00 0.00 0.00 0.00 0.00 0.00 0.00 0.00 0.00 0.00 0.00 0.00 0.00 0.00 0.00 0.00 0.00 0.00 0.00 0.44 0.95 3.58 5.11 6.35 7.23 12.41 13.43 14.75 18.98 19.99 19.13 15.04 16.72 11.17 8.01 6.48 7.68 11.63 12.20 9.98 7.45 7.45 7.37 10.99 14.07 12.08 14.23 13.86 10.93 10.22 8.30 9.11 9.26 8.41 10.89 11.55 10.59
5.33 6.35 2.99 0.80 2.63 1.75 0.00 0.00 2.77 2.26 1.68 0.00 0.00 0.00 1.61 1.90 2.04 1.17 1.17 0.00 0.00 0.00 0.00 0.00 0.00 0.00 0.00 0.00 0.00 0.00 0.00 0.00 0.00 0.00 0.00 0.00 0.00 0.00 0.00 0.00 0.00 0.00 0.00 0.00 0.00 0.73 2.04 3.72 5.26 6.35 8.47 8.18 9.46 10.24 14.98 15.49 20.02 19.20 19.42 17.23 15.26 9.90 7.45 8.87 9.50 12.66 11.20 7.01 7.04 5.51 10.14 10.54 9.36 15.09 14.29 12.19 10.88 9.00 5.78 6.57 10.30 14.13 8.92 10.05
9.49 8.69 5.40 3.72 4.82 3.07 1.68 0.00 1.31 0.73 0.00 0.00 0.00 0.00 0.00 1.46 1.17 0.00 0.00 0.00 0.00 2.41 0.00 0.00 0.00 0.00 2.26 0.00 0.00 0.00 0.00 0.00 0.00 0.00 0.00 1.31 0.00 0.00 0.00 0.00 0.00 0.00 0.00 0.00 0.00 1.24 1.97 5.33 7.08 7.08 10.88 10.95 8.83 11.54 13.63 15.88 17.67 18.55 19.19 15.85 15.77 12.84 9.31 10.87 9.20 12.13 11.53 7.19 7.19 5.09 7.65 6.57 10.37 11.75 13.06 12.47 11.47 9.81 5.99 5.47 10.04 13.77 10.79 6.38
9.05 7.37 8.76 6.28 6.57 5.11 3.43 2.92 1.31 0.95 0.00 0.00 0.00 0.00 0.00 0.00 0.00 0.00 0.00 0.00 0.00 0.00 0.00 0.00 0.00 0.00 1.97 0.00 0.00 0.00 0.00 0.00 0.00 0.00 0.00 0.00 0.00 0.00 0.00 0.00 0.00 0.00 1.61 1.61 3.29 3.72 4.38 6.72 7.81 9.05 13.80 13.43 9.78 9.68 14.23 15.25 13.93 14.45 17.09 16.61 17.68 16.88 12.87 8.50 11.98 11.88 8.44 5.78 5.69 4.08 5.21 6.85 12.70 10.24 11.90 11.45 11.19 8.41 7.79 6.25 9.11 11.66 12.03 7.72
7.15 6.28 8.69 4.60 5.69 3.43 3.36 4.31 4.09 3.36 3.07 1.83 0.00 0.51 0.00 0.00 0.00 0.00 0.00 0.00 0.00 0.00 0.00 0.00 0.00 0.00 2.12 1.17 0.00 0.00 1.17 0.00 0.00 1.31 1.31 0.00 0.00 0.00 0.00 0.00 0.00 3.80 9.05 9.05 8.98 7.52 6.50 10.00 10.29 14.90 15.80 14.97 14.37 15.16 13.78 15.99 16.35 15.99 15.53 16.28 17.90 19.06 14.75 11.68 11.49 10.55 8.60 5.72 5.58 2.99 3.58 5.74 10.60 13.54 10.56 9.20 6.88 7.74 8.34 7.00 7.30 8.08 12.26 8.03
11.17 5.55 5.99 10.29 8.69 7.30 5.26 3.07 3.50 2.85 2.19 1.31 1.68 0.58 1.17 0.80 1.39 1.83 1.83 0.00 1.83 0.00 0.00 1.10 2.41 2.77 1.39 0.44 0.73 0.95 1.24 1.02 2.34 3.07 3.58 4.02 7.37 0.00 5.77 0.00 7.59 7.30 10.51 10.51 13.36 14.31 14.24 13.58 14.45 11.90 15.65 17.96 13.05 14.77 13.77 10.99 17.17 17.71 17.12 20.32 18.05 21.48 20.02 19.34 16.86 10.64 11.22 7.94 7.82 3.29 1.83 3.18 7.64 10.69 13.18 9.42 7.04 6.93 4.25 3.49 3.79 2.77 5.59 5.45
12.48 12.41 0.00 13.51 15.18 12.12 8.03 3.29 2.48 0.00 0.00 1.10 1.46 1.90 0.95 1.46 1.46 1.53 1.53 1.68 2.04 1.10 0.00 1.17 1.39 1.97 0.44 0.44 1.53 1.68 1.02 1.39 2.04 4.02 4.45 4.60 5.99 9.34 3.72 4.31 6.13 4.45 6.06 6.06 11.02 4.53 5.69 9.05 11.44 9.58 12.79 10.93 9.86 9.10 11.93 11.87 12.65 18.15 12.37 18.09 19.47 24.06 25.23 21.90 14.89 11.39 7.92 9.50 9.35 1.53 1.02 1.99 5.80 7.39 12.97 11.10 7.89 5.09 2.59 1.66 1.89 3.55 4.25 4.56
11.39 13.51 8.18 11.83 13.80 13.80 10.29 5.62 2.85 1.75 0.00 0.00 1.39 1.31 2.04 1.61 2.04 1.97 1.97 1.10 1.83 0.80 1.46 1.31 1.02 0.80 0.00 0.22 1.46 1.61 0.88 1.75 1.10 2.04 4.53 4.45 5.69 6.64 2.19 1.83 3.36 1.97 3.14 3.14 5.48 0.58 2.12 4.35 8.03 7.54 10.21 9.95 9.55 10.05 7.47 7.97 10.63 9.55 9.27 15.54 21.12 26.82 26.13 14.16 8.98 7.75 7.60 5.14 5.71 2.41 0.74 2.99 7.83 10.68 11.01 7.08 7.37 4.16 1.25 0.82 1.82 1.44 2.32 4.19
12.19 9.86 2.34 4.16 8.32 12.41 8.83 7.19 4.16 2.34 0.73 0.00 1.24 1.97 2.12 1.46 1.53 1.24 1.24 1.24 1.17 1.61 1.46 0.29 0.29 0.00 0.00 0.37 1.17 0.66 0.58 0.58 0.37 1.24 2.04 3.36 1.83 0.00 0.07 0.95 0.95 0.00 1.83 1.83 1.83 0.07 0.80 2.05 5.33 6.82 7.87 7.44 8.88 10.03 5.37 3.83 5.14 9.15 12.94 20.67 21.21 25.97 20.98 18.47 11.39 10.12 6.58 8.32 8.02 4.06 1.96 2.25 6.36 6.92 9.86 5.91 3.34 0.76 0.23 1.86 1.56 1.89 3.73 3.40
3.65 2.48 6.50 3.29 10.37 9.93 9.34 7.96 5.55 2.12 1.75 1.83 1.17 1.68 2.04 1.17 0.66 1.53 1.53 1.17 1.10 1.46 0.73 0.00 0.00 0.00 0.00 0.00 0.51 0.00 0.15 0.29 0.00 0.22 0.88 0.44 0.80 0.00 0.07 0.00 0.00 0.00 0.37 0.37 0.73 0.58 1.97 3.50 3.87 6.28 6.37 4.66 6.56 5.58 4.14 4.83 4.68 6.88 15.17 16.24 14.75 20.39 22.37 21.08 15.19 14.07 10.33 11.30 11.36 6.92 4.87 1.05 3.38 3.96 6.30 3.40 3.80 1.91 1.33 1.20 3.03 6.70 6.67 3.65
0.00 0.00 0.00 0.00 3.14 9.42 7.30 9.13 7.52 4.23 2.85 2.56 1.61 0.00 0.29 0.37 1.02 0.80 0.80 0.00 0.58 0.44 0.00 0.00 0.00 0.00 0.00 0.00 0.00 0.07 0.00 0.00 0.00 0.15 0.15 0.44 0.00 0.00 0.80 0.00 0.00 0.00 0.00 0.00 0.00 0.00 0.66 1.68 2.08 4.74 5.08 6.21 6.72 5.32 4.28 4.98 5.26 0.00 8.18 14.25 12.29 20.26 21.46 19.42 19.69 19.95 14.20 12.40 14.51 8.33 7.21 1.89 2.79 2.73 3.86 2.34 3.73 2.04 1.01 0.88 2.95 5.15 7.87 5.35
0.00 0.00 0.00 0.00 4.02 4.45 7.59 8.54 7.08 3.94 3.29 1.68 2.41 2.26 1.39 1.10 0.95 1.10 1.10 0.00 0.00 0.00 0.00 0.00 0.00 0.00 0.00 0.00 0.00 0.00 0.00 0.00 0.00 0.00 0.00 0.07 0.00 0.00 0.00 0.00 0.00 0.00 0.00 0.00 0.00 0.00 0.00 0.38 0.76 3.15 5.19 3.72 4.66 4.96 0.00 0.00 0.00 0.00 10.13 13.38 11.68 13.29 21.85 19.50 22.59 17.67 19.98 8.94 10.01 10.36 8.59 4.24 4.40 2.48 2.25 1.31 3.98 1.75 0.48 0.00 1.58 6.60 9.09 5.17
0.00 0.00 0.00 0.00 0.00 0.00 3.65 7.52 4.45 5.33 2.92 3.43 3.58 3.50 5.26 4.59 4.57 2.34 2.34 0.00 0.00 0.00 0.00 0.00 0.00 0.00 0.00 0.00 0.00 0.00 0.00 0.00 0.00 0.00 0.00 0.07 0.00 0.00 0.00 0.00 0.00 0.00 0.00 0.00 0.00 0.00 0.00 0.00 1.30 1.95 2.01 4.89 4.65 5.82 0.00 0.00 0.00 0.00 0.00 11.16 15.51 13.53 13.81 23.97 23.65 20.63 24.26 10.93 11.16 8.59 6.29 5.52 3.08 0.68 1.29 2.25 1.81 1.77 1.12 0.00 2.11 5.03 6.68 7.25
0.00 0.00 0.00 0.00 0.00 0.00 0.00 4.23 3.87 3.14 5.77 5.77 6.57 3.58 6.06 6.75 5.33 4.60 4.29 2.26 0.73 0.00 1.10 0.37 0.00 0.00 0.00 0.29 0.00 0.00 0.00 0.15 0.00 0.00 0.07 0.00 0.00 0.00 0.00 0.00 0.95 0.00 0.00 0.00 0.00 0.00 0.00 1.62 4.87 7.78 5.00 0.00 0.00 0.00 0.00 0.00 0.00 0.00 0.00 0.00 14.47 15.54 12.87 14.77 16.50 24.40 18.93 13.12 16.03 9.94 7.14 7.35 3.42 0.58 1.30 2.30 2.23 0.00 0.18 0.20 1.43 5.77 4.11 0.00
0.00 0.00 0.00 0.00 0.00 0.00 0.00 0.00 0.00 0.00 0.00 0.00 4.02 4.53 0.00 3.80 4.09 3.21 3.26 3.58 5.11 7.15 5.48 5.04 3.21 0.00 0.00 3.72 0.00 0.00 0.00 1.02 0.37 0.73 2.85 2.70 2.85 0.00 0.37 2.93 3.24 3.24 1.75 1.75 0.95 0.00 0.51 2.20 2.52 0.00 0.00 0.00 0.00 0.00 0.00 0.00 0.00 0.00 0.00 0.00 0.00 6.88 0.00 10.01 9.38 16.96 8.30 9.90 11.07 8.99 8.34 5.77 3.63 1.58 0.09 0.00 2.53 0.82 0.00 0.00 0.57 0.00 0.00 0.00
0.00 0.00 0.00 0.00 0.00 0.00 0.00 0.00 0.00 0.00 0.00 0.00 0.00 0.00 0.00 0.00 0.00 3.21 3.21 2.85 9.84 5.45 6.72 5.33 5.26 0.23 5.54 5.33 5.18 3.29 3.87 3.07 1.39 0.44 1.90 5.26 3.21 1.46 4.60 1.68 4.61 3.93 2.26 2.53 1.46 1.90 0.37 2.17 5.50 0.00 0.00 0.00 0.00 0.00 0.00 0.00 0.00 0.00 0.00 0.00 0.00 0.00 0.00 7.52 12.71 0.00 6.49 0.00 0.00 0.00 5.15 0.00 1.39 2.43 0.00 0.00 1.31 0.00 0.00 0.00 0.00 0.00 0.00 0.00
0.00 0.00 0.00 0.00 0.00 0.00 0.00 0.00 0.00 0.00 0.00 0.00 0.00 0.00 0.00 0.00 0.00 0.00 0.00 0.00 1.97 2.19 7.81 6.57 5.62 3.45 2.01 4.45 5.48 4.09 5.69 2.70 1.48 0.00 0.58 2.87 4.09 3.50 2.34 0.00 0.00 1.90 0.00 0.00 1.64 2.77 3.59 1.23 1.43 0.00 0.00 0.00 0.00 0.00 0.00 0.00 0.00 0.00 0.00 0.00 0.00 0.00 0.00 0.00 0.00 0.00 0.00 0.00 0.00 0.00 0.00 0.00 0.00 0.00 0.00 0.52 0.00 0.00 0.00 0.00 0.00 0.00 0.00 0.00
0.00 0.00 0.00 0.00 0.00 0.00 0.00 0.00 0.00 0.00 0.00 0.00 0.00 0.00 0.00 0.00 0.00 0.00 0.00 0.00 0.00 0.00 1.61 2.19 3.21 3.94 0.00 0.00 3.21 4.09 0.00 3.91 1.66 0.00 0.00 0.00 2.48 0.00 1.17 0.00 0.00 0.00 0.00 0.00 0.00 4.11 0.00 0.00 0.00 0.00 0.00 0.00 0.00 0.00 0.00 0.00 0.00 0.00 0.00 0.00 0.00 0.00 0.00 0.00 0.00 0.00 0.00 0.00 0.00 0.00 0.00 0.00 0.00 0.00 0.00 0.00 0.00 0.00 0.00 0.00 0.00 0.00 0.00 0.00
