Wansh/Snow_depth/snowdepth-1998/winter/1999023.txt
ncols 321
nrows 161
xllcenter 60
yllcenter 15 
cellsize  0.25 
NODATA_value -1
[rows 74 to 110 of 161, columns 84 to 167 of 321]
0.00 0.00 0.00 0.00 0.00 3.50 1.97 1.39 0.44 2.99 4.16 4.31 0.00 3.80 3.58 0.00 2.41 0.00 0.00 0.00 0.00 0.00 0.00 0.00 0.00 0.00 2.99 0.00 1.90 0.00 0.00 0.00 0.00 0.00 0.00 0.00 0.51 1.02 0.88 2.12 2.19 1.68 0.80 0.80 0.22 0.00 0.00 0.00 0.07 0.51 0.66 0.66 0.88 0.00 0.00 1.10 2.12 0.58 1.53 0.66 0.22 0.44 0.73 0.00 0.00 0.00 0.00 2.77 2.77 2.42 2.57 1.24 1.75 0.00 0.00 0.00 0.00 0.00 0.00 0.00 0.00 0.00 0.00 0.22
0.00 0.00 2.41 0.95 3.58 2.04 4.31 5.04 4.89 0.00 0.00 3.36 3.50 0.00 0.00 0.00 0.00 0.00 0.00 0.00 0.00 0.00 0.00 0.00 0.00 3.21 3.50 0.00 0.00 0.00 0.00 0.00 0.00 0.00 0.00 0.58 1.24 1.10 0.00 2.77 2.92 2.56 3.50 3.50 0.51 0.00 0.00 0.07 0.00 0.00 0.00 0.00 0.66 1.39 2.56 0.58 1.02 0.58 0.00 0.73 0.95 0.80 0.95 0.73 0.80 1.46 2.48 2.56 2.56 3.15 3.58 4.53 2.99 1.31 0.15 0.00 0.00 0.00 0.00 0.00 0.00 0.00 0.00 0.00
0.00 0.07 3.72 2.63 6.06 4.82 4.53 5.04 3.94 4.02 3.43 5.04 4.23 0.00 4.02 3.36 0.00 2.99 2.99 2.26 0.00 0.00 0.00 0.00 0.00 3.50 0.00 0.00 0.00 0.00 0.00 0.00 0.00 0.00 0.00 0.00 0.00 0.00 0.00 3.94 3.43 3.65 4.89 4.89 3.21 1.02 1.75 1.83 0.00 0.00 0.00 0.00 0.00 0.00 0.80 0.00 0.00 0.88 0.22 0.29 0.29 0.00 0.00 0.44 0.95 0.88 1.97 2.41 2.41 3.14 3.36 3.58 1.39 0.29 0.07 0.00 0.00 0.00 0.00 0.00 0.00 0.00 0.00 0.00
2.56 1.75 3.21 2.99 5.26 4.38 4.16 3.58 4.16 3.43 4.09 5.48 5.77 4.45 4.09 4.31 3.50 3.29 3.29 2.56 2.48 0.00 0.00 0.00 0.00 0.00 0.00 0.00 0.00 0.00 0.00 0.00 0.00 0.00 3.50 0.00 0.00 3.07 4.38 4.02 4.16 3.29 5.18 5.18 0.00 1.75 1.90 2.85 0.00 0.00 2.19 0.66 1.02 0.73 0.66 0.22 0.44 0.29 0.58 0.00 0.29 0.29 0.00 0.00 0.00 0.00 0.88 1.53 1.53 3.65 2.70 2.63 1.24 0.66 0.07 0.00 0.00 0.00 0.00 0.00 0.00 0.00 0.00 0.00
8.18 6.28 1.61 3.58 2.92 3.72 3.21 3.72 3.65 4.16 4.96 5.11 4.82 5.18 4.67 4.38 3.87 3.07 3.07 3.21 0.00 0.00 3.58 2.99 3.50 0.00 2.77 0.00 0.00 0.00 0.00 0.00 0.00 0.00 0.00 3.14 0.00 0.00 3.80 0.00 0.00 0.00 0.00 0.00 0.00 0.00 1.53 2.04 0.00 0.00 0.00 0.00 0.44 2.34 1.83 0.80 0.44 0.73 0.58 0.88 1.17 0.15 0.00 0.00 0.00 0.73 0.29 2.26 2.26 1.61 1.17 1.46 1.17 0.95 0.00 0.00 0.22 0.60 0.00 0.00 0.00 0.00 0.00 0.00
10.88 7.30 6.57 3.43 5.40 3.07 3.94 4.16 5.11 4.38 4.38 4.38 4.96 3.87 4.23 4.02 4.45 4.16 4.16 4.74 4.45 3.87 4.02 2.92 2.92 0.00 0.00 0.00 0.00 0.00 4.02 0.00 0.00 0.00 0.00 3.58 0.00 0.00 0.00 4.31 0.00 0.00 0.00 0.00 0.00 0.00 0.00 1.61 2.26 0.00 0.00 0.00 0.00 0.00 1.46 1.10 1.46 0.80 0.73 1.31 1.46 1.75 0.95 0.73 0.00 0.58 0.00 1.17 1.17 1.17 0.00 0.00 0.66 0.00 0.00 0.00 0.07 0.22 0.44 0.00 0.00 0.00 0.00 0.00
9.86 9.05 8.54 5.77 5.91 5.18 3.72 3.58 4.38 4.09 3.58 4.96 4.31 3.36 3.94 4.31 4.09 4.45 4.45 3.87 4.16 3.72 3.14 2.85 2.70 3.07 3.72 4.02 0.00 0.00 3.87 3.07 0.00 3.07 5.40 0.00 0.00 0.00 0.00 0.00 0.00 2.99 0.00 0.00 0.00 0.00 0.00 0.00 0.00 0.00 0.00 0.00 0.00 0.00 0.00 0.00 0.00 0.66 0.66 1.24 1.61 1.83 1.97 0.00 0.00 0.00 0.00 0.29 0.29 0.00 0.00 0.44 0.00 0.07 0.15 0.51 0.22 0.31 0.07 0.00 0.00 0.00 0.00 0.00
9.56 9.64 10.37 10.44 8.91 4.53 4.02 2.99 4.23 4.31 4.74 4.16 4.09 3.65 3.72 4.60 3.80 3.87 3.87 4.09 4.09 3.14 3.43 0.00 2.85 3.58 4.31 3.29 2.92 2.77 3.07 3.58 0.00 4.60 7.37 4.67 0.00 0.00 0.00 0.00 0.00 0.00 0.00 0.00 0.00 0.00 0.00 0.00 0.00 0.00 0.00 0.00 0.00 0.95 0.00 0.00 0.00 0.29 0.29 1.10 1.46 1.24 2.04 1.68 0.00 0.00 0.00 0.00 0.00 0.00 0.95 1.02 1.31 0.73 1.02 0.66 0.59 0.61 1.44 0.45 0.44 0.00 0.00 0.00
9.71 8.91 7.74 11.17 5.69 4.38 3.72 3.29 0.00 0.00 4.23 4.23 4.16 3.80 4.60 5.18 4.96 4.53 4.53 4.89 0.00 2.85 0.00 2.19 0.00 3.80 4.16 3.29 1.90 0.00 0.00 0.00 0.00 3.65 7.52 7.15 0.00 0.00 0.00 0.00 0.00 0.00 0.00 0.00 0.00 0.00 0.00 0.00 0.00 0.00 0.00 0.00 0.00 0.22 0.00 1.02 0.15 0.51 1.10 1.02 1.53 1.10 1.02 0.88 1.02 0.37 0.00 0.00 0.00 0.00 1.17 0.73 1.02 1.75 0.80 1.75 1.02 0.88 1.02 1.10 1.46 0.07 0.44 0.07
8.47 8.10 7.88 6.79 6.50 4.45 0.00 3.21 3.43 3.07 3.14 0.00 3.87 4.31 4.74 5.91 6.28 5.77 5.77 5.55 3.36 3.50 2.04 1.75 0.00 3.50 2.92 0.00 3.29 0.00 0.00 0.00 3.21 7.45 5.62 6.35 3.29 0.00 0.00 0.00 0.00 0.00 0.00 0.00 0.00 0.00 0.00 0.00 0.00 0.00 0.00 0.88 0.51 1.39 1.31 0.44 2.19 1.10 0.37 1.39 1.10 1.17 0.73 0.58 0.00 0.37 1.10 0.15 0.15 1.75 1.10 1.17 0.80 1.10 1.68 1.90 1.10 1.39 1.61 0.29 0.44 0.58 0.07 0.37
7.96 6.50 8.10 6.13 5.77 5.18 0.00 3.43 4.38 4.31 3.43 0.00 3.80 3.58 5.04 5.48 5.33 6.57 6.57 4.74 3.87 4.89 3.87 2.99 2.99 3.94 3.87 4.16 0.00 0.00 0.00 0.00 4.16 5.40 3.94 0.00 4.16 2.99 3.21 1.83 0.00 0.00 0.00 0.00 0.00 0.00 0.00 0.00 0.00 0.00 0.00 1.61 2.85 3.58 2.19 1.46 6.13 3.80 3.94 1.97 3.50 2.04 2.19 1.53 1.53 0.29 2.92 1.53 1.53 1.46 3.14 1.97 1.46 2.04 1.02 1.39 1.53 2.41 1.02 0.51 1.10 0.73 0.58 0.58
5.55 5.55 5.55 5.11 4.96 4.16 4.09 4.09 3.87 3.87 4.09 3.50 3.87 3.50 4.09 4.82 5.26 5.18 5.18 4.53 5.04 6.64 5.69 4.45 4.45 6.28 6.06 3.29 0.00 3.21 0.00 0.00 4.67 4.09 0.00 0.00 0.00 4.31 4.60 2.04 1.90 0.00 1.39 1.39 0.00 0.00 0.00 0.00 0.00 1.10 0.88 1.31 2.04 4.45 6.42 5.55 7.23 10.88 8.47 3.14 4.11 5.29 3.24 4.67 4.67 2.99 2.99 3.21 3.21 1.90 6.50 2.12 2.12 4.16 1.68 1.02 1.24 3.21 3.43 1.90 1.61 1.61 1.02 0.00
6.28 5.99 4.23 4.02 4.60 3.72 3.65 4.38 4.60 3.36 3.21 3.21 5.04 5.11 4.96 5.91 5.26 5.33 5.33 6.50 9.05 9.05 8.25 6.42 4.67 6.06 4.96 4.23 3.94 3.58 0.00 5.18 3.94 0.00 0.00 0.00 0.00 0.00 3.94 9.05 8.18 3.14 3.50 3.50 2.34 2.85 2.41 2.26 1.46 1.61 1.10 0.95 3.29 5.84 7.08 13.51 17.37 15.11 14.67 10.29 9.20 6.57 7.52 7.88 9.05 10.44 9.27 7.30 7.30 22.70 25.77 20.95 17.16 18.91 11.61 3.94 6.86 7.30 5.84 4.02 4.38 3.58 1.53 1.17
4.67 4.53 0.00 3.87 0.00 3.36 2.99 3.29 4.16 3.65 3.80 4.16 4.82 5.33 5.33 5.69 5.55 7.23 7.23 8.47 9.05 4.67 5.11 0.00 3.87 3.58 4.53 4.31 0.00 3.58 0.00 0.00 3.58 0.00 0.00 0.00 0.00 3.87 5.84 5.26 9.05 4.67 3.80 3.80 2.63 3.07 2.41 2.48 1.31 1.39 1.46 1.75 1.61 3.65 8.54 9.05 11.32 14.82 12.56 13.72 6.64 6.06 7.74 8.10 13.78 17.23 11.46 29.13 29.13 25.70 27.01 27.01 23.07 18.54 19.64 17.01 9.86 8.25 8.32 5.40 4.60 3.80 2.41 1.75
3.72 3.72 0.00 0.00 0.00 0.00 0.00 3.65 0.00 0.00 3.14 4.67 4.38 5.55 5.84 6.20 7.66 8.25 8.25 12.05 9.27 4.67 3.80 0.00 3.36 4.38 3.65 3.07 2.92 0.00 2.99 0.00 3.21 0.00 2.56 0.00 0.00 3.29 3.50 4.16 4.09 3.65 2.63 2.63 3.14 2.70 2.92 2.48 3.50 1.61 2.85 2.04 2.04 4.82 7.23 10.00 8.54 10.44 11.83 8.18 6.79 5.62 9.13 10.15 18.66 24.10 17.96 30.88 30.88 29.13 27.74 27.45 25.26 25.62 19.93 18.25 14.45 9.78 11.02 5.91 4.53 4.67 3.65 2.41
4.23 2.56 0.00 0.00 0.00 0.00 0.00 0.00 0.00 3.07 4.09 4.16 4.23 5.33 5.77 6.28 9.27 8.69 8.69 11.17 9.93 4.38 3.58 2.70 2.77 4.16 3.36 3.58 0.00 0.00 4.09 0.00 3.14 3.72 3.58 3.14 0.00 0.00 0.00 0.00 3.43 2.77 2.77 2.77 2.77 3.87 4.74 4.02 3.87 4.38 3.72 2.77 6.50 6.28 5.91 7.15 8.18 5.18 7.56 5.31 3.14 7.01 7.97 14.45 19.05 26.57 32.81 23.51 23.51 25.40 25.48 17.89 22.41 23.36 21.97 18.47 16.79 14.45 8.76 6.88 5.79 6.70 2.79 2.49
1.90 2.04 0.00 0.00 0.00 0.00 0.00 0.00 1.97 0.00 3.14 3.50 3.36 5.18 7.52 6.42 7.96 7.88 7.88 9.86 6.57 0.00 2.12 2.41 3.21 2.99 2.92 0.00 0.00 0.00 0.00 3.87 3.72 3.14 3.21 2.85 2.34 0.00 0.00 0.00 0.00 1.39 2.04 2.04 2.99 3.80 4.45 4.31 2.19 3.65 5.04 4.45 4.82 10.22 12.41 9.56 5.99 5.33 4.45 4.23 3.09 4.89 8.63 13.80 15.33 25.40 16.04 19.84 19.21 18.78 20.51 13.65 16.43 19.71 19.86 16.79 18.25 17.08 11.77 9.71 7.90 5.76 4.35 2.95
1.39 2.19 1.97 2.19 1.97 1.83 0.00 1.97 1.46 0.00 0.00 2.92 3.07 0.00 6.13 3.36 5.62 0.00 0.00 0.00 0.00 0.00 0.00 0.00 0.00 0.00 0.00 2.19 1.68 0.00 0.00 3.07 0.00 0.00 0.00 0.00 0.00 0.00 0.00 0.00 0.00 0.00 0.00 0.00 0.29 0.51 1.46 2.12 1.17 2.70 3.29 7.37 11.90 13.14 15.84 14.31 13.21 12.48 10.25 3.91 4.74 7.30 6.78 12.17 15.44 20.11 14.89 14.67 14.75 15.67 14.01 13.07 15.04 15.70 13.13 13.80 13.36 12.19 12.33 12.01 9.50 8.47 5.68 5.09
2.19 1.46 2.41 1.75 2.19 2.41 2.41 2.26 1.75 0.00 2.12 0.00 0.00 0.00 0.00 0.00 0.00 0.00 0.00 0.00 0.00 0.00 0.00 0.00 0.00 0.00 0.00 0.00 0.00 0.00 0.00 0.00 0.00 0.00 0.00 0.00 0.00 0.00 0.00 0.00 0.00 0.00 0.00 0.00 0.51 1.10 0.22 0.73 2.41 4.09 4.82 5.18 10.66 15.40 13.65 17.08 20.59 21.97 16.28 11.98 6.49 6.27 6.95 7.65 11.37 17.14 10.41 9.34 9.34 10.93 12.11 12.38 15.04 16.30 11.74 10.25 9.64 11.26 12.19 8.94 9.94 8.65 8.79 8.12
5.04 2.04 1.97 1.61 1.68 2.34 2.41 0.00 0.00 2.48 1.90 0.51 0.00 0.00 0.00 1.31 2.56 1.31 1.31 0.00 0.00 0.00 0.00 0.00 0.00 0.00 0.00 0.00 0.00 0.00 0.00 0.00 0.00 0.00 0.00 0.00 0.00 0.00 0.00 0.00 0.00 0.00 0.00 0.00 0.00 0.00 0.58 0.58 2.41 4.96 5.04 6.20 7.08 11.10 17.37 17.45 21.56 21.90 21.97 16.21 19.56 8.01 6.48 7.68 11.63 10.48 8.80 6.86 6.86 7.37 10.69 12.94 15.12 12.25 13.34 11.23 11.02 8.08 9.65 6.25 7.95 10.54 10.59 9.83
4.09 3.29 1.68 1.10 1.53 2.12 0.00 0.00 0.00 0.00 1.39 0.00 0.00 0.00 0.00 1.75 2.34 1.53 1.53 1.46 0.00 0.00 0.00 0.00 0.00 0.00 0.00 0.00 0.00 0.00 0.00 0.00 0.00 0.00 0.00 0.00 0.00 0.00 0.00 0.00 0.00 0.00 0.00 0.00 0.00 0.00 0.29 1.75 1.53 4.23 9.05 8.76 10.28 9.78 13.15 13.64 18.81 21.10 18.25 18.47 15.26 9.90 7.45 8.87 9.50 10.00 9.58 6.50 6.53 5.75 9.30 10.95 12.18 11.89 13.52 12.92 11.77 9.46 6.71 5.50 7.30 9.34 10.81 8.06
8.61 6.72 4.82 4.45 2.41 2.41 0.00 2.04 0.00 1.90 0.00 0.00 0.00 0.00 1.17 1.24 1.61 0.00 0.00 0.00 0.00 0.00 0.00 0.00 0.00 0.00 2.56 1.10 0.00 0.00 0.00 0.00 0.00 0.00 0.00 1.83 0.00 0.00 0.00 0.00 0.00 0.00 0.00 0.00 0.00 2.26 3.50 4.38 5.99 10.95 12.05 10.37 12.85 10.40 10.89 17.16 15.97 17.91 17.86 20.35 15.77 12.84 9.31 10.87 9.05 10.97 9.73 7.70 7.70 5.09 5.01 5.60 10.04 10.20 11.52 12.62 10.58 9.02 5.91 6.35 7.72 11.80 9.79 8.22
10.22 9.56 7.74 6.94 4.60 2.92 2.12 2.56 1.90 1.31 0.00 0.00 0.00 0.00 1.68 1.46 0.00 0.00 0.00 0.00 0.00 0.00 0.00 0.00 0.00 0.00 0.00 2.26 1.31 0.00 0.00 0.15 0.00 0.00 2.26 1.53 0.00 0.00 0.00 0.00 0.80 1.68 0.80 0.80 6.35 5.99 6.13 5.26 7.45 11.75 13.72 13.58 15.70 14.82 14.15 15.17 14.30 14.37 19.09 16.93 17.68 16.88 12.87 8.50 9.68 9.90 10.04 6.23 6.13 3.71 3.82 5.50 8.34 11.29 10.07 8.66 8.89 6.82 7.34 9.45 10.01 11.06 9.04 7.72
8.40 7.37 4.31 5.33 5.48 4.02 3.72 3.07 1.46 2.56 2.77 0.66 0.00 0.00 0.88 0.00 0.00 0.00 0.00 0.00 0.00 0.00 0.00 0.00 0.00 0.00 2.34 1.90 0.15 0.88 0.15 0.80 0.00 0.00 1.83 1.83 1.61 0.00 0.00 0.00 0.00 4.74 4.45 4.45 10.88 11.02 9.42 8.40 8.61 13.10 14.07 16.53 17.20 16.77 17.74 15.48 13.72 16.21 16.15 16.28 17.90 19.06 14.75 11.68 11.12 9.20 8.37 5.42 5.28 3.80 2.41 3.86 11.35 12.56 9.61 8.54 6.57 7.26 5.74 5.51 9.21 9.65 7.17 6.21
7.59 4.89 9.27 9.64 6.42 9.78 4.38 3.43 3.65 2.04 1.90 0.00 0.73 1.39 1.39 0.44 1.02 1.39 1.39 1.17 0.00 0.00 0.00 0.51 0.44 1.83 1.75 1.97 1.53 1.68 1.10 1.24 2.41 2.99 2.85 2.12 0.00 0.00 0.00 0.00 5.55 8.18 10.80 10.80 14.09 14.82 13.87 11.24 12.56 14.53 15.80 15.52 16.66 13.17 16.11 12.76 13.09 21.05 19.71 20.32 18.05 21.48 20.02 19.34 10.59 9.83 9.07 5.62 5.53 2.48 3.50 5.75 7.38 12.13 12.73 10.80 7.79 3.63 2.50 3.09 4.87 4.53 4.54 5.87
12.63 9.34 14.97 15.26 11.90 13.94 9.78 4.23 2.99 0.00 0.00 0.51 0.73 1.39 0.44 1.75 1.97 1.39 1.39 1.10 1.39 1.17 1.68 0.00 0.95 1.24 1.83 1.53 0.88 1.17 1.31 1.02 2.19 3.58 3.43 3.21 5.84 8.98 7.52 7.66 7.01 9.20 5.91 5.91 9.27 11.90 12.63 12.78 7.98 11.63 13.32 14.22 10.64 11.54 13.53 13.00 11.77 16.02 12.37 18.09 19.47 24.06 25.23 19.34 10.07 8.91 9.32 4.48 4.41 1.68 1.68 3.91 4.13 10.00 12.27 10.66 5.09 1.95 0.84 0.46 2.10 2.39 3.20 2.74
11.97 13.80 14.82 12.70 16.64 12.78 13.43 8.98 2.70 0.00 0.00 1.68 0.00 1.83 1.83 1.46 1.68 1.53 1.53 1.31 1.90 1.53 0.88 1.46 0.00 0.00 0.95 0.88 0.95 0.95 1.75 1.24 0.88 2.56 3.58 3.87 5.84 5.48 1.61 1.24 3.07 4.38 1.61 1.61 4.38 6.50 6.94 5.31 9.90 8.74 9.37 12.28 11.36 11.49 10.66 9.51 7.75 16.75 12.49 15.54 21.12 26.82 26.13 15.84 12.78 10.88 9.01 4.55 5.06 2.81 1.19 2.29 3.65 5.97 10.33 7.89 4.53 5.40 1.55 0.16 2.33 2.07 2.85 2.92
11.24 6.64 6.50 10.95 10.29 13.07 9.27 6.60 3.29 0.00 0.58 0.00 0.00 2.26 2.12 1.24 1.97 1.53 1.53 1.31 1.39 1.17 1.24 0.66 0.00 0.00 0.00 0.22 0.73 1.02 0.00 0.00 0.44 0.88 1.90 2.19 4.16 3.14 1.46 0.07 0.29 0.00 0.00 0.00 0.73 1.31 2.99 2.79 5.62 8.09 7.38 10.19 10.85 8.57 9.63 6.93 5.56 6.58 12.94 20.67 21.21 25.97 20.98 19.56 16.35 12.98 10.11 8.24 7.94 5.23 2.20 3.37 9.17 5.76 7.11 6.14 4.00 2.98 1.93 1.09 3.70 2.45 4.53 2.70
0.00 0.00 0.00 0.00 8.25 7.88 9.05 7.30 5.91 2.70 2.26 0.95 0.80 0.00 1.97 0.22 1.31 1.68 1.68 0.66 1.10 1.10 1.24 1.02 0.00 0.00 0.00 0.44 0.29 0.07 0.00 0.00 0.22 1.46 2.63 2.92 1.31 0.44 0.00 0.00 0.00 0.00 0.00 0.00 0.00 0.73 0.00 1.46 3.94 5.18 6.89 8.26 9.13 8.59 6.78 7.35 4.18 6.88 15.17 16.24 14.75 20.39 22.37 22.64 13.57 8.58 13.94 11.47 11.53 8.96 6.89 1.86 5.96 2.64 4.87 3.79 3.58 1.69 0.88 2.49 2.79 6.60 5.77 4.22
0.00 0.00 0.00 0.00 4.02 9.34 8.32 8.76 7.52 5.91 2.85 1.83 0.80 0.44 0.00 0.00 0.88 0.88 0.88 0.95 1.10 0.29 0.80 0.00 0.00 0.00 0.00 0.00 0.00 0.00 0.00 0.00 0.00 0.00 0.66 1.31 0.00 0.00 0.00 0.00 0.00 0.00 0.00 0.00 0.00 0.00 0.00 0.51 1.41 3.76 8.71 6.91 9.98 7.54 5.00 5.16 5.61 5.90 8.18 14.25 12.29 20.26 21.46 19.12 15.50 16.21 16.83 7.30 8.54 5.95 5.84 4.24 2.79 1.85 1.64 3.67 1.62 1.83 0.78 1.28 4.78 6.30 6.57 4.13
0.00 0.00 0.00 0.00 0.00 4.60 9.78 8.32 8.40 3.50 2.48 3.72 2.12 3.36 1.31 3.94 1.83 0.00 0.00 0.00 0.00 0.00 0.00 0.00 0.00 0.00 0.00 0.00 0.00 0.00 0.00 0.00 0.00 0.00 0.00 0.22 0.00 0.00 0.00 0.00 0.00 0.00 0.00 0.00 0.00 0.00 0.00 0.08 1.26 3.23 4.39 5.75 5.45 6.76 0.00 0.00 0.00 0.00 10.13 13.38 11.68 13.29 21.85 19.97 21.73 18.50 16.61 9.60 10.74 7.72 6.84 5.46 2.46 2.30 0.47 1.78 1.33 0.66 0.87 1.81 4.15 6.32 7.54 4.68
0.00 0.00 0.00 0.00 0.00 0.00 3.50 7.52 7.37 5.91 3.29 6.06 5.99 4.82 5.04 5.93 3.39 2.85 2.85 0.00 0.07 0.66 0.00 0.00 0.00 0.00 0.00 0.00 0.00 0.00 0.00 0.00 0.00 0.00 0.00 0.00 0.00 0.00 0.00 0.00 0.00 0.00 0.00 0.00 0.00 0.00 0.00 0.22 1.22 3.41 6.26 6.72 6.75 6.03 0.00 0.00 0.00 0.00 0.00 11.16 15.51 13.53 15.82 18.45 21.69 22.89 20.77 12.69 12.96 9.89 8.42 6.28 5.01 0.00 1.89 1.80 1.73 1.54 0.00 0.09 1.11 5.23 6.14 3.47
0.00 0.00 0.00 0.00 0.00 0.00 0.00 3.94 6.50 1.97 5.62 4.96 5.77 4.53 6.20 5.58 7.37 3.87 3.61 0.00 1.31 2.92 0.15 0.29 0.00 0.07 0.00 0.00 0.00 0.00 0.00 0.00 0.00 0.00 0.00 0.00 0.00 0.00 0.00 1.31 0.58 0.00 0.00 0.00 0.00 0.00 0.00 0.00 3.84 9.13 8.60 8.16 0.00 0.00 0.00 0.00 0.00 0.00 0.00 0.00 14.47 15.54 14.05 12.77 15.67 22.91 16.61 14.76 18.04 13.08 7.67 5.35 3.79 1.25 1.05 1.65 2.15 1.22 0.00 0.00 0.72 2.23 0.00 0.00
0.00 0.00 0.00 0.00 0.00 0.00 0.00 0.00 0.00 0.00 0.00 0.00 0.00 0.00 0.00 4.31 5.33 5.27 5.36 5.04 5.11 5.48 5.55 6.06 3.94 1.61 3.36 3.07 2.48 3.50 3.43 1.10 0.73 0.00 0.15 2.12 2.77 1.61 3.29 2.93 3.76 2.06 0.95 0.95 0.73 0.00 0.07 3.37 4.20 6.07 0.00 0.00 0.00 0.00 0.00 0.00 0.00 0.00 0.00 0.00 0.00 6.88 6.13 13.89 16.62 6.35 6.74 6.97 7.79 4.93 7.48 4.28 2.04 1.23 1.12 0.00 0.82 0.00 0.00 0.00 0.00 0.00 0.00 0.00
0.00 0.00 0.00 0.00 0.00 0.00 0.00 0.00 0.00 0.00 0.00 0.00 0.00 0.00 0.00 0.00 0.00 4.53 4.53 3.50 3.31 7.72 7.74 5.62 5.91 5.90 5.02 5.62 6.20 4.74 3.07 3.43 2.41 1.10 1.75 3.80 5.40 4.60 4.02 3.80 5.79 4.95 2.77 3.10 2.48 1.61 1.46 2.25 7.08 0.00 0.00 0.00 0.00 0.00 0.00 0.00 0.00 0.00 0.00 0.00 0.00 0.00 0.00 6.96 9.69 0.00 0.00 0.00 0.00 0.00 0.00 4.80 3.63 0.00 0.00 0.00 0.00 0.00 0.00 0.00 0.00 0.00 0.00 0.00
0.00 0.00 0.00 0.00 0.00 0.00 0.00 0.00 0.00 0.00 0.00 0.00 0.00 0.00 0.00 0.00 0.00 0.00 0.00 0.00 0.00 5.69 5.18 4.09 6.79 5.36 5.51 5.84 6.72 4.02 5.69 3.14 1.56 0.29 1.39 0.00 2.34 2.77 2.04 2.19 0.00 3.21 1.89 2.40 1.73 3.77 4.23 4.42 4.15 0.00 0.00 0.00 0.00 0.00 0.00 0.00 0.00 0.00 0.00 0.00 0.00 0.00 0.00 0.00 0.00 0.00 0.00 0.00 0.00 0.00 0.00 0.00 0.00 0.00 0.00 0.00 0.00 0.00 0.00 0.00 0.00 0.00 0.00 0.00
0.00 0.00 0.00 0.00 0.00 0.00 0.00 0.00 0.00 0.00 0.00 0.00 0.00 0.00 0.00 0.00 0.00 0.00 0.00 0.00 0.00 0.00 0.00 0.00 4.09 0.00 2.70 3.29 4.02 2.41 4.74 4.29 3.33 1.46 0.00 0.00 0.00 0.00 0.00 0.00 0.00 0.00 3.48 3.97 0.00 0.00 0.00 0.00 0.00 0.00 0.00 0.00 0.00 0.00 0.00 0.00 0.00 0.00 0.00 0.00 0.00 0.00 0.00 0.00 0.00 0.00 0.00 0.00 0.00 0.00 0.00 0.00 0.00 0.00 0.00 0.00 0.00 0.00 0.00 0.00 0.00 0.00 0.00 0.00
