Wansh/Snow_depth/snowdepth-1998/winter/1999015.txt
ncols 321
nrows 161
xllcenter 60
yllcenter 15 
cellsize  0.25 
NODATA_value -1
[rows 0 to 36 of 161, columns 168 to 251 of 321]
5.55 5.91 5.18 5.26 4.67 5.11 4.89 5.62 5.91 5.91 5.69 4.53 4.67 4.96 4.96 5.04 6.06 5.84 7.59 9.20 9.20 8.10 7.01 7.01 6.64 4.45 4.82 0.00 0.00 0.00 0.00 2.26 12.70 11.02 14.53 14.53 10.66 12.19 12.99 14.97 14.16 13.29 12.63 12.05 13.36 11.83 11.83 16.06 13.65 11.90 10.88 11.32 8.69 8.18 8.18 8.18 8.98 9.20 9.13 8.98 8.98 9.78 12.05 14.89 14.02 16.43 15.48 14.60 15.11 13.21 11.17 11.39 11.24 12.85 15.33 14.89 17.52 17.23 17.16 19.71 20.08 19.35 18.76 18.40
12.26 10.29 11.24 5.62 5.77 5.04 5.40 5.48 5.55 5.55 6.42 6.28 6.86 6.28 6.42 5.77 7.08 7.08 9.71 9.20 8.83 7.37 7.45 7.74 4.60 5.11 0.00 0.00 0.00 0.00 0.00 6.50 4.02 11.17 9.93 9.93 8.47 12.63 12.26 15.55 16.79 15.33 15.11 10.66 17.45 16.72 14.97 15.62 13.80 11.83 9.56 8.47 8.83 8.10 8.03 7.66 9.34 9.13 9.20 10.00 10.00 9.34 11.53 13.65 14.31 14.31 14.31 13.51 12.78 12.48 11.83 13.29 15.18 14.82 16.28 17.81 17.67 20.51 20.08 20.73 17.96 18.03 17.08 14.75
19.49 13.21 10.37 10.88 9.86 7.81 8.10 6.20 4.96 4.96 6.64 6.50 6.64 6.20 6.28 6.20 7.45 9.93 9.56 9.56 7.66 8.10 7.59 6.13 5.84 0.00 0.00 0.00 0.00 0.00 0.00 1.46 7.81 8.47 8.40 8.40 8.32 9.56 16.72 19.13 19.78 18.25 19.35 18.25 16.86 15.04 9.34 11.02 11.02 11.10 9.71 7.45 8.03 7.74 8.61 8.40 8.69 8.54 9.20 11.02 11.02 11.61 12.99 13.14 12.12 12.12 13.14 13.07 13.14 12.92 14.97 14.60 15.70 15.62 15.48 16.21 12.92 13.51 14.67 10.73 16.06 11.83 11.39 12.70
19.49 13.21 10.37 10.88 9.86 7.81 8.10 6.20 4.96 4.96 6.64 6.50 6.64 6.20 6.28 6.20 7.45 9.93 9.56 9.56 7.66 8.10 7.59 6.13 5.84 0.00 0.00 0.00 0.00 0.00 0.00 1.46 7.81 8.47 8.40 8.40 8.32 9.56 16.72 19.13 19.78 18.25 19.35 18.25 16.86 15.04 9.34 11.02 11.02 11.10 9.71 7.45 8.03 7.74 8.61 8.40 8.69 8.54 9.20 11.02 11.02 11.61 12.99 13.14 12.12 12.12 13.14 13.07 13.14 12.92 14.97 14.60 15.70 15.62 15.48 16.21 12.92 13.51 14.67 10.73 16.06 11.83 11.39 12.70
21.17 20.37 15.04 12.92 13.65 9.27 7.37 7.96 5.69 5.69 6.64 6.42 7.81 9.05 10.15 12.26 13.58 13.65 11.02 8.83 8.61 7.37 4.53 4.96 0.00 0.00 0.00 0.00 0.00 0.00 0.00 6.35 7.37 8.54 8.25 8.25 9.64 12.70 14.38 19.35 18.10 17.96 11.75 9.49 8.83 8.76 8.91 9.49 7.74 7.59 7.74 7.59 8.61 8.91 8.40 8.18 8.69 9.13 9.05 10.37 10.37 11.53 12.26 11.75 11.75 11.97 13.14 11.90 11.97 12.34 10.88 12.12 11.90 12.63 11.24 11.10 11.02 9.27 11.90 9.93 10.51 10.44 12.19 13.72
23.36 23.43 23.29 23.65 20.66 16.13 17.23 12.34 10.95 10.95 7.37 10.80 8.98 11.68 12.85 12.19 14.97 12.63 13.51 10.29 5.18 0.00 0.58 0.00 0.00 0.00 0.00 0.00 0.00 0.00 4.89 6.94 7.66 9.42 9.27 9.27 11.68 12.12 12.85 14.89 12.85 15.91 13.36 10.73 9.05 8.83 8.69 7.96 8.25 8.18 9.05 8.76 9.71 9.49 8.69 8.40 8.03 6.28 8.91 11.53 11.53 10.59 12.85 12.56 11.46 10.22 10.51 10.51 8.76 8.47 9.78 10.66 9.78 9.56 10.59 8.54 8.91 9.34 9.49 9.49 10.44 12.63 11.97 12.99
23.87 28.25 27.16 25.04 25.92 20.00 16.13 16.72 13.80 13.80 11.75 11.53 14.16 15.70 15.11 16.35 12.92 13.87 8.03 3.07 4.45 0.66 0.00 0.00 0.00 0.00 0.00 0.00 0.00 4.60 7.15 8.54 8.40 8.03 10.88 10.88 12.34 12.26 12.78 11.53 13.07 11.46 11.10 10.44 10.66 9.64 8.83 10.66 9.71 9.64 9.27 8.10 8.10 6.20 4.23 4.74 4.45 5.11 7.01 8.03 8.03 8.76 9.27 8.98 8.10 5.62 6.94 6.42 7.88 7.74 8.32 8.25 9.05 8.69 8.54 7.96 8.91 8.69 9.78 13.99 11.84 15.42 15.16 15.66
23.87 28.25 27.16 25.04 25.92 20.00 16.13 16.72 13.80 13.80 11.75 11.53 14.16 15.70 15.11 16.35 12.92 13.87 8.03 3.07 4.45 0.66 0.00 0.00 0.00 0.00 0.00 0.00 0.00 4.60 7.15 8.54 8.40 8.03 10.88 10.88 12.34 12.26 12.78 11.53 13.07 11.46 11.10 10.44 10.66 9.64 8.83 10.66 9.71 9.64 9.27 8.10 8.10 6.20 4.23 4.74 4.45 5.11 7.01 8.03 8.03 8.76 9.27 8.98 8.10 5.62 6.94 6.42 7.88 7.74 8.32 8.25 9.05 8.69 8.54 9.20 12.28 12.50 13.40 23.77 19.56 20.53 19.50 16.24
19.27 26.28 29.27 27.67 27.23 22.56 23.94 17.08 16.13 16.13 14.89 19.13 15.62 17.52 17.59 13.07 14.67 5.99 0.00 1.02 0.00 0.00 0.00 0.00 0.00 0.00 2.63 0.22 3.65 6.42 7.23 8.83 7.96 11.24 12.99 12.99 14.02 11.17 11.17 11.24 11.32 12.05 13.07 12.63 12.78 11.10 11.61 11.75 10.88 8.32 6.13 6.79 5.48 3.14 3.50 4.02 3.72 5.55 5.11 5.91 5.91 6.64 6.64 6.86 6.42 6.35 6.42 7.23 7.30 7.66 8.18 7.96 8.18 8.13 11.49 13.37 15.44 17.37 14.41 22.49 21.69 17.47 16.52 15.66
12.85 19.13 23.65 24.82 24.60 23.00 17.74 18.61 17.45 17.45 20.15 19.42 20.59 16.06 17.01 10.88 3.65 5.69 0.00 0.00 0.00 0.00 0.00 0.00 0.00 0.00 0.51 7.59 7.81 6.79 7.15 8.76 9.42 11.39 12.41 12.41 11.53 11.75 10.73 12.34 11.02 11.24 13.36 12.78 12.63 12.34 10.66 9.78 10.37 7.08 5.62 4.23 5.18 4.38 3.21 4.02 3.87 4.67 5.55 5.33 5.33 6.94 6.72 7.45 7.23 7.59 8.25 8.25 9.78 7.81 10.07 8.98 9.23 12.79 13.68 14.28 14.81 17.43 20.82 21.43 19.89 15.29 20.72 18.04
11.90 11.39 11.97 11.90 15.11 16.35 16.28 16.06 14.97 14.97 18.83 11.68 7.59 15.04 1.68 0.00 0.00 0.00 0.00 0.00 0.00 0.00 1.97 5.77 5.84 5.84 8.32 9.86 9.93 9.27 9.34 7.96 9.05 10.07 10.44 10.44 10.51 11.17 12.05 10.73 13.07 12.63 12.85 12.48 11.32 9.71 8.61 7.45 8.25 6.06 6.86 5.04 6.13 5.18 5.33 4.67 4.23 9.49 9.78 9.20 9.20 9.42 8.83 10.15 8.98 8.25 8.10 9.42 11.02 10.66 10.51 11.32 9.28 9.63 9.33 12.97 15.79 17.75 16.12 15.02 16.60 15.79 14.20 14.92
11.90 11.39 11.97 11.90 15.11 16.35 16.28 16.06 14.97 14.97 18.83 11.68 7.59 15.04 1.68 0.00 0.00 0.00 0.00 0.00 0.00 0.00 1.97 5.77 5.84 5.84 8.32 9.86 9.93 9.27 9.34 7.96 9.05 10.07 10.44 10.44 10.51 11.17 12.05 10.73 13.07 12.63 12.85 12.48 11.32 9.71 8.61 7.45 8.25 6.06 6.86 5.04 6.13 5.18 5.33 4.67 4.23 9.49 9.78 9.20 9.20 9.42 8.83 10.15 8.98 8.25 8.10 9.42 11.02 10.66 10.51 11.32 9.05 9.49 9.05 12.04 14.07 16.44 17.20 15.59 16.60 15.45 15.60 15.96
12.41 10.95 11.10 11.68 10.95 13.72 12.99 12.99 10.95 10.95 6.50 7.52 2.41 0.00 0.00 0.00 0.00 0.00 0.00 6.42 7.96 8.91 7.08 7.66 6.79 9.13 9.34 9.56 10.44 9.56 10.00 8.61 8.47 9.64 10.80 10.80 11.32 11.24 12.48 12.34 12.78 11.83 10.44 8.91 9.34 8.61 7.37 7.88 7.52 7.81 7.88 6.94 7.08 7.30 10.07 10.66 11.61 11.61 10.59 12.05 12.05 12.34 11.32 11.83 9.86 13.65 12.05 12.12 11.46 15.11 12.70 12.78 12.70 10.22 10.93 12.18 13.80 13.65 15.13 14.49 13.08 15.67 13.93 12.63
11.24 12.26 12.12 12.19 11.46 8.91 9.64 4.45 0.00 0.00 2.19 0.00 0.00 0.00 0.00 0.00 0.00 0.00 7.74 10.22 9.78 10.73 9.86 12.34 10.51 10.51 11.24 9.78 9.42 8.61 9.78 9.42 10.07 9.78 10.37 10.37 11.90 12.78 13.87 12.56 12.99 12.85 11.97 8.83 9.56 9.05 9.13 8.03 8.47 8.54 7.30 7.88 7.23 9.71 11.39 12.41 13.29 12.92 13.94 13.65 13.65 13.87 19.71 18.03 16.35 15.48 15.91 17.81 16.94 16.64 17.67 13.29 14.45 12.54 13.65 14.37 12.63 14.06 16.06 12.04 13.07 12.06 11.90 13.66
12.78 11.90 11.61 11.61 11.32 8.10 9.05 5.11 0.00 0.00 0.00 0.00 0.00 0.00 0.00 0.00 0.00 0.00 9.56 8.40 14.38 12.48 14.09 12.99 12.48 15.11 10.59 9.78 12.85 11.17 10.15 10.00 9.78 11.02 11.97 11.97 11.68 12.85 13.14 12.85 12.99 13.51 11.53 11.53 10.51 11.68 11.83 11.17 11.46 9.34 9.05 11.10 9.05 10.44 11.75 15.11 15.40 15.18 16.43 18.91 18.91 21.10 20.59 20.22 24.16 22.63 22.85 20.66 21.97 19.42 19.56 17.01 14.13 18.63 15.44 14.60 14.28 13.84 13.39 12.45 13.23 12.89 14.91 11.62
14.60 15.26 14.97 15.11 15.04 14.02 14.53 13.94 8.10 8.10 9.49 6.13 9.42 5.40 9.42 8.76 7.23 5.62 8.03 11.39 13.87 14.09 15.91 17.01 16.86 14.97 14.16 13.72 12.26 13.14 11.02 12.34 11.97 12.26 12.34 12.34 13.43 13.58 13.51 12.12 11.24 11.24 11.39 11.90 11.61 13.21 11.68 12.56 11.83 11.53 11.39 12.99 14.53 16.35 16.43 16.79 15.70 15.91 16.28 18.69 18.69 20.29 23.07 22.48 24.53 21.97 19.27 20.73 20.59 18.25 16.72 17.54 16.38 15.28 16.15 14.80 16.61 14.23 14.69 14.70 16.82 15.90 15.58 15.18
14.60 15.26 14.97 15.11 15.04 14.02 14.53 13.94 8.10 8.10 9.49 6.13 9.42 5.40 9.42 8.76 7.23 5.62 8.03 11.39 13.87 14.09 15.91 17.01 16.86 14.97 14.16 13.72 12.26 13.14 11.02 12.34 11.97 12.26 12.34 12.34 13.43 13.58 13.51 12.12 11.24 11.24 11.39 11.90 11.61 13.21 11.68 12.56 11.83 11.53 11.39 12.99 14.53 16.35 16.43 16.79 15.70 15.91 16.28 18.69 18.69 20.29 23.07 22.48 24.53 21.97 19.27 20.73 20.59 18.25 16.72 21.53 15.35 16.61 14.50 18.31 16.85 15.73 14.99 13.26 16.25 13.67 16.94 17.23
15.18 12.41 13.87 11.61 11.61 13.29 12.99 14.45 13.14 13.14 14.16 12.41 13.36 12.48 11.46 10.51 10.66 9.34 10.51 12.85 12.12 12.63 14.67 15.40 14.60 15.62 15.18 14.75 13.36 12.56 12.78 13.36 12.99 13.43 13.87 13.87 14.16 13.07 12.99 12.92 12.19 13.94 12.48 12.78 12.41 12.48 12.05 10.73 11.02 11.39 12.19 12.41 14.16 14.89 15.26 17.74 17.45 17.67 15.84 16.57 16.57 18.61 22.34 22.12 22.78 20.08 18.61 18.25 17.45 18.10 14.60 12.64 15.40 15.52 16.14 20.03 19.04 16.76 14.88 16.85 17.26 17.80 17.99 14.97
7.96 9.93 11.39 10.00 9.71 11.10 10.29 11.24 12.70 12.70 11.10 12.34 13.36 13.36 12.92 12.41 11.32 10.37 9.86 10.95 12.70 12.19 13.29 13.43 13.94 13.58 13.94 13.65 13.51 12.34 13.36 13.29 14.24 14.53 14.38 14.38 13.80 12.56 12.63 13.07 12.12 12.70 12.05 11.17 10.73 9.71 9.64 9.78 10.22 8.32 10.00 12.34 13.29 13.14 14.82 15.99 15.99 16.06 16.57 16.35 16.35 16.57 18.69 17.30 18.98 18.98 18.10 17.23 16.72 13.06 13.27 12.90 12.73 12.35 13.73 16.65 15.87 17.00 17.16 18.94 16.37 19.16 17.89 15.83
7.23 5.62 7.15 7.30 10.37 10.44 9.93 9.05 8.91 8.91 9.71 10.15 12.19 12.48 11.75 11.61 9.93 9.49 10.00 11.10 12.26 14.16 12.92 13.21 11.17 12.92 13.65 12.92 11.90 11.24 12.34 13.14 14.67 15.70 14.09 14.09 13.21 11.83 12.48 12.56 12.78 12.85 9.56 10.15 8.69 7.74 9.05 7.81 7.74 8.98 9.56 10.73 12.99 12.41 13.58 15.26 14.53 15.91 15.40 16.21 16.21 16.79 16.64 16.28 15.62 16.72 16.79 17.08 12.05 12.05 13.36 12.19 13.58 16.43 14.60 15.56 18.58 19.79 21.48 19.22 19.84 17.25 15.68 15.44
4.23 4.16 5.77 4.96 7.52 8.98 8.69 9.27 8.10 8.10 9.86 10.51 11.02 11.17 10.29 10.15 10.07 10.07 10.80 15.91 15.33 16.64 14.60 12.70 12.70 10.29 11.24 10.80 11.75 14.45 13.72 16.28 16.64 16.35 15.18 15.18 16.86 12.26 13.21 13.29 11.97 10.29 9.49 8.83 9.05 6.35 6.94 5.77 6.57 8.10 7.45 7.37 6.94 9.49 12.78 14.45 14.16 15.55 15.77 15.99 15.99 16.72 13.87 14.31 14.09 14.24 9.86 10.29 10.29 10.44 13.29 15.70 14.97 17.96 18.11 19.05 23.96 19.34 21.45 21.57 21.35 16.60 18.39 13.33
1.46 2.85 3.07 3.65 4.96 6.57 5.99 7.88 7.08 7.08 7.59 10.00 9.34 10.07 7.59 8.32 7.96 12.41 16.13 18.25 18.61 17.81 16.35 12.26 11.02 10.15 12.78 12.34 14.24 16.72 17.52 17.37 17.37 17.23 18.10 18.10 17.08 14.31 14.82 12.70 11.83 10.80 8.98 10.15 8.83 6.20 6.94 4.60 4.02 6.42 6.79 5.48 7.15 9.34 12.19 12.63 14.67 14.09 14.31 15.62 15.62 11.17 11.01 10.22 6.57 6.28 8.40 10.00 9.78 9.05 11.61 13.07 17.59 17.45 19.24 20.64 26.10 24.39 23.21 19.64 17.54 17.46 16.02 14.49
1.46 2.85 3.07 3.65 4.96 6.57 5.99 7.88 7.08 7.08 7.59 10.00 9.34 10.07 7.59 8.32 7.96 12.41 16.13 18.25 18.61 17.81 16.35 12.26 11.02 10.15 12.78 12.34 14.24 16.72 17.52 17.37 17.37 17.23 18.10 18.10 17.08 14.31 14.82 12.70 11.83 10.80 8.98 10.15 8.83 6.20 6.94 4.60 4.02 6.42 6.79 5.48 7.15 9.34 12.19 12.63 14.67 14.09 14.31 15.62 15.62 11.17 11.01 10.22 6.57 6.28 8.40 10.00 9.78 9.05 11.61 13.07 17.59 17.45 18.47 20.76 20.27 21.46 19.44 22.86 21.45 17.83 12.55 13.37
1.46 1.02 2.34 2.04 3.65 4.53 4.89 5.40 5.69 5.69 7.08 6.57 7.23 6.79 8.25 5.18 7.23 11.17 18.03 18.32 16.79 13.72 14.60 12.05 11.53 11.02 14.16 18.91 18.61 18.91 17.96 17.96 16.86 16.64 16.79 16.79 14.89 15.55 15.70 15.77 14.45 11.61 12.63 10.88 8.91 7.96 6.06 5.18 4.23 6.35 6.79 6.50 7.74 8.83 9.71 11.39 13.07 12.48 9.93 6.64 6.64 7.30 6.13 0.00 3.58 6.06 5.84 6.20 6.86 7.30 11.39 10.80 14.45 17.96 17.45 19.88 20.75 25.76 28.75 22.86 19.13 16.58 16.73 15.57
1.61 1.10 1.24 2.77 2.41 3.36 4.09 4.38 3.58 3.58 5.40 4.96 6.20 7.74 7.81 8.98 9.13 15.62 15.26 17.45 16.57 17.81 16.35 12.99 18.69 18.61 20.15 20.73 20.73 20.29 17.16 17.74 15.55 13.65 14.16 14.16 14.53 16.79 16.13 16.43 15.18 13.51 14.02 11.61 9.64 7.81 6.79 5.99 6.13 5.99 6.20 5.26 7.08 9.64 10.88 10.51 7.88 7.81 6.28 2.77 2.77 0.00 0.00 0.00 1.17 6.57 5.62 5.62 7.23 8.10 11.75 14.89 13.65 21.53 22.31 23.19 26.03 24.78 26.63 27.94 24.82 15.76 19.87 20.22
1.46 1.68 1.53 1.83 1.46 2.70 2.04 2.99 3.50 3.50 5.11 7.30 8.54 9.71 9.64 15.40 16.50 17.81 18.47 17.74 19.27 19.56 18.76 18.76 20.08 19.42 20.81 21.83 21.75 19.05 15.77 16.72 14.45 12.41 13.43 13.43 14.09 15.48 15.33 14.89 14.38 9.78 7.45 7.01 6.64 7.15 4.96 5.04 5.99 4.67 3.58 3.65 6.06 5.77 1.68 3.14 4.67 4.23 4.23 0.00 0.00 0.00 0.15 6.64 6.42 7.30 9.78 9.27 9.71 8.76 13.21 17.37 24.38 23.08 25.42 28.52 32.25 25.55 24.75 22.91 21.53 19.43 17.00 15.64
1.97 1.24 1.97 1.46 1.02 1.68 2.41 3.58 2.99 2.99 6.86 6.06 5.69 10.66 16.13 17.67 18.32 19.78 18.76 20.59 20.37 20.44 20.22 20.73 18.69 20.59 22.70 22.41 21.75 19.05 14.67 13.14 12.85 12.85 12.63 12.63 13.72 13.80 15.84 13.87 12.12 9.20 6.79 5.26 4.82 3.50 4.53 4.38 4.16 4.02 2.85 3.29 3.36 1.39 0.15 0.44 0.00 0.00 0.00 0.00 0.00 0.00 4.16 8.54 8.54 10.37 10.37 11.02 11.61 14.45 13.43 21.02 26.72 28.83 32.05 32.18 28.99 25.74 28.97 21.27 18.35 16.81 17.63 16.27
1.68 2.92 1.75 1.39 0.80 0.95 1.83 3.14 4.96 4.96 6.35 6.57 13.43 16.35 15.55 17.08 17.89 13.21 15.55 17.01 15.40 18.83 21.90 21.32 22.12 20.73 19.64 20.08 20.44 17.89 15.48 14.24 13.51 14.82 14.60 14.60 15.48 12.92 12.34 11.68 11.75 10.66 6.86 6.35 5.91 5.40 5.04 4.31 3.94 3.07 0.00 0.00 0.00 0.00 0.00 0.00 0.00 0.00 0.00 0.00 0.00 1.61 0.00 4.96 4.53 11.32 12.34 11.83 11.17 18.54 23.21 22.37 32.21 29.13 26.11 34.41 26.62 23.36 20.59 18.86 16.59 13.74 16.10 12.97
1.68 2.92 1.75 1.39 0.80 0.95 1.83 3.14 4.96 4.96 6.35 6.57 13.43 16.35 15.55 17.08 17.89 13.21 15.55 17.01 15.40 18.83 21.90 21.32 22.12 20.73 19.64 20.08 20.44 17.89 15.48 14.24 13.51 14.82 14.60 14.60 15.48 12.92 12.34 11.68 11.75 10.66 6.86 6.35 5.91 5.40 5.04 4.31 3.94 3.07 0.00 0.00 0.00 0.00 0.00 0.00 0.00 0.00 0.00 0.00 0.00 1.61 0.00 4.96 4.53 11.32 12.34 11.83 11.17 18.54 23.33 22.13 29.12 32.45 27.86 40.15 30.89 22.61 21.51 18.33 17.54 16.30 14.70 11.01
1.46 1.75 2.56 0.88 0.29 1.97 2.85 4.38 5.55 5.55 10.00 8.40 10.29 11.02 8.54 9.20 10.15 9.86 12.19 10.07 12.78 15.62 16.21 15.62 16.94 17.96 18.32 17.52 15.40 14.53 14.53 14.53 12.56 13.51 13.29 13.29 9.34 10.80 11.10 10.44 7.15 6.50 5.48 5.33 5.77 5.62 5.69 4.31 2.92 0.00 0.00 0.00 0.00 0.00 0.00 0.00 0.00 0.00 0.00 0.00 0.00 0.00 0.00 2.70 1.46 10.51 13.51 19.27 14.16 20.65 25.44 28.17 33.66 36.60 33.47 27.06 31.10 23.70 22.14 18.12 13.33 14.82 6.93 1.62
1.39 2.56 2.26 0.51 1.31 2.19 2.99 3.94 7.30 7.30 7.88 8.83 9.56 6.35 7.96 7.30 7.96 8.18 9.05 9.78 9.49 12.85 13.51 10.51 13.14 9.05 10.73 11.68 11.68 11.61 8.10 8.69 8.47 11.17 10.73 10.73 10.88 8.18 8.40 4.53 4.45 5.18 5.11 2.77 4.23 5.40 5.04 5.11 5.62 0.00 0.00 0.00 0.00 0.00 0.00 0.00 0.00 0.00 0.00 0.00 0.00 0.00 0.00 3.80 10.88 9.42 15.11 21.53 24.53 23.00 28.47 29.58 31.85 39.56 33.08 25.00 26.28 20.67 19.61 21.09 12.17 12.91 5.47 0.53
2.77 2.34 2.70 2.63 0.95 2.04 1.83 3.65 4.23 4.23 6.79 6.79 4.16 4.31 4.89 6.50 5.91 6.72 6.79 6.50 5.33 5.40 9.20 10.15 7.23 7.08 8.25 8.98 9.42 6.94 6.13 6.57 5.62 5.11 5.55 5.55 7.37 4.31 4.38 4.60 3.50 4.16 1.68 0.00 1.46 2.41 0.00 3.50 3.21 0.00 0.00 0.00 0.00 0.00 0.00 0.00 0.00 0.00 0.00 0.00 0.00 0.00 0.00 3.65 9.93 15.18 14.02 20.00 26.28 29.42 28.69 30.96 31.34 28.04 21.74 25.67 24.93 26.53 20.56 21.74 12.39 4.81 5.15 0.16
2.92 3.50 2.77 2.19 1.75 2.34 2.34 4.02 4.60 4.60 2.77 3.58 2.99 3.80 4.60 5.55 5.26 6.35 5.77 5.33 5.11 5.18 6.50 6.79 8.25 7.96 9.49 7.96 7.59 7.59 5.55 5.99 5.62 5.55 5.48 5.48 5.40 5.33 4.23 4.96 3.58 0.51 1.61 0.00 0.00 0.00 0.00 0.00 0.00 0.00 2.04 3.29 1.17 0.00 0.00 0.00 0.00 0.00 0.00 0.00 0.00 0.00 2.34 1.46 7.88 14.89 21.83 25.70 23.73 28.62 29.86 30.08 33.52 29.62 24.37 23.24 22.15 25.06 19.29 11.90 13.85 6.78 0.60 0.00
3.29 3.21 2.12 2.04 1.75 2.19 2.26 4.67 5.40 5.40 0.00 0.00 0.00 3.14 3.80 4.31 4.38 5.04 5.40 5.33 5.62 6.72 8.18 8.69 8.83 9.64 9.20 8.83 6.72 5.91 5.77 5.69 6.06 6.20 5.84 5.84 5.18 6.28 5.62 5.62 3.72 3.50 4.02 1.68 0.00 0.58 0.00 0.00 0.00 0.00 1.10 0.00 0.00 0.00 0.00 0.00 0.00 0.00 0.00 0.00 0.00 0.00 2.70 6.64 5.04 13.21 12.12 21.53 23.07 22.41 28.54 22.41 21.01 21.17 17.85 17.38 21.55 19.68 17.43 13.53 5.95 7.08 1.17 0.00
4.16 2.48 0.00 0.00 1.53 0.00 0.00 0.58 1.83 1.83 0.00 0.00 0.00 0.00 3.07 3.72 3.07 4.53 4.23 4.38 6.50 6.35 6.94 9.13 7.01 8.03 8.25 8.10 5.11 4.96 4.67 6.28 5.99 5.84 5.69 5.69 5.40 5.91 5.91 6.20 4.89 3.87 5.62 4.60 2.34 3.07 1.97 0.37 0.00 0.00 0.00 0.00 0.00 0.00 0.00 0.00 0.00 0.00 0.00 0.00 0.00 0.00 0.00 2.77 0.00 7.59 5.99 16.43 19.93 16.79 24.97 20.91 14.45 15.34 15.85 11.32 17.61 12.35 11.56 6.95 6.20 1.61 2.67 0.00
4.16 2.48 0.00 0.00 1.53 0.00 0.00 0.58 1.83 1.83 0.00 0.00 0.00 0.00 3.07 3.72 3.07 4.53 4.23 4.38 6.50 6.35 6.94 9.13 7.01 8.03 8.25 8.10 5.11 4.96 4.67 6.28 5.99 5.84 5.69 5.69 5.40 5.91 5.91 6.20 4.89 3.87 5.62 4.60 2.34 3.07 1.97 0.37 0.00 0.00 0.00 0.00 0.00 0.00 0.00 0.00 0.00 0.00 0.00 0.00 0.00 0.00 0.00 2.77 0.00 7.59 5.99 16.43 19.93 16.79 24.97 20.81 14.23 15.11 15.85 11.83 15.69 11.86 11.29 7.30 6.08 1.69 2.67 0.00
0.00 0.00 0.00 0.00 0.00 0.00 0.00 0.00 0.00 0.00 0.00 0.00 0.00 0.00 0.00 0.00 2.34 3.14 2.34 3.29 3.65 5.48 3.87 3.36 4.74 5.62 6.72 5.84 5.77 4.89 6.50 8.40 6.94 5.69 7.30 7.30 7.08 7.30 6.94 5.84 6.57 6.50 6.79 4.53 7.96 5.69 3.65 3.21 1.83 0.00 0.00 0.00 0.00 0.00 0.00 0.00 0.00 0.00 0.00 0.00 0.00 0.00 0.00 0.00 0.00 3.72 6.79 5.18 13.43 9.56 15.62 16.28 11.68 10.54 6.16 5.40 3.23 6.47 2.87 0.89 1.11 0.52 0.00 0.00
