Wansh/Snow_depth/snowdepth-1998/winter/1999006.txt
ncols 321
nrows 161
xllcenter 60
yllcenter 15 
cellsize  0.25 
NODATA_value -1
[rows 0 to 36 of 161, columns 84 to 167 of 321]
9.20 9.71 9.05 9.56 8.69 8.40 8.40 8.61 5.33 8.03 7.23 7.96 6.94 6.94 7.59 10.59 7.01 7.45 7.45 8.69 7.59 8.47 6.57 6.20 1.97 3.21 0.80 0.29 0.66 0.22 2.48 3.29 4.09 4.09 4.53 4.82 3.36 4.67 4.16 5.04 3.87 3.50 6.79 6.79 3.07 3.94 4.45 3.14 2.92 3.80 3.65 7.01 6.72 5.91 5.62 8.98 9.71 5.33 5.48 5.48 2.99 3.29 2.70 2.77 3.07 4.31 2.26 3.94 3.94 3.65 6.20 11.02 10.07 13.07 12.41 12.63 12.48 15.84 15.84 15.70 13.36 12.19 10.51 10.88
9.56 8.69 7.59 8.54 9.13 7.08 2.63 1.90 3.72 3.87 4.96 6.06 4.74 4.74 3.14 4.02 3.80 6.57 6.57 4.96 6.50 7.74 7.52 7.37 5.62 2.99 0.22 1.10 0.00 0.00 0.00 2.34 2.56 2.70 2.41 2.41 2.77 2.19 1.97 2.04 5.91 8.76 7.88 7.88 8.76 6.28 6.42 5.77 3.14 3.14 1.97 1.61 3.87 3.87 3.72 4.53 5.48 5.18 5.77 5.77 6.86 7.96 4.60 4.60 4.60 5.40 7.08 6.72 6.72 9.42 10.66 10.51 12.92 14.53 14.67 15.11 14.89 17.37 17.30 17.81 14.67 15.62 13.21 11.24
7.74 5.48 5.40 0.00 0.00 1.10 0.00 1.17 3.80 3.65 3.94 3.87 3.29 3.21 1.75 1.90 1.97 3.50 3.50 2.99 5.62 5.91 6.42 5.99 6.13 2.48 2.63 0.80 1.10 0.22 0.00 0.95 0.73 1.39 2.85 2.92 3.29 3.07 5.69 7.23 7.23 5.26 7.30 7.30 7.08 9.20 7.52 7.74 5.33 3.21 1.02 0.80 1.39 1.17 3.80 3.58 4.74 5.77 5.62 8.25 8.03 9.71 10.51 10.88 11.61 13.29 9.64 11.24 11.24 11.02 11.53 11.90 11.61 14.67 18.83 18.18 20.29 20.29 20.29 19.49 19.71 19.64 20.08 17.45
7.74 5.48 5.40 0.00 0.00 1.10 0.00 1.17 3.80 3.65 3.94 3.87 3.29 3.21 1.75 1.90 1.97 3.50 3.50 2.99 5.62 5.91 6.42 5.99 6.13 2.48 2.63 0.80 1.10 0.22 0.00 0.95 0.73 1.39 2.85 2.92 3.29 3.07 5.69 7.23 7.23 5.26 7.30 7.30 7.08 9.20 7.52 7.74 5.33 3.21 1.02 0.80 1.39 1.17 3.80 3.58 4.74 5.77 5.62 8.25 8.03 9.71 10.51 10.88 11.61 13.29 9.64 11.24 11.24 11.02 11.53 11.90 11.61 14.67 18.83 18.18 20.29 20.29 20.29 19.49 19.71 19.64 20.08 17.45
4.38 3.72 3.87 0.00 0.00 0.00 2.99 0.00 0.00 3.72 3.58 3.07 2.99 2.85 2.48 2.19 3.14 3.87 3.87 2.48 3.58 2.99 5.33 5.18 5.40 5.18 3.94 1.10 0.07 0.44 0.00 1.17 3.43 2.70 4.45 5.18 5.11 6.06 3.65 3.58 3.65 4.02 2.85 2.85 8.47 7.96 7.66 6.79 7.23 4.53 2.99 1.90 1.61 1.61 1.24 2.34 2.92 4.09 5.77 4.89 7.81 9.86 10.73 12.85 12.48 14.82 14.60 14.97 14.97 12.99 11.75 12.05 11.61 11.24 14.02 11.46 17.59 18.98 13.14 14.24 13.87 16.79 19.35 18.83
0.00 0.00 0.00 0.00 0.00 2.41 0.58 1.61 2.56 1.75 3.07 3.80 0.00 5.69 6.13 7.08 7.08 4.89 4.89 4.23 5.55 2.70 4.02 4.60 4.82 2.99 1.61 1.75 1.61 0.73 1.83 1.83 2.92 3.94 3.87 4.23 2.41 2.99 0.51 0.00 0.00 2.34 2.04 2.04 2.56 6.13 8.25 7.37 5.69 6.79 3.58 2.77 2.99 1.31 2.56 2.41 3.43 4.38 4.31 7.30 6.79 9.49 12.41 11.61 15.26 14.02 15.04 12.34 12.34 12.85 11.46 11.17 10.80 11.10 9.64 9.78 9.86 10.00 9.78 11.83 14.24 13.51 17.45 20.00
5.18 0.00 0.00 0.00 0.00 2.26 2.99 1.83 2.19 2.63 2.85 2.63 4.02 6.13 7.45 8.47 9.20 10.07 10.07 10.07 7.66 5.18 5.48 2.85 3.80 2.85 1.53 1.61 1.68 1.02 2.34 1.46 2.99 3.50 3.94 4.16 2.41 0.15 0.95 0.00 0.95 0.88 3.07 3.07 5.04 4.02 6.72 5.04 5.55 3.65 3.72 2.56 2.12 2.63 3.14 4.23 3.94 5.26 7.23 7.23 9.20 8.32 11.68 14.67 14.16 14.53 12.41 12.78 12.78 11.61 11.83 11.61 12.85 12.92 13.14 11.32 10.59 10.73 9.64 8.98 8.91 10.59 14.82 14.09
5.18 0.00 0.00 0.00 0.00 2.26 2.99 1.83 2.19 2.63 2.85 2.63 4.02 6.13 7.45 8.47 9.20 10.07 10.07 10.07 7.66 5.18 5.48 2.85 3.80 2.85 1.53 1.61 1.68 1.02 2.34 1.46 2.99 3.50 3.94 4.16 2.41 0.15 0.95 0.00 0.95 0.88 3.07 3.07 5.04 4.02 6.72 5.04 5.55 3.65 3.72 2.56 2.12 2.63 3.14 4.23 3.94 5.26 7.23 7.23 9.20 8.32 11.68 14.67 14.16 14.53 12.41 12.78 12.78 11.61 11.83 11.61 12.85 12.92 13.14 11.32 10.59 10.73 9.64 8.98 8.91 10.59 14.82 14.09
5.91 5.40 0.00 0.00 2.70 2.92 2.34 2.19 2.41 2.19 3.58 3.07 3.58 4.16 6.64 8.76 8.40 8.10 8.10 8.10 8.10 8.25 5.55 3.87 1.97 1.83 1.75 2.04 2.92 3.07 2.77 3.14 3.80 3.43 6.06 4.96 5.33 1.83 2.70 3.21 2.12 2.70 2.48 2.48 3.43 3.94 3.94 3.21 3.14 3.29 4.82 4.53 3.36 4.16 3.94 7.01 7.23 5.99 7.74 9.42 9.20 10.07 11.02 10.95 11.46 11.83 13.36 11.10 11.10 11.24 11.17 12.63 12.34 12.85 11.90 12.12 11.32 11.61 11.75 10.51 9.78 9.05 10.59 9.78
0.00 0.00 0.00 0.00 0.00 0.00 0.00 0.00 0.00 0.00 4.53 4.82 5.40 7.01 6.64 8.03 7.88 8.25 8.25 7.96 7.81 8.25 7.59 4.23 2.56 2.70 2.48 3.07 3.36 2.99 3.43 3.50 4.16 3.50 4.96 4.89 3.94 4.23 4.23 3.80 3.94 2.92 3.87 3.87 4.02 3.87 3.50 3.36 6.50 6.42 6.13 7.96 10.15 10.22 8.76 8.83 9.20 9.49 9.64 10.29 9.71 9.71 9.93 10.37 10.07 11.24 11.75 11.61 11.61 12.56 12.34 12.48 13.36 14.97 14.82 16.21 18.69 18.32 18.03 14.24 14.24 10.95 8.69 10.95
0.00 0.00 0.00 0.00 0.00 0.00 0.00 5.40 5.26 4.82 5.18 5.69 5.77 8.25 9.05 9.42 8.47 8.10 8.10 8.47 9.86 7.37 3.80 4.23 3.29 3.94 3.36 3.29 2.92 2.85 3.07 2.99 3.72 4.45 4.16 5.91 5.48 7.45 7.23 4.45 7.52 6.86 5.48 5.48 6.28 6.72 5.11 7.45 7.01 11.10 15.62 10.15 12.34 11.32 11.90 11.32 10.07 10.59 11.75 11.83 11.68 10.29 10.07 10.07 11.02 11.17 12.26 13.87 13.87 13.58 13.94 13.94 13.72 15.70 18.40 17.96 20.29 20.95 20.66 18.47 15.48 12.26 12.12 11.39
0.00 0.00 0.00 0.00 0.00 0.00 0.00 5.40 5.26 4.82 5.18 5.69 5.77 8.25 9.05 9.42 8.47 8.10 8.10 8.47 9.86 7.37 3.80 4.23 3.29 3.94 3.36 3.29 2.92 2.85 3.07 2.99 3.72 4.45 4.16 5.91 5.48 7.45 7.23 4.45 7.52 6.86 5.48 5.48 6.28 6.72 5.11 7.45 7.01 11.10 15.62 10.15 12.34 11.32 11.90 11.32 10.07 10.59 11.75 11.83 11.68 10.29 10.07 10.07 11.02 11.17 12.26 13.87 13.87 13.58 13.94 13.94 13.72 15.70 18.40 17.96 20.29 20.95 20.66 18.47 15.48 12.26 12.12 11.39
0.00 4.60 0.00 0.00 4.38 0.00 6.50 6.13 6.64 6.50 6.35 6.20 6.94 9.56 10.22 10.88 11.32 11.39 11.39 9.64 10.07 8.47 6.35 5.33 5.62 4.16 3.07 2.77 2.77 2.70 5.04 4.89 4.31 7.81 7.15 10.73 9.86 9.34 10.15 10.07 9.71 10.44 10.51 10.51 7.23 8.03 8.54 9.13 12.78 11.97 17.16 18.03 16.72 13.14 12.56 12.48 15.48 15.77 14.02 13.07 13.58 11.46 11.17 11.53 11.39 11.83 12.85 12.63 12.63 15.11 17.16 17.01 17.59 18.98 18.91 21.32 23.73 20.73 23.07 17.89 14.45 15.18 13.51 13.14
4.23 4.23 4.45 4.02 4.74 5.26 6.13 5.62 5.77 6.57 6.57 10.07 7.52 13.07 12.99 12.78 11.83 12.12 12.12 10.59 9.71 9.78 7.08 5.77 4.96 3.21 3.36 3.29 5.69 7.45 6.35 12.92 11.61 12.19 9.78 13.36 12.19 11.32 10.88 10.59 10.07 11.02 12.85 12.85 13.58 11.68 15.62 15.91 17.59 17.52 17.16 17.81 18.18 17.81 17.16 17.81 17.59 16.57 12.56 13.58 10.00 10.80 11.46 12.70 12.05 12.12 13.07 14.53 14.53 14.09 17.01 18.47 18.25 19.56 20.15 17.74 20.37 18.10 6.86 13.51 11.61 14.24 11.83 11.97
5.62 5.55 5.04 5.62 5.18 5.18 5.48 5.91 5.26 7.88 7.66 8.18 10.22 11.75 12.19 12.48 10.51 10.73 10.73 10.95 10.07 9.27 8.40 8.69 5.77 7.66 6.42 6.28 6.64 12.34 14.45 13.65 15.48 14.09 14.16 14.16 10.07 10.95 10.80 12.12 17.89 17.01 17.67 17.67 19.27 19.64 18.32 17.81 18.25 17.08 18.54 18.40 19.78 24.53 23.00 27.96 25.33 22.41 13.36 9.20 9.56 9.13 9.86 9.05 10.44 12.05 12.92 12.63 12.63 14.45 17.16 16.50 18.40 16.94 17.52 16.57 10.00 0.00 0.00 7.45 14.09 15.84 13.65 13.07
5.18 5.91 6.20 6.06 4.23 5.11 4.74 3.21 4.09 6.64 6.64 8.69 8.61 8.25 8.32 9.20 10.88 10.29 10.29 10.59 10.29 8.98 8.61 8.18 8.76 8.32 8.25 10.29 12.41 12.05 14.02 15.18 15.40 13.58 10.80 11.32 10.15 12.05 16.06 14.09 18.69 17.30 18.03 18.03 17.89 13.80 13.72 13.58 15.91 15.26 17.23 15.04 19.13 20.88 25.40 24.82 24.45 16.13 9.42 10.29 8.98 7.66 8.47 9.42 10.73 10.15 13.29 14.60 14.60 14.38 16.43 17.89 17.74 17.16 15.11 13.14 13.87 9.27 0.00 10.37 6.72 17.37 14.24 14.16
5.18 5.91 6.20 6.06 4.23 5.11 4.74 3.21 4.09 6.64 6.64 8.69 8.61 8.25 8.32 9.20 10.88 10.29 10.29 10.59 10.29 8.98 8.61 8.18 8.76 8.32 8.25 10.29 12.41 12.05 14.02 15.18 15.40 13.58 10.80 11.32 10.15 12.05 16.06 14.09 18.69 17.30 18.03 18.03 17.89 13.80 13.72 13.58 15.91 15.26 17.23 15.04 19.13 20.88 25.40 24.82 24.45 16.13 9.42 10.29 8.98 7.66 8.47 9.42 10.73 10.15 13.29 14.60 14.60 14.38 16.43 17.89 17.74 17.16 15.11 13.14 13.87 9.27 0.00 10.37 6.72 17.37 14.24 14.16
7.37 7.52 7.30 6.72 6.79 5.11 2.85 3.43 3.58 2.99 5.77 8.76 9.20 9.20 9.42 8.54 9.56 8.61 8.61 8.10 8.18 7.96 7.30 8.47 8.98 10.59 10.44 10.95 14.16 14.16 13.94 14.45 13.80 14.60 10.95 8.91 9.93 10.07 13.65 12.34 17.67 15.11 11.10 11.10 11.68 12.19 13.21 12.70 10.37 15.04 14.89 14.31 13.29 13.58 13.43 17.96 14.24 15.40 10.00 10.29 10.00 12.99 13.94 14.09 13.80 14.53 16.28 15.91 15.91 18.69 19.20 19.78 16.35 14.16 11.68 13.07 8.61 0.00 0.00 0.00 8.69 9.86 11.83 10.95
7.52 6.94 7.01 7.15 7.01 5.77 3.80 3.21 3.29 2.85 7.74 9.86 11.61 9.42 9.64 9.93 9.86 9.71 9.71 10.66 9.56 8.03 8.25 7.23 9.86 12.12 11.53 12.99 15.33 15.18 16.79 16.94 16.94 15.62 17.01 12.26 8.69 9.64 9.86 8.91 6.94 11.61 10.15 10.15 9.56 9.13 10.22 6.79 7.37 7.08 13.21 12.56 12.92 11.53 11.39 10.88 12.48 15.70 12.34 13.72 16.72 16.06 17.23 16.35 16.50 16.57 17.74 20.66 20.66 20.08 21.61 17.23 18.32 15.26 11.10 5.62 1.90 3.07 1.90 5.99 4.16 5.91 5.55 7.45
5.77 5.84 6.35 7.59 9.34 7.59 8.10 4.23 3.94 3.72 4.45 8.03 8.69 7.96 7.96 9.86 10.51 10.88 10.88 10.88 10.37 9.05 9.93 11.10 10.37 13.36 15.62 15.91 16.06 11.61 15.33 13.36 13.29 17.45 12.34 7.37 8.83 3.14 4.09 4.74 3.58 5.18 8.98 8.98 9.05 7.66 8.25 3.87 7.01 10.80 10.44 10.00 8.47 9.27 9.56 12.56 11.53 17.45 20.73 20.08 23.51 24.09 23.94 20.44 21.68 21.90 19.49 24.09 24.09 21.75 14.16 15.91 9.64 7.08 5.11 6.28 1.31 0.15 2.19 2.99 3.21 4.96 5.77 5.04
6.35 5.99 8.03 9.78 10.66 8.69 9.93 7.66 7.15 7.23 7.59 7.59 8.10 7.45 9.20 8.40 9.13 10.22 10.22 10.66 10.37 10.44 11.17 12.34 13.51 13.14 15.04 14.24 10.73 11.53 9.13 9.78 10.51 14.31 10.29 2.77 2.56 3.21 0.00 1.46 0.88 3.65 4.31 4.31 7.08 7.96 5.40 5.99 6.35 10.00 9.49 9.56 9.13 8.32 8.40 11.10 16.64 15.48 19.86 23.36 23.51 23.73 23.00 22.85 23.07 22.48 22.05 19.64 19.64 20.81 12.19 7.37 8.18 5.40 3.87 0.80 0.66 0.66 1.24 2.34 1.68 3.07 5.11 4.74
5.99 9.05 8.69 9.71 11.32 10.00 10.15 8.47 8.10 9.42 9.42 13.80 11.68 11.75 11.90 9.13 8.98 12.56 12.56 12.26 12.12 11.61 14.24 14.09 15.62 18.10 16.28 16.13 14.45 9.71 10.88 7.59 8.76 4.82 9.27 1.97 0.29 0.00 0.00 0.00 2.99 3.21 1.61 1.61 0.00 7.01 4.89 4.38 3.50 3.72 7.30 8.25 8.32 7.66 10.00 13.80 12.99 12.48 10.59 19.49 20.66 20.44 20.59 20.81 21.32 21.17 20.73 17.01 17.01 12.34 9.34 10.07 4.60 3.14 1.10 1.61 0.66 0.58 0.29 0.66 0.29 1.61 0.88 2.77
5.99 9.05 8.69 9.71 11.32 10.00 10.15 8.47 8.10 9.42 9.42 13.80 11.68 11.75 11.90 9.13 8.98 12.56 12.56 12.26 12.12 11.61 14.24 14.09 15.62 18.10 16.28 16.13 14.45 9.71 10.88 7.59 8.76 4.82 9.27 1.97 0.29 0.00 0.00 0.00 2.99 3.21 1.61 1.61 0.00 7.01 4.89 4.38 3.50 3.72 7.30 8.25 8.32 7.66 10.00 13.80 12.99 12.48 10.59 19.49 20.66 20.44 20.59 20.81 21.32 21.17 20.73 17.01 17.01 12.34 9.34 10.07 4.60 3.14 1.10 1.61 0.66 0.58 0.29 0.66 0.29 1.61 0.88 2.77
8.40 8.69 10.29 11.17 10.37 9.93 9.93 10.15 10.15 11.46 13.43 13.43 13.72 14.16 15.70 15.04 15.18 14.38 14.38 13.94 15.40 15.77 15.84 15.55 16.79 18.54 15.40 14.09 14.89 10.44 6.72 5.84 6.35 3.36 2.41 2.99 0.88 0.00 0.00 0.00 2.34 1.61 1.75 1.75 0.00 0.00 0.00 0.00 0.00 0.00 0.00 0.00 0.00 4.16 6.06 9.86 9.56 10.22 5.99 7.15 6.28 9.56 11.68 16.72 15.62 18.61 13.94 12.63 12.63 12.78 12.26 7.74 9.34 4.31 2.85 2.19 1.02 0.73 0.95 0.29 0.15 0.22 0.73 0.00
8.83 9.13 8.83 8.76 9.71 9.64 9.34 11.68 12.41 13.07 14.53 12.92 13.72 14.09 14.89 15.26 15.11 14.67 14.67 15.04 14.89 15.91 16.57 16.83 16.65 18.55 14.89 14.45 13.58 13.87 8.25 6.28 3.43 3.58 1.97 0.58 0.95 0.58 0.00 1.83 1.75 1.10 0.00 0.00 0.00 0.00 0.00 0.00 0.00 0.00 0.00 0.00 0.00 0.00 0.00 4.82 4.45 2.41 2.92 3.43 6.57 8.76 8.10 14.09 16.72 16.28 15.40 10.73 10.73 10.66 12.19 13.94 10.44 5.04 2.77 3.29 1.39 2.85 1.17 0.22 0.00 0.00 0.00 0.00
8.76 8.40 8.47 10.73 12.70 11.61 13.43 14.60 16.13 15.33 15.70 13.36 13.21 12.99 13.43 12.70 11.68 13.65 13.65 14.31 15.40 15.11 16.50 17.23 19.35 16.54 17.41 17.76 15.55 16.79 12.12 8.10 8.10 2.56 3.07 1.61 1.02 0.95 0.88 2.04 1.10 1.31 0.73 0.73 0.00 0.00 0.00 0.00 0.00 0.00 0.00 0.00 0.00 0.00 0.00 0.00 0.00 0.00 0.00 0.00 2.63 3.80 4.38 5.55 11.53 5.69 10.00 11.83 11.83 11.75 10.95 9.78 6.86 7.66 5.33 6.28 4.02 2.92 3.36 2.56 2.41 0.22 0.00 0.00
9.93 10.00 9.71 12.92 12.99 14.16 13.21 14.89 7.59 4.89 7.23 7.59 8.54 2.99 10.07 8.69 10.66 12.41 12.41 11.97 13.65 14.53 15.05 14.68 16.26 15.21 17.54 17.03 18.44 16.54 10.51 11.02 12.92 5.84 4.23 5.69 4.74 2.04 1.24 1.39 0.66 0.00 0.00 0.00 0.00 0.00 0.00 0.00 0.00 0.00 0.00 0.00 0.00 0.00 0.00 0.00 0.00 0.00 0.00 0.00 3.72 3.21 3.72 4.96 4.96 5.18 6.79 13.51 13.51 13.14 13.43 11.39 10.88 8.18 8.03 8.10 5.55 6.50 4.09 2.99 2.85 0.00 0.00 0.00
12.41 11.97 13.58 14.09 13.80 11.90 12.85 11.24 8.10 4.02 0.00 0.00 0.00 0.00 4.82 10.51 12.78 11.61 11.61 13.30 11.80 9.49 12.57 11.17 13.49 13.14 17.61 20.07 19.02 17.18 18.27 15.77 16.35 14.38 9.20 8.03 9.13 3.29 1.10 0.15 0.29 0.00 0.00 0.00 0.00 0.00 0.00 0.00 0.00 0.00 0.00 0.00 0.00 0.00 0.00 0.00 0.00 0.00 0.00 0.00 0.00 4.09 4.02 4.82 6.64 10.88 12.63 14.16 14.16 14.09 14.09 10.66 7.37 7.96 7.66 6.42 6.42 4.31 3.94 2.99 1.83 0.58 1.17 0.00
12.41 11.97 13.58 14.09 13.80 11.90 12.85 11.24 8.10 4.02 0.00 0.00 0.00 0.00 4.82 10.51 12.78 11.61 11.67 13.73 11.98 10.16 12.25 11.46 13.29 13.14 17.08 18.66 17.77 17.45 18.45 16.43 18.37 15.22 9.43 8.03 9.13 3.29 1.10 0.15 0.29 0.00 0.00 0.00 0.00 0.00 0.00 0.00 0.00 0.00 0.00 0.00 0.00 0.00 0.00 0.00 0.00 0.00 0.00 0.00 0.00 4.09 4.02 4.82 6.64 10.88 12.63 14.16 14.16 14.09 14.09 10.66 7.37 7.96 7.66 6.42 6.42 4.31 3.94 2.99 1.83 0.58 1.17 0.00
12.05 11.61 14.45 11.90 12.78 13.43 13.72 11.61 11.02 6.50 12.26 7.96 4.09 0.00 8.91 15.77 16.13 15.11 15.11 15.40 13.80 9.56 7.12 4.82 10.48 10.62 8.11 15.99 16.28 18.56 18.80 18.46 18.00 18.87 16.63 11.73 8.85 10.73 3.36 0.37 1.61 1.46 0.22 0.22 0.00 0.00 0.00 0.37 0.00 0.00 0.00 0.00 0.00 0.00 0.00 0.00 0.00 0.00 0.00 0.00 0.00 0.00 2.63 7.52 12.41 11.75 11.24 13.14 13.14 11.75 12.34 10.07 5.91 4.31 5.26 4.60 4.31 3.65 3.72 2.34 2.41 1.61 0.29 0.37
11.32 11.10 10.73 9.78 10.00 8.47 10.88 10.88 11.17 14.31 13.21 13.51 9.78 12.12 10.88 14.97 18.40 14.24 14.24 13.57 8.91 10.20 5.77 0.00 0.00 3.78 0.00 11.88 12.59 18.43 18.76 18.91 16.64 18.63 19.66 16.49 13.49 10.93 11.53 4.38 3.50 2.04 2.99 2.99 0.00 0.00 0.00 0.00 0.51 0.00 0.00 0.00 0.00 0.00 0.00 0.00 0.00 0.00 0.00 0.00 0.00 0.00 0.00 4.23 11.39 12.41 8.32 11.61 11.61 8.83 6.35 4.60 3.72 3.87 3.36 3.72 4.38 3.58 3.50 2.63 3.21 0.58 1.46 0.07
10.29 8.91 9.71 9.05 8.10 7.88 8.69 9.34 10.88 10.29 9.71 7.88 8.25 8.54 8.25 11.83 9.78 10.59 10.59 9.49 4.96 4.45 5.11 3.87 0.00 0.00 0.00 9.66 8.96 13.75 18.91 18.83 18.54 18.54 18.67 19.49 16.93 13.21 13.51 12.78 8.03 5.26 2.48 2.48 3.29 0.00 0.00 0.00 0.00 0.37 0.00 0.00 0.00 0.00 0.00 0.00 0.00 0.00 0.00 0.00 0.00 0.00 0.00 6.13 7.88 8.18 6.20 7.08 7.08 6.86 7.37 4.31 1.46 0.00 1.90 2.34 4.09 4.60 6.06 4.53 6.28 3.87 1.83 0.22
7.15 7.45 7.15 8.69 7.88 8.47 9.56 8.98 10.15 11.39 12.92 11.17 8.76 8.83 8.10 7.81 5.91 7.01 7.01 3.94 3.36 4.16 3.94 0.00 0.00 0.00 0.00 7.19 10.51 8.69 16.13 17.16 17.89 19.27 20.08 20.81 18.82 17.63 15.79 15.12 12.34 10.15 4.60 4.60 3.21 2.56 2.70 0.00 0.51 0.00 1.10 0.00 0.00 0.00 0.00 0.00 0.00 0.07 0.00 0.37 0.00 0.00 0.00 3.65 6.13 5.33 5.48 5.62 5.62 5.04 0.00 1.39 0.00 1.10 0.73 0.07 2.70 5.04 6.42 6.57 5.91 5.33 5.33 2.92
7.08 3.36 6.64 6.42 7.81 6.94 9.05 9.05 10.84 10.22 12.48 12.70 11.10 8.10 6.28 5.40 1.68 2.12 2.12 3.21 3.21 2.04 3.50 0.00 2.99 2.92 0.00 0.00 7.01 8.54 7.59 13.43 14.02 14.97 19.64 20.51 17.59 17.59 18.08 17.00 14.75 12.05 9.56 9.56 5.69 4.89 4.96 5.33 4.53 0.73 0.00 0.00 0.00 0.00 0.00 0.00 0.00 0.00 0.00 0.00 1.17 0.00 0.00 0.00 2.34 2.56 0.00 1.90 1.90 0.00 0.00 0.00 0.00 0.22 1.46 0.80 1.97 4.23 4.23 5.33 3.72 4.96 5.77 3.87
4.16 5.62 5.26 6.64 5.18 6.06 9.34 10.88 10.11 8.03 6.13 7.01 5.69 6.35 5.33 3.36 0.95 0.00 0.00 0.00 0.00 0.00 2.63 0.00 0.00 0.00 0.00 0.00 0.00 6.58 7.34 7.19 11.97 11.90 15.77 16.13 15.33 16.15 17.89 18.25 16.15 11.10 10.66 10.66 10.66 9.42 8.03 8.18 8.91 9.64 5.69 3.43 0.80 0.29 0.00 0.00 0.00 0.00 0.00 0.95 1.68 1.61 1.24 0.88 1.46 0.00 0.00 0.00 0.00 0.00 0.00 0.00 0.00 0.00 0.00 0.44 0.00 1.24 0.00 1.97 4.02 2.12 3.87 1.24
4.16 5.62 5.26 6.64 5.18 6.06 9.34 10.88 9.86 8.03 6.13 7.01 5.69 6.35 5.33 3.36 0.95 0.00 0.00 0.00 0.00 0.00 2.63 0.00 0.00 0.00 0.00 0.00 0.00 6.35 7.08 7.15 11.61 11.90 15.85 16.21 15.33 16.07 18.07 18.25 15.99 11.10 10.66 10.66 10.66 9.42 8.03 8.18 8.91 9.64 5.69 3.43 0.80 0.29 0.00 0.00 0.00 0.00 0.00 0.95 1.68 1.61 1.24 0.88 1.46 0.00 0.00 0.00 0.00 0.00 0.00 0.00 0.00 0.00 0.00 0.44 0.00 1.24 0.00 1.97 4.02 2.12 3.87 1.24
9.05 4.38 3.72 4.38 3.58 7.01 11.61 12.30 10.01 6.86 7.52 6.35 5.40 3.21 1.39 0.00 0.00 0.00 0.00 0.00 0.00 0.00 0.00 0.00 0.00 0.00 0.00 0.00 0.00 5.18 6.72 8.47 9.93 9.78 9.71 12.05 13.21 11.83 12.99 13.94 9.42 10.29 7.96 7.96 9.34 9.86 11.24 11.83 12.41 9.20 10.07 7.66 4.02 0.00 1.53 0.00 0.00 0.00 0.00 0.00 1.31 0.80 0.00 0.15 0.88 1.17 0.22 0.00 0.00 0.00 0.00 0.00 0.00 0.00 0.00 0.00 0.00 0.00 0.00 2.48 1.24 1.02 1.75 0.00
