Wansh/Snow_depth/snowdepth-1989/winter/1979034.txt
ncols 321
nrows 161
xllcenter 60
yllcenter 15 
cellsize  0.25 
NODATA_value -1
[rows 74 to 110 of 161, columns 84 to 167 of 321]
0.00 0.00 0.00 0.00 0.00 0.00 0.00 0.00 0.00 0.00 0.00 0.00 2.70 5.48 5.48 6.50 6.28 0.00 0.00 0.00 0.00 0.00 0.00 0.00 4.67 7.37 5.11 1.83 1.90 0.00 3.50 3.58 4.74 5.18 4.89 1.90 2.26 1.10 6.94 8.69 7.37 2.48 2.04 2.04 0.00 3.50 0.00 0.00 0.00 0.00 0.00 0.00 0.00 0.00 1.64 1.24 4.02 4.60 3.94 0.00 0.00 3.07 0.00 3.36 1.97 0.00 0.00 0.00 0.00 0.00 5.94 0.00 0.00 0.00 0.00 0.00 0.00 0.00 0.00 0.00 2.85 3.08 3.14 1.97
0.00 0.00 0.00 0.00 1.61 4.60 3.36 1.75 5.04 4.45 0.00 4.67 4.89 0.00 0.00 4.89 5.04 4.23 4.23 4.67 4.45 0.00 3.14 3.14 6.20 10.66 7.30 3.21 3.72 5.62 5.48 4.53 0.00 6.20 5.26 5.55 4.38 2.85 0.00 7.30 7.52 5.26 3.65 3.65 4.74 1.61 1.75 2.26 1.39 0.88 0.00 0.58 1.53 1.97 2.34 1.90 2.70 2.85 3.58 4.74 4.38 3.65 4.53 0.00 0.00 0.00 0.00 0.00 0.00 0.00 7.08 8.40 4.60 0.00 0.00 0.00 0.00 0.00 0.00 0.00 2.12 4.96 3.30 2.30
0.00 0.00 1.97 1.61 3.94 7.59 0.00 0.00 5.69 6.28 7.01 6.35 4.96 4.96 6.94 5.99 5.04 3.94 3.94 3.94 4.74 4.67 4.60 4.67 5.48 6.35 0.00 5.11 5.26 4.74 3.94 3.72 4.96 5.11 0.00 0.00 4.16 0.00 11.83 10.66 6.35 5.99 5.55 5.55 5.77 3.58 3.29 6.20 5.62 0.00 2.04 1.68 2.12 3.21 1.68 0.80 2.26 3.14 2.85 3.72 4.45 2.63 2.70 2.04 1.39 0.00 0.00 0.00 0.00 6.28 10.22 12.34 7.88 3.58 0.00 0.00 0.00 0.00 0.00 0.00 0.29 1.70 1.76 2.03
2.34 2.41 2.41 1.53 1.97 0.00 4.60 0.00 5.69 6.42 5.91 5.40 5.91 5.84 6.28 6.13 5.04 3.21 3.21 0.00 2.26 2.56 3.07 3.50 3.50 2.34 3.43 4.31 3.94 3.21 2.92 2.04 0.00 3.14 3.29 0.00 3.58 3.80 7.01 5.26 3.50 0.00 5.55 5.55 6.50 4.74 6.20 7.01 7.37 6.06 6.28 4.53 2.34 4.09 1.39 1.39 4.16 4.96 5.99 6.13 4.67 2.56 2.92 3.07 1.75 1.97 2.34 3.14 3.14 6.20 6.64 7.08 5.55 4.23 1.10 0.00 0.00 0.00 0.00 0.00 0.07 0.00 1.03 0.44
0.00 0.00 0.00 0.00 0.00 8.25 4.74 5.04 6.28 5.26 0.00 4.82 4.74 4.89 4.82 4.82 6.28 5.99 5.99 6.72 6.42 7.08 6.86 5.84 5.69 4.53 4.31 5.18 5.33 3.87 2.92 2.92 0.00 0.00 6.20 2.34 0.00 0.00 0.00 3.14 0.00 0.00 3.72 3.72 0.00 0.00 5.69 5.62 5.99 7.52 9.93 8.18 6.13 7.30 8.69 7.66 6.20 4.45 0.00 5.26 6.42 6.79 6.13 4.53 3.36 5.33 5.84 4.96 4.96 6.13 7.59 5.77 0.00 5.48 1.83 0.37 0.00 0.00 0.00 2.77 2.34 1.76 3.01 0.96
17.30 9.64 9.56 7.66 6.64 0.00 0.00 0.00 0.00 3.50 3.80 4.60 5.77 5.99 6.72 5.26 5.11 4.82 4.82 5.69 7.15 6.42 0.00 5.40 5.55 4.53 0.00 0.00 0.00 0.00 0.00 0.00 0.00 0.00 0.00 2.70 5.04 0.00 0.00 0.00 4.16 3.07 0.00 0.00 0.00 0.00 0.00 0.00 0.00 5.18 5.62 5.77 5.40 5.69 6.50 7.23 7.81 8.10 7.08 6.57 7.96 5.99 4.31 2.41 1.31 2.99 4.89 6.57 6.57 6.42 3.50 3.58 0.00 3.43 2.86 0.00 0.44 0.29 2.26 2.19 1.75 2.99 3.14 3.96
7.01 5.04 4.53 5.40 0.00 0.00 0.00 5.40 0.00 6.06 4.53 4.16 5.69 5.40 4.38 4.53 4.74 0.00 0.00 0.00 4.16 5.11 4.74 4.74 4.67 4.02 0.00 0.00 0.00 2.70 2.41 0.00 0.00 0.00 0.00 0.00 5.48 0.00 0.00 0.00 0.00 2.04 0.00 0.00 0.00 0.00 0.00 0.00 0.00 0.00 0.00 0.00 0.00 0.00 0.00 5.91 5.91 6.06 5.99 3.80 3.29 3.43 0.00 0.00 0.00 0.00 0.00 0.00 0.00 0.00 0.00 4.38 5.04 5.62 3.21 0.73 1.50 0.54 1.97 2.26 1.68 0.80 1.68 2.41
0.00 0.00 0.00 0.00 0.00 0.00 0.00 0.00 4.16 7.66 7.08 5.04 4.53 4.89 4.53 4.31 4.38 0.00 0.00 0.00 2.04 3.87 4.31 4.74 4.45 0.00 2.99 2.77 3.14 3.43 2.77 0.00 0.00 0.00 0.00 0.95 0.00 0.00 0.00 0.00 4.89 4.67 5.04 5.04 3.29 0.00 0.00 0.00 0.00 0.00 0.00 0.00 0.00 0.00 0.00 0.00 0.00 2.12 2.41 2.99 3.07 4.74 4.53 3.72 0.00 0.00 0.00 0.00 0.00 0.00 0.00 6.57 11.90 11.46 11.24 5.28 2.43 3.75 3.63 3.89 1.98 0.00 0.00 0.00
0.00 0.00 0.00 0.00 0.00 4.53 3.50 0.00 2.85 0.00 0.00 0.00 5.04 0.00 0.00 4.45 5.91 4.82 4.82 0.00 1.97 2.85 2.92 2.92 0.00 3.36 3.50 3.80 0.00 0.00 0.00 0.00 0.00 0.00 0.00 0.22 0.00 0.00 0.00 0.00 4.67 3.94 3.14 3.14 0.00 0.00 0.00 0.00 0.95 0.00 0.00 0.00 0.00 0.00 0.00 0.00 2.26 0.00 1.39 3.65 3.65 3.87 3.43 4.09 3.50 1.02 0.00 4.45 4.45 6.06 0.00 0.00 9.27 13.43 16.43 7.15 4.09 3.43 3.29 1.25 2.77 0.00 0.00 0.00
4.38 5.62 7.52 0.00 0.00 0.00 0.00 0.00 0.00 0.00 0.00 0.00 0.00 0.00 0.00 0.00 4.74 5.48 5.48 0.00 5.18 1.90 1.53 4.60 0.00 0.00 3.36 3.50 2.77 0.00 0.00 1.90 0.00 0.00 0.00 2.04 0.00 0.00 0.00 2.85 0.00 0.00 0.00 0.00 0.00 0.00 0.00 0.00 0.00 0.00 0.00 0.00 0.00 0.22 1.02 0.66 1.39 2.04 1.90 2.63 3.94 3.87 3.07 3.72 2.99 0.80 0.88 5.04 5.04 4.16 3.94 0.00 0.00 13.51 16.64 11.46 5.84 3.29 3.36 3.14 0.00 0.00 0.00 0.00
0.00 0.00 0.00 7.59 0.00 0.00 0.00 0.00 0.00 1.90 0.00 0.00 2.12 0.00 4.23 0.00 0.00 4.67 4.67 0.00 0.00 0.00 2.12 3.72 3.72 0.00 0.00 0.00 0.00 2.77 0.00 0.00 0.00 0.00 2.41 0.00 5.18 0.00 0.00 0.00 0.00 0.00 0.00 0.00 0.00 0.00 0.00 0.00 0.00 0.00 0.00 0.00 1.17 0.58 0.00 0.00 0.00 0.58 0.66 2.26 3.65 4.31 3.29 2.63 2.26 2.56 2.92 3.29 3.29 0.00 2.41 1.02 1.46 5.48 10.29 9.27 5.40 4.02 3.07 3.65 4.53 5.62 0.00 0.00
3.65 2.56 0.00 0.00 0.00 0.00 0.00 0.00 2.34 0.00 0.00 0.00 0.00 0.00 0.00 0.00 0.00 0.00 0.00 0.00 0.00 0.00 0.00 0.00 0.00 0.00 0.00 0.00 0.00 0.00 0.00 0.00 7.74 3.58 1.24 0.00 0.00 0.00 0.00 0.00 0.00 0.00 0.00 0.00 3.72 3.87 0.00 0.00 0.00 0.00 0.00 0.00 1.39 3.43 2.85 0.44 0.15 0.37 0.00 0.58 3.01 3.87 3.69 2.56 2.19 3.50 3.94 2.56 2.56 2.12 3.43 4.23 2.26 2.70 4.89 5.91 6.72 5.84 3.87 0.00 0.00 5.62 0.00 0.00
5.11 0.00 4.60 4.02 4.23 5.26 0.00 0.00 7.74 7.37 4.82 0.00 5.55 7.01 0.00 0.00 0.00 0.00 0.00 0.00 0.00 0.00 0.00 2.85 0.00 0.00 0.00 0.00 0.00 0.00 0.00 0.00 0.00 2.70 0.00 0.00 0.00 0.00 0.00 10.00 10.51 5.40 0.00 0.00 0.00 1.17 2.77 0.00 0.00 3.50 3.65 1.97 1.46 1.46 4.23 14.02 14.67 13.72 7.88 3.72 1.46 2.85 4.10 5.11 4.23 3.94 2.41 5.33 5.33 4.96 8.98 10.73 9.49 7.30 4.60 3.50 2.99 6.94 9.42 8.91 5.26 0.00 0.00 0.00
0.00 0.00 4.67 0.00 0.00 5.33 4.96 5.33 7.45 6.64 4.02 4.82 6.28 7.01 5.04 0.00 4.96 4.09 4.09 3.87 3.58 0.00 4.38 3.94 3.58 0.00 0.00 0.00 0.00 0.00 0.00 0.00 0.00 5.40 0.00 0.00 0.00 0.00 0.00 7.30 10.29 0.00 2.34 2.34 4.89 2.41 0.58 2.19 0.00 2.77 3.94 4.38 2.48 1.10 1.46 4.09 8.32 12.41 11.61 7.01 3.58 1.83 2.19 1.97 1.78 3.14 2.99 0.00 0.00 3.94 6.94 14.89 13.43 8.03 5.33 4.09 4.09 4.67 5.91 7.23 8.32 0.00 0.00 0.00
0.00 0.00 0.00 0.00 0.00 0.00 4.96 0.00 0.00 0.00 3.65 5.48 4.82 5.33 5.26 4.60 0.00 0.00 0.00 4.45 5.26 0.00 0.00 5.62 4.16 4.89 0.00 0.00 1.61 0.00 3.43 0.00 0.00 2.77 4.38 0.00 0.00 0.00 0.00 0.00 2.77 0.00 0.00 0.00 3.50 3.94 2.63 3.65 3.21 2.26 3.43 3.36 0.00 0.44 1.53 1.90 2.34 6.86 7.81 10.15 5.40 2.56 2.26 1.10 1.84 5.25 5.69 5.48 5.48 5.62 4.31 9.27 11.97 10.37 8.61 7.23 5.91 5.26 5.99 6.79 9.27 0.00 0.00 0.00
6.06 0.00 0.00 0.00 0.00 0.00 0.00 0.00 0.00 0.00 4.23 4.60 0.00 4.89 6.42 7.59 0.00 2.70 2.70 4.60 7.30 5.55 4.23 0.00 3.94 0.00 4.38 3.72 0.00 4.67 5.18 0.00 0.00 4.38 5.40 0.00 0.00 0.00 0.00 0.00 0.00 4.09 4.74 4.74 3.72 6.64 6.86 8.10 4.89 3.58 3.43 2.56 0.29 0.00 2.99 3.87 2.26 3.58 5.11 7.67 4.96 4.60 8.12 11.68 9.71 10.39 17.60 17.08 17.08 11.10 4.23 8.03 8.03 8.98 9.42 7.45 8.91 9.42 0.00 0.00 0.00 0.00 0.00 0.00
3.94 0.00 0.00 0.00 0.00 0.00 0.00 0.00 0.00 0.00 0.00 0.00 0.00 4.16 3.07 6.28 6.64 4.67 4.67 4.96 6.35 7.30 5.77 4.74 5.26 5.11 3.72 2.26 2.70 2.56 3.43 4.02 4.82 5.33 3.50 3.21 4.09 4.82 0.00 0.00 0.00 5.62 0.00 0.00 1.02 5.62 8.03 7.15 6.57 5.26 4.60 4.67 6.13 5.11 5.18 8.25 9.05 3.21 2.63 2.85 2.03 3.29 5.53 15.48 22.63 21.53 19.47 16.03 15.52 15.99 16.86 14.09 9.42 10.51 10.51 12.34 10.80 12.63 11.31 9.17 0.00 0.00 0.00 0.00
0.00 0.00 5.62 0.00 0.00 0.00 0.00 0.00 3.50 0.00 0.00 0.00 0.00 0.00 0.00 0.00 3.94 0.00 0.00 0.00 0.00 0.00 0.00 1.68 2.19 3.43 0.00 0.00 0.00 2.34 0.00 0.00 0.00 0.00 4.09 0.00 0.00 0.00 0.00 0.00 0.00 0.95 0.00 0.00 0.37 2.63 3.07 3.29 5.55 4.96 5.69 8.40 15.99 18.91 18.10 20.08 15.40 7.30 4.79 3.61 4.02 6.20 6.48 7.98 16.04 26.52 26.28 26.06 26.19 20.54 17.97 17.37 14.60 13.58 10.71 9.42 7.30 6.79 9.98 0.00 9.04 0.00 0.00 0.00
0.00 3.29 0.00 0.00 0.00 0.00 3.58 0.00 0.00 0.00 0.00 0.00 0.00 0.00 0.00 0.00 0.00 4.67 4.67 4.38 0.00 0.00 0.00 0.00 0.00 0.00 0.00 0.00 0.00 0.00 0.00 1.90 0.00 0.00 0.00 0.00 0.00 0.00 0.00 0.00 0.00 0.00 0.00 0.00 0.00 0.29 0.00 0.51 1.75 2.85 2.85 8.32 15.70 21.83 28.18 29.13 25.55 20.95 11.75 5.91 6.71 10.09 9.19 8.35 15.87 18.57 26.50 21.39 21.39 17.58 15.84 19.19 21.13 15.71 12.55 10.25 7.01 0.00 6.85 11.02 14.44 14.07 0.00 11.41
2.26 2.19 0.00 1.39 0.00 0.00 3.21 0.00 0.00 0.00 0.00 0.00 0.00 0.00 0.00 0.00 0.00 0.00 0.00 4.23 3.58 0.00 0.00 0.00 0.00 0.00 0.00 0.00 0.00 0.00 0.00 0.00 0.00 0.00 0.00 0.00 0.00 0.00 0.00 0.00 0.00 0.00 0.00 0.00 0.00 1.31 3.14 0.66 1.31 7.37 4.89 5.33 10.95 18.98 24.89 26.65 27.33 27.38 21.75 15.11 11.32 10.87 9.93 10.07 18.81 17.89 17.83 17.16 17.16 13.35 12.42 18.23 21.34 18.71 14.82 13.79 12.34 8.30 8.01 10.01 13.22 17.97 18.70 14.70
3.87 0.73 0.00 0.00 2.63 3.80 0.00 0.00 0.00 0.00 0.00 0.00 0.00 0.00 0.00 3.58 4.09 0.00 0.00 3.29 2.85 3.14 0.00 0.95 0.00 0.00 0.00 0.00 0.00 0.00 0.00 0.00 0.00 0.00 0.00 0.00 0.00 0.00 0.00 0.00 0.00 0.00 0.00 0.00 0.00 0.22 2.56 2.12 2.12 11.10 9.93 8.91 13.71 15.13 18.65 23.86 25.66 28.98 32.78 32.63 22.78 13.87 9.53 10.57 12.72 25.81 24.41 14.82 14.89 11.11 12.93 12.82 13.55 20.51 19.47 15.48 13.78 12.63 0.00 0.00 14.14 17.11 17.44 11.89
6.79 5.40 0.00 2.70 2.26 0.00 0.00 0.00 0.00 0.00 0.00 0.00 0.00 0.00 0.00 0.00 0.00 1.90 1.90 2.48 0.00 0.00 0.00 4.45 0.00 0.00 0.00 0.00 0.00 0.00 0.00 0.00 0.00 0.00 0.00 0.00 0.00 0.00 0.00 0.00 0.00 0.00 0.00 0.00 0.00 0.00 2.41 2.26 5.33 11.97 13.43 13.80 14.16 12.61 17.34 23.33 24.76 28.88 28.31 30.97 26.05 15.63 11.52 8.46 7.54 22.32 21.41 15.48 15.48 10.77 11.87 0.00 8.30 10.36 15.48 16.80 15.42 15.64 0.00 0.00 13.21 20.50 22.21 12.21
8.47 7.66 5.69 0.00 0.00 0.00 0.00 0.00 0.00 0.00 0.00 0.00 0.00 0.00 0.00 0.00 0.00 0.00 0.00 0.00 0.00 0.00 0.00 11.39 0.00 0.00 0.00 0.00 0.00 0.00 0.00 0.00 0.00 0.00 0.00 0.00 0.00 0.00 0.00 0.00 0.00 0.00 0.00 0.00 0.00 0.00 0.95 3.14 7.88 15.48 16.86 15.84 13.29 11.37 11.32 14.68 13.25 18.50 22.86 21.10 21.70 18.17 11.51 7.65 5.33 12.21 13.61 7.26 7.15 0.00 7.39 0.00 10.34 13.79 14.53 17.39 15.42 11.27 11.73 7.42 10.99 18.36 16.26 11.68
6.35 0.00 0.00 0.00 0.00 5.04 4.74 0.00 0.00 4.16 0.00 0.00 0.00 0.00 0.00 0.00 0.00 0.00 0.00 0.00 0.00 0.00 0.00 0.00 0.00 0.00 0.00 0.00 0.00 0.00 0.00 0.00 0.00 0.00 0.00 0.00 0.00 0.00 0.00 0.00 0.00 7.01 3.87 3.87 2.99 2.77 1.61 3.07 7.45 12.73 17.54 19.34 21.02 24.63 18.94 12.18 11.61 11.02 10.64 10.17 11.45 14.75 13.76 9.20 2.67 4.52 6.37 5.64 5.50 3.14 0.00 6.64 9.51 17.54 16.87 16.43 12.00 8.07 10.88 9.98 11.73 15.38 12.76 8.12
14.82 8.47 0.00 6.13 0.00 0.00 0.00 4.53 3.87 0.00 0.00 0.00 0.00 0.00 0.00 0.00 0.00 0.00 0.00 0.00 0.00 0.00 0.00 0.00 0.00 2.41 0.00 0.00 0.00 2.92 0.00 0.00 2.99 3.29 1.46 0.00 0.00 0.00 4.74 3.72 0.00 2.19 3.80 3.80 7.52 9.20 8.69 11.24 13.14 17.67 21.82 20.73 14.94 11.65 11.35 12.02 17.47 19.19 18.82 15.41 11.23 2.42 4.71 12.12 8.83 7.34 2.54 0.00 0.00 0.00 0.00 6.05 10.02 14.92 19.09 14.53 6.96 4.29 3.75 0.00 9.73 11.58 12.22 10.74
14.97 14.38 10.73 11.39 10.51 9.34 7.96 4.89 0.00 0.00 0.00 0.00 0.00 0.00 2.63 0.00 0.00 2.34 2.34 0.00 0.00 4.53 0.00 0.00 0.00 3.94 3.14 4.02 2.19 3.50 2.26 2.34 4.02 4.53 3.65 1.61 0.22 6.06 4.09 0.00 1.61 2.41 3.43 3.43 5.33 7.96 8.83 7.81 11.44 17.11 17.31 16.05 13.51 10.47 8.81 7.16 10.53 11.29 14.28 18.17 19.76 12.18 9.63 8.50 3.29 4.60 4.84 2.09 2.05 0.00 2.85 3.83 4.84 10.09 14.44 12.48 8.18 4.94 2.05 1.39 6.20 8.99 12.22 11.48
15.55 14.97 11.75 9.42 8.83 12.26 11.53 6.86 0.00 0.00 0.00 0.00 0.00 0.00 0.00 2.12 1.53 0.00 0.00 0.00 1.53 1.68 0.00 0.80 1.68 0.29 0.00 1.24 1.83 3.43 2.56 1.68 4.02 5.18 4.89 4.45 8.47 3.21 0.00 0.00 0.73 0.00 0.58 0.58 3.43 7.15 7.01 5.24 8.68 12.27 13.08 12.55 13.70 15.56 13.93 8.64 5.86 6.64 6.34 14.77 19.55 21.16 11.97 2.12 4.31 4.39 7.45 4.55 5.06 1.44 0.00 1.67 2.94 8.79 14.08 12.68 8.40 6.79 0.00 0.00 0.00 6.94 9.43 11.98
11.75 9.71 9.86 2.41 3.87 9.13 11.53 10.12 4.38 0.00 0.00 0.00 0.00 0.00 4.16 1.39 1.83 2.99 2.99 2.04 0.44 1.97 2.48 2.34 1.24 1.39 0.00 0.00 1.24 3.21 1.97 1.46 0.95 3.36 4.23 3.80 4.74 1.31 0.58 0.00 0.00 0.00 0.00 0.00 2.19 6.35 4.60 7.04 10.37 10.71 9.65 11.11 15.69 19.08 14.92 11.04 5.72 4.83 6.89 11.65 15.72 22.42 16.95 15.91 15.55 4.87 5.37 6.36 6.13 2.32 0.00 0.00 4.77 10.30 12.15 10.03 7.71 5.50 4.94 0.00 0.00 6.63 11.18 12.44
0.00 0.00 0.00 0.00 0.88 7.23 7.30 8.47 6.35 2.56 0.00 0.00 0.00 0.00 0.00 0.00 0.00 2.77 2.77 3.58 2.12 1.46 2.41 2.04 1.75 1.31 0.66 0.44 2.04 1.97 0.22 3.14 1.90 2.19 1.68 2.04 1.02 2.26 0.00 0.00 0.22 1.97 2.92 2.92 4.16 3.87 8.40 13.51 13.51 13.14 15.49 14.37 13.35 13.57 14.41 13.63 8.28 2.86 9.96 12.68 11.65 15.45 19.18 23.03 17.53 8.13 6.81 9.49 9.54 5.89 1.82 1.86 3.83 7.26 6.46 5.48 6.03 4.33 2.58 4.41 6.32 9.39 12.89 13.63
0.00 0.00 0.00 0.00 0.00 6.86 11.53 11.24 7.74 6.13 6.79 0.00 0.00 0.00 0.00 0.00 0.00 0.00 0.00 0.37 0.29 1.39 0.00 0.00 0.00 0.00 0.00 0.00 1.46 0.22 0.29 0.00 0.00 1.32 0.95 1.53 0.00 0.51 0.00 0.00 0.00 3.07 4.09 4.09 3.45 3.14 9.17 10.37 10.75 13.17 16.05 15.91 18.59 11.70 7.74 10.05 8.06 0.00 0.00 12.77 13.09 14.14 20.57 21.07 20.07 17.66 9.97 7.38 8.63 10.55 5.38 2.56 3.24 3.78 2.46 2.50 3.41 2.92 0.47 0.00 5.65 9.99 13.79 11.24
0.00 0.00 0.00 0.00 0.00 9.20 10.07 9.93 10.59 8.61 6.50 0.00 2.04 0.00 0.00 0.00 0.00 0.00 0.00 0.00 0.00 0.00 0.00 0.00 0.00 0.00 0.00 0.00 0.00 0.00 0.00 0.00 0.00 0.00 0.44 0.15 1.46 0.00 3.07 0.00 0.00 0.37 0.00 0.00 0.37 1.61 1.03 2.36 5.71 7.18 5.90 8.49 6.94 0.00 0.00 0.00 0.00 0.00 0.00 14.46 16.94 11.37 14.23 19.12 18.64 18.33 20.08 7.22 8.08 14.60 10.72 4.62 2.20 0.27 0.75 2.99 0.00 0.00 0.00 0.00 3.65 11.25 14.70 11.16
0.00 0.00 0.00 0.00 0.00 0.00 0.00 5.99 9.56 9.05 4.31 2.41 8.25 10.22 6.64 4.22 3.47 0.00 0.00 0.00 0.00 0.00 0.00 0.00 0.00 0.00 0.00 2.34 0.00 0.00 0.00 0.00 0.88 1.31 1.83 1.39 3.29 0.00 0.00 0.00 0.00 0.00 0.00 0.00 2.56 2.41 1.83 1.20 5.05 11.19 11.95 11.86 0.00 0.00 0.00 0.00 0.00 0.00 0.00 0.00 15.64 20.18 14.51 14.70 19.64 17.90 24.57 11.85 12.10 11.92 11.56 4.84 0.00 0.00 0.00 0.00 0.00 0.00 0.00 0.00 0.00 0.00 0.00 0.00
0.00 0.00 0.00 0.00 0.00 0.00 0.00 5.40 9.93 10.95 4.82 7.52 8.91 8.10 7.45 7.19 7.66 12.50 11.66 0.00 2.70 0.00 0.00 0.00 0.00 0.00 0.00 0.00 0.00 2.92 1.75 0.00 1.90 2.12 3.87 3.58 0.00 0.00 0.00 0.00 0.95 1.24 2.26 2.26 2.77 1.02 1.17 5.41 13.06 17.67 19.60 0.00 0.00 0.00 0.00 0.00 0.00 0.00 0.00 0.00 0.00 16.58 0.00 8.86 12.34 17.80 23.33 16.40 20.04 11.25 5.36 7.35 6.67 0.00 0.00 0.00 0.00 0.00 0.00 0.00 0.00 0.00 0.00 0.00
0.00 0.00 0.00 0.00 0.00 0.00 0.00 0.00 0.00 0.00 0.00 0.00 0.00 0.00 0.44 2.56 4.67 11.70 11.88 19.71 19.49 16.21 9.71 7.59 5.99 3.29 5.11 4.89 0.00 0.00 0.00 0.00 0.00 0.00 3.94 9.05 9.93 11.46 6.79 4.70 7.38 8.11 8.47 8.47 7.01 3.36 2.63 6.97 6.88 0.00 0.00 0.00 0.00 0.00 0.00 0.00 0.00 0.00 0.00 0.00 0.00 0.00 0.00 0.00 0.00 21.04 11.04 10.93 12.22 0.00 0.00 0.00 0.00 0.00 0.00 0.00 0.00 0.00 0.00 0.00 0.00 0.00 0.00 0.00
0.00 0.00 0.00 0.00 0.00 0.00 0.00 0.00 0.00 0.00 0.00 0.00 0.00 0.00 0.00 0.00 0.00 2.04 2.04 8.18 11.62 12.25 12.70 12.85 16.43 14.13 10.56 11.24 16.35 10.29 5.77 7.30 0.00 0.00 4.09 9.56 12.85 16.86 14.97 6.42 7.72 17.76 12.99 14.52 9.56 10.73 10.66 12.88 5.39 0.00 0.00 0.00 0.00 0.00 0.00 0.00 0.00 0.00 0.00 0.00 0.00 0.00 0.00 0.00 0.00 0.00 0.00 0.00 0.00 0.00 0.00 0.00 0.00 0.00 0.00 0.00 0.00 0.00 0.00 0.00 0.00 0.00 0.00 0.00
0.00 0.00 0.00 0.00 0.00 0.00 0.00 0.00 0.00 0.00 0.00 0.00 0.00 0.00 0.00 0.00 0.00 0.00 0.00 0.00 0.00 2.85 8.69 9.93 17.08 14.38 8.64 14.16 20.73 20.29 10.44 8.76 0.00 6.28 2.70 2.04 7.45 12.92 8.83 4.45 0.00 6.79 9.15 11.62 12.87 14.22 11.49 6.01 0.00 0.00 0.00 0.00 0.00 0.00 0.00 0.00 0.00 0.00 0.00 0.00 0.00 0.00 0.00 0.00 0.00 0.00 0.00 0.00 0.00 0.00 0.00 0.00 0.00 0.00 0.00 0.00 0.00 0.00 0.00 0.00 0.00 0.00 0.00 0.00
0.00 0.00 0.00 0.00 0.00 0.00 0.00 0.00 0.00 0.00 0.00 0.00 0.00 0.00 0.00 0.00 0.00 0.00 0.00 0.00 0.00 0.00 1.17 1.10 4.38 5.40 0.00 0.66 12.63 13.43 0.00 0.00 3.23 0.00 0.00 0.00 0.00 0.00 0.00 0.00 0.00 0.00 0.00 0.00 0.00 6.60 0.00 0.00 0.00 0.00 0.00 0.00 0.00 0.00 0.00 0.00 0.00 0.00 0.00 0.00 0.00 0.00 0.00 0.00 0.00 0.00 0.00 0.00 0.00 0.00 0.00 0.00 0.00 0.00 0.00 0.00 0.00 0.00 0.00 0.00 0.00 0.00 0.00 0.00
