Wansh/Snow_depth/snowdepth-1989/winter/1979004.txt
ncols 321
nrows 161
xllcenter 60
yllcenter 15 
cellsize  0.25 
NODATA_value -1
[rows 74 to 110 of 161, columns 84 to 167 of 321]
0.00 0.00 0.00 0.00 0.00 0.00 0.00 0.00 0.00 0.00 0.00 0.00 1.61 4.38 6.13 6.57 5.62 4.96 4.96 3.72 4.09 0.00 0.00 0.00 3.94 6.57 6.06 0.00 1.83 2.70 3.43 3.87 0.00 6.06 4.53 3.14 1.53 0.00 2.99 5.40 6.20 2.19 0.15 0.15 1.61 0.00 0.00 0.00 0.00 0.00 0.00 0.00 0.00 0.00 0.00 0.00 3.65 3.14 0.00 0.00 0.00 0.00 0.00 0.00 2.63 0.00 0.00 0.00 0.00 1.69 4.33 3.72 0.00 0.00 0.00 0.00 0.00 0.00 0.00 0.00 4.96 3.30 1.90 1.90
0.00 0.00 0.00 0.00 1.53 5.04 3.29 2.04 4.31 4.45 4.74 5.69 6.13 0.00 3.65 4.09 3.87 3.58 3.58 4.53 4.53 3.72 4.09 3.87 4.89 10.51 7.30 3.94 4.02 0.00 4.31 3.65 3.87 5.99 6.35 6.42 4.45 0.00 4.31 6.86 5.77 3.43 2.63 2.63 2.48 0.00 0.51 0.00 0.00 0.00 0.00 0.00 0.00 1.39 1.97 0.00 0.00 0.00 0.00 0.00 2.48 2.63 0.00 0.00 0.00 0.00 0.00 0.00 0.00 4.48 6.50 6.79 0.00 0.00 0.00 0.00 0.00 0.00 0.00 0.00 2.26 5.11 3.96 3.56
0.00 0.00 0.88 2.19 7.30 8.54 7.96 7.52 8.32 7.88 7.52 6.79 7.23 5.33 4.45 5.55 5.11 6.13 6.13 5.33 5.26 4.31 3.65 0.00 0.00 4.60 0.00 4.60 0.00 0.00 3.14 2.70 0.00 3.43 2.99 3.87 4.23 3.43 5.69 8.32 4.31 3.36 5.33 5.33 3.58 0.00 2.48 3.14 4.60 4.09 0.00 1.39 0.00 0.00 0.00 3.87 4.23 4.09 3.50 4.09 3.94 1.39 0.00 0.00 1.97 0.00 0.00 4.02 4.02 7.74 10.95 10.66 7.37 3.65 1.02 0.00 0.00 0.00 0.00 0.51 0.37 2.36 3.08 0.00
5.33 5.91 4.82 2.77 2.34 4.89 6.94 6.79 7.59 7.52 8.47 8.03 8.03 6.35 5.77 7.30 5.55 4.60 4.60 3.87 0.00 2.99 0.00 2.48 2.77 0.00 2.92 4.89 5.18 0.00 2.99 2.34 2.85 0.00 4.23 2.77 0.00 0.00 6.64 5.62 3.72 3.87 4.23 4.23 2.85 0.00 2.48 6.13 8.03 6.13 5.04 3.80 0.00 0.00 3.07 5.69 6.35 4.16 5.84 7.01 6.50 5.11 4.82 3.87 2.85 4.16 4.60 5.84 5.84 6.20 7.30 5.69 5.26 4.09 1.31 0.00 0.00 0.00 0.00 0.00 0.00 0.29 1.54 0.00
5.91 6.57 4.31 3.65 5.62 8.10 5.84 4.82 5.33 5.77 5.84 4.89 5.91 6.13 5.33 5.77 6.42 8.32 8.32 7.30 6.28 6.13 6.20 6.64 4.82 5.26 4.82 4.67 5.62 0.00 5.11 0.00 0.00 5.26 4.74 3.50 0.00 0.00 2.56 4.02 0.00 3.43 0.00 0.00 0.00 1.97 3.14 0.00 5.04 6.64 9.64 8.32 5.33 0.00 10.29 10.07 6.64 7.08 7.37 7.59 8.47 6.57 7.30 5.26 5.11 6.57 6.50 5.84 5.84 6.13 6.13 4.16 3.36 6.42 2.26 0.00 1.75 0.82 1.24 4.02 2.12 3.30 4.33 1.78
17.81 12.41 8.76 6.79 5.77 0.00 0.00 4.53 4.89 5.62 5.99 5.62 5.91 6.13 7.01 6.50 4.96 5.55 5.55 5.62 5.11 5.62 7.23 5.55 5.48 3.43 4.45 3.43 3.72 5.84 4.23 0.00 0.00 0.00 5.04 0.00 3.14 2.85 0.00 0.00 0.00 0.00 0.00 0.00 0.00 0.00 0.00 0.00 2.85 3.36 6.64 6.28 7.81 6.35 10.44 11.46 12.26 13.21 12.12 12.63 10.37 10.22 6.72 0.00 0.00 3.94 5.99 7.66 7.66 7.88 6.79 5.11 4.53 4.31 2.57 1.17 0.73 0.88 0.00 0.95 2.34 3.87 4.23 3.74
0.00 5.84 5.26 5.18 4.60 2.70 2.56 0.00 6.35 7.30 6.79 5.91 7.59 5.11 5.18 4.38 4.82 3.87 3.87 0.00 0.00 0.00 5.69 5.04 2.77 2.63 0.00 0.00 4.53 4.89 2.19 0.00 0.00 0.00 1.61 0.00 5.69 0.00 0.00 0.00 3.07 3.72 4.45 4.45 0.00 0.00 0.00 0.00 3.58 0.00 0.00 0.51 0.00 0.00 6.20 8.61 12.63 9.20 10.73 7.66 7.01 5.99 6.79 2.41 0.00 0.00 0.00 0.00 0.00 4.45 6.79 9.42 8.91 6.35 5.11 2.86 0.00 0.99 0.00 0.00 0.00 0.00 0.00 0.00
0.00 0.00 0.00 0.00 3.36 3.43 2.12 4.16 5.40 6.72 6.35 5.11 5.84 5.55 5.26 5.69 3.94 4.38 4.38 0.00 0.00 5.62 5.04 2.99 0.00 0.00 0.00 3.80 5.26 5.04 1.31 0.00 0.00 0.00 1.97 1.53 0.00 0.00 0.00 3.80 3.94 3.72 6.28 6.28 5.62 0.00 0.00 0.00 0.00 4.53 0.00 0.00 0.00 0.00 0.00 0.00 3.14 3.58 5.55 4.74 3.58 5.18 4.38 0.00 0.00 0.00 0.00 0.00 0.00 5.55 9.27 12.48 14.09 14.53 13.07 6.82 4.50 4.89 7.41 0.00 0.00 0.00 0.00 0.00
2.04 3.87 3.07 0.00 5.33 6.79 4.60 4.60 2.99 2.63 2.63 0.00 6.13 5.84 6.13 6.50 6.94 5.69 5.69 0.00 0.00 4.23 0.00 0.00 0.00 0.00 3.29 4.09 3.80 4.67 4.60 0.00 0.00 0.00 4.31 0.00 0.00 0.00 0.00 0.00 0.00 0.00 3.87 3.87 3.94 2.70 0.00 0.00 0.00 0.00 0.00 6.64 0.00 0.00 0.00 0.00 0.00 2.04 2.85 4.09 2.77 1.83 1.61 1.90 0.00 0.00 5.11 11.39 11.39 13.07 10.80 11.24 13.58 16.50 14.89 8.40 5.55 4.60 0.00 0.00 0.00 0.00 0.00 0.00
6.86 7.96 5.48 5.04 4.96 4.31 4.96 3.80 4.45 4.16 3.29 0.00 6.20 6.20 5.48 5.69 7.23 5.77 5.77 5.99 5.84 3.58 0.00 3.72 3.50 0.00 3.14 3.65 3.50 3.58 3.87 5.11 0.00 0.00 3.29 3.80 0.00 0.00 0.00 0.00 0.00 0.00 0.00 0.00 0.00 0.00 3.14 0.00 3.80 0.00 0.00 0.00 0.00 0.00 0.00 1.10 1.39 1.46 2.26 4.23 5.26 3.72 2.99 3.50 2.26 2.70 4.74 7.66 7.66 9.71 7.66 6.06 10.22 16.13 18.18 11.97 5.26 0.00 0.00 0.00 0.00 0.00 0.00 0.00
6.50 4.60 3.50 5.33 4.16 0.00 2.92 5.33 5.11 4.02 0.00 0.00 5.04 4.02 5.26 7.30 7.37 5.62 5.62 4.09 5.04 2.70 0.00 3.50 4.16 4.74 3.87 2.63 2.77 3.72 2.77 0.00 0.00 0.00 3.87 5.48 4.31 2.92 0.00 0.00 0.00 0.00 0.00 0.00 0.00 0.00 0.00 0.00 0.00 2.85 1.97 0.00 0.88 1.61 1.17 0.00 0.15 1.02 1.02 2.99 4.38 3.80 4.23 2.26 2.26 4.53 5.77 4.31 4.31 3.72 1.75 1.53 2.77 8.10 11.97 10.66 6.57 0.00 0.00 0.00 0.00 0.00 0.00 0.00
5.62 3.14 0.00 0.00 1.68 0.00 2.56 2.99 4.09 5.40 4.74 3.94 5.55 4.82 4.89 5.99 5.33 5.11 5.11 5.62 5.69 4.82 2.77 4.16 0.00 3.50 4.09 3.87 3.43 3.94 0.00 3.50 6.42 2.99 2.19 3.07 3.21 3.58 3.94 0.00 0.00 0.00 0.00 0.00 0.00 0.00 0.00 0.00 0.00 0.00 0.00 0.00 0.73 4.45 5.26 3.50 2.26 0.73 0.00 2.12 5.36 4.32 3.69 1.39 1.39 3.87 7.08 7.15 7.15 5.04 5.62 2.56 2.56 2.34 4.23 7.37 0.00 0.00 0.00 0.00 0.00 0.00 0.00 0.00
5.48 6.35 6.86 6.72 5.91 5.11 6.50 5.33 8.32 7.37 4.82 8.91 9.34 6.79 3.94 0.00 5.62 5.26 5.26 5.18 4.31 4.82 5.69 3.87 0.00 4.31 5.77 4.38 5.11 3.80 3.07 4.23 4.45 3.14 0.00 0.00 0.00 0.00 7.23 11.61 9.93 5.77 4.38 4.38 3.72 0.00 0.00 0.00 3.50 3.58 3.07 0.00 0.58 0.58 6.86 18.91 16.94 14.24 8.69 3.43 1.68 2.99 3.13 6.94 5.62 5.99 3.87 3.14 3.14 7.52 10.51 12.34 12.41 8.32 3.87 3.21 4.67 9.34 9.27 0.00 0.00 0.00 0.00 0.00
5.99 7.66 7.45 7.08 7.52 7.52 7.15 7.96 9.78 10.37 9.13 10.37 10.59 9.71 4.82 4.16 7.52 5.84 5.84 4.89 4.16 3.43 6.86 5.18 0.00 3.50 5.69 5.26 4.74 4.89 2.77 0.00 4.09 4.89 0.00 0.00 2.19 0.00 7.81 10.29 11.10 7.08 4.89 4.89 3.14 2.12 0.00 0.00 0.00 0.00 0.00 3.21 1.90 1.46 3.29 7.59 13.94 17.45 15.26 7.66 2.99 2.48 2.63 2.99 3.48 2.34 2.19 2.77 2.77 3.58 8.69 20.08 17.30 10.00 6.64 3.72 3.43 4.82 6.06 7.96 8.61 0.00 0.00 0.00
4.60 2.92 3.21 0.00 0.00 5.55 5.48 4.45 4.38 4.53 5.69 7.08 6.50 7.45 6.20 4.67 6.57 6.72 6.72 6.35 5.91 5.40 5.91 0.00 5.69 5.40 5.11 0.00 6.20 7.30 6.28 5.04 3.94 4.23 4.67 0.00 2.92 3.07 5.11 6.20 5.40 5.40 4.82 4.82 6.64 4.09 3.94 4.45 2.63 0.00 3.21 4.53 3.87 4.16 5.69 8.47 7.81 12.70 16.57 14.24 7.59 3.87 0.95 2.04 4.28 8.81 9.34 6.13 6.13 5.04 7.81 11.39 13.72 13.43 11.17 7.74 6.20 5.91 7.37 6.13 7.59 0.00 0.00 0.00
6.50 1.90 0.00 0.00 0.00 3.36 3.58 3.50 3.36 0.00 0.00 4.53 4.38 6.28 8.91 8.69 7.45 5.55 5.55 6.64 9.34 6.79 4.74 4.89 5.40 3.21 5.40 5.77 7.30 7.45 4.74 6.06 6.64 5.40 5.84 5.11 3.65 0.00 2.41 0.00 3.80 5.48 6.35 6.35 7.37 9.86 12.56 11.02 7.45 5.18 4.89 3.58 1.61 4.53 6.79 8.54 7.52 11.61 13.86 14.23 10.00 7.45 8.72 12.48 14.23 15.28 19.83 18.98 18.98 11.68 8.40 10.15 10.37 12.12 8.69 8.47 10.22 12.70 11.83 0.00 0.00 0.00 0.00 0.00
4.38 2.56 1.90 1.02 0.00 0.00 0.00 0.00 0.00 1.02 1.61 2.85 0.00 4.02 7.15 9.20 7.66 6.13 6.13 9.13 8.91 8.61 7.01 6.57 7.45 5.91 4.82 5.62 5.26 5.69 5.04 5.11 6.35 5.91 4.74 5.18 5.91 4.74 3.58 4.45 5.33 6.28 3.87 3.87 2.92 7.66 10.73 10.73 9.64 9.20 10.73 13.65 13.65 10.15 7.30 14.75 14.53 8.61 10.29 7.74 7.98 7.01 10.47 18.76 25.04 24.45 20.42 20.47 19.83 18.34 19.78 18.03 13.58 12.48 12.05 11.17 13.51 14.97 14.68 0.00 0.00 0.00 0.00 0.00
2.70 3.21 4.23 4.60 0.00 2.70 0.00 1.46 0.58 0.00 3.07 3.72 0.00 0.00 0.00 7.59 6.94 7.59 7.59 10.37 10.00 7.96 6.06 4.89 7.01 5.55 3.29 4.67 0.00 3.50 3.87 3.50 3.21 3.80 4.09 4.02 4.38 4.23 3.21 0.00 0.00 3.07 0.00 0.00 0.00 0.80 2.77 5.84 8.25 4.82 10.15 25.19 22.41 20.73 24.53 26.94 20.00 12.92 9.88 9.73 8.98 9.78 11.02 15.66 23.73 28.16 27.81 24.09 24.21 21.86 23.33 23.51 19.35 16.79 15.41 13.14 8.83 8.98 12.33 12.87 11.05 0.00 0.00 0.00
1.68 3.58 4.82 0.00 0.00 4.74 3.94 3.07 1.83 3.07 3.14 1.46 2.34 3.29 0.00 5.77 8.40 9.34 9.34 10.95 10.00 6.64 4.96 0.00 0.00 0.00 0.00 0.00 0.00 2.99 2.04 2.04 1.68 2.19 0.00 3.72 0.00 4.38 0.00 0.00 0.00 0.00 0.00 0.00 0.00 0.00 0.00 2.04 3.94 7.01 5.18 15.33 20.59 26.06 29.35 31.97 29.49 24.82 18.76 13.78 13.64 14.60 10.58 13.12 21.31 25.95 29.42 26.94 26.94 21.02 20.27 23.31 24.28 21.42 16.51 13.64 9.71 7.63 10.39 12.74 17.36 19.34 14.05 15.79
1.31 1.31 0.00 0.00 0.00 0.00 3.14 0.00 0.00 2.12 0.00 0.00 1.83 2.48 0.00 4.89 0.00 6.50 6.50 5.11 4.74 4.31 3.43 0.00 0.00 0.00 0.00 0.00 0.00 0.00 0.00 0.00 0.00 1.61 0.00 0.00 2.48 0.00 0.00 0.00 0.00 0.00 0.00 0.00 0.00 1.10 1.17 1.68 0.44 15.40 16.57 12.56 16.21 18.40 26.28 29.35 30.55 32.92 30.51 27.30 17.67 17.54 16.16 13.37 23.10 26.43 24.65 21.90 21.90 19.02 16.93 21.86 25.05 22.96 18.97 17.02 16.06 13.19 12.56 15.80 18.50 17.36 0.00 12.50
2.26 1.90 1.75 0.00 0.00 1.61 0.00 0.00 0.00 4.38 0.00 0.00 0.00 0.00 0.00 5.77 5.11 3.94 3.94 4.74 2.92 3.65 0.00 0.00 0.00 0.00 0.00 0.00 0.00 0.00 0.00 0.00 0.00 4.16 3.87 0.00 2.63 1.97 0.00 0.00 0.00 0.00 0.00 0.00 0.00 0.07 3.36 3.80 4.67 14.67 17.23 16.28 17.73 19.04 19.49 24.38 27.47 31.03 36.57 37.89 32.05 20.18 15.45 13.71 15.15 25.17 28.81 23.36 23.48 18.64 16.74 16.71 20.00 23.05 22.48 19.49 18.92 17.17 12.65 14.91 20.82 20.88 0.00 7.10
5.55 4.53 2.26 2.34 0.00 0.00 0.00 0.00 0.00 0.00 0.00 0.00 0.00 0.00 0.00 0.00 0.00 0.00 0.00 0.00 2.12 0.00 0.00 0.00 0.00 0.00 0.66 0.00 0.00 0.00 0.00 0.00 0.00 3.29 0.00 0.00 0.00 0.00 0.00 0.00 0.00 0.00 0.00 0.00 1.10 0.00 3.36 4.31 13.36 17.96 20.59 18.54 16.06 15.06 18.55 23.71 26.30 31.14 28.53 34.07 28.61 21.06 17.28 12.66 12.46 20.32 25.61 20.32 20.32 15.85 13.37 10.63 13.94 18.52 22.23 23.48 19.59 17.39 14.00 10.55 17.54 25.87 27.41 0.00
7.30 4.16 2.56 3.43 2.92 3.43 0.00 1.83 0.00 0.00 0.00 0.00 0.00 0.00 0.00 0.00 0.00 0.00 0.00 0.00 0.00 0.00 0.00 8.98 0.00 0.00 2.41 0.00 0.00 0.00 0.00 0.00 0.00 2.99 2.04 0.00 0.00 0.00 0.00 0.00 0.00 0.00 0.00 0.00 0.00 0.73 3.65 5.48 13.58 21.75 17.81 17.81 13.94 15.11 13.11 16.47 14.08 17.73 23.58 24.71 28.10 21.06 15.80 11.05 10.50 18.48 20.84 13.86 13.65 10.01 8.69 9.73 14.24 20.00 21.75 23.84 16.68 13.57 15.13 10.07 15.20 21.82 21.82 0.00
8.25 0.00 0.00 0.00 1.10 3.50 4.31 3.65 0.00 0.00 1.90 0.00 0.00 0.00 0.00 0.00 0.00 0.00 0.00 0.00 0.00 0.00 0.00 0.00 0.00 0.00 0.00 0.00 0.00 0.00 0.00 0.00 4.02 0.00 0.00 0.00 0.00 0.00 0.00 0.00 0.00 7.30 4.38 4.38 2.56 4.09 4.67 6.79 13.80 14.00 22.95 21.49 23.93 23.83 16.10 15.19 14.45 12.99 13.98 13.30 14.45 19.21 17.20 9.56 6.82 9.60 12.30 8.88 8.66 4.53 5.48 7.05 12.01 22.59 25.16 23.29 13.30 10.32 14.53 9.83 13.12 18.76 0.00 0.00
8.98 10.66 0.00 0.00 4.53 4.67 6.13 5.33 5.18 5.77 0.00 3.50 1.83 0.00 0.00 0.00 0.00 0.00 0.00 0.00 0.00 0.00 0.00 0.00 0.00 3.21 1.90 2.48 1.68 1.24 2.26 1.97 1.31 2.56 2.48 0.00 0.00 0.00 8.69 2.99 0.66 2.77 3.50 3.50 8.54 9.71 8.76 15.77 16.35 20.08 19.79 17.12 12.54 12.57 9.99 13.57 17.47 18.68 20.60 18.71 13.79 6.58 8.87 12.79 8.47 6.02 4.07 3.37 3.32 0.00 4.74 10.06 12.39 14.84 20.29 18.47 7.41 5.20 6.42 0.00 11.54 16.03 15.94 0.00
10.22 9.13 6.35 8.18 11.39 8.76 7.52 0.00 0.00 0.00 0.00 0.00 3.72 0.00 0.00 0.00 3.94 0.00 0.00 0.00 0.00 0.00 0.00 0.95 1.90 3.50 3.87 3.29 2.41 2.41 2.77 1.83 0.73 4.02 3.87 1.97 4.09 7.81 2.77 0.00 0.00 1.53 4.02 4.02 7.01 9.49 12.92 13.14 12.79 14.07 16.18 13.22 11.73 8.41 7.21 3.77 9.47 12.00 16.04 21.66 19.17 13.69 11.47 7.68 4.96 5.69 4.70 0.77 0.76 1.17 0.00 3.91 8.27 9.55 13.75 12.56 7.89 2.47 0.00 0.00 0.00 0.00 17.43 14.14
14.38 13.94 9.27 7.52 10.15 12.34 12.85 6.20 0.00 0.00 0.00 0.00 0.00 1.75 0.00 3.80 3.72 3.43 3.43 0.00 0.00 1.39 0.00 0.00 0.95 1.39 1.02 2.48 3.94 3.07 2.77 1.17 1.97 5.11 6.20 4.60 9.56 6.20 0.00 0.00 0.29 0.80 1.24 1.24 5.11 7.15 9.56 9.07 8.76 11.71 10.97 8.18 15.50 16.36 13.68 8.16 5.16 7.02 8.91 15.12 20.41 22.20 14.38 4.45 2.77 4.69 6.03 3.82 4.24 1.60 0.00 0.00 6.77 11.62 15.20 10.25 5.62 1.90 0.00 0.00 0.00 0.00 16.70 14.08
7.74 10.22 8.25 1.53 2.63 9.64 10.88 8.29 5.69 0.00 0.00 0.00 0.00 3.43 3.21 0.00 1.97 3.80 3.80 2.92 0.80 0.00 1.90 2.77 2.77 1.10 0.15 0.00 2.19 3.36 2.77 2.41 0.88 2.34 5.48 3.72 4.67 1.46 0.95 0.00 0.00 1.68 1.61 1.61 4.23 6.06 8.47 10.27 12.78 9.84 6.65 8.63 10.16 17.42 14.92 15.15 8.79 7.40 8.79 11.57 17.61 24.12 19.37 18.25 10.29 3.01 5.05 4.87 4.69 1.74 0.00 0.00 6.83 14.22 15.67 10.33 6.60 1.61 0.00 0.00 0.00 12.15 17.62 15.76
0.00 0.00 0.00 0.00 3.14 6.13 6.79 8.47 5.77 0.00 0.00 0.00 0.00 0.00 0.00 0.00 0.00 2.56 2.56 0.00 0.00 0.00 2.70 4.60 3.07 3.94 1.39 0.00 1.97 1.46 0.73 2.41 1.31 0.73 2.85 3.80 1.83 1.02 0.44 0.00 0.37 4.53 4.16 4.16 5.33 5.62 10.88 13.87 17.45 13.65 15.64 11.54 11.95 12.28 12.53 14.02 9.35 0.00 9.85 14.42 11.80 15.22 20.19 23.73 19.08 9.03 6.15 8.41 8.46 5.81 0.81 0.00 6.41 12.70 9.65 6.72 5.66 2.64 0.00 6.42 7.30 14.88 15.95 14.11
0.00 0.00 0.00 0.00 0.00 7.45 11.02 9.27 6.94 4.67 6.94 7.52 0.00 0.00 0.00 0.00 0.00 0.00 0.00 0.00 1.83 1.68 0.00 0.00 0.00 0.00 0.29 0.80 1.10 0.66 0.44 2.56 0.00 2.64 2.19 3.29 0.66 0.00 0.00 0.00 0.00 3.36 4.82 4.82 7.04 4.31 8.95 12.63 13.78 15.13 15.96 16.44 17.96 10.93 9.20 10.84 0.00 0.00 12.65 14.77 17.00 16.52 19.36 21.15 21.11 18.84 10.85 8.71 10.19 7.30 2.74 3.34 4.33 3.96 4.10 3.17 3.81 3.36 0.00 4.71 7.65 13.52 16.79 11.16
0.00 0.00 0.00 0.00 0.00 0.00 8.61 9.64 10.88 7.66 7.96 1.90 8.98 6.28 0.00 0.00 0.00 0.00 0.00 0.00 0.00 3.07 2.99 0.00 0.00 0.00 0.00 0.00 0.00 0.73 0.00 0.66 0.44 1.17 0.00 1.46 1.46 0.58 0.00 0.00 0.00 0.00 0.00 0.00 0.29 3.36 2.71 2.13 9.65 8.87 7.66 9.91 9.94 10.00 0.00 0.00 0.00 0.00 13.42 19.74 19.51 12.85 15.43 20.44 17.78 18.58 18.07 7.87 8.82 14.60 9.70 3.11 0.44 0.00 0.00 1.22 2.57 2.12 2.06 3.72 0.00 12.74 16.34 0.00
0.00 0.00 0.00 0.00 0.00 0.00 3.07 4.45 8.98 11.02 9.20 3.58 11.17 9.71 6.72 5.78 5.24 11.90 11.90 0.00 2.63 3.36 3.14 3.36 3.65 2.56 2.04 0.88 1.17 1.68 0.73 0.00 0.00 0.00 0.00 0.00 3.50 0.00 0.00 0.00 0.00 0.00 0.00 0.00 1.17 4.09 2.41 0.00 8.79 11.44 12.84 12.61 13.32 0.00 0.00 0.00 0.00 0.00 0.00 8.13 20.21 18.40 10.40 15.69 19.23 19.59 21.80 10.32 10.54 12.66 9.53 6.20 2.99 1.18 1.20 0.00 2.20 2.38 0.00 0.00 0.00 0.00 0.00 0.00
0.00 0.00 0.00 0.00 0.00 0.00 0.00 4.09 12.26 13.29 13.87 9.56 5.48 8.40 6.79 7.56 9.78 13.95 13.02 7.81 6.57 5.40 1.39 1.53 1.17 2.56 2.26 0.00 0.00 0.00 0.00 0.00 0.00 0.00 1.68 2.85 3.14 0.00 0.00 0.00 0.00 0.95 1.61 1.61 1.68 2.34 1.47 3.94 15.03 19.02 19.60 0.00 0.00 0.00 0.00 0.00 0.00 0.00 0.00 0.00 0.00 17.21 14.78 9.99 17.09 19.72 18.85 16.24 19.85 12.57 5.78 6.62 5.32 2.67 4.30 5.05 5.03 0.00 0.00 0.00 0.00 0.00 0.00 0.00
0.00 0.00 0.00 0.00 0.00 0.00 0.00 0.00 0.00 0.00 0.00 0.00 0.00 0.00 0.00 0.00 2.70 8.94 9.09 19.71 20.15 19.42 13.58 10.44 6.20 5.26 5.91 4.89 0.00 0.00 0.00 0.00 0.00 3.21 4.96 9.56 8.61 9.05 8.18 5.21 10.16 11.65 9.20 9.20 10.29 5.26 1.31 8.95 9.90 0.00 0.00 0.00 0.00 0.00 0.00 0.00 0.00 0.00 0.00 0.00 0.00 0.00 0.00 0.00 19.59 19.32 12.75 13.28 14.85 0.00 0.00 0.00 0.00 0.00 0.00 0.00 5.22 0.00 0.00 0.00 0.00 0.00 0.00 0.00
0.00 0.00 0.00 0.00 0.00 0.00 0.00 0.00 0.00 0.00 0.00 0.00 0.00 0.00 0.00 0.00 0.00 3.43 3.43 5.33 12.83 11.65 14.67 16.94 16.72 9.71 8.69 13.94 14.60 7.96 7.01 7.59 4.31 4.45 4.82 8.83 11.90 17.52 16.21 10.73 8.39 24.67 20.81 23.25 14.38 12.70 8.98 5.91 0.00 0.00 0.00 0.00 0.00 0.00 0.00 0.00 0.00 0.00 0.00 0.00 0.00 0.00 0.00 0.00 0.00 0.00 0.00 0.00 0.00 0.00 0.00 0.00 0.00 0.00 0.00 0.00 0.00 0.00 0.00 0.00 0.00 0.00 0.00 0.00
0.00 0.00 0.00 0.00 0.00 0.00 0.00 0.00 0.00 0.00 0.00 0.00 0.00 0.00 0.00 0.00 0.00 0.00 0.00 0.00 0.00 4.16 8.91 11.10 14.82 5.94 7.08 14.53 18.25 12.63 8.83 10.66 4.74 5.18 3.80 3.25 7.66 12.41 9.86 6.79 3.10 10.80 12.56 15.94 16.85 17.83 15.64 0.00 0.00 0.00 0.00 0.00 0.00 0.00 0.00 0.00 0.00 0.00 0.00 0.00 0.00 0.00 0.00 0.00 0.00 0.00 0.00 0.00 0.00 0.00 0.00 0.00 0.00 0.00 0.00 0.00 0.00 0.00 0.00 0.00 0.00 0.00 0.00 0.00
0.00 0.00 0.00 0.00 0.00 0.00 0.00 0.00 0.00 0.00 0.00 0.00 0.00 0.00 0.00 0.00 0.00 0.00 0.00 0.00 0.00 0.00 1.75 1.75 3.43 0.00 1.24 6.64 10.00 6.79 2.63 6.77 5.45 4.02 0.00 0.00 2.77 3.80 0.88 0.00 0.00 0.00 0.00 0.00 9.15 20.76 6.91 0.00 0.00 0.00 0.00 0.00 0.00 0.00 0.00 0.00 0.00 0.00 0.00 0.00 0.00 0.00 0.00 0.00 0.00 0.00 0.00 0.00 0.00 0.00 0.00 0.00 0.00 0.00 0.00 0.00 0.00 0.00 0.00 0.00 0.00 0.00 0.00 0.00
