Wansh/Snow_depth/snowdepth-1989/winter/1979006.txt
ncols 321
nrows 161
xllcenter 60
yllcenter 15 
cellsize  0.25 
NODATA_value -1
[rows 0 to 36 of 161, columns 84 to 167 of 321]
12.48 12.12 11.83 12.56 10.80 8.32 7.66 5.77 7.30 10.00 11.39 11.32 10.37 10.22 12.26 13.29 12.56 11.75 11.75 11.90 12.63 12.48 9.78 2.77 0.00 0.00 0.00 0.00 0.00 0.00 0.00 3.72 5.77 5.11 4.02 0.00 0.00 0.00 0.00 0.00 0.00 2.34 2.99 2.99 3.07 3.65 1.83 3.43 5.26 5.99 7.15 8.76 6.28 4.38 4.45 4.74 5.40 5.69 5.40 4.38 2.99 3.36 3.87 3.58 3.43 2.12 3.58 5.33 5.33 6.20 6.57 6.06 6.79 7.01 8.18 9.64 8.40 8.10 9.34 9.27 8.25 8.03 6.50 5.04
10.95 10.29 11.17 11.24 9.64 7.96 6.86 6.50 7.59 8.91 9.49 8.98 7.81 7.45 8.98 10.51 10.29 10.80 10.80 11.53 9.93 10.59 9.71 0.00 0.00 2.41 1.75 0.00 2.70 3.65 3.58 3.87 4.67 5.48 4.16 0.00 0.00 0.00 0.00 0.00 0.00 3.21 5.91 5.91 7.74 7.81 5.26 5.11 4.74 5.62 6.64 5.84 5.11 5.40 5.62 6.42 6.50 8.47 8.69 7.52 7.37 7.37 8.25 8.25 6.35 6.72 7.45 9.78 9.78 11.32 10.37 8.83 7.59 8.47 9.27 10.66 10.51 10.95 10.00 12.05 11.68 10.80 10.59 9.56
10.37 8.98 8.03 6.64 6.64 6.86 6.64 7.30 8.76 8.61 8.83 7.88 8.25 8.10 5.77 2.12 1.75 4.96 4.96 9.20 12.78 12.85 0.00 0.00 5.33 4.16 4.23 0.95 1.68 3.07 3.87 1.68 2.56 2.12 1.90 0.00 0.00 0.00 0.00 0.00 0.00 0.00 0.00 0.00 9.93 11.75 10.15 6.42 5.26 4.89 4.82 3.94 3.50 4.16 6.64 8.69 9.56 9.20 10.73 11.32 11.53 11.02 12.56 11.90 11.90 11.68 12.56 13.36 13.36 13.07 12.85 10.80 9.05 9.71 10.59 11.46 12.41 12.99 14.09 14.53 14.60 13.80 13.51 12.63
10.37 8.98 8.03 6.64 6.64 6.86 6.64 7.30 8.76 8.61 8.83 7.88 8.25 8.10 5.77 2.12 1.75 4.96 4.96 9.20 12.78 12.85 0.00 0.00 5.33 4.16 4.23 0.95 1.68 3.07 3.87 1.68 2.56 2.12 1.90 0.00 0.00 0.00 0.00 0.00 0.00 0.00 0.00 0.00 9.93 11.75 10.15 6.42 5.26 4.89 4.82 3.94 3.50 4.16 6.64 8.69 9.56 9.20 10.73 11.32 11.53 11.02 12.56 11.90 11.90 11.68 12.56 13.36 13.36 13.07 12.85 10.80 9.05 9.71 10.59 11.46 12.41 12.99 14.09 14.53 14.60 13.80 13.51 12.63
9.27 6.64 6.13 6.13 6.79 8.18 9.20 9.56 10.44 11.90 11.61 10.00 8.91 9.34 9.49 5.91 2.92 0.00 0.00 0.29 11.68 0.00 0.00 8.91 7.74 5.77 4.31 2.56 1.90 2.26 2.85 3.87 3.58 3.87 5.69 4.89 4.53 3.72 2.48 0.00 0.00 0.00 0.00 0.00 7.59 9.20 8.18 8.47 7.23 6.42 5.40 5.04 3.80 3.36 3.80 5.40 6.50 7.45 9.42 10.29 12.48 13.43 13.87 12.48 13.58 16.13 16.35 15.40 15.40 14.75 13.07 10.44 9.93 10.00 9.64 11.75 14.75 16.13 15.26 16.79 14.60 12.34 11.10 11.90
10.73 9.64 8.54 7.74 6.20 5.11 6.06 6.64 8.25 9.27 9.05 10.00 10.37 10.00 11.10 11.83 10.59 6.72 6.72 1.68 0.00 0.00 2.48 5.69 8.83 9.64 7.52 3.87 1.90 1.46 1.02 2.19 4.53 5.26 5.55 6.57 6.94 4.89 0.00 0.00 0.00 0.00 5.04 5.04 4.96 6.35 5.91 7.52 8.47 7.66 4.31 4.67 5.84 4.09 3.80 4.53 5.18 6.64 9.27 10.66 12.78 12.34 15.40 17.08 17.16 17.89 15.62 13.43 13.43 12.78 12.85 12.85 14.16 13.43 11.61 11.02 11.10 10.73 10.22 12.63 12.70 13.43 12.41 10.80
5.62 5.91 7.52 5.99 7.30 8.47 8.10 7.59 7.45 6.20 7.15 8.47 10.07 10.29 10.44 11.10 13.36 10.22 10.22 0.00 0.00 0.00 3.29 4.45 6.94 5.40 3.94 3.36 3.43 2.77 3.50 3.80 4.96 5.84 5.48 5.11 4.09 3.80 3.65 3.29 0.00 7.66 8.10 8.10 8.25 7.88 8.47 9.34 7.01 4.67 3.21 3.29 4.09 5.18 6.57 7.96 9.05 10.88 12.70 14.09 15.33 17.08 19.20 20.44 18.10 16.64 15.84 14.67 14.67 14.82 14.45 14.45 15.77 15.04 14.89 13.21 13.36 10.66 8.91 8.25 10.07 11.32 11.17 10.88
5.62 5.91 7.52 5.99 7.30 8.47 8.10 7.59 7.45 6.20 7.15 8.47 10.07 10.29 10.44 11.10 13.36 10.22 10.22 0.00 0.00 0.00 3.29 4.45 6.94 5.40 3.94 3.36 3.43 2.77 3.50 3.80 4.96 5.84 5.48 5.11 4.09 3.80 3.65 3.29 0.00 7.66 8.10 8.10 8.25 7.88 8.47 9.34 7.01 4.67 3.21 3.29 4.09 5.18 6.57 7.96 9.05 10.88 12.70 14.09 15.33 17.08 19.20 20.44 18.10 16.64 15.84 14.67 14.67 14.82 14.45 14.45 15.77 15.04 14.89 13.21 13.36 10.66 8.91 8.25 10.07 11.32 11.17 10.88
4.82 4.23 6.20 5.40 5.69 6.79 6.35 5.55 5.48 6.57 6.35 2.12 1.46 5.99 10.73 10.51 10.95 0.00 0.00 0.00 0.00 15.40 10.66 7.88 6.06 3.72 3.14 3.94 3.87 4.23 4.74 3.87 3.58 5.11 6.42 5.69 4.38 3.58 3.80 3.07 2.99 3.29 4.02 4.02 6.06 5.26 5.48 6.20 5.55 4.23 2.70 5.26 7.37 6.28 6.79 7.23 9.27 8.98 10.37 11.39 11.83 12.56 14.67 14.38 14.97 15.70 16.28 16.72 16.72 15.62 15.99 16.35 15.77 13.36 12.41 11.61 10.80 11.46 11.17 10.88 9.64 8.91 9.13 10.07
7.74 7.45 8.76 7.81 5.69 6.42 7.30 8.69 9.93 11.24 4.89 0.00 1.61 4.23 10.59 11.75 0.00 0.00 0.00 0.00 15.55 14.97 11.97 7.52 3.29 2.04 3.58 4.53 4.60 6.13 4.60 5.04 5.69 7.23 9.42 7.08 6.64 6.42 4.53 4.02 3.43 3.21 4.74 4.74 6.06 5.55 5.99 7.15 9.49 11.39 12.70 13.80 14.31 11.46 9.34 9.78 10.59 9.27 8.25 8.40 7.23 8.61 9.13 9.64 9.71 9.71 11.39 13.51 13.51 14.60 14.53 14.97 14.75 12.41 8.32 8.69 10.37 16.35 17.16 14.89 11.68 9.64 8.32 9.86
9.78 9.20 7.37 8.10 12.70 15.18 14.31 14.67 15.18 14.53 8.91 4.89 7.15 8.32 6.50 0.00 0.00 0.00 0.00 11.02 11.83 10.00 6.50 5.62 5.69 5.40 3.58 2.19 2.56 4.67 4.67 4.53 5.55 5.40 5.77 6.72 7.01 6.94 6.13 6.35 6.64 5.55 5.55 5.55 6.72 6.50 7.81 8.83 10.73 9.05 9.34 10.88 10.88 11.32 9.64 10.44 13.72 14.45 11.97 9.27 7.66 8.32 9.20 11.17 12.48 14.09 16.06 19.42 19.42 22.12 20.81 18.40 16.50 9.93 11.39 8.98 11.32 17.45 18.03 15.91 12.26 11.90 11.53 10.88
9.78 9.20 7.37 8.10 12.70 15.18 14.31 14.67 15.18 14.53 8.91 4.89 7.15 8.32 6.50 0.00 0.00 0.00 0.00 11.02 11.83 10.00 6.50 5.62 5.69 5.40 3.58 2.19 2.56 4.67 4.67 4.53 5.55 5.40 5.77 6.72 7.01 6.94 6.13 6.35 6.64 5.55 5.55 5.55 6.72 6.50 7.81 8.83 10.73 9.05 9.34 10.88 10.88 11.32 9.64 10.44 13.72 14.45 11.97 9.27 7.66 8.32 9.20 11.17 12.48 14.09 16.06 19.42 19.42 22.12 20.81 18.40 16.50 9.93 11.39 8.98 11.32 17.45 18.03 15.91 12.26 11.90 11.53 10.88
5.99 10.07 12.05 14.45 15.84 10.00 3.07 2.92 0.00 1.90 0.00 0.00 6.57 10.00 0.00 0.00 0.00 14.09 14.09 12.63 12.19 10.15 6.35 4.23 5.18 5.84 3.65 3.29 3.29 3.72 4.16 4.60 5.69 5.69 5.26 6.06 8.10 8.61 7.08 10.22 12.05 9.78 9.27 9.27 7.96 6.79 6.13 8.40 8.25 8.47 8.18 10.15 9.34 9.64 8.76 9.56 12.92 16.28 17.30 14.16 12.41 12.78 12.41 12.78 13.65 13.21 14.82 17.52 17.52 19.13 20.00 18.91 15.99 13.21 13.51 13.43 15.04 17.08 17.52 16.21 14.09 14.09 14.89 15.18
8.98 12.63 13.51 14.75 11.61 3.07 0.00 5.84 10.22 9.13 8.18 6.50 5.84 6.94 0.00 0.00 7.23 8.25 8.25 8.83 8.10 5.77 4.60 4.31 3.87 4.67 5.40 6.50 6.57 7.66 7.88 8.54 8.91 9.27 8.40 9.86 11.24 9.78 8.10 9.93 8.10 8.61 7.88 7.88 7.45 7.74 8.54 9.05 9.56 8.83 7.96 7.66 7.52 7.52 7.81 7.15 8.54 10.95 12.63 13.80 14.38 15.55 15.26 15.62 16.35 16.35 17.30 18.61 18.61 18.32 20.73 19.93 15.26 11.02 11.10 13.21 13.58 12.78 13.72 10.29 9.20 10.80 8.83 10.51
10.59 10.59 14.02 16.79 11.17 7.81 6.86 5.84 3.29 7.81 9.78 10.29 7.96 0.00 0.00 0.00 4.31 4.31 4.31 3.94 3.80 4.82 5.99 3.58 1.61 2.56 7.74 10.59 9.78 10.51 13.21 16.28 15.99 11.10 9.56 8.47 6.64 5.55 5.91 8.18 9.64 11.02 10.80 10.80 9.34 8.76 8.83 8.18 9.42 8.83 8.61 7.81 6.50 8.32 10.44 10.73 9.71 9.20 9.34 8.76 8.98 8.47 9.64 11.32 13.14 14.02 14.60 13.51 13.51 15.04 16.72 17.37 12.99 10.29 9.64 10.44 9.42 4.09 0.00 2.34 11.83 13.21 11.24 12.70
4.82 9.78 14.24 15.33 15.04 8.91 7.01 7.37 7.96 7.45 8.25 9.20 0.00 0.00 0.00 4.53 3.87 3.21 3.21 3.94 3.50 6.06 9.71 10.95 9.13 7.81 7.01 7.08 9.56 12.92 14.53 14.60 14.02 11.83 8.40 5.40 4.23 5.11 7.52 7.88 10.15 12.63 12.63 12.63 10.37 7.66 9.13 8.32 7.88 8.69 9.86 9.27 8.32 9.71 13.29 16.57 16.43 11.97 8.18 7.15 6.79 6.50 5.99 5.77 8.40 12.34 14.67 15.40 15.40 16.57 17.16 17.37 13.58 15.91 20.00 13.29 6.50 0.00 0.00 6.06 15.18 11.32 9.49 12.63
4.82 9.78 14.24 15.33 15.04 8.91 7.01 7.37 7.96 7.45 8.25 9.20 0.00 0.00 0.00 4.53 3.87 3.21 3.21 3.94 3.50 6.06 9.71 10.95 9.13 7.81 7.01 7.08 9.56 12.92 14.53 14.60 14.02 11.83 8.40 5.40 4.23 5.11 7.52 7.88 10.15 12.63 12.63 12.63 10.37 7.66 9.13 8.32 7.88 8.69 9.86 9.27 8.32 9.71 13.29 16.57 16.43 11.97 8.18 7.15 6.79 6.50 5.99 5.77 8.40 12.34 14.67 15.40 15.40 16.57 17.16 17.37 13.58 15.91 20.00 13.29 6.50 0.00 0.00 6.06 15.18 11.32 9.49 12.63
5.55 9.34 11.53 11.53 12.78 9.64 2.63 2.04 3.50 3.94 5.40 0.00 0.00 0.00 7.23 5.99 5.04 5.33 5.33 4.67 3.36 3.65 5.11 6.86 8.47 10.15 6.57 5.18 6.28 8.83 11.53 13.21 13.51 11.53 6.42 4.67 5.40 6.42 6.42 8.76 9.27 10.80 9.56 9.56 10.88 10.00 9.78 8.69 8.10 9.42 12.63 10.88 11.53 12.41 11.02 11.46 11.68 10.29 8.03 8.69 10.88 11.24 9.71 8.10 8.83 11.02 11.61 14.31 14.31 17.37 17.30 10.51 9.49 16.79 20.29 14.02 6.28 0.00 0.00 4.31 7.66 6.79 6.42 5.62
10.00 13.07 12.92 14.38 15.70 14.60 12.85 7.37 3.50 2.63 5.33 1.97 3.87 11.02 9.71 8.40 7.66 8.03 8.03 9.05 6.06 3.43 2.56 4.31 7.66 9.42 7.01 5.04 7.96 9.05 10.59 12.92 14.82 13.51 10.07 7.45 7.08 6.06 6.79 8.10 10.07 12.05 11.32 11.32 10.15 6.86 5.18 3.43 5.84 9.27 10.95 9.93 7.52 7.59 9.49 11.10 9.27 8.61 10.29 13.07 16.64 17.74 14.67 11.24 9.27 9.93 12.12 15.48 15.48 17.30 16.50 11.90 12.85 14.45 13.94 7.88 0.00 0.00 1.10 3.58 3.21 6.20 7.45 5.40
5.99 9.78 7.37 7.23 12.70 21.17 18.32 12.70 7.15 4.67 0.00 0.00 0.00 6.13 6.57 5.99 7.15 7.59 7.59 7.74 7.66 6.94 5.18 2.99 6.94 8.98 8.61 7.96 7.96 7.88 9.20 12.56 13.65 11.10 7.52 6.50 5.04 0.00 0.00 4.53 0.00 8.25 11.17 11.17 10.22 8.47 0.00 0.00 0.00 12.05 13.87 12.85 10.59 8.83 8.83 10.73 10.95 10.88 9.86 11.10 15.04 17.16 15.70 12.70 10.95 11.02 13.72 17.45 17.45 13.58 0.00 0.00 5.04 6.13 8.25 0.00 0.00 0.00 3.14 3.72 0.00 0.00 0.00 0.00
9.34 11.75 11.17 8.69 5.04 3.36 8.83 11.97 8.83 0.00 0.00 0.00 1.68 2.92 3.29 3.43 7.15 7.45 7.45 7.23 8.18 9.86 10.80 10.22 9.78 11.32 11.68 10.15 8.10 7.74 6.86 7.30 7.30 6.35 4.53 4.38 0.00 0.00 0.00 0.00 0.00 0.00 7.23 7.23 12.70 12.78 9.49 8.18 11.10 13.72 14.97 15.70 14.60 13.51 13.36 12.85 13.87 11.17 10.80 11.68 12.92 14.24 13.65 12.56 14.82 14.75 13.29 11.10 11.10 6.28 0.00 0.00 0.00 0.00 0.00 0.00 0.00 0.00 0.00 0.00 6.94 7.23 8.83 6.64
8.98 11.02 11.39 12.92 11.17 6.06 5.99 10.59 2.56 3.87 1.97 6.35 6.35 5.26 3.72 4.67 6.94 6.86 6.86 7.37 10.07 12.05 14.09 14.67 16.13 17.08 15.33 13.14 11.02 7.66 0.00 0.00 0.00 0.00 0.00 0.00 0.00 0.00 0.00 0.00 0.00 0.00 0.00 0.00 6.64 9.56 6.79 6.13 6.86 7.08 9.49 11.32 12.12 13.43 14.75 13.36 11.83 11.10 12.85 15.62 16.13 15.77 15.40 15.40 14.09 12.70 11.10 9.49 9.49 0.00 0.00 0.00 0.00 0.00 0.00 0.00 0.00 0.00 0.00 4.82 7.30 6.28 4.82 0.00
8.98 11.02 11.39 12.92 11.17 6.06 5.99 10.59 2.56 3.87 1.97 6.35 6.35 5.26 3.72 4.67 6.94 6.86 6.86 7.37 10.07 12.05 14.09 14.67 16.13 17.08 15.33 13.14 11.02 7.66 0.00 0.00 0.00 0.00 0.00 0.00 0.00 0.00 0.00 0.00 0.00 0.00 0.00 0.00 6.64 9.56 6.79 6.13 6.86 7.08 9.49 11.32 12.12 13.43 14.75 13.36 11.83 11.10 12.85 15.62 16.13 15.77 15.40 15.40 14.09 12.70 11.10 9.49 9.49 0.00 0.00 0.00 0.00 0.00 0.00 0.00 0.00 0.00 0.00 4.82 7.30 6.28 4.82 0.00
5.99 7.74 7.81 9.64 8.32 7.37 7.45 8.32 0.00 1.39 7.23 8.91 10.66 10.59 10.73 10.00 11.24 8.18 8.18 7.66 10.15 12.63 14.02 15.84 17.96 19.56 18.03 16.13 12.92 10.66 8.03 5.69 0.00 0.00 0.00 0.00 0.00 0.00 0.00 0.00 0.00 0.00 0.00 0.00 0.00 0.00 0.00 0.00 0.00 0.00 0.00 3.72 4.53 5.40 4.23 7.30 5.62 4.31 6.72 9.56 11.97 12.92 14.60 17.52 16.21 10.88 8.61 7.88 7.88 0.00 0.00 0.00 0.00 0.00 0.00 0.00 0.00 0.00 0.00 0.00 2.92 2.92 3.65 3.29
6.13 7.66 6.42 5.77 5.48 6.86 7.66 0.00 0.00 0.00 9.42 9.20 7.37 7.37 9.71 9.86 9.64 9.71 9.71 9.27 10.22 12.48 11.53 11.25 12.69 15.25 13.05 15.04 14.45 12.19 9.64 7.74 0.00 0.00 0.00 0.00 0.00 0.00 0.00 0.00 0.00 0.00 0.00 0.00 0.00 0.00 0.00 0.00 0.00 0.00 0.00 0.00 0.00 4.45 4.89 5.99 4.96 0.00 5.84 8.69 9.78 11.39 14.97 15.62 13.94 10.66 6.57 4.38 4.38 4.96 5.33 5.18 0.00 0.00 0.00 0.00 2.92 0.88 0.00 0.00 0.00 0.00 0.00 0.00
9.13 7.37 5.33 4.74 2.56 3.29 0.00 0.00 3.87 9.49 6.86 6.72 4.82 3.58 0.00 4.89 7.37 8.91 8.91 8.98 9.93 10.15 9.20 9.89 13.74 12.29 11.79 14.00 17.81 17.01 12.05 7.01 4.60 0.00 3.07 0.00 0.00 0.00 0.00 0.00 0.00 0.00 0.00 0.00 0.00 0.00 0.00 0.00 0.00 0.00 0.00 0.00 0.00 0.00 0.00 0.00 0.00 0.00 0.00 5.04 5.91 5.62 8.32 9.93 9.34 8.18 0.00 0.00 0.00 0.00 0.00 0.00 0.00 0.00 0.00 0.00 0.00 1.68 0.95 0.00 0.00 0.00 0.00 0.00
17.52 16.50 15.04 11.32 7.59 5.48 4.09 5.69 5.48 6.06 0.00 0.00 3.65 0.00 0.00 0.00 0.00 5.18 5.18 6.06 6.86 8.37 6.62 7.00 9.76 9.68 10.43 12.98 16.18 16.46 13.65 11.75 10.29 7.52 5.40 0.00 0.00 0.00 0.00 0.00 0.00 0.00 0.00 0.00 0.00 0.00 0.00 0.00 0.00 0.00 0.00 0.00 0.00 0.00 0.00 0.00 0.00 0.00 0.00 0.00 6.20 0.00 0.00 4.02 0.00 0.00 5.84 6.94 6.94 0.00 0.00 0.00 0.00 0.00 2.63 3.36 0.00 0.00 0.00 0.00 0.00 0.00 0.00 0.00
15.84 16.64 16.21 14.45 12.41 6.50 7.52 6.06 2.77 0.00 0.00 0.00 0.00 0.00 0.00 0.00 0.00 0.00 0.00 0.00 0.00 0.00 0.00 0.00 5.48 6.57 8.05 10.32 14.99 18.66 17.24 15.62 14.38 15.55 13.65 13.07 8.25 0.00 0.00 0.00 0.00 0.00 0.00 0.00 0.00 0.00 0.00 0.00 0.00 0.00 0.00 0.00 0.00 0.00 0.00 0.00 0.00 0.00 0.00 0.00 3.58 4.60 6.06 6.86 3.07 0.00 7.52 9.34 9.34 10.44 9.42 7.96 4.60 0.00 3.87 4.53 0.00 0.00 0.00 0.00 0.00 0.00 0.00 0.00
15.84 16.64 16.21 14.45 12.41 6.50 7.52 6.06 2.77 0.00 0.00 0.00 0.00 0.00 0.00 0.00 0.00 0.00 0.00 0.00 0.00 0.00 0.00 0.00 5.40 6.57 7.81 9.59 14.01 18.94 17.42 16.27 16.16 16.45 14.00 13.07 8.25 0.00 0.00 0.00 0.00 0.00 0.00 0.00 0.00 0.00 0.00 0.00 0.00 0.00 0.00 0.00 0.00 0.00 0.00 0.00 0.00 0.00 0.00 0.00 3.58 4.60 6.06 6.86 3.07 0.00 7.52 9.34 9.34 10.44 9.42 7.96 4.60 0.00 3.87 4.53 0.00 0.00 0.00 0.00 0.00 0.00 0.00 0.00
9.93 12.34 12.92 11.02 15.91 8.91 9.49 8.18 10.00 5.62 0.00 0.00 0.00 0.00 0.00 0.00 0.00 0.00 0.00 0.00 0.00 0.00 0.00 0.00 0.00 4.20 4.13 4.84 6.64 9.98 11.72 11.57 13.24 20.06 16.63 14.22 11.36 7.74 0.00 0.00 0.00 0.00 0.00 0.00 0.00 0.00 0.00 0.00 0.00 0.00 0.00 0.00 0.00 0.00 0.00 0.00 0.00 0.00 0.00 0.00 0.00 2.48 4.82 9.56 11.46 9.64 7.23 8.91 8.91 9.49 0.00 3.65 1.90 1.17 4.02 5.33 2.04 0.00 0.00 0.00 0.00 0.00 0.00 0.00
12.26 10.51 6.72 5.48 4.16 5.55 8.47 7.01 11.10 11.17 8.40 5.55 2.26 3.43 5.40 6.35 7.88 8.47 8.47 6.68 0.00 0.00 0.00 3.14 0.00 0.00 0.80 0.00 3.05 6.34 8.69 7.01 5.99 10.08 12.07 13.97 12.15 10.64 9.27 5.77 0.00 0.00 0.00 0.00 0.00 0.00 0.00 0.00 0.00 0.00 0.00 0.00 0.00 0.00 0.00 0.00 0.00 0.00 0.00 0.00 0.00 0.00 3.94 9.93 11.97 10.59 4.09 0.00 0.00 6.86 0.00 0.00 0.95 4.53 5.84 4.45 1.31 0.95 0.00 0.00 0.00 0.00 0.00 0.00
7.66 9.78 7.88 4.09 4.38 0.00 2.48 3.14 0.66 0.00 4.09 5.62 4.89 5.04 5.18 5.55 6.06 4.60 4.60 2.77 0.00 4.23 0.00 0.00 0.00 0.00 0.00 0.00 0.00 0.00 4.82 5.62 7.23 7.96 8.07 9.78 14.28 12.56 12.70 10.80 8.98 0.00 0.00 0.00 0.00 0.00 0.00 0.00 0.00 0.00 0.00 0.00 0.00 0.00 0.00 0.00 0.00 0.00 0.00 0.00 0.00 0.00 0.00 6.35 8.69 0.00 0.00 0.00 0.00 0.00 0.00 0.00 0.95 1.90 1.10 1.10 1.24 3.94 3.36 3.36 0.00 4.23 0.00 0.00
8.91 8.69 10.88 3.14 5.18 6.79 7.74 7.96 8.03 6.42 5.62 5.48 7.81 8.10 6.86 6.28 6.42 5.91 5.91 4.82 3.80 0.00 0.00 0.00 0.00 0.00 0.00 0.00 0.00 0.00 0.00 2.92 4.31 8.54 9.34 9.49 9.86 10.97 12.37 11.87 9.56 7.23 0.00 0.00 0.00 0.00 0.00 0.00 0.00 0.00 0.00 0.00 0.00 0.00 0.00 0.00 0.00 0.00 0.00 0.00 0.00 0.00 0.00 0.00 0.00 0.00 0.00 0.00 0.00 0.00 0.00 0.00 0.00 0.00 0.00 1.31 1.83 1.97 3.36 4.09 4.96 5.62 0.00 0.00
10.73 10.73 0.80 0.00 1.10 7.59 7.74 7.96 10.32 12.26 12.78 11.90 11.97 6.50 3.87 5.55 4.09 3.07 3.07 0.00 0.00 2.12 0.00 0.00 0.00 0.00 0.00 4.65 0.00 0.00 0.00 0.00 5.77 6.20 9.42 10.22 7.45 6.42 9.63 11.16 7.63 6.64 7.15 7.15 6.13 4.09 0.00 0.00 0.00 0.00 0.00 0.00 0.00 0.00 0.00 0.00 0.00 0.00 0.29 0.00 0.00 0.00 0.00 0.00 0.00 0.00 0.00 0.00 0.00 0.00 0.00 0.00 0.00 0.00 0.00 2.92 1.97 0.29 1.39 1.97 0.00 0.00 2.85 4.45
6.42 6.28 0.00 0.00 0.58 5.33 10.66 8.69 5.47 4.53 6.57 8.98 7.01 3.14 0.00 2.34 0.00 0.00 0.00 0.00 0.00 0.00 0.00 0.00 3.80 4.60 0.00 5.04 0.00 6.13 0.00 0.00 0.00 0.00 0.00 5.99 6.20 5.53 5.77 7.30 5.31 5.26 7.15 7.15 5.91 6.64 5.18 3.50 0.00 0.00 1.97 0.00 0.00 0.00 0.00 0.00 0.00 2.77 0.00 0.00 0.00 0.00 0.00 0.00 0.00 0.00 0.00 0.00 0.00 0.00 0.00 0.00 0.00 0.00 0.37 0.00 0.00 0.00 0.00 0.00 0.00 0.00 0.00 0.00
6.42 6.28 0.00 0.00 0.58 5.33 10.66 8.69 5.33 4.53 6.57 8.98 7.01 3.14 0.00 2.34 0.00 0.00 0.00 0.00 0.00 0.00 0.00 0.00 3.80 4.60 0.00 5.04 0.00 5.91 0.00 0.00 0.00 0.00 0.00 6.02 6.20 5.50 5.83 7.30 5.26 5.26 7.15 7.15 5.91 6.64 5.18 3.50 0.00 0.00 1.97 0.00 0.00 0.00 0.00 0.00 0.00 2.77 0.00 0.00 0.00 0.00 0.00 0.00 0.00 0.00 0.00 0.00 0.00 0.00 0.00 0.00 0.00 0.00 0.37 0.00 0.00 0.00 0.00 0.00 0.00 0.00 0.00 0.00
1.61 0.00 0.00 0.00 0.00 4.31 12.05 12.01 8.00 5.04 8.61 10.15 7.96 0.00 0.00 0.00 0.00 0.00 0.00 0.00 0.00 0.00 0.00 0.00 0.00 0.00 0.00 0.00 0.00 0.00 0.00 0.00 0.00 0.00 1.46 2.77 0.00 0.00 0.00 3.65 0.00 0.00 2.92 2.92 0.00 3.94 4.67 4.96 6.64 0.00 2.26 0.00 0.00 0.00 4.09 0.00 1.31 0.00 0.00 0.00 0.00 0.00 0.00 0.00 0.00 0.00 0.00 0.00 0.00 0.95 0.00 0.00 0.00 0.00 0.00 0.00 0.00 0.00 0.00 2.41 0.00 0.00 0.00 0.00
