Wansh/Snow_depth/snowdepth-1989/winter/1979010.txt
ncols 321
nrows 161
xllcenter 60
yllcenter 15 
cellsize  0.25 
NODATA_value -1
[rows 0 to 36 of 161, columns 168 to 251 of 321]
7.37 7.59 8.10 8.32 8.61 9.64 9.86 6.64 8.03 8.03 8.54 7.81 8.61 9.13 8.40 8.10 9.49 10.29 10.59 11.90 11.97 11.17 13.43 13.72 12.85 10.37 2.04 0.00 0.00 0.00 0.00 2.26 9.13 13.87 12.78 12.78 10.22 10.15 15.55 15.18 11.32 8.40 8.32 8.76 10.07 12.85 15.77 15.70 13.65 10.51 10.88 11.39 9.49 8.76 7.96 8.10 7.23 6.42 7.23 9.64 9.64 11.61 14.60 19.71 24.38 23.94 22.27 20.44 17.81 16.28 16.06 17.16 16.35 16.57 16.72 18.18 18.61 21.46 22.63 23.00 21.75 20.44 20.59 21.83
11.46 9.42 8.47 8.03 7.81 8.54 6.35 7.30 9.05 9.05 10.73 9.78 10.07 9.86 8.03 7.15 7.74 7.96 7.52 9.05 10.80 11.68 13.72 13.72 10.66 0.00 0.00 0.00 0.00 0.00 0.00 5.04 9.71 11.32 10.29 10.29 10.80 12.26 14.97 14.82 9.93 10.37 11.68 10.73 11.46 12.41 10.22 8.69 8.47 7.59 8.10 11.75 11.24 9.05 6.64 5.48 6.28 6.86 7.81 10.29 10.29 14.45 18.18 21.46 21.39 18.76 17.23 15.84 16.21 17.08 18.32 19.49 16.86 16.57 16.72 19.71 21.24 22.70 24.02 22.05 20.22 17.08 16.28 17.45
13.21 12.34 11.02 9.64 9.13 7.59 6.20 7.01 8.69 8.69 9.93 10.51 10.95 9.86 9.56 10.00 10.88 11.32 9.78 10.59 11.53 12.05 13.51 10.29 5.26 0.00 0.00 0.00 0.00 0.00 0.00 4.23 7.23 7.96 7.08 7.08 10.51 14.60 15.77 11.90 9.05 9.56 11.39 10.22 9.05 5.40 4.38 4.09 5.69 7.01 7.30 9.20 10.88 11.83 10.80 8.32 7.52 7.37 8.76 11.10 11.10 12.99 15.77 15.91 13.72 12.99 14.31 17.16 19.49 16.64 15.04 16.79 18.25 18.18 18.76 19.78 20.08 19.20 18.69 16.86 14.45 11.75 9.56 11.90
13.21 12.34 11.02 9.64 9.13 7.59 6.20 7.01 8.69 8.69 9.93 10.51 10.95 9.86 9.56 10.00 10.88 11.32 9.78 10.59 11.53 12.05 13.51 10.29 5.26 0.00 0.00 0.00 0.00 0.00 0.00 4.23 7.23 7.96 7.08 7.08 10.51 14.60 15.77 11.90 9.05 9.56 11.39 10.22 9.05 5.40 4.38 4.09 5.69 7.01 7.30 9.20 10.88 11.83 10.80 8.32 7.52 7.37 8.76 11.10 11.10 12.99 15.77 15.91 13.72 12.99 14.31 17.16 19.49 16.64 15.04 16.79 18.25 18.18 18.76 19.78 20.08 19.20 18.69 16.86 14.45 11.75 9.56 11.90
13.36 14.53 14.02 9.34 6.79 7.74 7.30 6.42 7.81 7.81 7.96 9.93 10.22 10.22 11.32 13.29 15.55 15.40 12.85 11.61 10.66 8.76 3.72 0.00 0.00 0.00 0.00 0.00 0.00 0.00 0.00 3.50 5.18 5.99 9.64 9.64 13.21 13.65 12.34 9.42 6.13 3.94 5.11 5.77 5.11 3.87 2.19 4.02 5.18 5.48 5.77 6.79 8.47 9.56 9.71 8.69 7.08 7.88 7.66 9.20 9.20 11.39 12.85 12.05 11.17 12.70 13.72 15.99 15.26 12.85 13.21 15.40 18.18 15.04 11.68 12.26 13.94 14.75 14.82 12.56 10.44 11.32 11.39 12.48
14.31 12.26 9.64 5.48 0.00 5.99 9.20 7.74 6.64 6.64 7.81 9.64 11.61 10.59 11.10 12.99 14.67 14.09 10.00 6.35 3.94 0.00 0.00 0.00 0.00 0.00 0.00 0.00 0.00 2.63 5.48 0.00 0.00 7.96 10.88 10.88 12.19 8.91 6.35 6.57 6.35 5.62 5.26 5.40 4.60 4.38 4.89 5.18 6.86 5.91 6.64 7.23 6.79 7.15 5.84 5.69 7.01 7.52 7.96 9.78 9.78 11.75 12.63 9.42 8.98 7.81 7.30 8.47 8.32 8.54 7.96 8.76 7.08 7.81 8.32 9.05 10.44 11.61 12.99 13.65 13.07 12.63 11.46 12.41
12.26 11.10 10.73 5.91 5.48 0.00 8.76 9.42 8.25 8.25 8.32 7.74 9.20 9.78 10.07 11.68 12.12 8.10 3.50 0.66 0.00 0.00 0.00 0.00 0.00 0.00 0.00 0.00 6.13 8.91 10.80 11.83 13.21 14.38 14.75 14.75 11.83 8.76 6.50 5.91 5.62 3.65 3.65 5.62 6.42 6.20 5.99 6.79 8.61 8.47 8.32 8.10 6.20 5.26 6.20 7.08 7.01 7.01 7.88 7.74 7.74 7.15 6.72 7.59 8.32 5.04 5.40 7.01 5.69 7.59 8.47 8.32 8.40 8.61 8.69 9.93 10.51 11.10 12.48 14.37 16.14 15.34 14.20 15.48
12.26 11.10 10.73 5.91 5.48 0.00 8.76 9.42 8.25 8.25 8.32 7.74 9.20 9.78 10.07 11.68 12.12 8.10 3.50 0.66 0.00 0.00 0.00 0.00 0.00 0.00 0.00 0.00 6.13 8.91 10.80 11.83 13.21 14.38 14.75 14.75 11.83 8.76 6.50 5.91 5.62 3.65 3.65 5.62 6.42 6.20 5.99 6.79 8.61 8.47 8.32 8.10 6.20 5.26 6.20 7.08 7.01 7.01 7.88 7.74 7.74 7.15 6.72 7.59 8.32 5.04 5.40 7.01 5.69 7.59 8.47 8.32 8.40 8.61 8.69 11.48 14.50 15.97 17.10 24.42 26.66 20.42 18.28 16.06
11.32 10.44 7.96 7.23 6.06 0.00 6.20 8.32 8.69 8.69 6.64 6.64 8.32 11.02 11.83 13.80 9.20 4.38 0.00 0.00 0.00 0.00 0.00 0.00 0.00 0.00 2.26 6.50 10.44 11.53 11.68 12.26 13.21 13.21 12.48 12.48 10.00 6.64 5.11 4.60 5.04 5.04 5.33 6.35 8.76 8.25 7.81 8.98 9.78 10.22 9.13 7.23 6.57 5.91 5.99 6.42 6.35 6.86 5.48 4.60 4.60 5.11 4.31 3.94 4.09 3.50 4.31 4.09 5.04 7.23 8.10 8.25 7.74 8.81 11.87 15.94 18.55 17.59 14.60 16.13 15.76 14.24 13.35 15.13
10.15 9.64 10.07 8.91 7.30 6.86 6.42 5.84 5.91 5.91 4.23 5.33 8.40 8.61 6.35 4.96 1.97 0.00 0.00 0.00 0.00 0.00 0.00 0.00 0.00 3.29 9.34 9.78 10.80 11.90 12.41 11.17 7.52 6.94 5.18 5.18 4.67 3.80 4.45 5.40 6.20 5.69 6.20 7.08 6.79 6.79 7.08 9.42 10.29 9.34 8.18 6.20 5.33 3.94 2.99 4.09 4.60 4.23 3.58 3.43 3.43 3.72 4.67 4.67 5.11 5.40 4.45 4.96 5.48 7.74 6.79 6.42 8.26 12.79 15.06 13.95 14.92 17.43 20.06 18.60 15.23 16.46 15.67 17.28
10.22 10.22 10.51 10.80 11.02 9.56 7.52 5.62 4.96 4.96 4.60 5.04 5.69 4.31 0.00 0.00 0.00 0.00 0.00 0.00 0.00 0.00 4.16 3.94 7.37 8.91 11.39 7.88 8.47 9.42 9.05 6.86 5.18 5.33 4.96 4.96 4.23 3.94 5.62 7.96 8.91 8.25 7.59 7.45 7.30 5.26 5.69 5.84 5.99 6.86 6.42 4.67 4.67 4.45 3.87 3.65 4.02 4.31 3.72 3.80 3.80 4.82 5.62 5.11 4.74 4.45 5.99 6.57 6.06 7.52 8.03 8.32 6.89 7.49 8.58 12.35 16.14 17.52 16.43 17.24 16.49 17.30 16.82 17.56
10.22 10.22 10.51 10.80 11.02 9.56 7.52 5.62 4.96 4.96 4.60 5.04 5.69 4.31 0.00 0.00 0.00 0.00 0.00 0.00 0.00 0.00 4.16 3.94 7.37 8.91 11.39 7.88 8.47 9.42 9.05 6.86 5.18 5.33 4.96 4.96 4.23 3.94 5.62 7.96 8.91 8.25 7.59 7.45 7.30 5.26 5.69 5.84 5.99 6.86 6.42 4.67 4.67 4.45 3.87 3.65 4.02 4.31 3.72 3.80 3.80 4.82 5.62 5.11 4.74 4.45 5.99 6.57 6.06 7.52 8.03 8.32 6.72 7.37 8.32 11.47 14.39 16.22 17.52 17.89 16.49 16.93 18.47 18.79
14.31 12.05 10.66 8.76 8.76 8.76 6.64 3.43 0.00 0.00 0.00 0.00 0.00 0.00 0.00 0.00 0.00 0.00 0.00 0.00 0.00 8.47 9.56 8.69 8.98 6.86 5.04 5.33 6.35 6.50 7.01 6.13 5.77 5.33 5.33 5.33 6.79 7.52 7.66 7.96 8.91 9.49 8.83 8.10 6.57 4.60 3.87 4.23 3.94 3.36 3.65 4.31 4.16 3.29 3.29 3.80 3.50 5.11 5.33 4.16 4.16 5.18 5.77 6.50 6.57 6.20 8.18 8.54 8.91 9.27 9.13 9.05 7.96 7.15 7.86 10.35 11.96 12.17 12.68 13.29 14.30 18.36 19.09 16.69
13.29 13.07 11.83 9.93 8.10 7.74 10.37 0.00 0.00 0.00 0.00 0.00 0.00 0.00 0.00 0.00 0.00 0.00 0.00 1.75 2.34 6.79 6.28 7.30 6.20 7.88 7.45 8.61 8.10 6.94 7.45 8.61 8.98 8.83 8.83 8.83 9.27 9.34 9.78 8.25 8.98 9.71 8.69 7.74 6.94 5.84 2.70 2.12 2.92 3.36 3.65 4.31 4.23 1.90 2.77 2.70 3.50 4.16 4.38 5.62 5.62 6.64 7.15 7.52 7.37 6.94 8.25 8.32 11.53 11.02 10.15 10.00 8.61 8.08 9.94 10.04 9.17 11.70 11.12 10.04 13.78 14.79 16.10 15.54
14.60 14.53 14.38 12.85 11.90 8.54 5.33 5.04 0.00 0.00 0.00 0.00 0.00 0.00 0.00 0.00 0.00 0.00 2.70 4.89 9.42 10.07 9.34 10.51 10.15 10.59 11.53 11.53 10.88 8.69 8.10 8.69 7.81 8.32 8.32 8.32 8.83 9.34 9.71 9.49 9.05 8.83 9.20 8.69 7.45 4.89 2.99 2.12 2.77 3.58 3.58 2.26 3.14 3.21 0.00 2.63 4.23 5.26 4.89 4.82 4.82 7.96 8.83 8.25 7.01 6.50 8.47 9.34 9.13 9.64 9.71 9.05 8.87 10.67 11.24 13.16 12.99 13.52 11.72 11.79 13.82 13.65 13.07 11.52
13.07 10.51 10.29 9.34 9.86 10.37 8.32 7.15 4.31 4.31 1.39 0.00 0.00 0.00 0.00 0.00 0.73 2.12 2.04 2.92 8.40 10.22 10.80 7.96 12.12 12.19 10.88 9.78 9.42 9.20 9.71 9.05 9.05 9.64 10.29 10.29 10.44 9.93 9.42 9.13 8.69 7.88 6.94 6.13 5.18 4.09 3.36 2.04 2.41 2.77 2.56 2.26 0.00 0.00 1.31 2.34 3.72 4.96 5.69 6.28 6.28 8.61 9.78 9.20 8.83 8.47 7.37 7.96 8.61 8.61 8.47 7.83 10.86 10.61 12.83 12.40 14.07 12.18 14.41 14.80 15.20 15.25 10.78 8.61
13.07 10.51 10.29 9.34 9.86 10.37 8.32 7.15 4.31 4.31 1.39 0.00 0.00 0.00 0.00 0.00 0.73 2.12 2.04 2.92 8.40 10.22 10.80 7.96 12.12 12.19 10.88 9.78 9.42 9.20 9.71 9.05 9.05 9.64 10.29 10.29 10.44 9.93 9.42 9.13 8.69 7.88 6.94 6.13 5.18 4.09 3.36 2.04 2.41 2.77 2.56 2.26 0.00 0.00 1.31 2.34 3.72 4.96 5.69 6.28 6.28 8.61 9.78 9.20 8.83 8.47 7.37 7.96 8.61 8.61 8.47 9.61 10.18 11.53 11.52 15.34 14.28 13.47 14.70 13.35 14.70 13.11 11.72 9.77
4.45 4.23 4.38 5.04 6.13 7.23 7.74 6.94 5.40 5.40 5.18 2.04 1.39 1.53 2.12 2.48 2.19 1.02 0.66 5.91 8.10 7.66 9.49 10.07 11.24 10.37 8.69 8.98 9.20 9.93 10.80 9.49 7.74 8.47 9.05 9.05 9.71 9.27 9.34 9.64 10.22 9.86 8.18 6.06 4.23 2.99 1.83 1.17 0.66 0.37 0.88 0.00 0.00 0.88 0.00 0.00 1.83 3.21 4.67 4.89 4.89 6.72 6.94 7.08 7.59 6.50 7.08 6.79 8.83 10.59 10.82 10.24 11.75 13.04 15.63 19.43 16.70 11.76 10.79 13.53 13.71 14.30 11.53 8.14
3.14 4.02 4.02 4.09 4.16 5.04 5.11 2.70 3.21 3.21 4.09 5.48 5.77 5.69 5.62 5.33 3.21 1.61 1.75 7.23 8.47 8.18 9.56 9.93 9.20 8.98 9.42 8.83 9.49 9.13 9.49 9.42 9.13 8.54 9.56 9.56 10.37 9.42 9.42 8.69 9.13 9.34 7.15 4.53 2.56 1.39 1.31 0.73 0.58 0.00 0.37 0.00 0.88 1.97 2.19 0.00 1.39 2.99 2.70 5.26 5.26 4.38 4.74 5.77 3.94 6.86 7.74 7.52 8.32 10.64 13.27 12.83 12.80 13.05 15.04 16.55 15.42 16.43 15.19 15.13 12.09 13.25 11.70 11.21
0.00 3.21 3.14 4.16 3.87 3.21 2.77 2.04 1.75 1.75 1.61 2.77 4.53 3.65 5.04 4.60 4.23 4.23 4.53 8.91 9.56 8.61 8.69 9.20 9.05 9.05 8.98 9.34 10.29 10.07 11.24 12.92 9.64 9.13 9.42 9.42 8.32 8.47 8.69 8.32 6.86 5.99 4.09 2.19 2.19 1.46 1.61 2.04 1.75 1.61 0.00 1.02 1.24 0.00 0.00 0.00 0.00 0.00 0.00 3.07 3.07 4.60 6.42 7.88 7.81 7.96 9.56 9.34 9.93 11.24 11.83 12.12 12.19 12.92 16.72 17.31 18.23 20.33 19.70 15.23 14.15 12.64 11.81 11.13
4.74 5.26 6.64 5.26 4.09 3.80 0.00 0.00 0.00 0.00 0.00 2.77 4.38 5.04 5.77 4.96 4.45 3.58 9.56 9.42 9.86 10.95 10.73 10.07 10.29 8.69 8.54 8.18 10.00 11.75 12.56 12.48 11.17 10.07 10.59 10.59 11.02 9.93 7.23 6.06 5.69 4.38 3.58 2.99 3.43 2.63 3.21 1.83 1.24 0.00 0.00 0.00 0.00 0.00 0.00 0.58 2.70 5.69 7.37 8.47 8.47 7.74 7.15 9.42 10.66 10.66 9.56 10.66 11.17 11.10 12.56 13.72 14.24 14.75 17.10 19.47 22.76 21.05 23.58 21.68 19.63 14.49 14.60 12.25
0.00 0.00 10.80 8.25 4.74 3.65 0.00 0.00 0.00 0.00 0.00 4.23 4.82 3.94 4.82 4.53 4.74 6.13 12.99 12.05 12.56 12.63 11.32 9.56 9.49 9.42 9.78 7.96 6.13 10.88 13.80 11.46 8.98 8.61 8.32 8.32 6.94 5.18 3.80 3.87 4.96 4.23 4.31 4.16 2.48 2.04 2.41 0.00 0.00 0.00 0.00 1.39 1.53 1.24 1.46 5.26 9.27 11.24 10.59 8.61 8.61 8.47 6.16 5.99 5.55 7.59 8.25 9.71 11.02 11.46 12.26 13.29 13.51 13.14 13.54 16.72 21.00 19.22 21.68 19.02 14.97 14.91 18.75 18.61
0.00 0.00 10.80 8.25 4.74 3.65 0.00 0.00 0.00 0.00 0.00 4.23 4.82 3.94 4.82 4.53 4.74 6.13 12.99 12.05 12.56 12.63 11.32 9.56 9.49 9.42 9.78 7.96 6.13 10.88 13.80 11.46 8.98 8.61 8.32 8.32 6.94 5.18 3.80 3.87 4.96 4.23 4.31 4.16 2.48 2.04 2.41 0.00 0.00 0.00 0.00 1.39 1.53 1.24 1.46 5.26 9.27 11.24 10.59 8.61 8.61 8.47 6.16 5.99 5.55 7.59 8.25 9.71 11.02 11.46 12.26 13.29 13.51 13.14 12.99 16.81 16.31 16.91 18.16 22.14 18.31 15.23 14.69 17.17
0.00 0.00 0.00 5.18 5.40 5.84 6.72 6.06 5.84 5.84 0.00 4.23 5.91 8.18 8.61 8.10 7.37 15.48 15.26 13.36 13.58 12.78 11.32 10.59 8.91 8.69 8.61 10.59 10.44 9.27 8.98 8.03 6.64 5.99 4.38 4.38 4.09 4.45 4.38 5.48 5.69 5.04 4.02 2.99 2.04 1.61 1.31 2.19 2.56 0.00 0.00 1.75 3.50 4.02 5.48 7.37 8.91 9.20 8.10 8.98 8.98 5.18 0.00 0.00 3.87 5.77 5.55 7.30 10.80 12.05 12.12 9.71 9.13 9.64 11.02 13.28 15.37 20.08 18.45 16.64 18.14 15.77 19.82 24.05
0.00 0.00 0.00 0.00 0.00 0.00 8.83 0.00 9.05 9.05 6.86 6.35 7.81 9.20 10.88 11.39 10.88 12.34 14.60 12.92 11.46 10.37 9.20 8.91 8.61 9.13 9.78 10.29 8.54 7.52 5.48 5.26 4.89 3.80 4.89 4.89 6.06 7.15 7.30 7.45 7.01 6.13 5.48 4.31 2.04 0.00 0.00 0.00 0.00 0.95 1.46 3.72 5.18 8.54 9.56 10.22 7.01 4.23 4.45 4.74 4.74 0.00 0.00 0.00 0.66 2.19 4.23 5.99 7.96 10.07 11.83 10.80 8.98 11.17 14.97 18.11 18.33 19.11 21.18 21.53 25.19 18.45 21.95 27.70
0.00 6.13 6.13 0.00 0.00 0.00 0.00 6.50 5.40 5.40 4.60 6.57 8.40 9.34 9.13 8.61 11.61 10.51 9.27 10.22 10.00 10.15 9.56 8.76 9.64 9.78 10.59 10.59 8.83 6.94 6.06 5.48 5.84 6.35 8.40 8.40 8.25 8.61 8.10 8.98 10.37 8.10 6.64 5.55 3.87 2.19 0.58 0.66 1.46 0.22 2.63 4.74 4.53 6.20 7.15 5.91 4.31 4.60 4.38 0.00 0.00 0.00 0.00 0.00 0.00 4.02 4.53 5.84 6.64 5.62 7.45 9.86 11.26 13.35 15.34 18.02 17.65 15.53 17.89 19.43 21.43 22.76 21.69 21.95
0.00 0.00 0.00 0.00 0.00 0.00 0.00 4.23 4.82 4.82 6.06 8.25 8.69 8.25 7.23 5.11 10.22 11.17 12.12 10.44 8.69 8.10 11.53 11.90 10.95 10.51 10.07 10.59 8.98 7.37 6.20 5.62 7.08 8.61 8.98 8.98 9.20 8.91 9.20 9.05 7.30 6.79 6.50 5.26 5.84 3.94 3.36 2.63 0.00 0.00 2.34 2.92 3.21 6.79 5.11 2.19 0.00 0.00 1.90 0.00 0.00 0.00 0.00 0.00 2.85 5.84 5.55 5.69 7.08 7.01 7.59 11.17 15.28 17.58 18.92 17.48 18.65 20.66 17.40 17.93 20.23 21.90 25.61 24.41
0.00 0.00 0.00 0.00 0.00 0.00 0.00 2.99 5.18 5.18 6.06 6.64 6.35 6.42 6.28 4.67 7.15 7.88 9.20 7.88 7.66 8.47 8.76 11.46 12.26 11.68 11.75 10.44 7.30 6.57 7.59 7.59 7.81 10.15 10.80 10.80 10.15 9.27 7.96 6.50 6.28 5.40 4.60 4.38 5.11 5.48 6.06 7.30 7.08 5.84 4.74 4.74 4.60 5.26 4.82 0.00 0.00 0.00 1.10 1.24 1.24 1.68 0.00 0.00 0.00 6.20 5.99 6.57 6.86 6.42 9.28 13.42 18.29 18.04 19.86 21.59 19.43 17.88 13.60 11.72 12.91 15.46 17.61 15.94
0.00 0.00 0.00 0.00 0.00 0.00 0.00 2.99 5.18 5.18 6.06 6.64 6.35 6.42 6.28 4.67 7.15 7.88 9.20 7.88 7.66 8.47 8.76 11.46 12.26 11.68 11.75 10.44 7.30 6.57 7.59 7.59 7.81 10.15 10.80 10.80 10.15 9.27 7.96 6.50 6.28 5.40 4.60 4.38 5.11 5.48 6.06 7.30 7.08 5.84 4.74 4.74 4.60 5.26 4.82 0.00 0.00 0.00 1.10 1.24 1.24 1.68 0.00 0.00 0.00 6.20 5.99 6.57 6.86 6.42 9.33 13.28 16.54 20.11 21.19 25.19 22.55 17.31 14.21 11.39 13.65 18.33 16.07 13.54
0.00 0.00 0.00 0.00 0.00 0.00 2.92 4.53 6.28 6.28 6.94 6.79 5.18 4.82 4.23 6.20 5.18 5.26 6.28 7.01 7.74 8.40 8.83 9.93 11.90 14.75 16.79 11.61 10.15 9.49 7.96 8.47 7.45 8.47 8.40 8.40 7.66 6.79 6.94 5.99 6.20 6.50 5.84 7.66 7.30 10.29 8.76 5.48 3.80 4.09 3.80 3.29 2.56 3.43 0.00 2.34 0.00 2.77 4.60 5.26 5.28 4.33 0.00 0.00 4.53 6.28 5.40 4.09 5.36 6.34 9.36 13.57 19.85 21.01 20.55 18.38 12.82 11.97 10.71 7.55 7.07 8.83 8.76 7.88
0.00 0.00 4.89 0.00 2.19 4.82 2.85 2.70 2.63 2.63 3.80 0.00 4.60 3.58 4.09 5.77 5.69 6.64 6.28 5.84 6.20 7.01 6.79 6.35 9.56 11.39 10.07 8.69 8.83 10.07 8.83 7.59 5.26 4.60 5.69 5.69 6.28 6.79 9.05 8.98 7.96 7.52 7.08 6.50 7.52 9.05 9.27 8.76 8.47 7.66 0.00 0.00 0.00 1.61 1.24 2.70 4.67 6.64 9.71 12.05 12.05 10.59 9.13 6.50 3.94 2.70 0.00 3.65 4.31 6.94 9.56 12.27 16.61 17.83 12.43 9.69 8.25 8.21 6.99 4.97 3.56 4.01 3.57 3.09
0.00 0.00 4.38 0.00 4.60 4.74 5.40 4.82 0.00 0.00 0.00 0.00 2.56 3.50 2.70 5.18 7.01 8.03 6.20 4.74 4.60 4.60 0.00 6.20 7.08 5.84 5.18 5.18 6.35 6.72 6.64 6.13 5.11 4.45 4.60 4.60 4.60 7.15 8.54 7.23 6.06 4.23 5.33 5.91 5.40 5.04 5.91 4.82 4.23 5.33 5.26 3.87 3.94 4.23 3.58 2.19 6.79 6.35 8.98 9.34 9.34 8.61 7.08 6.57 5.62 3.87 3.36 4.38 0.00 6.64 8.54 10.40 14.79 11.96 6.73 4.95 4.38 5.35 5.24 4.69 2.12 1.34 0.69 0.39
0.00 5.69 3.72 4.16 5.69 4.38 0.00 6.13 3.07 3.07 0.00 0.00 0.00 0.00 0.00 0.00 4.67 6.20 3.80 1.02 2.63 0.00 0.00 0.00 0.00 0.00 4.38 4.16 4.02 0.00 3.58 3.43 3.21 3.87 4.31 4.31 4.38 4.60 5.48 4.02 3.14 4.02 4.82 4.23 3.72 4.02 4.74 3.65 3.72 4.23 3.43 4.31 4.53 3.58 5.26 0.00 0.00 5.62 7.23 9.27 9.27 10.51 9.78 9.86 9.86 8.32 6.72 7.01 8.25 8.61 9.71 10.84 11.57 8.36 4.72 3.08 3.38 3.26 1.17 0.00 0.00 0.00 0.60 0.67
4.60 4.53 4.60 4.96 6.13 5.55 4.45 3.43 1.46 1.46 0.00 0.00 0.00 0.00 0.00 0.00 0.00 0.00 0.00 0.00 0.00 0.00 0.00 0.00 4.89 6.35 7.81 6.94 5.11 4.60 3.87 3.36 3.87 3.72 0.00 0.00 0.00 0.00 0.00 0.00 0.00 2.85 0.00 3.58 3.29 4.02 4.31 4.67 5.77 4.38 6.06 5.84 0.00 2.04 3.14 0.00 3.94 6.28 9.27 11.83 11.83 12.41 9.78 8.03 6.72 5.33 3.29 0.00 5.69 9.13 9.49 8.69 7.95 5.48 5.63 4.35 3.52 2.94 1.68 1.07 1.16 0.00 0.07 0.00
0.00 0.00 0.00 0.00 2.56 0.00 0.00 0.00 0.00 0.00 0.00 0.00 0.00 0.00 0.00 0.00 0.00 0.00 0.00 0.00 0.00 0.00 0.00 0.00 0.00 5.55 7.37 7.23 5.91 4.96 1.97 0.73 1.68 0.00 0.00 0.00 0.00 0.00 0.00 0.00 0.00 0.00 3.14 3.21 3.80 5.18 6.20 6.79 9.13 8.03 5.69 5.40 5.48 5.33 7.66 8.10 9.27 9.78 11.02 10.07 10.07 7.88 5.62 3.80 2.56 2.63 4.09 4.89 7.45 9.49 9.56 7.56 5.36 4.69 4.57 3.36 1.22 0.00 0.00 0.00 0.00 0.00 0.00 0.00
0.00 0.00 0.00 0.00 2.56 0.00 0.00 0.00 0.00 0.00 0.00 0.00 0.00 0.00 0.00 0.00 0.00 0.00 0.00 0.00 0.00 0.00 0.00 0.00 0.00 5.55 7.37 7.23 5.91 4.96 1.97 0.73 1.68 0.00 0.00 0.00 0.00 0.00 0.00 0.00 0.00 0.00 3.14 3.21 3.80 5.18 6.20 6.79 9.13 8.03 5.69 5.40 5.48 5.33 7.66 8.10 9.27 9.78 11.02 10.07 10.07 7.88 5.62 3.80 2.56 2.63 4.09 4.89 7.45 9.49 9.56 7.52 5.28 4.62 4.57 3.51 1.09 0.00 0.00 0.00 0.00 0.00 0.00 0.00
0.00 0.00 0.00 0.00 0.00 0.00 2.77 0.00 0.00 0.00 0.00 0.00 1.24 0.00 0.00 0.00 0.00 0.00 0.00 0.00 0.00 0.00 0.00 0.00 0.00 0.00 0.00 0.00 0.00 0.00 0.00 0.00 0.00 0.00 0.00 0.00 0.00 0.51 0.00 0.00 0.00 0.00 2.85 3.72 6.72 8.83 11.24 13.29 9.64 5.91 4.09 5.33 7.81 7.74 8.03 6.86 7.08 6.13 7.59 6.57 6.57 6.50 5.11 4.96 6.86 6.57 5.55 6.20 7.88 8.47 7.23 4.96 3.94 4.35 3.89 3.12 2.58 1.20 0.00 0.00 0.00 0.00 0.00 0.00
