Wansh/Snow_depth/snowdepth-1989/winter/1979044.txt
ncols 321
nrows 161
xllcenter 60
yllcenter 15 
cellsize  0.25 
NODATA_value -1
[rows 74 to 110 of 161, columns 84 to 167 of 321]
0.00 0.00 0.00 0.00 0.00 0.00 0.00 0.00 0.00 0.00 0.00 0.00 3.58 6.20 7.23 5.77 0.00 0.00 0.00 0.00 0.00 0.00 0.00 0.00 0.00 5.91 4.82 0.00 0.00 1.10 2.77 3.07 0.00 4.82 6.28 4.45 0.00 0.00 0.00 6.13 6.35 0.00 0.00 0.00 1.75 0.00 0.00 0.00 0.00 0.00 0.00 3.21 2.48 0.00 0.00 0.00 0.00 2.99 1.31 2.04 2.41 0.00 0.00 0.00 5.33 0.00 0.00 0.00 0.00 0.00 5.36 0.00 0.00 0.00 0.00 0.00 0.00 0.00 0.00 0.00 3.07 1.98 1.61 1.75
0.00 0.00 0.00 0.00 1.61 3.21 3.14 3.14 6.13 0.00 0.00 4.67 6.20 6.06 0.00 0.00 0.00 0.00 0.00 0.00 0.00 2.63 0.00 0.00 4.23 10.15 4.74 3.07 3.72 0.00 4.96 0.00 5.04 5.99 6.20 6.72 6.20 5.04 4.74 5.33 5.99 4.45 1.97 1.97 1.97 1.39 1.97 0.00 0.37 0.00 0.00 1.31 0.95 2.41 2.99 2.56 0.00 0.00 3.43 3.72 0.00 0.00 4.23 0.00 0.00 0.00 0.00 0.00 0.00 0.00 9.78 7.23 3.65 0.00 0.00 0.00 0.00 0.00 0.00 0.00 1.53 2.85 2.42 2.22
0.00 0.00 0.00 1.61 5.33 6.72 6.94 6.50 7.01 5.91 5.99 0.00 0.00 0.00 0.00 3.65 0.00 0.00 0.00 1.53 2.26 3.58 0.00 0.00 0.00 0.00 0.00 0.00 0.00 0.00 0.00 0.00 4.89 0.00 4.38 6.86 0.00 5.18 7.81 11.68 7.23 5.55 5.48 5.48 3.65 2.92 3.50 4.16 5.18 0.00 2.26 1.90 0.80 1.53 1.17 1.83 4.16 4.96 1.83 3.50 4.02 0.00 0.00 0.00 0.00 0.00 0.00 2.56 2.56 8.40 11.90 13.29 8.10 1.83 0.00 0.00 0.00 0.00 0.00 0.00 0.00 0.00 1.91 1.88
5.69 5.91 4.53 1.90 2.12 4.38 4.45 3.21 0.00 6.13 5.26 5.18 4.23 3.43 3.87 3.87 0.00 3.21 3.21 3.65 3.50 2.99 0.00 0.00 0.00 0.00 0.00 0.00 0.00 0.00 0.00 0.00 0.00 0.00 4.23 3.07 0.00 4.45 8.25 8.25 4.96 6.20 5.48 5.48 3.80 3.50 5.04 7.81 8.98 6.42 6.35 0.00 2.04 2.26 1.46 2.26 4.38 4.38 5.84 6.86 6.13 1.39 2.12 1.31 0.00 8.76 6.94 4.60 4.60 7.96 9.49 7.45 5.40 4.74 2.48 0.00 0.51 0.00 0.00 0.00 0.44 0.00 1.32 0.81
8.10 7.30 0.00 0.00 5.33 6.13 3.80 1.68 0.00 0.00 0.00 0.00 2.92 3.94 3.21 3.14 3.07 5.18 5.18 6.64 6.50 7.08 5.33 2.85 3.36 2.77 0.00 0.00 0.00 0.00 0.00 0.00 0.00 0.00 6.06 3.36 0.00 0.00 3.72 0.00 0.00 5.62 3.94 3.94 0.00 3.29 4.74 0.00 0.00 6.64 8.61 6.13 4.96 7.37 7.88 6.79 6.06 6.20 5.40 5.40 6.35 5.77 4.31 2.77 3.87 5.55 6.28 6.50 6.50 8.83 8.61 5.55 3.80 4.96 2.04 0.15 0.00 0.00 0.00 1.17 0.00 3.67 4.11 1.48
20.66 13.21 9.20 7.81 7.37 4.89 0.00 0.00 0.00 0.00 0.00 0.00 3.65 0.00 4.09 3.80 3.21 4.45 4.45 4.53 6.72 4.82 4.23 4.31 0.00 0.00 0.00 0.00 0.00 0.00 0.00 0.00 0.00 0.00 0.00 0.00 4.09 0.00 0.00 0.00 0.00 0.00 0.00 0.00 0.00 3.07 2.85 0.00 2.85 4.74 5.69 4.82 5.04 4.45 5.04 5.91 7.08 6.50 7.45 5.48 6.42 6.13 5.84 5.18 0.00 0.00 0.00 6.57 6.57 7.30 7.30 0.00 3.14 3.87 1.10 0.00 0.00 0.00 0.00 0.00 0.00 0.00 4.82 0.00
5.26 6.06 0.00 4.89 4.82 0.00 0.00 0.00 0.00 5.55 4.74 3.14 2.85 2.34 3.80 3.80 4.02 5.33 5.33 4.16 4.02 4.02 4.09 0.00 0.00 0.00 0.00 0.00 0.00 5.26 0.00 0.00 0.00 0.00 0.00 0.00 5.55 0.00 0.00 0.00 3.58 4.31 0.00 0.00 0.00 0.00 0.00 0.00 0.00 1.46 0.00 0.00 0.00 0.00 0.00 0.00 5.48 4.89 6.20 4.67 6.50 4.38 0.00 4.02 0.00 0.00 0.00 0.00 0.00 0.00 1.83 4.16 4.09 3.36 3.07 1.25 0.00 0.61 1.90 1.39 0.00 0.00 0.00 0.00
0.00 0.00 0.00 0.00 0.00 0.00 2.92 0.00 5.48 7.30 8.54 7.15 5.62 4.53 3.50 3.29 3.43 0.00 0.00 0.00 2.19 2.85 3.14 0.00 2.77 3.29 3.07 0.00 0.00 0.00 0.00 0.00 0.00 3.14 3.50 3.43 0.00 0.00 0.00 0.00 3.50 3.07 4.16 4.16 0.00 0.00 0.00 0.00 0.00 4.16 3.07 0.00 0.00 0.00 0.00 0.00 1.97 3.21 5.77 3.50 1.90 2.77 4.45 0.00 0.00 0.00 0.00 0.00 0.00 0.00 0.00 6.35 11.53 10.59 8.54 3.89 1.84 2.29 3.40 3.29 0.00 0.00 0.00 0.00
0.00 0.00 0.00 0.00 0.00 5.33 0.00 4.16 2.92 2.92 6.06 6.50 6.64 5.62 4.89 5.69 6.42 5.33 5.33 0.00 0.00 2.48 0.00 0.00 0.00 3.21 4.38 0.00 0.00 0.00 0.00 0.00 0.00 0.00 0.00 0.00 0.00 0.00 0.00 0.00 4.23 0.00 0.00 0.00 0.00 3.43 1.24 0.00 0.00 0.00 0.00 0.00 0.00 0.00 1.97 0.00 3.65 3.94 5.26 3.87 3.14 4.31 5.69 1.75 0.00 0.00 0.00 0.00 0.00 3.72 2.85 0.00 9.78 13.36 11.46 2.85 2.70 2.99 3.72 2.93 0.00 4.96 0.00 0.00
5.69 6.86 0.00 0.00 2.63 3.65 4.16 4.89 4.16 3.14 3.80 0.00 0.00 5.91 0.00 0.00 5.26 7.08 7.08 5.33 3.94 4.09 3.07 0.00 0.00 0.00 0.00 0.00 0.00 0.00 0.00 0.00 0.00 0.00 4.23 4.74 0.00 0.00 0.00 0.00 0.00 0.00 0.00 0.00 0.00 0.00 0.00 0.00 0.00 0.00 0.00 0.00 0.00 0.00 0.00 1.31 2.04 1.97 3.80 4.02 4.09 3.65 2.12 3.80 2.70 1.02 1.46 3.07 3.07 4.23 0.00 0.00 0.00 11.24 14.75 8.69 2.70 2.77 2.99 3.21 4.02 0.00 0.00 0.00
6.94 7.01 6.28 7.01 5.55 0.00 0.00 4.74 5.48 0.00 0.00 0.00 5.11 5.91 6.79 0.00 6.86 6.35 6.35 5.77 6.35 4.53 0.00 4.09 4.60 0.00 0.00 0.00 0.00 0.00 0.00 0.00 0.00 3.94 4.38 0.00 5.48 4.89 0.00 0.00 0.00 0.00 0.00 0.00 0.00 0.00 0.00 0.00 0.00 0.00 0.00 0.00 0.00 0.00 0.37 1.68 2.12 1.68 1.68 2.92 3.29 2.77 2.77 2.41 2.77 0.00 0.00 2.48 2.48 2.85 2.56 0.00 0.00 7.52 11.46 9.13 5.84 4.09 4.02 0.00 7.30 0.00 0.00 0.00
5.55 0.00 0.00 0.00 6.13 0.00 0.00 0.00 4.89 3.94 3.80 4.96 5.77 6.13 5.33 6.06 6.06 0.00 0.00 6.86 6.94 6.94 0.00 4.89 0.00 0.00 0.00 0.00 5.33 6.64 0.00 3.07 8.18 5.84 4.89 0.00 0.00 0.00 6.35 0.00 0.00 0.00 0.00 0.00 0.00 3.72 0.00 0.00 0.00 0.00 0.00 0.00 0.00 2.99 4.38 3.58 1.39 2.41 0.73 1.90 4.99 3.35 3.54 2.77 2.48 4.60 6.72 4.89 4.89 1.10 4.31 2.48 0.00 3.94 5.55 7.01 8.40 6.94 5.26 5.48 5.84 0.00 0.00 0.00
6.20 6.06 7.74 6.35 6.64 7.15 6.86 7.23 9.05 7.88 4.89 5.91 7.66 9.13 6.72 5.33 6.06 6.35 6.35 0.00 4.53 0.00 5.33 3.36 0.00 0.00 0.00 0.00 5.18 3.07 0.00 5.48 5.18 4.96 0.00 0.00 0.00 0.00 6.20 10.88 10.00 5.26 3.07 3.07 2.63 0.00 0.00 2.77 4.60 0.00 0.00 2.85 2.77 1.83 5.69 13.87 13.29 11.24 7.96 3.21 1.97 2.12 2.46 4.60 5.33 7.59 4.16 0.00 0.00 7.74 10.29 12.85 12.56 7.37 4.96 5.40 5.48 5.48 9.56 10.44 9.05 0.00 0.00 0.00
5.18 5.55 6.28 5.62 5.48 7.74 6.79 6.57 8.32 8.54 5.26 5.04 7.52 8.83 5.18 4.31 6.86 5.91 5.91 4.89 0.00 0.00 4.89 3.21 2.48 0.00 0.00 0.00 0.00 0.00 0.00 0.00 4.45 5.69 0.00 0.00 0.00 0.00 6.35 11.17 10.73 6.35 3.87 3.87 4.67 3.87 4.31 2.92 0.00 0.00 3.58 3.58 3.58 2.56 2.04 6.79 8.03 11.39 12.26 7.96 5.11 1.68 0.95 1.90 3.48 3.36 3.65 3.14 3.14 3.36 7.52 16.86 14.45 9.20 6.13 6.79 6.42 6.06 6.50 9.71 11.24 0.00 0.00 0.00
0.00 2.99 0.00 4.23 4.53 5.77 5.40 3.80 0.00 2.99 5.40 7.23 6.86 6.64 6.57 6.35 5.84 0.00 0.00 7.08 5.55 4.09 4.09 0.00 0.00 0.00 0.00 0.00 0.00 3.43 5.69 0.00 2.99 0.00 0.00 0.00 3.07 2.99 3.58 5.26 5.33 4.09 4.09 4.09 5.77 5.77 5.48 5.18 0.00 0.00 0.00 3.50 2.63 2.99 3.80 4.60 3.72 6.72 9.49 10.07 5.99 1.83 3.94 2.56 5.01 8.50 8.69 7.66 7.66 5.55 5.33 8.76 11.90 12.56 10.44 8.18 8.32 9.05 9.05 8.10 8.10 0.00 0.00 0.00
8.32 3.29 0.00 3.21 4.23 4.31 4.02 2.99 0.00 0.00 3.94 5.84 5.55 7.45 6.94 6.50 6.13 4.23 4.23 5.33 5.77 4.31 3.94 0.00 0.00 0.00 0.00 5.11 0.00 5.77 5.04 5.18 4.23 4.02 4.74 5.33 3.94 4.45 2.85 0.00 0.00 5.55 7.15 7.15 6.94 7.45 8.76 7.88 5.91 5.04 4.16 3.07 1.10 2.34 4.09 3.29 1.68 3.36 6.00 7.96 4.38 4.53 15.20 14.89 11.34 12.27 17.67 19.05 19.05 11.24 6.64 7.66 9.71 12.78 11.17 10.44 11.83 11.83 10.59 0.00 0.00 0.00 0.00 0.00
6.94 4.89 3.65 3.29 0.00 3.80 2.56 0.00 0.00 2.34 2.70 2.92 3.58 4.02 6.42 7.30 5.77 4.38 4.38 5.26 5.18 4.16 3.94 4.09 0.00 0.00 3.72 4.09 0.00 3.94 0.00 5.48 6.57 0.00 4.82 6.06 5.18 5.26 6.06 6.06 4.82 5.62 5.26 5.26 4.74 7.30 9.05 8.47 7.59 6.50 6.35 5.26 5.84 4.09 4.31 7.15 4.82 3.50 4.16 4.60 3.99 4.38 13.79 16.35 24.97 23.21 17.07 17.77 17.21 15.63 15.84 13.72 9.86 11.46 11.90 12.26 13.07 12.26 11.08 0.00 0.00 0.00 0.00 0.00
5.55 5.33 5.33 4.45 0.00 4.16 2.63 2.85 4.60 4.02 3.43 3.50 2.34 0.00 0.00 4.23 4.60 4.02 4.02 3.36 3.07 2.63 3.94 4.53 0.00 0.00 2.85 0.00 0.00 3.94 0.00 4.53 0.00 0.00 4.53 0.00 0.00 5.33 6.20 0.00 0.00 3.80 0.00 0.00 2.70 3.50 4.16 4.23 5.18 4.09 5.04 9.64 18.76 15.84 14.67 17.16 12.41 6.79 4.50 4.94 4.60 5.26 6.03 11.41 21.06 25.18 26.43 24.60 24.72 19.63 17.17 16.35 14.16 13.51 11.15 9.78 7.59 0.00 9.68 10.28 9.19 9.13 0.00 0.00
2.41 3.58 5.99 0.00 0.00 4.53 3.50 5.33 6.79 6.72 3.58 1.75 2.92 0.00 0.00 0.00 0.00 3.80 3.80 0.00 0.00 0.00 0.00 0.00 0.00 0.00 0.00 0.00 0.00 0.00 0.00 0.00 0.00 0.00 0.00 0.00 3.29 3.29 0.00 0.00 0.00 0.00 0.00 0.00 0.00 1.83 2.12 2.99 3.80 2.34 2.85 7.23 14.89 24.38 28.47 28.25 23.43 19.64 13.65 7.64 7.89 9.10 7.65 9.13 15.28 23.49 25.46 21.46 21.46 16.66 15.22 18.42 20.10 17.12 13.87 10.91 7.59 0.00 6.62 11.40 14.68 15.65 12.79 10.86
0.00 2.56 2.63 0.00 0.00 4.23 5.18 3.36 0.00 3.50 0.00 0.00 2.48 0.00 0.00 0.00 0.00 0.00 0.00 3.87 2.99 1.53 2.12 0.00 0.00 0.00 0.00 0.00 0.00 0.00 0.00 0.00 0.00 0.00 0.00 0.00 0.00 0.00 0.00 0.00 0.00 0.00 0.00 0.00 0.00 2.26 3.58 3.58 4.53 7.96 6.57 4.31 10.15 18.40 27.16 27.52 29.13 30.44 26.13 16.43 12.41 10.47 10.71 9.84 21.03 22.09 19.59 15.62 15.62 13.42 10.39 16.42 20.60 18.56 15.27 13.65 12.78 9.19 0.00 10.91 13.45 17.02 16.13 13.36
0.00 2.77 2.12 2.34 2.48 0.00 0.00 0.00 0.00 4.02 2.41 0.00 0.00 0.00 0.00 6.79 4.89 0.00 0.00 2.63 3.87 4.09 3.87 0.00 0.00 3.36 0.00 0.00 0.00 0.00 0.00 0.00 0.00 0.00 0.00 0.00 0.00 0.00 2.12 0.00 0.00 0.00 0.00 0.00 0.00 0.00 1.83 2.56 5.99 13.65 10.73 8.98 13.33 16.03 21.02 24.46 25.74 28.32 31.03 31.61 22.92 11.59 10.68 10.81 12.25 20.09 24.33 16.43 16.51 11.57 10.79 11.60 13.79 19.85 20.39 16.35 14.60 13.31 9.92 9.25 12.45 18.13 18.55 12.92
7.59 6.35 5.84 3.80 0.00 0.00 2.41 0.00 0.00 2.26 0.00 0.00 0.00 0.00 0.00 0.00 0.00 0.00 0.00 0.00 0.00 2.56 0.00 0.00 0.00 3.14 0.00 0.00 0.00 0.00 0.00 0.00 0.00 3.87 0.00 0.00 0.00 0.00 0.00 0.00 0.00 0.00 0.00 0.00 0.00 0.00 0.00 3.50 4.60 10.37 14.97 15.04 13.87 13.38 18.39 22.65 24.20 28.88 28.61 29.35 24.06 12.77 11.52 9.47 8.41 15.30 20.51 11.59 11.59 10.62 10.47 7.54 6.64 12.15 17.31 19.15 14.97 14.68 0.00 8.49 15.45 21.86 23.61 13.08
9.93 8.98 7.88 6.79 3.80 4.16 4.09 0.00 0.00 0.00 0.00 0.00 0.00 0.00 0.00 0.00 0.00 0.00 0.00 0.00 0.00 0.00 0.00 0.00 0.00 0.00 0.00 0.00 0.00 0.00 0.00 0.00 0.00 0.00 3.58 0.00 0.00 0.00 0.00 0.00 0.00 0.00 0.00 0.00 0.00 0.00 4.31 5.40 8.83 15.18 16.72 16.28 13.51 11.74 12.22 16.71 13.78 19.34 23.99 22.78 24.46 18.71 13.85 8.03 6.23 11.05 11.18 6.52 6.42 5.34 0.00 0.00 0.00 13.07 13.94 16.95 11.12 7.46 10.06 7.65 11.36 17.61 15.18 9.70
8.76 0.00 5.04 5.99 4.16 3.36 4.74 3.94 4.31 5.33 0.00 0.00 0.00 1.53 0.00 0.00 0.00 0.00 0.00 0.00 0.00 0.00 0.00 0.00 0.00 0.00 0.00 0.00 0.00 0.00 0.00 0.00 0.00 0.00 0.00 0.00 0.00 0.00 0.00 0.00 0.00 5.11 6.06 6.06 6.06 4.67 4.53 5.11 8.61 12.95 18.59 20.23 22.24 23.18 16.25 12.91 13.51 12.92 11.49 11.08 13.72 15.98 15.90 10.51 4.67 3.33 4.82 0.00 0.00 0.00 0.00 0.00 0.00 16.23 16.43 14.24 8.87 5.57 8.27 7.08 9.04 13.58 11.10 5.57
15.04 8.76 7.74 7.66 6.06 7.08 9.49 9.20 8.10 5.77 4.31 5.62 0.00 1.53 2.26 0.00 0.00 0.00 0.00 0.00 0.00 0.00 0.00 0.00 5.40 5.04 0.00 3.58 0.00 0.00 3.50 0.00 0.00 0.00 0.00 2.26 0.00 0.00 0.00 4.31 3.21 3.72 4.82 4.82 7.96 7.66 9.20 11.75 15.26 20.66 23.10 20.98 16.40 15.78 14.60 13.05 17.55 17.79 19.64 19.37 10.05 8.40 11.22 11.59 7.88 6.16 4.30 2.02 1.99 0.00 0.00 5.45 8.74 12.84 15.95 14.24 4.99 0.00 0.00 0.00 0.00 0.00 0.00 12.75
17.67 14.60 14.45 13.07 12.56 12.85 11.46 7.30 4.60 0.00 0.00 3.50 0.00 2.12 4.23 0.00 0.00 0.00 0.00 0.00 0.00 0.00 0.00 0.00 4.23 4.45 4.02 4.09 4.38 0.00 1.90 2.04 2.41 3.65 3.94 1.17 0.00 6.50 3.14 1.31 1.68 1.68 3.58 3.58 6.42 8.32 10.29 9.71 13.55 19.54 19.64 16.05 12.66 9.48 7.75 7.72 10.80 11.44 14.04 18.33 20.28 14.37 12.92 9.93 4.23 4.38 6.02 3.01 2.97 0.00 0.00 0.00 3.34 6.94 14.37 11.46 8.33 5.02 0.00 0.00 0.00 0.00 10.73 0.00
14.89 15.26 12.12 9.49 10.22 12.92 13.36 8.54 1.68 0.00 0.00 0.00 0.00 0.00 0.00 3.29 0.00 3.36 3.36 3.80 0.00 0.00 0.00 0.00 1.39 0.73 0.00 2.34 1.90 2.19 1.31 1.39 1.68 4.89 5.62 6.64 8.10 4.45 1.24 1.02 1.24 1.31 1.90 1.90 3.58 5.84 6.42 7.37 12.65 15.72 13.59 13.95 16.49 14.84 11.16 7.78 4.67 8.05 10.10 15.29 17.58 21.30 16.28 6.28 3.36 4.39 6.26 4.26 4.73 3.77 0.00 0.00 2.67 8.16 14.00 12.31 8.54 4.89 0.00 0.00 0.00 0.00 9.81 0.00
9.86 12.19 11.17 3.50 4.45 10.00 12.63 9.24 5.69 0.00 0.00 0.00 0.00 0.00 5.40 4.02 3.29 4.23 4.23 0.00 0.00 0.00 0.00 0.00 0.73 0.00 0.00 0.29 2.41 2.85 2.19 1.83 1.31 2.19 4.53 4.09 4.09 1.61 1.02 0.22 0.66 0.58 1.68 1.68 2.85 5.40 5.77 7.78 13.14 11.43 10.30 12.12 15.19 20.25 15.39 13.05 4.89 5.65 7.88 10.25 13.23 19.92 19.08 18.54 14.38 4.40 6.02 6.36 6.13 3.07 1.18 1.50 3.84 10.99 12.23 8.91 8.89 0.00 0.00 3.26 0.00 0.00 11.38 13.29
0.00 0.00 0.00 0.00 3.07 7.37 10.00 10.73 7.81 0.00 0.00 0.00 0.00 0.00 3.72 0.00 3.94 4.23 4.23 0.00 0.00 0.00 0.00 0.00 1.46 3.07 0.44 1.17 2.56 1.90 0.80 2.56 0.58 1.17 2.41 2.70 0.07 1.83 0.07 0.51 0.80 1.24 3.36 3.36 5.18 5.91 7.66 12.85 14.31 14.60 17.86 16.28 14.21 12.54 14.32 14.60 11.16 3.17 10.53 12.87 10.52 13.13 19.26 22.88 19.08 8.20 6.40 8.33 8.38 5.89 1.22 2.26 3.12 6.43 5.74 4.79 5.29 4.62 0.00 4.33 7.38 10.04 12.08 15.17
0.00 0.00 0.00 0.00 0.00 9.71 13.72 14.38 10.37 5.77 7.52 0.00 0.00 0.00 0.00 0.00 0.00 0.00 0.00 0.66 0.00 0.00 0.00 0.00 0.00 0.00 0.00 0.37 0.73 0.66 0.00 2.77 1.54 0.88 0.22 0.22 0.00 0.66 0.29 0.29 2.48 4.02 3.50 3.50 2.86 4.09 9.02 11.75 13.56 17.08 19.95 20.28 21.53 13.92 9.03 12.33 9.81 0.00 12.65 8.26 10.24 12.41 15.97 20.92 18.94 17.91 13.64 8.71 10.19 11.66 5.84 2.56 0.81 2.11 2.71 2.25 4.14 2.99 2.95 3.51 6.17 9.91 13.63 10.47
0.00 0.00 0.00 0.00 0.00 0.00 11.46 13.65 14.45 9.49 9.05 2.70 3.65 0.00 0.00 0.00 0.00 0.00 0.00 0.00 0.00 0.00 0.00 0.00 0.00 0.88 1.17 0.66 0.44 0.73 0.00 0.00 0.00 0.00 0.15 0.88 1.83 0.07 0.00 0.00 0.15 0.66 0.00 0.00 1.17 2.56 2.13 4.41 7.13 10.24 6.70 10.35 9.15 11.54 13.40 0.00 0.00 0.00 0.00 7.57 13.20 11.89 12.86 12.81 17.18 17.34 18.43 7.05 7.90 11.68 8.13 2.35 1.32 0.00 1.68 1.22 1.74 0.88 1.98 1.34 4.73 9.86 13.83 9.84
0.00 0.00 0.00 0.00 0.00 0.00 4.67 7.88 12.41 11.32 10.15 4.60 8.03 11.53 7.30 8.08 7.15 6.28 6.28 0.00 0.00 0.00 0.00 0.00 0.00 2.12 1.90 0.58 0.44 3.07 0.51 0.00 0.00 0.00 0.00 1.53 4.67 2.41 0.00 0.00 0.44 0.07 1.53 1.53 3.21 3.21 1.02 1.42 3.97 8.44 9.71 11.28 13.41 0.00 0.00 0.00 0.00 0.00 0.00 0.00 12.12 17.92 12.06 12.33 19.02 17.43 22.00 12.23 12.49 8.87 6.69 5.18 5.45 2.95 1.80 2.52 3.69 2.92 0.00 0.00 0.00 0.00 0.00 0.00
0.00 0.00 0.00 0.00 0.00 0.00 0.00 6.50 12.56 11.75 6.50 9.42 11.32 13.43 9.56 11.37 10.66 11.53 10.76 0.00 0.00 0.00 0.00 0.00 0.58 2.41 2.04 0.00 0.00 2.12 2.85 3.50 0.80 1.53 1.68 1.53 2.63 0.00 0.00 0.00 0.22 2.12 2.19 2.19 2.70 0.88 0.37 5.10 14.77 20.84 23.30 21.04 15.54 0.00 0.00 0.00 0.00 0.00 0.00 0.00 0.00 19.40 16.52 8.26 11.63 20.57 20.01 17.72 21.66 9.63 5.15 0.00 0.00 2.09 2.03 2.57 5.82 0.00 0.00 0.00 0.00 0.00 0.00 0.00
0.00 0.00 0.00 0.00 0.00 0.00 0.00 0.00 0.00 0.00 0.00 0.00 0.00 0.00 0.00 4.38 7.74 5.05 5.13 12.48 12.70 14.82 9.20 9.64 5.18 4.53 7.08 4.67 2.04 0.00 0.00 1.10 0.00 1.90 4.31 5.48 6.57 6.28 5.11 6.68 9.11 9.07 6.64 6.64 6.28 1.46 1.24 8.66 8.39 5.12 0.00 0.00 0.00 0.00 0.00 0.00 0.00 0.00 0.00 0.00 0.00 0.00 0.00 0.00 15.67 19.04 10.38 11.67 13.04 0.00 0.00 0.00 0.00 0.00 0.00 5.07 0.00 0.00 0.00 0.00 0.00 0.00 0.00 0.00
0.00 0.00 0.00 0.00 0.00 0.00 0.00 0.00 0.00 0.00 0.00 0.00 0.00 0.00 0.00 0.00 0.00 0.00 0.00 0.00 3.87 6.20 13.36 13.65 14.67 8.08 10.26 13.43 10.80 8.03 6.64 4.45 4.23 4.38 4.89 7.52 11.97 15.26 14.75 9.13 9.31 17.50 12.99 14.52 8.91 6.50 7.88 14.75 7.41 0.00 0.00 0.00 0.00 0.00 0.00 0.00 0.00 0.00 0.00 0.00 0.00 0.00 0.00 0.00 0.00 0.00 0.00 0.00 0.00 0.00 0.00 0.00 0.00 0.00 0.00 0.00 0.00 0.00 0.00 0.00 0.00 0.00 0.00 0.00
0.00 0.00 0.00 0.00 0.00 0.00 0.00 0.00 0.00 0.00 0.00 0.00 0.00 0.00 0.00 0.00 0.00 0.00 0.00 0.00 0.00 0.00 5.69 6.94 16.35 3.74 8.04 11.90 16.79 11.90 8.47 11.75 5.71 4.16 2.41 2.50 8.83 11.68 8.61 6.28 5.31 9.42 9.08 11.53 13.04 14.45 12.61 9.45 0.00 0.00 0.00 0.00 0.00 0.00 0.00 0.00 0.00 0.00 0.00 0.00 0.00 0.00 0.00 0.00 0.00 0.00 0.00 0.00 0.00 0.00 0.00 0.00 0.00 0.00 0.00 0.00 0.00 0.00 0.00 0.00 0.00 0.00 0.00 0.00
0.00 0.00 0.00 0.00 0.00 0.00 0.00 0.00 0.00 0.00 0.00 0.00 0.00 0.00 0.00 0.00 0.00 0.00 0.00 0.00 0.00 0.00 0.00 0.00 0.00 0.00 0.00 1.24 8.91 4.45 2.56 5.64 4.44 0.00 0.00 0.00 0.00 0.00 0.00 0.00 0.00 0.00 0.00 0.00 7.85 10.81 4.95 0.00 0.00 0.00 0.00 0.00 0.00 0.00 0.00 0.00 0.00 0.00 0.00 0.00 0.00 0.00 0.00 0.00 0.00 0.00 0.00 0.00 0.00 0.00 0.00 0.00 0.00 0.00 0.00 0.00 0.00 0.00 0.00 0.00 0.00 0.00 0.00 0.00
