Wansh/Snow_depth/snowdepth-1989/winter/1979030.txt
ncols 321
nrows 161
xllcenter 60
yllcenter 15 
cellsize  0.25 
NODATA_value -1
[rows 74 to 110 of 161, columns 84 to 167 of 321]
0.00 0.00 0.00 0.00 0.00 0.00 0.00 0.00 0.00 0.00 0.00 0.73 2.77 4.82 5.62 0.00 0.00 0.00 0.00 0.00 0.00 0.00 0.00 0.00 0.00 4.82 2.70 0.00 0.00 0.00 0.00 0.00 0.00 1.10 0.80 0.00 0.00 0.00 6.94 8.69 7.37 2.48 2.04 2.04 0.00 3.50 0.00 0.00 0.00 0.00 0.00 0.00 0.00 0.00 1.64 1.24 4.02 4.60 3.94 0.00 0.00 3.07 0.00 3.36 1.97 0.00 0.00 0.00 0.00 0.00 5.94 1.75 0.00 0.00 0.00 0.00 0.00 0.00 0.00 0.00 3.21 3.30 2.77 1.97
0.00 0.00 0.00 0.00 0.00 0.00 5.18 4.38 6.72 0.00 0.00 0.00 6.42 5.18 4.89 4.89 4.16 0.00 0.00 0.00 2.26 1.10 0.00 0.00 4.96 8.69 4.02 0.00 0.00 0.00 0.00 0.00 0.00 0.00 1.46 2.19 3.36 2.85 0.00 7.30 7.52 5.26 3.65 3.65 4.74 1.61 1.75 2.26 1.39 0.88 0.00 0.58 1.53 1.97 2.34 1.90 2.70 2.85 3.58 4.74 4.38 3.65 4.53 0.00 0.00 0.00 0.00 0.00 0.00 0.00 7.08 6.79 0.00 0.00 0.00 0.00 0.00 0.00 0.00 0.00 0.80 2.34 1.98 2.30
0.00 0.00 0.00 0.00 2.26 6.20 6.13 6.64 6.50 0.00 6.13 6.35 7.23 5.91 4.60 4.82 4.23 5.48 5.48 3.58 0.00 2.56 2.92 0.00 0.00 3.07 0.00 0.00 0.00 4.16 0.00 0.00 0.00 0.00 0.00 2.63 0.00 0.00 11.83 10.66 6.35 5.99 5.55 5.55 5.77 3.58 3.29 6.20 5.62 0.00 2.04 1.68 2.12 3.21 1.68 0.80 2.26 3.14 2.85 3.72 4.45 2.63 2.70 2.04 1.39 0.00 0.00 0.00 0.00 6.28 10.22 10.95 7.30 3.43 0.00 0.00 0.00 0.00 0.00 0.00 0.00 1.84 3.96 2.41
1.53 2.41 1.02 0.00 0.00 0.00 5.48 5.04 5.91 5.55 5.62 5.69 6.20 6.50 5.48 5.26 4.38 0.00 0.00 0.00 0.00 0.00 0.00 3.07 0.00 3.58 0.00 3.43 0.00 0.00 2.77 2.56 3.21 0.00 4.74 4.89 0.00 3.80 7.01 5.26 3.50 0.00 5.55 5.55 6.50 4.74 6.20 7.01 7.37 6.06 6.28 4.53 2.34 4.09 1.39 1.39 4.16 4.96 5.99 6.13 4.67 2.56 2.92 3.07 1.75 1.97 2.34 3.14 3.14 6.20 7.81 8.25 6.13 4.89 0.00 0.00 0.00 0.00 0.00 0.00 0.00 0.00 1.10 1.47
2.56 0.00 0.00 0.00 0.00 5.91 3.50 5.48 5.48 4.53 0.00 6.86 5.62 7.23 6.13 4.74 0.00 6.20 6.20 4.96 5.69 5.33 4.31 4.38 4.60 4.82 5.55 4.45 0.00 0.00 0.00 0.00 0.00 4.09 6.35 3.36 0.00 0.00 0.00 3.14 0.00 0.00 3.72 3.72 0.00 0.00 5.69 5.62 5.99 7.52 9.93 8.18 6.13 7.30 8.69 7.66 6.20 4.45 0.00 5.26 6.42 6.79 6.13 4.53 3.36 5.33 5.84 4.96 4.96 6.13 6.79 5.84 4.60 6.13 1.46 0.00 0.80 0.00 0.00 0.00 1.17 0.95 1.61 1.19
17.30 11.10 7.81 5.91 5.55 0.00 3.43 5.62 5.40 0.00 5.91 5.69 6.28 7.01 6.86 4.16 3.72 3.80 3.80 4.16 4.74 4.23 4.16 0.00 0.00 0.00 0.00 3.94 0.00 0.00 0.00 0.00 5.48 0.00 3.50 0.00 5.04 0.00 0.00 0.00 4.16 3.07 0.00 0.00 0.00 0.00 0.00 0.00 0.00 5.18 5.62 5.77 5.40 5.69 6.50 7.23 7.81 8.10 7.08 6.57 7.96 5.99 4.31 2.41 1.31 2.99 4.89 6.57 6.57 6.42 0.00 5.55 5.04 4.31 0.29 0.00 0.15 0.51 0.00 0.00 0.00 3.80 3.80 2.42
7.01 6.79 5.77 6.06 0.00 0.00 0.00 4.45 3.94 6.28 6.79 5.91 5.91 5.40 3.58 4.16 4.09 3.36 3.36 3.87 4.45 3.58 3.80 4.09 0.00 0.00 0.00 4.45 0.00 5.11 2.85 0.00 0.00 0.00 0.00 0.00 5.48 0.00 0.00 0.00 0.00 2.04 0.00 0.00 0.00 0.00 0.00 0.00 0.00 0.00 0.00 0.00 0.00 0.00 0.00 5.91 5.91 6.06 5.99 3.80 3.29 3.43 0.00 0.00 0.00 0.00 0.00 0.00 0.00 0.00 0.00 0.00 4.53 2.77 3.21 1.76 0.07 0.23 0.00 0.00 0.00 1.46 1.31 2.56
0.00 0.00 0.00 0.00 0.00 0.00 0.00 2.92 3.36 5.40 5.69 6.35 5.55 5.18 4.53 4.74 4.23 3.65 3.65 0.00 0.00 3.80 3.43 0.00 0.00 0.00 3.14 0.00 0.00 3.36 0.00 0.00 0.00 3.50 3.65 0.95 0.00 0.00 0.00 0.00 4.89 4.67 5.04 5.04 3.29 0.00 0.00 0.00 0.00 0.00 0.00 0.00 0.00 0.00 0.00 0.00 0.00 2.12 2.41 2.99 3.07 4.74 4.53 3.72 0.00 0.00 0.00 0.00 0.00 2.70 3.14 0.00 11.90 11.68 11.61 4.99 1.84 0.00 0.00 0.00 0.00 0.00 0.00 0.00
0.00 2.70 1.31 0.00 0.00 4.45 5.91 2.99 0.00 0.00 4.45 3.87 5.48 5.18 5.40 5.77 6.79 3.65 3.65 0.00 0.00 3.21 3.43 3.43 0.00 0.00 3.65 3.72 0.00 0.00 0.00 0.00 0.00 0.00 2.85 0.22 0.00 0.00 0.00 0.00 4.67 3.94 3.14 3.14 0.00 0.00 0.00 0.00 0.95 0.00 0.00 0.00 0.00 0.00 0.00 0.00 2.26 0.00 1.39 3.65 3.65 3.87 3.43 4.09 3.50 1.02 0.00 4.45 4.45 6.35 4.67 4.53 12.34 15.62 13.14 5.62 5.33 0.00 0.00 0.00 0.00 0.00 0.00 0.00
4.38 3.36 3.07 3.65 0.00 0.00 0.00 4.60 3.29 0.00 3.50 3.36 4.89 5.33 5.69 5.84 5.84 4.74 4.74 3.50 0.00 4.45 4.45 3.50 2.34 3.21 5.11 3.87 2.19 2.12 2.48 2.99 0.00 0.00 3.43 2.04 0.00 0.00 0.00 2.85 0.00 0.00 0.00 0.00 0.00 0.00 0.00 0.00 0.00 0.00 0.00 0.00 0.00 0.22 1.02 0.66 1.39 2.04 1.90 2.63 3.94 3.87 3.07 3.72 2.99 0.80 0.88 5.04 5.04 5.84 0.00 0.00 6.13 15.11 15.99 8.69 5.04 3.58 0.00 0.00 0.00 0.00 0.00 0.00
2.48 0.00 0.00 3.58 0.00 0.00 0.00 4.31 4.96 4.09 0.00 4.74 6.86 5.55 5.84 0.00 0.00 5.18 5.18 4.96 4.96 4.09 3.21 4.23 4.38 3.36 3.07 0.00 2.41 3.87 0.00 0.00 0.00 0.00 2.41 0.00 5.18 0.00 0.00 0.00 0.00 0.00 0.00 0.00 0.00 0.00 0.00 0.00 0.00 0.00 0.00 0.00 1.17 0.58 0.00 0.00 0.00 0.58 0.66 2.26 3.65 4.31 3.29 2.63 2.26 2.56 2.92 3.29 3.29 4.38 4.09 0.00 0.00 8.91 9.71 7.01 4.31 3.14 0.00 0.00 0.00 0.00 0.00 0.00
0.00 0.00 0.00 2.77 0.00 0.00 0.00 0.00 0.00 4.89 0.00 3.94 4.82 5.04 4.23 0.00 3.72 4.38 4.38 5.84 5.26 4.38 0.00 0.00 0.00 3.87 3.72 0.00 3.07 3.43 0.00 6.06 8.25 0.88 1.24 0.00 0.00 0.00 0.00 0.00 0.00 0.00 0.00 0.00 3.72 3.87 0.00 0.00 0.00 0.00 0.00 0.00 1.39 3.43 2.85 0.44 0.15 0.37 0.00 0.58 3.01 3.87 3.69 2.56 2.19 3.50 3.94 2.56 2.56 3.14 3.94 2.56 0.00 0.00 2.70 4.53 4.60 5.26 0.00 0.00 0.00 0.00 0.00 0.00
2.92 5.26 6.06 5.99 6.42 4.82 4.53 5.04 9.05 6.50 4.09 4.38 6.79 8.03 0.00 3.43 3.72 4.74 4.74 0.00 3.43 0.00 4.53 0.00 0.00 3.80 2.12 1.02 4.09 4.16 0.00 4.74 3.65 2.70 0.00 0.00 0.00 0.00 0.00 10.00 10.51 5.40 0.00 0.00 0.00 1.17 2.77 0.00 0.00 3.50 3.65 1.97 1.46 1.46 4.23 14.02 14.67 13.72 7.88 3.72 1.46 2.85 4.10 5.11 4.23 3.94 2.41 4.38 4.38 6.35 8.91 12.99 7.88 5.69 2.85 2.41 4.09 8.25 8.03 6.86 0.00 0.00 0.00 0.00
0.00 3.87 5.18 3.94 5.91 5.26 4.74 5.55 7.01 7.81 4.82 5.33 6.79 7.37 4.67 4.09 3.80 3.50 3.50 4.38 2.63 2.63 4.38 3.65 3.07 4.09 3.50 3.14 4.23 3.43 3.80 2.56 4.67 5.40 0.00 0.00 0.00 0.00 0.00 7.30 10.29 0.00 2.34 2.34 4.89 2.41 0.58 2.19 0.00 2.77 3.94 4.38 2.48 1.10 1.46 4.09 8.32 12.41 11.61 7.01 3.58 1.83 2.19 1.97 1.78 3.14 2.99 3.29 3.29 3.36 7.15 15.55 11.32 7.01 4.82 3.87 4.09 4.60 0.00 6.57 0.00 0.00 0.00 0.00
0.00 0.00 0.00 2.99 4.67 2.48 2.70 2.63 0.00 5.11 0.00 5.26 5.18 5.55 5.69 4.23 0.00 4.31 4.31 5.18 4.67 4.09 5.99 0.00 4.82 5.33 3.50 0.00 3.07 3.21 4.74 4.23 2.04 2.77 4.38 0.00 0.00 0.00 0.00 0.00 2.77 0.00 0.00 0.00 3.50 3.94 2.63 3.65 3.21 2.26 3.43 3.36 0.00 0.44 1.53 1.90 2.34 6.86 7.81 10.15 5.40 2.56 2.26 1.10 1.84 5.25 5.69 0.88 0.88 3.72 4.60 9.05 10.88 10.00 8.98 7.01 4.82 6.42 0.00 5.40 7.15 0.00 0.00 0.00
8.83 0.00 0.00 0.00 2.04 3.43 0.00 0.00 0.00 0.00 0.00 4.23 3.72 5.26 5.91 6.72 5.26 4.09 4.09 4.82 7.74 6.20 5.18 4.96 4.89 5.04 4.38 0.00 0.00 0.00 0.00 4.16 4.38 4.38 5.40 0.00 0.00 0.00 0.00 0.00 0.00 4.09 4.74 4.74 3.72 6.64 6.86 8.10 4.89 3.58 3.43 2.56 0.29 0.00 2.99 3.87 2.26 3.58 5.11 7.67 4.96 4.60 8.12 11.68 9.71 10.39 17.06 14.16 14.16 8.61 7.59 5.91 7.52 9.13 8.10 0.00 6.86 8.54 0.00 0.00 0.00 0.00 0.00 0.00
5.84 2.41 0.00 0.00 0.00 0.00 0.00 0.00 0.00 0.00 0.00 0.00 0.00 0.00 3.80 4.89 5.91 4.02 4.02 3.80 4.82 5.40 5.04 5.33 7.23 5.04 3.50 0.00 0.00 2.41 0.00 5.04 4.82 5.33 3.50 3.21 4.09 4.82 0.00 0.00 0.00 5.62 0.00 0.00 1.02 5.62 8.03 7.15 6.57 5.26 4.60 4.67 6.13 5.11 5.18 8.25 9.05 3.21 2.63 2.85 2.03 3.29 5.53 15.48 22.63 21.53 15.72 15.23 14.75 15.26 15.33 10.07 8.40 10.44 9.49 9.78 0.00 0.00 0.00 0.00 0.00 0.00 0.00 0.00
0.37 0.00 0.00 0.00 0.00 0.00 0.00 0.00 2.34 0.00 0.00 0.00 0.00 0.00 0.00 0.00 0.00 4.31 4.31 2.26 0.00 0.00 0.00 0.00 3.07 4.89 4.38 0.00 0.00 0.00 4.02 3.29 0.00 0.00 4.09 0.00 0.00 0.00 0.00 0.00 0.00 0.95 0.00 0.00 0.37 2.63 3.07 3.29 5.55 4.96 5.69 8.40 15.99 18.91 18.10 20.08 15.40 7.30 4.79 3.61 4.02 6.20 6.48 7.98 16.04 26.52 26.28 24.82 24.94 20.46 20.47 14.53 14.53 13.29 8.88 7.01 0.00 0.00 9.46 0.00 0.00 0.00 0.00 0.00
0.44 0.37 0.00 0.00 0.00 0.00 0.00 4.82 4.89 0.00 0.00 0.00 0.00 0.00 0.00 0.00 1.83 5.33 5.33 5.55 1.24 0.00 0.00 0.00 0.00 1.75 0.00 0.00 0.00 0.00 0.00 0.00 0.00 0.00 0.00 0.00 0.00 0.00 0.00 0.00 0.00 0.00 0.00 0.00 0.00 0.29 0.00 0.51 1.75 2.85 2.85 8.32 15.70 21.83 28.18 29.13 25.55 20.95 11.75 5.91 6.71 10.09 9.19 8.35 15.87 18.57 25.83 25.26 25.26 18.65 18.95 21.86 22.38 17.12 14.31 8.41 5.11 4.74 8.35 11.10 13.97 13.62 0.00 0.00
0.15 0.00 0.00 2.85 0.00 0.00 0.00 2.12 0.00 0.00 0.00 0.00 0.00 3.36 0.00 0.00 0.00 0.00 0.00 3.43 1.97 0.00 1.97 1.83 0.00 0.00 0.00 0.00 0.00 0.00 0.00 0.00 0.00 0.00 0.00 0.00 0.00 0.00 0.00 0.00 0.00 0.00 0.00 0.00 0.00 1.31 3.14 0.66 1.31 7.37 4.89 5.33 10.95 18.98 24.89 26.65 27.33 27.38 21.75 15.11 11.32 10.87 9.93 10.07 18.81 24.03 21.64 17.96 17.96 14.08 21.45 22.85 22.46 21.94 18.01 14.67 12.70 9.56 11.62 13.25 15.21 17.36 18.32 13.55
0.00 1.10 0.00 2.99 0.00 0.00 0.00 0.00 0.00 2.56 0.00 0.00 0.00 0.00 0.00 4.67 0.00 3.43 3.43 0.00 0.00 3.43 3.94 2.26 0.00 0.00 0.00 0.00 0.00 0.00 0.00 0.00 0.00 0.00 0.00 0.00 0.00 0.00 0.00 0.00 0.00 0.00 0.00 0.00 0.00 0.22 2.56 2.12 2.12 11.10 9.93 8.91 13.71 15.13 18.65 23.86 25.66 28.98 32.78 32.63 22.78 13.87 9.53 10.57 12.72 23.47 23.25 17.45 17.53 13.90 17.58 14.19 19.44 24.20 22.63 17.52 17.06 13.99 10.07 11.70 16.14 19.62 18.62 12.84
6.57 5.62 0.00 0.00 0.00 0.00 0.00 0.00 0.00 0.00 0.00 0.00 0.00 0.00 0.00 0.00 0.00 0.00 0.00 0.00 0.00 0.00 4.67 0.00 0.00 0.00 0.00 0.00 0.00 0.00 0.00 0.00 0.00 0.00 0.00 0.00 0.00 0.00 0.00 0.00 0.00 0.00 0.00 0.00 0.00 0.00 2.41 2.26 5.33 11.97 13.43 13.80 14.16 12.61 17.34 23.33 24.76 28.88 28.31 30.97 26.05 15.63 11.52 8.46 7.54 14.14 23.06 14.53 14.53 12.17 8.27 7.22 8.54 15.50 19.66 20.98 16.16 17.39 12.88 9.68 15.91 23.07 25.16 13.48
7.74 7.52 7.01 0.00 0.00 3.80 0.00 0.00 0.00 0.00 0.00 0.00 0.00 0.00 0.00 0.00 0.00 0.00 0.00 0.00 0.00 0.00 6.42 0.00 0.00 0.00 0.00 0.00 0.00 0.00 0.00 0.00 0.00 0.00 0.00 0.00 0.00 0.00 0.00 0.00 0.00 0.00 0.00 0.00 0.00 0.00 0.95 3.14 7.88 15.48 16.86 15.84 13.29 11.37 11.32 14.68 13.25 18.50 22.86 21.10 21.70 18.17 11.51 7.65 5.33 8.17 14.90 6.74 6.64 7.04 0.00 0.00 8.25 15.16 16.86 18.93 14.60 10.00 0.00 0.00 12.87 18.89 15.84 9.80
5.99 0.00 0.00 0.00 0.00 4.38 5.33 4.96 0.00 3.72 0.00 0.00 0.00 0.00 0.00 0.00 0.00 0.00 0.00 0.00 0.00 0.00 0.00 0.00 0.00 0.00 0.00 0.00 0.00 0.00 0.00 0.00 0.00 0.00 0.00 0.00 0.00 0.00 0.00 0.00 0.00 7.01 3.87 3.87 2.99 2.77 1.61 3.07 7.45 12.73 17.54 19.34 21.02 24.63 18.94 12.18 11.61 11.02 10.64 10.17 11.45 14.75 13.76 9.20 2.67 4.21 7.93 5.27 5.14 0.00 0.00 6.73 11.60 17.54 17.61 15.91 12.54 6.37 8.57 8.34 10.86 15.46 9.93 0.00
0.00 0.00 5.99 3.21 0.00 0.00 5.69 4.53 3.50 3.72 0.00 0.00 0.00 3.72 2.63 0.00 0.00 0.00 0.00 0.00 0.00 0.00 0.00 0.00 0.00 2.77 2.19 0.00 1.75 2.92 0.00 0.00 2.99 3.29 1.46 0.00 0.00 0.00 4.74 3.72 0.00 2.19 3.80 3.80 7.52 9.20 8.69 11.24 13.14 17.67 21.82 20.73 14.94 11.65 11.35 12.02 17.47 19.19 18.82 15.41 11.23 2.42 4.71 12.12 7.52 5.36 1.77 1.65 1.62 2.70 0.00 5.90 11.46 16.20 19.32 16.06 6.81 3.38 4.42 0.00 0.00 10.74 10.95 10.74
11.39 12.63 10.73 14.31 10.66 7.59 5.99 0.00 0.00 0.00 0.00 0.00 2.92 2.99 2.12 0.00 0.00 0.00 0.00 2.70 1.83 6.42 0.00 0.00 2.34 3.21 2.99 3.14 3.36 3.50 2.26 2.34 4.02 4.53 3.65 1.61 0.22 6.06 4.09 0.00 1.61 2.41 3.43 3.43 5.33 7.96 8.83 7.81 11.44 17.11 17.31 16.05 13.51 10.47 8.81 7.16 10.53 11.29 14.28 18.17 19.76 12.18 9.63 8.50 7.66 5.69 3.37 1.78 1.75 1.31 0.00 3.35 5.10 9.73 13.75 9.56 7.23 3.74 2.51 0.00 5.15 8.00 11.55 11.25
13.51 12.85 10.59 8.03 10.22 14.24 11.90 3.72 0.00 0.00 0.00 0.00 0.00 0.00 0.00 0.00 3.50 1.83 1.83 2.12 3.50 2.56 1.83 0.80 1.53 1.83 0.00 0.00 2.12 3.43 2.56 1.68 4.02 5.18 4.89 4.45 8.47 3.21 0.00 0.00 0.73 0.00 0.58 0.58 3.43 7.15 7.01 5.24 8.68 12.27 13.08 12.55 13.70 15.56 13.93 8.64 5.86 6.64 6.34 14.77 19.55 21.16 11.97 2.12 0.73 2.83 5.29 3.15 3.51 0.00 1.64 1.41 3.56 9.03 14.08 9.59 5.11 3.21 2.80 0.00 0.00 6.38 10.03 11.68
8.76 10.80 7.81 0.00 6.20 11.02 11.02 9.10 0.00 0.00 0.00 0.00 0.00 4.60 5.62 0.00 3.36 3.36 3.36 2.41 3.87 4.96 4.67 2.92 3.07 2.41 0.00 1.68 3.21 3.21 1.97 1.46 0.95 3.36 4.23 3.80 4.74 1.31 0.58 0.00 0.00 0.00 0.00 0.00 2.19 6.35 4.60 7.04 10.37 10.71 9.65 11.11 15.69 19.08 14.92 11.04 5.72 4.83 6.89 11.65 15.72 22.42 16.95 15.04 6.50 2.78 4.97 2.59 2.50 3.07 1.88 0.00 4.96 11.22 12.23 8.91 7.04 3.67 2.47 0.00 0.00 7.89 12.99 12.51
0.00 0.00 0.00 0.00 2.85 4.60 8.54 8.61 4.45 2.41 0.00 0.00 0.00 0.00 0.00 0.00 2.48 0.00 0.00 0.00 1.61 3.50 4.23 3.36 2.41 3.72 0.00 0.15 2.04 1.97 0.22 3.14 1.90 2.19 1.68 2.04 1.02 2.26 0.00 0.00 0.22 1.97 2.92 2.92 4.16 3.87 8.40 13.51 13.51 13.14 15.49 14.37 13.35 13.57 14.41 13.63 8.28 2.86 9.96 12.68 11.65 15.45 19.18 19.91 18.49 7.60 6.40 7.67 7.71 6.32 1.82 2.42 3.74 5.86 6.86 3.55 3.65 3.45 3.32 4.89 6.97 11.62 14.69 13.95
0.00 0.00 0.00 0.00 0.00 8.40 11.39 11.83 7.96 5.26 5.62 0.00 0.00 0.00 0.00 0.66 0.88 1.97 1.97 1.31 0.07 0.00 0.44 0.00 0.00 0.00 0.00 0.29 1.46 0.22 0.29 0.00 0.00 1.32 0.95 1.53 0.00 0.51 0.00 0.00 0.00 3.07 4.09 4.09 3.45 3.14 9.17 10.37 10.75 13.17 16.05 15.91 18.59 11.70 7.74 10.05 8.06 0.00 0.00 12.77 13.09 14.14 20.57 19.87 21.86 19.35 13.48 9.97 11.66 9.68 3.38 0.00 2.88 2.20 2.46 1.67 3.08 4.60 0.00 3.75 6.95 10.22 14.03 11.08
0.00 0.00 0.00 0.00 0.00 0.00 11.53 11.61 10.44 7.81 5.33 1.68 3.29 0.00 0.00 0.00 0.00 0.00 0.00 0.00 0.00 1.90 0.73 0.00 0.00 0.95 0.00 0.80 0.00 0.00 0.00 0.00 0.00 0.00 0.44 0.15 1.46 0.00 3.07 0.00 0.00 0.37 0.00 0.00 0.37 1.61 1.03 2.36 5.71 7.18 5.90 8.49 6.94 0.00 0.00 0.00 0.00 0.00 0.00 14.46 16.94 11.37 14.23 21.76 20.70 21.82 25.19 7.05 7.90 14.03 11.00 0.00 0.00 0.00 0.00 1.59 2.74 1.10 0.00 0.00 3.73 10.04 16.53 11.07
0.00 0.00 0.00 0.00 0.00 0.00 0.00 7.81 10.44 8.91 4.67 4.16 8.03 7.96 6.42 4.89 6.27 10.22 10.22 0.00 0.00 1.46 1.61 1.75 2.19 2.77 0.00 2.34 0.00 0.00 0.00 0.00 0.88 1.31 1.83 1.39 3.29 0.00 0.00 0.00 0.00 0.00 0.00 0.00 2.56 2.41 1.83 1.20 5.05 11.19 11.95 11.86 0.00 0.00 0.00 0.00 0.00 0.00 0.00 0.00 15.64 20.18 14.51 18.05 21.69 18.84 21.69 12.23 12.49 13.31 10.24 0.00 0.00 1.10 0.00 1.80 4.32 3.77 0.00 0.00 0.00 0.00 0.00 0.00
0.00 0.00 0.00 0.00 0.00 0.00 0.00 4.82 11.02 7.66 4.23 7.37 9.20 8.10 6.72 8.07 10.44 11.45 10.69 6.50 5.69 0.00 0.00 0.00 0.00 1.31 0.00 0.00 0.00 2.92 1.75 0.00 1.90 2.12 3.87 3.58 0.00 0.00 0.00 0.00 0.95 1.24 2.26 2.26 2.77 1.02 1.17 5.41 13.06 17.67 19.60 0.00 0.00 0.00 0.00 0.00 0.00 0.00 0.00 0.00 0.00 16.58 17.15 11.65 20.18 21.53 20.32 16.08 19.66 10.24 5.15 0.00 0.00 0.00 0.00 4.59 4.55 3.37 0.00 0.00 0.00 0.00 0.00 0.00
0.00 0.00 0.00 0.00 0.00 0.00 0.00 0.00 0.00 0.00 0.00 0.00 0.00 0.00 0.00 1.46 3.36 10.17 10.33 18.25 18.18 15.40 11.53 10.66 7.74 7.23 8.61 4.89 0.00 0.00 0.00 0.00 0.00 0.00 3.94 9.05 9.93 11.46 6.79 4.70 7.38 8.11 8.47 8.47 7.01 3.36 2.63 6.97 6.88 0.00 0.00 0.00 0.00 0.00 0.00 0.00 0.00 0.00 0.00 0.00 0.00 0.00 0.00 0.00 21.84 23.21 0.00 0.00 0.00 0.00 0.00 0.00 0.00 0.00 0.00 0.00 0.00 0.00 0.00 0.00 0.00 0.00 0.00 0.00
0.00 0.00 0.00 0.00 0.00 0.00 0.00 0.00 0.00 0.00 0.00 0.00 0.00 0.00 0.00 0.00 0.00 4.09 4.09 5.62 8.07 10.21 14.97 16.35 15.70 10.56 10.56 11.24 16.35 10.29 5.77 7.30 0.00 0.00 4.09 9.56 12.85 16.86 14.97 6.42 7.72 17.76 12.99 14.52 9.56 10.73 10.66 12.88 5.39 0.00 0.00 0.00 0.00 0.00 0.00 0.00 0.00 0.00 0.00 0.00 0.00 0.00 0.00 0.00 0.00 26.63 0.00 0.00 0.00 0.00 0.00 0.00 0.00 0.00 0.00 0.00 0.00 0.00 0.00 0.00 0.00 0.00 0.00 0.00
0.00 0.00 0.00 0.00 0.00 0.00 0.00 0.00 0.00 0.00 0.00 0.00 0.00 0.00 0.00 0.00 0.00 0.00 0.00 0.00 0.00 2.99 8.91 10.37 12.05 2.71 8.64 14.16 20.73 20.29 10.44 8.76 0.00 6.28 2.70 2.04 7.45 12.92 8.83 4.45 0.00 6.79 9.15 11.62 12.87 14.22 11.49 6.01 0.00 0.00 0.00 0.00 0.00 0.00 0.00 0.00 0.00 0.00 0.00 0.00 0.00 0.00 0.00 0.00 0.00 0.00 0.00 0.00 0.00 0.00 0.00 0.00 0.00 0.00 0.00 0.00 0.00 0.00 0.00 0.00 0.00 0.00 0.00 0.00
0.00 0.00 0.00 0.00 0.00 0.00 0.00 0.00 0.00 0.00 0.00 0.00 0.00 0.00 0.00 0.00 0.00 0.00 0.00 0.00 0.00 0.00 0.00 2.77 2.56 0.00 0.00 0.66 12.63 13.43 0.00 0.00 3.23 0.00 0.00 0.00 0.00 0.00 0.00 0.00 0.00 0.00 0.00 0.00 0.00 6.60 0.00 0.00 0.00 0.00 0.00 0.00 0.00 0.00 0.00 0.00 0.00 0.00 0.00 0.00 0.00 0.00 0.00 0.00 0.00 0.00 0.00 0.00 0.00 0.00 0.00 0.00 0.00 0.00 0.00 0.00 0.00 0.00 0.00 0.00 0.00 0.00 0.00 0.00
