Wansh/Snow_depth/snowdepth-1989/winter/1989347.txt
ncols 321
nrows 161
xllcenter 60
yllcenter 15 
cellsize  0.25 
NODATA_value -1
[rows 0 to 36 of 161, columns 84 to 167 of 321]
6.06 6.79 7.37 8.32 8.69 7.01 4.96 5.84 5.91 5.91 4.74 5.84 6.50 7.30 7.96 7.96 0.00 0.00 0.00 0.00 0.00 0.00 0.00 0.00 0.00 0.00 0.00 0.00 0.00 2.48 2.85 3.07 3.87 3.87 3.72 3.58 0.00 0.00 0.00 0.00 0.00 0.00 0.00 0.00 1.97 1.02 0.15 0.51 0.73 2.12 2.26 2.41 1.90 2.04 2.12 2.70 2.92 3.36 3.50 2.56 2.12 1.61 1.24 0.73 0.73 1.24 1.46 1.90 1.90 2.56 2.70 3.21 3.36 3.14 3.07 3.14 3.58 3.36 3.29 3.43 3.29 3.36 2.85 2.48
6.86 7.23 6.28 5.04 2.63 2.56 3.87 3.87 0.00 0.95 2.85 4.74 5.11 4.67 4.89 4.74 4.45 5.18 5.18 6.28 0.00 4.60 4.74 5.62 4.60 2.70 0.00 0.00 0.00 0.00 0.00 0.00 2.56 2.77 4.53 4.45 3.94 3.72 3.94 3.36 0.00 0.00 1.17 1.17 2.19 2.34 1.90 1.83 1.46 1.83 1.97 2.19 2.70 2.77 2.12 2.34 2.41 2.77 2.99 2.48 2.19 1.97 2.48 2.41 2.19 2.04 2.04 2.26 2.26 2.77 3.21 3.36 3.50 3.87 4.16 4.82 4.67 4.23 4.31 4.60 4.38 3.87 2.92 2.19
7.23 4.82 3.14 2.41 3.87 4.23 4.67 5.62 6.94 6.42 7.52 7.45 7.23 6.13 4.82 4.67 4.02 4.31 4.31 6.20 7.59 6.72 7.23 7.01 4.60 2.41 1.75 0.00 0.00 0.00 0.00 0.00 0.00 0.00 4.74 6.50 7.08 8.03 7.15 6.20 3.65 0.00 0.00 0.00 0.00 2.56 2.70 2.92 2.41 1.90 1.53 1.90 2.12 2.12 2.63 3.58 4.02 4.09 4.60 5.04 4.31 4.02 5.18 5.11 4.67 3.94 4.23 5.40 5.40 5.18 4.89 4.82 4.82 4.60 5.40 6.35 5.84 5.26 5.33 4.67 4.23 3.80 3.21 2.56
7.23 4.82 3.14 2.41 3.87 4.23 4.67 5.62 6.94 6.42 7.52 7.45 7.23 6.13 4.82 4.67 4.02 4.31 4.31 6.20 7.59 6.72 7.23 7.01 4.60 2.41 1.75 0.00 0.00 0.00 0.00 0.00 0.00 0.00 4.74 6.50 7.08 8.03 7.15 6.20 3.65 0.00 0.00 0.00 0.00 2.56 2.70 2.92 2.41 1.90 1.53 1.90 2.12 2.12 2.63 3.58 4.02 4.09 4.60 5.04 4.31 4.02 5.18 5.11 4.67 3.94 4.23 5.40 5.40 5.18 4.89 4.82 4.82 4.60 5.40 6.35 5.84 5.26 5.33 4.67 4.23 3.80 3.21 2.56
6.72 5.40 5.26 5.40 6.72 6.72 8.61 9.34 8.69 9.05 9.93 9.93 9.93 9.42 8.83 7.66 6.13 5.84 5.84 5.40 5.04 6.42 5.62 7.08 7.59 6.86 4.60 2.77 1.97 0.95 1.02 1.10 1.53 2.56 3.87 5.18 8.25 10.22 10.51 9.93 6.42 3.65 3.72 3.72 4.89 5.62 5.55 5.40 4.74 3.43 2.70 2.56 1.90 1.90 2.41 2.63 3.21 3.94 4.89 6.13 6.86 7.08 6.64 7.23 7.23 7.23 8.54 8.32 8.32 7.37 7.08 6.35 5.69 5.33 5.33 5.04 5.26 5.77 5.26 4.60 3.87 3.43 3.65 3.94
9.93 8.61 7.37 7.15 6.72 6.79 5.40 4.02 9.27 7.66 7.81 9.13 10.15 11.46 10.88 10.59 10.22 9.64 9.64 7.88 6.28 4.89 5.99 3.21 6.86 8.25 6.57 4.31 2.85 2.63 1.97 2.04 2.41 3.36 4.45 5.18 7.74 10.15 10.15 9.93 9.05 7.81 7.74 7.74 7.88 7.30 7.66 7.96 7.37 5.33 3.80 2.77 2.56 2.48 2.26 2.63 2.77 3.50 4.02 4.60 6.57 7.52 8.69 9.78 10.00 9.93 9.34 8.47 8.47 7.74 7.23 6.94 6.94 7.52 6.42 5.77 5.33 5.04 4.82 4.60 4.45 4.38 4.38 4.60
9.86 9.64 9.42 8.83 8.98 8.18 6.57 6.35 5.69 4.82 5.62 8.25 8.98 10.07 11.02 11.68 12.48 12.41 12.41 12.12 11.53 10.07 8.40 6.42 2.99 6.50 5.48 4.45 3.50 3.87 3.58 3.07 3.87 4.53 4.82 4.82 5.40 7.59 7.74 7.52 8.40 7.74 7.74 7.74 7.01 6.72 6.35 7.01 7.66 7.45 4.89 3.21 3.14 2.85 2.77 2.85 3.21 3.94 4.82 5.18 5.55 7.23 9.71 11.02 11.17 10.44 10.73 10.95 10.95 10.00 9.78 10.22 9.93 10.07 9.93 8.61 7.37 6.06 4.96 3.72 3.29 3.50 3.94 4.60
9.86 9.64 9.42 8.83 8.98 8.18 6.57 6.35 5.69 4.82 5.62 8.25 8.98 10.07 11.02 11.68 12.48 12.41 12.41 12.12 11.53 10.07 8.40 6.42 2.99 6.50 5.48 4.45 3.50 3.87 3.58 3.07 3.87 4.53 4.82 4.82 5.40 7.59 7.74 7.52 8.40 7.74 7.74 7.74 7.01 6.72 6.35 7.01 7.66 7.45 4.89 3.21 3.14 2.85 2.77 2.85 3.21 3.94 4.82 5.18 5.55 7.23 9.71 11.02 11.17 10.44 10.73 10.95 10.95 10.00 9.78 10.22 9.93 10.07 9.93 8.61 7.37 6.06 4.96 3.72 3.29 3.50 3.94 4.60
8.40 9.34 8.98 8.91 8.76 8.10 7.59 7.30 6.50 5.99 7.96 7.88 6.86 6.42 8.25 10.29 11.39 10.95 10.95 11.97 12.26 11.24 9.34 7.01 5.55 3.72 4.09 3.43 2.41 3.29 3.36 3.07 3.07 3.50 4.16 5.62 7.01 6.64 7.30 6.06 7.37 5.77 5.77 5.77 6.06 5.48 5.26 4.89 5.11 4.31 3.87 3.87 3.80 3.87 3.36 3.36 3.36 3.87 4.23 4.31 4.60 5.77 6.86 6.94 6.86 8.03 8.76 9.20 9.20 9.49 10.15 11.83 12.48 12.12 11.32 10.51 9.64 8.91 8.61 7.23 6.57 4.67 3.58 3.14
7.45 7.37 7.88 8.47 8.25 8.03 7.01 6.28 5.26 5.99 6.06 5.04 5.62 4.60 6.35 7.66 8.69 8.91 8.91 9.56 9.49 9.34 9.20 6.50 4.23 3.94 2.92 2.77 2.77 2.70 1.53 2.19 3.07 3.72 5.26 6.20 7.15 6.72 5.40 6.64 4.96 4.02 3.50 3.50 3.14 2.19 1.68 1.61 1.83 3.65 4.09 4.16 6.06 6.06 4.82 4.16 4.23 4.74 4.60 4.82 4.74 3.80 4.23 4.31 4.23 5.48 6.50 7.96 7.96 9.78 10.07 11.17 11.68 11.39 9.86 8.91 10.44 12.92 12.41 11.90 8.40 5.62 3.80 2.85
6.35 6.35 7.37 6.57 5.77 5.62 4.02 0.00 4.45 0.00 2.56 4.45 4.82 3.80 3.65 5.69 6.42 7.45 7.45 7.88 8.83 9.56 8.32 4.74 3.43 3.50 2.99 1.75 3.07 2.56 2.56 2.99 3.07 2.92 3.87 4.02 4.23 4.16 3.87 3.58 5.18 4.31 4.60 4.60 3.72 3.50 2.48 3.14 2.99 4.09 3.87 4.09 5.18 5.18 4.82 4.74 5.55 6.28 6.28 5.33 4.89 4.53 4.53 3.94 4.02 5.84 8.03 9.86 9.86 12.05 13.07 12.41 11.75 10.51 8.91 8.25 11.24 13.51 16.86 14.75 11.39 8.10 6.94 6.06
6.35 6.35 7.37 6.57 5.77 5.62 4.02 0.00 4.45 0.00 2.56 4.45 4.82 3.80 3.65 5.69 6.42 7.45 7.45 7.88 8.83 9.56 8.32 4.74 3.43 3.50 2.99 1.75 3.07 2.56 2.56 2.99 3.07 2.92 3.87 4.02 4.23 4.16 3.87 3.58 5.18 4.31 4.60 4.60 3.72 3.50 2.48 3.14 2.99 4.09 3.87 4.09 5.18 5.18 4.82 4.74 5.55 6.28 6.28 5.33 4.89 4.53 4.53 3.94 4.02 5.84 8.03 9.86 9.86 12.05 13.07 12.41 11.75 10.51 8.91 8.25 11.24 13.51 16.86 14.75 11.39 8.10 6.94 6.06
0.00 0.00 0.00 0.00 0.00 2.77 1.53 1.53 1.10 1.10 1.10 6.42 6.64 6.35 5.99 5.48 5.33 6.72 6.72 6.64 7.23 7.30 6.28 4.53 3.80 3.36 2.77 2.77 3.43 2.63 3.14 2.56 2.70 2.99 3.87 3.80 4.67 6.64 5.77 4.67 5.26 4.96 5.84 5.84 4.60 3.87 2.70 2.85 3.43 3.72 3.87 3.87 3.36 3.65 3.80 4.09 5.91 7.88 9.34 8.91 7.59 6.64 6.42 6.13 6.28 7.37 8.10 10.15 10.15 12.78 13.58 13.43 12.78 10.44 9.13 9.56 11.46 13.36 15.33 14.82 12.85 9.49 7.88 7.66
0.00 0.00 0.00 0.00 0.00 0.00 0.00 0.95 1.83 2.99 2.99 7.15 6.94 7.66 7.59 6.42 5.77 5.48 5.48 4.53 5.04 4.53 4.09 4.31 3.50 2.99 2.12 1.90 1.83 1.46 4.53 5.40 6.64 6.94 6.79 6.64 8.03 7.59 6.35 5.62 4.89 4.74 6.28 6.28 3.21 2.77 3.14 4.31 4.74 4.82 4.09 3.80 3.87 3.58 3.94 4.16 5.69 7.74 8.03 7.23 6.42 6.64 6.86 7.45 7.59 7.59 8.69 9.34 9.34 10.07 11.24 12.05 11.46 9.20 7.37 8.10 9.56 8.69 8.32 7.30 9.27 8.54 7.59 6.20
0.00 0.00 0.00 0.00 0.00 2.48 3.21 3.43 4.38 4.89 4.53 5.84 5.26 5.40 5.26 5.62 0.00 4.31 4.31 4.09 3.87 3.72 3.50 3.87 3.50 3.29 3.29 3.14 4.38 6.28 4.82 9.13 10.66 9.78 8.69 7.66 7.15 5.18 4.53 3.80 4.09 4.23 4.82 4.82 4.38 4.89 5.69 4.89 4.53 4.74 4.96 6.06 5.26 4.31 4.89 6.64 7.74 9.05 7.45 5.11 4.38 5.33 5.84 6.42 7.15 7.88 8.25 7.15 7.15 8.47 9.78 9.71 9.05 6.35 3.80 5.11 4.82 0.00 0.00 0.00 3.72 8.76 4.96 4.67
0.00 0.00 0.00 0.00 3.94 3.87 4.16 4.23 4.31 4.23 4.23 0.00 4.02 4.16 4.02 3.87 0.00 0.00 0.00 0.00 0.00 0.00 3.50 3.87 4.38 4.53 4.09 3.80 4.67 6.13 8.69 7.45 10.22 9.56 7.30 5.55 3.50 2.70 2.48 3.72 4.89 5.33 5.62 5.62 5.77 7.23 5.55 4.31 3.94 4.82 6.50 6.86 5.77 5.26 6.06 7.74 9.27 9.34 6.50 5.04 4.31 4.16 4.23 4.60 4.96 6.28 7.15 7.37 7.37 8.83 9.49 8.91 8.03 6.57 4.89 5.99 3.87 0.00 0.00 0.00 3.50 5.99 6.35 4.96
0.00 0.00 0.00 0.00 3.94 3.87 4.16 4.23 4.31 4.23 4.23 0.00 4.02 4.16 4.02 3.87 0.00 0.00 0.00 0.00 0.00 0.00 3.50 3.87 4.38 4.53 4.09 3.80 4.67 6.13 8.69 7.45 10.22 9.56 7.30 5.55 3.50 2.70 2.48 3.72 4.89 5.33 5.62 5.62 5.77 7.23 5.55 4.31 3.94 4.82 6.50 6.86 5.77 5.26 6.06 7.74 9.27 9.34 6.50 5.04 4.31 4.16 4.23 4.60 4.96 6.28 7.15 7.37 7.37 8.83 9.49 8.91 8.03 6.57 4.89 5.99 3.87 0.00 0.00 0.00 3.50 5.99 6.35 4.96
0.00 0.00 2.99 3.72 5.69 4.89 5.04 4.82 3.80 3.36 3.21 3.72 2.99 3.87 3.87 4.23 0.00 0.00 0.00 5.99 4.02 2.99 2.92 3.58 5.04 6.06 5.69 5.18 5.62 6.06 6.72 8.69 8.54 9.93 8.18 5.33 2.77 1.90 2.04 2.85 3.94 5.55 5.69 5.69 5.99 7.08 5.55 5.18 4.09 4.02 5.11 5.69 5.62 5.62 6.06 7.59 7.08 6.20 4.89 4.31 5.91 6.42 6.64 5.91 5.33 5.48 7.15 7.88 7.88 10.07 10.88 9.27 7.81 7.59 7.59 6.57 5.91 0.00 0.00 0.00 2.99 5.84 4.96 4.67
3.94 3.94 5.84 8.69 10.07 10.29 8.91 6.28 4.74 4.89 4.53 3.80 3.07 4.31 4.96 5.33 0.00 0.00 0.00 6.13 5.11 4.53 3.36 2.99 3.50 5.33 6.42 6.72 7.37 7.23 7.66 9.20 8.10 9.56 10.22 7.37 5.40 3.36 2.48 1.75 2.48 3.58 4.53 4.53 5.26 4.09 5.26 4.09 1.90 1.83 2.70 3.94 4.09 4.89 4.82 4.38 5.18 4.60 5.55 6.50 8.40 10.29 10.95 7.96 7.37 7.96 8.25 10.07 10.07 11.68 10.88 9.05 7.52 7.66 8.18 8.18 4.38 2.63 0.00 2.41 4.09 4.82 4.82 3.87
3.43 4.53 6.42 9.13 10.66 11.83 11.75 9.13 7.30 6.28 5.18 4.23 3.14 4.02 3.94 4.74 5.55 5.48 5.48 6.57 7.52 7.23 4.31 4.38 4.96 6.86 8.18 8.61 8.69 7.88 6.94 7.88 8.61 9.56 9.34 8.03 5.77 4.45 2.26 2.04 2.34 2.92 3.94 3.94 4.38 2.99 0.22 4.16 0.00 1.46 3.58 4.60 6.06 5.62 4.96 3.80 4.31 4.67 6.28 7.45 9.27 11.46 12.48 11.17 10.37 9.13 10.07 10.66 10.66 10.37 8.54 6.13 4.82 5.18 5.77 5.62 4.96 2.99 2.19 1.83 2.26 3.14 4.31 4.02
6.50 7.23 7.81 8.40 8.40 9.27 8.91 9.42 9.13 6.79 6.86 12.34 10.88 3.80 3.94 4.89 5.26 4.82 4.82 5.84 6.28 6.94 6.13 5.91 7.45 8.25 9.05 9.71 7.88 7.30 6.28 5.11 5.33 6.35 6.79 6.94 4.82 2.70 1.68 1.17 1.31 1.31 1.97 1.97 2.48 1.75 0.80 0.66 0.66 6.57 7.37 7.88 8.18 7.23 5.99 5.55 5.04 5.04 5.84 7.08 7.96 9.20 9.93 10.15 11.10 11.68 11.97 11.75 11.75 9.78 6.28 3.58 2.04 1.75 2.77 3.87 3.80 3.50 3.36 2.34 1.10 1.02 1.68 1.83
8.10 8.69 7.66 8.18 7.96 6.86 7.81 7.52 5.91 6.50 8.10 12.56 11.53 6.86 7.88 9.78 8.98 6.72 6.72 6.06 6.72 6.79 6.64 8.32 9.34 10.59 12.26 12.99 12.41 10.51 7.37 5.26 4.89 5.04 4.38 5.77 2.04 0.00 0.00 0.00 1.17 2.92 2.26 2.26 1.02 0.29 0.29 1.61 3.14 3.43 3.58 3.07 5.40 6.20 5.99 6.35 6.57 6.13 5.18 5.69 6.57 7.01 7.01 9.05 10.44 11.61 12.48 11.83 11.83 9.42 6.06 5.26 4.09 2.77 2.12 1.90 2.19 1.68 1.17 0.58 0.22 0.95 0.73 0.44
8.10 8.69 7.66 8.18 7.96 6.86 7.81 7.52 5.91 6.50 8.10 12.56 11.53 6.86 7.88 9.78 8.98 6.72 6.72 6.06 6.72 6.79 6.64 8.32 9.34 10.59 12.26 12.99 12.41 10.51 7.37 5.26 4.89 5.04 4.38 5.77 2.04 0.00 0.00 0.00 1.17 2.92 2.26 2.26 1.02 0.29 0.29 1.61 3.14 3.43 3.58 3.07 5.40 6.20 5.99 6.35 6.57 6.13 5.18 5.69 6.57 7.01 7.01 9.05 10.44 11.61 12.48 11.83 11.83 9.42 6.06 5.26 4.09 2.77 2.12 1.90 2.19 1.68 1.17 0.58 0.22 0.95 0.73 0.44
5.33 5.11 6.13 8.03 7.96 7.23 6.28 7.01 11.02 8.54 6.13 7.01 13.58 9.78 11.83 12.41 11.10 10.00 10.00 7.81 7.37 7.30 8.61 8.69 11.53 14.02 16.72 16.94 16.06 13.80 9.20 6.50 4.45 3.80 3.36 2.41 2.48 0.15 0.00 0.00 1.53 1.53 1.02 1.02 0.00 0.00 0.00 0.00 0.00 4.60 0.00 0.00 0.00 1.68 4.38 5.84 5.99 4.60 4.02 5.18 5.62 6.35 7.37 8.54 10.66 12.78 13.87 12.78 12.78 11.17 12.05 11.61 9.86 6.72 3.94 1.75 0.66 0.22 0.29 0.00 0.00 0.00 0.00 0.00
3.29 5.55 5.04 5.18 5.11 5.40 6.06 7.23 13.94 10.51 8.98 10.00 10.95 14.09 10.59 10.51 9.93 8.91 8.91 6.79 7.08 7.30 9.93 10.13 10.71 13.79 13.13 12.85 13.87 13.07 10.00 8.10 6.20 4.96 3.07 1.24 2.12 1.02 0.66 1.31 1.39 0.88 0.95 0.95 0.37 0.00 0.00 0.00 0.00 0.00 0.00 0.00 0.00 0.00 0.00 2.19 3.80 0.00 0.00 3.21 6.20 7.59 8.32 9.13 12.12 13.29 13.36 12.26 12.26 12.56 15.26 15.48 11.61 7.08 4.38 1.97 0.29 0.00 0.00 0.00 0.00 0.00 0.00 0.00
7.30 10.07 10.22 7.52 4.89 13.36 15.55 15.62 13.65 12.19 12.48 9.49 7.45 11.97 7.30 8.10 8.83 8.10 8.10 5.77 5.33 6.57 9.05 10.74 12.44 9.68 11.40 11.36 12.78 14.09 12.78 10.80 8.83 6.20 3.21 2.19 1.17 0.44 0.88 1.97 1.24 1.10 0.00 0.00 0.00 0.00 0.00 0.00 0.00 0.00 0.00 0.00 0.00 0.00 0.00 0.00 0.00 0.00 0.00 1.97 6.94 8.47 7.74 7.96 9.56 10.15 11.39 12.70 12.70 13.36 12.56 11.68 7.81 5.04 2.99 1.61 2.12 1.75 0.80 0.07 0.00 0.00 0.00 0.00
10.00 4.16 11.97 9.42 6.28 9.27 9.49 9.42 7.23 3.80 1.97 2.56 2.26 8.91 0.00 3.43 6.72 7.88 7.88 5.04 3.58 4.45 6.62 10.16 11.35 12.18 11.82 11.28 12.19 13.26 12.70 12.92 14.02 12.19 8.91 6.20 5.04 3.72 2.12 2.04 0.73 1.10 0.51 0.51 0.00 0.00 0.00 0.00 0.00 0.00 0.00 0.00 0.00 0.00 0.00 0.00 0.00 0.00 0.00 0.00 6.72 8.32 7.66 8.47 9.13 8.98 12.48 14.82 14.82 14.16 12.05 8.54 5.04 3.80 2.48 2.41 2.77 2.26 1.24 1.31 0.88 0.66 0.66 0.73
10.29 0.73 3.50 5.26 7.23 8.10 8.18 7.59 4.31 0.00 0.00 0.00 0.00 0.00 4.89 0.00 1.17 0.00 0.00 0.00 0.00 0.00 0.00 3.94 6.97 8.10 10.24 11.58 11.92 12.17 13.21 14.53 14.82 13.94 12.99 12.05 10.22 7.01 4.45 4.67 1.02 0.88 0.29 0.29 0.00 0.00 0.00 0.00 0.00 0.00 0.00 0.00 0.00 0.00 0.00 0.00 0.00 0.00 0.00 0.00 3.65 5.99 7.81 10.51 11.90 11.75 14.89 15.77 15.77 14.38 11.39 8.10 4.89 3.21 3.07 4.31 4.89 3.94 3.65 3.43 1.97 1.46 1.02 0.37
10.29 0.73 3.50 5.26 7.23 8.10 8.18 7.59 4.31 0.00 0.00 0.00 0.00 0.00 4.89 0.00 1.17 0.00 0.00 0.00 0.00 0.00 0.00 4.04 6.86 8.10 9.93 10.77 11.13 12.35 13.34 15.13 16.65 14.75 13.33 12.05 10.22 7.01 4.45 4.67 1.02 0.88 0.29 0.29 0.00 0.00 0.00 0.00 0.00 0.00 0.00 0.00 0.00 0.00 0.00 0.00 0.00 0.00 0.00 0.00 3.65 5.99 7.81 10.51 11.90 11.75 14.89 15.77 15.77 14.38 11.39 8.10 4.89 3.21 3.07 4.31 4.89 3.94 3.65 3.43 1.97 1.46 1.02 0.37
2.85 0.66 2.56 5.04 6.50 8.91 11.53 13.72 13.51 10.29 3.21 0.00 0.00 0.00 0.00 0.00 0.00 0.00 0.00 0.00 0.00 0.00 0.00 0.00 0.00 3.32 3.76 7.70 6.86 7.12 9.95 11.80 13.75 14.17 14.75 15.43 13.79 9.93 6.72 6.35 1.97 0.58 0.37 0.37 0.00 0.00 0.00 0.00 0.00 0.00 0.00 0.00 0.00 0.00 0.00 0.00 0.00 0.00 0.00 0.00 2.56 4.09 6.50 10.15 14.53 15.84 15.40 13.51 13.51 12.05 8.54 6.35 3.58 2.19 3.87 4.82 4.31 3.65 4.23 4.60 2.63 0.66 0.88 0.44
6.50 6.20 4.02 2.48 2.12 2.41 5.48 9.34 9.49 8.69 7.88 5.55 2.92 1.61 0.00 0.00 0.00 0.00 0.00 0.00 0.00 0.00 0.00 0.00 0.00 0.00 0.00 0.00 0.00 0.07 3.65 5.69 8.03 12.26 14.93 15.70 14.75 13.13 9.93 8.10 6.28 4.31 2.56 2.56 0.44 0.00 0.00 0.00 0.00 0.00 0.00 0.00 0.00 0.00 0.00 0.00 0.00 0.00 0.00 0.00 0.00 0.00 3.14 9.27 13.80 15.55 13.65 9.20 9.20 9.27 7.15 4.23 2.41 2.63 4.16 4.82 4.02 3.72 3.87 4.16 2.85 1.61 0.95 0.37
3.07 6.64 8.83 8.40 6.79 5.77 5.84 6.57 6.42 4.89 3.43 2.41 1.97 2.34 4.60 4.16 7.30 7.37 7.37 5.84 4.53 3.87 3.43 1.83 0.00 0.00 0.00 0.00 0.00 0.00 0.07 1.61 4.02 7.23 10.76 14.37 17.81 16.06 14.82 13.43 13.58 9.71 6.50 6.50 2.12 0.73 0.15 0.00 0.00 0.00 0.00 0.00 0.00 0.00 0.00 0.00 0.00 0.00 0.00 0.00 0.00 0.00 0.00 7.08 10.07 9.78 7.88 7.01 7.01 6.64 4.23 1.17 0.29 0.80 1.10 1.53 2.12 3.21 3.94 3.14 3.36 2.92 2.04 1.83
0.00 0.00 1.83 2.63 6.06 6.28 7.59 8.03 9.05 7.37 6.42 6.28 5.33 5.69 5.48 5.40 8.18 5.18 5.18 4.23 4.82 6.79 7.45 5.11 0.00 0.00 0.00 0.00 0.00 0.00 0.00 1.10 1.61 4.53 7.88 11.39 16.30 17.93 17.58 17.40 15.84 15.62 8.61 8.61 5.40 2.99 1.10 0.44 0.37 0.00 0.00 0.00 0.00 0.00 0.00 0.00 0.00 0.00 0.00 1.10 0.00 0.00 0.00 3.43 4.31 3.72 3.36 3.50 3.50 3.36 2.12 0.58 0.44 0.51 0.29 0.95 1.68 2.77 3.87 2.48 1.83 2.04 2.19 2.04
0.00 0.00 0.00 0.00 0.00 0.00 0.15 1.24 0.22 0.51 3.07 4.38 6.13 7.23 5.40 5.33 8.69 1.10 1.10 1.17 2.41 5.33 7.30 5.40 2.85 0.00 0.00 0.00 0.00 0.00 0.00 1.10 1.10 1.53 3.80 7.81 11.32 12.85 14.30 16.85 14.75 12.70 13.94 13.94 9.27 6.28 4.16 2.99 1.46 0.73 0.51 0.44 0.00 0.00 0.00 0.00 0.00 0.00 0.00 2.12 2.34 2.04 0.00 0.00 0.00 0.00 0.88 0.00 0.00 1.10 0.00 0.00 0.00 0.00 0.51 0.73 0.58 0.95 1.31 1.75 0.73 1.02 1.10 0.95
0.00 0.00 0.00 0.00 0.00 0.00 0.00 0.00 0.00 0.00 0.00 0.00 2.48 1.90 2.12 1.97 3.65 0.00 0.00 0.00 0.00 0.00 0.00 0.00 0.00 0.00 0.00 0.00 0.00 0.00 0.00 0.00 1.20 1.10 1.61 2.92 3.50 4.42 6.35 10.29 10.62 9.42 8.91 8.91 10.66 7.01 5.62 4.89 4.60 3.72 2.70 1.68 0.44 0.00 0.00 0.00 0.00 0.00 0.00 0.00 0.00 0.00 0.66 0.00 0.00 0.00 0.00 0.00 0.00 0.00 0.00 0.00 0.00 0.00 0.00 0.00 0.00 0.00 0.00 0.00 0.00 0.73 0.88 0.58
0.00 0.00 0.00 0.00 0.00 0.00 0.00 0.00 0.00 0.00 0.00 0.00 2.48 1.90 2.12 1.97 3.65 0.00 0.00 0.00 0.00 0.00 0.00 0.00 0.00 0.00 0.00 0.00 0.00 0.00 0.00 0.00 1.17 1.10 1.61 2.93 3.50 4.40 6.42 10.29 10.51 9.42 8.91 8.91 10.66 7.01 5.62 4.89 4.60 3.72 2.70 1.68 0.44 0.00 0.00 0.00 0.00 0.00 0.00 0.00 0.00 0.00 0.66 0.00 0.00 0.00 0.00 0.00 0.00 0.00 0.00 0.00 0.00 0.00 0.00 0.00 0.00 0.00 0.00 0.00 0.00 0.73 0.88 0.58
0.00 0.00 0.00 0.00 0.00 2.85 6.86 4.82 1.48 0.00 0.37 2.85 1.90 0.00 0.00 0.00 0.00 0.00 0.00 0.00 0.00 0.00 0.00 0.00 0.00 0.00 0.00 0.00 0.00 2.77 2.63 0.00 0.00 0.00 0.00 0.00 0.00 0.00 1.39 3.07 3.80 2.92 4.02 4.02 6.28 3.21 3.72 4.23 5.55 5.77 4.82 3.58 2.26 0.58 0.00 0.00 0.00 0.00 0.00 0.00 0.00 0.22 0.88 0.80 0.00 0.00 0.58 0.00 0.00 0.00 0.00 0.00 0.00 0.00 0.00 0.00 0.00 0.00 0.00 0.00 0.00 0.51 1.90 2.34
