Wansh/Snow_depth/snowdepth-1989/winter/1989363.txt
ncols 321
nrows 161
xllcenter 60
yllcenter 15 
cellsize  0.25 
NODATA_value -1
[rows 0 to 36 of 161, columns 168 to 251 of 321]
3.65 3.14 3.14 3.14 2.77 2.70 3.21 3.87 4.67 4.67 4.74 4.89 5.26 5.84 6.28 5.77 6.35 7.37 8.69 9.42 9.20 9.13 8.76 8.03 9.27 6.50 2.41 0.00 0.00 0.00 0.00 0.00 7.59 10.29 11.17 11.17 11.90 12.48 13.65 13.36 13.36 12.85 12.85 13.29 14.60 15.84 15.84 15.55 15.55 13.21 11.61 10.66 11.83 12.41 12.34 12.85 12.48 12.63 13.87 15.26 15.26 15.62 15.84 18.61 22.48 25.26 25.99 25.11 23.14 20.08 17.67 17.67 17.74 18.32 18.32 18.40 19.93 21.97 22.41 23.14 22.12 20.95 20.51 19.78
4.45 4.09 3.80 3.21 2.34 1.97 2.41 3.50 4.23 4.23 5.33 6.35 6.64 6.06 5.40 5.55 6.42 7.01 7.74 9.27 9.86 9.86 9.86 9.56 7.08 4.09 0.00 0.00 0.00 0.00 0.00 1.24 7.88 10.22 11.39 11.39 10.44 10.88 12.41 14.16 13.80 13.72 14.45 15.33 16.06 15.84 16.13 15.33 13.87 12.63 12.12 12.85 13.58 14.02 14.02 13.87 14.02 14.24 15.99 14.82 14.82 16.28 16.72 21.02 23.51 25.19 25.40 24.89 23.07 19.49 18.61 19.35 19.93 19.93 20.59 20.66 21.39 23.07 23.43 22.19 21.02 19.13 17.74 15.62
5.55 5.55 5.11 3.43 1.75 1.24 2.34 3.21 3.94 3.94 5.04 5.18 4.89 4.60 4.67 5.48 7.01 7.81 8.32 9.78 10.00 9.71 10.44 9.64 3.87 0.00 0.00 0.00 0.00 0.00 0.00 7.52 8.32 9.05 8.61 8.61 10.29 12.85 14.75 15.91 16.94 16.35 14.38 13.87 13.94 15.04 13.87 13.80 13.51 13.29 13.51 14.24 14.09 13.51 13.36 13.14 13.07 13.51 14.38 14.75 14.75 15.48 18.61 20.66 22.12 23.29 22.85 21.97 20.88 19.49 19.27 19.27 20.00 20.51 19.56 19.42 18.83 18.91 18.32 17.52 17.74 16.35 15.18 12.85
5.55 5.55 5.11 3.43 1.75 1.24 2.34 3.21 3.94 3.94 5.04 5.18 4.89 4.60 4.67 5.48 7.01 7.81 8.32 9.78 10.00 9.71 10.44 9.64 3.87 0.00 0.00 0.00 0.00 0.00 0.00 7.52 8.32 9.05 8.61 8.61 10.29 12.85 14.75 15.91 16.94 16.35 14.38 13.87 13.94 15.04 13.87 13.80 13.51 13.29 13.51 14.24 14.09 13.51 13.36 13.14 13.07 13.51 14.38 14.75 14.75 15.48 18.61 20.66 22.12 23.29 22.85 21.97 20.88 19.49 19.27 19.27 20.00 20.51 19.56 19.42 18.83 18.91 18.32 17.52 17.74 16.35 15.18 12.85
7.45 6.20 4.96 1.90 0.00 0.37 2.26 3.14 3.80 3.80 4.23 4.96 4.96 5.04 5.84 6.13 6.72 7.74 8.25 8.54 7.88 9.13 5.11 1.17 0.00 0.00 0.00 0.00 0.00 0.00 0.00 5.99 8.10 7.88 9.56 9.56 11.32 12.56 15.11 15.91 16.06 16.13 15.99 16.21 16.64 16.43 16.79 15.40 16.06 16.06 15.18 15.04 14.60 13.72 13.21 13.07 14.02 15.04 14.89 15.84 15.84 17.30 16.79 21.32 22.56 23.36 21.61 19.86 18.61 17.96 17.37 17.30 17.67 17.59 17.37 16.35 15.55 15.48 15.62 15.77 15.70 15.77 14.82 12.78
8.54 8.25 6.64 5.11 1.90 1.02 2.63 4.67 5.55 5.55 5.18 5.62 5.99 5.77 5.62 6.06 6.64 7.37 7.74 7.01 4.82 0.00 0.00 0.00 0.00 0.00 0.00 0.00 0.00 0.00 7.15 8.69 8.25 8.91 10.29 10.29 12.34 13.58 13.87 14.89 16.35 17.23 18.61 19.56 19.27 18.32 18.83 17.67 18.47 17.81 17.01 16.72 17.89 17.52 16.57 15.11 14.89 15.18 14.53 15.26 15.26 17.74 19.35 18.91 23.36 20.88 17.52 15.70 14.82 14.09 14.09 15.04 14.38 14.09 14.02 13.87 13.87 14.02 14.97 15.33 15.33 15.55 15.40 14.75
8.83 8.47 7.52 5.91 4.96 3.80 4.23 5.69 6.57 6.57 5.91 4.74 4.60 5.26 6.13 6.72 6.79 5.62 4.09 3.58 0.00 0.00 0.00 0.00 0.00 0.00 0.00 0.00 3.14 6.06 8.40 8.32 10.73 12.05 12.41 12.41 12.78 14.45 15.55 15.77 16.35 18.54 18.91 20.73 21.17 20.95 20.51 18.40 18.25 17.67 17.45 18.03 18.61 18.25 17.23 16.13 15.26 15.04 14.53 14.82 14.82 16.43 18.25 19.93 20.88 17.81 15.70 14.02 13.43 12.19 12.05 12.12 12.05 12.05 11.75 11.17 10.66 10.29 11.61 12.93 15.25 16.83 16.50 18.65
8.83 8.47 7.52 5.91 4.96 3.80 4.23 5.69 6.57 6.57 5.91 4.74 4.60 5.26 6.13 6.72 6.79 5.62 4.09 3.58 0.00 0.00 0.00 0.00 0.00 0.00 0.00 0.00 3.14 6.06 8.40 8.32 10.73 12.05 12.41 12.41 12.78 14.45 15.55 15.77 16.35 18.54 18.91 20.73 21.17 20.95 20.51 18.40 18.25 17.67 17.45 18.03 18.61 18.25 17.23 16.13 15.26 15.04 14.53 14.82 14.82 16.43 18.25 19.93 20.88 17.81 15.70 14.02 13.43 12.19 12.05 12.12 12.05 12.05 11.75 12.91 14.70 14.81 15.90 21.96 25.18 22.39 21.24 19.35
8.61 8.61 7.66 5.99 4.89 4.09 4.09 4.23 4.96 4.96 5.40 5.18 4.23 4.02 5.04 5.77 3.65 3.80 0.00 0.00 0.00 0.00 0.00 0.00 0.00 0.00 0.00 0.00 3.72 7.01 7.96 9.64 9.93 11.39 14.38 14.38 16.57 16.13 15.70 15.91 16.86 17.96 20.29 21.46 22.78 23.58 23.51 21.39 19.05 18.61 18.32 19.49 19.20 17.81 16.28 14.75 12.99 12.26 12.70 13.07 13.07 13.80 16.13 16.79 16.43 18.18 14.02 12.34 11.61 11.10 10.59 10.66 11.02 10.69 12.15 12.59 13.76 13.38 12.53 16.72 16.40 15.94 17.19 19.29
6.42 7.01 7.66 8.40 6.94 5.69 4.74 3.65 3.36 3.36 4.53 5.55 5.84 5.18 3.65 1.24 0.00 0.00 0.00 0.00 0.00 0.00 0.00 0.00 0.00 0.00 5.48 7.74 7.08 7.45 7.45 7.30 8.25 10.51 12.12 12.12 13.21 14.02 14.67 15.40 17.08 18.69 20.00 20.37 21.90 22.41 20.66 20.29 19.93 17.52 18.10 18.47 17.45 15.33 14.02 12.48 11.61 11.10 11.02 11.02 11.02 12.12 13.14 12.85 12.63 12.19 13.21 9.93 10.15 10.00 8.76 9.42 10.11 10.55 9.89 9.73 10.37 11.20 12.70 12.48 12.17 13.23 15.89 18.68
8.32 7.08 7.30 7.59 7.15 6.79 6.28 4.82 2.99 2.99 2.99 4.38 4.23 1.24 0.00 0.00 0.00 0.00 0.00 0.00 0.00 0.00 0.00 4.82 6.57 7.30 6.64 5.26 4.74 4.16 5.55 6.13 6.13 6.86 8.25 8.25 10.00 12.12 13.36 14.89 16.86 18.03 18.10 19.35 19.56 18.83 17.96 17.30 16.86 14.53 15.48 15.11 13.94 13.51 12.63 11.75 10.80 10.51 9.64 9.13 9.13 10.07 10.88 10.59 10.15 9.27 9.05 9.13 8.40 8.54 8.10 7.74 6.74 5.78 5.87 7.66 9.02 9.58 8.82 9.31 9.45 9.95 10.37 12.80
8.32 7.08 7.30 7.59 7.15 6.79 6.28 4.82 2.99 2.99 2.99 4.38 4.23 1.24 0.00 0.00 0.00 0.00 0.00 0.00 0.00 0.00 0.00 4.82 6.57 7.30 6.64 5.26 4.74 4.16 5.55 6.13 6.13 6.86 8.25 8.25 10.00 12.12 13.36 14.89 16.86 18.03 18.10 19.35 19.56 18.83 17.96 17.30 16.86 14.53 15.48 15.11 13.94 13.51 12.63 11.75 10.80 10.51 9.64 9.13 9.13 10.07 10.88 10.59 10.15 9.27 9.05 9.13 8.40 8.54 8.10 7.74 6.57 5.69 5.69 7.11 8.04 8.87 9.41 9.66 9.45 9.73 11.39 13.69
10.15 9.71 7.37 5.62 5.33 5.40 3.58 1.46 0.44 0.44 0.00 0.00 0.00 0.00 0.00 0.00 0.00 0.00 0.00 0.00 1.83 3.29 3.94 3.21 3.72 3.65 2.85 3.29 3.80 3.29 3.07 3.07 4.67 6.06 7.52 7.52 9.49 11.02 12.34 13.36 15.11 15.77 15.04 14.31 12.56 12.05 12.70 12.92 12.34 14.97 12.78 12.92 11.02 10.95 11.46 11.17 10.44 9.42 8.69 7.96 7.96 8.03 8.18 8.40 8.76 8.10 7.96 8.18 7.01 7.08 6.79 6.06 5.55 5.77 4.87 5.90 6.90 6.98 7.46 7.30 8.62 10.09 10.11 10.31
9.20 9.93 9.93 8.61 6.28 5.91 4.16 0.00 0.00 0.00 0.00 0.00 0.00 0.00 0.00 0.00 0.00 0.00 2.34 3.72 3.50 2.56 2.85 3.21 2.99 2.56 2.63 2.85 3.07 3.87 3.94 4.45 5.18 6.64 8.40 8.40 9.93 10.73 11.61 12.12 12.70 13.36 13.51 12.99 11.61 10.00 9.56 10.07 10.07 11.46 10.59 10.73 9.86 10.59 11.68 11.61 9.78 8.03 7.59 6.79 6.79 6.72 7.88 8.98 9.27 9.42 8.91 8.18 6.94 8.54 7.37 6.94 6.35 6.43 6.88 6.39 5.13 6.23 7.08 5.84 8.88 8.29 9.00 10.36
7.23 8.69 9.78 9.86 10.51 10.22 7.37 5.69 0.00 0.00 0.00 0.00 0.00 0.00 0.00 0.00 0.00 1.68 1.83 2.56 2.85 2.99 3.43 3.80 4.02 4.02 4.02 4.74 4.82 5.69 6.35 6.94 7.52 8.76 9.56 9.56 10.37 11.17 11.68 11.46 11.39 10.80 11.17 10.15 10.37 11.10 10.95 10.88 10.73 11.02 10.66 11.02 11.46 12.41 11.83 9.42 7.81 7.88 7.88 7.08 7.08 8.54 9.86 10.80 11.02 10.29 9.78 9.93 9.13 7.96 7.74 8.40 8.01 9.87 8.82 8.07 7.84 9.08 7.90 8.89 8.82 7.49 8.78 7.65
8.32 9.64 10.95 10.66 11.32 11.90 10.80 8.76 7.88 7.88 6.13 4.89 4.74 3.94 3.14 2.85 2.48 1.31 1.39 1.61 2.56 3.80 4.23 4.45 4.82 5.62 5.33 6.06 6.72 7.23 7.37 8.69 9.42 10.00 10.51 10.51 10.00 9.78 10.00 10.37 10.66 10.00 8.83 8.83 9.34 9.49 10.15 11.39 11.32 12.19 10.66 11.39 11.75 11.68 10.44 8.25 7.66 8.18 8.47 9.86 9.86 11.24 12.34 12.70 11.83 10.80 10.00 9.42 10.29 10.95 9.86 10.61 13.00 11.00 10.40 8.60 9.52 8.00 8.44 9.73 9.16 9.84 7.94 6.48
8.32 9.64 10.95 10.66 11.32 11.90 10.80 8.76 7.88 7.88 6.13 4.89 4.74 3.94 3.14 2.85 2.48 1.31 1.39 1.61 2.56 3.80 4.23 4.45 4.82 5.62 5.33 6.06 6.72 7.23 7.37 8.69 9.42 10.00 10.51 10.51 10.00 9.78 10.00 10.37 10.66 10.00 8.83 8.83 9.34 9.49 10.15 11.39 11.32 12.19 10.66 11.39 11.75 11.68 10.44 8.25 7.66 8.18 8.47 9.86 9.86 11.24 12.34 12.70 11.83 10.80 10.00 9.42 10.29 10.95 9.86 13.03 12.18 11.96 9.34 10.64 9.66 8.84 8.61 8.78 8.86 8.46 8.63 7.35
8.98 11.24 12.12 11.02 10.66 9.64 9.13 7.59 7.15 7.15 7.01 6.06 5.33 4.38 3.72 2.48 1.17 1.02 0.95 1.68 3.43 4.60 5.26 5.69 6.20 6.72 7.96 8.40 7.88 8.61 9.49 10.29 10.44 10.51 11.32 11.32 11.24 10.51 9.93 9.20 10.44 10.37 9.42 8.10 6.64 7.15 7.66 8.76 10.07 9.49 11.17 10.37 10.59 10.66 10.22 9.49 10.07 10.15 10.88 12.26 12.26 13.07 13.43 13.51 12.05 11.75 11.10 10.22 11.17 12.19 13.62 13.17 11.75 11.20 11.00 12.55 12.85 9.80 8.56 8.48 7.20 7.20 6.24 4.68
7.45 11.24 13.72 14.89 12.70 9.78 6.86 5.11 4.53 4.53 3.65 2.99 2.70 3.14 3.14 2.48 1.83 1.83 2.70 3.58 4.16 5.26 6.28 6.86 7.59 8.03 8.40 9.20 10.44 10.88 10.44 10.80 10.80 10.59 10.51 10.51 10.59 10.29 9.64 8.69 7.15 7.45 7.66 6.64 6.42 5.77 5.69 6.42 6.86 7.66 9.49 8.10 8.25 9.71 10.07 10.29 10.66 10.73 11.17 12.63 12.63 12.99 13.14 14.02 13.58 12.63 11.61 11.97 12.19 12.91 13.20 13.05 12.28 11.49 11.54 11.25 10.43 9.61 8.29 8.99 7.72 7.04 4.83 4.63
5.91 8.25 10.66 12.34 11.83 10.00 6.94 4.53 3.36 3.36 2.63 2.56 3.14 4.16 4.53 3.94 3.29 3.29 4.96 5.26 6.28 6.86 7.37 7.74 8.18 8.47 8.91 9.56 9.78 10.29 11.61 11.90 11.17 9.78 8.98 8.98 9.13 8.76 7.74 7.45 7.37 5.18 4.67 4.53 4.45 4.38 4.74 5.62 6.35 6.86 7.15 6.72 7.66 8.10 7.52 8.25 9.13 9.78 10.29 10.95 10.95 10.73 12.05 12.41 10.88 9.64 9.93 10.51 11.32 10.95 10.95 11.39 11.17 12.05 11.39 13.48 13.63 13.84 14.13 10.71 10.14 6.17 3.97 4.83
5.04 4.89 5.84 7.37 7.45 6.35 5.69 4.02 2.70 2.70 2.77 2.63 3.36 4.38 4.60 4.45 4.38 5.69 7.66 8.91 9.71 10.80 10.80 10.44 9.42 8.40 8.32 8.83 9.27 10.44 10.95 11.39 11.10 10.80 10.51 10.51 9.42 8.25 7.15 6.86 5.48 5.26 4.31 3.80 3.87 3.87 3.94 3.29 4.60 5.84 6.94 7.15 6.72 6.06 4.82 5.91 7.52 7.37 6.94 7.74 7.74 7.96 8.18 8.18 6.35 4.74 5.91 7.59 7.66 7.30 7.59 8.47 9.20 9.71 10.77 14.43 17.12 15.64 17.30 13.49 12.88 8.19 7.01 5.78
2.56 3.14 4.60 4.60 4.09 3.87 3.94 3.65 3.80 3.80 3.21 3.14 3.94 5.26 5.55 5.55 6.57 8.83 10.22 11.61 12.41 12.26 11.32 10.37 10.00 8.83 8.61 8.76 9.27 10.37 11.61 11.53 11.02 10.44 9.78 9.78 8.83 7.01 5.11 5.04 4.31 3.80 3.58 2.56 3.07 2.85 2.77 2.70 3.14 4.16 5.04 6.79 5.48 5.33 5.77 6.94 6.86 6.13 5.69 5.55 5.55 4.96 4.33 2.92 2.85 2.63 3.14 3.72 3.58 4.23 4.53 5.33 6.57 8.47 9.66 11.07 14.80 14.06 15.25 12.03 9.18 8.07 7.83 6.58
2.56 3.14 4.60 4.60 4.09 3.87 3.94 3.65 3.80 3.80 3.21 3.14 3.94 5.26 5.55 5.55 6.57 8.83 10.22 11.61 12.41 12.26 11.32 10.37 10.00 8.83 8.61 8.76 9.27 10.37 11.61 11.53 11.02 10.44 9.78 9.78 8.83 7.01 5.11 5.04 4.31 3.80 3.58 2.56 3.07 2.85 2.77 2.70 3.14 4.16 5.04 6.79 5.48 5.33 5.77 6.94 6.86 6.13 5.69 5.55 5.55 4.96 4.33 2.92 2.85 2.63 3.14 3.72 3.58 4.23 4.53 5.33 6.57 8.47 9.27 11.13 11.49 12.37 12.78 14.00 11.23 8.24 6.14 6.07
2.19 2.77 3.87 4.02 4.16 4.31 4.23 5.62 5.91 5.91 5.40 4.53 3.87 5.62 6.20 6.06 7.52 10.51 12.92 13.36 12.70 11.24 9.86 9.34 9.64 9.93 10.07 10.44 10.07 9.78 10.07 9.78 8.18 7.52 6.86 6.86 6.79 5.55 5.55 4.82 3.36 2.70 2.85 2.41 1.83 1.46 1.17 1.10 1.83 2.34 3.07 5.62 3.36 4.60 5.62 6.42 6.20 5.26 5.84 5.26 5.26 4.96 0.00 0.00 0.00 2.85 3.43 2.63 2.63 3.36 3.58 4.02 5.11 7.37 8.91 9.02 11.14 15.67 14.94 12.68 10.29 7.03 7.25 7.62
0.58 1.83 3.43 2.56 2.70 3.43 4.89 6.79 7.37 7.37 7.30 6.50 5.62 5.62 6.20 7.52 10.37 14.16 16.43 15.55 14.02 11.46 9.86 9.56 9.34 9.42 10.95 12.05 11.53 9.71 8.40 6.20 4.45 3.50 3.72 3.72 4.60 4.16 3.58 3.36 3.36 3.14 1.24 1.02 1.02 0.44 0.58 0.58 0.07 1.10 1.24 3.58 4.09 3.94 6.20 7.74 8.47 7.66 7.15 5.40 5.40 2.34 0.00 0.00 0.00 3.43 2.63 3.07 3.50 4.16 5.26 5.26 6.13 8.03 9.58 11.32 11.11 12.74 13.88 11.55 11.44 6.90 8.23 8.74
1.31 1.90 2.19 2.26 2.41 2.34 2.85 4.74 5.99 5.99 6.42 6.06 6.20 7.66 8.98 10.51 12.70 14.31 15.77 15.26 13.65 11.46 10.51 11.24 11.68 10.88 11.24 12.48 11.53 8.47 6.50 4.31 2.19 2.19 2.19 2.19 2.34 2.26 2.34 2.99 2.63 2.12 2.19 1.17 0.51 0.29 0.00 0.00 0.22 0.51 1.83 3.14 5.26 4.96 8.25 11.02 10.07 8.76 6.42 4.02 4.02 0.00 0.00 0.00 0.00 0.00 2.85 3.36 4.02 4.67 5.69 5.62 6.82 8.63 10.08 11.95 11.09 11.54 9.48 9.66 8.51 7.73 6.78 6.01
1.46 1.75 2.56 2.34 1.83 1.39 1.83 2.92 3.50 3.50 4.31 4.53 5.33 5.26 6.57 8.98 9.05 9.71 10.59 10.73 11.61 11.02 11.61 12.12 11.46 10.51 10.15 9.34 9.93 7.30 4.31 2.41 1.90 1.24 0.58 0.58 0.95 0.95 1.68 1.83 2.41 2.04 0.88 0.73 0.73 0.00 0.00 0.00 0.80 1.90 2.99 4.09 7.37 6.35 8.47 10.51 8.98 7.08 5.11 2.77 2.77 0.00 0.00 0.00 0.00 0.00 0.00 0.00 3.65 4.60 5.40 5.26 7.53 9.53 11.50 12.18 11.72 16.33 12.03 5.06 5.21 5.09 4.60 5.35
1.90 2.19 1.68 1.46 1.02 1.02 1.02 0.88 1.24 1.24 2.04 2.04 2.77 3.14 4.23 5.11 4.96 4.53 4.74 5.33 6.72 9.42 10.07 10.51 10.44 8.98 6.72 5.69 4.89 3.80 1.75 1.31 1.24 1.24 0.88 0.88 0.37 0.51 1.17 1.97 2.04 1.90 1.90 1.17 0.73 1.02 0.00 0.00 0.00 0.00 4.31 7.30 7.52 7.81 8.76 8.83 7.08 5.33 4.16 2.77 2.77 0.00 0.00 0.00 0.00 0.00 0.00 0.00 3.43 5.26 6.59 8.01 10.82 10.56 12.01 11.58 8.87 7.06 7.24 3.20 2.58 1.81 3.11 2.88
1.90 2.19 1.68 1.46 1.02 1.02 1.02 0.88 1.24 1.24 2.04 2.04 2.77 3.14 4.23 5.11 4.96 4.53 4.74 5.33 6.72 9.42 10.07 10.51 10.44 8.98 6.72 5.69 4.89 3.80 1.75 1.31 1.24 1.24 0.88 0.88 0.37 0.51 1.17 1.97 2.04 1.90 1.90 1.17 0.73 1.02 0.00 0.00 0.00 0.00 4.31 7.30 7.52 7.81 8.76 8.83 7.08 5.33 4.16 2.77 2.77 0.00 0.00 0.00 0.00 0.00 0.00 0.00 3.43 5.26 6.62 7.92 9.79 11.76 12.82 13.51 10.30 6.83 7.56 3.11 2.73 2.15 2.84 2.45
1.68 0.80 1.90 1.68 1.02 1.02 0.80 0.88 1.68 1.68 1.24 1.39 1.90 1.46 1.24 1.75 2.26 1.46 0.00 3.07 4.60 5.69 7.01 6.42 6.20 5.04 4.23 4.31 3.80 1.97 1.39 0.95 0.58 1.17 1.68 1.68 1.75 1.68 1.83 1.83 1.17 1.10 0.95 0.80 0.66 0.73 1.97 2.63 2.56 5.48 7.96 8.32 11.17 10.44 9.49 8.32 6.86 4.89 3.21 1.75 1.76 0.95 0.59 0.00 0.00 0.00 0.00 3.29 4.92 6.19 7.52 9.81 12.15 13.91 13.59 10.45 7.24 4.67 3.77 2.11 1.63 1.53 0.46 0.08
1.46 1.39 1.46 1.53 1.68 1.97 1.83 1.17 0.51 0.51 0.66 1.46 2.34 2.34 1.39 1.17 1.31 0.73 1.10 2.04 2.04 3.29 4.67 4.53 3.65 2.92 2.77 3.14 3.29 3.36 2.19 1.75 1.10 1.61 1.31 1.31 0.80 0.80 1.97 1.46 0.95 0.88 0.58 0.22 0.29 2.34 3.07 3.65 6.86 7.74 9.49 10.37 11.39 12.56 9.78 8.91 8.32 8.32 5.33 2.04 2.04 0.00 0.00 0.29 1.02 2.19 2.92 4.38 6.28 7.30 8.54 10.31 12.78 15.83 12.32 8.29 3.81 2.88 2.82 1.84 0.94 0.53 0.00 0.23
3.29 3.29 2.77 2.26 2.04 1.75 1.53 1.10 0.73 0.73 0.66 1.10 1.53 1.31 0.95 0.95 0.15 0.00 0.66 1.10 0.00 2.19 3.29 2.77 2.26 2.48 2.56 3.14 2.92 0.00 0.00 1.61 1.83 2.12 1.83 1.83 1.46 0.73 0.29 0.95 1.10 1.17 0.29 1.02 2.92 2.85 5.99 7.96 9.05 10.73 11.68 11.61 11.10 11.83 9.34 12.05 13.72 13.36 6.50 1.46 1.46 0.00 0.07 0.88 1.75 2.99 3.87 6.57 7.08 7.01 7.96 9.63 12.65 12.59 7.66 5.30 1.68 2.23 2.16 1.17 0.97 1.16 0.15 0.08
2.56 2.19 1.83 1.24 1.75 1.68 1.53 0.95 0.22 0.22 0.15 0.66 1.24 0.66 0.44 0.66 0.00 0.00 0.00 0.00 0.00 0.00 0.00 2.04 1.83 1.68 2.63 3.94 3.14 0.00 0.00 0.00 0.00 1.39 1.46 1.46 0.37 0.00 0.22 1.17 1.31 0.95 1.39 2.92 4.53 6.79 8.54 10.44 11.39 12.34 12.92 13.14 13.29 14.53 11.39 12.85 15.33 11.24 3.80 0.80 0.80 0.00 0.00 0.00 1.39 3.21 4.53 5.40 6.06 7.66 7.74 9.51 12.76 9.63 5.73 2.58 1.79 1.68 1.08 1.03 0.75 1.05 0.37 0.00
1.17 0.80 0.00 0.00 0.44 0.58 0.07 0.00 0.15 0.15 0.22 1.02 1.17 0.44 0.00 0.00 0.00 0.00 0.00 1.24 0.00 0.00 0.00 0.00 2.34 2.70 2.85 2.70 1.90 0.00 0.00 0.00 0.00 1.39 0.00 0.00 0.00 0.00 0.00 0.00 0.00 0.00 0.00 3.72 7.45 9.71 11.68 13.07 13.87 13.36 14.45 14.89 15.33 15.04 14.97 14.45 10.22 5.69 2.26 0.00 0.00 0.00 0.00 1.17 0.00 3.14 2.56 3.21 4.16 5.77 5.84 7.45 6.73 3.40 2.22 1.56 0.79 0.56 0.00 0.08 0.23 0.22 0.66 0.44
1.61 0.88 0.00 0.00 0.22 1.10 1.02 0.00 0.00 0.00 0.00 0.80 1.46 1.02 0.00 0.00 0.00 0.00 0.00 0.00 0.00 0.00 1.31 2.34 3.36 4.02 3.72 2.99 1.97 1.17 0.00 0.00 0.00 0.00 0.00 0.00 0.00 0.00 0.00 0.00 0.00 4.53 6.28 8.03 10.37 13.87 14.97 16.79 17.16 16.50 15.26 15.11 15.18 13.87 11.97 7.66 10.95 2.34 0.00 0.00 0.00 0.00 0.00 0.00 1.97 2.04 1.90 2.41 4.82 5.04 4.74 4.62 2.76 1.34 1.33 0.23 0.85 0.09 0.00 0.00 0.00 0.29 0.15 0.82
1.61 0.88 0.00 0.00 0.22 1.10 1.02 0.00 0.00 0.00 0.00 0.80 1.46 1.02 0.00 0.00 0.00 0.00 0.00 0.00 0.00 0.00 1.31 2.34 3.36 4.02 3.72 2.99 1.97 1.17 0.00 0.00 0.00 0.00 0.00 0.00 0.00 0.00 0.00 0.00 0.00 4.53 6.28 8.03 10.37 13.87 14.97 16.79 17.16 16.50 15.26 15.11 15.18 13.87 11.97 7.66 10.95 2.34 0.00 0.00 0.00 0.00 0.00 0.00 1.97 2.04 1.90 2.41 4.82 5.04 4.74 4.60 2.71 1.32 1.33 0.24 0.76 0.08 0.00 0.00 0.00 0.31 0.15 0.80
1.53 0.88 0.00 0.00 0.00 0.00 0.00 0.00 0.00 0.00 0.00 0.00 0.00 0.00 0.00 0.00 0.00 0.00 0.00 0.00 0.00 0.00 0.00 2.85 3.43 3.72 3.80 4.02 4.45 4.82 4.89 4.09 3.65 4.53 4.74 4.74 4.60 4.31 0.00 0.00 5.18 6.94 8.40 10.07 13.94 16.94 17.81 17.74 17.30 16.06 11.90 10.59 9.20 8.18 8.10 4.23 5.33 0.66 0.37 0.00 0.00 0.00 0.00 0.00 0.00 0.00 2.63 2.92 4.53 3.87 3.43 3.14 2.70 2.29 2.13 1.60 1.53 0.92 0.34 0.00 0.00 0.67 0.74 1.12
