Wansh/Snow_depth/snowdepth-1989/winter/1989361.txt
ncols 321
nrows 161
xllcenter 60
yllcenter 15 
cellsize  0.25 
NODATA_value -1
[rows 74 to 110 of 161, columns 84 to 167 of 321]
0.00 0.00 0.00 0.00 0.00 0.00 0.22 0.00 0.37 0.44 0.66 1.02 2.04 2.85 3.65 3.50 4.16 4.74 4.74 9.27 0.00 0.00 0.00 5.77 0.00 0.00 0.00 0.00 0.00 0.00 0.00 0.00 0.00 0.00 0.00 1.61 1.75 0.00 0.00 0.00 3.58 2.85 2.34 2.34 1.39 1.97 0.88 1.39 1.17 2.19 1.75 0.29 0.00 0.00 0.00 0.58 0.00 0.95 0.00 0.00 0.00 0.00 0.00 0.00 0.00 0.00 0.00 0.00 0.00 1.25 2.93 2.85 1.31 0.66 0.00 0.00 0.00 0.00 0.00 0.00 7.96 8.51 4.74 2.04
0.00 0.00 0.00 0.00 0.00 0.58 2.99 1.97 3.21 3.21 3.50 3.43 3.72 0.00 4.02 3.80 3.80 4.23 4.23 4.23 6.20 0.00 0.00 0.00 0.00 5.91 6.94 0.00 0.00 0.00 0.00 0.00 0.00 0.00 0.00 0.00 0.00 3.14 3.87 5.40 5.77 3.80 2.04 2.04 1.31 0.22 1.02 1.53 2.04 1.97 0.44 1.61 1.17 1.24 1.02 1.31 0.22 0.95 0.80 1.46 0.44 0.95 0.07 0.00 0.00 0.00 0.00 0.51 0.51 2.35 4.60 4.67 4.74 2.92 1.68 1.53 2.04 2.34 0.00 0.00 6.06 6.35 4.48 2.08
0.00 0.51 0.00 0.66 0.00 1.83 1.24 3.72 4.31 3.94 4.02 4.96 5.40 5.55 5.04 5.33 4.82 3.87 3.87 2.99 0.00 2.19 4.82 9.49 0.00 0.00 0.00 0.00 4.60 6.28 0.00 0.00 0.00 0.00 0.00 0.00 4.31 0.00 3.43 4.60 4.96 2.99 2.77 2.77 3.21 1.17 0.95 1.10 1.53 1.17 1.83 2.12 1.17 1.83 1.97 1.17 1.39 1.61 1.68 1.02 1.83 2.34 2.04 1.90 1.97 0.81 2.19 2.34 2.34 3.87 5.91 7.74 7.45 5.40 3.94 2.19 1.61 1.39 0.00 0.00 2.34 4.13 3.08 2.63
2.34 0.00 2.77 0.95 0.73 1.31 4.23 4.45 5.55 5.77 5.62 6.20 6.06 6.86 6.13 5.69 4.96 4.23 4.23 3.87 3.58 2.26 0.00 0.00 3.87 7.66 7.01 0.00 0.00 0.00 0.00 0.00 0.00 0.00 0.00 0.00 0.00 0.00 0.00 4.09 4.02 0.00 0.00 0.00 0.00 1.46 0.44 1.24 0.00 0.00 2.99 2.77 1.53 1.31 2.26 2.04 1.83 1.24 1.75 2.63 2.70 3.29 3.21 5.04 4.82 4.09 4.67 6.20 6.20 5.48 6.57 8.10 7.52 6.86 5.69 2.77 1.10 1.17 1.83 1.17 0.66 1.91 2.79 2.88
0.07 3.07 1.24 2.41 2.34 1.61 3.21 4.16 5.55 5.18 5.69 6.06 6.42 6.57 5.69 5.55 5.11 4.60 4.60 4.60 3.14 2.26 2.77 2.56 2.99 2.41 2.77 5.26 7.45 11.53 0.00 0.00 0.00 0.00 0.00 3.65 0.00 0.00 0.00 0.00 0.00 0.00 0.00 0.00 0.00 0.00 0.00 1.39 0.00 0.00 0.00 3.14 0.00 2.56 3.43 3.21 2.99 2.26 2.26 2.04 5.40 5.55 6.13 6.13 5.55 6.06 8.91 9.05 9.05 8.03 7.74 7.37 6.42 7.01 6.86 3.87 1.68 1.72 2.12 1.61 0.80 2.71 4.18 3.63
7.01 6.94 5.26 4.82 3.65 3.94 4.16 4.60 4.96 5.33 4.53 4.96 5.55 5.26 5.26 5.33 4.67 5.04 5.04 4.53 4.31 3.43 3.65 2.77 2.19 0.00 0.00 0.00 0.00 0.00 0.00 0.00 0.00 0.00 0.00 0.00 0.00 0.00 0.00 0.00 0.00 0.00 0.00 0.00 0.00 0.00 0.00 0.00 0.00 0.00 0.00 0.00 0.00 0.00 3.80 3.80 3.14 2.85 2.77 3.94 4.31 6.28 6.57 5.62 5.40 5.84 7.23 8.10 8.10 8.69 8.10 7.88 8.40 9.42 8.22 5.33 2.49 2.12 2.48 2.56 1.39 2.92 3.21 3.59
6.06 0.00 6.94 6.28 5.04 5.33 4.53 4.96 5.40 5.69 4.74 4.82 5.18 5.18 4.96 5.26 5.11 5.26 5.26 5.33 5.55 4.45 3.50 2.48 2.19 0.00 0.00 3.36 2.77 3.43 0.00 3.94 0.00 0.00 0.00 2.99 0.00 0.00 0.00 0.00 2.77 0.00 0.00 0.00 0.00 0.00 0.00 0.00 0.00 0.00 0.00 0.00 0.00 0.00 0.00 4.09 3.50 3.87 4.53 5.33 5.40 5.11 4.60 4.60 3.07 0.00 0.00 0.00 0.00 7.74 7.66 9.13 11.39 13.87 12.78 8.14 6.44 4.05 3.72 3.43 2.26 2.48 2.56 3.87
0.00 4.16 5.77 0.00 0.00 4.96 4.60 4.23 4.38 4.74 5.18 5.33 4.74 4.67 5.11 4.96 5.62 5.40 5.40 4.74 4.09 3.80 0.00 2.41 0.00 2.63 3.29 3.43 2.63 2.70 0.00 2.63 0.00 0.00 0.00 4.89 0.00 0.00 0.00 0.00 0.00 2.63 2.63 2.63 0.00 0.00 0.00 2.19 0.00 0.00 0.00 0.00 0.00 0.00 4.38 4.31 3.80 5.62 6.35 6.57 5.84 4.53 3.94 2.70 1.10 0.00 0.00 0.00 0.00 0.00 5.69 8.98 15.04 18.76 19.05 12.69 8.41 6.88 5.82 5.91 4.99 3.21 2.56 3.58
3.36 4.60 5.69 5.99 5.04 4.96 4.53 4.38 0.00 4.89 5.99 5.91 5.33 5.84 5.48 5.84 5.84 4.53 4.53 4.31 3.50 0.00 0.00 3.14 1.61 2.34 3.43 2.99 2.56 2.41 0.00 0.00 0.00 0.00 0.00 4.82 0.00 0.00 0.00 0.00 0.00 0.00 0.00 0.00 0.00 0.00 0.00 0.00 0.00 0.00 0.00 0.00 0.00 2.34 3.07 4.23 4.09 5.62 6.28 6.57 5.99 5.99 4.74 3.36 2.12 0.00 0.00 0.00 0.00 0.00 0.00 7.23 14.82 22.27 22.63 16.06 11.68 10.15 9.05 8.14 6.20 4.74 3.29 3.80
4.74 4.82 5.84 6.72 5.77 5.55 0.00 0.00 3.80 0.00 4.82 0.00 5.55 5.33 5.62 6.20 5.62 5.04 5.04 4.60 3.50 2.48 0.00 3.21 3.29 3.58 0.00 0.00 0.00 0.00 0.00 0.00 0.00 0.00 5.04 6.28 0.00 0.00 0.00 2.19 2.48 0.00 0.00 0.00 0.00 0.00 0.00 0.00 0.00 0.00 0.00 0.00 1.90 2.19 3.14 4.23 3.94 5.11 5.26 5.84 6.13 7.23 5.55 6.28 7.30 6.64 6.35 6.06 6.06 5.99 6.06 7.01 11.32 18.32 20.15 16.43 13.94 13.07 10.51 10.44 8.98 7.23 5.11 4.67
4.60 4.53 5.18 5.33 5.84 5.11 0.00 0.00 4.96 4.67 4.60 4.96 0.00 4.82 5.69 5.91 5.26 4.82 4.82 3.94 3.14 2.56 0.00 0.00 0.00 3.80 0.00 3.72 3.50 0.00 0.00 0.00 0.00 0.00 0.00 4.53 0.00 1.97 1.39 2.48 1.31 0.00 0.00 0.00 0.00 0.00 0.00 0.00 0.00 0.00 1.75 1.02 1.75 2.19 3.36 5.33 5.77 4.74 5.84 6.57 8.25 9.64 10.37 11.39 12.26 11.39 11.10 10.66 10.66 9.93 9.05 9.93 11.02 14.02 15.26 13.94 12.99 12.99 11.97 10.95 9.13 9.27 6.28 4.31
3.65 4.96 4.53 4.02 4.45 4.96 5.48 6.79 5.69 4.74 4.31 4.74 4.82 5.48 6.28 5.48 5.55 4.82 4.82 4.38 4.60 4.53 3.94 0.00 0.00 0.00 0.00 3.65 3.87 3.94 3.14 3.94 4.02 0.00 0.00 0.00 0.00 0.00 3.21 3.50 0.00 2.48 1.10 1.10 1.68 0.00 2.19 2.12 2.12 0.00 1.53 1.46 1.46 1.97 4.60 8.32 8.32 8.10 8.32 8.47 10.93 12.96 11.51 15.62 15.40 16.50 15.55 14.09 14.09 13.72 16.72 15.99 12.63 12.56 11.90 11.75 11.39 12.05 12.56 10.73 9.13 9.71 7.88 5.62
3.29 3.58 4.16 4.16 4.31 4.74 4.38 5.40 5.69 4.38 4.67 5.55 0.00 0.00 0.00 0.00 0.00 5.48 5.48 5.18 5.33 4.96 5.04 5.91 0.00 0.00 0.00 4.45 0.00 0.00 0.00 3.29 4.53 4.60 5.04 3.80 0.00 0.00 0.00 6.86 6.57 5.11 3.87 3.87 2.92 3.14 2.85 2.92 2.63 2.85 1.75 1.90 1.68 4.09 7.59 13.72 17.59 18.47 19.35 19.71 18.54 18.47 15.79 15.70 15.91 14.67 13.43 11.46 11.46 13.43 17.01 19.35 19.42 17.67 15.11 14.24 13.72 14.24 14.02 13.36 12.99 12.85 11.39 8.32
3.43 4.09 4.23 4.53 4.45 0.00 4.96 4.96 5.18 3.87 4.53 5.48 5.55 0.00 3.80 0.00 0.00 4.67 4.67 5.40 4.67 4.96 4.60 4.45 5.33 0.00 0.00 0.00 0.00 0.00 0.00 0.00 0.00 0.00 0.00 0.00 0.00 0.00 5.62 6.72 7.01 4.38 4.02 4.02 5.40 5.48 4.53 3.87 3.29 3.72 3.07 2.99 3.43 5.33 8.40 13.58 18.91 22.27 24.38 25.04 22.27 18.69 14.53 15.40 12.23 12.26 13.65 12.19 12.19 11.83 14.31 18.61 21.90 20.95 17.37 16.79 15.99 16.13 16.43 15.62 14.89 15.04 12.99 10.29
3.43 3.21 3.87 4.23 0.00 0.00 5.26 4.67 3.50 3.87 4.67 5.18 5.48 4.23 4.53 0.00 0.00 0.00 0.00 4.53 4.45 3.58 3.07 0.00 0.00 4.23 3.58 0.00 0.00 0.00 0.00 0.00 0.00 0.00 0.00 0.00 3.65 14.38 4.38 5.48 5.55 5.04 6.79 6.79 7.45 7.81 6.20 6.06 4.60 4.02 4.31 3.72 4.96 6.50 9.56 13.58 16.28 18.76 21.75 24.16 21.24 15.62 12.78 14.67 12.54 16.38 18.10 17.74 17.74 15.26 13.36 16.86 19.71 20.15 18.47 17.67 18.32 19.56 18.69 17.96 16.28 15.18 12.48 10.51
3.14 3.07 3.14 0.00 0.00 0.00 3.94 4.38 3.43 3.29 0.00 3.29 4.45 4.53 3.87 4.89 4.23 3.29 3.29 3.14 4.31 3.29 3.36 0.00 0.00 3.58 0.00 0.00 0.00 0.00 0.00 0.00 3.58 4.38 0.00 0.00 0.00 6.57 24.24 7.37 0.00 5.62 6.28 6.28 7.52 8.76 9.20 9.93 9.86 9.20 7.81 4.60 7.15 10.51 13.21 13.94 13.58 13.58 15.79 16.59 13.29 10.66 11.77 14.16 14.16 21.60 24.82 22.70 22.70 18.47 13.29 15.33 17.08 18.47 18.61 16.94 18.32 20.22 19.20 18.42 17.63 13.02 11.01 9.61
2.63 2.77 2.34 2.34 2.26 1.97 1.61 1.39 1.53 2.19 0.00 4.02 3.21 0.00 3.21 3.87 0.00 0.00 0.00 3.29 3.80 2.85 0.00 0.00 0.00 3.36 3.29 2.70 0.00 0.00 0.00 3.50 0.00 3.36 0.00 0.00 0.00 0.00 2.34 13.29 23.21 8.47 0.00 0.00 5.55 7.66 10.29 12.34 12.99 11.83 10.29 7.59 15.04 17.81 18.40 15.99 14.60 12.26 10.59 11.02 8.81 8.18 8.92 13.43 17.74 25.11 27.84 23.65 22.90 18.12 14.53 14.38 15.40 16.21 16.35 14.82 15.33 15.70 17.50 17.20 12.66 12.45 12.04 9.15
2.26 2.19 2.19 1.97 0.00 0.00 1.10 0.29 0.22 0.00 0.00 3.72 0.00 0.00 0.00 0.00 0.00 0.00 0.00 3.29 3.14 2.77 0.00 0.00 0.00 2.56 2.99 2.34 2.19 0.00 0.00 2.19 0.00 0.00 0.00 0.00 0.00 0.00 2.56 0.00 0.00 13.29 23.00 23.00 15.99 6.64 7.30 12.34 13.43 13.21 13.80 16.79 21.02 23.65 22.34 21.24 18.61 14.31 11.13 8.85 7.81 8.54 8.86 12.32 18.48 24.06 23.29 20.08 20.18 20.04 14.31 13.58 13.43 14.89 13.94 12.12 12.19 12.19 15.19 17.43 15.68 14.24 13.14 11.29
2.04 2.04 2.34 1.90 1.75 0.00 2.56 1.83 1.75 0.37 0.00 0.00 0.00 0.00 0.00 0.00 0.00 0.00 0.00 0.00 3.14 2.99 0.00 0.00 0.00 0.00 0.00 0.00 0.00 0.00 0.00 0.00 0.00 0.00 0.00 0.00 0.00 0.00 0.00 0.00 0.00 0.00 0.00 0.00 8.40 25.40 25.26 13.94 12.85 13.80 15.91 17.89 19.05 23.94 23.73 23.21 22.34 21.02 18.69 14.53 11.28 11.01 9.66 10.46 16.47 20.63 21.49 18.69 18.69 17.20 14.44 14.60 15.41 15.71 13.57 12.39 12.48 10.75 13.09 14.38 15.86 15.05 13.66 12.78
2.70 2.26 1.61 1.61 1.68 1.46 2.04 0.00 0.00 1.02 1.39 0.37 0.22 0.00 0.00 0.00 1.90 1.39 1.39 2.26 0.00 0.00 0.00 0.00 0.00 0.00 0.00 0.00 0.00 0.00 0.00 0.00 0.00 0.00 0.00 0.00 0.00 0.00 0.00 0.00 0.00 0.00 0.00 0.00 4.23 2.99 5.84 21.61 34.09 34.67 20.95 21.02 17.37 21.90 22.41 23.29 24.78 26.50 25.99 21.97 16.43 15.39 13.74 9.61 14.11 14.67 19.74 16.64 16.64 14.23 13.17 14.52 16.23 18.05 16.45 15.19 14.09 12.23 12.79 11.44 14.22 17.80 18.99 15.08
2.92 2.63 1.90 1.31 1.75 1.83 1.24 0.00 0.00 2.34 1.61 0.00 0.37 0.00 0.00 0.00 2.26 1.61 1.61 1.83 0.00 2.41 2.12 0.00 0.00 0.00 0.00 0.00 0.00 0.00 0.00 0.00 0.00 0.00 4.74 4.60 0.00 0.00 0.00 0.00 0.00 0.00 0.00 0.00 5.04 5.26 10.29 11.39 9.34 18.47 24.89 40.00 42.16 18.59 17.81 20.53 25.44 26.72 28.25 28.40 24.89 19.30 15.98 12.58 13.82 16.37 20.01 17.01 17.09 13.98 14.79 15.09 15.73 16.90 18.62 18.61 17.58 15.81 12.88 10.55 12.53 16.41 16.57 13.16
2.26 2.70 3.58 2.85 2.56 2.41 2.70 0.00 0.00 0.00 1.24 0.00 0.00 0.00 0.00 1.24 1.02 0.22 0.22 0.00 0.00 0.00 1.83 0.00 0.00 0.00 0.00 2.04 0.00 0.00 0.00 0.00 0.00 2.63 4.60 4.09 0.00 0.00 0.00 0.00 0.00 0.00 0.00 0.00 4.96 5.77 10.44 13.21 16.35 20.66 21.39 20.73 16.57 19.80 17.42 20.02 22.59 25.17 27.42 29.13 28.17 24.21 19.81 15.30 13.81 17.07 18.49 17.31 17.31 12.68 12.84 11.36 12.53 14.93 19.08 21.06 20.71 17.87 13.93 11.74 12.75 16.87 18.48 14.84
1.53 2.41 3.72 5.04 4.09 2.48 2.63 2.70 1.83 0.00 0.00 0.00 0.00 0.00 0.00 0.80 0.00 0.00 0.00 0.00 0.00 0.00 0.00 0.00 0.00 0.00 2.04 1.46 1.17 0.00 0.00 0.00 0.00 0.00 0.00 0.00 0.00 0.00 0.00 0.00 0.00 5.18 7.88 7.88 9.71 8.61 11.83 15.33 18.98 23.80 25.92 25.04 24.09 19.37 18.99 21.17 19.32 21.40 24.79 26.31 27.46 26.69 23.25 18.93 14.27 15.01 18.02 18.08 17.81 13.12 11.30 11.54 13.06 17.58 22.27 24.21 23.20 18.01 16.26 12.96 12.19 16.48 19.00 14.79
0.00 0.00 2.12 5.62 6.06 4.38 3.50 4.60 4.09 2.85 0.00 0.00 0.00 0.00 0.29 0.00 0.00 0.00 0.00 0.00 0.00 0.00 0.00 0.00 0.00 0.00 1.90 1.97 1.75 0.00 0.00 0.00 0.00 0.00 1.83 1.17 0.00 0.00 0.00 0.00 0.00 13.14 14.60 14.60 15.84 16.35 15.18 16.13 19.27 25.23 26.34 24.16 22.47 24.39 20.37 18.27 17.59 17.96 20.27 18.80 20.54 21.90 23.39 21.90 16.60 14.68 16.08 15.65 15.26 12.63 9.78 13.45 14.35 19.49 24.94 26.50 24.77 17.83 16.76 14.53 13.99 16.09 16.27 11.86
4.53 3.43 3.07 4.89 4.67 3.58 4.16 3.80 4.16 4.16 2.99 1.24 0.80 1.02 1.31 0.66 0.00 0.73 0.73 0.00 1.31 0.00 0.00 0.00 1.39 1.24 2.19 1.83 2.41 2.12 2.92 2.34 1.90 2.56 2.26 1.75 1.24 0.00 0.00 6.64 8.10 10.73 13.51 13.51 17.01 16.35 14.09 14.53 16.72 17.30 18.66 20.05 18.04 14.77 16.04 12.17 13.09 16.16 17.34 18.56 19.96 18.84 19.55 20.09 16.86 12.69 12.60 11.46 11.28 9.13 11.24 15.58 15.96 19.87 23.21 26.57 21.03 16.41 14.27 10.00 9.46 14.60 13.93 13.76
8.54 5.55 5.91 9.64 8.83 6.64 5.18 3.36 2.26 2.34 3.14 1.39 0.51 0.73 1.17 0.73 0.66 1.46 1.46 1.39 0.73 1.68 3.21 1.10 1.31 1.75 1.61 1.83 2.56 2.41 2.92 2.34 2.26 3.21 4.23 3.94 6.06 8.18 9.71 5.77 4.74 8.40 7.52 7.52 9.05 10.22 12.19 13.07 15.20 15.36 14.60 13.76 12.50 9.48 11.13 9.14 10.26 11.84 14.20 17.77 18.80 19.90 20.26 18.44 14.45 11.90 13.94 13.44 13.23 8.69 8.98 11.97 13.46 15.50 20.58 22.85 20.28 14.23 9.81 7.85 8.72 11.14 12.37 13.54
7.37 7.66 10.37 7.15 9.05 9.93 8.10 4.60 2.19 1.02 0.00 0.00 0.07 0.80 1.46 0.58 0.44 0.80 0.80 0.88 0.66 2.12 2.48 1.53 1.97 1.24 0.80 1.61 1.75 2.99 2.85 1.61 2.19 3.58 4.67 3.87 6.79 6.50 4.31 1.39 1.17 3.21 2.85 2.85 4.89 6.86 8.83 10.69 11.68 11.95 12.41 13.76 12.26 11.01 12.17 11.81 8.14 5.99 9.46 13.66 17.82 19.89 22.12 20.88 15.48 11.25 13.56 11.59 12.89 8.34 6.18 8.71 7.66 9.73 16.70 19.17 17.52 12.26 7.15 5.61 6.59 8.06 9.73 13.48
5.11 5.99 6.72 6.06 5.99 6.35 7.37 5.14 3.72 2.04 0.00 0.00 0.00 0.73 1.24 1.46 0.37 1.39 1.39 1.10 0.80 1.24 1.53 1.61 1.68 0.73 0.66 0.95 2.19 2.04 2.34 1.46 0.58 1.75 3.72 3.43 6.20 4.60 1.75 0.00 0.00 0.07 0.22 0.22 1.61 3.80 6.28 8.88 10.95 12.30 11.19 11.66 12.13 12.85 10.18 12.04 5.72 5.55 5.81 9.68 15.37 19.04 22.67 23.00 18.32 12.36 12.11 12.17 11.73 12.36 5.10 4.49 4.87 9.84 12.84 13.18 12.23 9.48 5.25 5.51 7.01 7.18 10.57 12.28
0.00 2.12 4.31 2.85 1.75 2.77 5.55 4.09 2.41 1.17 1.68 0.00 0.00 0.00 0.66 1.39 0.22 0.88 0.88 0.58 0.66 1.24 1.39 1.02 0.80 0.37 0.58 0.37 1.17 1.97 0.66 0.95 0.29 0.95 1.31 1.31 2.92 0.22 0.51 0.00 0.00 0.00 0.00 0.00 0.80 3.50 5.62 9.71 11.10 11.02 11.12 10.85 10.31 10.99 10.46 11.80 5.25 4.23 4.41 8.58 10.97 15.37 21.12 24.83 22.23 13.92 11.65 11.88 11.95 12.55 7.30 2.66 4.72 8.33 8.94 9.19 8.64 6.68 4.57 5.78 6.81 9.39 11.36 11.76
0.00 0.00 0.00 0.00 0.00 2.70 4.60 5.48 3.36 2.04 1.83 1.24 0.37 0.07 0.22 0.22 0.00 0.73 0.73 1.17 0.37 0.58 0.15 0.58 0.22 0.00 0.15 0.00 0.37 1.68 0.00 0.00 0.00 0.37 0.00 0.15 0.66 0.00 0.00 0.00 0.00 0.00 0.00 0.00 0.88 2.26 4.48 7.08 8.00 9.63 11.88 11.63 13.23 9.38 6.70 6.56 9.81 4.91 4.57 8.69 9.97 13.51 17.34 19.12 21.19 19.10 14.76 12.64 14.78 10.79 10.40 6.58 3.88 5.72 5.00 4.84 5.43 5.18 3.57 3.99 4.87 8.38 10.79 10.17
0.00 0.00 0.00 0.00 0.00 3.21 4.23 5.18 4.53 3.36 2.04 1.53 1.02 1.17 0.73 0.00 0.00 0.58 0.58 0.00 0.00 0.00 0.00 0.00 0.00 0.00 0.15 0.00 0.00 0.00 0.00 0.00 0.00 0.00 0.00 0.00 0.22 0.00 0.00 0.00 0.00 0.00 0.00 0.00 0.00 0.44 2.05 2.89 4.61 5.97 7.34 8.85 7.73 8.38 8.72 8.58 10.88 0.00 0.00 9.87 11.68 9.88 13.50 17.43 17.09 18.17 21.99 15.99 17.91 13.85 11.74 8.10 5.63 4.34 2.90 3.18 4.40 4.23 2.62 2.39 3.73 7.72 11.99 10.33
0.00 0.00 0.00 0.00 0.00 0.00 0.00 3.80 4.53 3.72 2.92 2.77 3.43 3.29 2.26 1.41 0.22 1.02 1.02 0.00 0.00 0.00 0.00 0.00 0.00 0.00 0.07 0.00 0.00 0.00 0.00 0.00 0.00 0.00 5.77 0.00 0.00 0.00 0.00 0.00 0.00 0.00 0.00 0.00 0.15 0.73 0.00 0.00 1.68 4.30 6.98 8.05 8.12 6.88 0.00 0.00 0.00 0.00 0.00 0.00 7.04 10.33 10.58 13.71 16.66 18.46 25.29 18.19 18.58 16.63 14.70 8.57 8.53 4.64 2.32 2.88 5.18 4.38 2.32 1.51 2.62 5.43 7.39 10.11
0.00 0.00 0.00 0.00 0.00 0.00 0.00 3.21 4.89 4.89 4.89 5.11 4.53 5.84 6.13 5.06 1.97 2.74 2.56 1.68 0.15 0.58 0.88 0.44 0.37 0.44 0.44 0.29 0.15 0.00 0.00 0.00 0.00 0.00 16.43 7.37 0.22 0.00 0.00 0.00 0.00 0.22 0.00 0.00 0.07 0.00 0.00 0.00 2.22 7.40 10.80 10.74 8.60 0.00 0.00 0.00 0.00 0.00 0.00 0.00 0.00 8.34 9.49 9.30 13.06 17.48 19.62 20.85 25.48 19.37 13.86 8.43 9.64 5.34 2.92 4.87 7.90 5.33 3.19 1.28 1.34 4.09 5.62 0.00
0.00 0.00 0.00 0.00 0.00 0.00 0.00 0.00 0.00 0.00 0.00 0.00 2.85 0.00 0.00 0.00 3.14 3.97 4.04 3.87 4.16 4.96 4.45 2.48 2.85 2.04 2.77 3.21 1.17 0.00 1.75 0.00 1.46 1.24 1.17 2.19 5.91 4.74 4.67 4.48 4.21 4.79 3.94 3.94 2.34 2.77 0.00 1.47 4.28 5.75 0.00 0.00 0.00 0.00 0.00 0.00 0.00 0.00 0.00 0.00 0.00 0.00 5.61 5.06 8.43 14.78 13.64 10.64 11.89 10.44 8.34 6.88 8.05 4.93 2.51 4.06 5.95 4.65 3.21 0.00 0.00 0.00 0.00 0.00
0.00 0.00 0.00 0.00 0.00 0.00 0.00 0.00 0.00 0.00 0.00 0.00 0.00 0.00 0.00 0.00 0.00 0.00 0.00 3.87 3.31 3.33 5.11 6.64 5.91 5.67 4.12 5.33 4.02 4.53 4.31 0.00 3.21 2.70 2.92 6.79 6.35 7.08 6.50 5.48 5.37 7.26 5.33 5.95 2.41 2.77 2.04 5.09 6.18 0.00 0.00 0.00 0.00 0.00 0.00 0.00 0.00 0.00 0.00 0.00 0.00 0.00 0.00 0.00 8.06 10.84 4.94 4.45 4.45 6.08 5.90 5.62 5.21 4.42 0.00 0.00 2.80 0.00 0.00 0.00 0.00 0.00 0.00 0.00
0.00 0.00 0.00 0.00 0.00 0.00 0.00 0.00 0.00 0.00 0.00 0.00 0.00 0.00 0.00 0.00 0.00 0.00 0.00 0.00 0.00 1.61 4.53 4.53 6.28 4.40 4.32 7.96 6.79 6.79 6.50 1.75 5.41 3.21 3.36 3.63 5.18 7.45 6.42 5.69 3.91 4.53 5.07 6.44 3.20 3.46 0.00 0.00 0.00 0.00 0.00 0.00 0.00 0.00 0.00 0.00 0.00 0.00 0.00 0.00 0.00 0.00 0.00 0.00 0.00 0.00 0.00 0.00 0.00 0.00 0.00 0.00 0.00 0.00 0.00 0.00 0.00 0.00 0.00 0.00 0.00 0.00 0.00 0.00
0.00 0.00 0.00 0.00 0.00 0.00 0.00 0.00 0.00 0.00 0.00 0.00 0.00 0.00 0.00 0.00 0.00 0.00 0.00 0.00 0.00 0.00 0.00 4.74 4.89 3.50 3.07 3.80 3.65 5.18 4.89 5.49 8.22 1.61 2.41 0.00 0.00 3.94 2.63 0.00 0.00 0.00 0.00 0.00 2.22 4.22 0.00 0.00 0.00 0.00 0.00 0.00 0.00 0.00 0.00 0.00 0.00 0.00 0.00 0.00 0.00 0.00 0.00 0.00 0.00 0.00 0.00 0.00 0.00 0.00 0.00 0.00 0.00 0.00 0.00 0.00 0.00 0.00 0.00 0.00 0.00 0.00 0.00 0.00
