Wansh/Snow_depth/snowdepth-1989/winter/1989343.txt
ncols 321
nrows 161
xllcenter 60
yllcenter 15 
cellsize  0.25 
NODATA_value -1
[rows 0 to 36 of 161, columns 84 to 167 of 321]
3.50 2.70 2.77 3.07 3.36 3.07 0.00 0.00 0.00 1.90 3.87 4.53 4.53 3.87 4.02 3.58 2.85 1.02 1.02 0.29 0.22 2.34 4.31 4.31 2.99 2.12 1.24 1.10 1.90 1.90 1.90 2.63 3.80 3.94 0.00 0.00 0.00 0.00 0.00 0.00 0.00 2.26 1.75 1.75 1.24 0.00 1.39 1.97 2.26 2.41 2.34 2.99 2.63 1.90 2.12 2.70 2.92 3.65 2.99 2.12 1.90 1.39 0.80 1.17 1.17 0.80 1.10 2.41 2.41 2.04 2.77 2.85 2.85 1.68 1.90 2.19 2.26 3.58 3.80 3.87 3.94 4.09 4.23 4.09
4.82 3.50 0.00 0.00 0.00 0.00 0.00 0.00 0.51 1.53 2.77 3.21 2.63 1.68 0.88 0.73 0.00 0.00 0.00 0.00 0.00 0.95 3.65 6.42 6.57 4.38 2.56 2.48 2.56 1.83 1.46 2.34 4.02 4.74 5.48 4.67 3.94 2.92 2.26 0.00 0.00 1.24 1.97 1.97 2.26 1.39 1.02 0.66 1.10 1.24 1.46 1.68 1.97 1.97 2.12 2.41 2.70 2.56 2.63 2.19 1.68 2.04 2.77 1.83 1.31 1.53 2.70 2.92 2.92 3.21 3.50 3.58 3.29 3.58 3.29 3.14 3.87 3.36 3.07 3.36 3.87 5.26 5.04 4.16
5.33 2.77 0.22 0.00 0.00 0.00 1.90 5.26 6.94 7.30 7.59 6.20 5.77 4.53 4.31 2.04 0.44 0.07 0.07 0.88 1.83 3.07 5.62 8.10 8.61 5.77 4.23 3.65 3.43 3.29 2.70 2.12 2.41 5.18 6.35 7.59 8.54 8.18 6.28 4.23 0.00 0.00 0.00 0.00 2.48 2.77 2.04 1.53 1.24 1.10 1.68 2.12 2.19 2.48 3.07 3.65 4.74 5.48 5.33 4.82 4.96 4.96 4.60 4.82 4.96 5.11 4.89 4.67 4.67 4.67 4.16 4.60 3.58 2.70 4.31 4.60 4.53 4.38 4.67 4.45 3.87 3.72 5.33 4.74
5.33 2.77 0.22 0.00 0.00 0.00 1.90 5.26 6.94 7.30 7.59 6.20 5.77 4.53 4.31 2.04 0.44 0.07 0.07 0.88 1.83 3.07 5.62 8.10 8.61 5.77 4.23 3.65 3.43 3.29 2.70 2.12 2.41 5.18 6.35 7.59 8.54 8.18 6.28 4.23 0.00 0.00 0.00 0.00 2.48 2.77 2.04 1.53 1.24 1.10 1.68 2.12 2.19 2.48 3.07 3.65 4.74 5.48 5.33 4.82 4.96 4.96 4.60 4.82 4.96 5.11 4.89 4.67 4.67 4.67 4.16 4.60 3.58 2.70 4.31 4.60 4.53 4.38 4.67 4.45 3.87 3.72 5.33 4.74
5.33 4.09 1.75 0.88 2.19 4.67 6.64 7.74 9.05 8.76 8.98 8.32 7.45 6.79 6.79 5.40 3.21 2.26 2.26 0.88 0.80 3.43 6.13 10.44 10.66 8.98 5.69 4.02 3.36 3.07 2.63 1.97 2.70 4.02 6.64 8.25 8.83 9.20 9.05 7.30 5.77 4.09 4.23 4.23 4.45 4.53 5.33 5.04 3.94 2.92 2.70 3.07 2.26 2.12 2.99 2.99 3.14 4.23 5.26 6.64 7.15 8.03 8.25 7.74 6.86 7.52 7.88 8.03 8.03 7.81 6.79 5.26 5.26 4.96 4.89 4.74 5.04 4.82 3.87 3.43 2.92 2.56 1.90 1.90
7.01 5.91 4.96 3.94 4.23 5.04 5.99 5.99 6.50 7.45 7.74 8.10 8.54 8.61 8.40 8.76 7.66 6.28 6.28 2.77 1.39 0.58 3.07 5.55 9.13 8.61 7.15 5.69 3.72 3.72 3.72 3.36 3.58 4.09 5.33 6.64 7.96 9.42 10.44 10.37 8.18 7.37 7.15 7.15 7.01 7.37 8.32 8.40 6.35 4.74 3.43 2.48 2.56 2.85 2.48 2.56 2.63 3.36 4.16 5.33 7.15 8.76 9.13 10.29 9.93 9.13 8.18 7.66 7.66 6.86 7.59 6.64 5.26 5.91 4.96 4.74 4.74 4.02 3.65 3.50 3.14 3.14 3.21 3.29
5.33 5.40 5.62 4.96 4.74 5.26 5.99 5.84 6.42 6.86 6.64 7.52 7.45 7.66 8.25 8.91 8.61 7.74 7.74 5.11 3.58 2.70 1.90 2.34 4.31 5.48 5.84 5.04 4.31 3.58 4.09 4.16 4.02 4.53 5.48 6.28 6.64 6.35 7.52 9.42 8.54 8.47 8.54 8.54 7.59 6.64 6.57 8.10 8.69 5.69 3.43 3.14 2.63 2.34 2.48 2.99 3.36 3.72 4.60 6.06 6.13 7.59 9.78 10.51 10.66 10.51 10.80 11.02 11.02 9.42 9.05 8.10 8.76 8.03 8.54 7.74 6.79 5.91 4.89 3.80 3.07 3.65 3.72 3.58
5.33 5.40 5.62 4.96 4.74 5.26 5.99 5.84 6.42 6.86 6.64 7.52 7.45 7.66 8.25 8.91 8.61 7.74 7.74 5.11 3.58 2.70 1.90 2.34 4.31 5.48 5.84 5.04 4.31 3.58 4.09 4.16 4.02 4.53 5.48 6.28 6.64 6.35 7.52 9.42 8.54 8.47 8.54 8.54 7.59 6.64 6.57 8.10 8.69 5.69 3.43 3.14 2.63 2.34 2.48 2.99 3.36 3.72 4.60 6.06 6.13 7.59 9.78 10.51 10.66 10.51 10.80 11.02 11.02 9.42 9.05 8.10 8.76 8.03 8.54 7.74 6.79 5.91 4.89 3.80 3.07 3.65 3.72 3.58
3.65 3.80 4.09 4.82 6.06 7.96 8.91 8.40 7.96 7.59 6.28 5.11 4.31 4.74 7.23 8.25 9.20 7.74 7.74 6.86 4.96 4.74 3.72 2.56 3.07 4.31 4.53 4.45 3.94 3.94 4.38 4.53 4.09 5.26 6.64 8.03 7.81 6.79 5.69 5.62 5.69 6.20 5.99 5.99 5.11 5.33 5.04 4.60 4.74 5.18 4.67 4.31 3.36 2.99 3.36 3.21 3.87 3.87 3.72 3.94 5.26 5.91 6.28 6.35 8.69 9.05 9.34 9.56 9.56 9.86 11.53 11.39 10.73 11.39 10.95 9.34 7.88 6.79 6.20 5.84 5.77 4.23 3.36 2.99
0.00 2.77 4.74 6.94 8.61 8.98 8.91 8.25 7.37 5.77 4.67 3.87 3.58 3.07 4.23 6.13 7.08 6.57 6.57 6.57 6.94 7.37 5.99 4.02 3.58 3.58 3.43 3.65 3.80 4.16 4.38 3.72 3.65 5.18 6.20 6.64 7.08 6.64 5.55 4.23 3.80 2.99 2.04 2.04 1.83 2.19 2.77 3.07 3.36 3.72 3.72 5.11 5.99 5.40 5.77 4.96 4.31 3.94 3.94 3.58 3.14 3.65 3.58 4.02 4.96 6.42 7.37 8.10 8.10 8.98 10.29 11.02 11.10 11.39 8.76 9.71 7.96 8.91 10.29 10.37 8.54 5.69 4.53 3.21
1.68 3.29 6.50 7.96 8.47 8.54 8.10 6.28 0.00 0.00 0.00 2.48 2.56 3.07 3.14 3.87 5.69 6.35 6.35 6.86 8.91 9.42 8.10 4.60 3.07 3.07 3.43 3.58 3.58 3.07 2.70 2.77 2.99 3.58 4.60 5.11 5.26 5.40 4.82 4.45 4.09 3.80 3.80 3.80 3.21 2.04 1.46 2.34 3.72 4.23 4.31 4.23 4.60 5.04 5.40 6.20 6.94 7.01 6.50 5.48 5.62 3.80 3.65 4.53 5.77 7.45 10.88 12.12 12.12 13.07 13.72 12.48 10.37 10.88 8.10 7.01 7.66 12.05 15.11 14.60 10.07 6.20 5.26 5.18
1.68 3.29 6.50 7.96 8.47 8.54 8.10 6.28 0.00 0.00 0.00 2.48 2.56 3.07 3.14 3.87 5.69 6.35 6.35 6.86 8.91 9.42 8.10 4.60 3.07 3.07 3.43 3.58 3.58 3.07 2.70 2.77 2.99 3.58 4.60 5.11 5.26 5.40 4.82 4.45 4.09 3.80 3.80 3.80 3.21 2.04 1.46 2.34 3.72 4.23 4.31 4.23 4.60 5.04 5.40 6.20 6.94 7.01 6.50 5.48 5.62 3.80 3.65 4.53 5.77 7.45 10.88 12.12 12.12 13.07 13.72 12.48 10.37 10.88 8.10 7.01 7.66 12.05 15.11 14.60 10.07 6.20 5.26 5.18
0.00 0.00 5.48 5.62 5.55 0.00 0.00 0.00 0.00 0.00 2.48 3.29 3.72 4.23 3.94 3.80 3.94 5.33 5.33 6.13 6.57 7.59 6.94 5.26 3.72 3.14 2.56 2.56 3.29 3.29 3.29 3.29 3.50 3.87 4.96 5.84 6.79 6.64 6.13 5.69 5.62 5.40 4.09 4.09 3.29 3.50 3.80 3.50 2.77 2.92 3.36 3.14 3.14 2.92 3.29 4.82 6.13 7.74 8.83 7.81 7.37 7.74 7.59 7.30 7.08 7.23 8.18 10.29 10.29 12.85 13.14 13.43 11.02 9.34 8.47 8.25 10.88 9.20 13.87 12.63 9.78 7.81 7.52 7.08
0.00 0.00 0.00 0.00 0.00 0.00 0.00 2.92 3.07 3.43 4.38 4.45 4.23 4.96 5.26 4.89 4.74 5.04 5.04 4.23 4.45 4.53 4.16 3.50 3.65 2.63 1.97 2.34 3.58 4.82 4.96 5.62 6.94 7.74 7.08 6.79 7.45 7.45 5.99 5.26 4.60 4.53 4.31 4.31 3.43 2.70 3.58 3.50 3.43 3.58 3.36 3.14 2.99 3.14 3.21 3.21 4.38 5.18 5.04 5.77 6.50 7.59 8.69 8.69 8.76 8.54 8.69 9.71 9.71 10.51 11.68 10.37 9.78 9.34 6.72 6.86 8.76 8.40 10.44 4.89 3.87 5.33 5.55 5.04
0.00 0.00 0.00 0.00 0.00 4.74 4.23 3.87 4.53 5.48 4.96 5.04 4.74 4.60 4.60 0.00 0.00 0.00 0.00 0.00 0.00 0.00 0.00 3.72 3.14 2.92 2.63 3.14 4.38 5.77 7.74 9.27 10.07 9.42 8.32 7.45 6.86 5.33 4.60 4.45 4.09 4.09 4.53 4.53 4.74 3.87 2.70 3.14 4.23 4.23 4.31 3.80 3.43 3.65 4.09 5.77 6.86 6.06 4.45 3.87 4.38 4.31 4.96 6.50 7.88 8.25 7.88 8.25 8.25 8.03 8.40 8.03 6.28 6.20 3.36 3.14 4.67 3.80 0.00 3.21 0.00 2.77 4.60 4.45
0.00 0.00 0.00 0.00 6.20 5.99 4.02 2.41 0.00 0.00 2.85 2.77 3.21 0.00 0.00 0.00 0.00 0.00 0.00 4.74 3.50 0.00 3.87 4.67 4.53 4.74 4.09 4.09 4.74 5.91 8.32 10.66 10.73 9.64 7.15 5.04 3.50 2.34 2.77 4.02 4.89 5.26 5.33 5.33 5.48 5.04 4.23 3.94 4.09 4.82 5.62 5.91 5.55 5.33 6.28 6.42 6.86 7.52 6.42 5.04 4.38 4.02 3.58 3.87 5.04 6.35 6.94 7.23 7.23 7.96 7.88 7.30 5.55 4.38 0.00 4.38 5.04 0.00 0.00 0.00 0.00 3.87 4.60 4.45
0.00 0.00 0.00 0.00 6.20 5.99 4.02 2.41 0.00 0.00 2.85 2.77 3.21 0.00 0.00 0.00 0.00 0.00 0.00 4.74 3.50 0.00 3.87 4.67 4.53 4.74 4.09 4.09 4.74 5.91 8.32 10.66 10.73 9.64 7.15 5.04 3.50 2.34 2.77 4.02 4.89 5.26 5.33 5.33 5.48 5.04 4.23 3.94 4.09 4.82 5.62 5.91 5.55 5.33 6.28 6.42 6.86 7.52 6.42 5.04 4.38 4.02 3.58 3.87 5.04 6.35 6.94 7.23 7.23 7.96 7.88 7.30 5.55 4.38 0.00 4.38 5.04 0.00 0.00 0.00 0.00 3.87 4.60 4.45
0.00 4.89 5.77 6.13 5.91 5.69 2.85 1.31 2.41 2.26 1.31 1.39 2.48 3.65 3.50 4.16 4.89 5.62 5.62 4.45 3.80 3.50 3.43 3.21 4.89 5.48 5.62 5.62 6.06 6.64 6.86 8.03 10.51 9.34 6.28 4.23 1.61 1.90 2.77 3.36 4.45 5.48 5.77 5.77 5.62 4.53 3.36 2.92 3.36 3.43 4.31 4.67 4.67 5.26 5.48 5.91 6.06 6.06 5.40 5.40 6.20 7.30 6.86 4.74 5.04 6.20 6.72 7.96 7.96 9.20 8.76 8.54 7.81 7.08 0.00 7.88 6.50 0.00 0.00 0.00 2.48 0.00 3.36 4.53
4.74 6.35 8.25 9.56 9.78 9.42 6.06 5.04 4.23 3.29 2.63 2.12 2.48 4.45 5.69 5.40 5.26 5.55 5.55 5.33 4.31 3.80 3.36 4.02 4.45 5.99 6.86 6.86 7.08 6.42 6.13 8.18 10.29 10.37 8.61 6.79 4.16 2.99 2.26 2.26 2.85 3.80 4.96 4.96 4.60 2.92 0.00 0.00 0.00 1.02 2.63 4.16 4.23 3.87 4.23 5.11 5.62 6.06 6.94 7.81 8.54 9.64 9.64 8.47 7.45 7.08 9.27 9.78 9.78 9.27 8.98 8.61 8.25 7.74 3.50 7.15 4.60 3.80 0.00 0.88 2.92 1.75 4.02 5.69
6.64 6.94 8.03 8.69 10.00 10.88 10.00 7.37 4.45 3.87 3.80 3.29 1.75 3.36 4.53 4.09 4.45 5.33 5.33 6.13 6.64 6.28 5.26 5.18 5.84 6.94 7.96 8.18 7.23 5.77 5.40 5.99 8.32 10.22 7.96 6.06 4.53 3.43 2.34 1.61 0.29 2.04 4.82 4.82 4.16 2.19 0.00 0.00 0.00 0.00 3.14 3.36 3.21 3.14 3.21 3.36 4.02 5.91 6.79 8.10 10.15 11.53 11.75 10.29 9.56 9.13 9.49 10.07 10.07 8.98 6.94 5.55 4.23 5.04 5.04 4.31 3.36 2.85 1.61 1.39 2.92 3.94 4.16 3.50
7.23 8.32 8.32 9.49 10.22 9.56 7.52 7.15 7.45 7.23 6.06 4.60 4.16 5.11 5.40 5.11 4.67 4.53 4.53 5.48 6.28 6.06 5.84 6.42 7.52 8.91 9.64 9.71 8.54 6.35 4.16 4.16 5.77 6.50 6.50 4.02 2.26 1.24 1.46 2.12 2.41 2.04 2.26 2.26 2.92 2.19 0.37 0.00 2.04 4.89 6.42 6.94 6.64 5.69 3.94 3.50 3.58 3.36 4.96 6.13 6.42 7.66 8.91 9.86 10.51 11.17 10.44 7.74 7.74 5.55 4.60 3.43 2.19 1.83 2.77 4.96 2.92 3.14 3.14 1.90 1.83 2.19 2.19 2.63
8.69 8.54 8.98 8.98 7.88 7.45 6.64 7.52 9.05 9.78 10.37 9.42 8.61 10.00 9.86 9.05 8.10 7.01 7.01 6.06 5.77 5.91 6.57 7.74 9.64 11.32 13.43 13.43 12.05 8.98 6.06 3.43 2.92 4.02 4.16 2.77 0.66 0.00 0.00 1.53 3.50 3.50 2.04 2.04 0.58 0.00 0.00 0.00 0.00 0.00 0.00 3.43 4.67 5.77 6.42 6.06 5.18 4.74 4.74 5.77 6.06 5.91 7.08 8.32 9.86 10.66 11.10 9.93 9.93 7.96 4.82 2.85 2.19 1.68 1.83 4.02 1.75 1.83 1.39 0.80 0.95 1.02 0.66 0.66
8.69 8.54 8.98 8.98 7.88 7.45 6.64 7.52 9.05 9.78 10.37 9.42 8.61 10.00 9.86 9.05 8.10 7.01 7.01 6.06 5.77 5.91 6.57 7.74 9.64 11.32 13.43 13.43 12.05 8.98 6.06 3.43 2.92 4.02 4.16 2.77 0.66 0.00 0.00 1.53 3.50 3.50 2.04 2.04 0.58 0.00 0.00 0.00 0.00 0.00 0.00 3.43 4.67 5.77 6.42 6.06 5.18 4.74 4.74 5.77 6.06 5.91 7.08 8.32 9.86 10.66 11.10 9.93 9.93 7.96 4.82 2.85 2.19 1.68 1.83 4.02 1.75 1.83 1.39 0.80 0.95 1.02 0.66 0.66
7.15 7.37 7.30 6.86 6.64 7.23 6.28 7.01 7.74 8.83 9.78 9.49 8.83 10.73 12.48 12.99 11.83 9.86 9.86 8.69 7.96 7.66 8.83 10.15 11.61 13.51 15.77 15.77 15.11 12.34 8.69 6.28 4.45 3.50 2.41 1.24 0.51 0.00 0.00 0.00 1.17 2.04 0.88 0.88 0.00 0.00 0.00 0.00 0.00 0.00 0.00 0.00 1.31 4.02 5.48 6.06 5.69 4.96 4.31 4.45 5.18 5.69 6.94 9.49 10.59 10.80 11.02 11.90 11.90 12.05 11.10 9.27 6.64 4.45 3.21 1.46 1.68 0.73 0.22 0.15 0.22 0.07 0.22 0.07
6.42 7.15 7.45 5.18 5.11 5.40 6.06 7.23 8.47 8.54 9.64 9.13 9.05 9.86 10.15 10.37 10.15 9.34 9.34 7.59 7.08 8.03 9.56 9.68 10.56 13.47 12.83 12.99 14.53 13.58 10.29 7.37 6.20 4.02 1.61 0.88 0.66 0.58 0.15 1.10 0.88 0.22 0.15 0.15 0.00 0.00 0.00 0.00 0.00 0.00 0.00 0.00 0.00 0.00 0.00 3.21 3.58 4.16 5.55 6.06 6.50 6.35 6.86 8.40 10.37 11.75 11.68 11.83 11.83 13.07 14.16 12.78 10.29 6.20 4.45 1.97 1.97 1.02 0.58 0.00 0.22 0.22 0.00 0.00
9.49 10.07 10.22 7.52 4.89 4.67 5.84 7.66 9.13 9.49 7.96 7.08 6.13 8.32 7.66 8.61 9.56 8.47 8.47 6.06 5.26 8.18 10.22 11.20 12.79 11.10 11.16 11.21 12.85 13.65 11.53 9.49 9.20 6.57 3.21 1.46 1.53 2.12 2.04 1.68 1.39 1.17 0.00 0.00 0.00 0.00 0.00 0.00 0.00 0.00 0.00 0.00 0.00 0.00 0.00 0.00 0.00 0.00 0.00 6.06 8.32 8.25 7.74 7.74 7.59 7.88 9.78 10.66 10.66 10.15 8.40 7.59 6.20 3.43 2.26 1.53 1.02 0.22 0.00 0.29 0.29 0.00 0.07 0.00
12.48 13.07 11.97 9.42 7.88 6.20 6.64 6.20 5.33 3.36 0.00 0.00 0.00 0.00 1.61 5.69 8.32 6.50 6.50 3.80 2.92 5.71 8.58 10.84 11.35 10.82 10.89 10.25 12.34 13.26 12.41 12.99 12.99 11.75 7.66 5.40 3.65 3.43 3.14 2.48 1.24 0.37 0.00 0.00 0.00 0.00 0.00 0.00 0.00 0.00 0.00 0.00 0.00 0.00 0.00 0.00 0.00 0.00 0.00 0.00 7.30 8.91 9.05 8.40 8.61 9.13 11.75 12.78 12.78 10.37 8.54 5.48 2.99 2.04 2.99 2.12 1.68 1.39 0.80 1.83 1.24 0.44 0.07 0.22
9.49 10.66 10.59 12.48 9.71 7.23 6.79 5.40 3.65 0.29 0.00 0.00 0.00 0.00 0.00 0.37 1.46 0.29 0.29 0.00 0.00 0.00 0.00 0.00 6.45 7.96 8.73 9.76 11.44 12.17 13.06 14.38 14.67 13.36 11.90 11.39 8.47 5.62 3.94 3.14 1.10 0.00 0.00 0.00 0.00 0.00 0.00 0.00 0.00 0.00 0.00 0.00 0.00 0.00 0.00 0.00 0.00 0.00 0.00 0.00 4.45 7.52 10.00 11.75 11.53 11.53 12.78 13.94 13.94 12.34 10.00 7.30 4.74 3.43 3.21 3.43 2.34 2.48 2.92 3.21 1.31 1.17 1.17 0.51
9.49 10.66 10.59 12.48 9.71 7.23 6.79 5.40 3.65 0.29 0.00 0.00 0.00 0.00 0.00 0.37 1.46 0.29 0.29 0.00 0.00 0.00 0.00 0.00 6.35 7.96 8.47 9.07 10.69 12.35 13.19 14.98 16.49 14.14 12.20 11.39 8.47 5.62 3.94 3.14 1.10 0.00 0.00 0.00 0.00 0.00 0.00 0.00 0.00 0.00 0.00 0.00 0.00 0.00 0.00 0.00 0.00 0.00 0.00 0.00 4.45 7.52 10.00 11.75 11.53 11.53 12.78 13.94 13.94 12.34 10.00 7.30 4.74 3.43 3.21 3.43 2.34 2.48 2.92 3.21 1.31 1.17 1.17 0.51
9.13 5.84 4.89 5.33 4.67 4.23 4.38 5.18 7.08 6.06 3.94 0.00 0.00 0.00 0.00 0.00 0.00 0.00 0.00 0.00 0.00 0.00 0.00 0.00 0.00 0.00 2.65 5.21 6.35 6.75 9.51 11.20 12.99 15.03 14.45 14.90 12.54 8.69 5.69 3.36 1.83 0.58 0.00 0.00 0.00 0.00 0.00 0.00 0.00 0.00 0.00 0.00 0.00 0.00 0.00 0.00 0.00 0.00 0.00 0.00 1.39 4.02 7.37 12.78 13.80 13.51 12.41 10.88 10.88 9.42 7.74 5.26 4.16 3.29 4.23 4.23 3.94 4.82 4.74 4.67 3.21 1.90 1.02 0.07
4.45 3.14 5.18 4.60 3.43 3.36 3.21 4.96 7.08 7.74 7.37 5.18 1.46 0.00 0.51 1.39 0.00 4.89 4.89 2.64 1.17 0.00 0.00 0.00 0.00 0.00 0.00 0.00 0.00 0.00 4.67 7.66 8.25 11.78 13.95 14.92 15.56 13.94 10.95 8.32 5.26 2.77 0.37 0.37 0.00 0.00 0.00 0.00 0.00 0.00 0.00 0.00 0.00 0.00 0.00 0.00 0.00 0.00 0.00 0.00 0.00 1.75 5.40 9.13 12.41 12.41 10.73 9.34 9.34 7.01 5.40 3.65 2.77 2.99 3.29 4.02 4.23 3.94 4.60 4.31 2.70 2.04 1.17 0.80
2.85 5.91 4.60 5.69 6.28 5.26 4.23 5.84 6.57 6.64 5.77 4.53 3.21 2.70 0.00 0.00 7.15 7.37 7.37 5.33 5.40 4.89 2.34 0.00 0.00 0.00 0.00 0.00 0.00 0.00 0.00 1.17 4.45 8.32 12.06 15.80 19.09 16.13 14.89 13.58 11.46 8.32 3.43 3.43 0.80 0.07 0.00 0.00 0.00 0.00 0.00 0.00 0.00 0.00 0.00 0.00 0.00 0.00 0.00 0.00 0.00 0.00 0.00 5.55 7.81 8.10 7.23 6.42 6.42 4.02 2.34 0.51 0.00 0.00 1.10 2.04 2.34 3.65 3.58 3.29 2.99 3.14 2.56 1.68
0.00 0.00 1.61 0.95 2.70 3.07 4.74 7.37 7.23 6.72 7.08 5.04 5.18 6.50 6.64 7.23 6.42 4.82 4.82 3.94 5.18 6.57 6.28 2.56 0.00 0.00 0.00 0.00 0.00 0.00 0.00 0.00 0.66 4.45 8.54 14.38 17.27 18.16 17.73 17.03 15.18 13.07 8.69 8.69 3.87 1.53 1.31 0.73 0.00 0.00 0.15 0.00 0.00 0.00 0.00 0.00 0.00 0.00 0.37 0.95 0.00 0.00 0.00 0.00 2.41 2.12 2.85 2.85 2.85 0.95 0.29 0.00 0.00 0.00 0.00 0.00 0.58 2.70 1.83 2.56 2.04 2.77 2.34 1.68
0.00 0.00 0.00 0.00 0.00 0.00 0.95 0.00 0.00 0.00 0.00 3.07 5.55 8.10 8.61 5.33 3.94 2.56 2.56 0.66 1.17 3.43 3.50 0.00 0.00 0.00 0.00 0.00 0.00 0.00 0.00 0.00 0.00 0.07 2.92 7.81 11.53 13.65 14.23 16.77 14.67 12.92 11.17 11.17 7.23 4.02 2.92 2.19 1.10 0.00 0.00 0.00 0.00 0.00 0.00 0.00 0.00 0.00 0.80 1.02 1.39 0.00 0.00 0.00 0.00 0.00 0.00 0.00 0.00 0.00 0.00 0.00 0.00 0.00 0.00 0.00 0.00 0.00 2.63 0.80 1.17 1.17 0.80 0.80
0.00 0.00 0.00 0.00 0.00 0.00 0.00 0.00 0.00 0.00 0.00 0.95 4.89 5.48 2.85 1.24 0.00 0.00 0.00 0.00 0.00 0.00 0.00 0.00 0.00 0.00 0.00 0.00 0.00 0.00 0.00 0.00 0.00 0.00 0.15 1.31 2.12 4.65 6.64 10.59 9.66 8.03 8.91 8.91 8.10 6.35 5.84 5.04 4.45 3.21 1.39 1.02 0.37 0.00 0.00 0.00 0.00 0.00 0.00 0.80 0.51 0.44 0.00 0.00 0.00 0.00 0.00 0.00 0.00 0.00 0.00 0.00 0.00 0.00 0.00 0.00 0.00 0.00 1.24 0.07 0.00 0.00 0.44 1.39
0.00 0.00 0.00 0.00 0.00 0.00 0.00 0.00 0.00 0.00 0.00 0.95 4.89 5.48 2.85 1.24 0.00 0.00 0.00 0.00 0.00 0.00 0.00 0.00 0.00 0.00 0.00 0.00 0.00 0.00 0.00 0.00 0.00 0.00 0.15 1.32 2.12 4.62 6.71 10.59 9.56 8.03 8.91 8.91 8.10 6.35 5.84 5.04 4.45 3.21 1.39 1.02 0.37 0.00 0.00 0.00 0.00 0.00 0.00 0.80 0.51 0.44 0.00 0.00 0.00 0.00 0.00 0.00 0.00 0.00 0.00 0.00 0.00 0.00 0.00 0.00 0.00 0.00 1.24 0.07 0.00 0.00 0.44 1.39
0.00 0.00 0.00 0.00 0.00 0.00 2.26 6.30 4.00 1.02 1.24 2.41 5.77 4.89 0.80 0.00 0.00 0.00 0.00 0.00 0.00 0.00 0.00 0.00 0.00 0.00 0.00 0.00 0.00 0.00 0.00 0.00 0.00 0.00 0.00 0.00 0.00 0.00 0.00 2.70 2.92 1.97 3.43 3.43 4.45 4.02 4.82 5.62 6.50 5.99 4.09 2.19 1.46 0.00 0.00 0.00 0.00 0.00 0.00 0.00 0.00 0.00 0.22 0.07 0.00 0.29 0.00 0.00 0.00 0.00 0.00 0.00 0.00 0.00 0.00 0.00 0.00 0.00 0.00 0.00 0.00 0.07 1.39 2.12
