Wansh/Snow_depth/snowdepth-1989/winter/1989364.txt
ncols 321
nrows 161
xllcenter 60
yllcenter 15 
cellsize  0.25 
NODATA_value -1
[rows 0 to 36 of 161, columns 84 to 167 of 321]
11.39 11.53 11.46 11.17 9.78 8.61 7.52 6.72 7.52 8.40 9.71 10.66 10.88 11.24 10.95 10.15 10.22 9.71 9.71 9.86 10.88 10.95 9.13 6.79 4.67 2.63 2.56 2.26 3.29 3.07 3.07 4.38 5.69 6.06 5.69 4.74 4.53 6.35 6.79 6.50 5.40 2.70 2.48 2.48 2.41 1.31 1.17 1.24 1.75 2.48 3.72 4.38 6.06 5.91 4.67 4.96 5.40 5.69 4.96 4.53 3.65 3.14 3.21 3.72 2.77 2.41 2.92 3.50 3.50 3.87 4.89 6.13 7.37 7.81 7.01 7.08 7.23 7.08 7.74 7.59 7.15 6.94 6.79 6.13
10.15 10.37 10.29 9.86 9.64 7.74 6.50 6.06 6.57 7.23 7.52 7.45 6.50 6.64 7.08 7.08 7.96 8.32 8.32 7.96 8.25 9.05 9.86 8.98 7.52 6.20 4.67 2.85 1.53 2.48 2.63 3.58 4.60 6.42 6.50 6.35 6.42 5.91 4.96 4.02 2.99 0.00 3.65 3.65 5.18 3.87 3.43 2.70 1.83 1.39 2.04 3.07 3.21 3.21 3.87 4.02 4.45 4.89 5.48 5.40 4.82 3.94 3.94 4.23 3.80 3.65 3.58 4.67 4.67 5.84 6.72 7.30 7.66 8.03 7.88 8.54 8.76 8.76 8.32 8.25 7.74 7.01 6.86 6.06
9.71 9.13 8.69 7.88 7.37 7.59 8.40 9.34 10.88 10.29 9.78 8.69 8.18 6.86 5.26 4.16 4.89 5.55 5.55 8.25 9.71 10.22 11.32 10.00 8.83 5.77 4.16 3.29 2.63 2.92 2.34 2.19 3.14 4.02 6.35 7.66 8.76 9.56 9.20 6.86 4.96 3.50 5.11 5.11 5.99 4.60 4.89 4.31 2.92 2.41 2.19 1.90 2.63 2.92 2.92 3.80 4.09 5.11 6.57 7.37 7.15 6.28 7.74 7.96 7.52 7.45 8.47 9.13 9.13 9.42 9.13 8.32 8.10 9.05 10.29 10.51 10.59 10.73 9.42 8.76 7.96 7.23 7.01 6.35
9.71 9.13 8.69 7.88 7.37 7.59 8.40 9.34 10.88 10.29 9.78 8.69 8.18 6.86 5.26 4.16 4.89 5.55 5.55 8.25 9.71 10.22 11.32 10.00 8.83 5.77 4.16 3.29 2.63 2.92 2.34 2.19 3.14 4.02 6.35 7.66 8.76 9.56 9.20 6.86 4.96 3.50 5.11 5.11 5.99 4.60 4.89 4.31 2.92 2.41 2.19 1.90 2.63 2.92 2.92 3.80 4.09 5.11 6.57 7.37 7.15 6.28 7.74 7.96 7.52 7.45 8.47 9.13 9.13 9.42 9.13 8.32 8.10 9.05 10.29 10.51 10.59 10.73 9.42 8.76 7.96 7.23 7.01 6.35
8.61 7.37 7.01 6.28 6.42 7.01 7.96 9.13 10.44 11.10 10.88 10.15 9.34 9.56 9.20 7.81 5.55 3.43 3.43 3.58 5.11 7.59 9.56 11.17 11.39 9.71 6.28 3.29 2.63 2.63 2.77 3.07 2.85 3.72 5.77 6.86 9.13 10.59 10.29 9.56 8.10 6.06 6.86 6.86 5.33 6.72 7.81 7.37 4.96 4.45 3.36 2.77 2.19 2.41 2.70 3.58 4.16 3.72 5.55 7.01 7.88 9.05 10.29 10.66 10.51 11.39 12.56 12.85 12.85 12.70 11.90 11.17 10.37 10.59 11.10 11.17 11.46 12.05 12.12 10.51 9.78 9.49 8.98 8.32
9.42 8.61 7.45 6.42 5.69 4.82 4.38 4.67 5.48 6.57 8.76 9.64 9.93 9.71 10.29 10.44 10.22 8.61 8.61 6.06 4.23 3.65 4.02 7.08 9.13 8.40 7.66 5.91 3.87 1.97 2.48 2.99 3.65 4.09 5.33 6.79 9.27 10.66 10.88 11.46 10.15 8.47 8.47 8.47 8.25 7.45 8.03 8.83 9.42 8.32 4.89 3.43 2.92 2.85 3.07 3.14 2.85 3.36 2.92 6.57 7.23 9.13 10.59 12.34 12.56 12.70 13.07 12.63 12.63 11.39 11.46 11.53 12.26 12.48 11.75 10.95 10.15 9.34 9.05 8.61 8.83 9.78 10.15 10.22
8.32 7.66 7.08 6.94 6.86 6.06 5.77 5.99 5.77 5.48 5.48 5.84 6.94 8.18 8.61 9.49 11.61 11.53 11.53 11.02 9.71 7.66 4.38 3.43 3.94 4.38 4.23 3.50 3.14 2.70 2.19 3.36 3.65 4.16 5.26 5.91 7.52 7.74 7.59 8.32 8.83 9.13 9.05 9.05 8.40 8.10 6.86 8.54 8.32 6.79 4.82 3.43 3.58 3.14 2.99 3.94 4.38 5.48 6.64 5.77 8.25 9.86 12.48 14.67 14.97 13.94 13.29 13.14 13.14 12.56 12.34 13.14 14.45 14.45 14.31 12.85 11.39 10.29 9.49 8.32 8.40 9.34 10.00 10.59
8.32 7.66 7.08 6.94 6.86 6.06 5.77 5.99 5.77 5.48 5.48 5.84 6.94 8.18 8.61 9.49 11.61 11.53 11.53 11.02 9.71 7.66 4.38 3.43 3.94 4.38 4.23 3.50 3.14 2.70 2.19 3.36 3.65 4.16 5.26 5.91 7.52 7.74 7.59 8.32 8.83 9.13 9.05 9.05 8.40 8.10 6.86 8.54 8.32 6.79 4.82 3.43 3.58 3.14 2.99 3.94 4.38 5.48 6.64 5.77 8.25 9.86 12.48 14.67 14.97 13.94 13.29 13.14 13.14 12.56 12.34 13.14 14.45 14.45 14.31 12.85 11.39 10.29 9.49 8.32 8.40 9.34 10.00 10.59
8.69 8.10 8.47 8.18 7.74 7.66 6.57 4.60 4.67 4.38 4.74 4.02 3.36 5.04 7.37 8.32 7.96 9.42 9.42 10.51 10.44 10.00 7.15 4.74 4.02 3.43 2.92 2.34 2.26 2.26 2.26 3.80 4.31 4.67 5.48 6.64 6.94 6.86 6.72 6.72 6.50 6.06 6.42 6.42 6.13 6.13 5.91 6.94 5.48 4.60 4.09 4.53 4.82 4.60 4.74 4.89 5.18 5.62 5.91 6.50 7.30 9.49 11.02 11.39 10.73 11.61 11.90 12.63 12.63 12.56 13.14 14.45 15.84 15.77 15.26 14.31 13.14 12.70 12.63 11.90 11.02 8.98 8.47 7.96
8.83 9.05 8.76 8.54 8.10 7.96 6.86 6.35 5.04 4.96 4.96 3.80 2.56 2.04 3.58 7.66 8.10 7.37 7.37 8.54 8.54 8.61 7.88 5.62 3.43 2.48 2.63 2.63 2.34 1.97 2.34 3.29 3.29 2.63 5.26 6.50 6.35 5.91 5.55 5.69 4.96 4.09 4.45 4.45 4.38 4.23 3.21 3.43 2.85 5.33 6.13 7.23 8.18 8.10 7.45 7.23 8.18 7.15 7.01 6.79 6.28 6.50 6.86 6.94 7.45 8.03 9.34 10.80 10.80 11.75 13.58 14.53 15.84 15.18 12.70 11.39 12.92 15.55 16.57 15.70 13.87 10.80 8.69 7.74
7.74 7.74 7.23 6.72 7.23 6.50 5.69 3.87 2.48 1.75 1.39 0.07 0.95 1.75 2.77 3.72 5.11 6.42 6.42 7.52 9.49 7.23 4.38 4.31 4.02 2.77 1.53 1.97 2.48 2.12 2.04 2.34 2.85 3.80 4.74 5.11 5.33 5.62 5.55 4.82 4.82 4.96 4.89 4.89 4.60 4.09 3.72 3.94 4.74 4.31 6.42 7.45 8.25 8.10 7.30 7.45 8.47 9.05 9.34 8.47 7.30 7.01 6.94 6.86 7.08 8.47 10.88 12.92 12.92 14.97 17.59 17.81 17.01 14.53 12.05 11.10 13.43 17.23 20.51 18.61 15.33 11.83 9.93 10.00
7.74 7.74 7.23 6.72 7.23 6.50 5.69 3.87 2.48 1.75 1.39 0.07 0.95 1.75 2.77 3.72 5.11 6.42 6.42 7.52 9.49 7.23 4.38 4.31 4.02 2.77 1.53 1.97 2.48 2.12 2.04 2.34 2.85 3.80 4.74 5.11 5.33 5.62 5.55 4.82 4.82 4.96 4.89 4.89 4.60 4.09 3.72 3.94 4.74 4.31 6.42 7.45 8.25 8.10 7.30 7.45 8.47 9.05 9.34 8.47 7.30 7.01 6.94 6.86 7.08 8.47 10.88 12.92 12.92 14.97 17.59 17.81 17.01 14.53 12.05 11.10 13.43 17.23 20.51 18.61 15.33 11.83 9.93 10.00
5.69 6.42 6.79 6.42 5.77 4.82 3.07 1.97 1.68 0.00 0.00 0.80 1.31 3.72 5.11 6.64 8.54 10.07 10.07 7.01 6.42 8.03 6.13 3.21 2.26 2.19 2.85 2.77 1.83 2.70 1.75 3.36 3.58 5.04 4.82 5.18 6.50 7.59 7.66 6.72 6.79 6.72 6.72 6.72 5.69 5.33 4.67 5.55 6.50 6.57 6.20 7.59 8.25 7.59 7.01 7.08 8.25 10.51 11.39 11.53 10.44 8.83 9.86 9.05 9.93 10.59 12.78 14.16 14.16 17.01 18.25 18.47 17.16 15.04 13.14 12.19 13.87 17.30 18.25 16.86 14.60 12.99 11.90 11.90
2.77 4.96 5.91 6.86 7.88 7.96 7.15 6.94 5.40 5.11 4.67 5.77 7.45 7.74 7.81 7.23 6.94 7.08 7.08 7.30 6.50 4.09 3.94 3.87 2.56 2.41 1.46 3.07 4.60 4.31 7.15 3.43 8.61 8.69 8.69 9.56 10.44 10.44 9.05 8.18 7.45 7.30 7.30 7.30 6.20 6.20 6.64 7.15 7.52 7.74 7.74 7.15 7.74 6.94 6.86 7.59 9.78 10.88 10.88 10.59 10.29 10.66 11.53 10.73 11.68 12.70 13.51 14.31 14.31 15.48 16.50 18.10 16.94 14.45 12.56 12.12 12.78 12.12 11.75 8.54 9.56 10.88 9.49 8.40
0.00 2.26 5.55 8.03 7.52 6.94 7.96 8.32 8.83 9.05 7.08 5.77 5.99 6.20 6.86 7.74 7.66 6.42 6.42 4.89 4.89 5.33 4.60 4.67 4.16 3.87 3.29 4.23 6.42 7.88 9.05 10.73 12.34 13.21 11.90 11.39 11.02 8.32 7.59 6.64 6.79 7.08 7.45 7.45 7.81 7.96 8.32 7.52 7.59 7.88 8.91 8.69 8.61 8.83 8.98 11.32 12.92 12.56 12.12 7.96 7.37 8.47 8.98 9.78 12.41 12.85 12.12 12.26 12.26 12.78 14.38 15.40 13.80 11.53 9.56 8.83 10.07 6.42 1.10 0.00 4.96 9.71 8.98 7.96
0.00 2.85 6.57 8.03 8.10 6.57 5.77 5.04 5.33 5.77 5.99 5.69 5.84 5.55 5.77 6.72 7.74 6.50 6.50 6.42 5.77 4.96 5.69 6.20 6.13 6.42 5.99 6.06 7.15 8.69 10.29 11.53 12.19 12.78 10.73 8.47 6.50 5.55 5.33 6.13 7.96 9.13 9.78 9.78 10.07 9.49 8.76 7.74 8.25 8.69 9.20 10.44 10.66 9.64 12.05 13.80 14.75 14.24 11.53 7.74 6.35 6.42 6.94 7.15 7.88 8.10 10.29 12.05 12.05 12.70 13.58 13.80 11.68 9.20 7.59 8.69 9.20 5.77 0.00 0.00 5.26 9.71 8.40 7.74
0.00 2.85 6.57 8.03 8.10 6.57 5.77 5.04 5.33 5.77 5.99 5.69 5.84 5.55 5.77 6.72 7.74 6.50 6.50 6.42 5.77 4.96 5.69 6.20 6.13 6.42 5.99 6.06 7.15 8.69 10.29 11.53 12.19 12.78 10.73 8.47 6.50 5.55 5.33 6.13 7.96 9.13 9.78 9.78 10.07 9.49 8.76 7.74 8.25 8.69 9.20 10.44 10.66 9.64 12.05 13.80 14.75 14.24 11.53 7.74 6.35 6.42 6.94 7.15 7.88 8.10 10.29 12.05 12.05 12.70 13.58 13.80 11.68 9.20 7.59 8.69 9.20 5.77 0.00 0.00 5.26 9.71 8.40 7.74
5.40 5.99 6.86 8.03 7.66 5.91 4.23 3.58 3.65 3.65 4.16 5.26 6.06 6.72 7.30 7.15 7.88 7.96 7.96 6.20 4.96 4.82 4.60 6.13 7.15 7.52 8.18 7.74 7.59 8.47 9.27 10.59 10.80 12.48 11.17 7.96 5.48 4.53 5.33 6.28 8.18 9.71 10.95 10.95 11.90 11.75 11.02 9.93 8.76 8.69 9.20 10.44 10.00 10.73 11.83 12.26 11.39 10.37 8.10 8.25 9.05 10.29 11.39 9.42 8.76 9.20 8.69 12.56 12.56 13.72 15.18 13.72 12.12 12.12 12.41 12.63 11.53 3.94 0.00 1.39 6.35 8.32 7.30 7.88
6.79 8.25 8.32 8.32 8.25 7.08 5.69 4.53 4.23 3.80 5.26 5.40 6.50 8.10 9.20 9.71 10.07 11.02 11.02 9.05 7.52 5.91 4.60 4.53 7.45 8.83 8.98 9.93 9.78 10.29 12.12 12.99 11.97 14.02 13.29 10.73 7.81 6.72 5.55 5.26 6.42 8.47 11.24 11.24 14.31 14.75 8.76 9.05 7.37 7.08 8.40 10.15 11.75 11.39 11.02 10.95 10.07 10.00 10.15 11.17 13.07 15.91 15.70 13.87 11.75 11.32 12.48 11.46 11.46 17.01 17.59 14.97 13.21 12.41 12.26 11.24 7.81 3.72 1.46 4.31 6.50 7.08 7.66 7.45
8.32 8.83 8.83 9.20 10.59 9.64 7.88 6.13 5.11 4.89 5.62 5.04 5.48 6.94 8.03 7.88 8.76 9.93 9.93 10.66 10.29 8.76 7.15 7.15 7.37 9.64 11.24 10.73 10.44 10.44 10.51 12.19 13.29 13.29 14.53 11.02 8.40 5.11 3.65 3.29 3.94 6.28 10.44 10.44 13.87 14.53 7.45 6.86 5.48 8.03 11.02 12.41 12.92 13.21 10.59 11.53 10.29 10.00 10.73 12.05 14.09 16.13 16.94 15.48 14.89 15.04 15.70 17.16 17.16 15.48 14.38 11.68 9.20 8.32 8.83 8.40 6.20 4.23 4.23 4.23 4.09 5.04 5.99 5.18
7.88 8.32 8.91 8.47 9.42 10.51 10.22 8.47 7.37 6.20 4.74 4.31 4.82 5.40 5.91 5.40 6.42 6.72 6.72 7.52 8.69 8.54 9.13 9.93 10.88 11.02 10.51 10.51 8.83 6.86 6.42 7.23 9.05 10.15 11.39 7.96 5.55 3.87 2.99 2.77 3.50 5.99 8.47 8.47 11.53 12.85 14.02 8.76 10.15 12.99 14.24 14.45 14.89 14.09 11.39 10.29 10.88 9.71 9.93 10.37 11.75 13.51 14.82 14.31 15.77 16.72 17.37 16.94 16.94 17.37 16.79 7.01 4.60 4.09 5.04 5.69 4.82 4.23 4.45 3.21 2.34 2.70 3.58 3.94
7.66 7.08 6.86 6.35 6.57 6.94 8.10 9.13 8.61 8.25 7.96 7.30 8.10 10.22 10.00 9.34 7.81 7.59 7.59 7.52 8.32 9.71 10.22 11.61 13.29 17.16 17.59 14.97 12.78 10.80 7.08 5.55 4.23 8.54 6.57 4.82 3.36 2.41 0.95 2.04 5.40 6.13 3.80 3.80 4.89 7.52 6.06 15.18 9.27 9.56 10.37 10.66 10.88 11.32 11.39 12.05 12.05 10.88 8.69 8.25 9.34 11.24 12.41 13.14 15.77 17.67 17.89 16.94 16.94 12.99 13.65 10.59 6.64 4.53 4.67 4.16 3.29 2.99 2.92 2.34 1.83 1.83 2.41 1.83
7.66 7.08 6.86 6.35 6.57 6.94 8.10 9.13 8.61 8.25 7.96 7.30 8.10 10.22 10.00 9.34 7.81 7.59 7.59 7.52 8.32 9.71 10.22 11.61 13.29 17.16 17.59 14.97 12.78 10.80 7.08 5.55 4.23 8.54 6.57 4.82 3.36 2.41 0.95 2.04 5.40 6.13 3.80 3.80 4.89 7.52 6.06 15.18 9.27 9.56 10.37 10.66 10.88 11.32 11.39 12.05 12.05 10.88 8.69 8.25 9.34 11.24 12.41 13.14 15.77 17.67 17.89 16.94 16.94 12.99 13.65 10.59 6.64 4.53 4.67 4.16 3.29 2.99 2.92 2.34 1.83 1.83 2.41 1.83
5.69 5.62 5.40 5.84 6.13 6.72 7.08 7.59 8.54 8.47 7.66 7.74 9.05 10.95 14.09 15.04 12.78 11.61 11.61 11.53 11.53 11.83 12.12 14.16 16.94 18.83 20.73 21.17 18.25 13.43 9.34 6.13 5.04 4.67 4.38 2.99 1.75 0.73 0.51 2.56 4.31 3.65 4.02 4.02 3.21 0.00 0.00 7.23 0.00 0.00 0.00 2.77 5.55 7.59 8.69 10.07 10.29 12.05 6.79 6.42 8.40 10.51 10.95 13.36 17.96 19.56 18.54 16.79 16.79 15.70 15.91 12.99 13.21 9.49 7.37 4.96 3.21 1.83 1.83 1.53 1.02 1.31 1.53 0.73
5.55 6.13 6.06 4.96 5.18 6.72 8.61 9.64 9.56 8.69 8.03 8.47 9.78 10.15 11.46 12.78 13.07 12.41 12.41 12.12 13.21 14.31 14.53 14.90 15.26 17.42 16.44 17.30 16.50 14.24 9.71 7.23 4.74 3.80 3.65 2.63 2.56 1.83 1.53 3.72 2.99 2.92 2.34 2.34 2.63 0.00 0.00 0.00 0.00 0.00 0.00 0.00 0.00 4.82 5.48 5.84 5.69 4.45 6.50 5.62 9.78 11.10 12.19 14.89 18.61 19.05 18.40 17.37 17.37 18.40 20.95 20.44 20.66 10.66 7.01 4.23 3.58 1.97 1.83 1.53 1.02 0.66 0.95 0.73
7.66 8.47 8.98 6.94 5.33 6.42 8.54 10.07 9.42 8.18 7.74 6.50 6.42 7.74 9.27 10.95 11.61 10.66 10.66 10.59 12.63 14.67 15.99 16.61 17.71 14.90 15.30 16.41 17.59 17.74 16.43 12.85 9.20 4.82 2.85 2.56 1.75 2.12 2.70 3.07 2.56 2.04 1.75 1.75 1.90 2.41 2.48 0.00 0.00 0.00 0.00 0.00 0.00 0.00 0.00 0.00 0.00 0.00 2.77 4.23 11.46 13.21 12.85 13.29 14.89 14.97 17.01 18.03 18.03 18.32 17.89 14.97 11.10 12.56 4.67 3.87 2.92 1.39 1.75 1.90 1.83 0.95 1.17 1.61
8.69 9.78 10.07 9.27 7.81 6.42 6.42 7.30 6.42 2.63 0.00 0.00 0.51 1.02 3.87 7.23 8.83 9.42 9.42 8.10 7.96 11.04 13.77 16.11 15.81 15.96 17.07 16.44 16.78 17.21 16.64 15.99 14.60 11.83 2.63 5.84 4.74 3.58 3.21 3.07 3.21 2.77 1.61 1.61 0.00 0.44 0.07 0.00 0.00 0.00 0.00 0.00 0.00 0.00 0.00 0.00 0.00 0.00 0.00 2.77 4.60 11.10 11.68 12.56 12.78 12.78 16.06 19.93 19.93 20.08 16.06 12.34 7.59 8.40 5.91 4.53 3.87 3.87 2.48 2.92 2.70 1.02 1.75 2.12
7.74 7.45 8.47 9.49 8.69 6.42 5.62 5.77 5.48 0.00 0.00 0.00 0.00 0.00 0.00 0.15 2.63 2.85 2.85 0.00 0.00 2.59 4.59 8.32 11.56 14.02 16.41 17.62 19.02 18.66 19.08 20.15 20.37 17.45 15.99 13.58 9.78 6.64 5.33 4.23 2.26 1.61 0.00 0.00 0.00 0.00 0.00 0.00 0.00 0.00 0.00 0.00 0.00 0.00 0.00 0.00 0.00 0.00 0.00 1.90 0.00 9.05 12.12 13.51 15.77 15.77 18.10 20.66 20.66 19.86 14.45 10.95 6.94 5.18 5.62 5.69 5.84 4.89 4.31 4.45 3.29 2.41 3.07 2.56
7.74 7.45 8.47 9.49 8.69 6.42 5.62 5.77 5.48 0.00 0.00 0.00 0.00 0.00 0.00 0.15 2.63 2.85 2.86 0.00 0.00 2.78 4.48 8.54 11.39 14.02 15.91 16.37 17.77 18.94 19.27 20.99 22.88 18.46 16.40 13.58 9.78 6.64 5.33 4.23 2.26 1.61 0.00 0.00 0.00 0.00 0.00 0.00 0.00 0.00 0.00 0.00 0.00 0.00 0.00 0.00 0.00 0.00 0.00 1.90 0.00 9.05 12.12 13.51 15.77 15.77 18.10 20.66 20.66 19.86 14.45 10.95 6.94 5.18 5.62 5.69 5.84 4.89 4.31 4.45 3.29 2.41 3.07 2.56
4.89 4.89 4.89 4.96 5.33 5.62 7.08 8.83 9.34 7.74 4.38 0.00 0.00 0.00 0.00 1.10 0.00 0.00 0.00 0.00 0.00 0.00 0.00 0.07 2.77 5.38 8.85 11.30 11.53 13.57 16.96 18.68 22.58 24.16 21.30 19.67 15.78 11.68 7.37 5.04 3.72 3.29 1.68 1.68 0.00 0.00 0.00 0.00 0.00 0.00 0.00 0.00 0.00 0.00 0.00 0.00 0.00 0.00 0.00 0.00 3.65 5.40 9.49 13.14 18.32 18.91 18.91 17.67 17.67 15.70 10.73 8.47 6.13 4.31 5.40 4.67 6.64 6.35 5.91 5.91 4.67 3.21 2.34 2.04
4.60 5.40 5.77 5.48 4.74 4.02 4.23 6.57 8.69 9.49 7.81 4.96 1.83 1.46 2.19 4.09 6.20 4.53 4.53 2.93 1.24 1.61 0.88 0.00 0.00 0.00 0.22 0.91 2.16 4.50 7.37 11.75 15.04 19.20 22.27 19.18 19.57 17.24 11.90 8.47 5.55 2.77 2.34 2.34 1.90 1.39 0.37 0.95 0.95 0.00 0.00 0.00 0.00 0.00 0.00 0.00 0.00 0.00 0.00 0.00 0.00 2.77 3.58 10.95 18.18 18.18 15.91 12.05 12.05 11.10 8.25 5.33 3.21 3.65 5.26 6.20 6.57 5.69 6.13 5.40 4.09 3.58 2.19 1.68
2.77 4.38 5.77 6.06 6.06 6.06 6.79 7.81 8.91 8.83 6.86 5.77 5.26 6.28 6.28 7.08 7.15 6.06 6.06 6.86 6.28 4.67 2.77 1.10 0.00 0.00 0.00 0.00 0.70 1.92 3.65 6.13 10.95 15.62 19.83 20.32 21.82 21.97 20.15 17.89 15.11 11.02 5.18 5.18 2.63 1.75 0.80 0.95 1.02 0.00 1.17 0.00 0.00 0.00 0.00 0.00 0.00 0.00 0.00 0.00 1.83 2.04 2.41 9.56 12.92 11.83 9.93 8.32 8.32 8.25 5.11 2.99 1.83 2.56 2.77 3.07 5.11 4.82 5.55 4.67 4.16 4.16 4.02 3.72
0.00 0.51 1.97 2.56 3.65 5.48 6.64 7.66 8.76 9.20 7.66 6.42 6.79 7.74 7.52 7.66 7.81 6.86 6.86 6.50 6.94 7.01 5.69 2.85 0.66 0.00 0.00 0.00 0.00 2.41 2.70 3.80 5.40 9.78 14.31 20.15 21.42 26.17 24.66 21.97 17.96 14.02 9.20 9.20 4.23 2.70 1.83 1.90 2.12 1.39 1.39 1.90 1.90 0.00 0.00 0.00 0.00 0.00 1.61 2.41 2.26 0.00 3.36 4.16 6.64 4.89 4.31 4.82 4.82 4.96 3.58 0.00 0.00 1.68 1.24 1.31 2.56 2.92 4.16 3.94 4.09 4.31 4.60 3.21
0.00 0.00 0.00 0.00 0.00 0.00 0.00 0.00 0.00 3.94 3.36 4.67 6.50 7.15 7.81 5.77 4.09 3.50 3.50 2.92 4.09 5.04 4.74 2.70 0.95 0.00 0.00 0.00 0.00 3.14 4.74 4.23 4.96 6.28 8.03 12.05 22.05 20.08 22.97 23.14 19.22 16.94 12.63 12.63 7.88 6.13 4.82 3.65 2.77 2.04 1.39 1.75 1.68 1.39 0.00 0.00 0.00 0.00 2.63 3.29 3.58 3.87 0.00 0.00 2.70 0.00 2.48 2.85 2.85 0.00 0.00 0.00 0.00 0.00 0.80 1.39 1.17 1.61 2.48 1.97 1.46 2.12 2.04 1.97
0.00 0.00 0.00 0.00 0.00 0.00 0.00 0.00 0.00 0.00 0.00 2.04 4.82 5.40 3.58 2.41 0.66 0.66 0.66 0.88 0.29 0.00 0.00 0.00 0.00 0.00 0.00 0.00 0.00 1.13 2.65 3.89 3.99 4.09 4.23 4.60 14.67 7.01 11.10 13.65 13.64 12.78 12.34 12.34 11.83 9.34 8.54 7.15 5.55 4.38 2.04 3.14 1.75 0.73 0.95 1.39 1.83 2.70 2.99 3.65 3.21 2.77 0.00 0.00 2.77 0.00 0.00 0.00 0.00 0.00 0.00 0.00 0.00 0.00 0.95 1.10 0.00 0.00 1.97 0.66 0.07 0.00 1.31 3.36
0.00 0.00 0.00 0.00 0.00 0.00 0.00 0.00 0.00 0.00 0.00 2.04 4.82 5.40 3.58 2.41 0.66 0.66 0.66 0.88 0.29 0.00 0.00 0.00 0.00 0.00 0.00 0.00 0.00 1.10 2.56 3.87 3.87 4.09 4.26 4.62 14.67 6.97 11.21 13.65 13.51 12.78 12.34 12.34 11.83 9.34 8.54 7.15 5.55 4.38 2.04 3.14 1.75 0.73 0.95 1.39 1.83 2.70 2.99 3.65 3.21 2.77 0.00 0.00 2.77 0.00 0.00 0.00 0.00 0.00 0.00 0.00 0.00 0.00 0.95 1.10 0.00 0.00 1.97 0.66 0.07 0.00 1.31 3.36
0.44 0.00 0.00 0.00 0.00 0.00 4.74 6.45 5.41 2.70 2.19 3.58 4.23 3.29 1.68 0.00 0.00 0.00 0.00 0.00 0.00 0.00 0.00 0.00 0.00 0.00 0.00 0.00 0.00 0.00 1.46 2.34 2.99 2.85 2.26 3.07 2.85 2.63 2.79 3.29 3.65 4.31 5.40 5.40 6.79 8.03 7.59 7.59 8.69 7.23 2.12 4.74 2.92 2.04 0.00 0.00 0.00 2.48 2.77 2.48 1.97 2.85 2.77 0.00 1.97 0.00 0.00 0.00 0.00 0.00 0.00 0.00 0.00 0.00 0.00 0.00 0.00 0.00 0.00 0.00 0.00 1.53 3.36 3.80
