Wansh/Snow_depth/snowdepth-1989/winter/1989348.txt
ncols 321
nrows 161
xllcenter 60
yllcenter 15 
cellsize  0.25 
NODATA_value -1
[rows 0 to 36 of 161, columns 84 to 167 of 321]
8.18 7.74 8.18 7.23 6.79 5.77 5.26 4.74 5.11 6.13 7.88 7.96 8.25 8.18 7.59 7.37 8.18 8.32 8.32 8.10 6.72 5.55 6.06 6.06 6.06 0.00 0.00 0.00 0.00 2.48 2.85 3.07 3.87 3.87 3.72 3.58 0.00 0.00 0.00 0.00 0.00 0.00 0.00 0.00 0.00 0.00 0.80 1.17 1.83 2.26 2.99 3.36 3.50 3.72 3.36 3.58 3.58 4.45 4.82 4.96 3.36 2.92 2.26 1.46 1.39 1.46 1.75 2.92 2.92 3.87 3.65 4.23 4.74 5.11 5.18 4.74 5.48 5.84 5.84 5.91 5.91 5.84 5.55 4.96
8.47 7.59 5.48 5.33 5.99 5.04 3.72 3.36 3.72 5.04 6.06 6.06 5.48 4.96 5.04 5.33 5.18 4.82 4.82 6.20 6.35 9.64 4.74 5.62 4.60 2.70 0.00 0.00 0.00 0.00 0.00 0.00 2.56 2.77 4.53 4.45 3.94 3.72 3.94 3.36 0.00 0.00 1.17 1.17 2.19 2.34 1.17 1.31 1.17 1.97 2.63 2.77 2.77 3.07 2.63 2.77 3.07 3.29 3.50 3.50 3.58 2.99 2.99 3.14 3.07 2.56 2.70 3.07 3.07 3.87 4.23 5.04 5.48 6.35 6.64 6.57 6.28 6.42 6.86 6.86 5.91 5.55 5.26 4.09
6.79 5.33 4.89 4.23 3.65 4.96 5.62 7.08 8.03 8.25 9.13 8.83 8.54 7.74 5.91 4.67 4.96 6.57 6.57 6.50 9.05 9.20 7.23 7.01 4.60 2.41 1.75 0.00 0.00 0.00 0.00 0.00 0.00 0.00 4.74 6.50 7.08 8.03 7.15 6.20 3.65 0.00 0.00 0.00 0.00 2.56 2.70 1.53 3.14 1.46 1.75 1.83 1.46 1.31 2.26 2.99 3.72 4.45 4.31 5.84 5.91 5.11 5.55 5.18 5.11 5.84 6.13 6.28 6.28 6.64 6.64 5.99 6.20 6.57 7.88 8.54 8.25 8.10 7.88 6.64 6.06 5.91 5.04 4.38
6.79 5.33 4.89 4.23 3.65 4.96 5.62 7.08 8.03 8.25 9.13 8.83 8.54 7.74 5.91 4.67 4.96 6.57 6.57 6.50 9.05 9.20 7.23 7.01 4.60 2.41 1.75 0.00 0.00 0.00 0.00 0.00 0.00 0.00 4.74 6.50 7.08 8.03 7.15 6.20 3.65 0.00 0.00 0.00 0.00 2.56 2.70 1.53 3.14 1.46 1.75 1.83 1.46 1.31 2.26 2.99 3.72 4.45 4.31 5.84 5.91 5.11 5.55 5.18 5.11 5.84 6.13 6.28 6.28 6.64 6.64 5.99 6.20 6.57 7.88 8.54 8.25 8.10 7.88 6.64 6.06 5.91 5.04 4.38
7.45 6.57 5.55 5.33 6.50 8.18 8.69 10.22 11.90 12.48 11.83 11.17 10.44 9.56 9.05 8.10 6.28 4.96 4.96 5.18 5.99 8.61 12.99 7.08 7.59 6.86 4.60 2.77 1.97 0.95 1.02 1.10 1.53 2.56 3.87 5.18 8.25 10.22 10.51 9.93 6.42 3.65 3.72 3.72 4.89 5.62 5.55 5.40 0.00 3.43 2.85 2.41 2.41 1.83 1.53 2.34 3.07 3.58 3.87 5.99 6.94 7.45 7.96 7.66 8.03 8.32 8.98 8.76 8.76 8.69 8.40 7.74 7.23 6.86 8.10 7.81 7.66 7.81 7.37 6.28 5.91 5.33 4.74 4.38
9.93 9.27 8.69 8.25 7.74 8.10 7.74 7.37 7.74 8.61 10.00 11.10 11.97 11.83 11.46 12.70 12.05 10.00 10.00 8.10 6.57 5.62 11.97 3.21 6.86 8.25 6.57 4.31 2.85 2.63 1.97 2.04 2.41 3.36 4.45 5.18 7.74 10.15 10.15 9.93 9.05 7.81 7.74 7.74 7.88 7.30 7.66 7.96 7.37 5.33 5.69 2.99 1.68 1.39 2.19 3.14 2.70 3.29 4.31 4.60 6.64 7.88 8.69 10.95 11.17 10.95 10.80 9.78 9.78 9.20 8.76 8.91 8.76 8.18 7.45 6.64 6.57 6.57 5.91 5.77 6.13 6.64 6.06 5.69
9.93 9.78 9.20 8.98 9.20 8.76 7.66 7.23 7.15 7.59 7.96 8.32 9.71 11.97 12.56 11.90 13.21 13.21 13.21 12.78 10.95 9.49 8.25 6.42 2.99 6.50 5.48 4.45 3.50 3.87 3.58 3.07 3.87 4.53 4.82 4.82 5.40 7.59 7.74 7.52 8.40 7.74 7.74 7.74 7.01 6.72 6.35 7.01 7.66 7.45 5.55 4.38 2.85 2.70 2.56 2.63 3.14 3.80 4.53 4.67 5.62 7.15 9.27 11.02 11.39 11.17 10.66 10.44 10.44 10.51 9.71 9.86 10.88 11.10 10.88 9.64 8.61 8.18 6.72 5.99 5.91 6.64 7.45 7.45
9.93 9.78 9.20 8.98 9.20 8.76 7.66 7.23 7.15 7.59 7.96 8.32 9.71 11.97 12.56 11.90 13.21 13.21 13.21 12.78 10.95 9.49 8.25 6.42 2.99 6.50 5.48 4.45 3.50 3.87 3.58 3.07 3.87 4.53 4.82 4.82 5.40 7.59 7.74 7.52 8.40 7.74 7.74 7.74 7.01 6.72 6.35 7.01 7.66 7.45 5.55 4.38 2.85 2.70 2.56 2.63 3.14 3.80 4.53 4.67 5.62 7.15 9.27 11.02 11.39 11.17 10.66 10.44 10.44 10.51 9.71 9.86 10.88 11.10 10.88 9.64 8.61 8.18 6.72 5.99 5.91 6.64 7.45 7.45
9.05 8.91 8.76 9.42 9.93 9.27 9.20 8.69 8.40 7.45 7.01 6.35 6.86 8.18 9.86 11.75 12.70 12.26 12.26 12.05 12.85 10.88 8.83 7.88 5.55 3.72 4.09 3.43 2.41 3.29 3.36 3.07 3.07 3.50 4.16 5.62 7.01 6.64 7.30 6.06 7.37 5.77 5.77 5.77 6.06 5.48 5.26 4.89 5.11 4.31 3.87 3.87 3.87 3.43 3.29 2.92 4.02 4.89 4.74 4.53 5.04 6.86 7.45 8.40 8.47 8.47 10.00 10.22 10.22 10.44 10.80 11.75 12.48 13.07 12.26 11.68 10.80 9.71 8.83 8.18 7.52 6.42 6.79 6.35
7.74 8.54 9.13 9.93 10.51 10.15 8.61 7.66 7.30 6.94 5.69 5.18 5.04 5.62 7.59 9.27 10.29 11.46 11.46 11.53 11.61 10.07 8.54 5.48 4.23 3.94 2.92 2.77 2.77 2.70 1.53 2.19 3.07 3.72 5.26 6.20 7.15 6.72 5.40 6.64 4.96 4.02 3.50 3.50 3.14 2.19 1.68 1.61 1.83 3.65 4.09 4.16 4.89 5.77 5.91 5.26 5.55 5.69 4.89 5.26 4.53 4.60 4.09 4.09 4.23 6.20 7.45 8.40 8.40 9.34 10.51 11.97 13.43 12.63 10.29 9.71 10.07 12.26 13.21 12.92 10.51 7.96 6.79 5.77
7.30 7.45 7.81 7.88 7.66 7.08 6.42 6.06 4.74 4.60 4.96 4.82 4.67 4.89 5.04 6.50 7.66 8.32 8.32 9.34 10.80 10.07 7.66 4.96 3.43 3.50 2.99 1.75 3.07 2.56 2.56 2.99 3.07 2.92 3.87 4.02 4.23 4.16 3.87 3.58 5.18 4.31 4.60 4.60 3.72 3.50 2.48 3.14 2.99 4.09 3.87 4.09 5.18 7.37 6.72 6.13 6.50 7.45 7.01 6.72 5.69 5.77 5.11 4.74 5.48 7.15 8.25 10.51 10.51 12.05 13.65 13.58 13.58 11.17 8.83 8.25 10.80 14.89 16.72 16.28 12.48 9.49 8.32 7.59
7.30 7.45 7.81 7.88 7.66 7.08 6.42 6.06 4.74 4.60 4.96 4.82 4.67 4.89 5.04 6.50 7.66 8.32 8.32 9.34 10.80 10.07 7.66 4.96 3.43 3.50 2.99 1.75 3.07 2.56 2.56 2.99 3.07 2.92 3.87 4.02 4.23 4.16 3.87 3.58 5.18 4.31 4.60 4.60 3.72 3.50 2.48 3.14 2.99 4.09 3.87 4.09 5.18 7.37 6.72 6.13 6.50 7.45 7.01 6.72 5.69 5.77 5.11 4.74 5.48 7.15 8.25 10.51 10.51 12.05 13.65 13.58 13.58 11.17 8.83 8.25 10.80 14.89 16.72 16.28 12.48 9.49 8.32 7.59
6.13 6.50 6.86 6.50 5.62 4.89 0.00 0.00 0.00 3.94 4.67 5.26 5.91 5.33 5.77 6.86 6.13 6.57 6.57 8.47 7.81 7.23 7.88 5.48 3.50 3.36 2.77 2.77 3.43 2.63 3.14 2.56 2.70 2.99 3.87 3.80 4.67 6.64 5.77 4.67 5.26 4.96 5.84 5.84 4.60 3.87 2.70 2.85 3.43 3.72 3.87 3.87 3.36 3.65 4.53 4.38 6.13 8.25 9.20 9.56 8.54 7.23 6.94 7.08 7.96 8.10 9.20 11.61 11.61 12.70 14.16 14.16 13.36 11.68 10.15 10.51 12.26 14.97 16.35 14.97 13.29 11.17 9.56 8.76
5.40 5.18 0.00 0.00 0.00 4.60 4.16 4.31 5.33 5.33 5.99 5.48 6.06 7.23 6.06 4.45 5.69 6.64 6.64 4.38 5.11 5.77 4.96 4.74 3.43 2.99 2.12 1.90 1.83 1.46 4.53 5.40 6.64 6.94 6.79 6.64 8.03 7.59 6.35 5.62 4.89 4.74 6.28 6.28 3.21 2.77 3.14 4.31 4.74 4.82 4.09 3.80 3.87 3.58 3.94 4.16 4.53 6.86 7.88 7.30 6.79 7.30 8.40 8.47 8.54 7.96 8.83 10.66 10.66 11.75 12.26 12.85 11.97 9.93 7.96 8.54 10.22 9.93 8.25 7.01 9.13 9.05 8.61 7.59
0.00 0.00 0.00 4.16 4.31 5.26 5.26 4.89 5.33 5.69 6.13 6.20 4.96 5.26 5.91 6.64 5.40 3.94 3.94 4.45 3.43 3.58 4.31 4.31 1.75 3.29 3.29 3.14 4.38 6.28 4.82 9.13 10.66 9.78 8.69 7.66 7.15 5.18 4.53 3.80 4.09 4.23 4.82 4.82 4.38 4.89 5.69 4.89 4.53 4.74 4.96 6.06 5.26 4.31 4.89 6.64 5.04 8.18 7.66 5.77 5.40 5.55 6.35 6.86 7.45 8.25 8.18 8.54 8.54 8.69 10.22 10.59 9.13 6.79 4.09 5.55 6.64 0.00 0.00 0.00 0.00 8.76 6.79 5.55
0.00 0.00 4.82 5.84 7.23 6.42 5.11 5.18 4.67 4.23 4.09 4.23 4.45 4.31 4.09 4.82 5.48 4.89 4.89 4.31 3.58 3.80 4.16 4.74 3.72 4.53 4.09 3.80 4.67 6.13 8.69 7.45 10.22 9.56 7.30 5.55 3.50 2.70 2.48 3.72 4.89 5.33 5.62 5.62 5.77 7.23 5.55 4.31 3.94 4.82 6.50 6.86 5.77 5.26 6.06 7.74 9.27 9.13 7.66 5.26 4.23 4.02 4.82 4.53 4.96 5.99 6.42 7.88 7.88 9.05 9.78 9.42 8.10 6.13 4.31 5.99 6.13 0.00 0.00 0.00 0.00 6.50 6.64 6.57
0.00 0.00 4.82 5.84 7.23 6.42 5.11 5.18 4.67 4.23 4.09 4.23 4.45 4.31 4.09 4.82 5.48 4.89 4.89 4.31 3.58 3.80 4.16 4.74 3.72 4.53 4.09 3.80 4.67 6.13 8.69 7.45 10.22 9.56 7.30 5.55 3.50 2.70 2.48 3.72 4.89 5.33 5.62 5.62 5.77 7.23 5.55 4.31 3.94 4.82 6.50 6.86 5.77 5.26 6.06 7.74 9.27 9.13 7.66 5.26 4.23 4.02 4.82 4.53 4.96 5.99 6.42 7.88 7.88 9.05 9.78 9.42 8.10 6.13 4.31 5.99 6.13 0.00 0.00 0.00 0.00 6.50 6.64 6.57
4.09 4.45 6.20 6.42 6.57 7.45 6.42 4.96 4.60 3.65 3.80 4.02 4.31 4.82 4.60 4.82 5.26 5.04 5.04 4.45 4.02 3.50 3.21 4.96 5.04 6.06 5.69 5.18 5.62 6.06 6.72 8.69 8.54 9.93 8.18 5.33 2.77 1.90 2.04 2.85 3.94 5.55 5.69 5.69 5.99 7.08 5.55 5.18 4.09 4.02 5.11 5.69 5.62 5.62 6.06 7.59 7.08 6.20 7.81 4.67 5.11 6.86 8.03 6.35 5.11 5.77 7.08 8.18 8.18 10.51 11.61 10.00 8.47 7.96 7.59 7.59 7.96 0.00 0.00 0.00 3.58 5.62 5.91 5.77
7.37 7.45 8.61 9.71 9.93 9.42 8.25 6.57 5.91 4.96 4.09 4.23 4.96 5.26 6.13 6.28 6.20 5.55 5.55 5.40 3.65 3.36 3.36 2.99 3.50 6.72 6.42 6.72 7.37 7.23 7.66 9.20 8.10 9.56 10.22 7.37 5.40 3.36 2.48 1.75 2.48 3.58 4.53 4.53 5.26 4.09 5.26 4.09 1.90 1.83 2.70 3.94 4.09 4.89 4.82 4.38 5.18 4.60 5.55 5.26 8.18 10.66 11.61 8.76 8.10 8.10 9.27 10.88 10.88 12.78 12.05 10.29 9.13 8.98 8.18 8.32 6.06 3.72 0.00 1.97 4.67 5.11 5.77 4.89
7.45 7.96 7.45 8.32 8.83 9.71 8.61 7.01 6.57 6.35 5.40 4.31 4.53 5.33 5.33 5.99 5.62 7.01 7.01 7.01 6.64 7.23 4.31 4.38 4.96 7.66 8.18 8.61 8.69 7.88 6.94 7.88 8.61 9.56 9.34 8.03 5.77 4.45 2.26 2.04 2.34 2.92 3.94 3.94 4.38 2.99 0.22 4.16 0.00 1.46 3.58 4.60 6.06 5.62 4.96 3.80 4.31 4.67 6.28 7.45 8.18 11.75 12.70 11.61 11.53 10.95 11.46 12.92 12.92 12.56 11.39 8.69 5.48 5.04 6.28 6.57 5.33 4.02 3.87 3.50 2.99 4.96 5.40 5.18
7.52 7.59 7.66 7.15 7.01 6.94 7.01 7.52 7.66 6.42 6.72 7.23 6.64 5.11 5.84 4.96 4.96 5.48 5.48 5.84 6.28 6.94 9.13 9.49 10.15 7.96 6.72 9.71 7.88 7.30 6.28 5.11 5.33 6.35 6.79 6.94 4.82 2.70 1.68 1.17 1.31 1.31 1.97 1.97 2.48 1.75 0.80 0.66 0.66 6.57 7.37 7.88 8.18 7.23 5.99 5.55 5.04 5.04 5.84 7.08 7.45 8.18 11.02 11.24 11.46 12.26 13.36 12.78 12.78 10.44 6.57 3.43 2.12 1.97 3.07 3.36 3.07 3.72 3.58 2.70 1.90 1.97 2.41 2.85
7.96 7.81 7.59 7.45 5.55 5.04 5.91 7.15 8.10 8.32 8.18 8.18 11.39 12.41 10.29 8.76 8.98 6.72 6.72 6.06 6.72 8.10 7.88 9.20 9.93 12.26 8.83 12.99 12.41 10.51 7.37 5.26 4.89 5.04 4.38 5.77 2.04 0.00 0.00 0.00 1.17 2.92 2.26 2.26 1.02 0.29 0.29 1.61 3.14 3.43 3.58 3.07 5.40 6.20 5.99 6.35 6.57 6.13 5.18 5.69 6.57 7.74 7.74 8.40 10.95 12.34 13.87 12.85 12.85 9.56 6.86 5.69 4.09 3.14 2.70 3.07 2.48 2.63 2.48 1.68 0.95 0.22 1.17 1.46
7.96 7.81 7.59 7.45 5.55 5.04 5.91 7.15 8.10 8.32 8.18 8.18 11.39 12.41 10.29 8.76 8.98 6.72 6.72 6.06 6.72 8.10 7.88 9.20 9.93 12.26 8.83 12.99 12.41 10.51 7.37 5.26 4.89 5.04 4.38 5.77 2.04 0.00 0.00 0.00 1.17 2.92 2.26 2.26 1.02 0.29 0.29 1.61 3.14 3.43 3.58 3.07 5.40 6.20 5.99 6.35 6.57 6.13 5.18 5.69 6.57 7.74 7.74 8.40 10.95 12.34 13.87 12.85 12.85 9.56 6.86 5.69 4.09 3.14 2.70 3.07 2.48 2.63 2.48 1.68 0.95 0.22 1.17 1.46
4.02 3.65 5.40 6.06 7.23 7.08 7.01 7.59 7.96 7.08 6.94 8.03 10.07 13.36 11.83 12.41 11.10 9.13 9.13 9.42 10.07 10.00 10.15 10.07 13.65 16.28 14.38 16.94 16.06 13.80 9.20 6.50 4.45 3.80 3.36 2.41 2.48 0.15 0.00 0.00 1.53 1.53 1.02 1.02 0.00 0.00 0.00 0.00 0.00 4.60 0.00 0.00 0.00 1.68 4.38 5.84 5.99 4.60 4.02 5.18 5.62 6.35 6.42 7.74 11.46 14.24 14.45 12.99 12.99 11.68 12.12 11.68 10.88 6.86 5.55 3.65 1.68 0.88 0.37 0.15 0.00 0.00 0.44 0.73
4.16 4.38 3.50 3.87 6.64 8.98 10.07 10.51 10.37 9.64 9.49 10.51 10.95 14.09 10.59 10.51 8.32 7.66 7.66 8.03 9.42 10.29 10.44 11.02 10.64 13.39 17.18 12.85 13.87 13.07 10.00 8.10 6.20 4.96 3.07 1.24 2.12 1.02 0.66 1.31 1.39 0.88 0.95 0.95 0.37 0.00 0.00 0.00 0.00 0.00 0.00 0.00 0.00 0.00 0.00 2.19 3.80 0.00 0.00 3.21 6.20 7.59 8.32 6.79 12.99 14.02 14.02 13.21 13.21 14.45 16.72 17.08 12.99 8.32 4.53 1.90 0.07 0.00 0.58 0.00 0.00 0.00 0.00 0.00
6.20 7.59 6.64 5.40 6.20 8.61 11.39 13.07 11.75 12.19 12.48 9.49 7.45 1.46 4.16 8.83 8.47 7.08 7.08 6.13 7.30 9.49 11.24 11.82 13.39 12.29 12.34 13.32 12.78 14.09 12.78 10.80 8.83 6.20 3.21 2.19 1.17 0.44 0.88 1.97 1.24 1.10 0.00 0.00 0.00 0.00 0.00 0.00 0.00 0.00 0.00 0.00 0.00 0.00 0.00 0.00 0.00 0.00 0.00 1.97 6.94 8.47 7.74 8.25 9.34 10.29 11.39 13.29 13.29 14.53 14.60 13.07 8.10 5.48 3.21 1.83 1.53 1.39 0.66 0.15 0.15 0.00 0.15 0.29
9.13 9.34 8.47 6.20 4.74 6.50 8.47 9.42 7.23 3.80 1.97 2.56 0.00 0.00 1.24 7.01 8.91 7.23 7.23 6.79 6.06 8.60 10.91 12.94 12.94 12.48 13.13 12.09 12.19 13.26 12.70 12.92 14.02 12.19 8.91 6.20 5.04 3.72 2.12 2.04 0.73 1.10 0.51 0.51 0.00 0.00 0.00 0.00 0.00 0.00 0.00 0.00 0.00 0.00 0.00 0.00 0.00 0.00 0.00 0.00 6.72 8.32 7.66 8.47 7.52 8.83 11.68 15.33 15.33 14.60 12.56 8.61 6.28 3.58 1.83 2.56 3.29 2.48 1.83 1.46 1.46 0.80 0.95 0.73
7.81 8.32 9.86 5.26 7.23 8.10 8.18 7.59 6.57 2.41 0.00 0.00 0.00 0.00 0.00 0.00 0.29 0.00 0.00 0.00 0.00 0.00 3.91 6.79 8.08 11.10 12.72 14.28 11.92 12.17 13.21 14.53 14.82 13.94 12.99 12.05 10.22 7.01 4.45 4.67 1.02 0.88 0.29 0.29 0.00 0.00 0.00 0.00 0.00 0.00 0.00 0.00 0.00 0.00 0.00 0.00 0.00 0.00 0.00 0.00 3.65 5.99 7.81 10.51 11.90 10.22 14.89 16.35 16.35 15.48 12.63 8.40 6.06 4.16 3.14 4.09 4.31 3.29 2.92 3.07 2.77 1.02 0.80 0.73
7.81 8.32 9.86 5.26 7.23 8.10 8.18 7.59 6.57 2.41 0.00 0.00 0.00 0.00 0.00 0.00 0.29 0.00 0.00 0.00 0.00 0.00 3.82 6.96 7.96 11.10 12.34 13.27 11.13 12.35 13.34 15.13 16.65 14.75 13.33 12.05 10.22 7.01 4.45 4.67 1.02 0.88 0.29 0.29 0.00 0.00 0.00 0.00 0.00 0.00 0.00 0.00 0.00 0.00 0.00 0.00 0.00 0.00 0.00 0.00 3.65 5.99 7.81 10.51 11.90 10.22 14.89 16.35 16.35 15.48 12.63 8.40 6.06 4.16 3.14 4.09 4.31 3.29 2.92 3.07 2.77 1.02 0.80 0.73
2.85 0.66 2.56 5.04 6.50 8.91 11.53 13.72 8.47 6.57 1.24 0.00 0.00 0.00 0.00 0.00 0.00 0.00 0.00 0.00 0.00 0.00 0.00 0.00 0.15 5.01 5.83 8.14 6.86 7.12 9.95 11.80 13.75 14.17 14.75 15.43 13.79 9.93 6.72 6.35 1.97 0.58 0.37 0.37 0.00 0.00 0.00 0.00 0.00 0.00 0.00 0.00 0.00 0.00 0.00 0.00 0.00 0.00 0.00 0.00 2.56 4.09 6.50 10.15 14.53 15.84 15.40 13.51 13.51 12.05 10.22 6.64 3.43 2.63 4.38 5.77 5.55 4.89 5.33 5.11 3.50 2.26 1.31 0.44
6.50 6.20 9.27 8.98 3.80 0.00 0.00 4.38 6.42 6.64 5.48 3.58 1.61 0.15 0.73 3.07 3.29 2.34 2.34 0.00 0.00 0.00 0.00 0.00 0.00 0.00 0.00 0.00 6.26 0.07 3.65 5.69 8.03 12.26 14.93 15.70 14.75 13.13 9.93 8.10 6.28 4.31 2.56 2.56 0.44 0.00 0.00 0.00 0.00 0.00 0.00 0.00 0.00 0.00 0.00 0.00 0.00 0.00 0.00 0.00 0.00 0.00 3.14 9.27 13.80 15.55 16.72 14.97 14.97 9.05 7.30 3.29 1.97 2.19 4.16 6.13 5.55 4.67 5.33 4.31 3.58 1.75 1.39 0.95
3.07 6.64 7.30 9.42 6.35 4.16 4.09 5.11 6.28 4.45 3.07 2.77 2.99 2.63 2.85 3.94 5.91 6.20 6.20 5.11 4.60 3.14 0.00 0.00 0.00 0.00 0.00 0.00 0.00 0.00 0.07 1.61 4.02 7.23 10.76 14.37 17.81 16.06 14.82 13.43 13.58 9.71 6.50 6.50 2.12 0.73 0.15 0.00 0.00 0.00 0.00 0.00 0.00 0.00 0.00 0.00 0.00 0.00 0.00 0.00 0.00 0.00 0.00 7.08 10.07 9.78 7.88 10.00 10.00 7.45 4.38 1.53 0.51 0.66 1.97 1.68 2.63 3.58 4.38 3.29 3.50 4.02 2.85 1.61
0.00 0.00 0.00 2.48 3.29 4.67 5.84 6.50 6.79 6.64 5.33 4.89 4.89 5.26 5.26 5.48 4.60 3.94 3.94 4.53 5.04 4.45 2.41 0.00 0.00 0.00 0.00 0.00 0.00 0.00 0.00 1.10 1.61 4.53 7.88 11.39 16.30 17.93 17.58 17.40 15.84 15.62 8.61 8.61 5.40 2.99 1.10 0.44 0.37 0.00 0.00 0.00 0.00 0.00 0.00 0.00 0.00 0.00 0.00 1.10 0.00 0.00 0.00 3.43 4.31 3.72 3.36 3.50 3.50 5.48 0.73 0.00 0.37 0.00 0.22 0.58 1.39 2.77 3.58 2.99 2.85 3.14 2.70 2.63
0.00 0.00 0.00 0.00 0.00 0.00 0.44 1.68 0.00 0.95 2.41 3.43 5.40 5.91 5.33 2.19 1.31 0.88 0.88 0.80 2.34 4.38 4.82 2.12 0.00 0.00 0.00 0.00 0.00 0.00 0.00 1.10 1.10 1.53 3.80 7.81 11.32 12.85 14.30 16.85 14.75 12.70 13.94 13.94 9.27 6.28 4.16 2.99 1.46 0.73 0.51 0.44 0.00 0.00 0.00 0.00 0.00 0.00 0.00 2.12 2.34 2.04 0.00 0.00 0.00 0.00 0.88 0.00 0.00 2.77 2.04 0.00 0.00 0.00 0.22 0.22 0.22 0.37 1.10 0.80 0.44 1.39 1.02 1.02
0.00 0.00 0.00 0.00 0.00 0.00 0.80 0.00 0.00 0.00 0.00 0.37 1.83 0.80 0.73 0.00 0.00 0.00 0.00 0.00 0.00 0.00 0.00 0.00 0.00 0.00 0.00 0.00 0.00 0.00 0.00 0.00 1.20 1.10 1.61 2.92 3.50 4.42 6.35 10.29 10.62 9.42 8.91 8.91 10.66 7.01 5.62 4.89 4.60 3.72 2.70 1.68 0.44 0.00 0.00 0.00 0.00 0.00 0.00 0.00 0.00 0.00 0.66 0.00 0.00 0.00 0.00 0.00 0.00 0.00 0.00 0.00 0.00 0.07 0.00 0.07 0.00 0.00 0.00 0.00 0.00 0.80 0.29 1.02
0.00 0.00 0.00 0.00 0.00 0.00 0.80 0.00 0.00 0.00 0.00 0.37 1.83 0.80 0.73 0.00 0.00 0.00 0.00 0.00 0.00 0.00 0.00 0.00 0.00 0.00 0.00 0.00 0.00 0.00 0.00 0.00 1.17 1.10 1.61 2.93 3.50 4.40 6.42 10.29 10.51 9.42 8.91 8.91 10.66 7.01 5.62 4.89 4.60 3.72 2.70 1.68 0.44 0.00 0.00 0.00 0.00 0.00 0.00 0.00 0.00 0.00 0.66 0.00 0.00 0.00 0.00 0.00 0.00 0.00 0.00 0.00 0.00 0.07 0.00 0.07 0.00 0.00 0.00 0.00 0.00 0.80 0.29 1.02
0.00 0.00 0.00 0.00 0.00 2.19 5.11 5.63 1.33 0.00 0.44 1.68 2.56 1.24 0.00 0.00 0.00 0.00 0.00 0.00 0.00 0.00 0.00 0.00 0.00 0.00 0.00 0.00 0.00 0.00 2.63 0.00 0.00 0.00 0.00 0.00 0.00 0.00 1.39 3.07 3.80 2.92 4.02 4.02 6.28 3.21 3.72 4.23 5.55 5.77 4.82 3.58 2.26 0.58 0.00 0.00 0.00 0.00 0.00 0.00 0.00 0.22 0.88 0.80 0.00 0.00 0.58 0.00 0.00 0.00 0.00 0.00 0.00 0.00 0.44 0.00 0.00 0.00 0.00 0.00 0.00 0.80 1.24 1.31
