Wansh/Snow_depth/snowdepth-1989/winter/1989360.txt
ncols 321
nrows 161
xllcenter 60
yllcenter 15 
cellsize  0.25 
NODATA_value -1
[rows 0 to 36 of 161, columns 168 to 251 of 321]
4.45 4.16 3.21 2.56 2.19 2.63 3.72 3.72 3.72 3.72 5.11 5.33 5.40 5.99 6.42 6.35 5.11 5.33 5.33 7.66 8.76 8.32 7.66 6.86 6.94 7.52 6.28 3.43 0.00 0.00 0.00 0.00 3.72 8.32 10.44 10.44 10.95 10.88 11.17 12.12 11.90 12.05 12.85 13.51 13.51 14.53 15.62 16.50 14.89 12.78 11.61 11.61 12.26 12.56 12.34 12.70 13.58 14.45 14.67 14.82 14.82 15.70 16.72 19.56 21.83 25.19 25.84 23.65 21.02 18.10 17.23 17.01 16.86 17.52 18.47 20.37 21.24 22.19 22.85 22.48 21.97 20.95 20.73 21.17
4.09 3.21 2.92 3.07 1.83 2.34 3.58 2.56 3.72 3.72 4.31 5.69 5.18 5.18 5.18 5.04 4.67 5.69 6.94 6.28 7.66 7.08 6.50 7.30 7.37 7.15 3.14 0.00 0.00 0.00 0.00 0.00 5.04 7.81 8.69 8.69 8.83 9.27 10.73 12.63 13.58 12.48 12.70 14.02 15.48 15.11 14.09 13.14 12.99 12.26 11.90 12.26 12.85 13.58 13.14 13.14 13.87 14.24 14.89 15.18 15.18 15.91 17.59 20.29 23.21 25.62 25.55 24.31 22.70 20.22 18.98 18.61 18.91 18.91 19.49 20.44 22.12 22.56 23.29 22.34 20.95 18.40 16.94 15.62
5.55 4.53 3.36 1.61 1.75 2.41 3.29 0.80 4.23 4.23 4.38 5.11 5.11 5.11 5.55 4.67 4.96 5.91 7.01 8.18 8.18 7.88 6.57 8.25 8.91 3.29 0.00 0.00 0.00 0.00 0.00 0.00 6.35 8.91 9.20 9.20 8.69 9.86 12.05 15.40 15.91 15.26 13.72 13.36 14.60 15.04 14.89 14.38 13.29 12.19 12.41 12.99 13.72 13.43 13.14 13.65 14.02 14.02 14.60 15.48 15.48 17.01 18.47 20.59 21.61 22.70 22.78 21.53 19.93 19.05 18.76 19.05 19.71 20.08 19.71 19.20 18.98 18.91 18.83 18.61 17.81 16.43 14.67 13.51
5.55 4.53 3.36 1.61 1.75 2.41 3.29 0.80 4.23 4.23 4.38 5.11 5.11 5.11 5.55 4.67 4.96 5.91 7.01 8.18 8.18 7.88 6.57 8.25 8.91 3.29 0.00 0.00 0.00 0.00 0.00 0.00 6.35 8.91 9.20 9.20 8.69 9.86 12.05 15.40 15.91 15.26 13.72 13.36 14.60 15.04 14.89 14.38 13.29 12.19 12.41 12.99 13.72 13.43 13.14 13.65 14.02 14.02 14.60 15.48 15.48 17.01 18.47 20.59 21.61 22.70 22.78 21.53 19.93 19.05 18.76 19.05 19.71 20.08 19.71 19.20 18.98 18.91 18.83 18.61 17.81 16.43 14.67 13.51
6.64 4.74 2.92 0.88 0.51 1.17 2.26 3.72 1.46 1.46 3.36 3.87 4.45 4.23 4.82 4.67 5.11 5.99 6.64 7.30 7.96 8.54 8.69 5.99 0.00 0.00 0.00 0.00 0.00 0.00 0.00 1.75 7.88 8.10 7.96 7.96 8.76 10.95 12.70 14.60 14.75 14.97 14.75 14.67 15.04 16.35 17.08 17.08 15.99 15.40 15.91 14.60 13.87 12.85 12.99 13.58 13.80 14.45 15.48 16.13 16.13 17.81 20.08 21.24 22.78 22.41 20.29 18.91 18.18 17.89 17.08 17.59 17.67 17.81 17.30 16.50 15.55 15.04 14.82 14.82 15.18 15.26 15.04 14.02
7.66 7.23 5.48 2.85 1.02 1.02 2.34 3.07 2.77 2.77 1.97 4.60 5.11 5.69 5.77 5.04 4.89 5.69 6.13 6.13 5.69 5.69 1.75 4.82 0.00 0.00 0.00 0.00 0.00 0.00 3.72 7.30 8.18 8.10 8.98 8.98 9.93 12.48 14.16 14.60 15.11 16.72 16.64 17.23 17.96 18.47 18.54 18.25 17.89 17.67 17.16 17.52 17.81 17.23 15.48 15.26 14.82 15.18 15.40 16.50 16.50 17.81 20.00 22.12 22.63 20.81 17.16 15.62 14.89 14.45 14.24 14.45 15.18 14.89 14.38 13.80 13.65 14.60 14.24 14.89 14.97 14.97 14.02 13.29
8.32 7.59 6.28 6.28 4.96 3.80 4.31 5.11 4.53 4.53 4.60 4.89 5.11 5.84 5.77 5.91 5.99 5.84 5.18 4.45 2.41 0.00 0.00 0.00 0.00 0.00 0.00 0.00 0.00 5.33 6.13 7.74 7.88 8.03 10.73 10.73 13.21 14.67 15.11 15.26 15.70 17.45 19.27 20.00 19.35 19.71 20.22 19.49 18.47 17.67 18.18 19.20 19.56 18.32 17.16 15.48 14.60 14.82 14.53 15.48 15.48 16.35 18.91 20.44 20.73 17.08 15.33 13.87 13.51 13.07 13.21 13.14 12.19 11.24 10.88 10.73 10.66 12.12 12.70 14.30 16.55 16.66 16.82 18.65
8.32 7.59 6.28 6.28 4.96 3.80 4.31 5.11 4.53 4.53 4.60 4.89 5.11 5.84 5.77 5.91 5.99 5.84 5.18 4.45 2.41 0.00 0.00 0.00 0.00 0.00 0.00 0.00 0.00 5.33 6.13 7.74 7.88 8.03 10.73 10.73 13.21 14.67 15.11 15.26 15.70 17.45 19.27 20.00 19.35 19.71 20.22 19.49 18.47 17.67 18.18 19.20 19.56 18.32 17.16 15.48 14.60 14.82 14.53 15.48 15.48 16.35 18.91 20.44 20.73 17.08 15.33 13.87 13.51 13.07 13.21 13.14 12.19 11.24 10.88 12.41 14.70 17.44 17.40 24.29 27.32 22.17 21.64 19.35
7.37 6.28 6.57 5.84 4.89 4.23 4.45 4.96 4.67 4.67 4.23 4.09 4.96 3.72 3.80 5.69 6.06 5.04 2.56 0.00 0.00 0.00 0.00 0.00 0.00 0.00 0.00 1.53 1.24 4.02 5.40 7.66 9.34 10.88 13.65 13.65 15.91 16.50 15.70 14.89 16.35 17.89 19.56 20.37 20.81 21.24 22.41 21.68 20.66 19.56 19.42 19.05 18.47 17.52 16.35 15.33 13.94 12.92 12.92 13.80 13.80 15.04 15.62 16.94 16.43 13.80 12.41 11.83 11.32 11.10 10.88 10.88 10.66 10.24 10.64 10.14 11.73 11.72 10.17 14.25 16.72 15.76 16.85 18.49
6.35 7.15 7.37 6.79 5.40 4.45 3.36 2.92 3.72 3.72 3.21 3.65 4.02 3.80 4.23 3.87 2.34 0.00 0.00 0.00 0.00 0.00 0.00 0.00 0.00 0.00 0.00 7.37 7.45 6.72 6.86 6.79 8.98 10.44 8.25 8.25 14.82 15.62 14.75 14.67 16.64 18.61 19.56 20.00 20.66 21.46 21.02 20.59 19.86 18.83 18.76 17.74 16.86 15.33 13.94 11.97 11.02 10.95 10.22 10.66 10.66 11.75 12.41 12.92 12.85 11.53 10.80 10.07 9.42 9.20 9.13 8.40 8.34 9.59 8.28 8.76 9.73 11.54 12.19 10.48 10.26 12.15 15.46 16.53
7.30 6.35 6.35 6.50 6.57 5.33 4.02 3.07 3.58 3.58 3.07 4.02 4.09 3.36 6.06 0.22 0.00 0.00 0.00 0.00 0.00 0.00 0.00 3.07 6.57 5.04 0.07 4.74 5.18 4.38 4.96 5.18 6.06 7.45 7.45 7.45 9.13 9.78 10.15 12.05 13.43 14.97 15.33 14.45 12.99 12.99 11.32 11.53 11.90 12.19 16.21 11.61 10.95 10.73 11.17 11.17 10.07 8.47 8.03 7.30 7.30 7.74 8.25 8.61 8.25 8.25 8.40 8.54 8.47 7.52 6.86 6.20 6.06 5.19 5.12 7.04 8.90 9.46 8.21 8.99 9.77 10.49 10.67 12.38
7.30 6.35 6.35 6.50 6.57 5.33 4.02 3.07 3.58 3.58 3.07 4.02 4.09 3.36 6.06 0.22 0.00 0.00 0.00 0.00 0.00 0.00 0.00 3.07 6.57 5.04 0.07 4.74 5.18 4.38 4.96 5.18 6.06 7.45 7.45 7.45 9.13 9.78 10.15 12.05 13.43 14.97 15.33 14.45 12.99 12.99 11.32 11.53 11.90 12.19 16.21 11.61 10.95 10.73 11.17 11.17 10.07 8.47 8.03 7.30 7.30 7.74 8.25 8.61 8.25 8.25 8.40 8.54 8.47 7.52 6.86 6.20 5.91 5.11 4.96 6.54 7.93 8.76 8.76 9.33 9.77 10.26 11.72 13.24
9.42 9.05 7.37 5.48 4.16 2.41 2.12 0.29 0.00 0.00 1.83 0.00 0.29 0.00 0.00 0.07 0.00 0.00 0.00 0.00 2.19 1.83 2.99 3.14 3.36 3.58 3.43 5.11 1.97 3.07 3.80 3.94 4.45 5.84 6.42 6.42 7.81 8.98 10.66 12.19 13.72 15.04 14.75 14.24 12.99 12.70 11.32 10.51 11.68 12.19 11.90 11.61 10.95 10.59 11.17 11.17 10.44 8.83 7.88 7.37 7.37 7.30 7.96 8.32 7.81 7.96 8.40 8.25 7.96 7.52 6.86 6.13 5.62 5.33 4.72 5.51 7.24 7.09 7.14 7.30 7.81 10.09 11.01 9.97
8.61 8.10 7.96 6.79 4.45 1.53 0.00 0.00 0.00 0.00 0.00 0.00 0.00 0.00 0.00 0.00 0.00 0.00 0.73 2.26 2.04 2.12 2.92 1.68 3.14 3.21 2.63 3.50 1.46 1.75 2.63 3.43 4.53 5.84 6.72 6.72 7.74 9.71 10.15 11.24 12.70 13.58 12.99 12.26 11.90 10.73 9.93 9.56 10.00 10.22 10.07 10.88 10.44 10.73 11.39 10.15 9.13 8.32 7.01 6.64 6.64 7.23 7.96 8.47 8.76 9.05 8.76 8.32 7.88 6.94 6.86 6.86 5.84 5.77 6.24 5.93 4.93 6.66 8.31 6.93 7.96 8.19 9.30 10.48
7.23 8.03 8.98 9.42 9.27 7.96 7.08 0.00 0.00 0.00 0.00 0.00 0.00 0.00 0.00 0.00 0.00 0.00 3.14 2.12 2.85 3.07 2.70 2.41 2.85 3.07 2.92 4.02 4.38 2.19 4.23 5.33 6.72 7.15 7.66 7.66 8.61 9.49 10.00 10.88 11.10 11.24 10.29 10.22 10.22 9.78 9.78 9.20 9.78 10.29 10.80 11.24 11.24 12.19 11.39 8.91 7.45 7.30 7.23 7.66 7.66 8.40 9.20 9.93 10.00 9.71 9.34 8.61 7.81 7.88 8.03 7.59 6.91 7.55 6.93 7.74 8.05 8.65 7.44 7.58 8.43 8.44 8.88 7.55
8.18 8.69 9.64 9.49 9.86 9.78 9.71 8.25 6.79 6.79 0.00 3.36 2.63 2.92 2.77 2.26 1.17 3.21 2.26 1.17 1.75 2.63 2.92 3.29 3.29 3.36 4.16 4.53 6.28 7.23 4.60 6.94 7.01 8.61 9.42 9.42 9.78 10.22 10.22 9.64 9.86 9.78 9.13 8.54 8.10 8.18 8.47 8.76 9.93 10.66 11.24 11.53 11.53 11.02 9.20 8.40 8.32 8.25 8.83 9.56 9.56 10.51 11.68 12.19 11.39 10.00 8.98 9.05 9.86 10.22 10.07 9.78 8.81 8.66 8.63 7.40 9.20 7.90 7.02 7.35 8.66 9.63 6.96 6.09
8.18 8.69 9.64 9.49 9.86 9.78 9.71 8.25 6.79 6.79 0.00 3.36 2.63 2.92 2.77 2.26 1.17 3.21 2.26 1.17 1.75 2.63 2.92 3.29 3.29 3.36 4.16 4.53 6.28 7.23 4.60 6.94 7.01 8.61 9.42 9.42 9.78 10.22 10.22 9.64 9.86 9.78 9.13 8.54 8.10 8.18 8.47 8.76 9.93 10.66 11.24 11.53 11.53 11.02 9.20 8.40 8.32 8.25 8.83 9.56 9.56 10.51 11.68 12.19 11.39 10.00 8.98 9.05 9.86 10.22 10.07 12.01 8.26 9.42 7.75 9.16 9.34 8.74 7.15 6.63 8.37 8.28 7.57 6.92
8.69 10.15 9.64 9.56 9.13 7.52 7.37 8.69 7.96 7.96 6.86 5.40 4.38 3.14 2.63 1.61 0.58 0.80 0.95 1.68 2.19 3.14 3.87 4.16 5.18 5.69 6.28 7.01 7.45 8.40 8.10 6.79 8.40 8.98 9.78 9.78 10.07 10.07 8.91 9.13 9.05 8.91 8.91 8.40 7.74 6.42 5.84 7.37 8.32 9.05 9.71 10.15 10.29 10.51 10.15 9.86 9.71 10.37 10.95 11.32 11.32 11.90 13.07 13.07 12.85 11.61 10.51 10.22 10.80 11.61 12.33 11.06 10.68 9.73 9.25 10.98 10.86 8.72 7.53 7.51 6.71 6.70 6.14 4.31
8.03 11.75 14.60 13.29 10.07 7.96 4.89 3.07 3.36 3.36 3.87 2.19 1.61 1.31 1.39 1.83 1.53 0.95 1.75 1.97 2.56 4.23 5.33 5.62 6.42 7.08 7.59 8.61 8.61 8.98 9.05 10.44 9.05 9.49 9.49 9.49 9.71 8.83 8.25 7.59 7.45 7.59 6.79 6.50 5.33 4.38 4.16 5.04 5.91 6.42 7.59 8.47 8.40 9.05 9.64 9.86 10.80 10.95 11.75 12.05 12.05 12.99 13.07 12.41 12.85 12.56 12.34 11.68 12.05 12.84 12.76 11.80 10.71 9.55 9.70 10.42 8.43 8.16 7.10 6.67 5.39 5.59 4.25 3.80
5.04 6.72 10.07 11.61 11.68 8.76 5.33 4.02 2.77 2.77 1.90 1.75 1.39 2.41 3.43 3.50 3.07 2.63 2.92 3.07 2.92 4.96 4.82 6.64 7.45 8.10 7.96 9.05 8.76 8.54 9.34 10.44 11.24 10.73 8.61 8.61 8.10 7.59 7.37 7.30 7.01 5.69 4.82 4.16 3.50 3.36 3.72 4.31 5.33 5.62 6.57 7.08 7.15 6.94 6.94 8.18 9.34 9.42 9.93 10.44 10.44 11.02 11.53 10.88 10.00 8.98 9.93 9.93 10.44 10.51 10.29 10.95 10.80 10.15 9.86 10.85 12.30 12.00 10.56 8.72 8.58 4.80 3.42 4.41
4.09 4.38 4.23 4.82 5.48 5.40 4.67 3.58 1.97 1.97 2.41 2.19 1.75 3.58 4.89 5.04 4.23 4.38 4.45 5.62 7.45 5.40 9.78 10.73 10.00 9.05 8.61 8.61 7.52 8.61 10.00 11.83 12.70 2.19 12.34 12.34 0.00 0.00 14.31 5.84 5.18 4.74 4.31 3.65 3.21 2.77 3.29 3.36 3.29 4.02 5.33 6.28 6.28 5.11 4.96 5.91 7.45 7.74 7.81 7.30 7.30 7.96 8.03 7.23 5.04 4.74 5.77 7.08 7.23 6.79 6.20 7.66 8.32 9.34 11.24 13.26 16.61 13.84 12.35 10.40 10.31 5.57 4.83 3.23
1.17 2.34 3.36 3.58 3.50 3.50 3.58 3.14 2.19 2.19 1.97 2.34 4.09 4.53 5.69 5.77 4.89 5.48 7.37 10.22 11.32 10.80 11.46 10.95 8.83 8.47 9.05 8.83 7.96 10.07 11.53 12.41 12.05 10.29 5.91 5.91 4.60 0.00 13.58 3.21 3.65 3.43 2.41 2.48 2.99 3.36 2.63 2.63 3.21 3.14 5.04 5.62 5.40 4.74 5.62 6.50 6.72 5.99 5.91 5.99 5.99 5.69 3.82 2.48 2.77 2.92 3.50 3.43 3.72 3.94 4.60 5.11 6.06 7.74 9.81 10.99 14.60 11.97 20.48 29.71 13.68 6.23 7.00 5.35
1.17 2.34 3.36 3.58 3.50 3.50 3.58 3.14 2.19 2.19 1.97 2.34 4.09 4.53 5.69 5.77 4.89 5.48 7.37 10.22 11.32 10.80 11.46 10.95 8.83 8.47 9.05 8.83 7.96 10.07 11.53 12.41 12.05 10.29 5.91 5.91 4.60 0.00 13.58 3.21 3.65 3.43 2.41 2.48 2.99 3.36 2.63 2.63 3.21 3.14 5.04 5.62 5.40 4.74 5.62 6.50 6.72 5.99 5.91 5.99 5.99 5.69 3.82 2.48 2.77 2.92 3.50 3.43 3.72 3.94 4.60 5.11 6.06 7.74 9.42 11.05 11.34 10.53 17.15 34.59 16.73 6.36 5.49 4.94
0.88 1.24 1.75 1.83 2.56 2.99 3.58 4.31 4.45 4.45 3.65 3.21 3.36 4.02 4.60 4.53 4.74 7.96 10.88 12.99 12.99 11.97 12.05 9.05 8.91 9.20 9.27 10.15 10.22 11.10 11.68 10.51 8.91 7.59 7.81 7.81 7.23 4.02 0.00 4.23 3.21 1.90 2.63 2.41 1.17 1.83 1.68 2.04 1.75 1.75 2.92 3.43 4.53 5.18 5.77 6.35 5.99 5.33 5.62 5.62 5.62 4.16 0.00 0.00 0.00 2.77 2.56 2.34 2.77 0.00 0.00 0.00 4.74 6.57 7.74 8.14 9.68 13.10 19.81 37.91 29.86 7.84 4.64 5.90
0.00 0.80 1.10 0.66 1.10 2.99 4.38 5.26 6.35 6.35 5.55 5.40 4.89 3.80 4.60 5.69 7.74 12.19 14.09 15.04 13.43 11.75 9.86 10.80 10.07 9.86 9.78 11.61 12.12 10.73 9.56 7.88 5.26 4.82 4.67 4.67 3.14 2.63 2.48 1.68 2.19 2.19 2.63 2.26 1.17 1.10 0.66 0.66 0.58 1.10 1.90 1.90 3.50 4.82 5.77 7.08 7.96 7.52 7.37 6.13 6.13 0.00 0.00 0.00 0.00 0.00 0.00 0.00 0.00 0.00 3.72 3.65 4.74 6.28 7.64 8.90 9.92 10.71 11.31 13.34 13.99 7.70 7.79 8.11
0.00 0.29 0.73 0.66 0.22 0.44 2.70 4.38 5.33 5.33 5.33 4.53 5.40 6.79 6.50 8.69 10.95 13.51 14.09 13.80 12.70 10.22 9.42 10.88 9.78 11.61 11.75 12.70 12.26 10.80 8.54 4.38 3.07 2.77 2.48 2.48 1.97 2.19 2.04 1.61 2.34 1.53 1.31 1.53 0.80 0.37 0.73 1.46 1.75 0.88 1.61 2.04 4.09 5.18 7.01 9.71 10.66 8.83 7.30 4.45 4.45 0.00 0.00 0.00 0.00 0.00 2.26 2.85 3.87 4.82 4.82 4.82 6.74 8.33 9.56 10.67 10.53 8.91 8.41 8.54 7.67 8.80 6.78 5.70
0.44 0.29 0.58 0.22 0.37 0.37 0.73 1.31 2.04 2.04 3.58 4.45 4.82 7.74 6.57 8.69 10.15 9.86 10.80 10.44 9.42 9.56 10.22 11.02 10.37 12.63 11.32 10.66 10.29 7.23 4.60 1.68 1.83 2.04 1.68 1.68 1.24 1.17 0.73 0.44 1.24 1.39 1.53 1.24 0.58 0.00 0.00 0.00 0.00 0.07 1.10 2.12 4.02 6.50 8.54 9.78 8.91 7.96 5.77 4.23 4.23 0.00 0.00 0.00 0.00 0.00 0.00 2.99 4.74 5.26 4.96 5.18 6.77 8.57 9.62 9.86 10.55 10.02 6.31 4.71 4.59 4.51 5.50 5.57
0.95 0.29 0.29 0.66 0.58 0.15 0.07 0.66 1.53 1.53 1.61 1.02 1.10 6.42 2.41 4.09 4.96 4.74 5.55 6.20 6.50 7.66 9.64 10.80 10.80 12.41 7.81 5.69 5.48 3.07 2.56 1.61 1.17 1.02 1.02 1.02 1.10 0.00 0.58 0.44 0.73 1.46 0.58 1.02 1.53 0.51 0.44 0.80 0.22 1.39 0.00 4.38 6.57 8.25 9.93 10.07 7.66 6.06 4.74 3.65 3.65 0.00 0.00 0.00 0.00 0.00 0.00 0.00 0.00 4.82 5.54 7.22 9.45 8.98 9.43 9.28 8.20 6.20 3.87 2.45 2.68 3.05 3.11 2.50
0.95 0.29 0.29 0.66 0.58 0.15 0.07 0.66 1.53 1.53 1.61 1.02 1.10 6.42 2.41 4.09 4.96 4.74 5.55 6.20 6.50 7.66 9.64 10.80 10.80 12.41 7.81 5.69 5.48 3.07 2.56 1.61 1.17 1.02 1.02 1.02 1.10 0.00 0.58 0.44 0.73 1.46 0.58 1.02 1.53 0.51 0.44 0.80 0.22 1.39 0.00 4.38 6.57 8.25 9.93 10.07 7.66 6.06 4.74 3.65 3.65 0.00 0.00 0.00 0.00 0.00 0.00 0.00 0.00 4.82 5.57 7.14 8.54 10.01 10.06 10.83 9.52 6.00 4.04 2.38 2.84 3.62 2.84 2.12
0.58 0.00 0.00 0.51 0.00 0.00 0.00 0.00 0.51 0.51 0.58 0.00 0.00 0.00 1.31 1.02 0.95 0.80 2.48 2.99 3.58 5.11 6.79 6.94 6.50 5.18 6.86 3.29 2.63 1.53 1.24 0.44 0.29 0.44 0.07 0.07 0.51 0.51 1.02 1.02 0.29 0.29 0.44 0.80 0.44 0.22 1.10 1.53 0.00 4.02 5.84 7.01 9.05 10.37 10.80 9.86 7.88 6.20 3.58 0.00 0.00 0.00 0.00 0.00 0.00 0.00 0.00 0.00 4.99 6.34 7.52 8.70 10.23 11.64 11.79 9.19 5.97 2.75 2.43 2.11 1.54 1.53 0.27 0.00
0.00 0.00 0.00 0.58 0.80 0.58 0.00 0.00 0.22 0.22 0.00 0.00 0.00 0.00 0.00 0.00 0.00 0.15 0.66 1.46 2.56 2.70 3.14 4.53 3.80 2.56 2.26 3.36 1.31 1.31 1.46 1.02 1.17 1.39 0.88 0.88 0.88 0.00 0.29 0.88 1.90 0.37 0.00 0.00 0.44 0.73 1.31 3.94 4.96 6.72 7.66 8.69 9.05 10.15 9.86 9.86 9.78 8.91 5.33 2.85 2.85 0.00 0.00 0.00 2.99 3.72 4.82 5.48 6.13 6.94 8.32 9.48 11.41 12.26 9.81 6.42 4.57 2.24 1.67 2.05 1.50 0.18 0.00 0.00
1.31 0.15 0.00 0.29 0.66 1.75 1.39 0.00 0.00 0.00 0.00 0.00 0.00 0.00 0.00 0.00 0.00 0.00 0.00 0.29 1.02 1.39 2.12 2.19 2.04 1.83 2.04 2.85 3.21 2.41 0.00 1.02 1.53 1.68 1.61 1.61 1.17 0.29 0.00 0.00 0.00 0.00 0.15 0.00 0.88 1.24 3.07 5.77 8.18 9.42 9.71 9.49 9.71 10.88 11.68 13.29 15.04 12.12 7.23 2.70 2.70 0.00 2.63 3.07 3.29 4.09 5.48 6.79 7.59 7.96 9.13 9.78 11.07 10.26 6.01 3.89 2.58 1.45 1.85 1.60 0.62 0.09 0.00 0.00
1.75 0.37 0.22 0.51 1.10 0.80 0.07 0.15 0.00 0.00 0.00 0.00 0.00 0.00 0.00 0.00 0.00 0.00 0.00 0.29 0.00 0.51 0.80 0.00 0.00 1.97 2.41 2.63 1.97 1.53 0.00 0.00 0.00 0.66 1.10 1.10 1.10 0.29 0.00 0.00 0.00 0.00 0.00 0.00 2.41 4.82 6.86 8.61 9.86 9.64 10.66 11.75 12.41 12.99 13.80 15.11 13.21 9.93 5.11 1.75 1.75 0.00 0.00 1.83 0.00 4.02 5.62 6.94 6.72 6.94 7.30 8.33 10.01 7.62 4.49 3.18 1.89 1.28 0.99 0.87 1.00 0.00 0.00 0.00
0.80 0.00 0.00 0.00 0.00 0.00 0.00 0.00 0.00 0.00 0.00 0.00 0.00 0.00 0.00 0.00 0.00 0.00 0.00 0.00 0.00 0.51 0.00 0.00 0.00 0.88 1.90 1.53 1.53 0.00 0.00 0.00 0.00 0.00 0.80 0.80 0.95 1.24 0.00 0.00 0.00 0.00 0.00 0.00 4.96 7.30 9.86 11.02 13.51 13.94 13.65 14.09 14.89 14.67 14.67 13.65 9.13 5.91 2.63 0.00 0.00 0.00 0.00 2.34 3.07 4.16 4.02 3.65 4.74 6.20 5.99 6.94 5.52 3.17 1.98 1.30 1.06 0.87 0.97 1.07 1.00 0.37 0.00 0.00
0.00 0.00 0.00 0.00 0.00 0.15 0.00 0.00 0.00 0.00 0.00 0.00 0.00 0.00 0.00 0.00 0.00 0.00 0.00 0.00 0.00 0.00 0.00 0.00 0.80 1.53 1.97 1.75 1.83 0.00 0.00 0.00 0.00 0.00 0.00 0.00 0.00 2.34 0.00 0.00 0.00 0.00 0.00 0.00 6.50 10.88 13.72 15.48 17.96 18.25 15.77 14.53 13.80 13.21 10.66 7.66 5.40 4.09 0.00 0.00 0.00 0.00 0.00 0.00 1.97 2.77 2.56 4.02 4.45 5.11 4.82 4.48 3.28 2.53 1.70 1.01 1.51 1.21 0.43 0.00 0.15 0.15 0.00 0.00
0.00 0.00 0.00 0.00 0.00 0.15 0.00 0.00 0.00 0.00 0.00 0.00 0.00 0.00 0.00 0.00 0.00 0.00 0.00 0.00 0.00 0.00 0.00 0.00 0.80 1.53 1.97 1.75 1.83 0.00 0.00 0.00 0.00 0.00 0.00 0.00 0.00 2.34 0.00 0.00 0.00 0.00 0.00 0.00 6.50 10.88 13.72 15.48 17.96 18.25 15.77 14.53 13.80 13.21 10.66 7.66 5.40 4.09 0.00 0.00 0.00 0.00 0.00 0.00 1.97 2.77 2.56 4.02 4.45 5.11 4.82 4.45 3.23 2.49 1.70 1.06 1.34 1.16 0.42 0.00 0.15 0.15 0.00 0.00
0.80 0.00 0.00 0.37 0.00 0.00 0.00 0.00 0.00 0.00 0.00 0.00 0.00 0.00 0.00 0.00 0.00 0.00 0.00 0.00 0.00 0.00 0.00 0.00 0.00 1.61 1.90 2.56 2.41 2.85 2.48 0.00 0.00 0.00 2.56 2.56 2.63 2.85 0.00 0.00 0.00 3.80 5.77 7.66 5.99 14.75 17.23 18.69 18.83 17.52 15.55 13.07 9.56 8.18 7.01 4.23 3.36 0.00 0.00 0.00 0.00 0.00 0.00 0.00 0.00 2.56 2.63 4.16 4.82 4.31 3.29 2.48 2.56 1.92 1.54 1.14 1.21 1.29 0.68 0.22 0.07 0.22 0.15 0.00
