Wansh/Snow_depth/snowdepth-1989/winter/1989354.txt
ncols 321
nrows 161
xllcenter 60
yllcenter 15 
cellsize  0.25 
NODATA_value -1
[rows 0 to 36 of 161, columns 168 to 251 of 321]
1.02 0.51 0.15 0.00 0.00 0.00 0.22 1.31 1.17 1.17 1.39 1.75 1.17 1.90 3.14 3.80 3.72 4.38 5.55 5.69 6.50 6.57 6.13 5.26 3.72 0.00 0.00 0.00 0.00 0.00 0.00 0.00 0.95 8.61 10.73 10.73 10.37 11.75 11.17 11.02 11.02 11.32 11.17 11.46 12.34 12.92 13.58 14.02 12.78 11.53 10.22 9.27 9.64 10.51 11.10 11.90 12.48 12.99 13.36 12.99 12.99 13.21 14.38 17.08 20.29 22.41 24.24 22.56 19.93 18.03 16.06 15.48 15.91 17.37 17.37 17.89 19.56 21.39 21.97 21.32 20.44 19.05 17.52 17.30
1.46 1.46 0.66 0.00 0.00 0.00 0.00 0.29 1.02 1.02 1.97 2.41 2.63 2.63 2.56 2.77 3.21 4.23 4.96 5.84 6.20 6.28 6.57 4.74 0.66 0.00 0.00 0.00 0.00 0.00 0.00 0.00 2.04 7.66 8.76 8.76 8.69 8.40 9.86 11.24 12.19 12.26 11.83 13.14 13.94 14.31 14.53 12.99 11.24 10.73 10.80 11.39 12.05 12.19 12.56 12.19 12.26 13.29 13.58 13.72 13.72 14.16 14.89 17.74 19.64 22.19 22.34 21.17 19.49 17.74 16.35 16.64 17.08 17.37 17.67 18.76 19.78 20.59 21.10 20.81 20.22 17.45 15.77 14.16
2.70 1.90 0.22 0.00 0.00 0.00 0.00 0.44 1.02 1.02 1.68 2.04 2.48 2.04 2.63 3.07 4.02 4.89 5.33 5.77 6.86 7.37 4.82 6.20 0.00 0.00 0.00 0.00 0.00 0.00 0.00 0.00 2.12 7.52 9.20 9.20 8.76 8.40 9.93 12.99 14.45 12.92 12.78 12.63 12.70 12.85 12.92 12.41 11.97 12.63 12.34 11.90 12.85 12.78 12.63 12.34 12.34 13.07 13.87 14.45 14.45 15.33 15.55 16.79 18.54 19.35 19.93 19.05 18.03 16.79 16.06 16.94 17.23 17.59 17.81 17.59 17.52 18.18 17.74 16.64 16.57 15.77 14.82 13.51
2.70 1.90 0.22 0.00 0.00 0.00 0.00 0.44 1.02 1.02 1.68 2.04 2.48 2.04 2.63 3.07 4.02 4.89 5.33 5.77 6.86 7.37 4.82 6.20 0.00 0.00 0.00 0.00 0.00 0.00 0.00 0.00 2.12 7.52 9.20 9.20 8.76 8.40 9.93 12.99 14.45 12.92 12.78 12.63 12.70 12.85 12.92 12.41 11.97 12.63 12.34 11.90 12.85 12.78 12.63 12.34 12.34 13.07 13.87 14.45 14.45 15.33 15.55 16.79 18.54 19.35 19.93 19.05 18.03 16.79 16.06 16.94 17.23 17.59 17.81 17.59 17.52 18.18 17.74 16.64 16.57 15.77 14.82 13.51
3.43 2.56 1.02 0.00 0.00 0.00 0.00 0.22 1.02 1.02 1.46 1.83 1.97 2.99 3.43 3.50 4.31 5.04 5.69 5.77 3.72 5.99 2.26 0.00 0.00 0.00 0.00 0.00 0.00 0.00 0.00 0.00 6.06 7.08 6.79 6.79 7.66 9.20 11.39 14.02 14.45 13.43 13.65 13.14 13.14 14.31 14.45 14.38 14.89 14.60 14.16 14.31 14.09 13.65 11.75 12.05 12.63 13.29 13.72 13.65 13.65 15.48 16.86 18.10 19.27 20.29 18.91 17.59 16.86 15.33 14.89 15.33 16.21 15.91 14.97 14.53 14.09 14.38 14.45 14.45 14.67 14.67 14.82 14.53
3.87 3.87 2.77 0.88 0.00 0.00 0.00 0.37 1.68 1.68 1.83 2.34 2.92 3.14 3.21 3.94 4.23 4.16 4.31 5.33 1.31 0.00 0.00 0.00 0.00 0.00 0.00 0.00 0.00 0.00 7.52 0.00 6.64 6.06 6.64 6.64 7.96 10.29 11.02 12.85 13.43 13.94 15.48 15.33 15.26 14.60 16.64 16.50 16.64 15.70 15.33 15.77 16.43 15.70 15.26 14.31 13.43 14.02 14.75 14.38 14.38 14.82 17.08 19.86 20.88 19.20 16.06 14.31 13.29 13.21 12.99 12.99 12.56 12.34 13.14 12.85 12.41 13.51 14.38 14.75 14.53 14.75 14.75 14.60
4.60 4.38 4.60 3.72 2.12 1.31 0.95 1.61 2.77 2.77 2.56 2.56 2.77 2.99 4.02 4.16 3.58 2.77 1.53 0.00 0.00 0.00 0.00 0.00 0.00 0.00 0.00 0.00 0.00 6.64 5.26 5.91 5.91 6.57 8.98 8.98 11.32 13.29 13.65 13.58 14.09 14.75 15.77 16.72 17.01 18.03 17.16 16.50 16.21 16.43 16.50 17.01 17.23 17.23 16.94 14.53 13.87 13.14 13.14 13.21 13.21 14.09 16.94 18.10 18.83 17.08 13.94 12.85 11.90 11.75 11.61 11.46 11.53 11.39 11.10 10.73 10.07 11.10 12.05 12.93 15.01 16.17 16.58 17.94
4.60 4.38 4.60 3.72 2.12 1.31 0.95 1.61 2.77 2.77 2.56 2.56 2.77 2.99 4.02 4.16 3.58 2.77 1.53 0.00 0.00 0.00 0.00 0.00 0.00 0.00 0.00 0.00 0.00 6.64 5.26 5.91 5.91 6.57 8.98 8.98 11.32 13.29 13.65 13.58 14.09 14.75 15.77 16.72 17.01 18.03 17.16 16.50 16.21 16.43 16.50 17.01 17.23 17.23 16.94 14.53 13.87 13.14 13.14 13.21 13.21 14.09 16.94 18.10 18.83 17.08 13.94 12.85 11.90 11.75 11.61 11.46 11.53 11.39 11.10 12.41 13.90 15.97 16.50 21.96 24.78 21.52 21.34 18.61
5.48 5.04 4.38 3.87 3.14 2.63 1.83 1.97 2.56 2.56 2.99 2.41 1.61 1.68 2.04 2.85 4.60 0.00 0.00 0.00 0.00 0.00 0.00 0.00 0.00 0.00 0.00 6.64 1.75 3.72 5.99 6.06 7.23 7.45 10.88 10.88 12.85 13.87 13.65 12.85 14.38 16.64 17.45 18.69 19.05 19.20 19.05 19.27 18.18 17.08 16.28 17.52 18.10 17.30 16.50 14.24 12.92 12.05 11.68 11.61 11.61 12.78 13.94 14.97 14.82 13.65 12.41 11.68 10.22 10.07 9.93 10.07 10.29 9.86 10.83 12.04 11.73 11.50 10.55 15.42 15.23 13.88 15.60 17.96
3.87 4.74 5.33 5.62 4.45 2.92 2.19 1.31 1.02 1.02 1.97 2.63 2.19 3.14 0.00 0.00 0.00 0.00 0.00 0.00 0.00 0.00 0.00 0.00 0.00 0.00 3.87 3.87 4.23 4.38 5.33 7.23 7.37 8.25 7.81 7.81 11.39 13.36 12.70 12.63 12.70 15.33 16.43 17.37 18.10 18.69 19.35 18.25 18.76 16.13 16.43 16.64 16.50 15.18 14.31 12.48 11.17 10.88 10.59 10.15 10.15 10.88 11.97 12.34 11.90 11.02 9.86 9.05 8.83 8.54 8.69 9.27 9.71 11.51 11.15 8.22 9.31 10.41 11.68 11.30 11.32 11.86 14.49 15.46
4.82 4.53 4.23 4.23 4.53 4.38 3.58 2.70 2.26 2.26 2.48 2.41 2.12 0.00 0.00 0.00 0.00 0.00 0.00 0.00 0.00 0.00 0.00 0.00 2.63 4.89 4.23 4.02 4.16 4.60 4.02 7.74 5.48 6.20 8.32 8.32 7.74 10.15 10.66 11.24 12.92 14.16 15.18 16.28 15.70 16.86 15.70 13.58 12.85 14.97 13.87 14.60 14.02 12.41 11.24 11.24 10.88 9.86 9.05 8.76 8.76 8.83 9.64 9.86 8.47 8.47 8.10 7.74 7.23 6.35 6.57 6.79 6.21 5.71 4.82 6.23 8.55 9.11 8.52 8.89 9.66 10.81 9.67 10.69
4.82 4.53 4.23 4.23 4.53 4.38 3.58 2.70 2.26 2.26 2.48 2.41 2.12 0.00 0.00 0.00 0.00 0.00 0.00 0.00 0.00 0.00 0.00 0.00 2.63 4.89 4.23 4.02 4.16 4.60 4.02 7.74 5.48 6.20 8.32 8.32 7.74 10.15 10.66 11.24 12.92 14.16 15.18 16.28 15.70 16.86 15.70 13.58 12.85 14.97 13.87 14.60 14.02 12.41 11.24 11.24 10.88 9.86 9.05 8.76 8.76 8.83 9.64 9.86 8.47 8.47 8.10 7.74 7.23 6.35 6.57 6.79 6.06 5.62 4.67 5.78 7.62 8.44 9.08 9.22 9.66 10.58 10.62 11.43
7.30 5.99 4.53 3.50 3.36 3.21 0.66 0.00 0.00 0.00 0.00 0.00 0.00 0.00 0.00 0.00 0.00 0.00 0.00 0.00 0.00 0.00 1.24 2.99 3.14 1.68 1.02 2.85 3.07 2.19 2.99 4.74 3.72 5.11 6.86 6.86 7.96 7.30 8.54 10.15 11.39 12.85 12.92 13.14 12.63 12.26 9.71 8.76 9.71 10.80 12.41 11.68 11.17 10.15 9.78 9.27 9.42 8.40 7.88 7.30 7.30 7.15 7.37 6.94 6.79 6.64 6.72 7.01 7.23 7.66 7.08 6.20 6.13 5.55 5.09 6.09 7.01 6.45 6.93 7.95 9.13 10.74 10.00 9.50
7.01 7.15 6.57 5.77 4.74 3.72 2.48 0.00 0.00 0.00 0.00 0.00 0.00 0.00 0.00 0.00 0.00 0.00 0.00 1.31 1.90 1.61 1.90 1.46 1.53 1.68 2.34 2.26 2.70 3.29 3.65 4.53 5.18 5.62 6.42 6.42 7.15 8.54 7.52 9.93 10.73 10.88 11.24 10.73 9.93 8.69 7.59 8.47 9.27 9.64 9.78 10.00 9.42 8.98 9.05 9.05 8.47 6.94 6.72 6.50 6.50 6.42 6.94 7.66 7.59 7.23 7.45 6.94 6.20 6.35 5.84 5.84 5.91 5.94 6.98 5.93 5.33 6.66 7.86 7.39 8.78 8.29 8.10 9.30
6.35 7.23 7.37 7.59 7.66 7.23 4.45 1.61 0.00 0.00 0.00 0.00 0.00 0.00 0.00 0.00 0.00 1.83 1.97 1.75 1.46 1.46 1.39 1.39 2.34 2.63 2.34 2.92 3.94 4.82 5.69 5.40 6.50 7.01 8.10 8.10 8.47 8.91 9.64 8.98 9.93 9.27 9.34 9.05 8.54 8.91 8.54 8.03 8.18 8.18 8.98 8.91 9.64 8.76 8.91 7.81 7.23 6.42 6.64 6.72 6.72 7.23 7.96 8.47 8.18 8.47 8.32 7.15 6.94 7.45 7.37 7.52 7.22 7.45 7.14 6.08 6.55 7.57 7.63 8.42 8.52 7.39 8.17 7.85
7.01 7.23 7.88 8.47 8.98 8.40 7.23 6.50 4.96 4.96 3.65 2.85 1.68 4.09 3.87 3.07 0.51 0.37 0.29 1.02 1.24 1.90 2.04 1.97 2.26 3.43 4.02 4.60 5.11 5.04 5.77 6.50 7.45 7.23 7.88 7.88 8.47 8.32 8.91 8.83 9.42 8.47 8.10 7.15 7.15 7.01 7.15 8.03 8.47 8.91 9.93 10.29 8.98 10.15 8.10 7.88 7.81 7.08 7.01 7.74 7.74 8.83 10.00 9.42 9.56 9.56 8.69 7.37 7.66 9.42 9.42 8.96 9.88 9.54 8.63 7.10 8.04 6.97 7.21 8.24 7.15 7.03 7.15 6.57
7.01 7.23 7.88 8.47 8.98 8.40 7.23 6.50 4.96 4.96 3.65 2.85 1.68 4.09 3.87 3.07 0.51 0.37 0.29 1.02 1.24 1.90 2.04 1.97 2.26 3.43 4.02 4.60 5.11 5.04 5.77 6.50 7.45 7.23 7.88 7.88 8.47 8.32 8.91 8.83 9.42 8.47 8.10 7.15 7.15 7.01 7.15 8.03 8.47 8.91 9.93 10.29 8.98 10.15 8.10 7.88 7.81 7.08 7.01 7.74 7.74 8.83 10.00 9.42 9.56 9.56 8.69 7.37 7.66 9.42 9.42 11.00 9.26 10.37 7.75 8.78 8.16 7.71 7.35 7.43 6.91 6.04 7.78 7.46
7.30 8.91 9.42 8.61 7.37 6.28 5.55 5.26 5.18 5.18 4.74 4.23 4.02 2.41 1.46 1.31 0.73 0.29 0.88 1.61 2.04 2.48 3.21 3.80 4.02 4.16 4.89 5.69 6.35 7.15 6.94 7.88 7.59 8.03 8.54 8.54 9.20 8.69 7.96 8.10 8.32 9.05 7.59 7.45 6.28 4.96 5.69 6.06 7.08 7.81 8.83 9.27 9.13 10.00 8.83 8.03 8.47 8.47 8.69 9.56 9.56 10.15 10.51 11.53 11.24 10.07 9.27 8.76 9.49 10.95 12.71 11.44 10.50 9.09 8.84 9.29 8.76 7.45 6.97 8.16 6.41 6.30 5.92 4.02
5.99 10.00 13.36 12.56 9.27 7.08 4.67 2.99 2.77 2.77 2.63 1.75 1.31 1.17 0.95 1.02 1.31 1.31 1.02 1.68 2.99 3.94 3.80 4.45 5.26 5.48 6.42 6.86 6.86 6.64 7.52 7.74 7.81 9.20 8.18 8.18 8.40 8.40 7.96 7.15 6.50 7.23 7.37 5.55 4.45 3.80 3.94 4.31 5.48 6.50 7.01 7.88 7.81 7.88 7.81 8.76 9.34 9.93 10.51 11.02 11.02 11.17 11.32 11.90 11.24 11.32 10.59 10.66 10.95 11.81 12.61 11.36 10.93 9.94 9.09 9.49 8.71 7.97 8.48 7.62 5.39 5.38 4.06 3.08
5.26 5.55 8.83 10.51 10.07 8.10 5.11 1.97 1.61 1.61 1.31 1.31 1.53 1.39 2.26 2.48 2.04 2.12 2.48 2.77 3.50 3.65 4.96 5.91 6.13 6.06 6.42 6.50 7.30 7.66 8.10 8.54 8.10 7.59 7.81 7.81 7.74 7.08 6.64 5.77 5.18 4.38 4.31 3.43 2.85 3.14 2.70 3.58 4.23 5.33 6.20 7.23 7.74 7.88 7.37 7.88 8.32 8.40 8.91 10.44 10.44 10.80 11.17 11.10 9.78 8.69 8.61 9.05 9.93 9.56 9.93 10.07 10.07 9.13 8.91 9.89 10.88 13.73 12.58 8.61 7.58 4.61 3.60 4.20
4.38 4.60 4.23 4.53 4.45 4.53 4.02 2.70 1.10 1.10 1.31 2.12 3.58 4.23 3.50 4.02 3.72 3.72 5.18 6.72 7.37 7.37 7.01 7.01 6.64 6.50 5.84 5.99 6.64 7.08 7.59 8.25 7.37 7.30 7.37 7.37 7.96 7.59 6.42 5.18 4.82 3.36 3.07 3.65 2.48 2.26 1.68 1.83 3.36 4.16 5.62 7.01 7.66 6.64 4.96 5.69 5.26 6.28 7.74 7.88 7.88 7.45 6.94 6.64 5.26 4.74 5.11 5.33 5.99 6.28 7.08 6.35 6.79 7.23 9.29 11.83 15.20 13.56 14.49 11.61 10.55 6.62 6.21 3.82
1.39 2.56 4.09 3.87 3.36 3.58 3.65 2.92 2.12 2.12 2.04 2.63 3.50 5.18 5.33 4.02 4.82 6.06 7.81 8.91 9.42 9.64 8.76 7.66 6.35 6.64 6.94 6.72 6.79 7.81 8.40 8.40 7.66 8.03 6.42 6.42 8.25 6.94 5.26 3.87 3.65 2.92 1.90 2.04 2.41 1.68 1.46 2.04 2.56 2.92 4.09 5.26 5.99 5.84 4.74 4.89 4.96 5.04 4.23 4.09 4.09 4.38 3.96 0.00 0.00 0.00 0.00 2.41 3.80 3.50 2.63 2.77 4.16 5.48 7.53 9.34 12.80 10.88 12.97 10.90 8.26 6.94 6.05 4.79
1.39 2.56 4.09 3.87 3.36 3.58 3.65 2.92 2.12 2.12 2.04 2.63 3.50 5.18 5.33 4.02 4.82 6.06 7.81 8.91 9.42 9.64 8.76 7.66 6.35 6.64 6.94 6.72 6.79 7.81 8.40 8.40 7.66 8.03 6.42 6.42 8.25 6.94 5.26 3.87 3.65 2.92 1.90 2.04 2.41 1.68 1.46 2.04 2.56 2.92 4.09 5.26 5.99 5.84 4.74 4.89 4.96 5.04 4.23 4.09 4.09 4.38 3.96 0.00 0.00 0.00 0.00 2.41 3.80 3.50 2.63 2.77 4.16 5.48 7.23 9.39 9.94 9.57 10.86 12.69 10.11 7.09 4.74 4.42
0.51 1.46 2.12 2.77 2.99 3.29 3.58 3.65 3.87 3.87 3.21 2.92 3.43 4.16 5.62 6.20 7.08 9.27 10.88 10.80 9.64 8.40 7.96 7.52 7.08 7.30 7.74 7.74 8.32 7.81 7.59 7.59 7.01 4.89 5.55 5.55 4.82 4.23 3.43 2.99 3.07 2.41 1.97 1.61 0.88 1.83 1.10 1.68 1.61 1.83 2.77 3.72 4.67 5.99 5.26 5.91 5.55 4.23 4.53 5.18 5.18 4.38 0.00 0.00 0.00 0.00 1.97 2.70 2.85 2.70 0.00 0.00 3.43 5.55 7.01 7.41 8.45 12.56 12.79 10.19 8.52 5.86 6.48 6.44
0.00 0.00 0.29 1.61 2.41 3.14 4.38 4.96 4.74 4.74 4.53 4.67 5.18 5.55 6.72 8.61 9.93 12.48 13.94 12.78 11.02 8.83 7.88 7.74 7.81 8.10 9.13 9.49 8.61 8.32 5.84 4.02 2.63 1.90 3.43 3.43 1.90 1.97 1.75 1.97 1.75 2.26 1.83 1.02 0.15 2.12 0.00 0.37 0.73 1.10 1.24 2.34 2.85 5.04 5.77 6.94 8.10 7.74 6.72 6.06 6.06 0.00 0.00 0.00 0.00 0.00 0.00 3.07 3.21 3.29 0.00 0.00 0.00 5.18 6.44 7.57 8.33 9.56 9.87 9.03 8.88 5.82 6.81 6.99
0.00 0.07 0.15 0.22 0.37 1.53 3.36 4.23 4.60 4.60 4.45 4.60 5.48 6.94 8.40 10.22 13.07 14.09 14.45 13.94 11.75 9.71 9.27 9.05 9.13 8.25 9.13 10.51 9.20 7.52 5.26 2.04 1.39 0.37 0.66 0.66 0.07 0.80 0.73 1.31 1.46 1.17 1.24 0.95 0.58 0.07 0.00 0.00 0.73 0.66 0.51 1.75 3.87 5.18 8.18 9.93 10.80 10.00 8.69 7.74 7.74 0.00 0.00 0.00 0.00 3.87 3.65 3.72 3.21 0.00 0.00 0.00 4.45 6.19 7.19 8.45 8.69 7.81 8.51 8.65 7.25 6.01 5.84 5.59
0.15 0.00 0.15 0.95 1.02 0.58 0.95 1.83 2.85 2.85 2.48 3.21 4.67 5.55 7.74 9.05 9.56 10.37 10.73 10.44 10.29 9.86 9.86 9.86 10.00 8.98 8.54 8.32 7.96 5.77 3.50 1.31 1.10 0.51 0.00 0.00 0.00 0.22 0.58 0.66 0.51 0.73 0.51 0.00 0.15 0.00 0.00 0.00 0.00 0.00 0.66 1.68 3.80 6.28 8.69 10.15 9.20 7.59 6.79 4.82 4.82 4.67 0.00 0.00 0.00 0.00 3.14 3.29 2.99 2.77 3.94 4.16 5.57 8.57 9.62 9.95 10.02 8.41 7.01 4.94 4.07 3.84 4.94 5.13
0.15 0.00 0.00 0.00 0.07 0.00 0.00 0.00 0.07 0.07 0.29 0.44 1.02 1.61 3.21 4.67 4.82 4.67 5.55 5.77 7.15 8.10 8.91 8.61 8.10 7.59 5.55 5.04 3.21 2.63 1.17 0.66 0.44 0.00 0.29 0.29 0.22 0.00 0.00 0.00 0.00 0.29 0.00 0.00 0.07 0.00 0.00 0.00 0.00 0.22 2.19 2.99 5.11 7.74 9.56 8.83 7.74 6.50 4.96 3.87 3.87 4.23 3.14 0.00 0.00 0.00 0.00 2.63 2.77 3.58 5.62 6.28 8.93 8.91 9.76 10.85 8.98 6.08 4.99 2.98 2.78 2.77 2.68 2.21
0.15 0.00 0.00 0.00 0.07 0.00 0.00 0.00 0.07 0.07 0.29 0.44 1.02 1.61 3.21 4.67 4.82 4.67 5.55 5.77 7.15 8.10 8.91 8.61 8.10 7.59 5.55 5.04 3.21 2.63 1.17 0.66 0.44 0.00 0.29 0.29 0.22 0.00 0.00 0.00 0.00 0.29 0.00 0.00 0.07 0.00 0.00 0.00 0.00 0.22 2.19 2.99 5.11 7.74 9.56 8.83 7.74 6.50 4.96 3.87 3.87 4.23 3.14 0.00 0.00 0.00 0.00 2.63 2.77 3.58 5.64 6.21 8.08 9.93 10.42 12.65 10.43 5.89 5.21 2.90 2.94 3.28 2.45 1.88
0.00 0.00 0.00 0.00 0.00 0.00 0.00 0.00 0.00 0.00 0.00 0.00 0.00 0.00 0.00 0.80 1.31 1.53 2.56 2.48 3.65 5.04 5.62 5.84 5.69 4.38 3.21 1.97 1.31 1.24 0.80 0.00 0.15 0.66 0.15 0.15 0.00 0.00 0.00 0.00 0.00 0.00 0.00 0.00 0.29 0.22 0.00 0.00 0.22 2.92 5.33 7.23 8.69 9.71 9.78 8.69 7.37 6.35 3.65 2.77 2.79 1.83 2.42 0.00 0.00 0.00 2.77 3.50 3.89 5.16 6.93 8.04 10.84 11.74 11.68 10.57 6.35 4.19 3.77 2.52 1.36 1.31 0.46 0.23
0.07 0.00 0.00 0.00 0.00 0.00 0.00 0.00 0.00 0.00 0.00 0.00 0.00 0.00 0.00 0.00 0.00 0.00 0.58 1.90 1.53 1.90 2.48 1.83 1.75 1.53 0.37 0.00 0.51 0.29 0.00 0.00 0.00 0.00 0.15 0.15 0.73 0.07 0.44 0.00 0.00 0.00 0.00 0.00 0.00 0.00 0.51 1.39 3.72 2.41 8.61 9.64 9.93 9.93 9.34 9.56 8.83 8.03 5.84 3.94 3.94 2.34 1.75 1.97 0.95 2.99 3.29 3.50 4.89 6.20 7.52 8.73 12.14 13.93 10.84 7.59 3.81 3.41 2.50 1.19 1.22 1.42 0.48 0.00
1.39 0.88 0.00 0.00 0.00 0.00 0.00 0.00 0.00 0.00 0.00 0.00 0.00 0.00 0.00 0.00 0.00 0.00 0.22 0.29 0.66 0.80 0.88 1.31 0.73 0.44 0.00 0.00 0.00 0.00 0.29 0.15 0.00 0.00 0.00 0.00 0.00 0.00 0.00 0.00 0.00 0.00 0.00 0.00 0.00 0.00 2.34 4.02 7.37 8.25 7.66 8.98 9.42 9.34 10.15 11.02 12.63 11.10 6.35 3.14 3.14 1.61 1.75 1.90 2.12 3.43 3.94 5.33 5.77 5.99 6.79 8.10 11.53 10.47 8.28 6.00 3.03 2.67 2.36 2.77 1.15 1.16 0.15 0.00
0.88 0.95 0.15 0.00 0.00 0.00 0.00 0.00 0.00 0.00 0.00 0.00 0.00 0.00 0.00 0.00 0.00 0.00 0.15 0.07 0.00 0.00 0.00 0.22 0.66 1.31 0.37 0.29 0.00 0.00 0.00 0.00 0.00 0.00 0.07 0.07 0.15 0.00 0.00 0.00 0.00 0.00 0.00 0.00 1.39 2.77 4.89 6.35 7.45 7.37 7.52 7.66 9.86 10.88 12.48 13.65 13.36 9.78 4.53 1.17 1.17 0.00 1.10 1.10 1.17 2.99 3.94 5.11 4.96 6.42 7.01 8.92 11.57 9.10 5.28 2.28 1.49 1.78 1.80 1.27 1.66 1.91 0.00 0.00
0.00 0.00 0.00 0.00 0.00 0.00 0.00 0.00 0.00 0.00 0.00 0.00 0.00 0.00 0.00 0.00 0.00 0.00 0.00 0.00 0.00 0.00 0.00 0.00 0.00 0.66 0.29 0.00 0.00 0.00 0.00 0.29 0.66 0.07 0.07 0.07 0.37 0.00 0.00 0.00 0.00 0.00 0.00 0.00 1.75 4.96 7.52 9.42 9.42 9.20 10.00 8.03 10.88 11.39 12.85 12.63 8.76 4.74 2.77 1.68 1.68 1.39 2.19 2.12 2.48 2.63 3.72 3.21 4.23 5.91 6.28 7.37 7.46 3.48 2.38 2.00 2.02 1.59 1.15 0.99 0.85 0.00 0.00 0.00
0.80 0.00 0.00 0.00 0.00 0.00 0.22 0.44 0.66 0.66 0.73 0.22 0.00 0.00 0.00 0.00 0.00 0.00 0.00 0.00 0.00 0.00 0.00 0.00 0.29 0.44 0.58 0.00 0.00 1.02 1.02 0.95 0.66 0.80 0.22 0.22 0.37 0.51 0.00 0.00 0.00 0.00 0.00 2.34 4.53 8.25 10.66 12.12 11.83 11.61 11.75 11.39 11.17 9.78 9.13 8.10 4.31 3.58 1.83 1.75 1.75 1.97 2.56 2.34 2.04 1.83 1.90 2.56 4.53 5.26 4.96 5.14 3.65 2.61 1.62 1.80 1.88 1.64 0.96 0.47 0.15 0.15 0.00 0.00
0.80 0.00 0.00 0.00 0.00 0.00 0.22 0.44 0.66 0.66 0.73 0.22 0.00 0.00 0.00 0.00 0.00 0.00 0.00 0.00 0.00 0.00 0.00 0.00 0.29 0.44 0.58 0.00 0.00 1.02 1.02 0.95 0.66 0.80 0.22 0.22 0.37 0.51 0.00 0.00 0.00 0.00 0.00 2.34 4.53 8.25 10.66 12.12 11.83 11.61 11.75 11.39 11.17 9.78 9.13 8.10 4.31 3.58 1.83 1.75 1.75 1.97 2.56 2.34 2.04 1.83 1.90 2.56 4.53 5.26 4.96 5.11 3.59 2.57 1.62 1.88 1.68 1.58 0.93 0.49 0.15 0.15 0.00 0.00
0.80 0.15 0.00 0.00 0.80 1.02 1.02 0.51 0.00 0.00 0.00 0.00 0.44 0.88 0.80 0.00 0.00 0.00 0.00 0.51 0.00 0.00 0.00 0.00 0.00 0.73 0.51 1.24 1.68 1.24 0.80 0.73 0.80 0.66 0.51 0.51 0.07 0.15 0.00 0.00 0.00 0.00 2.77 5.04 7.23 11.46 13.65 13.72 13.21 12.56 11.17 8.25 8.91 5.26 4.96 3.14 2.26 0.95 1.10 2.19 2.19 1.61 1.83 1.17 1.02 2.04 1.46 3.21 4.16 3.29 2.63 2.85 1.90 1.33 1.76 1.67 1.29 2.03 1.27 0.37 0.00 0.00 0.00 0.00
