Wansh/Snow_depth/snowdepth-1989/winter/1989365.txt
ncols 321
nrows 161
xllcenter 60
yllcenter 15 
cellsize  0.25 
NODATA_value -1
[rows 74 to 110 of 161, columns 84 to 167 of 321]
0.00 0.00 0.00 0.00 0.00 0.00 0.29 0.00 0.00 0.00 1.10 0.66 1.02 1.83 4.02 4.96 4.38 3.87 3.87 4.53 4.09 3.72 2.04 3.50 2.63 3.21 2.63 0.00 0.00 3.14 2.04 2.92 3.72 2.48 1.97 1.97 1.46 0.00 1.90 2.63 2.19 1.83 1.46 1.46 1.17 1.39 1.68 1.75 1.68 1.61 2.41 1.75 0.00 1.25 0.00 0.00 0.73 2.48 0.66 0.37 0.95 0.00 0.00 0.00 0.00 0.00 1.31 2.70 2.70 3.37 3.89 1.97 0.00 0.66 0.00 0.00 0.00 0.00 0.00 0.00 7.96 8.51 4.74 2.04
0.00 0.00 0.00 0.00 0.58 1.17 1.83 1.83 2.04 1.75 2.34 3.21 3.29 0.00 3.87 3.72 3.94 4.67 4.67 4.82 3.80 3.94 0.00 3.29 2.70 4.16 4.53 0.00 0.00 3.14 0.00 0.00 0.00 0.00 0.00 0.00 0.00 3.58 3.87 4.82 4.31 2.92 2.70 2.70 1.90 0.95 1.17 1.83 1.53 1.53 0.95 1.31 1.39 1.68 2.34 2.48 1.97 1.61 2.04 2.04 1.31 1.10 1.97 0.58 0.07 0.37 1.68 2.85 2.85 3.96 4.82 3.94 0.95 2.92 1.68 1.53 2.04 2.34 0.00 0.00 6.06 6.35 4.48 2.08
0.00 0.22 0.80 0.15 0.51 1.02 2.41 3.14 3.65 4.16 4.96 4.38 5.26 3.87 4.31 3.72 4.02 4.53 4.53 4.38 3.58 3.94 0.00 0.00 0.00 0.00 0.00 2.99 2.41 2.99 0.00 0.00 0.00 0.00 0.00 0.00 0.00 3.07 4.09 5.48 4.89 3.21 2.99 2.99 2.19 1.68 1.31 1.31 1.83 1.31 1.10 1.53 1.90 2.41 2.70 1.97 2.63 2.48 2.12 2.26 2.41 2.41 2.77 2.26 2.70 2.05 1.97 3.50 3.50 4.60 5.91 6.20 3.50 5.40 3.94 2.19 1.61 1.39 0.00 0.00 2.34 4.13 3.08 2.63
0.37 2.26 0.37 1.17 2.48 2.85 4.02 4.53 5.11 5.40 5.11 5.55 5.99 5.77 4.89 4.67 4.89 4.38 4.38 3.87 2.99 3.07 2.26 0.00 0.00 2.63 0.00 2.85 3.36 3.50 0.00 0.00 0.00 0.00 0.00 3.14 0.00 0.00 0.00 3.58 0.00 0.00 1.97 1.97 1.24 1.39 1.46 1.97 0.00 2.41 2.77 3.14 2.85 3.50 3.94 2.92 2.92 3.14 3.14 2.92 3.21 3.58 3.21 4.67 4.60 4.45 7.01 5.11 5.11 5.84 6.64 6.72 6.64 6.86 5.69 2.77 1.10 1.17 1.83 1.17 0.66 1.91 2.79 2.88
2.41 3.72 3.36 2.48 2.34 2.48 3.14 3.65 4.31 4.31 4.16 5.77 5.26 5.91 5.55 5.55 5.33 4.45 4.45 3.87 4.16 2.77 2.70 2.56 2.41 2.85 2.41 2.70 2.70 0.00 0.00 0.00 0.00 0.00 0.00 2.56 0.00 0.00 0.00 0.00 0.00 0.00 0.00 0.00 0.00 0.00 1.83 0.00 0.00 0.00 3.72 3.07 3.50 3.43 4.09 4.02 3.36 2.92 3.21 4.09 4.60 4.89 5.04 5.11 5.91 7.45 8.32 9.05 9.05 7.59 7.15 7.37 7.08 7.96 6.86 3.87 1.68 1.72 2.12 1.61 0.80 2.71 4.18 3.63
5.33 5.33 4.74 2.92 3.58 4.02 3.80 4.31 4.74 4.23 4.45 5.04 5.40 5.77 5.48 5.26 5.18 5.11 5.11 4.67 4.23 3.21 3.58 3.50 3.87 3.72 3.14 3.65 2.77 0.00 0.00 0.00 0.00 0.00 0.00 0.00 0.00 0.00 0.00 0.00 0.00 0.00 0.00 0.00 0.00 0.00 0.00 0.00 0.00 0.00 0.00 0.00 0.00 0.00 0.00 3.65 2.77 2.92 3.72 4.09 4.45 4.60 3.94 3.07 0.00 4.31 8.40 10.80 10.80 10.59 8.83 7.74 8.18 8.83 8.22 5.33 2.49 2.12 2.48 2.56 1.39 2.92 3.21 3.59
4.82 0.00 5.04 0.00 0.00 0.00 3.58 4.38 4.45 4.16 4.23 5.26 4.38 3.80 4.38 5.11 5.04 5.11 5.11 4.89 4.31 4.09 2.92 3.50 3.43 2.85 3.50 3.43 3.14 2.77 2.85 3.36 2.19 0.00 5.40 5.04 0.00 0.00 0.00 0.00 0.00 0.00 0.00 0.00 0.00 0.00 0.00 0.00 0.00 0.00 0.00 0.00 0.00 0.00 0.00 3.72 3.50 3.80 5.11 5.11 3.58 2.99 2.12 0.73 0.00 0.00 0.00 6.28 6.28 9.20 9.93 11.10 11.83 9.05 12.78 8.14 6.44 4.05 3.72 3.43 2.26 2.48 2.56 3.87
0.00 0.00 0.00 0.00 0.00 3.36 4.02 4.16 3.94 3.80 4.31 4.67 5.04 4.60 4.31 4.53 4.31 4.60 4.60 4.67 3.65 3.43 3.07 3.80 2.92 2.70 3.07 3.43 2.85 2.85 2.63 2.26 1.46 3.14 7.08 6.13 0.00 0.00 0.00 0.00 0.00 0.00 0.00 0.00 0.00 0.00 0.00 0.00 1.61 0.00 0.00 0.00 0.00 2.70 2.99 3.07 3.80 6.13 6.50 6.57 4.89 3.36 2.63 1.24 0.00 0.00 0.00 0.00 0.00 0.00 6.35 10.88 17.30 12.41 19.05 12.69 8.41 6.88 5.82 5.91 4.99 3.21 2.56 3.58
0.00 0.00 5.26 4.82 4.09 3.58 3.87 3.72 0.00 0.00 4.53 4.67 4.60 4.82 4.96 5.33 5.91 5.04 5.04 4.38 3.36 0.00 1.90 2.99 2.70 2.85 2.34 2.12 2.04 2.41 1.90 0.00 0.00 3.50 7.96 6.50 0.00 0.00 0.00 0.00 2.77 2.41 0.00 0.00 0.00 0.00 0.00 0.00 1.17 1.61 0.00 0.00 2.26 1.53 3.43 3.80 2.26 3.87 6.79 7.52 6.57 4.60 4.09 3.80 2.19 2.70 2.12 0.00 0.00 0.00 0.00 7.37 14.82 22.78 22.63 16.06 11.68 10.15 9.05 8.14 6.20 4.74 3.29 3.80
4.09 0.00 5.62 5.84 4.60 0.00 0.00 0.00 0.00 0.00 4.60 0.00 5.55 0.00 6.28 6.79 6.57 5.48 5.48 5.48 0.00 0.00 0.00 3.21 3.29 4.02 3.80 3.07 3.07 3.14 2.48 0.00 0.00 3.50 5.77 5.77 0.00 0.00 1.39 1.10 2.26 2.19 1.97 1.97 0.00 1.24 1.61 0.00 1.46 1.46 2.04 1.53 1.83 2.26 3.36 3.87 3.87 3.21 4.96 6.86 7.37 6.64 6.94 6.13 5.84 5.84 6.94 5.48 5.48 4.89 5.11 5.62 9.71 17.74 21.32 16.43 13.94 13.07 10.51 10.44 8.98 7.23 5.11 4.67
4.67 4.67 5.26 5.18 5.04 4.38 0.00 0.00 4.82 0.00 0.00 0.00 5.18 0.00 6.94 7.23 7.08 6.06 6.06 5.99 5.55 5.48 5.33 5.18 5.04 5.62 4.96 4.67 4.02 2.77 2.12 0.00 0.00 3.07 3.65 3.87 0.00 1.90 1.61 1.46 1.68 1.31 1.46 1.46 1.68 1.39 1.24 2.12 2.19 1.83 1.97 2.48 2.41 2.12 2.99 4.09 4.96 5.69 5.33 6.64 9.34 9.93 11.39 12.05 12.34 12.70 12.12 9.78 9.78 9.93 9.78 9.64 9.86 11.24 19.13 13.94 12.99 12.99 11.97 10.95 9.13 9.27 6.28 4.31
3.58 4.38 4.96 5.04 5.18 5.26 0.00 4.60 5.48 4.96 4.60 4.31 4.89 4.82 7.30 6.50 7.01 6.20 6.20 6.20 6.50 5.55 6.13 6.20 6.20 6.79 6.35 5.69 4.31 0.00 3.14 0.00 4.82 3.65 2.41 2.77 0.00 0.00 0.00 2.92 2.99 2.04 2.34 2.34 1.75 1.75 1.83 2.04 2.41 2.19 2.12 1.90 1.53 3.21 7.30 8.76 7.74 7.15 7.37 7.59 9.98 13.41 14.52 15.91 16.64 16.43 16.13 15.70 15.70 17.59 15.62 13.94 12.05 10.59 11.24 11.75 11.39 12.05 12.56 10.73 9.13 9.71 7.88 5.62
3.43 4.31 4.67 4.16 4.16 3.87 4.53 5.04 5.11 4.82 4.31 4.23 5.18 5.69 5.84 4.96 5.26 5.40 5.40 5.69 6.28 6.86 7.01 5.69 4.96 4.96 5.69 5.40 6.20 5.77 0.00 5.18 0.00 0.00 4.60 0.00 0.00 0.00 4.82 5.99 6.28 4.96 3.65 3.65 2.85 3.21 3.14 2.92 1.90 2.63 2.77 2.48 3.58 4.82 8.47 17.16 21.53 21.17 21.61 19.71 15.84 14.60 14.15 13.21 14.16 13.72 12.41 10.44 10.44 13.36 19.71 22.27 19.49 15.55 14.75 14.24 13.72 14.24 14.02 13.36 12.99 12.85 11.39 8.32
3.36 3.72 4.53 3.94 4.09 0.00 4.60 5.33 5.04 4.67 0.00 4.31 4.60 5.48 4.31 4.53 3.72 4.82 4.82 5.99 5.99 5.91 5.26 4.38 3.87 4.23 5.40 4.82 5.40 5.48 4.23 0.00 4.82 4.89 5.26 0.00 4.96 5.11 5.33 7.08 7.23 6.57 5.77 5.77 6.35 5.69 3.58 3.21 2.77 2.34 2.48 3.58 4.31 5.26 8.61 13.94 20.44 23.87 26.72 24.53 20.15 17.23 14.82 12.78 12.38 13.07 13.07 9.78 9.78 10.44 13.94 20.73 21.75 20.22 17.96 16.79 15.99 16.13 16.43 15.62 14.89 15.04 12.99 10.29
3.50 3.72 3.80 0.00 0.00 0.00 5.33 4.82 0.00 0.00 0.00 4.74 4.74 5.26 5.33 4.74 4.31 4.31 4.31 4.23 4.45 4.74 3.58 3.72 3.43 4.38 4.67 4.16 4.53 4.09 3.87 0.00 4.09 4.60 4.96 4.16 4.16 3.80 3.80 4.45 6.20 5.99 6.57 6.57 7.74 9.13 7.01 5.55 5.84 4.96 3.94 4.09 6.28 8.54 11.10 12.41 15.04 17.81 22.34 22.70 19.42 16.06 14.53 14.38 13.13 16.38 19.13 17.81 17.81 13.51 12.78 16.06 18.98 21.17 18.76 18.10 18.32 19.56 18.69 17.96 16.28 15.18 12.48 10.51
3.29 2.48 2.26 0.00 0.00 0.00 0.00 3.36 0.00 0.00 0.00 4.16 4.09 4.74 4.67 4.45 4.16 3.50 3.50 3.72 4.74 3.94 2.77 3.07 3.58 3.94 3.87 4.38 4.02 3.29 3.72 3.50 4.09 4.45 3.94 3.87 2.70 3.07 4.23 4.74 5.18 5.04 5.69 5.69 7.52 10.95 11.61 11.24 10.80 8.83 8.03 7.74 10.59 12.26 13.07 14.09 13.14 13.07 14.60 16.81 15.26 13.14 15.49 18.18 20.68 19.04 21.82 22.12 22.12 17.89 14.89 14.89 16.94 18.18 19.05 19.64 18.32 20.22 19.20 18.42 17.63 13.02 11.01 9.61
2.12 1.97 2.48 2.34 0.00 0.00 0.00 0.00 2.41 0.00 0.00 0.00 0.00 0.00 0.00 4.53 3.94 2.48 2.48 3.29 3.36 3.50 3.07 3.29 3.29 2.77 3.07 3.43 2.92 2.56 3.43 3.50 3.94 3.58 3.87 3.43 0.00 2.99 3.14 0.00 0.00 4.02 4.23 4.23 5.55 9.20 12.12 14.38 14.24 13.36 13.51 13.87 16.57 19.05 18.18 17.74 14.82 10.66 9.86 10.29 10.46 10.00 11.50 16.28 23.36 25.11 22.34 19.84 19.21 18.49 15.40 14.67 13.87 13.87 14.67 18.54 15.33 15.70 17.50 17.20 12.66 12.45 12.04 9.15
2.12 2.77 2.41 2.77 0.00 0.00 1.97 2.19 1.61 1.39 1.46 0.00 0.00 0.00 0.00 0.00 3.14 2.48 2.48 0.00 2.92 3.07 2.56 2.99 0.00 2.41 0.00 3.07 0.00 0.00 2.12 2.41 2.34 0.00 0.00 0.00 0.00 0.00 0.00 0.00 0.00 0.00 0.00 0.00 4.82 6.72 10.00 13.29 14.89 15.18 15.77 19.20 22.70 24.89 23.07 21.90 19.86 16.43 11.28 9.44 9.56 8.61 9.61 12.47 17.95 24.81 22.34 18.61 18.71 16.91 13.28 13.21 12.56 11.68 10.93 13.65 12.19 12.19 15.19 17.43 15.68 14.24 13.14 11.29
2.26 1.83 1.68 2.48 0.00 0.00 2.04 2.41 1.68 1.02 0.00 0.00 0.00 0.00 0.00 0.00 0.00 0.00 0.00 0.00 3.07 0.00 0.00 0.00 0.00 0.00 0.00 0.00 0.00 0.00 0.00 0.00 0.00 0.00 0.00 0.00 0.00 0.00 0.00 0.00 0.00 0.00 0.00 0.00 5.69 6.20 8.91 12.78 16.28 18.03 16.79 18.76 23.58 25.33 26.50 26.28 26.21 25.40 19.71 13.78 10.77 10.40 9.35 10.54 16.21 19.52 18.94 18.32 18.32 15.67 14.68 15.44 15.26 13.41 11.81 10.77 12.48 10.75 13.09 14.38 15.86 15.05 13.66 12.78
2.48 1.53 2.12 2.34 1.61 2.19 1.90 0.00 0.00 0.00 1.61 1.17 0.00 0.00 0.00 0.00 0.00 2.19 2.19 0.00 2.48 3.36 3.14 0.00 0.00 0.00 0.00 0.00 0.00 0.00 0.00 0.00 0.00 0.00 3.94 3.43 0.00 0.00 0.00 0.00 0.00 0.00 0.00 0.00 5.40 6.94 10.66 12.26 16.13 20.66 19.35 18.54 20.73 22.19 22.70 25.55 28.08 28.54 29.35 24.24 17.45 13.33 12.53 9.91 15.09 18.12 16.36 13.80 13.80 12.98 13.55 15.13 17.12 16.51 15.93 12.55 9.56 12.23 12.79 11.44 14.22 17.80 18.99 15.08
2.04 1.68 1.83 2.26 1.53 1.83 2.85 0.00 0.00 0.00 1.75 0.00 0.00 0.00 0.00 2.34 2.34 1.83 1.83 2.19 2.41 3.58 3.50 0.00 0.00 0.00 0.00 0.00 0.00 0.00 0.00 0.00 0.00 3.21 5.69 4.31 4.09 0.00 0.00 0.00 0.00 0.00 0.00 0.00 4.74 7.30 12.05 13.80 16.06 21.61 21.90 20.37 20.11 20.09 21.40 22.60 25.06 29.13 31.32 32.63 29.27 17.68 15.45 11.78 12.09 18.39 20.24 13.14 13.21 12.35 12.74 10.87 15.57 17.14 18.85 15.70 11.77 15.81 12.88 10.55 12.53 16.41 16.57 13.16
2.26 2.56 2.85 3.29 2.70 2.34 2.85 0.00 0.00 0.00 1.39 0.00 0.00 0.00 0.00 1.31 1.97 2.92 2.92 0.00 0.00 2.99 2.63 0.00 0.00 0.00 2.56 2.41 0.00 0.00 0.00 0.00 0.00 3.43 5.26 3.80 2.77 0.00 0.00 0.00 0.00 0.00 4.45 4.45 5.99 7.45 11.97 15.55 18.54 23.51 23.58 22.85 21.32 19.95 19.28 20.92 24.28 28.07 27.64 30.67 31.18 25.46 20.76 14.76 13.65 16.84 19.54 14.97 14.97 11.72 11.35 8.76 9.79 15.66 16.87 19.22 13.86 17.87 13.93 11.74 12.75 16.87 18.48 14.84
2.34 2.41 2.19 4.02 5.18 2.92 2.92 3.29 0.00 1.90 1.97 0.00 0.00 0.00 0.00 1.10 0.00 2.12 2.12 0.00 0.00 0.00 0.00 0.00 0.00 0.00 2.92 2.85 1.90 0.29 0.00 0.00 0.00 0.00 0.00 0.00 0.00 0.00 0.00 0.00 0.00 6.72 10.80 10.80 10.95 9.78 13.43 15.91 20.81 25.33 25.99 23.87 22.63 21.94 19.07 20.93 20.89 20.94 23.99 27.76 30.30 28.97 23.71 19.31 14.44 16.17 20.07 16.45 16.21 11.04 10.34 10.18 13.42 16.13 19.35 21.28 15.64 18.01 16.26 12.96 12.19 16.48 19.00 14.79
2.70 0.00 0.00 5.33 6.06 4.16 3.65 3.94 3.21 3.58 2.77 0.22 0.00 0.00 1.02 0.00 0.00 0.00 0.00 0.00 0.00 0.00 0.00 0.00 0.00 0.00 0.00 2.77 1.90 0.73 1.02 1.10 0.00 1.97 2.56 2.04 0.00 0.00 0.00 0.00 8.76 13.72 17.30 17.30 18.10 16.57 16.06 17.67 20.81 25.38 26.19 24.31 23.39 24.87 22.01 19.74 21.17 18.91 17.86 19.87 20.62 24.74 26.91 21.97 16.68 13.25 15.56 16.63 16.21 10.88 9.56 12.14 12.51 21.04 23.62 22.92 20.64 17.83 16.76 14.53 13.99 16.09 16.27 11.86
4.96 2.12 0.00 5.18 6.13 5.48 4.89 4.96 4.96 5.04 3.29 2.41 2.19 1.53 1.39 0.95 1.46 1.75 1.75 0.00 2.12 2.99 0.00 0.00 2.48 2.56 2.48 2.77 2.92 3.43 2.48 2.41 2.19 2.99 2.56 2.85 1.68 0.00 8.03 9.13 10.37 12.26 14.89 14.89 17.08 18.18 15.91 16.79 18.61 19.20 19.19 19.38 18.64 16.12 13.62 13.20 15.36 17.34 19.64 20.40 20.84 18.16 17.82 19.94 18.69 15.11 10.60 8.76 8.63 9.13 9.05 12.33 15.02 16.43 21.71 23.94 21.11 16.83 14.27 10.00 9.46 14.60 13.93 13.76
8.76 6.35 6.35 7.23 8.32 7.01 6.35 5.48 4.23 3.80 0.00 1.83 1.97 1.39 1.68 1.24 1.24 1.75 1.75 1.53 1.83 2.92 2.56 1.31 2.41 2.48 1.83 2.77 2.70 3.72 3.36 2.99 2.41 4.09 4.23 3.36 4.74 7.59 8.10 7.30 6.13 5.26 8.03 8.03 9.64 12.99 12.78 14.82 16.26 16.35 15.35 14.29 13.90 12.92 12.73 10.27 10.53 11.13 14.44 19.84 23.52 23.83 18.88 15.43 13.51 13.94 14.31 11.51 11.33 6.86 7.01 9.17 11.61 14.78 17.16 20.81 19.39 9.58 9.81 7.85 8.72 11.14 12.37 13.54
7.37 7.30 8.10 10.15 8.76 9.20 9.13 7.01 4.09 3.43 2.34 0.00 1.46 0.88 2.41 1.90 1.02 2.19 2.19 1.97 2.34 2.77 2.12 1.46 2.70 2.34 1.61 2.48 2.19 3.50 3.58 2.26 1.68 4.16 5.18 4.96 5.84 7.01 4.67 2.70 2.56 2.04 3.43 3.43 4.53 7.74 9.13 12.17 14.84 14.52 14.26 14.23 13.43 14.20 13.59 9.70 7.85 8.89 10.28 12.20 18.13 25.40 23.58 18.76 11.97 9.98 12.89 11.08 12.32 7.70 4.99 7.12 8.37 10.68 13.85 16.30 15.33 10.00 7.15 5.61 6.59 8.06 9.73 13.48
6.50 7.15 7.88 6.06 5.11 7.74 8.69 6.75 3.29 2.12 1.53 0.00 1.10 1.17 1.90 2.19 1.68 2.19 2.19 1.53 2.41 1.97 2.04 2.19 1.97 1.97 0.44 1.24 2.04 2.85 3.07 2.34 0.80 2.12 3.36 3.65 4.60 4.60 1.68 0.00 0.44 0.44 0.95 0.95 2.26 4.60 6.64 9.54 12.41 14.04 13.63 14.42 14.90 15.87 13.81 12.41 6.80 6.68 7.05 9.60 16.40 22.83 26.34 25.40 19.56 11.12 11.07 13.11 12.63 8.13 3.85 5.52 5.15 7.61 12.23 13.40 12.23 8.94 5.25 5.51 7.01 7.18 10.57 12.28
0.00 3.14 4.09 0.00 0.00 6.13 7.74 6.79 4.45 2.85 1.68 1.83 1.17 0.00 0.00 1.75 1.53 2.12 2.12 1.83 1.83 2.19 1.83 1.31 1.17 1.39 0.37 0.37 1.02 1.83 2.04 1.24 0.15 1.24 1.24 1.46 1.61 2.04 0.73 0.00 0.00 0.00 0.66 0.66 1.46 3.50 5.77 8.91 11.83 12.92 13.04 13.38 12.10 12.54 12.34 11.51 7.14 5.40 9.28 9.58 10.82 15.68 23.14 27.40 24.50 18.51 11.65 13.12 13.19 12.12 6.29 3.15 3.56 5.03 7.26 6.95 7.37 6.02 4.57 5.78 6.81 9.39 11.36 11.76
0.00 0.00 0.00 0.00 0.00 3.94 6.64 6.06 4.67 2.85 2.56 2.85 0.88 0.00 0.00 1.02 1.39 1.61 1.61 0.95 0.66 2.12 1.24 0.15 0.07 0.37 0.00 0.22 0.51 0.58 0.44 0.00 0.00 0.00 0.37 0.73 0.80 0.29 0.00 0.00 0.00 0.00 0.00 0.00 1.61 2.70 3.74 7.37 8.67 11.59 13.97 12.68 14.60 13.34 8.63 7.52 8.88 7.86 7.98 9.04 12.55 15.70 17.42 19.94 22.31 24.62 16.20 11.30 13.22 13.33 9.22 4.12 2.79 2.73 2.87 4.09 4.54 3.36 5.28 3.99 4.87 8.38 10.79 10.17
0.00 0.00 0.00 0.00 0.00 0.00 6.28 6.79 5.84 4.23 3.58 3.65 3.21 2.19 1.61 1.68 1.68 1.39 1.39 0.00 1.39 0.51 0.73 0.00 0.00 0.00 0.66 0.00 0.29 0.00 0.00 0.00 0.00 0.00 0.00 0.00 0.00 0.00 0.00 0.00 0.00 0.00 0.00 0.00 0.66 1.53 1.76 3.73 5.45 9.03 9.17 10.26 8.84 9.28 10.02 7.68 7.44 5.45 6.24 10.41 13.90 12.33 13.59 18.93 20.78 21.57 24.82 15.42 17.26 14.13 12.94 8.95 4.22 2.65 2.34 2.99 3.48 1.97 4.21 2.39 3.73 7.72 11.99 10.33
0.00 0.00 0.00 0.00 0.00 0.00 2.77 4.16 5.99 5.55 3.94 3.80 4.16 3.14 3.29 3.04 3.10 1.97 1.97 0.00 0.00 0.00 0.00 0.00 0.00 0.37 0.07 0.22 0.00 0.00 0.00 0.00 0.00 0.00 0.22 0.00 0.66 0.00 0.00 0.00 0.00 0.00 0.00 0.00 0.00 0.51 0.44 1.05 3.59 7.87 9.15 9.62 9.03 9.31 8.29 0.00 2.81 4.28 0.00 6.20 10.82 15.91 11.54 13.91 20.67 20.53 27.45 18.65 19.05 13.49 12.78 11.54 7.74 4.05 2.83 3.60 4.63 3.23 2.98 1.51 2.62 5.43 7.39 10.11
0.00 0.00 0.00 0.00 0.00 0.00 0.00 0.00 4.60 4.67 4.38 5.62 6.06 5.84 6.64 5.80 5.18 3.79 3.54 2.85 1.24 1.17 0.88 0.37 0.58 0.15 0.44 0.58 0.00 0.00 0.00 0.00 0.00 0.15 0.00 0.00 0.00 0.00 0.00 0.00 0.66 0.44 0.00 0.00 0.00 0.00 0.00 1.08 4.10 9.51 11.00 11.38 10.60 8.38 0.00 0.00 0.00 0.00 0.00 0.00 7.30 11.47 11.77 9.04 17.33 23.13 19.78 22.10 27.01 18.76 11.66 8.71 9.01 6.01 3.89 6.52 5.74 6.18 2.37 1.28 1.34 4.09 5.62 0.00
0.00 0.00 0.00 0.00 0.00 0.00 0.00 0.00 0.00 0.00 0.00 0.00 0.00 0.00 2.85 3.43 2.77 4.51 4.58 5.62 5.99 5.11 4.09 4.67 2.63 2.92 3.07 3.80 2.04 0.00 0.00 2.12 2.56 0.00 1.39 4.31 6.13 4.53 5.26 4.40 5.34 5.16 3.21 3.21 1.02 0.51 0.00 2.35 4.53 6.39 6.56 0.00 0.00 0.00 0.00 0.00 0.00 0.00 0.00 0.00 0.00 0.00 8.47 8.24 12.94 13.51 10.52 10.71 11.98 13.63 11.04 7.44 7.17 5.54 2.70 3.45 4.49 4.38 4.87 0.00 0.00 0.00 0.00 0.00
0.00 0.00 0.00 0.00 0.00 0.00 0.00 0.00 0.00 0.00 0.00 0.00 0.00 0.00 0.00 0.00 0.00 2.41 2.41 4.09 4.84 4.92 8.25 6.50 6.86 6.29 5.09 5.18 5.69 4.89 4.60 5.77 3.87 1.97 2.34 5.04 7.37 6.79 6.42 5.84 4.87 6.23 5.04 5.63 3.07 2.04 1.68 4.12 7.41 5.32 0.00 0.00 0.00 0.00 0.00 0.00 0.00 0.00 0.00 0.00 0.00 0.00 0.00 0.00 10.95 9.83 6.05 7.30 7.30 7.65 7.30 7.35 4.46 4.98 2.86 1.94 2.10 1.84 2.02 2.01 0.00 0.00 0.00 0.00
0.00 0.00 0.00 0.00 0.00 0.00 0.00 0.00 0.00 0.00 0.00 0.00 0.00 0.00 0.00 0.00 0.00 0.00 0.00 0.00 0.00 2.99 5.04 5.33 7.01 6.46 5.07 6.42 6.94 6.79 7.81 7.45 6.15 4.38 4.31 4.84 5.77 7.45 6.72 4.31 3.24 4.31 5.30 6.72 4.06 2.61 3.43 5.03 5.44 0.00 0.00 0.00 0.00 0.00 0.00 0.00 0.00 0.00 0.00 0.00 0.00 0.00 0.00 0.00 0.00 0.00 0.00 0.00 0.00 3.85 6.55 4.60 3.58 1.66 1.34 2.10 1.07 0.00 0.00 0.00 0.00 0.00 0.00 0.00
0.00 0.00 0.00 0.00 0.00 0.00 0.00 0.00 0.00 0.00 0.00 0.00 0.00 0.00 0.00 0.00 0.00 0.00 0.00 0.00 0.00 0.00 0.00 3.94 4.02 2.56 3.50 5.48 6.86 7.15 5.18 5.12 4.34 2.12 2.26 0.00 5.26 4.96 3.50 0.00 0.00 0.00 0.00 0.00 3.23 3.68 5.08 4.67 0.00 0.00 0.00 0.00 0.00 0.00 0.00 0.00 0.00 0.00 0.00 0.00 0.00 0.00 0.00 0.00 0.00 0.00 0.00 0.00 0.00 0.00 0.00 0.00 0.00 0.00 0.00 0.00 1.95 0.00 0.00 0.00 0.00 0.00 0.00 0.00
