Wansh/Snow_depth/snowdepth-1989/winter/1989339.txt
ncols 321
nrows 161
xllcenter 60
yllcenter 15 
cellsize  0.25 
NODATA_value -1
[rows 0 to 36 of 161, columns 84 to 167 of 321]
2.70 0.00 0.00 2.99 0.00 0.00 4.60 0.00 0.00 1.10 1.10 2.99 3.65 3.36 3.80 5.18 5.69 5.84 5.84 4.09 2.63 2.63 3.36 2.70 2.85 0.00 0.00 0.15 1.10 0.51 0.58 1.17 1.97 2.41 2.19 2.19 0.00 0.00 0.00 0.00 0.00 0.00 0.58 0.58 0.00 0.00 0.00 0.00 0.00 0.66 1.17 1.90 0.00 0.00 0.00 0.00 0.00 0.00 0.00 0.95 0.66 0.29 0.00 0.37 0.58 0.00 0.15 0.80 0.80 1.02 1.24 1.68 1.75 2.41 2.34 1.68 1.61 2.04 2.48 2.19 1.97 2.04 1.53 1.31
0.00 1.53 0.51 0.00 0.00 0.00 0.00 0.00 0.00 1.10 2.26 3.36 3.36 3.14 2.85 3.07 3.07 3.65 3.65 4.89 4.45 5.48 6.86 7.15 6.06 4.02 3.07 1.90 2.34 1.53 1.17 1.31 2.12 3.07 4.02 4.96 4.23 3.87 3.58 0.00 0.00 0.00 0.00 0.00 0.00 0.00 0.22 0.00 0.00 0.22 0.95 0.73 1.31 1.31 1.02 1.68 1.90 2.04 1.75 1.46 0.95 0.95 1.10 1.53 1.02 0.88 1.31 1.39 1.39 1.83 2.12 1.97 1.90 2.48 2.70 3.07 3.14 2.92 2.92 3.07 3.36 3.29 2.77 1.61
2.48 1.02 0.00 0.00 0.00 0.00 4.38 7.08 7.81 7.74 8.18 7.15 6.57 5.55 4.60 4.02 3.14 4.23 4.23 5.55 6.86 8.32 10.29 10.88 10.15 6.94 4.16 3.58 2.92 2.77 1.75 2.48 2.19 3.72 4.67 7.15 7.59 8.47 8.47 5.91 0.00 0.00 0.00 0.00 0.00 0.00 1.31 0.88 0.51 0.95 0.66 0.44 1.02 1.17 1.61 2.56 2.56 2.99 3.87 4.23 3.80 3.80 3.72 3.80 3.43 3.72 3.87 3.72 3.72 3.72 3.72 3.43 3.14 3.72 3.87 4.02 3.94 4.02 4.02 2.99 2.77 2.70 2.48 2.41
2.48 1.02 0.00 0.00 0.00 0.00 4.38 7.08 7.81 7.74 8.18 7.15 6.57 5.55 4.60 4.02 3.14 4.23 4.23 5.55 6.86 8.32 10.29 10.88 10.15 6.94 4.16 3.58 2.92 2.77 1.75 2.48 2.19 3.72 4.67 7.15 7.59 8.47 8.47 5.91 0.00 0.00 0.00 0.00 0.00 0.00 1.31 0.88 0.51 0.95 0.66 0.44 1.02 1.17 1.61 2.56 2.56 2.99 3.87 4.23 3.80 3.80 3.72 3.80 3.43 3.72 3.87 3.72 3.72 3.72 3.72 3.43 3.14 3.72 3.87 4.02 3.94 4.02 4.02 2.99 2.77 2.70 2.48 2.41
4.60 3.14 3.21 3.87 1.53 1.39 9.05 9.34 8.98 9.49 10.00 9.93 9.27 8.40 8.18 7.81 7.96 6.50 6.50 4.67 4.60 5.55 9.05 12.12 13.07 10.07 7.37 3.94 2.48 2.26 2.70 2.56 2.56 3.87 5.55 6.72 8.47 10.22 10.51 8.91 7.37 4.89 4.38 4.38 5.11 4.53 4.89 4.67 2.77 2.26 1.46 1.10 1.02 1.10 1.61 1.97 2.19 3.58 4.31 4.67 5.33 5.77 6.50 7.15 5.84 5.26 5.84 5.77 5.77 5.62 4.96 4.23 4.60 4.53 4.45 4.67 4.96 4.96 4.45 4.02 3.50 2.85 2.26 2.19
7.45 6.06 6.20 4.82 4.60 5.33 0.00 0.00 0.00 0.00 0.00 9.42 10.95 11.02 10.66 12.56 13.07 11.68 11.68 9.78 7.23 6.28 6.57 8.83 10.22 10.22 6.79 4.96 3.87 3.65 3.29 3.50 3.14 4.09 5.26 6.42 8.69 10.80 11.83 11.32 10.29 9.34 8.32 8.32 6.72 5.77 6.50 6.86 6.35 5.48 3.07 1.39 1.68 2.26 2.04 2.04 2.34 2.41 3.36 4.67 5.55 6.86 8.18 8.83 9.20 8.47 7.37 6.20 6.20 5.84 5.77 5.77 6.06 5.55 5.26 4.31 4.16 4.53 4.23 3.94 4.38 4.53 4.53 4.45
8.32 7.59 6.79 5.77 5.48 2.85 8.40 9.71 11.24 9.78 8.76 0.00 0.00 0.00 0.00 0.00 0.00 0.00 0.00 14.82 13.65 11.24 7.74 5.69 6.28 6.50 5.33 4.96 4.02 3.72 3.50 3.58 3.80 4.23 5.48 5.55 6.57 7.88 8.03 8.83 9.93 9.27 9.56 9.56 7.96 6.42 6.42 7.08 6.79 5.84 3.43 2.41 2.56 2.04 2.26 2.70 2.85 3.07 3.80 4.53 4.82 5.84 7.59 8.83 9.34 9.34 9.20 9.20 9.20 8.32 7.52 8.69 9.93 9.27 8.76 7.59 7.15 5.99 4.74 4.16 3.87 3.80 4.89 4.60
8.32 7.59 6.79 5.77 5.48 2.85 8.40 9.71 11.24 9.78 8.76 0.00 0.00 0.00 0.00 0.00 0.00 0.00 0.00 14.82 13.65 11.24 7.74 5.69 6.28 6.50 5.33 4.96 4.02 3.72 3.50 3.58 3.80 4.23 5.48 5.55 6.57 7.88 8.03 8.83 9.93 9.27 9.56 9.56 7.96 6.42 6.42 7.08 6.79 5.84 3.43 2.41 2.56 2.04 2.26 2.70 2.85 3.07 3.80 4.53 4.82 5.84 7.59 8.83 9.34 9.34 9.20 9.20 9.20 8.32 7.52 8.69 9.93 9.27 8.76 7.59 7.15 5.99 4.74 4.16 3.87 3.80 4.89 4.60
6.42 5.99 6.42 7.30 7.15 6.13 0.00 0.00 10.07 10.07 8.03 5.48 4.82 8.40 8.61 9.71 10.44 0.00 0.00 0.00 0.00 0.00 0.00 0.00 0.00 0.00 0.00 0.00 0.00 0.00 0.00 0.00 0.00 0.00 0.00 0.00 0.00 8.03 7.59 7.74 7.59 6.72 6.28 6.28 5.99 4.23 4.23 4.31 3.50 3.72 3.50 3.43 3.80 3.87 3.80 3.43 4.09 3.58 2.92 3.43 3.58 3.94 5.04 6.42 5.99 7.23 8.32 8.18 8.18 8.40 9.05 10.44 11.39 11.02 9.56 8.98 9.05 8.83 8.03 7.15 4.82 4.09 4.16 4.16
5.33 5.77 7.23 7.45 7.59 8.25 8.10 0.00 0.00 10.66 4.82 4.09 3.94 5.11 7.23 8.40 9.49 9.64 9.64 10.29 9.56 8.10 6.13 3.14 2.34 0.00 0.00 0.00 0.00 0.00 0.00 0.00 0.00 0.00 0.00 4.09 4.09 0.00 0.00 0.00 0.00 0.00 0.00 0.00 0.00 1.39 2.19 2.41 2.56 3.07 3.36 4.45 5.11 5.26 4.74 4.53 4.45 4.38 3.94 3.94 4.16 3.65 3.21 3.14 4.09 5.91 6.64 7.66 7.66 8.32 9.34 10.73 11.68 10.80 8.10 7.88 10.29 11.90 11.61 9.71 8.10 4.45 3.50 2.56
6.28 5.91 6.20 5.91 6.35 5.48 6.06 0.00 0.00 0.00 3.65 1.83 2.12 3.07 4.31 5.69 5.77 7.52 7.52 8.91 9.71 11.32 7.96 4.74 3.21 3.21 3.14 3.07 3.29 2.12 1.83 2.41 2.12 3.21 2.92 2.77 4.31 3.87 4.89 5.26 5.48 6.13 3.14 3.14 2.85 2.26 1.53 2.04 2.63 2.41 2.63 3.07 3.43 4.89 3.65 4.67 5.48 6.06 6.28 5.18 4.96 5.33 4.67 3.58 4.67 6.06 7.23 9.34 9.34 11.75 12.63 11.02 9.34 8.32 7.01 7.15 9.20 11.90 12.12 10.22 7.81 6.13 4.74 3.43
6.28 5.91 6.20 5.91 6.35 5.48 6.06 0.00 0.00 0.00 3.65 1.83 2.12 3.07 4.31 5.69 5.77 7.52 7.52 8.91 9.71 11.32 7.96 4.74 3.21 3.21 3.14 3.07 3.29 2.12 1.83 2.41 2.12 3.21 2.92 2.77 4.31 3.87 4.89 5.26 5.48 6.13 3.14 3.14 2.85 2.26 1.53 2.04 2.63 2.41 2.63 3.07 3.43 4.89 3.65 4.67 5.48 6.06 6.28 5.18 4.96 5.33 4.67 3.58 4.67 6.06 7.23 9.34 9.34 11.75 12.63 11.02 9.34 8.32 7.01 7.15 9.20 11.90 12.12 10.22 7.81 6.13 4.74 3.43
5.84 5.26 4.60 4.09 2.99 2.19 2.04 0.00 0.00 0.00 0.00 0.00 2.41 2.70 3.14 3.58 3.50 4.45 4.45 6.35 8.25 8.18 5.99 3.58 2.85 3.43 2.63 2.34 2.41 2.04 2.85 3.21 3.50 4.82 4.82 5.62 6.13 5.69 6.50 6.13 5.99 6.20 5.11 5.11 3.36 2.26 2.34 4.02 2.26 2.19 2.34 2.56 1.97 1.46 1.90 2.85 3.72 5.04 6.28 6.28 5.33 4.45 4.82 5.26 5.11 5.69 6.94 8.32 8.32 10.07 11.17 10.88 9.93 8.54 7.81 8.25 8.47 10.88 11.46 11.39 9.49 8.76 8.25 8.47
3.36 2.77 2.41 2.12 0.00 2.26 0.00 1.46 0.00 0.00 0.00 0.00 2.77 4.45 4.82 4.60 5.33 5.69 5.69 5.40 5.33 4.82 3.94 3.14 3.50 2.56 2.12 2.19 2.04 3.87 5.26 5.69 5.77 6.35 6.28 6.72 7.52 7.15 8.47 5.99 5.40 4.60 3.80 3.80 3.21 2.85 2.41 3.43 3.58 3.21 2.92 2.48 1.61 0.95 1.24 1.90 3.43 5.33 5.04 3.36 3.07 4.96 5.33 6.35 8.40 8.25 8.10 8.32 8.32 8.83 10.15 10.15 7.66 5.11 4.45 6.06 6.64 7.08 5.77 5.99 7.30 7.96 7.37 6.13
0.00 0.00 0.00 0.00 4.82 4.89 5.18 4.02 0.00 0.00 0.00 0.00 4.60 3.72 4.89 5.48 6.20 6.57 6.57 5.62 4.67 4.02 4.09 4.09 3.80 2.85 2.99 3.58 3.94 4.74 6.42 8.10 8.83 8.18 6.13 5.40 4.96 4.02 2.56 5.69 2.63 2.56 2.85 2.85 3.72 3.65 2.19 2.70 2.04 2.63 3.58 3.72 2.41 1.90 2.85 3.07 4.96 6.13 5.18 3.14 2.41 3.87 5.04 5.11 6.79 7.66 7.74 8.47 8.47 8.69 9.56 9.71 7.59 4.53 3.43 4.67 4.02 0.00 0.00 0.00 5.04 6.50 6.28 5.04
0.00 0.00 6.42 7.88 7.96 7.59 7.45 5.77 0.00 0.00 0.00 0.00 0.00 2.56 4.02 3.94 4.31 5.55 5.55 4.96 3.94 3.94 4.45 4.60 4.74 5.04 4.67 3.94 4.31 5.69 6.86 8.18 8.76 7.59 5.77 3.87 1.68 0.07 0.80 2.04 2.34 3.87 4.31 4.31 4.45 3.72 4.16 3.29 2.77 3.50 4.38 4.31 3.21 3.65 4.02 4.96 6.13 6.72 5.48 3.50 3.87 4.60 4.60 4.53 4.82 5.62 7.15 8.25 8.25 8.76 9.86 8.76 6.50 5.26 4.38 3.58 3.43 0.00 0.00 0.00 0.00 7.15 4.96 5.40
0.00 0.00 6.42 7.88 7.96 7.59 7.45 5.77 0.00 0.00 0.00 0.00 0.00 2.56 4.02 3.94 4.31 5.55 5.55 4.96 3.94 3.94 4.45 4.60 4.74 5.04 4.67 3.94 4.31 5.69 6.86 8.18 8.76 7.59 5.77 3.87 1.68 0.07 0.80 2.04 2.34 3.87 4.31 4.31 4.45 3.72 4.16 3.29 2.77 3.50 4.38 4.31 3.21 3.65 4.02 4.96 6.13 6.72 5.48 3.50 3.87 4.60 4.60 4.53 4.82 5.62 7.15 8.25 8.25 8.76 9.86 8.76 6.50 5.26 4.38 3.58 3.43 0.00 0.00 0.00 0.00 7.15 4.96 5.40
5.04 6.64 8.54 10.15 9.64 8.61 7.01 4.89 3.58 0.00 0.00 0.00 0.00 0.00 3.43 4.09 4.45 5.69 5.69 5.26 4.23 3.72 3.65 3.80 3.65 4.96 4.60 4.31 4.67 5.33 6.06 8.03 8.61 8.25 6.42 4.38 1.53 0.37 0.51 2.04 3.07 2.99 3.87 3.87 4.23 4.02 3.94 2.92 1.10 1.53 2.85 3.50 3.80 4.02 4.23 5.18 5.55 5.33 4.60 4.53 5.77 6.94 7.01 6.13 5.26 6.28 7.15 8.98 8.98 10.07 10.00 8.32 7.15 6.57 6.94 8.47 5.18 0.00 0.00 0.00 4.16 4.82 4.96 4.23
8.69 10.07 12.12 13.87 13.65 12.48 8.83 5.99 2.92 0.00 0.00 0.00 0.00 0.00 0.00 4.74 5.69 6.06 6.06 4.96 4.60 4.23 3.07 2.19 2.85 4.53 5.99 5.84 5.04 5.11 5.04 6.57 7.96 8.83 6.64 5.33 3.07 2.63 1.90 0.66 0.00 2.63 2.48 2.48 3.29 3.07 0.00 0.00 0.00 0.00 0.00 2.04 2.12 2.34 3.21 4.02 3.72 4.09 4.53 5.62 8.61 10.37 10.73 9.42 7.74 8.10 8.76 9.20 9.20 9.05 9.20 8.76 7.59 6.50 7.15 6.42 5.26 2.92 2.48 2.99 4.16 5.48 4.60 4.67
7.88 8.25 8.98 11.17 12.05 13.58 11.39 7.81 4.38 0.00 0.00 0.00 0.00 0.00 0.00 0.00 5.33 5.33 5.33 4.89 5.55 4.89 3.72 3.65 4.53 5.77 7.08 7.37 6.79 4.53 4.31 5.18 5.99 7.08 5.77 4.96 3.87 2.41 1.17 0.73 0.00 0.73 0.44 0.44 2.77 1.75 0.00 0.00 0.00 0.00 0.00 4.09 3.87 3.36 2.99 2.56 2.99 3.65 4.74 6.20 8.10 9.93 11.97 10.80 10.07 9.71 10.22 10.59 10.59 9.42 7.23 4.67 2.99 3.14 3.65 4.53 3.72 3.50 2.63 2.99 3.50 3.94 4.67 4.82
8.40 8.69 7.96 7.74 8.25 7.74 8.61 8.69 5.69 0.00 2.12 2.56 2.41 0.00 0.00 0.00 0.00 3.29 3.29 5.69 5.99 6.28 5.40 5.55 6.13 7.01 7.81 8.10 7.23 4.23 3.72 3.14 3.72 4.96 4.53 4.09 2.04 0.73 0.00 0.00 0.00 1.24 1.17 1.17 1.46 1.53 0.00 0.00 0.00 0.00 5.26 5.11 5.33 5.04 4.23 3.80 4.02 4.02 4.38 5.69 5.99 7.88 8.61 8.69 9.20 11.02 11.68 10.51 10.51 8.40 5.69 3.65 2.63 2.85 2.41 2.26 3.36 3.87 3.43 2.70 2.04 2.19 2.63 3.21
8.47 8.76 8.10 7.30 6.86 5.62 7.01 7.45 8.76 9.13 2.70 0.00 0.00 3.58 0.00 0.00 0.00 3.36 3.36 4.09 4.67 5.99 6.06 7.01 7.81 10.44 11.75 12.12 10.88 8.18 6.28 4.31 3.21 3.29 3.50 2.41 0.29 0.00 0.00 0.00 1.68 1.53 0.29 0.29 0.00 1.02 0.00 0.00 0.00 3.21 0.00 0.00 1.61 1.90 4.09 5.40 5.77 5.26 4.74 4.96 5.18 5.91 6.35 8.10 9.49 11.75 11.68 11.02 11.02 9.05 7.01 5.69 4.09 3.36 2.41 1.83 1.61 1.90 2.12 1.53 1.10 1.17 1.17 1.61
8.47 8.76 8.10 7.30 6.86 5.62 7.01 7.45 8.76 9.13 2.70 0.00 0.00 3.58 0.00 0.00 0.00 3.36 3.36 4.09 4.67 5.99 6.06 7.01 7.81 10.44 11.75 12.12 10.88 8.18 6.28 4.31 3.21 3.29 3.50 2.41 0.29 0.00 0.00 0.00 1.68 1.53 0.29 0.29 0.00 1.02 0.00 0.00 0.00 3.21 0.00 0.00 1.61 1.90 4.09 5.40 5.77 5.26 4.74 4.96 5.18 5.91 6.35 8.10 9.49 11.75 11.68 11.02 11.02 9.05 7.01 5.69 4.09 3.36 2.41 1.83 1.61 1.90 2.12 1.53 1.10 1.17 1.17 1.61
5.55 6.42 7.01 7.81 8.83 9.49 7.15 8.32 9.05 9.64 0.00 0.00 3.50 4.96 6.42 7.37 0.00 0.00 0.00 4.89 6.13 6.72 6.79 7.52 9.42 12.26 14.09 14.02 12.78 11.10 8.61 5.40 4.09 3.07 2.04 1.24 0.15 0.00 0.00 0.00 1.10 0.95 0.07 0.07 0.00 0.00 0.73 0.00 0.00 0.00 0.00 0.00 0.00 1.39 3.80 5.40 5.48 4.53 4.16 4.45 5.26 6.50 6.20 8.32 11.39 12.26 11.39 10.88 10.88 11.02 12.26 11.61 9.42 6.94 4.67 3.07 2.19 1.46 1.24 0.88 0.37 0.29 0.66 0.88
5.26 6.79 5.33 6.35 7.74 8.83 11.75 11.61 11.90 11.17 5.48 4.31 0.00 0.00 3.87 0.00 0.00 5.33 5.33 4.16 6.35 6.94 8.18 9.01 9.24 11.70 11.95 10.95 11.46 11.83 9.13 5.62 3.80 0.00 0.00 0.00 0.00 0.00 0.00 0.95 0.51 0.29 0.00 0.00 0.00 0.00 0.00 0.00 0.00 0.00 0.00 0.00 0.00 0.00 0.00 2.48 2.92 2.99 0.00 4.02 5.77 7.37 7.37 9.34 11.10 11.10 11.02 11.02 11.02 11.97 13.58 13.29 10.44 6.86 3.80 2.41 1.46 0.37 0.37 0.29 0.00 0.00 0.00 0.07
9.42 9.93 9.78 8.91 10.59 12.56 14.45 15.04 14.53 12.85 13.65 4.60 0.00 0.00 0.00 0.00 0.00 6.50 6.50 4.89 4.31 4.60 7.74 9.27 10.28 9.53 9.92 10.31 12.12 12.63 9.56 8.10 6.28 5.33 2.92 0.73 0.51 0.29 0.95 1.39 1.17 0.37 0.00 0.00 0.00 0.00 0.00 0.00 0.00 0.00 0.00 0.00 0.00 0.00 0.00 0.00 0.00 0.00 0.00 3.29 6.42 8.32 7.37 8.03 8.91 9.13 10.37 11.53 11.53 11.75 11.39 9.42 6.79 4.23 2.48 1.61 1.39 1.46 1.39 1.31 0.95 0.00 0.37 0.44
12.05 11.97 12.85 12.85 12.41 13.80 13.58 10.88 7.23 2.77 10.37 0.00 0.00 0.00 0.00 0.00 0.00 0.00 0.00 0.00 0.00 2.00 3.09 4.14 6.51 7.41 7.72 8.55 10.01 11.17 10.29 9.27 9.78 9.13 6.20 4.67 3.65 2.48 2.04 1.31 0.66 0.66 0.15 0.15 0.00 0.00 0.00 0.00 0.00 0.00 0.00 0.00 0.00 0.00 0.00 0.00 0.00 0.00 0.00 0.00 5.62 7.30 6.64 7.81 8.10 8.40 11.24 13.07 13.07 12.99 10.59 7.37 5.04 2.99 2.70 3.07 2.85 2.04 1.97 3.14 1.97 0.44 0.88 0.73
8.69 9.13 9.05 10.15 13.80 13.51 12.12 9.71 6.35 0.00 0.00 0.00 0.00 0.00 0.00 0.00 0.00 0.00 0.00 0.00 0.00 0.00 0.00 0.00 0.00 2.70 6.47 8.81 9.15 9.59 9.83 11.32 11.39 11.32 10.73 9.13 7.66 4.67 3.29 2.19 0.80 0.37 0.00 0.00 0.00 0.00 0.00 0.00 0.00 0.00 0.00 0.00 0.00 0.00 0.00 0.00 0.00 0.00 0.00 0.00 2.99 5.04 6.57 9.93 10.73 12.26 14.24 14.53 14.53 13.58 10.88 7.59 5.69 3.80 3.29 3.94 4.67 4.16 4.16 4.09 2.70 2.04 2.56 1.83
8.69 9.13 9.05 10.15 13.80 13.51 12.12 9.71 6.35 0.00 0.00 0.00 0.00 0.00 0.00 0.00 0.00 0.00 0.00 0.00 0.00 0.00 0.00 0.00 0.00 2.70 6.28 8.18 8.55 9.73 9.93 11.79 12.80 11.97 11.01 9.13 7.66 4.67 3.29 2.19 0.80 0.37 0.00 0.00 0.00 0.00 0.00 0.00 0.00 0.00 0.00 0.00 0.00 0.00 0.00 0.00 0.00 0.00 0.00 0.00 2.99 5.04 6.57 9.93 10.73 12.26 14.24 14.53 14.53 13.58 10.88 7.59 5.69 3.80 3.29 3.94 4.67 4.16 4.16 4.09 2.70 2.04 2.56 1.83
5.04 3.50 2.70 2.99 3.58 5.77 9.34 12.70 12.34 10.15 0.00 0.00 0.00 0.00 0.00 0.00 0.00 0.00 0.00 0.00 0.00 0.00 0.00 0.00 0.00 0.00 1.70 2.35 2.41 4.18 5.09 6.13 8.40 10.84 11.21 11.57 11.36 8.25 5.62 3.43 1.31 0.00 0.00 0.00 0.00 0.00 0.00 0.00 0.00 0.00 0.00 0.00 0.00 0.00 0.00 0.00 0.00 0.00 0.00 0.00 0.00 3.07 4.67 8.91 14.31 15.11 14.16 12.48 12.48 10.73 8.25 5.84 4.60 3.58 4.89 5.77 5.69 5.26 6.06 5.77 4.31 2.41 0.88 0.58
5.91 5.55 5.11 3.29 1.53 1.24 2.85 5.11 6.28 9.78 7.81 0.00 0.00 0.00 0.00 0.00 0.00 0.00 0.00 0.00 0.00 0.00 0.00 0.00 0.00 0.00 0.00 0.00 0.00 0.00 0.29 0.00 0.00 5.97 10.03 12.31 11.93 10.86 8.18 6.64 4.16 2.99 1.02 1.02 0.44 0.00 0.00 0.00 0.00 0.00 0.00 0.00 0.00 0.00 0.00 0.00 0.00 0.00 0.00 0.00 0.00 0.00 3.36 7.59 12.85 13.43 11.53 8.32 8.32 8.47 6.20 2.99 1.61 2.19 4.09 5.11 5.11 5.84 6.06 5.11 4.23 2.70 1.31 1.31
4.82 7.88 9.13 8.76 7.52 7.01 6.20 6.06 5.48 3.72 3.80 4.45 0.00 0.00 0.00 0.00 0.00 4.67 4.67 3.29 3.21 2.12 1.68 0.00 0.00 0.00 0.00 0.00 0.00 0.00 0.00 0.00 0.00 0.00 0.00 8.20 11.55 11.53 10.95 10.15 9.71 6.64 2.85 2.85 0.51 0.00 0.00 0.00 0.00 0.00 0.00 0.00 0.00 0.00 0.00 0.00 0.00 0.00 0.00 0.00 0.00 0.00 0.00 5.69 8.47 8.32 5.62 5.33 5.33 5.33 2.99 1.46 0.15 0.66 1.24 1.61 2.56 4.31 4.53 4.53 4.23 3.50 2.70 2.34
0.00 0.00 3.43 4.16 4.96 6.13 8.69 8.83 9.93 8.98 7.30 3.14 0.00 0.00 0.00 0.00 3.87 2.63 2.63 2.12 3.07 3.58 3.94 2.19 0.00 0.00 0.00 0.00 0.00 0.00 0.00 0.00 0.00 0.00 0.00 0.00 0.00 12.33 12.89 13.42 12.12 8.61 5.48 5.48 2.34 0.88 0.15 0.00 0.00 0.00 0.07 0.00 0.00 0.00 0.00 0.00 0.00 0.00 0.00 0.00 0.00 0.00 0.00 3.43 3.72 3.07 2.48 3.43 3.43 2.85 1.68 0.58 0.29 0.00 0.00 0.07 0.58 1.97 3.14 2.85 2.26 2.99 3.21 3.07
0.00 0.00 0.00 0.00 0.00 0.00 0.29 1.46 1.70 2.77 4.38 5.40 0.00 0.00 3.50 2.19 1.02 0.00 0.00 0.22 0.00 2.34 3.29 0.00 0.00 0.00 0.00 0.00 0.00 0.00 0.00 0.00 0.00 0.00 0.00 0.00 0.00 8.54 9.93 12.43 11.74 8.10 6.86 6.86 5.69 3.72 2.04 0.88 0.07 0.00 0.00 0.00 0.58 0.00 0.00 0.00 0.00 0.00 1.31 2.19 2.12 2.04 0.00 0.00 0.00 0.00 0.58 1.17 1.17 0.00 0.00 0.00 0.00 0.00 0.51 0.95 0.07 0.29 1.17 1.46 1.39 2.19 2.26 2.34
0.00 0.00 0.00 0.00 0.00 0.88 0.66 0.00 0.00 0.00 0.00 1.17 0.00 2.63 2.63 0.73 0.22 0.00 0.00 0.00 0.00 0.00 0.00 0.00 0.00 0.00 0.00 0.00 0.00 0.00 0.00 0.00 0.00 0.00 0.00 0.00 2.34 3.39 4.45 6.64 8.11 6.20 6.28 6.28 6.64 4.67 3.50 3.14 2.26 1.53 1.39 0.58 0.00 0.73 0.00 0.00 0.00 0.00 0.00 0.00 0.00 0.95 1.24 0.00 0.00 0.00 0.00 0.00 0.00 0.00 0.00 0.00 0.00 0.00 0.00 0.00 0.00 0.00 0.00 0.00 0.00 0.73 1.02 1.90
0.00 0.00 0.00 0.00 0.00 0.88 0.66 0.00 0.00 0.00 0.00 1.17 0.00 2.63 2.63 0.73 0.22 0.00 0.00 0.00 0.00 0.00 0.00 0.00 0.00 0.00 0.00 0.00 0.00 0.00 0.00 0.00 0.00 0.00 0.00 0.00 2.34 3.37 4.50 6.64 8.03 6.20 6.28 6.28 6.64 4.67 3.50 3.14 2.26 1.53 1.39 0.58 0.00 0.73 0.00 0.00 0.00 0.00 0.00 0.00 0.00 0.95 1.24 0.00 0.00 0.00 0.00 0.00 0.00 0.00 0.00 0.00 0.00 0.00 0.00 0.00 0.00 0.00 0.00 0.00 0.00 0.73 1.02 1.90
0.00 0.00 0.00 0.00 0.00 3.14 5.26 0.00 0.00 0.00 0.00 0.58 0.66 2.04 0.58 0.00 0.00 0.00 0.00 0.00 0.00 0.00 0.00 0.00 0.00 0.00 0.00 0.00 0.00 0.00 0.00 0.00 0.00 0.00 0.00 0.00 0.00 0.29 0.73 2.19 1.90 1.75 2.77 2.77 2.77 2.12 2.85 2.56 3.87 3.65 2.48 1.10 0.37 2.34 0.00 0.00 0.00 0.00 0.00 0.00 0.00 0.51 1.39 1.46 0.00 0.00 0.00 0.00 0.00 0.00 0.00 0.00 0.00 0.00 0.00 0.00 0.00 0.00 0.00 0.00 0.00 0.29 0.66 1.31
