Wansh/Snow_depth/snowdepth-1989/winter/1989346.txt
ncols 321
nrows 161
xllcenter 60
yllcenter 15 
cellsize  0.25 
NODATA_value -1
[rows 0 to 36 of 161, columns 168 to 251 of 321]
0.51 0.37 0.58 0.00 0.00 0.00 0.44 0.80 1.46 1.46 1.75 2.12 2.63 3.07 2.77 2.77 3.36 3.87 3.94 5.04 5.18 4.96 5.18 4.31 0.00 0.00 0.00 0.00 0.00 0.00 0.00 0.00 0.07 6.28 6.94 6.94 8.98 9.93 9.86 10.29 10.29 9.71 9.42 9.71 10.44 12.05 12.99 13.07 11.75 10.80 9.93 8.98 8.91 9.27 9.20 10.15 10.88 11.46 12.05 12.34 12.34 12.56 12.99 15.33 18.18 20.66 21.90 20.29 17.37 15.99 13.87 14.02 14.45 14.97 16.21 16.21 16.94 18.10 18.54 18.61 17.52 16.79 16.28 16.35
2.12 1.61 0.22 0.00 0.00 0.00 0.29 1.24 1.39 1.39 1.68 2.04 2.48 2.77 1.83 2.12 3.14 3.94 4.82 4.53 4.60 4.31 3.14 1.02 0.00 0.00 2.34 0.00 0.00 0.00 0.00 0.00 1.53 6.57 7.37 7.37 7.52 7.23 7.74 10.44 10.73 11.10 10.37 11.68 12.41 12.92 12.34 11.75 10.88 10.15 9.78 9.49 10.73 11.17 10.59 10.66 10.59 11.02 11.53 12.19 12.19 12.48 14.24 15.99 17.89 20.44 20.29 19.05 16.64 14.67 14.31 14.60 15.18 16.64 16.43 16.28 18.18 19.13 18.76 18.25 17.67 16.28 14.24 12.99
1.75 1.46 0.88 0.00 0.00 0.00 0.00 0.44 1.24 1.24 1.68 1.75 1.97 2.12 1.75 1.90 2.56 3.21 4.02 4.53 4.23 3.21 3.14 0.00 0.00 0.00 0.00 0.00 0.00 0.00 0.00 0.00 2.70 6.35 7.45 7.45 8.47 8.10 9.13 7.52 13.07 11.61 10.88 11.46 11.39 11.32 11.02 10.29 9.93 10.37 10.29 10.66 11.53 11.17 10.95 10.51 10.66 11.10 12.48 13.21 13.21 13.14 14.16 15.91 18.03 19.13 18.03 17.45 16.94 15.40 14.75 15.04 15.70 16.06 16.64 15.70 15.84 16.64 16.35 16.06 15.84 14.89 13.21 12.19
1.75 1.46 0.88 0.00 0.00 0.00 0.00 0.44 1.24 1.24 1.68 1.75 1.97 2.12 1.75 1.90 2.56 3.21 4.02 4.53 4.23 3.21 3.14 0.00 0.00 0.00 0.00 0.00 0.00 0.00 0.00 0.00 2.70 6.35 7.45 7.45 8.47 8.10 9.13 7.52 13.07 11.61 10.88 11.46 11.39 11.32 11.02 10.29 9.93 10.37 10.29 10.66 11.53 11.17 10.95 10.51 10.66 11.10 12.48 13.21 13.21 13.14 14.16 15.91 18.03 19.13 18.03 17.45 16.94 15.40 14.75 15.04 15.70 16.06 16.64 15.70 15.84 16.64 16.35 16.06 15.84 14.89 13.21 12.19
3.07 2.48 1.10 0.00 0.00 0.00 0.00 0.15 0.29 0.29 0.58 0.95 1.17 1.61 2.26 3.14 3.80 3.80 3.58 2.70 2.41 0.00 0.00 0.00 0.00 0.00 0.00 0.00 0.00 0.00 0.00 0.00 5.62 5.91 6.64 6.64 7.23 7.88 10.37 11.83 11.61 11.10 11.68 11.46 11.24 12.12 12.92 13.36 13.14 12.48 12.19 12.41 12.12 11.68 10.59 10.73 11.53 11.75 12.56 13.21 13.21 14.82 16.13 16.86 18.03 18.18 17.59 16.13 14.89 13.72 12.99 12.99 13.51 13.65 13.29 12.78 12.19 12.85 13.43 13.72 13.94 14.45 13.80 12.92
4.45 3.94 3.21 0.22 0.00 0.00 0.00 0.58 0.80 0.80 1.39 1.46 2.04 2.63 1.90 1.83 2.70 2.26 1.83 2.70 0.00 0.00 0.00 0.00 0.00 0.00 0.00 0.00 0.00 0.00 0.15 3.50 5.11 6.20 5.69 5.69 7.30 9.64 11.10 12.05 12.34 11.61 13.21 14.16 14.82 14.31 13.72 13.43 12.41 11.83 12.78 13.58 14.31 14.02 13.29 12.63 11.68 11.68 12.70 12.78 12.78 13.80 16.43 18.32 18.47 16.79 15.11 12.85 12.41 11.32 10.59 11.32 11.68 11.17 11.53 10.95 10.37 10.73 11.53 12.99 12.70 13.07 12.99 12.34
4.67 4.45 3.80 2.63 1.31 0.29 0.44 2.41 2.92 2.92 2.19 1.02 1.83 2.48 3.21 2.70 1.68 2.56 0.00 0.00 0.00 0.00 0.00 0.00 0.00 0.00 0.00 0.00 0.00 0.00 3.94 4.74 5.18 5.40 7.01 7.01 9.05 10.73 11.39 11.75 12.70 13.72 12.92 15.77 15.91 15.62 15.26 14.97 13.80 13.14 13.87 14.45 15.18 14.82 13.72 12.26 11.24 11.02 11.68 10.88 10.88 12.34 14.38 16.13 16.06 13.43 10.95 10.07 9.86 9.71 9.42 9.42 9.20 9.05 8.32 7.88 7.88 7.96 8.91 11.10 12.90 14.35 14.44 15.92
4.67 4.45 3.80 2.63 1.31 0.29 0.44 2.41 2.92 2.92 2.19 1.02 1.83 2.48 3.21 2.70 1.68 2.56 0.00 0.00 0.00 0.00 0.00 0.00 0.00 0.00 0.00 0.00 0.00 0.00 3.94 4.74 5.18 5.40 7.01 7.01 9.05 10.73 11.39 11.75 12.70 13.72 12.92 15.77 15.91 15.62 15.26 14.97 13.80 13.14 13.87 14.45 15.18 14.82 13.72 12.26 11.24 11.02 11.68 10.88 10.88 12.34 14.38 16.13 16.06 13.43 10.95 10.07 9.86 9.71 9.42 9.42 9.20 9.05 8.32 9.11 10.87 11.45 12.20 18.86 21.30 19.10 18.58 16.52
4.16 3.36 2.99 3.43 3.21 1.97 1.46 1.83 2.70 2.70 2.63 2.70 2.92 2.34 1.46 3.14 0.00 0.00 0.00 0.00 0.00 0.00 0.00 0.00 0.00 0.00 0.00 0.00 0.00 0.00 3.72 4.82 5.91 6.35 9.49 9.49 11.75 12.48 12.34 12.19 13.43 14.60 16.64 14.67 17.45 17.59 17.23 16.86 15.70 14.38 13.58 14.38 14.97 14.16 13.36 12.26 10.44 10.29 10.44 11.39 11.39 11.90 12.34 12.99 12.78 11.61 11.32 10.15 8.98 8.69 8.54 8.98 8.61 7.98 8.95 9.58 9.81 9.95 8.85 11.54 13.54 12.27 13.18 14.60
3.65 3.58 3.87 3.43 3.36 2.56 1.97 1.31 1.24 1.24 2.63 3.29 3.07 1.75 0.00 0.00 0.00 0.00 0.00 0.00 0.00 0.00 0.00 0.00 0.00 8.98 0.00 2.56 3.72 4.02 3.21 4.53 5.69 6.86 8.54 8.54 9.64 11.53 11.02 10.80 11.75 13.72 16.35 17.23 16.43 18.10 17.67 15.84 14.24 13.72 13.87 14.53 14.24 12.63 11.32 10.66 9.93 9.78 8.98 9.42 9.42 9.86 10.59 10.44 10.29 9.71 8.03 7.59 7.30 7.59 7.15 7.15 7.22 8.85 7.59 7.03 7.41 9.05 8.76 8.24 8.89 9.80 11.49 13.85
3.50 3.14 3.14 3.58 3.94 3.29 3.14 2.56 1.46 1.46 0.37 2.04 0.66 0.00 0.00 0.00 0.00 0.00 0.00 0.00 0.00 0.00 0.00 5.40 0.73 0.95 3.43 3.43 3.21 3.65 2.99 3.94 3.72 5.18 7.08 7.08 8.03 8.83 9.20 10.44 11.83 13.58 14.97 14.75 14.89 16.13 13.94 12.34 11.83 12.26 12.99 12.56 11.68 10.51 10.00 9.93 9.86 9.42 8.83 8.10 8.10 8.25 8.69 8.76 8.03 6.79 6.35 7.01 6.28 5.84 6.06 5.91 5.54 4.82 4.14 5.62 7.60 8.18 6.29 6.77 7.35 8.00 7.85 8.15
3.50 3.14 3.14 3.58 3.94 3.29 3.14 2.56 1.46 1.46 0.37 2.04 0.66 0.00 0.00 0.00 0.00 0.00 0.00 0.00 0.00 0.00 0.00 5.40 0.73 0.95 3.43 3.43 3.21 3.65 2.99 3.94 3.72 5.18 7.08 7.08 8.03 8.83 9.20 10.44 11.83 13.58 14.97 14.75 14.89 16.13 13.94 12.34 11.83 12.26 12.99 12.56 11.68 10.51 10.00 9.93 9.86 9.42 8.83 8.10 8.10 8.25 8.69 8.76 8.03 6.79 6.35 7.01 6.28 5.84 6.06 5.91 5.40 4.74 4.02 5.21 6.77 7.57 6.71 7.03 7.35 7.83 8.63 8.71
6.50 4.89 2.92 1.97 1.68 1.10 0.00 0.00 0.00 0.00 0.00 0.00 0.00 0.00 0.00 0.00 0.00 0.00 0.00 0.00 0.00 1.53 1.10 0.80 0.95 1.17 1.24 1.24 2.26 2.63 2.56 2.04 2.19 3.65 5.26 5.26 5.91 7.23 7.74 9.05 10.37 11.61 12.34 11.68 11.24 11.17 11.39 9.13 9.78 10.51 9.93 9.64 8.83 8.76 9.13 9.42 8.69 7.88 6.94 6.42 6.42 6.35 6.79 6.50 6.06 5.99 5.91 6.20 6.06 6.13 5.48 4.82 4.96 3.80 3.52 4.45 5.17 5.29 5.75 5.88 6.79 9.23 8.87 9.15
6.42 5.99 3.94 3.43 3.21 2.99 1.53 0.00 0.00 0.00 0.00 0.00 0.00 0.00 0.00 0.00 0.00 0.00 2.19 0.80 0.73 0.58 0.44 0.88 0.80 0.22 1.24 1.68 1.39 2.77 3.43 3.50 4.31 2.99 5.62 5.62 5.55 6.13 7.23 7.74 9.42 9.64 9.86 9.71 8.83 8.83 8.18 8.76 7.30 7.74 8.10 8.10 8.47 8.98 8.32 7.52 6.28 5.77 5.33 5.62 5.62 6.86 7.15 6.72 6.50 6.28 6.57 6.28 6.28 6.57 5.91 5.69 4.89 3.88 4.97 4.90 4.04 4.94 5.84 4.93 6.53 6.59 6.90 6.95
4.96 5.33 6.35 6.50 5.99 4.38 2.26 1.75 0.00 0.00 0.00 0.00 0.00 0.00 0.00 0.00 0.00 0.00 0.00 0.29 0.15 0.37 0.58 0.58 0.58 1.24 1.24 1.24 1.97 3.36 3.14 4.31 4.53 5.77 4.67 4.67 5.18 7.15 7.81 9.05 8.32 7.01 7.30 7.74 8.32 8.47 8.32 8.69 7.23 7.88 7.88 8.03 9.49 9.27 9.05 8.40 6.86 5.99 5.84 5.62 5.62 6.64 7.15 7.96 8.40 7.23 6.64 6.50 6.20 6.57 7.01 6.86 5.65 6.04 5.99 5.53 4.94 6.27 5.95 5.43 6.47 6.73 7.04 5.66
5.40 6.20 6.57 7.01 7.74 8.03 7.66 6.28 3.58 3.58 3.07 1.39 2.26 5.18 3.29 0.00 0.00 0.00 0.00 0.73 1.02 0.66 0.66 1.31 1.39 1.31 1.61 2.04 2.92 3.21 4.45 5.18 5.62 5.84 6.86 6.86 5.33 6.57 6.57 6.94 7.01 7.01 6.79 5.91 5.77 6.06 6.35 7.01 7.74 7.52 8.18 8.69 10.00 9.42 8.69 8.18 7.88 7.23 7.08 7.01 7.01 7.81 9.27 9.05 8.47 7.59 7.45 7.01 7.30 8.76 8.98 8.88 8.90 7.11 6.42 5.70 6.88 5.11 5.12 5.76 5.84 5.84 4.80 4.45
5.40 6.20 6.57 7.01 7.74 8.03 7.66 6.28 3.58 3.58 3.07 1.39 2.26 5.18 3.29 0.00 0.00 0.00 0.00 0.73 1.02 0.66 0.66 1.31 1.39 1.31 1.61 2.04 2.92 3.21 4.45 5.18 5.62 5.84 6.86 6.86 5.33 6.57 6.57 6.94 7.01 7.01 6.79 5.91 5.77 6.06 6.35 7.01 7.74 7.52 8.18 8.69 10.00 9.42 8.69 8.18 7.88 7.23 7.08 7.01 7.01 7.81 9.27 9.05 8.47 7.59 7.45 7.01 7.30 8.76 8.98 10.90 8.34 7.72 5.76 7.05 6.98 5.65 5.22 5.20 5.65 5.02 5.22 5.05
6.13 8.47 8.32 7.45 6.57 5.77 5.40 4.53 4.16 4.16 3.87 3.21 2.41 1.83 1.46 0.51 0.00 0.15 0.00 0.44 0.88 1.17 0.88 1.02 1.68 2.63 3.29 3.50 4.09 3.94 4.82 5.55 5.69 6.94 6.86 6.86 7.52 6.06 6.64 6.64 6.35 6.28 6.28 5.77 4.45 4.09 3.50 4.09 6.35 6.06 6.94 7.96 8.40 7.88 7.37 7.66 7.66 8.47 7.81 8.32 8.32 9.05 9.56 9.49 9.20 9.27 8.54 7.96 9.13 10.22 10.52 9.63 10.15 8.91 8.95 8.93 7.36 5.59 5.11 5.58 5.23 5.00 4.13 2.53
4.89 7.30 11.17 11.10 7.96 5.11 3.43 2.48 2.70 2.70 2.12 1.24 1.02 0.51 0.44 0.88 0.73 0.44 0.29 0.73 1.46 1.83 2.34 2.70 2.70 3.36 4.23 4.89 4.23 5.40 6.28 6.86 6.20 6.42 6.20 6.20 6.64 5.91 7.45 5.26 4.89 4.67 5.04 4.31 3.80 2.77 2.85 3.21 4.74 5.91 5.33 6.35 6.57 6.42 7.23 8.10 8.18 8.61 9.27 9.78 9.78 9.71 10.07 9.78 9.20 8.47 8.76 8.91 9.56 9.39 9.51 9.14 8.98 8.23 8.22 8.00 7.25 6.15 5.72 5.61 4.18 3.73 2.42 2.26
4.09 4.67 6.13 8.69 8.69 6.35 4.02 1.90 1.02 1.02 0.29 0.07 1.02 1.68 1.39 1.10 1.17 1.24 1.02 0.66 1.68 2.12 3.07 3.72 3.43 3.58 3.80 3.94 5.18 5.40 5.48 6.13 6.79 6.50 5.99 5.99 6.35 5.91 5.69 4.38 4.38 3.87 3.72 3.07 2.56 2.48 2.19 2.41 3.94 4.23 5.26 4.60 6.35 7.08 7.37 6.86 6.86 6.79 7.45 8.32 8.32 9.05 8.76 7.81 7.74 5.91 6.64 7.81 7.37 7.23 7.52 8.18 8.10 7.23 7.08 8.46 9.03 9.30 9.26 6.72 5.57 2.94 1.71 1.79
2.99 3.87 3.65 4.02 4.60 3.14 2.70 1.83 1.10 1.10 1.17 1.53 1.83 2.04 2.56 2.04 2.04 2.12 3.07 4.09 5.26 6.42 5.84 5.48 5.26 4.60 4.09 3.94 3.50 4.82 6.28 7.81 8.03 6.86 6.79 6.79 6.06 5.55 3.94 4.23 3.65 3.80 2.63 2.41 2.12 1.97 2.56 2.92 2.70 1.97 3.87 5.26 5.18 6.20 4.16 4.09 4.09 3.94 4.45 6.06 6.06 5.69 4.89 3.72 1.90 1.31 2.19 3.36 4.09 4.09 4.23 4.31 4.60 4.96 6.56 9.06 11.38 9.39 10.22 8.52 6.63 3.47 2.18 1.57
1.39 2.41 2.70 2.63 1.90 2.85 3.14 2.48 1.68 1.68 1.10 1.83 3.50 4.02 3.72 2.63 2.85 5.11 6.13 7.81 7.81 7.66 7.08 6.06 4.74 4.60 4.23 4.45 5.62 7.01 6.57 7.45 7.08 7.01 6.94 6.94 5.91 5.18 3.87 4.53 4.60 2.85 2.19 1.31 1.61 1.31 2.12 1.53 1.83 1.39 2.48 2.92 3.14 4.23 3.36 3.65 2.99 2.04 2.56 2.63 2.63 2.41 1.83 0.07 0.00 0.00 0.00 0.51 1.24 1.90 1.75 1.53 2.26 3.21 5.55 7.06 8.60 7.71 8.61 6.58 4.77 4.80 3.92 2.12
1.39 2.41 2.70 2.63 1.90 2.85 3.14 2.48 1.68 1.68 1.10 1.83 3.50 4.02 3.72 2.63 2.85 5.11 6.13 7.81 7.81 7.66 7.08 6.06 4.74 4.60 4.23 4.45 5.62 7.01 6.57 7.45 7.08 7.01 6.94 6.94 5.91 5.18 3.87 4.53 4.60 2.85 2.19 1.31 1.61 1.31 2.12 1.53 1.83 1.39 2.48 2.92 3.14 4.23 3.36 3.65 2.99 2.04 2.56 2.63 2.63 2.41 1.83 0.07 0.00 0.00 0.00 0.51 1.24 1.90 1.75 1.53 2.26 3.21 5.33 7.10 6.68 6.78 7.21 7.66 5.84 4.90 3.07 1.95
0.00 1.02 2.04 1.97 2.26 2.85 2.99 2.70 2.63 2.63 2.70 2.56 1.61 2.85 3.94 5.33 6.35 7.74 8.98 8.83 8.10 7.88 7.01 5.62 5.26 5.33 5.77 6.50 6.35 6.79 6.72 6.79 5.55 5.04 5.11 5.11 4.16 3.43 3.14 3.87 3.14 2.99 1.90 1.17 1.24 1.31 1.10 0.22 0.29 0.07 0.00 1.24 2.26 4.38 3.43 3.21 0.00 2.34 2.99 3.29 3.29 0.00 0.00 0.00 0.00 0.00 0.00 0.00 0.00 0.00 0.00 0.00 0.07 1.75 3.29 4.26 4.92 7.30 7.70 6.90 5.31 3.24 2.03 2.04
0.00 0.00 0.37 0.95 1.17 2.04 3.43 4.09 3.80 3.80 3.36 3.43 3.80 3.87 5.48 7.08 9.27 11.17 11.75 10.51 8.32 6.35 6.13 6.50 6.06 6.50 7.15 7.88 7.08 6.13 4.82 4.02 2.92 2.12 2.34 2.34 1.83 1.97 1.75 3.65 2.77 2.04 2.04 0.22 0.37 0.44 0.22 0.22 0.88 0.51 0.37 0.58 2.34 2.99 3.36 4.09 4.31 5.11 5.69 4.60 4.60 0.00 0.00 0.00 0.00 0.00 0.00 0.15 0.58 0.88 0.00 0.00 1.24 2.77 4.42 5.23 4.92 5.93 6.89 5.99 5.47 2.96 2.96 3.49
0.00 0.29 1.10 1.24 0.51 0.22 1.17 3.21 3.36 3.36 3.50 3.72 4.45 6.28 8.47 10.15 11.97 13.58 13.43 12.05 9.78 7.66 6.72 7.08 8.54 7.96 7.81 9.20 8.76 5.55 2.99 1.83 1.97 1.39 1.10 1.10 0.95 0.95 1.31 2.56 1.39 1.17 1.61 0.66 0.80 0.00 0.00 0.00 0.00 0.00 0.00 1.31 2.70 4.60 6.13 5.62 7.01 6.72 5.33 3.65 3.65 0.00 0.00 0.00 0.00 0.73 1.17 1.39 1.75 1.39 1.68 1.46 2.00 4.06 4.97 5.81 5.73 4.75 4.16 4.83 3.78 3.76 2.92 2.49
0.00 0.00 0.07 0.22 0.00 0.00 0.00 0.58 1.53 1.53 1.53 2.56 3.07 4.23 6.50 8.03 8.18 8.18 8.61 8.98 8.98 8.40 8.69 8.91 9.05 8.54 7.52 6.64 5.77 5.04 2.77 0.80 0.88 0.29 0.44 0.44 1.10 0.73 0.37 0.58 0.51 1.90 1.53 0.44 0.44 0.29 0.07 0.00 0.29 0.00 0.80 2.34 3.36 4.31 7.01 8.03 7.45 4.89 5.04 3.65 3.65 0.00 0.00 0.00 0.00 0.44 1.02 0.44 1.17 1.68 2.70 2.56 2.94 4.54 5.38 5.67 5.33 4.21 3.39 2.07 2.29 2.69 2.81 2.90
0.00 0.00 0.00 0.00 0.00 0.00 0.00 0.00 0.00 0.00 0.00 0.00 0.15 1.24 2.04 3.50 3.21 2.77 3.58 4.89 5.33 6.06 7.23 7.66 7.23 6.20 4.96 4.23 3.21 2.19 0.66 0.15 0.15 0.37 0.80 0.80 0.58 0.51 0.58 0.44 0.95 1.39 0.80 0.22 0.00 0.00 0.00 0.00 0.00 0.22 2.34 0.00 4.96 6.64 8.32 7.88 5.91 5.55 2.48 1.53 1.53 0.00 0.00 0.00 0.00 0.00 0.00 0.29 1.39 2.26 3.29 4.00 4.90 5.17 5.67 5.74 3.71 2.19 1.50 0.96 1.59 1.62 2.15 0.00
0.00 0.00 0.00 0.00 0.00 0.00 0.00 0.00 0.00 0.00 0.00 0.00 0.15 1.24 2.04 3.50 3.21 2.77 3.58 4.89 5.33 6.06 7.23 7.66 7.23 6.20 4.96 4.23 3.21 2.19 0.66 0.15 0.15 0.37 0.80 0.80 0.58 0.51 0.58 0.44 0.95 1.39 0.80 0.22 0.00 0.00 0.00 0.00 0.00 0.22 2.34 0.00 4.96 6.64 8.32 7.88 5.91 5.55 2.48 1.53 1.53 0.00 0.00 0.00 0.00 0.00 0.00 0.29 1.39 2.26 3.31 3.96 4.43 5.76 6.05 6.69 4.30 2.12 1.56 0.93 1.68 1.92 1.96 0.00
0.00 0.00 0.00 0.00 0.00 0.00 0.00 0.00 0.00 0.00 0.00 0.00 0.00 0.00 0.00 0.00 0.00 1.17 1.75 2.41 2.63 3.14 3.36 3.36 4.31 3.50 2.92 2.41 1.97 0.80 0.00 0.15 0.00 0.88 0.95 0.95 1.02 0.73 1.61 1.61 1.17 0.88 0.29 0.00 0.95 0.22 0.00 0.66 0.00 0.00 3.29 6.28 7.52 8.32 8.69 8.10 7.74 5.18 2.19 0.00 0.00 0.00 0.00 0.00 0.00 0.00 0.00 0.22 1.54 3.69 4.65 4.87 6.73 7.69 7.08 5.03 3.05 2.75 2.07 1.51 1.00 0.87 0.46 0.00
0.00 0.00 0.00 0.00 0.00 0.00 0.00 0.00 0.00 0.00 0.00 0.00 0.00 0.00 0.00 0.00 0.00 0.00 0.15 0.07 0.80 1.97 2.26 1.17 0.73 1.02 1.02 1.31 1.02 0.80 1.17 0.00 0.22 0.07 0.44 0.44 0.22 0.00 0.51 1.17 0.88 0.37 0.00 0.00 0.00 0.00 0.58 1.68 2.85 4.89 7.59 7.01 7.37 8.18 7.45 7.15 7.45 6.94 4.74 1.39 1.39 0.00 0.00 0.00 0.00 1.31 1.75 2.48 3.94 4.02 4.45 5.57 6.84 7.24 5.13 2.22 1.65 1.39 0.42 0.97 0.94 0.45 0.00 0.00
0.66 0.51 0.15 0.00 0.00 0.00 0.00 0.00 0.00 0.00 0.00 0.00 0.00 0.00 0.00 0.00 0.00 0.00 0.00 1.31 1.46 0.73 0.66 2.04 1.39 1.10 1.17 0.66 0.07 1.46 0.00 0.73 0.00 0.00 0.00 0.00 0.00 0.00 0.00 0.00 0.00 0.00 0.00 0.44 0.22 1.46 0.00 4.82 6.72 7.45 7.37 6.79 7.08 7.37 7.30 9.71 10.29 8.98 5.26 4.23 4.23 0.00 0.29 0.44 1.02 1.61 2.34 2.56 3.50 4.31 4.89 5.50 7.44 7.09 4.97 3.41 1.80 0.45 1.34 0.96 0.97 0.45 0.00 0.00
1.39 0.73 0.00 0.00 0.00 0.00 0.00 0.00 0.00 0.00 0.00 0.00 0.00 0.00 0.00 0.00 0.00 0.00 0.07 0.51 0.00 0.15 0.51 0.95 0.73 0.88 0.00 0.00 0.00 0.00 0.00 0.00 0.29 0.00 0.00 0.00 0.00 0.00 0.00 0.00 0.00 0.00 0.00 0.00 0.00 2.77 2.70 3.87 6.28 6.72 7.74 8.47 8.32 9.64 10.88 12.34 10.73 6.42 3.87 2.48 2.48 0.00 0.00 0.00 0.37 1.90 2.63 3.80 4.67 3.87 4.45 5.16 6.98 5.40 3.26 0.99 0.30 0.49 0.18 0.00 0.00 0.00 0.00 0.00
0.00 0.00 0.00 0.00 0.00 0.22 0.00 0.00 0.00 0.00 0.00 0.00 0.00 0.00 0.00 0.00 0.00 0.00 0.00 0.00 0.00 0.80 0.00 0.00 0.00 1.17 0.88 0.88 0.00 0.00 0.00 0.00 0.00 0.00 0.00 0.00 0.00 0.00 0.00 0.00 0.00 0.00 0.00 0.00 2.56 4.67 6.79 6.42 8.76 9.13 10.51 11.39 11.02 11.02 10.29 10.29 6.86 3.65 0.00 0.88 0.88 0.00 0.07 0.58 1.02 1.53 1.68 2.12 2.92 3.65 5.26 4.74 4.46 2.63 1.27 0.70 0.44 0.32 0.44 0.00 0.00 0.00 0.00 0.00
0.88 0.00 0.00 0.00 0.22 0.37 0.00 0.00 0.07 0.07 0.00 0.00 0.00 0.00 0.00 0.00 0.00 0.00 0.00 0.00 0.00 0.00 0.00 0.00 0.00 0.00 0.00 0.00 0.00 0.00 0.00 0.00 0.00 0.00 0.00 0.00 0.00 0.00 0.00 0.00 0.00 0.00 0.00 1.53 5.11 7.37 8.83 10.80 9.71 12.05 11.61 11.24 10.88 9.93 7.52 5.62 2.85 0.00 0.58 0.44 0.44 0.00 0.00 0.00 0.29 0.29 0.80 1.61 1.83 2.85 2.70 2.57 1.56 0.74 0.44 0.47 0.47 0.35 0.00 0.00 0.00 0.00 0.00 0.00
0.88 0.00 0.00 0.00 0.22 0.37 0.00 0.00 0.07 0.07 0.00 0.00 0.00 0.00 0.00 0.00 0.00 0.00 0.00 0.00 0.00 0.00 0.00 0.00 0.00 0.00 0.00 0.00 0.00 0.00 0.00 0.00 0.00 0.00 0.00 0.00 0.00 0.00 0.00 0.00 0.00 0.00 0.00 1.53 5.11 7.37 8.83 10.80 9.71 12.05 11.61 11.24 10.88 9.93 7.52 5.62 2.85 0.00 0.58 0.44 0.44 0.00 0.00 0.00 0.29 0.29 0.80 1.61 1.83 2.85 2.70 2.56 1.54 0.73 0.44 0.49 0.42 0.33 0.00 0.00 0.00 0.00 0.00 0.00
1.10 0.37 0.00 0.00 0.00 0.00 0.00 0.00 0.00 0.00 0.00 0.00 0.00 0.00 0.00 0.00 0.00 0.00 0.00 0.00 0.00 0.00 0.00 0.00 0.00 0.00 0.00 1.24 1.90 1.75 0.00 0.00 0.00 0.00 0.00 0.00 0.00 0.00 0.00 0.00 0.00 0.00 2.48 4.82 8.03 10.73 11.90 11.90 11.83 11.39 10.22 8.18 6.79 4.23 2.19 0.00 0.73 0.88 0.29 0.15 0.15 0.58 0.15 0.00 0.07 0.66 1.10 2.19 3.07 2.41 2.41 1.24 0.66 0.96 0.66 0.61 0.00 0.00 0.00 0.00 0.00 0.00 0.00 0.00
