Wansh/Snow_depth/snowdepth-1989/winter/1989344.txt
ncols 321
nrows 161
xllcenter 60
yllcenter 15 
cellsize  0.25 
NODATA_value -1
[rows 74 to 110 of 161, columns 84 to 167 of 321]
0.00 0.00 0.00 0.00 0.00 0.00 0.07 0.00 0.00 0.00 0.00 0.66 1.61 1.75 3.36 3.80 4.09 4.38 4.38 4.38 2.92 2.34 0.00 0.00 0.00 0.00 1.97 1.24 0.00 0.00 1.53 0.00 0.00 0.00 0.00 0.00 0.00 0.58 1.53 3.14 2.99 0.51 0.15 0.15 0.07 0.22 0.00 0.22 0.22 1.17 2.19 1.90 0.00 0.00 0.00 1.24 0.44 0.00 0.00 0.00 0.00 0.00 0.00 0.00 0.00 0.00 0.00 0.00 0.00 0.81 2.86 2.19 0.58 0.37 0.66 0.00 0.00 0.00 0.00 0.00 7.52 7.19 4.09 2.19
0.00 0.00 0.00 0.00 0.29 1.10 1.75 1.46 2.77 2.85 0.51 2.41 2.85 4.02 3.80 3.58 4.09 4.02 4.02 3.58 3.07 2.92 2.77 0.00 0.00 3.07 2.77 1.97 0.00 0.00 0.00 0.00 0.00 0.00 0.00 0.00 0.00 2.12 4.09 0.00 0.00 2.04 1.61 1.61 0.44 0.00 0.00 0.29 0.00 0.66 0.88 1.24 1.61 1.90 2.04 2.70 1.53 2.26 1.75 1.68 1.75 1.83 0.51 0.00 0.00 0.00 0.00 0.00 0.00 1.54 2.70 3.65 2.56 1.53 0.29 0.15 0.00 0.00 0.00 0.00 5.69 6.50 3.89 2.08
0.00 0.00 0.15 0.44 1.61 2.63 3.14 4.02 5.04 4.82 4.89 3.14 5.18 4.16 4.02 4.09 3.65 3.65 3.65 3.80 3.21 3.43 0.00 0.00 3.29 0.00 0.00 0.00 0.00 0.00 0.00 0.00 0.00 0.00 0.00 0.00 0.00 3.43 3.36 3.58 3.80 2.70 1.90 1.90 0.29 0.00 0.00 0.37 0.95 1.39 0.58 1.24 1.68 1.39 0.95 1.68 0.95 1.46 0.95 1.24 1.46 1.83 2.56 2.85 1.02 1.61 1.46 1.61 1.61 1.97 3.87 5.11 5.18 4.38 2.48 0.73 0.00 0.00 0.00 0.00 1.31 2.21 3.37 1.43
2.41 2.56 2.41 1.90 2.19 3.36 3.36 4.16 4.96 5.48 5.55 3.72 4.96 5.33 4.74 4.67 4.60 3.72 3.72 2.77 2.85 2.77 0.00 0.00 0.00 0.00 0.00 0.00 0.00 0.00 0.00 0.00 0.00 0.00 0.00 0.00 0.00 2.85 0.00 0.00 1.97 1.31 1.75 1.75 1.39 1.53 1.39 1.46 1.46 1.31 1.61 1.75 1.17 1.83 2.19 1.75 1.46 0.88 0.66 1.31 1.46 1.83 1.90 3.21 2.63 3.36 4.31 4.45 4.45 3.80 4.67 4.74 6.13 5.69 3.80 0.95 0.00 0.00 0.00 0.00 0.58 1.54 1.61 1.55
1.10 1.10 0.80 1.53 1.53 3.07 3.43 3.87 4.38 5.11 4.96 4.16 6.06 5.26 5.11 4.89 4.09 3.87 3.87 3.29 3.43 2.63 3.21 3.36 2.99 0.00 0.00 0.00 0.00 0.00 0.00 0.00 0.00 0.00 0.00 0.00 0.00 0.00 0.00 0.00 0.66 0.29 1.02 1.02 1.31 2.85 1.61 1.53 0.00 0.00 0.00 0.00 1.24 2.12 2.19 2.19 1.68 1.31 1.83 1.97 2.48 2.63 2.85 3.21 3.43 4.60 6.72 6.94 6.94 6.42 5.33 5.69 5.33 6.50 5.04 2.99 0.58 1.27 1.10 0.00 0.88 1.69 2.93 2.00
3.65 4.16 2.85 2.41 2.48 2.99 2.77 3.58 3.72 3.50 4.02 4.02 4.89 4.16 4.53 4.60 3.80 4.67 4.67 4.16 3.58 3.36 3.36 3.36 3.14 2.63 0.00 0.00 0.00 0.00 0.00 0.00 0.00 0.00 0.00 0.00 0.00 0.00 0.00 0.00 0.00 1.97 1.97 1.97 1.39 1.68 1.02 1.24 1.46 1.17 0.00 2.04 1.75 1.68 1.83 1.90 1.10 1.97 2.77 2.48 2.92 2.85 2.34 2.85 2.19 2.26 4.60 6.20 6.20 6.94 5.99 6.57 6.64 7.59 7.04 4.38 1.61 1.46 1.24 0.00 0.00 1.02 2.77 3.15
0.00 0.00 0.00 0.00 0.00 2.92 3.14 4.09 3.50 3.07 3.87 4.31 3.43 4.31 3.94 3.94 3.29 4.23 4.23 4.31 3.87 3.36 3.50 3.29 2.92 0.00 0.00 0.00 0.00 0.00 0.00 0.00 0.00 0.00 0.00 0.00 0.00 0.00 0.00 0.00 0.00 3.14 2.56 2.56 0.00 0.88 0.58 0.37 0.73 0.00 0.00 0.00 0.58 0.58 1.02 0.95 1.17 3.21 3.65 4.02 3.58 2.77 1.90 2.04 0.73 0.00 0.00 2.77 2.77 4.67 5.55 7.23 9.56 11.10 9.71 6.60 2.70 1.83 1.68 1.17 0.00 0.00 0.44 0.00
0.00 0.00 0.00 0.00 0.00 2.85 2.99 3.29 3.14 2.77 3.36 3.80 3.94 3.36 3.14 3.72 2.56 3.50 3.50 3.36 0.00 0.00 2.56 2.77 2.77 2.92 0.00 0.00 0.95 0.00 0.00 0.00 0.00 0.00 4.53 4.16 0.00 0.00 0.00 0.00 3.21 3.29 2.99 2.99 2.56 1.97 1.17 0.66 1.10 0.29 0.00 0.80 0.51 0.66 1.17 1.17 1.31 3.14 4.96 5.55 4.89 3.14 1.83 1.24 0.00 0.00 0.00 0.00 0.00 2.26 2.77 4.67 12.63 15.99 14.24 10.42 6.19 4.28 0.00 0.00 0.00 0.00 0.00 0.00
0.00 2.19 4.02 3.58 0.00 3.21 2.77 2.56 2.85 3.14 4.02 4.23 3.65 3.29 3.50 3.72 3.07 1.75 1.75 1.97 0.00 0.00 0.00 1.39 2.12 0.00 0.00 0.00 0.95 0.73 0.00 0.00 0.00 0.00 0.00 0.00 0.00 0.00 0.00 1.83 2.34 2.41 1.83 1.83 1.83 0.80 0.73 1.02 0.95 0.44 0.15 1.02 0.37 0.44 1.46 1.75 1.46 3.43 4.31 4.31 4.53 3.07 2.77 2.04 1.02 0.00 0.00 0.00 0.00 1.10 1.90 3.21 10.22 18.10 19.78 12.41 8.54 5.91 4.96 0.00 0.00 0.00 0.00 0.00
0.00 2.56 4.31 4.09 2.85 0.00 0.00 0.00 0.00 2.56 3.36 4.45 3.94 2.85 4.02 4.23 3.80 2.92 2.92 0.00 0.00 0.00 0.00 0.00 1.68 1.75 2.34 1.53 1.31 1.10 0.00 0.00 0.00 0.00 3.29 2.26 1.46 0.15 0.00 0.00 1.61 1.24 0.88 0.88 1.24 1.39 1.24 0.88 0.88 0.95 0.51 1.46 0.51 0.66 1.39 0.88 0.88 2.12 2.85 3.72 4.67 4.38 4.02 4.16 3.36 2.19 1.83 1.61 1.61 3.14 2.48 2.56 5.84 11.53 18.40 15.26 10.59 7.23 6.13 0.00 0.00 0.00 0.00 0.00
0.00 1.97 2.70 2.77 0.00 0.00 0.00 0.00 3.58 3.07 0.00 0.00 0.00 4.02 2.92 5.33 4.02 0.00 0.00 0.00 0.00 0.00 0.00 0.00 2.04 2.48 0.00 1.90 2.34 1.68 0.00 0.00 0.00 0.00 2.26 1.68 0.29 0.07 0.00 0.00 1.10 2.12 0.51 0.51 0.80 0.73 0.73 0.00 0.00 0.00 0.73 0.51 0.73 1.39 1.39 1.61 1.83 2.48 3.21 3.87 4.74 5.62 5.91 6.64 6.13 5.91 5.99 5.69 5.69 6.50 6.28 4.96 4.74 7.52 11.90 12.05 9.13 7.96 0.00 0.00 0.00 0.00 0.00 0.00
0.00 0.00 0.00 0.00 0.00 0.00 0.00 3.80 3.58 3.72 3.87 3.14 0.00 3.50 3.50 4.02 0.00 0.00 0.00 0.00 3.50 3.14 3.43 0.00 0.00 0.00 0.00 0.00 1.53 1.46 1.61 1.17 2.48 2.41 2.48 1.46 0.00 0.00 0.00 0.22 0.37 1.53 0.29 0.29 0.88 0.29 0.80 0.80 0.37 0.37 1.31 0.37 0.51 0.88 3.43 4.60 4.45 3.80 4.16 3.87 5.72 8.19 9.03 8.61 8.69 9.20 9.20 8.10 8.10 9.93 10.44 9.20 7.01 6.28 7.45 6.86 6.86 7.37 7.15 0.00 0.00 0.00 0.00 0.00
0.66 1.61 2.48 2.56 2.04 2.19 2.34 3.21 3.21 2.70 1.75 2.63 2.48 0.00 2.70 2.92 3.21 3.58 3.58 0.00 4.53 4.16 4.38 4.16 0.00 0.00 0.00 0.00 0.00 3.29 2.34 2.63 2.04 2.34 2.63 0.00 0.00 0.00 0.95 2.92 3.65 4.96 2.99 2.99 2.56 2.04 1.53 1.97 1.75 1.53 0.95 1.39 1.75 2.56 5.62 10.29 13.36 13.80 15.33 14.82 11.46 12.12 12.22 11.24 9.34 9.78 9.49 7.23 7.23 8.03 9.71 14.24 14.02 12.63 10.29 7.74 7.59 7.88 8.03 8.32 7.96 0.00 0.00 0.00
1.39 1.75 1.83 0.00 0.00 0.00 3.36 3.58 0.00 0.00 1.61 2.34 2.77 2.04 2.34 0.00 2.85 3.29 3.29 3.80 3.29 3.07 3.65 2.63 0.00 0.00 2.19 2.99 3.14 2.92 1.46 0.00 0.00 0.00 0.00 0.00 0.00 1.02 2.48 4.23 5.11 3.80 4.38 4.38 4.31 4.53 3.43 2.41 1.68 2.26 1.68 3.14 3.72 3.72 5.55 8.10 11.97 15.91 19.27 19.64 16.72 13.21 10.95 10.29 9.04 10.22 10.07 8.76 8.76 6.20 8.40 13.07 15.91 12.99 11.17 10.29 8.83 8.91 8.76 8.03 9.20 8.32 0.00 0.00
1.46 0.95 1.97 0.00 0.00 0.00 3.14 3.43 0.00 0.00 0.00 2.26 2.63 2.63 2.92 2.12 2.12 2.26 2.26 3.36 3.14 3.43 0.00 0.00 0.00 2.04 2.56 2.77 0.00 0.00 0.00 0.00 0.00 0.00 0.00 0.00 0.00 0.51 1.46 1.97 3.29 3.50 3.65 3.65 5.48 6.57 5.11 4.67 4.02 3.80 2.92 2.77 3.36 4.02 5.84 8.47 10.80 12.63 16.35 19.35 16.57 12.48 10.95 10.66 10.03 13.44 14.67 13.43 13.43 8.32 7.30 10.66 13.94 13.58 12.48 10.59 10.37 10.44 10.00 8.18 8.54 8.32 0.00 0.00
1.61 0.95 0.00 0.00 0.00 0.00 0.00 0.00 0.00 0.00 0.00 2.85 2.34 2.92 3.14 3.14 2.63 2.34 2.34 1.97 2.26 2.48 1.39 0.00 0.00 0.00 2.92 0.00 0.00 0.00 0.00 0.00 0.00 2.99 0.00 0.00 0.37 1.10 1.68 0.95 1.10 1.24 2.85 2.85 5.33 6.64 7.37 7.52 7.74 6.86 6.13 5.48 5.84 8.03 8.18 8.76 9.56 10.44 12.08 12.83 11.46 9.71 9.53 12.34 17.05 19.04 19.52 17.67 17.67 12.41 8.03 8.76 11.02 11.90 11.02 9.56 10.15 11.10 11.83 9.10 8.28 7.07 0.00 0.00
1.31 1.39 1.17 1.53 0.00 0.00 0.00 0.00 0.00 0.00 0.00 0.00 0.00 0.00 0.00 3.14 2.92 2.56 2.56 1.90 1.83 0.00 1.61 0.00 2.04 2.04 0.00 0.00 0.00 1.90 0.00 0.00 1.97 0.00 0.00 0.00 0.00 0.07 0.29 0.07 0.80 0.44 1.90 1.90 3.43 5.55 8.03 9.93 9.93 9.05 8.25 8.83 11.39 14.53 14.16 12.41 11.83 9.42 8.18 9.05 7.98 6.72 8.33 12.48 18.91 21.97 22.82 19.12 18.52 13.21 9.71 9.20 9.05 9.49 8.83 8.03 8.03 9.78 11.85 10.63 6.63 0.00 0.00 0.00
1.68 1.68 1.61 1.75 0.00 0.00 0.00 1.31 0.00 0.00 0.00 0.00 0.00 0.00 0.00 0.00 0.00 0.00 0.00 0.00 0.00 0.00 0.00 0.00 0.00 0.00 0.00 0.00 0.00 0.00 0.00 0.00 0.00 0.00 0.00 0.00 0.00 0.00 0.00 1.02 1.24 0.37 0.51 0.51 2.04 4.16 6.86 8.76 9.86 8.83 9.86 11.02 14.89 17.89 18.25 17.52 16.06 13.36 10.32 9.29 7.01 6.94 7.45 10.80 17.95 22.12 19.93 16.43 16.51 14.02 10.64 9.42 8.91 9.20 8.44 7.59 5.69 6.57 8.95 11.85 9.12 6.35 0.00 0.00
1.75 0.80 2.04 1.97 2.04 0.00 1.10 1.24 0.00 0.00 0.00 0.00 0.00 0.00 0.00 0.00 0.00 0.00 0.00 0.00 0.00 0.00 0.00 0.00 0.00 0.00 0.00 0.00 0.00 0.00 0.00 0.00 0.00 0.00 0.00 0.00 0.00 0.00 0.00 0.00 0.07 0.00 0.00 0.00 0.44 3.36 5.04 6.13 7.59 8.54 10.51 11.46 14.60 18.76 20.22 20.73 21.02 20.51 19.05 14.23 9.66 9.40 8.57 7.96 15.96 19.44 17.52 14.67 14.67 12.46 10.79 11.01 11.59 10.60 8.51 7.67 6.42 5.34 6.47 9.68 11.05 9.11 7.54 7.66
2.04 0.88 1.39 1.53 1.75 1.31 1.83 2.19 0.00 0.00 0.00 0.00 0.00 0.00 0.00 0.00 0.00 0.00 0.00 0.00 0.00 0.00 0.00 0.00 0.00 0.00 0.00 0.00 0.00 0.00 0.00 0.00 0.00 0.00 0.00 0.00 0.00 0.00 0.00 0.00 0.00 0.00 0.00 0.00 0.95 3.43 5.04 6.42 8.32 10.44 12.19 12.12 14.02 16.43 17.96 20.88 23.36 25.55 25.19 21.02 16.64 13.65 12.18 9.14 13.28 15.95 16.36 12.34 12.34 11.13 10.08 10.67 12.90 13.50 11.86 10.20 9.42 7.49 6.75 7.75 9.55 11.40 11.55 9.26
1.17 1.17 0.95 1.02 0.95 1.68 1.97 0.00 0.00 0.00 0.00 0.00 0.00 0.00 0.80 0.80 0.22 0.00 0.00 0.00 0.00 1.75 0.00 0.00 0.00 0.00 0.00 0.00 0.00 0.00 0.00 0.00 0.00 0.00 0.00 3.94 2.41 0.00 0.00 0.00 0.00 0.00 0.00 0.00 0.00 0.00 5.55 6.50 8.32 11.53 13.51 13.51 14.38 16.03 17.12 19.94 23.03 25.33 26.79 26.94 23.73 18.42 13.99 11.29 11.22 16.29 18.39 12.41 12.47 10.17 10.79 9.57 11.78 14.44 15.99 14.16 12.29 10.52 7.81 6.73 8.84 12.09 11.52 7.18
1.02 0.73 1.46 1.61 1.90 1.68 2.41 0.00 0.00 0.00 0.00 0.00 0.00 0.00 0.00 1.46 0.00 0.00 0.00 0.00 0.00 0.00 0.73 0.00 0.00 0.00 0.00 1.83 0.00 0.00 0.00 0.00 0.00 0.00 0.00 3.07 0.00 0.00 0.00 0.00 0.00 0.00 0.00 0.00 0.00 0.00 5.55 6.86 10.15 14.45 17.67 18.40 18.03 16.66 17.26 19.49 21.78 23.31 25.49 26.84 25.97 22.08 19.65 12.97 11.58 13.90 18.72 14.23 14.23 9.14 9.32 8.60 9.29 13.62 16.65 17.83 15.87 14.28 11.16 7.62 8.34 11.95 13.28 9.49
0.73 1.61 1.61 0.88 1.97 1.75 2.77 2.63 1.46 1.53 0.00 0.00 0.00 0.00 0.00 0.00 0.00 0.00 0.00 0.00 0.00 0.00 0.00 0.00 0.00 0.00 1.68 0.58 0.37 0.00 0.00 0.00 0.00 0.00 0.00 0.00 0.00 0.00 0.00 0.00 0.00 0.00 5.77 5.77 6.79 6.94 6.72 8.61 12.19 18.54 20.66 21.10 18.61 17.39 17.73 19.14 18.04 19.26 22.22 21.82 23.52 23.04 21.22 18.93 13.37 13.03 18.40 15.56 15.33 9.56 9.91 9.64 9.79 15.08 18.76 19.74 18.82 14.68 13.16 9.29 7.60 11.21 12.36 11.21
0.80 0.00 0.00 0.00 2.77 2.26 2.92 3.14 2.04 2.26 3.29 0.44 0.00 0.00 0.00 0.00 0.00 0.00 0.00 0.00 0.00 0.00 0.00 0.00 0.00 0.00 1.39 1.61 2.70 0.00 1.17 0.00 0.00 0.95 0.00 1.39 0.00 0.00 0.00 0.00 0.00 8.10 10.07 10.07 11.53 11.61 7.01 9.71 12.63 19.32 21.67 21.05 20.03 21.26 18.87 15.70 15.99 16.86 16.93 15.98 17.68 19.52 21.79 20.51 14.90 11.82 14.45 14.52 14.16 9.71 8.83 11.32 11.01 17.45 22.38 20.95 19.49 14.68 13.18 11.69 9.47 10.99 12.26 8.03
6.57 3.58 0.00 3.21 4.67 4.02 3.21 2.34 1.97 3.21 2.48 1.83 1.83 1.31 1.10 1.53 1.90 2.34 2.34 2.92 0.00 0.00 0.00 0.00 0.95 1.24 2.77 2.04 2.26 2.77 2.04 1.39 1.02 0.73 1.39 2.92 4.74 0.00 0.00 5.91 4.89 7.37 9.20 9.20 11.61 11.97 9.27 9.20 13.21 14.31 14.98 15.69 14.43 12.15 10.97 9.59 11.42 12.45 14.08 14.97 17.31 16.11 16.64 18.21 15.48 11.74 11.37 9.66 9.51 5.99 7.23 12.03 13.58 13.64 19.47 23.87 18.84 13.86 10.09 8.09 8.56 8.73 9.39 10.74
6.57 4.53 6.28 6.28 6.86 7.01 5.33 2.85 1.24 1.53 0.00 0.00 1.68 0.88 1.68 1.39 1.61 1.97 1.97 2.04 1.39 1.83 0.00 0.37 1.61 1.53 1.83 1.53 2.56 3.21 3.21 2.19 2.70 1.75 3.43 3.72 3.65 7.23 7.37 5.26 2.12 1.97 3.36 3.36 5.69 8.98 8.03 7.88 10.61 10.95 11.51 10.17 9.79 8.33 9.61 8.67 7.34 8.44 11.01 14.84 17.70 18.53 18.35 17.84 13.65 11.39 12.47 9.97 9.81 4.53 5.40 8.62 10.47 11.18 16.77 20.22 17.25 11.08 7.91 5.27 6.72 7.51 7.60 9.13
7.74 5.84 6.06 5.40 5.84 7.08 7.01 4.23 1.02 0.00 0.00 0.00 0.88 1.68 2.04 2.04 2.04 2.19 2.19 2.19 2.04 0.95 2.04 1.10 1.39 1.10 1.39 1.39 2.19 2.63 3.14 2.19 1.83 1.97 4.67 4.53 6.13 3.87 0.00 0.00 0.00 0.00 1.31 1.31 2.41 4.09 5.18 6.93 8.03 8.82 9.79 9.76 8.29 9.41 9.99 8.55 6.95 6.64 8.54 10.39 14.52 18.40 20.81 19.78 14.45 10.73 11.69 11.15 12.40 6.02 3.65 5.63 7.39 8.87 13.03 16.37 14.60 9.13 6.64 4.37 0.00 5.27 5.62 7.79
3.14 4.82 6.35 5.91 3.58 6.57 7.01 4.84 1.68 0.80 0.00 0.00 0.00 0.00 1.31 1.83 1.61 1.75 1.75 1.90 1.39 0.73 1.31 1.46 1.24 0.88 0.37 0.51 1.61 2.41 2.34 1.02 0.73 1.97 3.14 2.70 4.45 2.92 1.02 0.00 0.00 0.00 0.00 0.00 0.66 2.41 3.50 5.06 7.30 8.01 8.44 8.26 9.37 10.12 8.37 7.57 4.23 4.63 4.23 6.23 11.34 18.96 22.08 22.70 18.98 11.97 10.35 11.62 11.20 8.21 2.90 2.71 4.40 7.22 11.39 11.90 12.75 7.49 4.79 4.97 5.06 4.42 7.75 7.34
0.00 0.00 0.00 0.00 0.00 4.16 6.06 4.96 1.90 0.29 0.37 0.80 0.00 0.00 0.22 0.58 0.44 0.88 0.88 1.24 1.61 1.10 1.75 1.53 0.29 0.58 0.58 0.00 1.31 1.39 1.31 0.66 0.15 0.07 1.39 0.66 2.63 0.00 0.00 0.00 0.00 0.00 0.00 0.00 0.37 1.39 3.80 3.87 6.20 6.42 7.26 7.49 7.57 8.67 8.38 6.57 4.68 4.34 5.43 7.48 10.14 12.90 19.73 23.50 21.42 14.83 11.73 11.88 11.95 10.16 6.18 1.86 2.58 5.36 8.62 7.03 7.97 6.09 3.54 3.85 5.17 7.07 7.03 7.30
0.00 0.00 0.00 0.00 0.00 0.00 4.67 4.82 3.43 1.39 0.51 1.53 0.44 0.00 0.00 0.00 0.73 0.29 0.29 0.07 0.88 0.44 1.24 0.00 0.00 0.00 0.00 0.00 0.00 0.29 0.15 0.22 0.00 0.00 0.00 0.00 0.00 0.00 0.00 0.00 0.00 0.00 0.00 0.00 0.59 1.68 2.71 4.02 6.89 5.87 7.44 6.73 8.30 8.70 6.05 5.86 6.31 0.00 3.80 7.04 8.99 11.77 15.41 18.74 19.47 18.50 14.76 12.79 14.97 11.11 8.94 3.79 2.88 3.17 4.76 4.59 4.70 3.72 3.03 2.07 3.74 6.76 8.35 6.42
0.00 0.00 0.00 0.00 0.00 0.00 3.65 4.82 4.16 2.56 1.46 2.12 0.95 1.53 1.61 1.10 1.17 0.00 0.00 0.00 0.00 0.00 0.15 0.00 0.00 0.15 0.15 0.00 0.00 0.00 0.00 0.07 0.00 0.00 0.00 0.00 0.00 0.00 0.00 0.00 0.00 0.00 0.00 0.00 0.00 0.29 0.66 1.90 2.85 3.55 3.75 5.04 5.52 7.21 7.63 8.07 0.00 0.00 6.00 9.06 10.98 10.40 11.48 16.20 16.66 16.09 19.44 14.85 16.62 13.28 11.18 5.93 5.10 1.86 2.53 2.90 3.65 2.12 1.43 2.48 0.00 5.95 8.61 7.46
0.00 0.00 0.00 0.00 0.00 0.00 0.00 2.56 3.94 3.50 2.70 2.63 2.48 3.65 2.99 2.52 1.99 0.37 0.37 0.00 0.00 0.00 0.00 0.00 0.00 0.00 0.00 0.00 0.00 0.00 0.00 0.00 0.00 0.00 0.00 0.07 0.00 0.00 0.00 0.00 0.00 0.00 0.00 0.00 0.00 0.00 0.00 0.07 1.53 0.73 4.81 5.89 7.39 6.67 6.56 0.00 0.00 0.00 0.00 0.00 9.91 12.34 10.14 13.32 15.32 16.86 22.72 16.21 16.55 12.47 10.75 6.88 7.92 3.80 1.80 2.79 4.00 3.46 1.30 0.00 0.00 4.34 0.00 0.00
0.00 0.00 0.00 0.00 0.00 0.00 0.00 0.00 3.65 4.31 3.65 3.80 3.29 4.67 5.99 5.28 4.16 3.71 3.46 2.34 0.80 1.31 1.02 0.00 0.00 0.15 0.00 0.00 0.00 0.00 0.07 0.07 0.00 0.00 0.00 0.00 0.07 0.00 0.00 0.00 0.00 0.00 0.00 0.00 0.00 0.00 0.00 0.00 2.05 1.82 8.10 8.16 6.48 0.00 0.00 0.00 0.00 0.00 0.00 0.00 5.47 9.80 10.31 8.69 12.94 16.20 17.38 17.96 21.95 15.21 9.24 6.62 8.65 4.76 2.84 4.68 5.50 6.08 2.10 0.00 0.00 0.00 0.00 0.00
0.00 0.00 0.00 0.00 0.00 0.00 0.00 0.00 0.00 0.00 0.00 0.00 0.00 0.00 2.26 2.56 4.02 3.97 4.04 6.13 4.67 4.82 4.45 3.50 2.34 2.19 2.34 2.70 1.53 0.00 0.00 2.26 2.04 1.02 0.37 3.14 1.39 4.82 3.29 2.86 3.01 4.72 3.36 3.36 1.83 0.80 0.15 1.83 3.61 3.94 0.00 0.00 0.00 0.00 0.00 0.00 0.00 0.00 0.00 0.00 0.00 5.61 7.69 7.42 10.33 13.51 8.82 8.14 9.10 10.44 9.32 4.65 5.84 5.28 0.00 3.04 4.16 4.11 0.00 0.00 0.00 0.00 0.00 0.00
0.00 0.00 0.00 0.00 0.00 0.00 0.00 0.00 0.00 0.00 0.00 0.00 0.00 0.00 0.00 0.00 0.00 0.00 0.00 3.50 4.28 4.54 5.11 4.96 6.64 5.44 3.97 4.67 5.26 4.16 4.23 5.11 3.50 1.61 2.48 3.80 3.21 5.11 6.86 4.67 4.87 5.89 3.87 4.32 2.85 1.24 1.68 4.34 6.51 0.00 0.00 0.00 0.00 0.00 0.00 0.00 0.00 0.00 0.00 0.00 0.00 0.00 0.00 0.00 8.68 11.29 5.01 4.96 4.96 6.78 7.09 4.39 4.09 0.00 0.00 0.00 2.54 0.00 0.00 0.00 0.00 0.00 0.00 0.00
0.00 0.00 0.00 0.00 0.00 0.00 0.00 0.00 0.00 0.00 0.00 0.00 0.00 0.00 0.00 0.00 0.00 0.00 0.00 0.00 0.00 1.53 3.21 4.60 5.99 4.11 3.50 6.64 6.79 7.01 4.82 4.96 1.63 2.63 2.77 3.56 4.60 6.72 4.60 2.85 2.88 4.09 4.69 5.96 2.33 2.38 3.11 6.26 2.15 0.00 0.00 0.00 0.00 0.00 0.00 0.00 0.00 0.00 0.00 0.00 0.00 0.00 0.00 0.00 0.00 0.00 0.00 0.00 0.00 3.85 4.62 3.37 2.36 0.00 0.00 0.00 0.00 0.00 0.00 0.00 0.00 0.00 0.00 0.00
0.00 0.00 0.00 0.00 0.00 0.00 0.00 0.00 0.00 0.00 0.00 0.00 0.00 0.00 0.00 0.00 0.00 0.00 0.00 0.00 0.00 0.00 0.00 2.26 4.31 3.50 0.00 2.26 4.82 6.35 4.16 4.59 2.96 1.24 1.24 0.00 0.00 2.26 0.00 0.00 0.00 0.00 0.00 0.00 2.13 4.76 3.78 6.42 0.00 0.00 0.00 0.00 0.00 0.00 0.00 0.00 0.00 0.00 0.00 0.00 0.00 0.00 0.00 0.00 0.00 0.00 0.00 0.00 0.00 0.00 0.00 0.00 0.00 0.00 0.00 0.00 0.00 0.00 0.00 0.00 0.00 0.00 0.00 0.00
