Wansh/Snow_depth/snowdepth-1989/winter/1989349.txt
ncols 321
nrows 161
xllcenter 60
yllcenter 15 
cellsize  0.25 
NODATA_value -1
[rows 74 to 110 of 161, columns 84 to 167 of 321]
0.00 0.00 0.00 0.00 0.00 0.66 0.66 0.66 0.15 0.37 1.02 1.17 1.68 2.99 3.50 4.31 4.89 4.74 4.74 4.53 4.09 3.72 3.72 3.65 0.00 0.00 0.00 0.00 0.00 2.77 2.70 2.56 0.00 0.00 2.19 1.10 1.97 1.83 0.00 2.34 2.77 1.68 1.17 1.17 1.75 1.61 1.24 1.10 1.53 2.26 2.77 0.00 0.00 0.00 0.00 0.00 2.41 0.00 0.00 0.00 0.00 0.00 0.00 0.00 0.00 0.00 0.00 0.00 0.00 0.29 2.20 1.53 0.29 0.07 0.07 0.00 0.00 0.00 0.00 0.00 5.33 7.78 5.33 2.63
0.00 0.00 0.00 0.00 1.10 2.12 2.63 2.63 3.21 2.77 3.36 3.80 4.45 3.72 3.87 4.53 4.96 4.23 4.23 4.31 4.53 3.29 3.58 3.58 3.29 4.45 3.87 0.00 0.00 0.00 0.00 3.50 0.00 3.14 2.77 2.19 2.19 0.00 3.29 3.94 2.85 3.07 2.92 2.92 1.46 1.75 1.53 1.90 2.34 0.15 1.90 1.83 2.19 2.41 2.19 2.77 2.63 2.77 3.87 2.34 2.77 2.34 1.61 0.95 0.00 0.00 0.00 0.00 0.00 1.10 2.41 2.85 2.41 1.68 1.31 1.02 0.00 0.00 0.00 0.00 4.38 5.84 3.59 2.74
0.22 0.37 0.73 0.51 1.75 2.48 3.80 3.43 4.02 3.65 4.16 5.11 4.96 4.45 4.31 5.04 5.26 4.16 4.16 3.80 3.72 3.36 3.14 3.29 0.00 0.00 0.00 0.00 0.00 0.00 0.00 0.00 0.00 0.00 3.65 0.00 0.00 0.00 0.00 4.38 4.38 3.21 2.48 2.48 2.70 1.68 1.97 2.41 1.68 2.34 0.44 1.24 1.53 1.61 2.26 2.56 1.90 1.83 1.31 2.41 2.26 2.19 2.92 2.12 0.22 1.39 1.17 1.53 1.53 1.90 3.21 5.40 6.20 4.53 3.94 1.53 0.07 0.00 0.00 0.00 0.88 0.74 1.76 1.81
2.41 1.31 1.53 3.21 3.07 2.26 4.53 5.11 5.77 5.99 6.20 6.50 6.64 6.50 5.62 5.77 5.77 4.96 4.96 3.87 3.43 3.36 3.29 2.99 0.00 3.50 0.00 0.00 0.00 0.00 0.00 0.00 0.00 0.00 0.00 0.00 0.00 0.00 0.00 3.43 3.29 3.50 3.29 3.29 2.19 2.92 1.75 1.61 3.80 2.70 2.48 2.12 1.75 2.70 2.41 1.46 2.12 1.39 1.61 2.70 1.97 2.63 2.41 3.36 2.26 2.85 4.45 4.09 4.09 4.09 5.11 6.57 6.06 5.99 5.40 1.31 0.00 0.15 0.22 0.00 0.00 0.00 1.54 2.21
2.48 2.56 2.85 2.85 1.97 3.36 4.38 5.11 5.69 5.77 5.62 5.84 6.35 6.06 5.84 5.69 5.69 5.33 5.33 4.45 3.87 3.65 3.58 3.43 3.80 0.00 0.00 0.00 0.00 0.00 0.00 0.00 0.00 0.00 0.00 0.00 0.00 0.00 0.00 0.00 0.00 0.00 0.00 0.00 0.00 0.00 0.00 3.94 3.21 4.31 0.00 3.94 4.16 4.23 3.58 3.50 2.26 2.26 3.21 3.58 3.87 3.58 3.72 3.58 4.60 4.53 6.35 7.30 7.30 6.06 6.50 5.77 5.26 7.01 6.13 2.70 0.95 1.27 0.00 0.00 0.00 1.17 3.01 2.22
5.40 4.02 4.23 3.14 3.29 3.36 3.72 4.02 4.74 4.74 5.04 5.62 5.55 5.26 5.33 4.82 5.04 5.84 5.84 4.60 4.53 4.38 3.50 3.72 3.80 0.00 0.00 0.00 0.00 0.00 0.00 0.00 0.00 0.00 0.00 0.00 0.00 0.00 0.00 0.00 0.00 0.00 0.00 0.00 0.00 0.00 2.56 2.41 0.00 0.00 0.00 0.00 0.00 3.87 4.23 4.67 3.58 3.14 2.99 3.65 3.80 3.43 3.58 3.72 3.50 3.29 5.91 6.13 6.13 6.79 6.79 5.69 6.50 8.91 8.00 5.33 1.83 0.00 1.24 0.00 0.00 1.68 3.87 3.08
5.33 4.16 4.74 0.00 3.87 0.00 3.14 3.29 3.94 4.23 4.96 4.60 4.23 3.58 3.94 3.87 4.45 5.62 5.62 4.38 3.80 3.43 3.29 3.50 4.45 0.00 3.50 4.23 4.16 0.00 0.00 2.77 0.00 0.00 0.00 0.00 0.00 0.00 0.00 0.00 0.00 0.00 0.00 0.00 0.00 0.00 0.00 0.00 0.00 0.00 0.00 0.00 4.38 3.43 3.43 4.53 4.38 4.89 5.26 4.45 4.45 3.36 2.63 1.90 0.00 3.29 0.95 1.46 1.46 5.33 5.33 6.79 8.91 11.10 10.37 7.63 3.97 0.00 0.00 0.00 0.00 0.00 1.97 1.83
2.04 0.00 0.00 3.94 4.82 4.89 4.23 4.09 4.23 4.09 4.82 4.23 3.72 4.45 4.09 4.67 4.67 4.45 4.45 4.09 3.21 2.92 3.07 3.43 3.87 0.00 4.31 3.21 2.99 3.36 0.00 0.00 0.00 0.00 4.23 3.65 0.00 0.00 0.00 0.00 4.09 0.00 0.00 0.00 0.00 0.00 0.00 0.00 0.00 0.00 0.00 0.00 0.00 2.99 3.36 3.36 4.02 5.62 6.64 7.01 5.99 4.82 3.36 1.68 0.00 0.00 0.00 0.00 0.00 2.48 3.50 5.11 10.95 16.06 15.91 12.55 6.64 0.00 0.00 0.00 0.00 0.00 0.00 0.00
2.70 0.00 4.23 4.09 3.58 3.21 4.09 3.58 4.16 3.94 5.18 5.11 4.53 4.89 5.11 4.89 4.23 3.94 3.94 3.94 3.07 0.00 2.63 0.00 3.72 0.00 3.50 4.09 3.58 3.65 3.21 0.00 0.00 0.00 4.53 3.80 0.00 0.00 0.00 0.00 0.00 0.00 3.36 3.36 3.07 0.00 0.00 0.00 1.83 1.90 0.00 0.00 0.00 3.14 3.43 3.29 3.21 3.94 6.50 6.42 6.86 5.26 3.58 2.92 2.19 0.00 0.00 0.00 0.00 0.80 1.97 5.18 11.10 18.10 19.64 14.24 9.13 7.37 0.00 0.00 0.00 0.00 0.00 0.00
3.14 3.43 5.18 5.26 4.38 0.00 3.94 3.87 4.53 4.09 4.53 0.00 4.45 4.45 5.48 5.48 5.04 3.50 3.50 3.43 2.99 1.97 2.34 3.21 3.87 3.87 3.21 0.00 0.00 3.43 3.87 0.00 0.00 0.00 0.00 3.58 0.00 0.00 0.00 1.90 2.41 2.70 0.00 0.00 0.00 0.00 0.00 0.00 0.00 2.56 1.61 2.41 2.56 2.63 3.65 3.58 3.43 2.99 3.58 5.69 6.64 6.06 6.20 5.69 5.11 0.66 0.00 2.34 2.34 3.07 2.92 4.23 7.81 15.33 18.54 15.84 12.63 9.34 0.00 0.00 0.00 0.00 0.00 0.00
3.58 3.36 4.09 4.60 4.60 4.02 3.21 4.96 5.62 4.89 4.96 4.82 4.53 5.11 6.64 5.69 5.18 5.04 5.04 4.38 4.38 3.50 3.36 2.99 3.94 4.74 0.00 0.00 3.87 0.00 3.29 2.85 0.00 0.00 0.00 0.00 0.00 1.75 1.39 1.68 1.68 1.17 1.17 1.17 0.00 0.00 2.12 0.00 0.00 2.48 1.61 2.34 3.29 3.29 3.94 3.87 3.87 4.38 4.60 5.84 7.01 8.10 8.69 8.10 7.88 7.52 3.94 6.35 6.35 5.91 7.08 6.42 7.59 10.66 13.36 11.17 10.59 9.34 8.54 0.00 8.03 6.28 0.00 0.00
3.36 2.56 2.63 3.21 4.60 3.65 0.00 5.26 4.96 4.96 4.31 4.16 4.38 4.23 4.82 5.33 5.18 4.09 4.09 3.87 4.74 5.18 4.53 0.00 0.00 3.65 4.23 0.00 0.00 4.02 0.00 0.00 4.82 4.09 2.63 0.00 2.56 2.56 2.56 2.77 3.29 2.41 1.39 1.39 1.83 2.26 2.63 2.56 1.83 3.50 1.75 2.26 3.14 4.16 5.62 6.42 5.69 5.40 5.69 6.28 8.73 10.21 11.82 11.97 10.59 10.80 8.61 9.20 9.20 10.29 11.24 9.56 8.47 9.05 7.74 7.66 7.74 8.83 8.54 0.00 0.00 6.20 6.28 0.00
1.83 2.48 2.41 2.63 3.50 3.07 3.50 4.45 4.38 4.09 4.38 3.43 2.99 2.70 2.70 2.92 4.31 4.16 4.16 4.02 5.04 5.18 5.55 4.74 4.02 4.23 4.67 4.89 4.89 4.38 0.00 0.00 0.00 0.00 0.00 0.00 0.00 4.09 0.00 5.77 7.52 5.11 4.09 4.09 4.16 3.21 3.50 3.29 2.77 2.26 3.21 3.14 2.77 4.38 8.40 13.43 16.79 18.18 18.54 14.89 14.24 13.29 12.59 11.83 11.39 11.32 10.88 8.91 8.91 9.34 11.10 14.02 15.84 14.38 11.61 9.78 8.40 8.83 9.20 0.00 7.81 8.32 8.03 0.00
2.19 1.97 2.41 2.56 2.92 0.00 3.14 4.38 3.21 3.50 3.50 3.94 4.38 3.65 2.77 2.85 3.14 3.72 3.72 3.87 4.53 5.11 4.82 3.87 3.50 3.80 4.31 4.60 0.00 0.00 0.00 0.00 0.00 4.38 0.00 0.00 0.00 4.31 5.33 5.99 6.94 5.69 5.48 5.48 5.84 5.11 3.72 3.43 3.29 3.14 3.21 3.21 4.23 5.11 7.74 10.88 15.70 19.27 21.68 20.81 18.10 16.35 13.43 10.73 10.45 10.29 8.40 9.20 9.20 8.03 9.56 13.94 17.67 15.18 12.99 11.02 9.64 10.00 10.00 0.00 10.29 9.78 0.00 0.00
2.41 1.53 2.12 0.00 0.00 3.58 4.82 4.38 3.07 0.00 0.00 4.02 4.67 3.36 4.09 4.16 3.72 4.09 4.09 4.02 3.58 3.65 3.50 3.07 3.14 3.72 4.60 4.23 0.00 3.94 0.00 0.00 4.31 4.67 4.16 0.00 0.00 3.65 4.16 4.09 4.31 5.62 6.28 6.28 7.01 7.15 6.06 5.91 4.67 3.07 3.29 4.53 5.62 6.42 8.10 10.00 12.41 14.45 18.91 20.95 17.45 14.24 13.21 11.68 12.17 14.60 8.83 15.26 15.26 8.76 9.49 12.12 14.24 14.09 12.78 11.39 11.32 11.32 12.05 10.07 10.51 0.00 10.73 0.00
2.34 1.61 2.34 0.00 0.00 0.00 0.00 3.80 0.00 0.00 3.65 3.80 3.72 3.87 4.60 4.53 4.09 3.58 3.58 3.43 3.58 3.43 3.43 3.50 3.36 4.45 4.82 4.09 3.65 2.99 3.36 3.65 4.16 4.53 4.38 3.72 0.00 3.07 3.65 3.72 4.45 4.67 5.18 5.18 6.79 8.83 9.86 9.71 8.76 7.66 6.79 6.28 8.54 10.07 10.66 10.59 9.56 10.88 12.45 12.17 13.58 11.46 13.04 16.28 17.86 17.16 19.44 18.25 18.25 13.51 13.07 10.00 11.53 12.48 11.83 11.53 11.75 12.48 12.12 0.00 0.00 0.00 9.39 0.00
1.68 1.90 2.48 1.83 0.00 0.00 0.00 2.92 2.48 0.00 0.00 0.00 2.70 0.00 3.72 3.94 4.67 3.14 3.14 3.29 3.36 3.21 2.92 3.07 3.65 4.23 3.87 3.50 0.00 3.58 4.16 3.50 3.72 3.80 4.31 0.00 0.00 2.85 3.29 3.36 3.72 3.80 4.38 4.38 4.53 6.35 10.44 11.17 11.17 10.66 11.32 10.51 14.16 15.91 14.82 13.14 11.90 8.98 8.40 8.69 8.96 8.54 10.84 15.70 21.39 21.53 19.95 19.68 19.06 14.60 13.51 9.42 9.93 9.64 9.13 0.00 0.00 0.00 0.00 9.94 0.00 0.00 0.00 7.49
1.31 1.90 2.34 1.83 1.68 0.00 1.61 2.63 3.21 1.97 0.00 0.00 0.00 0.00 0.00 0.00 0.00 0.00 0.00 0.00 0.00 2.85 0.00 0.00 2.41 0.00 2.56 2.12 0.00 2.77 0.00 0.00 0.00 0.00 0.00 0.00 0.00 0.00 0.00 0.00 0.00 2.34 3.29 3.29 4.31 4.89 7.30 10.15 10.66 9.93 11.61 14.97 17.01 19.78 21.10 19.71 16.64 12.48 9.51 7.52 7.52 7.81 8.19 11.18 17.64 22.20 20.29 14.67 14.75 16.50 12.69 8.98 8.61 9.27 7.78 0.00 0.00 0.00 0.00 0.00 0.00 0.00 0.00 8.15
1.46 1.46 1.75 2.41 1.31 0.00 1.97 2.12 1.68 0.95 0.00 0.00 0.00 0.00 0.00 0.00 0.00 0.00 0.00 0.00 0.00 0.00 0.00 0.00 0.00 0.00 0.00 0.00 0.00 0.00 0.00 0.00 0.00 0.00 0.00 0.00 0.00 0.00 0.00 0.00 0.00 0.00 2.04 2.04 4.45 5.18 5.91 8.03 10.44 11.10 11.61 12.63 17.08 20.81 21.97 23.73 23.58 21.46 16.57 11.61 8.77 9.33 9.35 10.07 14.09 17.54 16.10 14.53 14.53 13.38 10.17 9.78 9.76 10.52 8.14 0.00 0.00 0.00 0.00 0.00 0.00 0.00 0.00 9.76
2.26 1.75 1.61 1.61 1.02 1.39 1.46 2.19 0.00 0.00 0.88 0.51 0.00 0.00 2.04 2.48 0.00 0.00 0.00 2.34 2.34 0.00 2.04 0.00 0.00 0.00 0.00 0.00 0.00 0.00 0.00 0.00 0.00 0.00 0.00 4.38 0.00 0.00 0.00 0.00 0.00 0.00 0.00 0.00 4.31 5.99 7.01 8.61 11.46 12.99 12.34 13.07 15.91 17.81 19.42 22.56 26.28 27.89 28.11 21.10 15.11 11.90 11.66 10.37 13.86 15.87 13.87 14.53 14.53 11.43 10.01 9.15 12.08 11.45 10.75 8.95 0.00 7.71 0.00 0.00 0.00 0.00 0.00 0.00
0.95 0.88 1.31 1.02 1.10 1.83 2.63 0.00 0.00 0.00 1.10 0.51 0.00 0.00 2.77 2.63 1.68 1.10 1.10 0.88 1.83 2.63 1.75 0.00 0.00 0.00 0.00 0.00 0.00 0.00 0.00 0.00 0.00 0.00 0.00 5.55 3.14 0.00 0.00 0.00 0.00 2.99 0.00 0.00 3.65 5.77 7.66 9.71 11.53 13.14 14.89 14.53 16.02 16.71 17.89 20.01 23.33 25.19 28.98 30.51 24.97 17.90 13.83 11.62 11.38 15.65 18.31 13.14 13.21 10.79 12.18 9.73 11.29 11.73 13.52 13.21 13.41 10.74 8.98 6.73 0.00 0.00 11.76 10.21
1.10 2.04 1.90 0.88 1.24 1.61 2.56 0.00 0.00 0.00 0.00 0.00 0.00 0.00 0.00 1.39 1.61 0.00 0.00 0.00 0.00 2.99 0.00 0.00 0.00 2.19 2.77 1.68 0.00 0.00 0.00 0.00 0.00 0.00 4.09 2.77 0.00 0.00 0.00 0.00 0.00 0.00 3.80 3.80 3.72 5.18 7.37 10.44 12.63 15.91 16.72 17.81 17.81 16.82 18.15 18.14 21.94 25.57 25.12 28.61 29.49 25.16 18.62 14.37 11.82 15.14 15.95 13.43 13.43 10.54 10.91 9.17 8.71 11.09 15.77 16.95 16.46 13.48 10.78 0.00 0.00 11.57 13.67 9.89
1.75 2.70 1.83 2.56 2.99 2.41 2.70 2.56 0.00 0.00 1.75 0.00 0.00 0.00 0.00 0.00 0.00 0.00 0.00 0.00 0.00 1.90 0.00 0.00 0.00 3.07 2.99 1.61 1.61 0.00 0.00 0.00 0.58 0.00 0.00 2.34 0.00 0.00 0.00 0.00 0.00 6.94 7.08 7.08 8.03 7.81 8.47 11.83 14.31 19.49 20.59 20.08 20.81 18.56 16.76 18.66 17.07 19.03 21.42 25.51 27.38 26.61 22.13 16.92 14.44 15.51 17.26 15.04 14.82 10.45 9.91 9.82 8.25 12.83 18.18 20.54 20.53 15.55 13.01 9.92 0.00 11.59 14.68 11.59
2.34 1.46 0.00 0.00 4.02 2.99 3.14 4.16 2.92 2.34 2.34 0.00 0.00 0.00 1.02 0.00 0.00 0.00 0.00 0.00 0.00 0.00 0.00 0.00 0.00 0.00 2.56 2.99 2.12 0.37 0.00 1.75 1.61 2.12 3.29 3.07 0.00 0.00 0.00 0.00 6.42 11.68 13.80 13.80 13.21 11.24 10.37 11.68 14.45 18.57 19.94 20.31 22.47 22.86 19.62 17.31 17.37 16.28 16.23 17.81 17.53 22.90 24.84 20.88 15.27 12.70 14.45 14.22 13.87 9.13 8.69 10.58 9.26 16.80 21.28 23.21 20.18 14.68 13.18 11.84 10.52 11.07 12.35 7.66
5.04 3.36 0.00 3.80 4.60 3.43 3.36 3.43 3.07 3.29 3.29 2.70 2.34 1.24 1.17 1.39 1.46 1.24 1.24 1.39 1.83 0.00 0.00 1.46 2.41 3.14 2.77 2.56 2.19 2.12 2.41 2.12 2.63 2.92 3.07 2.92 4.53 0.00 0.00 0.00 7.45 7.01 9.93 9.93 13.21 13.07 11.24 11.24 13.07 13.72 14.30 14.77 14.77 13.08 12.56 12.39 13.16 16.97 19.27 19.37 18.27 15.89 14.99 19.12 16.79 14.16 10.60 8.09 7.96 10.66 7.08 11.88 11.80 13.80 20.22 22.27 20.05 13.28 11.60 7.93 6.94 9.06 8.42 10.07
7.23 4.23 4.60 7.23 7.88 7.66 6.79 3.29 1.90 1.90 0.00 2.26 1.24 0.51 1.75 1.61 2.04 2.70 2.70 2.63 2.41 2.19 0.00 1.68 2.92 2.92 1.97 2.56 2.19 3.07 3.14 2.56 1.90 4.23 4.60 5.18 5.84 5.91 5.69 5.77 4.82 3.94 5.62 5.62 7.08 8.10 9.20 9.42 10.61 12.39 11.21 12.08 11.34 11.31 10.24 8.95 9.38 11.21 12.77 17.14 19.91 20.12 15.75 13.40 13.43 13.51 11.96 9.81 9.66 7.52 0.00 8.46 9.15 13.70 18.25 19.64 16.96 12.28 8.29 0.00 0.00 0.00 7.45 9.81
8.69 7.45 9.20 8.32 8.03 9.20 8.25 4.74 2.48 0.00 0.00 0.00 0.88 0.51 2.56 1.75 1.90 1.97 1.97 2.12 1.75 3.14 2.19 1.90 1.90 1.75 1.17 1.83 2.04 3.29 4.23 3.50 2.41 4.38 5.69 4.74 5.91 5.40 4.67 3.29 2.19 1.61 2.19 2.19 3.58 4.60 6.13 7.37 9.25 9.06 10.30 10.79 11.81 11.89 10.82 8.45 7.25 7.58 9.00 11.25 18.37 21.97 22.48 17.89 11.46 8.86 12.89 10.27 11.42 7.94 7.30 0.00 6.14 9.42 14.75 16.37 15.70 10.51 5.31 0.00 0.00 4.47 5.69 9.28
5.40 6.64 6.79 5.77 6.28 7.74 8.32 5.50 2.85 1.31 0.00 0.00 0.00 0.88 2.04 1.75 1.61 1.61 1.61 1.97 1.61 2.70 1.97 1.61 1.90 1.61 1.24 0.80 1.75 2.99 2.63 2.19 1.68 1.90 4.38 4.09 4.45 4.67 1.46 0.66 0.81 0.66 1.17 1.17 1.83 2.99 4.96 6.82 8.91 9.28 9.08 9.92 10.95 11.58 10.10 9.40 6.14 6.79 6.30 8.61 13.74 20.00 24.21 23.65 17.67 10.20 10.51 11.46 11.04 6.97 4.79 2.25 4.21 7.91 10.24 12.80 10.89 8.18 4.48 4.19 4.57 5.21 8.16 9.58
0.00 0.00 0.00 0.00 0.00 4.23 7.01 5.48 2.85 2.48 1.61 1.31 0.80 0.00 0.66 1.83 1.83 2.48 2.48 1.97 1.61 1.97 2.19 1.97 1.17 0.73 0.37 0.73 1.61 2.34 1.83 1.24 0.95 0.37 1.46 2.63 2.48 1.75 0.37 0.00 0.00 0.00 0.66 0.66 1.17 2.04 4.23 6.86 8.98 9.71 9.19 9.17 9.06 9.19 9.51 8.80 5.66 5.82 8.60 9.13 9.83 14.60 19.10 24.13 23.62 16.41 11.57 11.47 11.53 10.25 3.55 1.69 3.65 6.76 9.17 7.65 6.26 5.65 3.39 3.77 4.68 7.63 8.38 9.33
0.00 0.00 0.00 0.00 0.00 0.00 5.77 5.48 4.31 2.26 1.90 1.75 1.24 0.00 0.00 1.39 1.46 2.12 2.12 1.46 1.53 1.61 1.46 1.24 1.17 0.73 0.73 0.44 0.58 0.80 0.00 0.66 0.07 0.00 0.00 1.46 1.17 0.00 0.00 0.00 0.00 0.00 0.22 0.22 1.83 1.53 2.86 4.96 5.93 8.05 9.34 9.70 12.18 10.15 7.50 7.17 7.01 7.72 6.52 7.65 10.50 12.50 14.84 18.51 21.04 23.17 14.76 11.38 13.31 11.11 3.38 5.13 3.79 4.49 5.33 3.59 3.89 3.58 2.64 2.15 4.00 6.30 7.79 8.18
0.00 0.00 0.00 0.00 0.00 0.00 4.67 6.35 5.77 3.58 3.43 3.36 1.68 2.04 0.00 0.95 0.95 1.10 1.10 0.00 0.00 0.00 0.73 1.02 0.73 0.51 0.00 0.00 0.00 0.00 0.00 0.15 0.00 0.00 0.00 0.44 0.00 0.00 0.00 0.00 0.00 0.00 0.00 0.00 0.00 1.53 1.03 1.90 3.61 5.24 5.11 6.55 7.97 7.84 8.72 8.20 7.44 5.34 6.24 11.36 12.61 11.19 12.12 16.95 18.29 19.33 21.63 13.21 14.78 13.09 11.00 6.50 4.66 2.74 2.34 3.28 3.57 2.63 1.83 2.86 0.00 6.14 8.12 8.53
0.00 0.00 0.00 0.00 0.00 0.00 2.70 3.43 3.94 4.16 3.87 2.48 3.14 4.02 3.36 3.78 2.73 1.75 1.75 0.00 0.00 0.15 0.00 0.15 0.58 2.04 0.58 0.44 0.51 0.00 0.00 0.00 0.00 0.00 0.00 0.00 0.37 0.00 0.00 0.00 0.00 0.00 0.37 0.37 0.73 0.07 0.07 0.52 3.67 5.35 6.18 7.55 8.12 5.50 5.20 0.00 0.00 0.00 0.00 7.44 10.17 14.96 11.89 12.53 17.58 19.03 24.06 16.13 16.47 11.64 10.75 7.98 7.12 2.70 2.15 1.26 4.00 3.30 2.14 0.85 0.00 0.00 5.88 7.25
0.00 0.00 0.00 0.00 0.00 0.00 0.00 0.00 4.23 4.89 4.02 3.87 5.11 5.40 5.55 5.87 5.40 4.11 3.84 3.36 1.39 1.46 1.17 0.80 0.88 1.10 1.10 0.00 0.51 0.22 0.15 0.07 0.00 0.00 0.00 0.00 0.00 0.00 0.00 0.00 1.97 1.02 0.80 0.80 0.15 0.29 0.59 2.24 4.53 7.01 10.80 7.73 8.71 5.03 0.00 0.00 0.00 0.00 0.00 0.00 6.91 10.53 12.23 9.39 17.69 20.89 19.16 19.44 23.76 17.03 11.24 9.16 8.47 4.34 2.84 1.74 5.50 5.90 3.01 0.00 0.00 0.00 0.00 0.00
0.00 0.00 0.00 0.00 0.00 0.00 0.00 0.00 0.00 0.00 0.00 0.00 1.75 0.00 0.00 2.99 2.99 4.36 4.43 5.55 5.18 5.04 5.18 4.16 3.80 2.77 4.38 2.41 0.00 0.00 2.12 2.19 1.31 0.73 1.75 4.31 4.09 4.60 4.38 3.74 4.67 4.72 3.07 3.07 1.39 1.10 1.02 3.30 4.78 4.26 0.00 0.00 0.00 0.00 0.00 0.00 0.00 0.00 0.00 0.00 0.00 6.14 7.04 10.01 14.36 11.88 12.01 10.71 11.98 11.89 10.55 7.16 6.46 4.66 2.32 2.84 4.24 3.56 0.00 0.00 0.00 0.00 0.00 0.00
0.00 0.00 0.00 0.00 0.00 0.00 0.00 0.00 0.00 0.00 0.00 0.00 0.00 0.00 0.00 0.00 0.00 1.24 1.24 3.36 4.60 3.86 5.77 4.96 5.40 4.74 4.94 4.60 5.04 4.89 3.65 3.87 4.16 1.83 2.34 5.18 6.13 6.42 6.28 6.13 6.96 6.49 4.96 5.55 3.50 2.56 2.41 4.19 6.51 5.46 0.00 0.00 0.00 0.00 0.00 0.00 0.00 0.00 0.00 0.00 0.00 0.00 0.00 5.50 9.94 8.17 5.68 4.96 4.96 6.95 6.98 5.51 5.39 3.32 0.00 2.49 2.80 0.00 0.00 0.00 0.00 0.00 0.00 0.00
0.00 0.00 0.00 0.00 0.00 0.00 0.00 0.00 0.00 0.00 0.00 0.00 0.00 0.00 0.00 0.00 0.00 0.00 0.00 0.00 0.00 2.41 4.89 5.04 7.45 6.53 5.44 5.04 6.28 7.01 5.33 5.40 4.08 2.77 1.97 2.87 4.67 6.20 6.42 4.16 3.47 3.87 5.67 7.20 4.15 2.46 3.43 5.28 6.01 0.00 0.00 0.00 0.00 0.00 0.00 0.00 0.00 0.00 0.00 0.00 0.00 0.00 0.00 0.00 0.00 0.00 0.00 0.00 0.00 2.71 4.72 3.93 0.00 0.00 0.00 0.00 0.00 0.00 0.00 0.00 0.00 0.00 0.00 0.00
0.00 0.00 0.00 0.00 0.00 0.00 0.00 0.00 0.00 0.00 0.00 0.00 0.00 0.00 0.00 0.00 0.00 0.00 0.00 0.00 0.00 0.00 0.00 1.53 2.77 2.70 0.00 2.99 4.96 6.35 4.38 4.82 4.44 2.12 1.90 0.00 0.00 2.99 2.48 0.00 0.00 0.00 0.00 0.00 2.31 4.33 1.56 2.77 0.00 0.00 0.00 0.00 0.00 0.00 0.00 0.00 0.00 0.00 0.00 0.00 0.00 0.00 0.00 0.00 0.00 0.00 0.00 0.00 0.00 0.00 0.00 0.00 0.00 0.00 0.00 0.00 0.00 0.00 0.00 0.00 0.00 0.00 0.00 0.00
