Wansh/Snow_depth/snowdepth-1994/spring/1994087.txt
ncols 321
nrows 161
xllcenter 60
yllcenter 15 
cellsize  0.25 
NODATA_value -1
[rows 0 to 36 of 161, columns 84 to 167 of 321]
0.00 0.00 0.00 0.00 0.00 0.00 0.00 0.00 0.00 0.00 0.00 0.00 16.94 18.83 18.83 21.46 17.67 17.67 17.67 17.96 16.79 13.36 0.00 0.00 0.00 0.00 0.00 0.00 0.00 0.00 0.00 0.00 0.00 0.00 0.00 0.00 0.00 0.00 0.00 0.00 0.00 0.00 0.00 0.00 0.00 0.00 0.00 0.00 0.00 0.00 0.00 0.00 0.00 0.00 0.00 0.00 0.00 0.00 0.00 0.00 0.00 0.00 0.00 0.00 0.00 0.00 0.00 0.00 0.00 0.00 6.94 6.94 9.34 9.49 7.81 9.56 8.98 13.87 12.78 15.62 13.43 14.45 11.75 11.83
0.00 0.00 0.00 0.00 0.00 0.00 0.00 24.09 21.90 20.44 21.39 18.61 14.38 13.80 11.39 10.37 12.12 15.99 15.99 14.89 15.62 11.39 0.00 0.00 0.00 0.00 0.00 0.00 0.00 0.00 0.00 0.00 0.00 0.00 0.00 0.00 0.00 0.00 0.00 0.00 0.00 0.00 0.00 0.00 0.00 0.00 0.00 0.00 0.00 0.00 0.00 0.00 0.00 0.00 0.00 0.00 0.00 0.00 0.00 0.00 0.00 0.00 0.00 0.00 0.00 0.00 0.00 8.10 8.10 0.00 7.45 8.25 8.18 7.37 10.00 10.00 16.64 14.09 15.18 16.06 14.60 12.12 12.41 11.83
0.00 0.00 0.00 0.00 0.00 0.00 20.44 18.03 19.71 20.15 17.74 13.36 14.31 10.29 8.91 8.83 9.56 0.00 0.00 0.00 0.00 0.00 0.00 0.00 0.00 0.00 0.00 0.00 0.00 0.00 0.00 0.00 0.00 0.00 0.00 0.00 0.00 0.00 0.00 0.00 0.00 0.00 0.00 0.00 0.00 0.00 0.00 0.00 0.00 0.00 0.00 0.00 0.00 0.00 0.00 0.00 0.00 3.50 5.04 5.18 5.40 5.33 7.08 7.88 5.18 6.50 8.98 8.47 8.47 11.17 10.66 10.66 9.64 7.96 8.03 16.06 14.24 19.86 17.89 18.76 16.43 16.13 18.18 17.08
0.00 0.00 0.00 0.00 0.00 0.00 20.44 18.03 19.71 20.15 17.74 13.36 14.31 10.29 8.91 8.83 9.56 0.00 0.00 0.00 0.00 0.00 0.00 0.00 0.00 0.00 0.00 0.00 0.00 0.00 0.00 0.00 0.00 0.00 0.00 0.00 0.00 0.00 0.00 0.00 0.00 0.00 0.00 0.00 0.00 0.00 0.00 0.00 0.00 0.00 0.00 0.00 0.00 0.00 0.00 0.00 0.00 3.50 5.04 5.18 5.40 5.33 7.08 7.88 5.18 6.50 8.98 8.47 8.47 11.17 10.66 10.66 9.64 7.96 8.03 16.06 14.24 19.86 17.89 18.76 16.43 16.13 18.18 17.08
0.00 0.00 0.00 0.00 0.00 14.09 0.00 13.58 17.37 0.00 12.05 13.87 11.83 11.90 12.63 12.19 9.42 0.00 0.00 0.00 0.00 0.00 0.00 0.00 0.00 0.00 0.00 0.00 0.00 0.00 0.00 0.00 0.00 0.00 0.00 0.00 0.00 0.00 0.00 0.00 0.00 0.00 0.00 0.00 0.00 0.00 0.00 0.00 0.00 0.00 0.00 0.00 0.00 0.00 0.00 0.00 2.56 0.00 4.45 6.50 6.28 8.18 8.76 8.76 10.51 10.29 11.10 12.48 12.48 12.48 11.61 10.51 10.73 8.54 0.00 0.00 9.27 12.26 12.26 13.21 15.18 17.16 16.94 17.67
0.00 0.00 0.00 0.00 12.05 14.53 11.75 0.00 0.00 0.00 0.00 0.00 0.00 13.07 12.12 13.65 0.00 0.00 0.00 0.00 0.00 0.00 0.00 0.00 0.00 0.00 0.00 0.00 0.00 0.00 0.00 0.00 0.00 0.00 0.00 0.00 0.00 0.00 0.00 0.00 0.00 0.00 0.00 0.00 0.00 0.00 0.00 0.00 0.00 0.00 0.00 0.00 0.00 0.00 0.00 0.00 0.00 4.02 3.58 5.99 7.96 7.81 11.97 12.56 12.41 11.46 11.10 10.95 10.95 11.32 11.17 11.17 12.12 10.29 8.18 6.20 6.20 8.10 9.20 8.91 12.85 16.28 15.62 17.37
0.00 0.00 0.00 17.45 17.16 17.16 13.58 0.00 0.00 0.00 0.00 0.00 0.00 0.00 0.00 0.00 0.00 0.00 0.00 0.00 0.00 0.00 0.00 0.00 0.00 0.00 0.00 0.00 0.00 0.00 0.00 0.00 0.00 0.00 0.00 0.00 0.00 0.00 0.00 0.00 0.00 0.00 0.00 0.00 0.00 0.00 0.00 0.00 0.00 0.00 0.00 0.00 0.00 0.00 0.00 0.00 4.53 4.09 5.84 6.42 7.96 11.75 10.95 12.70 13.21 13.21 12.48 11.53 11.53 11.75 11.61 12.34 12.12 12.48 11.68 11.90 11.39 9.86 10.22 8.91 8.54 8.47 10.95 16.43
0.00 0.00 0.00 17.45 17.16 17.16 13.58 0.00 0.00 0.00 0.00 0.00 0.00 0.00 0.00 0.00 0.00 0.00 0.00 0.00 0.00 0.00 0.00 0.00 0.00 0.00 0.00 0.00 0.00 0.00 0.00 0.00 0.00 0.00 0.00 0.00 0.00 0.00 0.00 0.00 0.00 0.00 0.00 0.00 0.00 0.00 0.00 0.00 0.00 0.00 0.00 0.00 0.00 0.00 0.00 0.00 4.53 4.09 5.84 6.42 7.96 11.75 10.95 12.70 13.21 13.21 12.48 11.53 11.53 11.75 11.61 12.34 12.12 12.48 11.68 11.90 11.39 9.86 10.22 8.91 8.54 8.47 10.95 16.43
0.00 0.00 17.23 16.43 0.00 0.00 0.00 0.00 0.00 0.00 0.00 0.00 0.00 0.00 0.00 0.00 0.00 0.00 0.00 0.00 0.00 0.00 0.00 0.00 0.00 0.00 0.00 0.00 0.00 0.00 0.00 0.00 0.00 0.00 0.00 0.00 0.00 0.00 0.00 0.00 0.00 0.00 0.00 0.00 0.00 0.00 0.00 0.00 0.00 0.00 0.00 4.02 0.00 0.00 0.00 0.00 0.00 4.16 4.09 5.48 6.86 6.57 10.59 10.51 12.12 13.65 12.78 11.83 11.83 11.75 11.61 12.63 12.41 12.70 11.39 11.90 11.90 11.83 11.24 11.46 8.83 8.03 8.03 11.75
13.94 16.43 14.38 11.75 0.00 0.00 0.00 0.00 0.00 0.00 0.00 0.00 0.00 0.00 0.00 0.00 0.00 0.00 0.00 7.30 0.00 0.00 0.00 0.00 0.00 0.00 0.00 0.00 0.00 0.00 0.00 0.00 0.00 0.00 0.00 0.00 0.00 0.00 0.00 0.00 0.00 0.00 0.00 0.00 0.00 0.00 0.00 0.00 0.00 0.00 0.00 4.96 8.25 5.33 4.23 3.94 4.38 5.11 4.96 4.96 6.13 8.54 8.54 9.42 10.51 11.53 11.53 11.90 11.90 11.53 12.63 12.56 12.92 11.10 10.80 10.80 15.48 19.05 18.69 15.70 10.59 11.83 7.08 5.62
0.00 0.00 0.00 11.17 0.00 0.00 0.00 0.00 0.00 0.00 0.00 0.00 0.00 0.00 0.00 0.00 0.00 7.74 7.74 7.66 8.18 0.00 0.00 0.00 0.00 0.00 0.00 0.00 0.00 0.00 0.00 0.00 0.00 0.00 0.00 0.00 0.00 0.00 0.00 0.00 0.00 0.00 4.60 4.60 3.14 2.99 0.00 0.00 0.00 0.00 9.20 4.89 10.95 8.98 10.66 5.40 6.86 6.28 9.78 9.86 6.50 9.20 8.69 9.13 9.13 11.10 10.88 13.29 13.29 14.89 15.04 13.65 11.83 12.34 11.17 14.60 13.07 19.93 17.59 18.98 12.92 8.10 8.76 6.28
0.00 0.00 0.00 11.17 0.00 0.00 0.00 0.00 0.00 0.00 0.00 0.00 0.00 0.00 0.00 0.00 0.00 7.74 7.74 7.66 8.18 0.00 0.00 0.00 0.00 0.00 0.00 0.00 0.00 0.00 0.00 0.00 0.00 0.00 0.00 0.00 0.00 0.00 0.00 0.00 0.00 0.00 4.60 4.60 3.14 2.99 0.00 0.00 0.00 0.00 9.20 4.89 10.95 8.98 10.66 5.40 6.86 6.28 9.78 9.86 6.50 9.20 8.69 9.13 9.13 11.10 10.88 13.29 13.29 14.89 15.04 13.65 11.83 12.34 11.17 14.60 13.07 19.93 17.59 18.98 12.92 8.10 8.76 6.28
0.00 0.00 0.00 0.00 0.00 0.00 0.00 0.00 0.00 0.00 0.00 0.00 0.00 0.00 0.00 3.87 7.81 8.47 8.47 0.00 0.00 0.00 0.00 0.00 0.00 0.00 0.00 0.00 0.00 0.00 3.07 0.00 0.00 0.00 4.53 5.26 2.85 7.59 3.43 3.14 6.57 5.69 5.69 5.69 5.62 3.87 3.87 6.94 5.40 10.51 10.15 13.87 9.49 11.39 5.55 5.33 7.01 11.39 11.10 11.02 10.37 10.29 9.20 9.13 8.83 10.59 12.48 12.12 12.12 14.89 16.06 15.18 15.77 13.07 13.07 12.70 16.35 18.32 18.47 16.50 14.45 14.09 10.88 9.42
0.00 0.00 0.00 0.00 0.00 0.00 0.00 0.00 0.00 0.00 0.00 0.00 0.00 0.00 0.00 4.82 5.55 8.47 8.47 0.00 0.00 0.00 0.00 0.00 0.00 0.00 0.00 0.00 5.62 5.33 4.45 10.88 10.80 10.95 7.66 12.48 9.42 9.49 8.18 7.23 7.23 10.07 8.10 8.10 7.23 14.97 13.58 17.37 17.96 13.94 13.43 13.94 9.05 7.23 4.02 8.47 17.67 16.35 13.29 8.91 9.34 8.47 9.05 8.69 11.02 12.12 12.05 14.89 14.89 16.50 16.50 16.28 14.16 14.60 13.36 14.67 13.94 14.89 15.48 15.18 15.62 12.99 11.75 12.05
0.00 0.00 0.00 0.00 0.00 0.00 0.00 0.00 0.00 0.00 0.00 0.00 0.00 0.00 11.17 8.83 6.06 0.00 0.00 0.00 0.00 0.00 3.87 3.36 2.26 5.33 6.06 6.64 7.59 10.88 12.78 12.34 13.51 12.99 13.07 12.56 7.74 8.10 7.74 14.97 13.58 14.02 18.47 18.47 18.61 18.54 16.86 18.98 15.48 15.70 14.31 11.32 12.34 11.83 19.35 11.46 21.61 15.33 17.59 5.84 0.00 5.48 6.79 8.61 8.32 10.59 11.61 11.61 11.61 12.26 13.65 13.36 11.97 11.75 14.53 13.58 12.19 6.06 7.23 12.19 17.08 12.99 13.72 12.48
0.00 0.00 0.00 0.00 0.00 0.00 0.00 0.00 0.00 0.00 0.00 0.00 0.00 0.00 8.69 7.52 6.57 9.05 9.05 7.45 6.06 6.50 4.31 4.89 6.13 7.59 8.10 7.96 7.15 9.42 13.65 12.12 11.39 11.75 10.00 7.45 7.88 9.56 18.54 17.74 19.35 16.79 16.79 16.79 17.08 12.34 9.56 9.78 12.12 13.29 11.97 12.63 12.70 12.63 17.59 18.54 18.47 16.13 5.84 7.45 3.50 5.99 5.48 5.33 6.79 6.79 11.10 12.26 12.26 12.19 13.07 11.83 11.61 11.32 15.33 14.45 15.70 8.83 9.20 12.48 15.77 12.70 9.42 13.21
0.00 0.00 0.00 0.00 0.00 0.00 0.00 0.00 0.00 0.00 0.00 0.00 0.00 0.00 8.69 7.52 6.57 9.05 9.05 7.45 6.06 6.50 4.31 4.89 6.13 7.59 8.10 7.96 7.15 9.42 13.65 12.12 11.39 11.75 10.00 7.45 7.88 9.56 18.54 17.74 19.35 16.79 16.79 16.79 17.08 12.34 9.56 9.78 12.12 13.29 11.97 12.63 12.70 12.63 17.59 18.54 18.47 16.13 5.84 7.45 3.50 5.99 5.48 5.33 6.79 6.79 11.10 12.26 12.26 12.19 13.07 11.83 11.61 11.32 15.33 14.45 15.70 8.83 9.20 12.48 15.77 12.70 9.42 13.21
0.00 0.00 0.00 0.00 0.00 0.00 0.00 0.00 0.00 0.00 0.00 6.42 7.37 7.74 8.18 7.30 9.20 8.98 8.98 7.88 5.18 5.04 3.65 4.02 4.67 6.57 6.86 6.20 6.13 7.81 8.98 10.00 10.15 10.95 11.17 8.10 10.73 9.71 16.13 11.10 10.95 11.68 8.54 8.54 8.69 9.86 10.07 14.24 13.29 12.34 13.51 13.65 14.09 14.67 14.02 14.53 10.44 11.53 7.81 5.84 5.11 8.91 8.40 9.20 7.66 10.44 13.14 12.99 12.99 16.72 15.26 16.21 11.68 12.56 11.61 11.97 7.96 6.28 6.20 9.34 11.17 8.25 8.76 7.59
0.00 0.00 0.00 0.00 0.00 0.00 0.00 0.00 0.00 0.00 6.79 6.28 7.96 7.96 8.83 9.49 9.34 9.27 9.27 9.20 8.54 6.42 4.16 5.40 6.28 5.91 7.52 7.08 7.45 9.34 8.76 11.32 13.58 12.41 12.92 9.78 8.98 5.33 4.96 5.84 4.16 4.23 8.32 8.32 11.90 10.44 11.90 16.64 21.83 20.73 16.72 15.77 16.06 15.18 13.87 12.63 11.53 9.86 9.93 11.61 14.31 15.70 12.70 9.86 10.73 10.66 13.58 17.45 17.45 16.72 17.45 11.68 10.51 10.44 10.00 7.66 8.61 6.79 7.30 6.13 6.86 6.42 5.62 5.77
0.00 0.00 0.00 0.00 0.00 0.00 0.00 0.00 0.00 0.00 9.13 9.05 9.93 8.10 7.59 3.94 7.01 8.32 8.32 8.91 8.76 8.54 8.25 6.20 6.64 10.44 9.71 10.15 8.76 6.64 6.64 6.57 11.17 8.76 10.07 10.59 6.50 2.04 0.58 0.58 2.70 4.96 4.31 4.31 11.39 18.91 20.00 18.83 23.65 21.32 21.97 15.62 15.26 15.77 13.87 14.82 15.48 12.70 13.07 13.51 13.07 15.40 14.02 14.38 13.29 13.72 16.43 15.55 15.55 13.72 4.89 11.02 7.08 2.70 4.23 4.31 3.07 4.89 4.67 5.48 6.06 6.79 6.06 6.72
0.00 0.00 0.00 0.00 0.00 0.00 0.00 0.00 0.00 0.00 15.84 16.13 14.67 13.51 0.00 0.00 4.82 6.72 6.72 8.18 9.49 9.93 9.71 8.98 10.22 12.05 12.05 12.63 7.30 8.69 4.89 3.80 5.99 5.84 4.89 3.72 4.23 2.19 0.00 0.00 0.58 4.31 6.28 6.28 6.20 15.48 16.43 12.92 21.83 18.32 14.16 13.51 12.56 14.38 14.31 15.04 15.99 14.02 14.53 13.14 13.65 13.51 13.72 13.94 14.09 13.51 14.75 11.39 11.39 12.92 4.02 0.66 0.73 0.00 2.19 1.53 1.61 1.97 3.65 1.68 3.58 2.92 5.04 6.42
0.00 0.00 0.00 0.00 0.00 0.00 0.00 0.00 12.26 18.54 16.94 21.46 0.00 0.00 0.00 0.00 4.60 6.20 6.20 7.23 9.71 10.59 8.83 11.68 10.73 12.85 16.72 14.67 11.46 11.61 9.49 3.94 3.36 3.43 3.50 1.83 0.66 0.44 0.00 0.00 2.34 3.94 3.58 3.58 1.75 8.40 8.91 6.64 4.23 4.38 9.05 8.61 7.52 7.30 9.20 14.89 14.89 12.56 9.64 9.64 10.66 11.97 14.75 14.16 13.94 14.02 13.80 12.26 12.26 6.94 7.96 4.02 1.24 2.92 1.31 1.68 0.00 0.95 0.00 0.00 1.17 3.36 0.00 0.00
0.00 0.00 0.00 0.00 0.00 0.00 0.00 0.00 12.26 18.54 16.94 21.46 0.00 0.00 0.00 0.00 4.60 6.20 6.20 7.23 9.71 10.59 8.83 11.68 10.73 12.85 16.72 14.67 11.46 11.61 9.49 3.94 3.36 3.43 3.50 1.83 0.66 0.44 0.00 0.00 2.34 3.94 3.58 3.58 1.75 8.40 8.91 6.64 4.23 4.38 9.05 8.61 7.52 7.30 9.20 14.89 14.89 12.56 9.64 9.64 10.66 11.97 14.75 14.16 13.94 14.02 13.80 12.26 12.26 6.94 7.96 4.02 1.24 2.92 1.31 1.68 0.00 0.95 0.00 0.00 1.17 3.36 0.00 0.00
0.00 0.00 0.00 0.00 0.00 0.00 0.00 10.51 13.36 17.89 21.46 23.94 0.00 0.00 8.47 0.00 6.35 6.79 6.79 7.08 8.10 8.61 8.83 10.88 15.18 16.13 15.84 16.13 11.97 9.05 10.15 5.26 4.16 2.04 0.51 0.73 0.15 0.00 0.00 0.00 0.95 0.07 1.39 1.39 0.07 0.00 0.00 0.00 0.00 0.00 0.00 4.60 4.38 5.11 3.65 2.77 1.39 8.47 6.35 9.49 8.54 11.39 14.45 16.64 16.43 15.70 12.12 11.90 11.90 11.61 13.65 10.00 5.55 6.28 2.41 0.44 0.95 0.00 0.51 0.00 0.00 0.00 0.00 0.00
0.00 0.00 0.00 0.00 0.00 0.00 0.00 10.73 13.65 21.75 21.39 20.73 9.78 11.10 10.51 9.42 9.78 13.21 13.21 13.65 12.63 12.99 11.02 16.39 16.29 16.54 14.23 12.70 12.92 11.02 10.59 5.62 5.69 4.45 0.58 0.51 0.37 0.00 0.29 0.66 0.66 0.00 0.00 0.00 0.00 0.00 0.00 0.00 0.00 0.00 0.00 0.00 0.00 0.00 0.00 0.00 0.00 0.00 0.73 4.31 9.13 11.17 10.29 15.04 15.04 15.04 13.43 10.51 10.51 12.19 11.53 12.48 7.23 6.35 4.96 1.53 1.61 0.73 0.00 0.00 0.00 0.00 0.00 0.00
0.00 0.00 0.00 0.00 0.00 0.00 14.67 23.07 20.73 23.51 20.81 15.70 9.93 10.51 9.34 4.09 7.88 13.07 13.07 14.82 15.84 13.51 16.72 16.38 19.01 14.97 16.16 15.73 16.35 16.13 14.89 11.61 6.57 7.74 2.04 1.46 2.26 0.88 0.37 1.24 0.00 0.37 0.00 0.00 0.00 0.00 0.00 0.00 0.00 0.00 0.00 0.00 0.00 0.00 0.00 0.00 0.00 0.00 0.00 0.00 0.00 4.45 5.62 10.00 10.80 8.40 13.07 11.10 11.10 10.95 11.83 9.86 7.15 7.66 4.89 2.70 2.70 1.75 0.73 0.73 0.00 0.00 0.00 0.00
0.00 0.00 0.00 0.00 0.00 0.00 11.39 20.81 23.51 21.17 15.04 16.79 5.84 0.00 0.00 4.31 3.43 8.54 8.54 11.10 0.80 4.67 8.88 3.76 11.57 9.83 15.45 15.26 17.76 15.94 15.84 14.02 11.17 9.86 11.46 3.58 4.89 1.83 1.10 1.39 0.29 0.00 0.00 0.00 0.00 0.00 0.00 0.00 0.00 0.00 0.00 0.00 0.00 0.00 0.00 0.00 0.00 0.00 0.00 0.00 2.99 0.00 4.82 6.28 7.08 6.79 12.48 15.70 15.70 13.65 14.53 10.88 8.18 5.69 6.20 5.04 4.09 2.04 1.10 1.02 0.00 0.00 0.00 0.00
0.00 0.00 0.00 0.00 0.00 0.00 7.37 17.23 12.05 17.16 14.82 0.00 0.00 0.00 0.00 0.00 0.00 0.00 0.00 0.00 0.00 0.00 0.00 0.00 3.34 4.96 13.40 12.14 18.31 13.27 16.07 15.33 15.48 14.53 14.82 9.34 9.49 7.74 1.61 0.51 1.31 0.00 0.00 0.00 0.66 0.00 0.00 0.00 0.00 0.00 0.00 0.00 0.00 0.00 0.00 0.00 0.00 0.00 0.00 0.00 0.00 3.94 3.07 7.45 8.76 11.68 10.51 15.55 15.55 15.18 11.32 7.45 4.60 4.74 4.67 3.94 2.04 2.41 1.17 1.53 0.00 0.00 0.00 0.00
0.00 0.00 0.00 0.00 0.00 0.00 7.37 17.23 12.05 17.16 14.82 0.00 0.00 0.00 0.00 0.00 0.00 0.00 0.00 0.00 0.00 0.00 0.00 0.00 3.29 4.96 12.99 11.28 17.11 13.48 16.23 15.97 17.39 15.37 15.20 9.34 9.49 7.74 1.61 0.51 1.31 0.00 0.00 0.00 0.66 0.00 0.00 0.00 0.00 0.00 0.00 0.00 0.00 0.00 0.00 0.00 0.00 0.00 0.00 0.00 0.00 3.94 3.07 7.45 8.76 11.68 10.51 15.55 15.55 15.18 11.32 7.45 4.60 4.74 4.67 3.94 2.04 2.41 1.17 1.53 0.00 0.00 0.00 0.00
0.00 0.00 0.00 0.00 0.00 2.41 5.77 4.96 6.86 11.83 11.46 0.00 0.00 0.00 0.00 0.00 0.00 0.00 0.00 0.00 0.00 0.00 0.00 0.00 0.00 0.22 6.34 2.13 1.17 8.51 4.20 13.62 13.50 17.59 17.01 18.46 11.65 11.83 10.37 2.41 0.88 2.19 0.88 0.88 0.00 0.00 0.00 0.00 0.00 0.00 0.00 0.00 0.00 0.00 0.00 0.00 0.00 0.00 0.00 0.00 0.00 0.00 0.00 7.81 14.67 14.09 14.53 14.45 14.45 11.17 12.56 6.94 4.16 4.45 4.09 4.38 5.18 3.21 1.53 2.34 0.00 0.00 0.00 0.00
0.00 0.00 0.00 0.00 0.00 0.00 3.72 6.06 10.95 10.73 10.51 0.00 0.00 0.00 0.00 0.00 0.00 0.00 0.00 0.00 0.00 0.00 0.00 0.00 0.00 0.00 0.00 0.00 0.00 0.00 0.00 5.55 8.91 19.44 18.76 20.91 16.75 14.45 16.57 6.79 6.13 4.82 6.35 6.35 1.24 0.00 0.00 0.00 0.00 0.00 0.00 0.00 0.00 0.00 0.00 0.00 0.00 0.00 0.00 0.00 0.00 0.00 0.00 2.63 14.02 14.09 14.67 13.43 13.43 11.75 5.69 6.57 4.45 1.68 2.99 5.77 4.23 4.60 4.67 3.87 2.26 0.00 0.00 0.00
0.00 0.00 0.00 0.00 0.00 0.00 6.57 11.02 13.72 10.80 0.66 2.26 0.51 0.00 0.00 4.23 5.69 2.92 2.92 4.02 1.10 0.00 0.00 0.00 0.00 0.00 0.00 0.00 0.00 0.00 0.00 0.00 2.41 5.91 18.75 18.06 22.54 21.02 20.66 21.97 12.85 9.34 5.04 5.04 6.06 0.22 0.00 0.00 0.00 0.00 0.00 0.00 0.00 0.00 0.00 0.00 0.00 0.00 0.00 0.00 0.00 0.00 0.51 0.00 6.86 11.02 6.57 6.42 6.42 4.60 4.74 1.61 0.80 1.10 0.88 3.65 6.06 7.88 5.69 8.69 7.23 3.87 4.82 0.00
0.00 0.00 0.00 0.00 0.00 0.00 0.00 6.94 13.36 5.33 11.39 7.74 4.23 4.53 8.10 8.32 5.84 2.41 2.41 0.00 0.00 0.00 0.00 0.00 0.00 0.00 0.00 0.00 0.00 0.00 0.00 0.00 0.00 0.00 0.00 17.45 14.01 26.17 24.43 21.68 21.68 15.99 8.83 8.83 6.64 7.01 0.29 0.00 0.00 0.15 0.00 0.00 0.00 0.00 0.00 0.00 0.00 0.00 0.00 0.00 0.00 0.00 0.00 0.00 1.46 2.77 2.48 5.04 5.04 2.48 1.17 1.46 0.00 0.15 0.00 2.92 8.10 9.56 12.41 11.90 8.40 8.18 8.10 5.55
0.00 0.00 0.00 0.00 0.00 0.00 0.00 0.00 0.00 0.00 12.92 11.68 6.35 9.05 8.69 7.08 0.95 0.00 0.00 0.00 0.00 0.00 0.00 0.00 0.00 0.00 0.00 0.00 0.00 0.00 0.00 0.00 0.00 0.00 0.00 8.91 12.85 8.61 21.12 19.39 15.41 13.36 14.16 14.16 10.29 7.23 6.64 1.97 1.83 1.17 1.02 1.24 0.00 0.00 0.00 0.00 0.00 0.00 0.51 0.44 0.00 0.00 0.00 0.00 0.00 0.58 2.26 1.90 1.90 1.39 0.00 0.00 0.00 0.15 0.22 0.00 1.97 3.36 11.32 11.32 10.29 8.61 7.37 4.60
0.00 0.00 0.00 0.00 0.00 0.00 0.00 0.00 0.00 0.00 2.70 4.82 6.35 6.13 4.31 0.00 0.00 0.00 0.00 0.00 0.00 0.00 0.00 0.00 0.00 0.00 0.00 0.00 0.00 0.00 0.00 0.00 0.00 0.00 0.00 0.00 2.63 1.62 1.83 11.53 12.02 6.28 11.24 11.24 12.34 7.52 7.96 6.20 4.89 3.58 2.41 0.00 1.83 0.00 0.00 0.00 0.00 0.00 0.00 0.22 0.00 0.00 0.00 0.00 0.00 0.00 0.00 0.00 0.00 0.00 0.00 0.00 0.00 0.00 0.00 0.00 0.00 0.00 0.51 8.32 5.99 8.25 5.18 2.34
0.00 0.00 0.00 0.00 0.00 0.00 0.00 0.00 0.00 0.00 2.70 4.82 6.35 6.13 4.31 0.00 0.00 0.00 0.00 0.00 0.00 0.00 0.00 0.00 0.00 0.00 0.00 0.00 0.00 0.00 0.00 0.00 0.00 0.00 0.00 0.00 2.63 1.61 1.84 11.53 11.90 6.28 11.24 11.24 12.34 7.52 7.96 6.20 4.89 3.58 2.41 0.00 1.83 0.00 0.00 0.00 0.00 0.00 0.00 0.22 0.00 0.00 0.00 0.00 0.00 0.00 0.00 0.00 0.00 0.00 0.00 0.00 0.00 0.00 0.00 0.00 0.00 0.00 0.51 8.32 5.99 8.25 5.18 2.34
0.00 0.00 0.00 0.00 0.00 0.00 0.00 0.00 2.59 2.63 3.29 4.31 4.16 2.04 0.88 0.00 0.00 0.00 0.00 0.00 0.00 0.00 0.00 0.00 0.00 0.00 0.00 0.00 0.00 0.00 0.00 0.00 0.00 0.00 0.00 0.00 0.00 0.00 0.00 3.58 3.80 1.46 0.00 0.00 5.84 5.62 6.79 3.72 5.40 6.94 5.69 3.43 0.00 1.39 0.00 0.00 0.00 0.00 0.00 0.00 0.00 0.73 0.44 0.73 0.00 0.00 0.00 0.00 0.00 0.00 0.00 0.00 0.00 0.00 0.00 0.00 0.00 0.00 0.00 0.00 0.51 3.65 2.99 0.00
