Wansh/Snow_depth/snowdepth-1994/spring/1994068.txt
ncols 321
nrows 161
xllcenter 60
yllcenter 15 
cellsize  0.25 
NODATA_value -1
[rows 0 to 36 of 161, columns 84 to 167 of 321]
26.35 26.13 26.21 26.06 23.65 24.31 19.78 15.99 16.50 18.47 18.10 21.02 19.93 19.56 21.90 21.90 21.97 22.48 22.48 22.70 21.10 20.88 18.03 12.99 13.72 8.91 5.18 5.69 4.23 5.26 4.82 8.91 10.51 10.51 6.42 9.27 5.04 6.35 9.27 9.27 13.87 17.16 16.86 16.86 11.75 13.14 8.91 7.30 7.23 8.03 9.13 13.87 13.29 13.51 14.89 11.32 13.29 13.43 12.78 10.29 5.91 8.32 8.32 8.32 4.23 4.67 5.91 8.83 8.83 7.08 9.49 8.83 12.48 12.70 13.58 13.58 15.18 12.70 16.94 14.97 14.09 13.21 13.21 14.16
26.43 26.28 24.38 24.60 22.92 18.40 19.05 17.23 19.20 18.61 20.29 20.15 18.10 15.84 16.50 12.78 13.58 18.76 18.76 20.59 20.51 20.73 19.93 20.00 16.35 10.95 11.75 4.67 4.89 4.23 6.94 6.13 10.07 7.37 8.61 4.16 4.67 4.23 7.30 12.05 10.80 17.16 19.71 19.71 18.98 20.00 11.83 7.81 8.61 7.23 6.50 6.57 7.37 8.91 7.23 9.20 10.95 10.73 9.86 11.53 8.32 8.10 10.15 9.93 6.28 6.94 6.86 9.93 9.93 13.51 13.29 13.58 14.31 14.24 15.70 15.26 16.94 17.30 17.37 16.43 14.31 14.89 13.72 14.16
24.60 23.43 23.94 18.32 19.42 17.81 19.64 19.20 20.29 21.17 21.24 19.86 17.30 17.67 12.56 13.07 11.75 13.14 13.14 12.19 13.87 16.57 19.56 18.32 18.98 13.21 8.18 9.20 4.31 4.53 4.23 5.69 7.37 6.86 9.49 8.25 8.25 8.91 10.80 10.15 13.58 17.59 16.21 16.21 20.37 22.48 21.90 22.92 12.26 7.37 7.01 6.13 5.99 5.69 5.04 7.08 7.96 13.43 10.51 11.90 11.61 11.90 11.61 12.19 12.56 12.85 16.43 13.43 13.43 15.62 15.26 15.62 14.60 15.18 14.67 18.76 20.44 20.44 19.13 17.45 17.89 16.06 15.55 15.40
24.60 23.43 23.94 18.32 19.42 17.81 19.64 19.20 20.29 21.17 21.24 19.86 17.30 17.67 12.56 13.07 11.75 13.14 13.14 12.19 13.87 16.57 19.56 18.32 18.98 13.21 8.18 9.20 4.31 4.53 4.23 5.69 7.37 6.86 9.49 8.25 8.25 8.91 10.80 10.15 13.58 17.59 16.21 16.21 20.37 22.48 21.90 22.92 12.26 7.37 7.01 6.13 5.99 5.69 5.04 7.08 7.96 13.43 10.51 11.90 11.61 11.90 11.61 12.19 12.56 12.85 16.43 13.43 13.43 15.62 15.26 15.62 14.60 15.18 14.67 18.76 20.44 20.44 19.13 17.45 17.89 16.06 15.55 15.40
24.53 21.24 18.40 18.54 19.05 19.35 19.13 18.18 18.76 17.16 17.81 20.44 17.67 17.30 17.81 17.30 16.28 11.75 11.75 11.68 11.46 13.51 16.50 14.75 18.47 15.26 12.63 9.13 5.84 4.02 5.04 4.38 5.62 7.96 12.12 12.26 12.12 10.29 10.73 10.88 11.17 11.68 12.78 12.78 19.71 18.61 22.34 21.61 19.71 10.37 12.26 7.96 7.37 4.60 5.62 5.99 5.55 6.28 11.17 10.66 10.22 12.34 13.43 13.36 13.58 16.43 15.62 17.81 17.81 17.08 17.16 17.01 16.50 15.26 17.01 16.50 18.69 17.81 18.32 16.86 16.64 16.79 16.79 16.43
21.90 22.27 21.90 20.59 20.73 18.54 16.72 16.86 16.35 16.06 16.50 15.77 15.91 18.25 18.47 18.47 18.18 18.47 18.47 18.61 17.23 14.38 12.56 16.13 15.40 15.77 10.15 11.32 7.23 5.62 5.91 5.69 6.79 6.28 10.07 11.61 11.90 10.22 8.69 8.10 10.07 8.98 10.66 10.66 14.67 13.58 19.49 19.05 18.40 10.95 13.07 7.08 6.57 6.42 6.35 5.77 5.18 6.64 8.54 11.39 11.32 12.63 13.72 16.50 16.35 15.91 15.99 15.91 15.91 16.13 16.79 16.72 17.01 15.84 15.99 14.45 12.41 12.78 11.53 12.56 12.05 15.99 17.23 17.45
21.39 21.46 21.68 19.56 19.42 18.91 17.59 16.79 17.01 16.13 15.18 15.40 14.75 14.67 15.84 18.03 18.98 19.71 19.71 20.29 20.37 17.81 13.07 14.89 11.39 9.93 10.22 6.79 6.79 6.57 7.45 7.59 7.23 8.69 11.75 12.78 12.78 10.80 8.10 8.25 8.91 10.29 9.78 9.78 11.17 12.99 18.47 17.81 18.83 13.51 8.76 5.62 5.77 6.06 7.37 7.23 7.96 9.56 11.46 11.17 13.14 15.48 15.40 16.72 17.01 16.86 16.72 16.50 16.50 15.33 15.40 15.91 15.77 16.13 15.18 15.62 13.58 11.32 11.61 11.53 13.51 12.85 16.06 17.96
21.39 21.46 21.68 19.56 19.42 18.91 17.59 16.79 17.01 16.13 15.18 15.40 14.75 14.67 15.84 18.03 18.98 19.71 19.71 20.29 20.37 17.81 13.07 14.89 11.39 9.93 10.22 6.79 6.79 6.57 7.45 7.59 7.23 8.69 11.75 12.78 12.78 10.80 8.10 8.25 8.91 10.29 9.78 9.78 11.17 12.99 18.47 17.81 18.83 13.51 8.76 5.62 5.77 6.06 7.37 7.23 7.96 9.56 11.46 11.17 13.14 15.48 15.40 16.72 17.01 16.86 16.72 16.50 16.50 15.33 15.40 15.91 15.77 16.13 15.18 15.62 13.58 11.32 11.61 11.53 13.51 12.85 16.06 17.96
20.88 19.05 19.05 19.27 18.69 17.52 17.89 16.72 15.48 15.84 13.07 12.34 13.07 14.09 17.37 16.72 19.13 21.10 21.10 20.95 22.05 21.39 17.89 12.05 12.70 10.00 8.03 8.47 6.35 8.32 8.25 8.47 8.83 11.83 11.10 14.89 14.53 13.14 13.58 10.22 8.98 8.98 9.64 9.64 11.17 9.86 9.13 10.88 11.53 8.98 7.74 5.99 9.42 7.74 6.35 9.64 10.29 10.07 11.17 12.34 12.19 13.72 14.38 17.16 16.35 16.64 16.57 16.06 16.06 15.70 15.77 15.62 15.40 15.55 13.65 14.67 14.16 16.28 17.67 15.40 12.56 12.70 11.17 12.34
18.98 19.20 18.25 17.01 18.18 17.01 15.33 15.84 12.92 12.70 12.63 12.48 12.56 12.41 15.33 18.83 18.32 20.73 20.73 21.83 21.68 21.17 15.33 17.08 9.42 8.03 7.81 8.61 7.66 6.64 6.64 6.64 8.25 7.37 11.97 14.24 14.24 13.72 11.68 12.34 9.42 7.81 7.59 7.59 7.81 7.59 8.03 7.15 8.47 11.17 11.53 10.88 12.41 13.36 11.24 10.88 13.36 11.53 11.53 12.12 14.02 12.56 14.09 14.53 14.67 16.06 16.43 16.57 16.57 17.45 15.62 15.48 15.26 13.65 14.09 14.67 20.51 20.15 20.00 18.40 13.21 12.63 11.39 10.66
17.59 18.32 18.69 16.64 15.04 16.43 15.40 12.56 12.99 12.41 13.51 12.48 13.94 16.06 15.70 17.96 20.66 24.24 24.24 22.12 22.19 22.12 18.47 10.07 10.88 8.69 8.03 7.88 7.74 6.42 6.35 6.20 6.86 9.86 9.20 11.02 13.14 12.85 11.61 10.37 8.47 10.88 9.93 9.93 9.13 8.25 7.96 10.22 12.85 14.82 16.13 13.65 14.60 13.14 13.51 13.07 12.78 15.84 14.02 13.94 15.33 15.91 15.48 15.04 15.99 15.62 17.59 18.32 18.32 18.32 17.59 16.72 16.13 13.65 14.24 13.94 18.69 23.58 22.48 18.98 14.60 15.33 13.51 12.70
17.59 18.32 18.69 16.64 15.04 16.43 15.40 12.56 12.99 12.41 13.51 12.48 13.94 16.06 15.70 17.96 20.66 24.24 24.24 22.12 22.19 22.12 18.47 10.07 10.88 8.69 8.03 7.88 7.74 6.42 6.35 6.20 6.86 9.86 9.20 11.02 13.14 12.85 11.61 10.37 8.47 10.88 9.93 9.93 9.13 8.25 7.96 10.22 12.85 14.82 16.13 13.65 14.60 13.14 13.51 13.07 12.78 15.84 14.02 13.94 15.33 15.91 15.48 15.04 15.99 15.62 17.59 18.32 18.32 18.32 17.59 16.72 16.13 13.65 14.24 13.94 18.69 23.58 22.48 18.98 14.60 15.33 13.51 12.70
15.84 15.40 16.79 14.53 15.04 13.29 13.14 12.85 12.78 13.21 13.14 15.99 19.78 17.45 19.20 19.42 20.22 25.04 25.04 24.38 24.89 18.40 12.92 13.65 11.24 9.64 8.69 7.96 8.69 9.93 9.71 10.51 12.26 9.86 11.97 14.02 13.65 14.31 13.51 13.29 11.61 11.83 10.88 10.88 9.49 11.10 10.73 15.91 15.40 15.40 17.67 17.30 17.23 14.16 14.82 13.51 16.43 15.70 18.25 16.94 17.08 15.48 15.33 16.13 15.91 16.50 16.28 16.28 16.28 17.16 17.16 17.74 16.28 13.80 13.51 16.94 15.77 21.10 21.32 17.67 17.96 16.06 14.16 14.16
15.26 15.40 15.48 13.72 13.29 13.36 13.72 14.75 14.31 15.18 17.37 16.94 19.78 22.78 21.97 24.75 24.38 25.19 25.19 23.94 18.40 19.78 14.02 11.90 12.05 10.66 8.47 10.15 9.56 12.12 13.14 13.21 13.94 17.89 18.18 17.30 18.32 17.16 15.84 16.13 17.37 15.70 16.57 16.57 15.70 19.71 17.08 17.45 20.15 19.78 18.47 15.18 16.50 14.09 13.51 12.92 19.35 18.25 18.25 16.13 14.38 14.09 14.09 13.87 16.06 16.28 15.48 15.70 15.70 15.55 18.76 17.16 17.59 14.02 13.29 12.56 14.60 9.64 17.67 15.84 16.50 16.43 13.94 13.51
17.16 14.75 13.29 13.36 13.43 13.07 13.07 14.09 16.21 15.04 16.72 19.20 19.35 20.95 23.58 23.29 23.43 21.90 21.90 20.29 20.51 16.64 14.97 14.82 14.45 13.36 10.44 12.19 14.53 17.23 16.86 19.78 19.27 19.93 18.54 16.86 15.55 16.50 18.10 17.74 18.61 20.95 20.81 20.81 20.73 18.03 18.18 21.17 20.95 20.73 18.10 17.81 16.57 16.28 18.98 21.83 20.66 23.14 16.79 18.10 11.17 9.86 11.61 11.53 11.75 12.78 14.16 14.75 14.75 15.84 15.55 15.84 13.07 15.04 13.21 14.75 14.75 8.18 4.31 3.87 14.31 18.47 17.08 14.60
15.62 15.91 13.51 14.16 13.72 14.09 10.22 12.26 12.41 13.29 12.99 13.36 14.89 16.57 19.42 20.81 20.44 21.75 21.75 19.71 17.67 18.32 14.67 14.82 14.89 14.24 13.21 13.29 12.99 16.13 19.35 18.54 20.29 18.54 14.89 15.11 15.11 16.57 17.45 21.02 20.95 21.24 15.62 15.62 17.30 16.79 16.06 14.67 16.21 18.61 17.30 17.96 14.45 17.67 17.45 17.74 21.61 22.12 14.24 10.15 10.37 10.00 11.68 10.88 10.88 12.70 15.26 14.89 14.89 15.62 15.55 15.91 12.70 14.45 12.56 16.43 9.49 12.48 0.00 11.83 17.89 17.81 14.53 16.50
15.62 15.91 13.51 14.16 13.72 14.09 10.22 12.26 12.41 13.29 12.99 13.36 14.89 16.57 19.42 20.81 20.44 21.75 21.75 19.71 17.67 18.32 14.67 14.82 14.89 14.24 13.21 13.29 12.99 16.13 19.35 18.54 20.29 18.54 14.89 15.11 15.11 16.57 17.45 21.02 20.95 21.24 15.62 15.62 17.30 16.79 16.06 14.67 16.21 18.61 17.30 17.96 14.45 17.67 17.45 17.74 21.61 22.12 14.24 10.15 10.37 10.00 11.68 10.88 10.88 12.70 15.26 14.89 14.89 15.62 15.55 15.91 12.70 14.45 12.56 16.43 9.49 12.48 0.00 11.83 17.89 17.81 14.53 16.50
16.06 16.72 16.50 17.45 16.13 16.50 11.32 7.96 8.76 8.10 10.37 13.14 12.70 16.50 18.61 18.47 19.56 18.98 18.98 19.86 16.43 15.40 12.48 13.36 13.87 16.21 15.77 16.21 15.77 16.50 16.21 18.83 19.13 15.33 16.21 13.14 10.66 15.48 18.76 12.99 13.65 15.99 15.77 15.77 11.46 11.83 11.83 12.05 13.14 13.36 14.60 13.87 13.94 14.09 15.04 14.53 17.74 13.07 14.02 11.75 11.90 13.36 13.87 14.45 13.14 12.19 16.35 17.37 17.37 17.01 16.06 13.21 13.87 13.65 15.70 12.05 13.58 7.59 8.25 6.50 15.26 12.41 12.48 12.99
15.70 15.91 16.79 16.28 17.89 14.60 15.48 10.80 6.94 9.34 8.47 11.97 13.14 14.97 18.61 18.83 18.76 19.42 19.42 17.67 16.35 16.57 13.51 12.48 12.12 15.11 16.50 16.21 16.13 16.28 18.40 16.79 17.52 17.67 16.06 10.66 7.37 5.11 3.87 7.52 9.49 8.25 10.00 10.00 12.56 12.78 14.89 12.99 13.51 13.87 18.32 15.11 13.94 14.24 12.85 12.19 12.12 12.34 13.21 12.99 15.48 16.50 16.21 16.57 16.13 16.79 16.64 17.81 17.81 20.00 20.73 16.43 11.02 14.31 14.16 12.19 9.71 9.78 9.86 10.00 10.73 10.37 10.88 12.05
15.11 14.75 16.28 17.37 16.64 18.98 17.08 9.13 9.78 9.78 11.75 12.41 12.48 13.36 11.46 12.12 17.52 14.53 14.53 18.25 17.01 14.45 15.04 12.92 13.94 15.84 14.82 15.40 12.63 9.05 12.56 11.53 15.62 14.45 9.71 6.42 7.96 5.55 3.36 2.12 4.45 4.02 11.10 11.10 13.51 15.40 15.55 15.40 19.56 19.20 19.35 15.84 13.21 11.24 11.75 11.61 12.78 12.56 14.02 16.21 16.86 16.72 17.59 16.50 17.01 16.57 19.56 18.40 18.40 21.53 13.80 8.47 8.18 8.32 9.13 11.97 9.56 10.37 10.29 8.98 9.34 10.15 9.78 11.68
16.13 18.10 17.52 17.37 19.05 18.18 18.40 17.74 18.40 13.72 14.60 14.45 14.53 14.67 11.83 10.95 11.32 12.56 12.56 14.24 14.60 14.60 13.72 13.94 13.07 15.26 16.21 13.72 14.60 10.44 6.50 5.04 7.23 8.83 8.98 7.59 1.68 0.00 1.53 2.63 2.85 2.56 4.45 4.45 6.35 14.67 14.31 13.07 18.54 12.56 13.51 14.09 11.83 11.61 12.48 11.83 13.58 13.72 14.16 14.16 14.89 14.60 13.87 14.53 16.35 16.13 17.74 16.50 16.50 11.61 14.16 5.48 5.62 4.67 7.01 5.11 5.40 4.82 5.84 5.69 5.69 6.86 9.13 9.78
16.79 18.10 17.81 17.96 17.89 17.52 18.25 18.03 19.56 21.90 24.02 23.87 24.24 23.51 19.35 14.60 13.51 13.29 13.29 14.31 14.82 15.40 15.40 15.18 17.52 19.64 19.35 17.30 15.77 10.88 5.55 6.35 5.11 3.87 3.65 2.26 0.51 0.00 0.00 0.00 3.94 4.45 4.09 4.09 1.39 3.07 7.81 3.87 8.54 7.74 10.59 9.05 8.61 10.66 12.48 12.70 12.70 13.14 9.13 9.56 12.05 11.97 13.72 12.63 16.57 17.16 14.97 15.55 15.55 12.63 11.39 11.53 4.60 4.45 4.60 3.14 4.16 4.38 4.23 4.89 5.40 7.74 7.08 8.91
16.79 18.10 17.81 17.96 17.89 17.52 18.25 18.03 19.56 21.90 24.02 23.87 24.24 23.51 19.35 14.60 13.51 13.29 13.29 14.31 14.82 15.40 15.40 15.18 17.52 19.64 19.35 17.30 15.77 10.88 5.55 6.35 5.11 3.87 3.65 2.26 0.51 0.00 0.00 0.00 3.94 4.45 4.09 4.09 1.39 3.07 7.81 3.87 8.54 7.74 10.59 9.05 8.61 10.66 12.48 12.70 12.70 13.14 9.13 9.56 12.05 11.97 13.72 12.63 16.57 17.16 14.97 15.55 15.55 12.63 11.39 11.53 4.60 4.45 4.60 3.14 4.16 4.38 4.23 4.89 5.40 7.74 7.08 8.91
16.35 17.01 17.23 15.70 15.77 16.06 16.28 20.00 19.49 21.46 23.87 23.73 23.29 22.27 21.61 20.15 20.51 17.74 17.74 16.64 16.86 16.72 17.74 17.37 19.13 18.91 18.83 16.86 17.59 13.43 10.22 7.15 3.58 3.07 1.61 0.44 0.58 0.58 0.00 0.00 2.77 1.53 1.53 1.53 0.00 0.00 3.07 0.00 4.09 3.36 2.99 6.57 6.06 5.04 9.34 9.49 7.88 8.32 8.32 8.69 10.07 11.10 12.41 16.28 15.11 16.94 14.67 13.58 13.58 13.65 14.02 11.46 8.40 8.69 6.50 3.50 3.07 3.87 3.07 2.99 4.16 5.40 6.72 6.35
16.72 17.67 16.57 16.28 16.64 17.37 17.45 21.39 22.05 21.97 22.63 21.53 20.08 20.44 18.83 18.47 17.59 17.89 17.89 16.50 17.45 18.61 18.47 18.92 17.61 19.20 17.77 16.86 16.57 14.89 9.20 10.07 4.96 6.35 1.97 0.44 0.00 0.22 0.00 1.31 0.51 0.00 0.88 0.88 0.00 0.00 0.00 0.00 0.00 2.12 0.80 0.00 2.41 2.12 3.36 6.35 6.64 3.80 7.23 6.64 8.83 8.98 8.61 14.82 15.33 13.94 13.58 12.56 12.56 14.38 13.94 15.33 10.44 7.45 8.10 4.16 3.50 3.58 3.29 3.80 2.99 2.12 2.26 2.70
17.74 18.32 20.81 19.86 18.83 19.20 21.10 20.44 21.39 17.08 14.82 14.82 13.65 14.67 15.33 14.89 18.76 18.98 18.98 19.27 18.76 20.59 21.17 22.48 22.63 19.74 17.57 17.01 18.32 18.32 15.33 14.31 9.05 3.36 3.94 0.44 1.61 0.00 1.10 1.02 0.00 0.44 0.00 0.00 0.80 0.00 0.00 0.00 0.00 0.00 0.00 0.00 0.00 0.00 0.00 2.92 3.21 2.04 0.00 6.50 5.91 8.25 8.18 7.88 11.32 11.75 13.36 12.78 12.78 16.35 16.13 14.38 12.92 9.34 6.13 6.50 5.40 4.16 4.60 4.38 3.50 1.39 2.04 1.90
19.86 19.71 19.64 18.69 18.25 18.18 19.64 19.49 14.97 16.13 11.83 10.88 6.28 7.01 6.57 11.53 16.94 15.91 15.91 17.45 17.16 18.60 18.51 21.52 21.03 19.67 22.32 20.94 21.67 19.29 16.57 18.69 17.96 8.18 10.15 7.59 5.62 1.61 2.85 1.24 0.95 0.80 0.00 0.00 0.00 0.00 0.00 0.00 0.00 0.00 0.00 0.00 0.00 0.00 0.00 0.00 0.00 0.00 0.00 0.00 6.79 6.35 8.61 11.02 12.48 12.12 15.33 18.18 18.18 18.03 17.81 15.40 12.12 12.85 9.13 8.32 6.20 6.28 4.89 5.18 2.41 1.39 2.85 3.43
20.08 18.32 17.96 18.25 17.67 18.98 19.35 18.10 14.45 9.71 10.51 7.52 4.23 5.11 4.38 8.76 15.62 17.37 17.37 18.35 14.45 13.19 17.38 11.97 15.79 14.67 20.92 23.65 22.97 24.85 22.08 21.24 21.10 19.64 17.52 13.43 12.48 4.23 6.20 2.04 0.73 1.61 0.00 0.00 0.00 0.00 0.00 0.00 0.00 0.00 0.00 0.00 0.00 0.00 0.00 0.00 0.00 0.00 0.00 0.00 2.77 5.40 8.54 11.61 15.11 18.76 18.47 19.56 19.56 18.32 14.97 15.77 10.73 8.25 7.66 7.45 6.42 5.77 5.91 6.06 3.07 2.56 2.70 2.70
20.08 18.32 17.96 18.25 17.67 18.98 19.35 18.10 14.45 9.71 10.51 7.52 4.23 5.11 4.38 8.76 15.62 17.37 17.46 18.94 14.67 14.12 16.95 12.28 15.55 14.67 20.29 21.97 21.46 25.23 22.31 22.13 23.70 20.78 17.97 13.43 12.48 4.23 6.20 2.04 0.73 1.61 0.00 0.00 0.00 0.00 0.00 0.00 0.00 0.00 0.00 0.00 0.00 0.00 0.00 0.00 0.00 0.00 0.00 0.00 2.77 5.40 8.54 11.61 15.11 18.76 18.47 19.56 19.56 18.32 14.97 15.77 10.73 8.25 7.66 7.45 6.42 5.77 5.91 6.06 3.07 2.56 2.70 2.70
18.18 17.45 18.47 17.67 17.59 18.61 19.86 20.22 19.93 19.86 18.32 16.21 8.40 8.47 17.16 22.63 18.18 20.66 20.66 18.54 9.42 4.82 5.43 7.04 10.86 15.19 13.86 19.37 15.77 25.31 24.55 27.91 27.08 24.59 23.03 17.85 19.17 12.48 4.53 7.88 2.56 2.41 3.29 3.29 0.00 0.00 0.00 0.00 0.00 0.00 0.00 0.00 0.00 0.00 0.00 0.00 0.00 0.00 0.00 0.00 0.00 0.00 5.18 17.01 15.33 19.64 18.25 17.45 17.45 17.74 12.85 9.20 10.66 7.52 7.37 7.45 7.81 6.72 7.52 4.53 5.33 2.56 2.04 1.61
16.21 16.86 16.13 16.21 15.40 16.50 16.86 18.76 19.86 19.71 19.35 17.74 15.91 17.45 16.72 21.53 22.41 20.22 20.22 22.01 12.99 5.21 3.21 3.21 4.70 3.48 3.58 12.25 20.78 19.91 28.91 28.32 27.89 26.86 28.06 27.54 24.53 13.21 20.08 11.75 16.06 6.64 6.57 6.57 0.00 1.31 0.00 0.00 0.15 0.00 0.00 0.00 0.00 0.00 0.00 0.00 0.00 0.00 0.00 0.00 0.00 0.00 0.00 10.95 17.74 20.51 17.96 16.94 16.94 13.87 14.89 9.27 6.57 5.40 5.40 7.66 8.98 8.83 7.45 7.96 6.86 5.77 3.65 3.87
13.21 14.89 15.70 15.62 15.04 14.89 17.89 15.84 18.69 18.69 15.99 16.57 14.97 16.43 18.18 17.37 18.61 16.57 16.57 12.26 8.10 7.59 4.53 4.74 3.14 3.21 2.56 10.62 14.37 13.91 18.25 17.67 27.67 29.71 31.66 29.95 31.77 25.40 20.00 20.66 22.34 14.24 11.02 11.02 2.63 1.46 2.34 0.00 0.00 0.00 0.00 0.00 0.00 0.00 0.00 0.00 0.00 0.00 0.00 0.00 0.00 0.00 0.00 5.69 12.19 12.34 18.10 14.60 14.60 13.43 7.81 8.69 5.69 4.09 6.64 9.78 9.64 10.00 9.13 8.69 8.61 8.83 6.94 4.67
10.15 13.14 14.67 14.45 14.67 14.67 18.69 22.12 23.51 23.58 23.65 22.27 19.13 15.91 15.55 10.80 6.94 5.55 5.55 5.48 8.18 8.25 7.30 7.52 6.28 4.89 5.84 9.10 12.78 12.12 13.14 20.37 17.23 27.45 26.86 33.51 31.28 29.50 31.06 26.25 24.24 14.09 15.11 15.11 13.36 4.23 5.62 0.51 0.44 1.24 0.00 0.00 0.51 0.00 0.00 0.00 0.00 0.00 0.00 1.97 1.90 0.00 3.07 7.15 6.28 6.86 6.86 5.62 5.62 10.66 5.33 2.70 1.83 1.68 2.56 8.25 12.05 11.24 13.87 13.36 12.99 11.75 9.78 10.00
8.54 8.54 8.10 13.72 15.04 18.54 17.37 21.75 22.19 20.73 20.37 21.68 19.20 13.58 8.83 10.37 6.13 4.74 4.74 7.96 7.37 10.15 11.17 19.35 15.18 7.23 6.35 10.77 12.48 12.41 12.85 13.07 12.05 16.21 18.25 30.81 26.57 29.78 30.83 28.90 26.41 19.35 17.52 17.52 19.13 9.34 10.59 3.72 3.14 4.23 0.29 1.02 0.80 0.80 0.00 0.00 0.00 0.00 0.00 3.21 3.36 3.65 0.00 2.12 3.07 3.07 2.99 3.72 3.72 0.00 0.00 0.00 0.00 0.00 0.95 0.80 2.85 7.30 11.53 12.34 12.12 12.85 9.93 7.45
10.44 9.05 8.76 8.83 13.51 20.08 23.21 22.92 22.09 17.30 18.18 17.37 17.81 12.99 7.59 3.80 4.45 4.23 4.23 9.27 17.45 21.83 22.85 20.15 21.24 16.72 19.42 12.41 11.86 20.20 17.40 19.66 12.64 13.21 12.85 16.28 21.75 24.55 24.09 22.70 26.77 19.49 20.15 20.15 20.59 15.70 15.40 16.43 7.88 9.78 9.71 2.70 1.46 0.00 0.00 0.00 0.00 0.00 0.00 0.00 3.58 2.04 0.00 0.00 0.00 0.00 0.00 0.00 0.00 0.00 0.00 0.00 0.00 0.00 0.66 0.00 0.00 3.07 6.35 9.64 12.26 11.68 11.02 8.83
10.44 9.05 8.76 8.83 13.51 20.08 23.21 22.92 21.53 17.30 18.18 17.37 17.81 12.99 7.59 3.80 4.45 4.26 4.23 9.27 17.45 21.83 22.85 20.15 21.24 16.72 19.42 12.41 11.68 19.49 16.79 19.56 12.26 13.21 12.91 16.36 21.75 24.43 24.33 22.70 26.50 19.49 20.15 20.15 20.59 15.70 15.40 16.43 7.88 9.78 9.71 2.70 1.46 0.00 0.00 0.00 0.00 0.00 0.00 0.00 3.58 2.04 0.00 0.00 0.00 0.00 0.00 0.00 0.00 0.00 0.00 0.00 0.00 0.00 0.66 0.00 0.00 3.07 6.35 9.64 12.26 11.68 11.02 8.83
14.16 12.56 11.46 9.78 14.53 12.05 22.70 23.42 20.53 18.61 14.75 14.45 9.56 6.13 6.42 5.69 8.03 11.46 11.46 15.99 22.19 21.53 24.60 29.13 29.49 23.58 19.56 24.45 25.40 22.41 25.48 17.67 17.96 12.63 10.07 13.65 13.65 12.12 17.97 14.67 15.55 15.48 18.76 18.76 17.89 20.59 19.20 19.56 14.31 13.94 13.29 3.65 4.09 3.21 0.00 0.00 0.00 0.00 0.00 0.00 0.00 2.77 1.90 1.17 1.39 0.07 0.00 0.00 0.00 0.00 0.00 0.00 0.00 0.00 0.00 0.00 0.00 0.00 2.41 4.09 5.18 7.66 6.13 3.29
