Wansh/Snow_depth/snowdepth-1994/spring/1994083.txt
ncols 321
nrows 161
xllcenter 60
yllcenter 15 
cellsize  0.25 
NODATA_value -1
[rows 0 to 36 of 161, columns 0 to 83 of 321]
19.20 19.20 14.89 23.73 24.60 25.11 24.60 24.45 25.26 25.48 25.40 26.28 27.01 27.16 25.11 24.02 24.16 24.89 25.26 25.48 23.58 23.80 22.92 22.41 21.68 23.21 23.21 22.70 22.27 22.41 22.05 22.41 23.14 23.07 22.63 23.29 23.00 21.83 22.63 21.90 22.05 22.05 14.60 14.53 15.99 15.26 23.36 23.36 23.36 23.94 23.07 23.07 23.43 23.87 23.58 24.24 23.58 23.58 23.80 23.87 24.09 25.11 25.33 24.60 25.92 26.21 23.00 23.51 21.17 14.75 21.46 16.06 19.49 19.49 21.32 20.95 20.95 20.81 20.22 18.47 18.76 17.89 17.81 15.91
20.00 20.00 23.07 23.14 23.73 25.19 25.33 24.67 24.97 26.50 25.40 26.65 27.01 25.84 24.24 25.33 23.65 23.43 23.43 23.00 21.97 22.63 21.39 20.66 20.44 22.19 22.19 22.05 22.48 22.48 22.85 23.07 22.56 22.48 23.07 23.51 23.29 22.56 16.21 14.97 14.45 14.67 14.16 14.75 14.45 13.29 13.80 12.56 12.92 21.97 22.56 22.56 23.21 22.56 23.58 23.65 23.51 23.29 23.00 20.95 21.17 21.46 22.34 20.95 21.10 21.53 20.29 18.83 18.61 15.33 19.71 14.24 20.81 22.19 21.61 23.43 23.43 20.08 20.08 19.27 19.13 18.91 19.64 19.78
21.97 21.97 22.85 22.27 24.16 24.02 24.02 24.09 25.04 25.19 24.82 26.65 25.70 26.06 24.02 23.07 23.51 22.27 22.41 21.61 22.19 21.24 21.46 21.90 21.75 21.90 21.90 21.83 22.19 22.48 23.07 22.56 23.00 22.85 23.36 23.43 22.92 13.43 13.80 13.87 13.72 12.48 13.29 13.14 13.87 12.34 13.51 13.07 18.91 19.42 19.71 19.71 19.78 20.73 21.02 20.73 21.68 21.46 21.32 20.44 21.53 21.97 21.75 20.88 21.90 21.53 21.53 21.53 22.48 22.70 21.02 25.92 22.63 26.43 24.31 24.09 24.09 22.78 20.51 20.73 22.19 20.29 20.22 17.59
21.97 21.97 22.85 22.27 24.16 24.02 24.02 24.09 25.04 25.19 24.82 26.65 25.70 26.06 24.02 23.07 23.51 22.27 22.41 21.61 22.19 21.24 21.46 21.90 21.75 21.90 21.90 21.83 22.19 22.48 23.07 22.56 23.00 22.85 23.36 23.43 22.92 13.43 13.80 13.87 13.72 12.48 13.29 13.14 13.87 12.34 13.51 13.07 18.91 19.42 19.71 19.71 19.78 20.73 21.02 20.73 21.68 21.46 21.32 20.44 21.53 21.97 21.75 20.88 21.90 21.53 21.53 21.53 22.48 22.70 21.02 25.92 22.63 26.43 24.31 24.09 24.09 22.78 20.51 20.73 22.19 20.29 20.22 17.59
21.75 21.75 20.66 22.48 22.12 23.21 24.75 24.75 25.48 25.62 25.92 25.26 23.43 23.43 21.02 21.39 20.81 20.22 20.44 20.66 20.81 20.95 21.97 21.46 21.10 20.88 20.88 21.02 21.39 21.32 22.63 22.27 23.29 23.94 24.75 23.00 13.65 13.29 13.87 12.19 12.78 11.61 11.97 13.07 14.31 13.94 14.24 14.53 18.61 18.40 19.13 19.13 19.35 19.05 18.83 20.73 22.92 23.43 22.12 22.56 21.97 21.97 23.29 22.92 22.85 23.07 24.38 24.67 23.29 26.35 23.07 27.16 27.45 27.01 26.86 24.31 24.31 24.75 22.85 22.85 22.48 19.27 16.43 16.50
21.83 21.83 20.66 21.46 22.70 22.48 24.45 25.11 25.33 24.31 24.45 24.45 23.65 21.46 21.61 20.15 20.81 21.68 21.53 20.81 19.78 20.15 20.37 20.37 19.86 19.71 19.71 19.71 20.66 21.10 22.41 21.90 23.51 24.45 25.70 18.69 14.45 14.67 13.14 11.90 12.12 12.70 12.56 13.65 15.77 16.94 16.86 17.16 19.56 18.47 20.51 20.51 20.22 20.08 20.51 22.48 21.83 21.68 21.90 23.36 22.48 22.85 23.07 24.02 25.84 25.48 26.35 26.72 26.65 26.72 25.84 26.79 26.57 27.59 27.67 24.89 24.89 23.29 23.43 23.29 22.05 20.37 17.37 17.16
20.81 20.81 22.27 21.75 21.75 22.56 23.80 23.21 22.48 21.02 21.46 22.05 21.10 21.32 21.02 20.88 20.73 22.19 21.61 19.56 20.73 19.27 19.93 19.71 19.93 20.66 20.66 20.00 21.10 21.39 21.10 22.34 22.05 21.39 12.34 11.61 13.36 14.82 13.87 12.70 12.05 12.12 11.83 14.16 13.87 16.72 17.74 20.51 21.53 21.83 21.83 21.83 19.05 19.35 18.61 18.91 19.56 22.34 21.46 23.73 23.00 22.27 21.75 23.29 25.19 23.65 23.21 25.99 23.07 26.28 24.53 25.55 25.62 24.60 24.02 24.45 24.45 22.63 24.24 23.94 22.48 18.25 18.76 16.57
20.81 20.81 22.27 21.75 21.75 22.56 23.80 23.21 22.48 21.02 21.46 22.05 21.10 21.32 21.02 20.88 20.73 22.19 21.61 19.56 20.73 19.27 19.93 19.71 19.93 20.66 20.66 20.00 21.10 21.39 21.10 22.34 22.05 21.39 12.34 11.61 13.36 14.82 13.87 12.70 12.05 12.12 11.83 14.16 13.87 16.72 17.74 20.51 21.53 21.83 21.83 21.83 19.05 19.35 18.61 18.91 19.56 22.34 21.46 23.73 23.00 22.27 21.75 23.29 25.19 23.65 23.21 25.99 23.07 26.28 24.53 25.55 25.62 24.60 24.02 24.45 24.45 22.63 24.24 23.94 22.48 18.25 18.76 16.57
20.44 20.44 22.05 21.53 20.08 22.05 21.68 21.53 21.83 20.08 17.37 20.08 19.20 18.54 20.59 20.08 21.75 21.46 21.53 20.66 19.27 19.78 19.13 19.71 21.17 19.71 19.71 19.56 20.44 20.44 18.69 19.93 20.29 20.88 10.07 9.49 11.83 11.97 11.83 12.85 11.17 9.42 10.66 12.34 12.12 13.43 14.82 20.00 17.89 19.49 19.56 19.56 18.47 18.83 17.96 17.74 18.83 20.08 17.59 21.10 20.37 20.37 18.40 21.24 18.40 18.76 15.55 16.13 20.22 17.16 21.90 20.08 21.02 21.61 17.01 21.02 21.02 20.37 19.49 17.59 21.32 18.03 18.10 17.67
19.20 19.20 20.95 20.66 21.02 18.91 17.01 17.37 16.64 16.06 16.28 15.40 17.30 16.57 18.98 20.73 19.42 20.59 19.27 18.54 19.35 19.13 19.13 19.56 19.86 18.83 18.83 18.47 18.91 17.52 16.72 17.01 15.62 14.24 8.69 9.71 8.69 8.69 10.66 11.10 11.02 10.51 10.44 12.05 14.02 13.36 14.75 19.13 18.18 18.61 18.25 18.25 18.18 17.16 15.99 16.35 17.01 15.99 17.30 19.42 19.42 16.50 16.94 15.70 16.43 11.97 13.36 8.32 14.82 12.99 17.45 17.89 12.99 15.18 15.70 13.51 13.51 17.16 16.43 16.57 15.18 17.52 17.16 15.55
17.30 17.30 19.13 20.08 16.64 18.47 16.35 15.11 15.48 14.97 14.89 15.70 15.55 17.08 18.18 17.81 17.52 19.27 19.20 18.91 18.98 19.78 19.78 19.64 18.83 19.20 19.20 18.47 17.23 16.28 15.55 15.11 11.68 11.75 6.35 7.15 6.94 8.03 9.42 9.71 8.83 10.22 9.86 11.75 15.33 16.13 18.98 17.96 17.59 17.74 17.52 17.52 17.67 17.16 15.33 15.55 14.24 14.53 16.79 10.80 13.80 13.36 14.97 5.91 8.83 7.59 9.93 4.16 7.01 7.88 4.67 9.86 10.15 8.03 10.95 10.44 10.44 9.42 10.44 14.31 14.53 12.48 13.94 14.38
17.30 17.30 19.13 20.08 16.64 18.47 16.35 15.11 15.48 14.97 14.89 15.70 15.55 17.08 18.18 17.81 17.52 19.27 19.20 18.91 18.98 19.78 19.78 19.64 18.83 19.20 19.20 18.47 17.23 16.28 15.55 15.11 11.68 11.75 6.35 7.15 6.94 8.03 9.42 9.71 8.83 10.22 9.86 11.75 15.33 16.13 18.98 17.96 17.59 17.74 17.52 17.52 17.67 17.16 15.33 15.55 14.24 14.53 16.79 10.80 13.80 13.36 14.97 5.91 8.83 7.59 9.93 4.16 7.01 7.88 4.67 9.86 10.15 8.03 10.95 10.44 10.44 9.42 10.44 14.31 14.53 12.48 13.94 14.38
16.94 16.94 16.94 15.99 16.28 14.02 14.75 14.45 14.67 15.11 14.97 16.28 17.81 18.98 18.76 19.05 18.61 19.49 19.20 19.86 18.69 18.91 19.27 17.89 16.94 17.59 17.59 16.94 14.97 14.38 9.71 10.51 12.05 8.40 6.64 6.86 7.01 7.96 8.03 8.25 8.25 9.78 11.02 14.53 13.72 15.55 19.78 17.37 16.94 16.57 12.70 12.70 12.92 12.34 12.92 12.19 4.16 6.28 6.13 7.45 6.57 2.04 2.26 3.72 0.00 0.00 0.00 1.17 0.00 2.41 0.00 4.02 6.57 6.35 6.86 7.23 7.23 8.32 7.96 9.27 11.17 11.17 0.00 0.00
14.16 14.16 15.33 13.80 13.51 13.51 13.43 12.48 12.99 12.41 14.38 17.23 19.56 19.35 19.78 19.35 19.49 18.91 19.71 18.61 18.18 17.01 16.94 16.94 16.86 15.99 15.99 14.67 12.48 9.20 9.78 11.90 11.83 7.81 7.08 6.86 7.66 7.59 7.66 7.37 7.37 7.15 9.64 11.61 11.02 13.51 18.98 18.91 9.86 10.80 11.32 11.32 10.37 9.20 4.31 5.11 3.36 2.41 0.00 0.00 0.00 0.00 0.00 0.00 0.00 0.00 0.00 0.00 0.00 0.00 3.50 0.00 5.40 7.52 8.18 8.76 8.76 8.10 8.69 8.47 6.94 0.00 0.00 0.00
14.31 14.31 12.48 13.21 13.07 12.12 10.88 11.46 11.39 13.65 13.29 15.77 19.56 19.35 20.00 19.86 20.08 20.44 20.51 18.61 18.54 16.94 16.28 15.91 16.50 16.64 16.64 11.97 9.71 11.61 13.58 12.99 8.10 5.84 7.37 6.06 6.28 5.11 5.26 5.55 6.72 6.06 8.03 8.03 10.51 9.93 8.03 10.22 9.56 10.88 11.10 11.10 9.93 7.30 4.53 5.33 0.00 1.68 0.00 0.00 0.00 0.00 0.00 0.00 0.00 0.00 0.00 0.00 0.00 0.00 0.00 4.16 3.80 5.48 10.80 11.83 11.83 11.53 8.47 6.64 7.08 5.55 5.26 0.00
12.92 12.92 12.85 13.72 13.65 13.80 13.58 10.88 13.51 16.28 15.84 18.18 18.25 18.10 18.76 18.91 19.93 21.32 21.32 20.37 20.44 16.86 16.86 16.57 17.45 15.84 15.84 13.36 13.65 13.58 14.60 14.53 9.71 5.55 1.90 2.70 3.72 3.65 4.53 4.45 4.16 5.04 6.35 6.13 10.29 5.84 10.07 12.78 12.85 11.39 10.73 10.73 11.24 8.32 11.83 7.52 0.00 0.00 0.00 0.00 0.00 0.00 0.00 0.00 0.00 0.00 0.00 0.00 0.00 0.00 0.00 0.00 0.00 0.00 0.00 12.19 12.19 11.68 11.24 7.30 5.91 5.55 7.30 4.89
12.92 12.92 12.85 13.72 13.65 13.80 13.58 10.88 13.51 16.28 15.84 18.18 18.25 18.10 18.76 18.91 19.93 21.32 21.32 20.37 20.44 16.86 16.86 16.57 17.45 15.84 15.84 13.36 13.65 13.58 14.60 14.53 9.71 5.55 1.90 2.70 3.72 3.65 4.53 4.45 4.16 5.04 6.35 6.13 10.29 5.84 10.07 12.78 12.85 11.39 10.73 10.73 11.24 8.32 11.83 7.52 0.00 0.00 0.00 0.00 0.00 0.00 0.00 0.00 0.00 0.00 0.00 0.00 0.00 0.00 0.00 0.00 0.00 0.00 0.00 12.19 12.19 11.68 11.24 7.30 5.91 5.55 7.30 4.89
14.82 14.82 14.89 14.16 14.31 12.99 12.12 12.34 12.78 16.94 18.91 17.81 18.03 16.86 18.54 19.64 19.49 19.05 19.49 19.78 17.74 16.72 16.72 17.23 15.77 14.24 14.24 13.94 14.67 13.36 12.19 12.85 5.26 0.22 0.66 2.04 1.10 0.00 0.00 1.75 0.88 3.94 2.04 8.18 13.14 12.48 11.02 14.38 12.78 13.87 16.06 16.06 14.82 12.05 12.92 8.69 0.00 0.00 0.00 0.00 0.00 0.00 0.00 0.00 0.00 0.00 0.00 0.00 0.00 0.00 0.00 0.00 0.00 0.00 0.00 0.00 0.00 8.91 0.00 6.20 5.99 8.03 7.74 6.50
14.89 14.89 15.11 14.38 14.16 14.24 14.02 17.52 18.32 18.69 18.03 18.10 16.64 17.01 16.79 17.23 18.61 18.40 17.37 17.67 15.55 15.18 16.86 12.78 14.82 15.40 15.40 16.86 15.26 11.32 9.78 8.83 2.92 1.02 1.39 0.80 0.00 0.00 0.00 0.00 0.00 0.00 0.00 5.99 11.02 13.94 15.18 15.55 17.37 17.01 17.01 17.01 16.35 11.97 7.23 0.00 0.00 0.00 0.00 0.00 0.00 0.00 0.00 0.00 0.00 0.00 0.00 0.00 0.00 0.00 0.00 0.00 0.00 0.00 0.00 0.00 0.00 0.00 0.00 3.36 0.00 3.14 5.48 6.06
16.79 16.79 16.72 17.16 17.01 16.86 18.47 18.10 19.49 19.20 18.10 16.72 18.10 17.23 17.23 17.74 17.23 16.43 16.28 16.50 16.43 14.82 15.18 14.24 10.59 15.33 15.33 12.70 13.58 9.56 3.58 0.73 7.15 2.77 0.00 0.00 0.00 0.00 0.00 0.00 0.00 0.00 0.00 0.00 10.29 15.91 0.00 0.00 15.04 15.04 14.45 14.45 7.01 7.45 5.11 0.00 0.00 0.00 0.00 0.00 0.00 0.00 0.00 0.00 0.00 0.00 0.00 0.00 0.00 0.00 0.00 0.00 0.00 0.00 0.00 0.00 0.00 0.00 0.00 3.87 4.67 4.45 6.86 6.79
16.57 16.57 17.16 17.74 18.25 18.40 19.05 20.08 19.86 18.76 19.20 17.59 18.47 19.56 18.83 17.59 17.89 16.64 16.64 16.79 15.77 14.45 12.85 12.19 13.65 15.11 15.11 10.44 7.81 7.37 6.50 2.77 4.67 4.60 0.00 0.00 0.00 0.00 0.00 0.00 0.00 0.00 0.00 5.69 9.78 12.63 0.00 0.00 0.00 0.00 0.00 0.00 0.00 0.00 0.00 0.00 0.00 0.00 0.00 0.00 0.00 0.00 0.00 0.00 0.00 0.00 0.00 0.00 0.00 0.00 0.00 0.00 0.00 0.00 0.00 0.00 0.00 0.00 4.45 0.00 8.47 9.64 10.22 9.71
17.96 17.96 17.89 17.23 17.59 16.79 18.54 18.98 19.42 17.96 16.57 18.40 20.08 19.86 20.08 20.15 18.61 17.67 19.35 18.25 16.72 11.24 13.58 13.87 16.43 15.91 15.91 16.35 12.63 13.43 19.20 3.29 5.26 3.72 0.00 0.00 0.00 0.00 0.00 0.00 0.00 0.00 0.00 0.00 0.00 0.00 0.00 0.00 0.00 0.00 0.00 0.00 0.00 0.00 0.00 0.00 0.00 0.00 0.00 5.84 0.00 0.00 0.00 0.00 0.00 0.00 0.00 0.00 0.00 0.00 0.00 0.00 0.00 0.00 0.00 0.00 0.00 0.00 4.38 10.88 9.49 14.38 10.51 11.24
17.96 17.96 17.89 17.23 17.59 16.79 18.54 18.98 19.42 17.96 16.57 18.40 20.08 19.86 20.08 20.15 18.61 17.67 19.35 18.25 16.72 11.24 13.58 13.87 16.43 15.91 15.91 16.35 12.63 13.43 19.20 3.29 5.26 3.72 0.00 0.00 0.00 0.00 0.00 0.00 0.00 0.00 0.00 0.00 0.00 0.00 0.00 0.00 0.00 0.00 0.00 0.00 0.00 0.00 0.00 0.00 0.00 0.00 0.00 5.84 0.00 0.00 0.00 0.00 0.00 0.00 0.00 0.00 0.00 0.00 0.00 0.00 0.00 0.00 0.00 0.00 0.00 0.00 4.38 10.88 9.49 14.38 10.51 11.24
18.40 18.40 17.96 16.64 16.06 15.84 16.86 15.62 16.28 16.57 16.43 17.37 18.10 19.93 20.88 19.78 17.30 17.59 17.16 18.18 13.07 16.06 16.06 18.47 17.74 17.74 17.74 17.96 20.73 19.49 20.37 0.00 0.00 0.00 0.00 0.00 0.00 7.45 5.55 4.53 12.70 11.17 11.83 0.00 0.00 0.00 0.00 0.00 0.00 11.75 0.00 0.00 0.00 0.00 0.00 0.00 0.00 0.00 0.00 7.15 4.82 6.42 5.99 3.07 5.99 5.18 4.96 2.41 6.06 12.92 2.41 5.40 9.27 0.07 0.00 1.68 1.68 4.74 3.21 10.51 16.13 15.33 13.21 11.83
18.61 18.61 18.25 17.37 17.37 16.72 16.35 16.21 16.28 15.70 16.28 18.61 19.78 18.40 17.52 19.78 13.21 14.45 14.24 12.63 19.93 20.66 21.32 20.08 18.61 17.74 17.74 18.61 19.78 19.20 2.12 3.29 2.92 3.43 12.85 13.07 12.26 12.63 10.80 10.80 15.40 17.23 19.56 0.00 0.00 0.00 0.00 14.53 13.43 12.12 0.00 0.00 0.00 10.37 10.00 9.71 10.07 10.80 8.47 7.88 11.39 8.83 13.51 10.95 11.24 10.29 18.18 19.64 15.91 20.37 12.70 11.68 14.97 19.27 7.81 7.59 7.59 8.83 8.40 7.37 13.51 15.18 15.26 15.62
19.42 19.42 19.35 18.83 18.98 21.02 19.20 21.17 19.49 16.79 16.13 15.70 16.57 16.86 17.45 16.50 14.38 9.05 9.05 24.16 8.83 22.27 20.73 19.27 17.59 18.03 18.03 17.08 19.27 19.78 5.55 3.80 9.42 16.06 17.45 17.81 15.04 12.85 12.56 12.26 15.33 18.32 19.64 0.00 0.00 12.41 16.72 15.99 14.89 12.70 11.68 11.68 11.97 12.85 12.85 12.85 15.48 12.63 16.35 15.55 15.62 13.51 18.18 17.52 15.91 25.62 26.13 27.59 26.35 25.70 28.40 24.67 24.60 23.94 24.09 14.02 14.02 14.09 12.41 11.17 15.40 15.04 17.23 19.05
21.75 21.75 23.87 22.56 22.92 23.21 23.29 22.70 17.96 15.91 17.37 15.04 15.26 11.90 12.12 8.91 8.69 3.58 3.21 3.65 23.94 21.68 20.88 18.32 16.72 16.50 16.50 17.45 16.94 19.35 14.89 17.16 16.94 18.54 20.29 20.51 17.16 14.60 16.06 20.81 20.73 20.37 20.51 16.79 16.94 17.89 17.67 16.72 11.17 10.44 11.97 11.97 16.13 19.35 19.35 17.16 17.74 15.18 19.05 19.42 22.48 21.39 20.73 28.40 29.27 27.23 27.23 26.21 25.99 29.42 29.27 27.16 27.74 27.67 26.35 24.31 24.31 15.84 16.50 12.70 16.64 20.81 20.00 21.53
26.79 26.79 25.33 23.51 21.02 18.69 17.59 16.06 18.18 16.50 12.85 12.70 12.34 7.96 6.42 0.00 0.00 0.00 24.67 25.19 25.77 24.24 21.83 18.47 19.56 17.52 17.52 17.81 17.67 16.94 18.83 20.08 22.19 21.46 18.98 16.72 16.57 16.28 19.78 22.19 21.32 15.48 16.50 16.06 16.50 15.84 11.39 9.34 9.42 12.48 11.83 11.83 17.89 17.52 19.27 20.81 21.83 20.22 19.71 20.88 23.21 25.11 29.49 29.49 29.71 27.08 24.75 25.33 22.41 27.01 24.82 25.70 20.95 25.70 24.89 24.31 24.31 25.26 17.81 18.76 18.18 23.65 24.60 24.31
26.79 26.79 25.33 23.51 21.02 18.69 17.59 16.06 18.18 16.50 12.85 12.70 12.34 7.96 6.42 0.00 0.00 0.00 24.67 25.19 25.77 24.24 21.83 18.47 19.56 17.52 17.52 17.81 17.67 16.94 18.83 20.08 22.19 21.46 18.98 16.72 16.57 16.28 19.78 22.19 21.32 15.48 16.50 16.06 16.50 15.84 11.39 9.34 9.42 12.48 11.83 11.83 17.89 17.52 19.27 20.81 21.83 20.22 19.71 20.88 23.21 25.11 29.49 29.49 29.71 27.08 24.75 25.33 22.41 27.01 24.82 25.70 20.95 25.70 24.89 24.31 24.31 25.26 17.81 18.76 18.18 23.65 24.60 24.31
27.45 27.45 25.48 16.21 15.77 15.33 16.06 15.48 13.72 12.12 11.83 11.97 6.35 9.42 0.00 0.00 0.00 0.00 26.94 27.16 25.40 25.99 22.85 23.14 22.41 19.78 19.78 18.25 18.61 19.78 20.37 20.44 21.61 20.22 18.76 17.74 20.44 22.05 20.81 22.48 21.83 15.91 17.52 16.50 15.99 14.09 11.90 9.64 9.13 12.41 14.24 14.24 17.01 16.21 24.02 23.58 23.65 28.62 23.51 24.82 23.21 27.16 30.30 27.23 28.32 27.45 21.24 20.51 21.32 18.32 20.44 19.35 18.32 19.13 23.94 26.21 26.21 24.97 25.55 21.61 23.73 23.14 22.56 20.66
17.67 17.67 19.13 15.48 14.60 15.77 12.99 13.29 13.14 13.29 10.00 9.78 0.00 0.00 0.00 0.00 0.00 0.00 25.70 25.77 25.70 22.78 24.02 22.92 23.87 17.37 17.37 17.59 18.40 21.61 21.46 21.61 21.46 19.93 18.25 20.66 22.19 22.70 24.67 22.27 23.14 17.81 12.78 11.53 11.61 11.53 11.17 10.51 12.63 13.87 15.04 15.04 17.45 22.63 24.75 24.02 26.06 32.49 26.94 23.51 26.86 26.28 28.40 22.78 12.19 17.16 18.91 9.64 14.60 15.33 10.51 16.06 16.64 14.97 21.83 23.07 23.07 22.70 20.51 16.21 20.73 19.93 19.93 18.54
16.35 16.35 10.37 10.07 11.39 10.88 12.78 12.26 8.25 0.00 0.00 0.00 0.00 0.00 0.00 0.00 18.40 19.49 23.51 22.41 21.90 21.83 24.31 23.87 21.46 17.67 17.67 18.47 19.78 19.86 19.64 19.20 19.93 21.10 23.00 22.27 22.85 24.31 22.12 20.66 13.21 15.26 11.02 11.97 12.19 17.74 15.11 15.48 16.28 15.70 15.77 15.77 18.69 23.21 29.20 34.53 33.94 34.46 29.78 20.88 22.41 12.78 12.63 16.79 4.31 7.81 4.60 3.80 7.88 5.11 1.83 2.34 10.66 10.80 6.94 15.62 15.62 12.70 10.95 9.93 11.02 14.24 18.47 18.03
18.32 18.32 9.05 8.69 10.44 11.02 6.57 0.00 0.00 0.00 0.00 0.00 0.00 0.00 0.00 0.00 11.83 16.35 21.10 20.29 19.93 20.15 22.41 21.53 22.85 19.93 19.93 21.53 16.50 18.10 17.59 20.22 21.61 24.16 25.04 24.31 21.53 21.97 20.81 19.56 14.16 12.70 11.17 14.67 19.35 20.51 18.83 17.59 19.56 19.42 21.24 21.24 20.29 24.31 31.83 34.53 31.97 18.98 12.63 15.48 3.07 2.77 0.00 0.00 0.00 0.00 0.29 0.00 0.00 0.00 0.00 1.24 3.14 3.50 3.94 6.50 6.50 5.99 6.06 9.05 12.48 12.48 16.43 19.86
7.30 7.30 6.13 5.77 4.38 4.31 5.18 3.87 0.00 0.00 0.00 0.00 0.00 0.00 0.00 0.00 0.00 0.00 17.08 15.33 9.13 15.11 22.48 20.73 24.60 25.19 25.19 23.43 15.84 18.76 20.44 21.83 23.80 26.13 27.38 25.48 22.41 20.29 16.50 14.16 14.67 10.66 10.07 14.45 18.83 20.29 19.05 17.52 20.37 21.10 23.94 23.94 31.10 34.02 33.58 34.46 26.86 12.41 5.62 0.00 0.00 0.00 0.00 0.00 0.00 0.07 0.00 0.00 0.07 0.00 0.00 3.43 5.62 1.97 4.74 11.17 11.17 16.06 15.99 9.49 14.16 17.67 17.89 19.78
3.43 3.43 2.04 0.00 0.00 0.00 0.00 0.00 0.00 0.00 0.00 0.00 0.00 0.00 0.00 0.00 0.00 0.00 11.75 9.20 12.63 18.32 24.82 26.35 24.53 25.04 25.04 23.43 20.44 18.61 20.51 22.41 24.67 24.75 26.28 25.99 20.51 15.99 14.24 13.87 4.89 10.29 14.89 18.69 17.81 20.51 19.35 19.93 19.35 21.39 26.50 26.50 32.78 35.04 28.84 21.46 23.87 13.29 7.96 2.34 0.00 0.00 0.00 0.00 0.00 0.00 0.00 0.00 0.00 0.00 1.46 4.53 7.88 12.78 8.98 16.94 16.94 20.08 22.34 15.99 18.03 20.88 21.90 21.53
3.43 3.43 2.04 0.00 0.00 0.00 0.00 0.00 0.00 0.00 0.00 0.00 0.00 0.00 0.00 0.00 0.00 0.00 11.75 9.20 12.63 18.32 24.82 26.35 24.53 25.04 25.04 23.43 20.44 18.61 20.51 22.41 24.67 24.75 26.28 25.99 20.51 15.99 14.24 13.87 4.89 10.29 14.89 18.69 17.81 20.51 19.35 19.93 19.35 21.39 26.50 26.50 32.78 35.04 28.84 21.46 23.87 13.29 7.96 2.34 0.00 0.00 0.00 0.00 0.00 0.00 0.00 0.00 0.00 0.00 1.46 4.53 7.88 12.78 8.98 16.94 16.94 20.08 22.34 15.99 18.03 20.88 21.90 21.53
0.00 0.00 0.00 0.00 0.00 0.00 0.00 0.00 0.00 0.00 0.00 0.00 0.00 24.60 0.00 0.00 0.00 0.00 5.99 8.03 13.21 19.20 22.56 26.28 23.94 17.67 17.67 18.18 16.57 20.29 17.96 20.22 20.95 22.92 22.34 22.41 19.27 16.64 14.60 22.19 4.31 11.39 13.72 17.52 14.67 17.81 17.59 18.40 21.02 27.23 25.11 25.11 31.39 28.25 25.04 17.37 10.95 7.15 9.27 0.00 0.00 0.00 0.00 0.00 0.00 0.00 0.00 0.00 0.00 0.00 3.07 8.18 8.10 10.37 16.50 21.46 21.46 21.24 24.31 29.86 34.24 26.94 27.74 23.73
