Wansh/Snow_depth/snowdepth-1994/spring/1994063.txt
ncols 321
nrows 161
xllcenter 60
yllcenter 15 
cellsize  0.25 
NODATA_value -1
[rows 0 to 36 of 161, columns 0 to 83 of 321]
16.43 16.43 21.02 19.20 25.40 25.33 24.53 24.24 26.50 26.57 26.50 27.30 27.30 27.52 27.52 27.81 27.67 26.94 27.30 27.74 26.50 27.01 26.86 26.65 26.50 27.67 27.67 26.86 26.94 27.08 27.52 26.86 27.67 27.38 27.52 26.43 26.35 25.11 25.19 25.99 26.21 26.21 24.53 23.07 23.14 23.73 24.02 22.63 23.00 22.92 22.41 22.41 21.53 21.68 22.27 24.67 24.09 24.82 24.38 24.38 24.09 20.73 20.81 20.81 21.10 20.44 20.51 18.69 15.48 13.87 14.97 16.57 16.86 19.35 23.29 22.34 22.34 22.78 23.00 23.07 24.38 24.38 23.29 22.12
18.98 18.98 24.60 26.13 25.70 26.79 27.30 26.50 26.65 26.65 26.94 26.94 26.94 27.52 27.67 26.79 26.28 26.50 24.53 26.13 25.99 25.40 24.53 26.06 26.06 25.55 25.55 25.99 26.72 26.50 27.45 26.50 26.65 26.57 26.50 26.43 25.84 25.84 25.48 23.73 25.62 23.80 24.45 21.61 19.64 20.00 17.74 18.69 18.18 19.64 19.42 19.42 19.27 18.91 18.83 18.98 19.20 19.05 19.35 19.93 20.29 20.51 19.42 18.25 17.08 17.16 15.91 15.11 15.48 14.09 14.67 16.06 19.20 20.59 20.37 21.97 21.97 23.87 23.94 23.29 24.02 24.24 23.94 23.21
25.04 25.04 24.67 24.60 25.26 26.86 26.94 25.40 26.94 26.86 26.28 26.65 26.72 24.97 25.70 26.13 23.36 23.58 23.58 23.29 23.65 23.80 23.58 23.73 24.75 25.40 25.40 25.04 24.89 24.31 26.43 25.48 25.19 25.33 24.60 24.89 25.55 24.97 25.11 23.65 19.86 20.51 17.30 16.06 16.13 15.33 15.55 16.28 16.06 16.72 18.03 18.03 16.35 16.86 18.25 17.89 17.52 18.18 16.64 15.77 15.70 17.23 18.69 18.69 17.52 17.67 16.86 16.21 16.21 15.91 18.61 18.98 20.08 21.46 21.97 23.43 23.43 23.94 24.09 25.19 24.97 24.45 24.82 23.29
25.04 25.04 24.67 24.60 25.26 26.86 26.94 25.40 26.94 26.86 26.28 26.65 26.72 24.97 25.70 26.13 23.36 23.58 23.58 23.29 23.65 23.80 23.58 23.73 24.75 25.40 25.40 25.04 24.89 24.31 26.43 25.48 25.19 25.33 24.60 24.89 25.55 24.97 25.11 23.65 19.86 20.51 17.30 16.06 16.13 15.33 15.55 16.28 16.06 16.72 18.03 18.03 16.35 16.86 18.25 17.89 17.52 18.18 16.64 15.77 15.70 17.23 18.69 18.69 17.52 17.67 16.86 16.21 16.21 15.91 18.61 18.98 20.08 21.46 21.97 23.43 23.43 23.94 24.09 25.19 24.97 24.45 24.82 23.29
24.09 24.09 24.02 24.16 23.94 25.04 25.04 25.04 25.84 25.92 25.84 25.11 24.16 24.75 22.41 22.56 22.78 21.83 22.63 22.48 23.07 21.75 22.34 23.14 22.48 22.78 22.78 23.94 22.70 23.00 23.00 25.55 25.11 24.82 24.97 24.45 22.85 23.36 19.49 17.96 19.20 16.72 17.30 15.40 15.48 15.48 15.62 15.99 15.99 16.21 16.43 16.43 16.57 16.06 18.32 18.03 18.40 17.89 17.89 16.57 16.06 17.67 19.20 19.20 19.20 19.20 18.76 18.91 17.23 18.25 19.05 18.98 20.29 23.65 21.75 21.10 21.10 22.19 23.87 24.82 25.11 23.80 24.45 22.48
23.87 23.87 24.45 24.38 24.24 24.31 27.16 26.57 26.65 26.21 24.38 24.60 23.43 21.83 21.90 21.68 22.12 23.29 22.92 22.78 21.02 21.17 21.53 22.48 22.12 21.10 21.10 21.10 21.46 22.63 22.05 24.97 25.19 25.04 24.38 25.40 23.07 18.54 19.35 17.59 17.59 17.74 15.40 15.55 15.40 16.35 15.99 16.13 15.40 15.55 13.72 13.72 13.72 13.72 17.08 16.43 18.47 18.25 18.69 16.35 16.72 18.10 17.81 19.20 19.27 19.27 19.42 19.86 18.91 18.91 19.35 19.93 21.61 20.44 23.36 22.70 22.70 22.56 22.48 23.29 24.16 21.17 21.68 20.81
25.04 25.04 24.75 25.48 26.43 27.67 27.45 26.72 26.06 26.43 24.38 23.43 22.19 22.56 21.24 22.48 21.97 23.73 23.51 23.65 20.59 20.66 20.59 21.17 20.95 21.24 21.24 21.53 21.24 22.48 22.70 24.02 24.31 23.07 23.29 21.24 18.54 19.27 17.45 16.57 17.67 15.62 16.06 15.04 15.40 15.70 15.70 15.48 15.11 15.04 13.36 13.36 11.75 11.97 14.82 14.97 16.72 16.57 18.25 19.13 18.83 17.45 18.32 18.32 19.13 19.71 19.93 20.29 20.66 19.78 20.15 20.22 18.83 19.86 20.22 19.71 19.71 20.73 18.69 19.93 20.15 19.86 21.53 19.71
25.04 25.04 24.75 25.48 26.43 27.67 27.45 26.72 26.06 26.43 24.38 23.43 22.19 22.56 21.24 22.48 21.97 23.73 23.51 23.65 20.59 20.66 20.59 21.17 20.95 21.24 21.24 21.53 21.24 22.48 22.70 24.02 24.31 23.07 23.29 21.24 18.54 19.27 17.45 16.57 17.67 15.62 16.06 15.04 15.40 15.70 15.70 15.48 15.11 15.04 13.36 13.36 11.75 11.97 14.82 14.97 16.72 16.57 18.25 19.13 18.83 17.45 18.32 18.32 19.13 19.71 19.93 20.29 20.66 19.78 20.15 20.22 18.83 19.86 20.22 19.71 19.71 20.73 18.69 19.93 20.15 19.86 21.53 19.71
24.97 24.97 25.55 25.55 26.65 25.40 25.84 26.28 22.78 23.73 19.93 20.51 20.81 20.51 19.86 22.56 23.29 23.07 22.56 19.71 20.08 20.00 21.02 20.88 21.24 21.10 21.10 21.17 21.61 21.46 21.46 20.37 18.18 18.61 20.08 20.08 19.27 17.81 17.96 16.94 14.67 15.26 14.67 15.18 15.26 14.38 13.80 14.16 14.02 15.84 14.97 14.97 15.62 11.83 13.65 12.99 14.97 16.86 16.06 18.10 17.30 17.89 17.45 17.37 17.59 17.96 19.71 19.42 21.02 20.95 21.24 21.39 20.00 20.08 18.40 19.71 19.71 18.10 16.79 15.70 14.82 17.59 18.40 18.32
24.09 24.09 24.53 23.94 23.73 24.38 20.29 20.59 21.24 17.45 18.32 17.67 17.08 19.78 22.05 21.68 22.56 20.15 20.66 19.64 20.00 19.64 20.95 21.17 20.73 20.88 20.88 19.64 20.00 18.47 16.94 19.27 16.79 15.55 15.04 15.55 15.55 15.70 15.11 14.89 15.40 14.60 15.99 16.06 15.77 14.45 14.89 14.09 15.26 14.89 16.21 16.21 14.02 13.43 12.92 13.14 13.51 14.09 14.31 17.30 16.64 17.23 17.74 17.45 17.89 16.79 18.69 17.23 19.35 20.08 18.32 20.15 18.91 19.56 18.83 17.74 17.74 18.03 16.50 16.57 15.77 16.28 17.67 17.37
21.61 21.61 21.83 22.70 19.71 19.05 19.78 16.72 16.06 16.13 16.28 15.99 17.96 17.37 20.95 20.29 20.29 19.93 19.86 20.00 19.64 20.81 20.59 21.39 21.24 21.10 21.10 19.93 18.10 18.47 16.13 14.45 14.89 13.80 14.31 14.02 14.82 14.02 14.16 14.09 14.89 14.67 16.72 18.61 18.76 18.83 17.96 15.33 15.70 13.87 13.87 13.87 13.94 13.80 13.21 13.07 13.21 12.78 14.67 16.06 16.06 15.91 13.65 15.48 15.99 14.09 14.24 14.09 17.96 17.08 15.40 18.54 16.86 19.42 15.99 15.91 15.91 16.64 17.89 16.94 17.74 17.45 17.89 17.37
21.61 21.61 21.83 22.70 19.71 19.05 19.78 16.72 16.06 16.13 16.28 15.99 17.96 17.37 20.95 20.29 20.29 19.93 19.86 20.00 19.64 20.81 20.59 21.39 21.24 21.10 21.10 19.93 18.10 18.47 16.13 14.45 14.89 13.80 14.31 14.02 14.82 14.02 14.16 14.09 14.89 14.67 16.72 18.61 18.76 18.83 17.96 15.33 15.70 13.87 13.87 13.87 13.94 13.80 13.21 13.07 13.21 12.78 14.67 16.06 16.06 15.91 13.65 15.48 15.99 14.09 14.24 14.09 17.96 17.08 15.40 18.54 16.86 19.42 15.99 15.91 15.91 16.64 17.89 16.94 17.74 17.45 17.89 17.37
21.61 21.61 19.49 18.47 19.27 15.48 16.21 15.99 15.91 15.18 14.82 14.60 17.37 18.32 19.20 20.08 19.93 19.78 20.22 20.44 20.51 21.61 22.05 21.75 20.66 16.79 16.79 14.60 14.60 15.11 15.55 13.94 12.34 12.63 12.12 12.85 13.72 14.31 14.24 14.31 13.94 15.84 18.25 17.59 18.76 18.61 18.76 16.57 14.53 13.07 13.36 13.36 13.29 12.85 11.97 12.63 11.97 13.29 11.75 11.61 12.48 12.19 8.83 10.07 12.78 10.66 11.17 12.41 12.26 16.50 14.53 15.99 15.55 17.23 16.64 14.38 14.38 14.60 13.58 16.35 17.30 17.16 17.59 12.92
17.81 17.81 18.69 14.67 14.89 15.04 14.24 13.58 13.94 14.31 13.87 15.55 16.21 17.89 19.27 19.13 20.29 20.37 20.37 20.66 21.17 20.88 19.71 17.59 15.91 16.35 16.35 14.38 12.92 13.29 11.39 12.05 12.26 11.90 12.70 12.48 13.51 12.63 12.85 12.70 12.63 12.48 13.36 14.02 15.26 15.11 14.67 14.24 14.67 13.94 13.21 13.21 12.85 12.85 12.63 10.15 9.27 10.44 10.22 10.66 8.98 8.10 7.08 6.50 7.01 8.18 11.24 10.15 10.66 10.22 12.70 11.68 15.55 13.07 13.21 13.51 13.51 13.51 13.65 15.18 14.24 11.68 10.88 11.02
13.43 13.43 14.60 14.60 13.29 13.51 13.65 12.92 10.88 10.44 11.97 15.40 16.64 16.79 18.47 18.10 17.81 20.29 19.20 18.03 17.96 18.18 16.64 17.01 14.89 14.89 14.89 14.60 12.70 11.46 11.46 12.70 12.85 13.07 12.92 11.90 12.48 12.41 11.75 11.75 12.05 12.99 13.21 13.14 13.65 14.16 14.02 14.02 14.24 13.65 13.72 13.72 13.65 12.78 10.15 10.59 9.27 7.52 7.74 8.54 8.61 7.96 7.23 7.52 7.96 8.03 7.59 10.51 8.83 10.00 10.51 10.29 11.61 12.78 13.72 14.97 14.97 15.70 13.94 12.92 13.36 12.34 13.58 14.60
13.51 13.51 13.21 13.21 13.21 12.92 10.73 10.95 10.59 14.16 13.58 15.40 15.55 14.82 16.86 16.35 18.03 17.52 18.54 17.23 15.91 15.84 15.91 14.67 14.75 14.67 14.67 14.38 14.53 12.41 12.85 12.78 12.85 12.41 12.41 11.97 10.44 10.44 10.37 10.80 11.46 11.83 11.83 12.56 13.36 13.14 13.80 14.09 12.85 12.85 13.58 13.58 13.14 13.21 10.44 10.29 8.10 7.52 8.32 9.56 8.98 9.20 9.64 8.18 9.56 8.98 8.61 7.30 8.32 8.83 9.05 9.42 10.51 11.75 12.78 13.29 13.29 15.04 15.40 15.18 13.07 14.16 13.72 14.97
13.51 13.51 13.21 13.21 13.21 12.92 10.73 10.95 10.59 14.16 13.58 15.40 15.55 14.82 16.86 16.35 18.03 17.52 18.54 17.23 15.91 15.84 15.91 14.67 14.75 14.67 14.67 14.38 14.53 12.41 12.85 12.78 12.85 12.41 12.41 11.97 10.44 10.44 10.37 10.80 11.46 11.83 11.83 12.56 13.36 13.14 13.80 14.09 12.85 12.85 13.58 13.58 13.14 13.21 10.44 10.29 8.10 7.52 8.32 9.56 8.98 9.20 9.64 8.18 9.56 8.98 8.61 7.30 8.32 8.83 9.05 9.42 10.51 11.75 12.78 13.29 13.29 15.04 15.40 15.18 13.07 14.16 13.72 14.97
14.24 14.24 13.21 12.78 11.53 12.05 10.80 13.51 12.99 14.31 15.62 15.40 15.40 14.53 14.31 14.67 16.06 14.53 13.51 16.13 14.97 14.09 13.43 14.67 14.02 14.02 14.02 14.75 14.82 14.97 14.31 13.29 12.56 12.56 11.75 10.59 10.66 10.37 10.29 10.15 10.29 11.61 11.68 11.75 12.70 13.43 13.21 14.16 13.36 12.70 12.48 12.48 12.56 12.99 10.88 11.02 9.20 8.83 8.69 11.53 11.02 11.83 13.07 10.22 9.13 9.05 7.81 7.96 7.74 8.54 9.27 8.83 10.44 11.53 12.41 12.19 12.19 13.58 12.48 11.97 12.70 13.80 12.63 13.14
13.87 13.87 14.16 13.65 12.63 13.87 13.36 14.45 15.99 15.84 15.84 14.75 13.94 14.09 13.36 11.53 13.29 13.36 11.97 11.24 13.51 12.63 13.65 12.99 15.11 14.38 14.38 14.67 14.82 13.87 12.99 13.36 12.26 13.51 13.07 11.75 10.29 12.12 11.68 12.92 12.99 10.95 13.21 13.87 13.65 13.80 12.99 13.80 13.80 13.80 13.65 13.65 12.78 12.41 11.90 12.05 11.75 14.09 13.58 12.19 13.87 13.36 14.53 9.71 11.61 10.22 9.42 9.56 9.20 9.49 9.34 9.86 10.66 11.10 10.44 11.46 11.46 12.70 12.26 12.85 11.61 11.61 11.10 11.97
14.24 14.24 13.72 13.87 15.04 14.53 15.77 15.40 16.13 15.77 14.24 14.82 12.41 12.92 13.14 11.39 9.13 10.80 10.51 10.51 10.73 10.22 13.07 15.18 14.75 14.53 14.53 13.80 14.67 13.87 13.72 13.51 13.58 13.87 13.14 11.68 11.61 13.87 14.38 14.31 14.67 14.16 15.48 15.55 14.53 12.99 13.87 14.38 14.09 14.31 13.29 13.29 11.90 11.97 14.31 13.58 15.04 16.57 16.94 15.48 16.28 14.67 14.45 12.99 13.51 11.68 11.97 9.93 10.07 11.75 10.59 10.59 10.15 9.93 10.07 10.66 10.66 11.39 12.26 13.07 12.34 12.92 10.95 13.58
14.38 14.38 15.40 15.48 15.55 15.04 15.99 15.40 14.97 15.70 11.24 11.61 11.83 11.46 10.51 8.98 8.98 10.44 10.29 10.07 11.32 14.24 13.43 15.04 14.67 14.53 14.53 14.31 15.18 16.28 16.21 16.21 15.70 15.26 15.04 13.14 14.97 13.65 14.82 14.97 15.18 14.97 15.48 15.18 15.26 15.40 14.53 13.94 14.38 14.31 13.87 13.87 14.16 13.65 14.67 16.79 17.37 17.59 16.57 17.16 15.84 15.40 13.72 13.87 12.78 11.53 11.61 12.70 12.70 12.63 11.10 11.17 10.66 10.95 10.15 9.93 9.93 12.05 12.85 14.31 16.50 15.77 14.53 14.82
15.40 15.40 15.55 15.55 15.62 15.33 15.62 13.14 13.58 10.22 10.00 9.93 10.73 10.66 10.95 9.71 12.05 11.10 14.89 15.99 12.05 14.53 17.45 18.61 18.40 18.61 18.61 17.16 16.94 17.01 17.08 16.57 16.94 15.62 14.53 14.67 14.16 14.02 14.89 14.60 15.40 15.77 15.99 16.06 15.26 16.06 17.08 17.81 17.96 17.52 15.11 15.11 14.75 16.86 16.94 16.94 17.52 17.37 16.64 16.57 16.72 13.58 15.11 13.58 13.29 13.29 14.67 14.31 13.43 13.36 13.21 11.61 11.46 12.41 12.26 12.78 12.78 12.70 13.29 15.26 16.06 17.16 15.55 15.40
15.40 15.40 15.55 15.55 15.62 15.33 15.62 13.14 13.58 10.22 10.00 9.93 10.73 10.66 10.95 9.71 12.05 11.10 14.89 15.99 12.05 14.53 17.45 18.61 18.40 18.61 18.61 17.16 16.94 17.01 17.08 16.57 16.94 15.62 14.53 14.67 14.16 14.02 14.89 14.60 15.40 15.77 15.99 16.06 15.26 16.06 17.08 17.81 17.96 17.52 15.11 15.11 14.75 16.86 16.94 16.94 17.52 17.37 16.64 16.57 16.72 13.58 15.11 13.58 13.29 13.29 14.67 14.31 13.43 13.36 13.21 11.61 11.46 12.41 12.26 12.78 12.78 12.70 13.29 15.26 16.06 17.16 15.55 15.40
15.55 15.55 14.97 15.11 15.70 12.63 12.05 12.70 8.40 8.91 9.71 8.83 10.73 11.83 11.61 11.68 13.36 15.99 15.33 18.18 20.73 16.72 19.42 20.08 19.42 19.78 19.78 18.69 18.47 18.18 18.18 18.25 16.28 16.79 14.97 14.09 13.72 13.87 13.94 14.60 15.55 15.48 16.06 18.76 18.91 19.27 18.54 18.83 19.20 20.95 19.56 19.56 17.67 17.89 17.74 18.76 18.91 19.93 15.99 16.13 16.21 15.99 14.53 16.06 15.18 15.04 14.82 15.62 17.74 14.24 13.36 13.36 15.55 13.07 12.63 13.36 13.36 14.60 15.04 16.50 16.13 16.86 16.72 15.99
16.21 16.21 14.38 13.36 11.97 12.78 8.32 6.72 6.94 5.69 7.96 10.07 9.20 11.32 11.75 12.63 11.83 16.28 19.42 18.61 22.56 23.43 21.68 21.68 20.08 18.32 18.32 18.69 17.23 18.32 17.67 17.81 17.74 16.50 15.11 15.40 14.89 16.06 16.06 16.13 16.35 16.86 18.83 18.47 19.56 19.78 21.39 20.81 21.39 21.46 20.95 20.95 21.53 20.59 20.00 21.10 20.51 17.81 17.45 15.55 16.28 16.86 19.35 17.74 16.86 22.34 20.95 21.10 19.93 18.76 18.18 16.35 18.83 15.55 18.54 16.94 16.94 15.18 14.60 15.84 17.45 17.96 17.89 15.11
17.67 17.67 14.97 13.80 11.39 8.61 8.98 6.72 6.50 6.79 7.66 8.40 9.86 9.34 11.68 12.56 17.45 16.28 21.24 23.73 23.43 23.87 21.17 17.23 17.74 16.94 16.94 15.70 17.23 16.79 17.08 16.57 16.28 16.50 15.33 14.82 16.35 15.84 17.01 17.08 17.08 17.67 19.20 20.00 21.02 22.12 22.27 21.83 21.10 21.53 21.17 21.17 21.24 24.24 22.41 22.85 23.14 22.85 21.75 18.83 21.75 22.05 21.46 19.78 24.82 26.13 24.24 23.65 24.97 21.75 23.21 21.83 21.61 19.93 18.54 19.13 19.13 16.50 16.86 15.40 17.16 17.81 18.10 16.64
19.05 19.05 14.82 15.62 12.34 9.49 10.73 10.80 9.86 10.37 10.73 8.03 9.20 9.27 13.72 11.68 17.52 21.39 20.81 23.58 23.87 19.78 20.95 15.26 13.14 14.53 14.53 13.58 17.52 17.59 17.01 16.79 16.79 16.50 16.50 16.06 15.70 15.91 17.89 17.52 18.25 18.25 19.93 20.59 20.37 21.10 20.15 20.88 20.66 20.59 22.63 22.63 24.24 23.51 25.92 25.55 24.53 25.11 23.80 24.16 24.60 23.21 25.26 26.43 26.06 26.94 27.67 26.50 24.89 24.82 24.53 25.19 23.07 22.05 20.44 19.86 19.86 17.16 15.40 15.40 17.67 17.01 18.47 17.81
20.08 20.08 17.52 13.36 14.02 12.12 12.78 15.84 15.48 12.63 13.07 15.99 10.15 10.88 16.57 23.21 17.52 22.78 23.29 20.81 21.46 17.30 14.31 15.04 12.85 14.16 14.16 17.52 17.01 16.94 16.57 15.91 16.21 16.57 15.99 15.18 15.91 14.75 17.08 18.69 18.10 18.32 17.96 19.86 20.88 21.39 19.35 19.27 19.56 18.32 21.75 21.75 22.41 22.05 24.67 23.87 24.67 24.45 25.19 26.21 24.45 25.04 25.77 27.74 27.74 27.59 27.81 26.06 24.45 23.07 24.31 24.75 23.58 21.90 21.17 20.66 20.66 18.76 20.00 17.30 17.23 17.23 17.37 17.81
20.08 20.08 17.52 13.36 14.02 12.12 12.78 15.84 15.48 12.63 13.07 15.99 10.15 10.88 16.57 23.21 17.52 22.78 23.29 20.81 21.46 17.30 14.31 15.04 12.85 14.16 14.16 17.52 17.01 16.94 16.57 15.91 16.21 16.57 15.99 15.18 15.91 14.75 17.08 18.69 18.10 18.32 17.96 19.86 20.88 21.39 19.35 19.27 19.56 18.32 21.75 21.75 22.41 22.05 24.67 23.87 24.67 24.45 25.19 26.21 24.45 25.04 25.77 27.74 27.74 27.59 27.81 26.06 24.45 23.07 24.31 24.75 23.58 21.90 21.17 20.66 20.66 18.76 20.00 17.30 17.23 17.23 17.37 17.81
19.56 19.56 17.74 14.75 13.14 13.58 13.43 16.13 17.67 16.79 16.21 21.61 23.58 14.97 19.13 25.33 26.86 26.94 23.29 20.15 17.08 17.45 13.72 12.99 12.34 12.85 12.85 15.40 16.35 16.50 16.57 15.84 15.99 15.77 15.84 15.91 15.84 17.67 17.37 19.20 18.54 18.32 19.05 21.61 21.24 21.90 20.81 16.06 16.06 17.08 18.98 18.98 19.35 20.08 23.00 22.78 23.87 25.99 24.38 21.83 21.97 24.02 25.40 25.19 25.84 26.35 24.67 22.34 22.85 21.61 22.27 20.66 19.78 20.08 20.44 21.46 21.46 21.39 20.51 18.03 17.30 15.33 17.37 17.23
17.89 17.89 18.69 16.28 14.60 15.40 15.55 15.84 18.32 20.51 23.36 22.34 25.92 26.43 23.73 27.38 27.16 25.19 18.91 20.59 15.70 13.36 13.72 12.56 11.75 13.87 13.87 13.36 16.06 18.69 18.69 18.18 17.45 16.21 16.57 16.21 15.40 16.35 15.99 17.37 17.59 17.89 17.81 20.29 20.08 21.02 19.13 17.37 16.06 15.84 17.30 17.30 19.86 19.42 22.85 22.78 21.97 21.02 20.00 20.88 20.59 22.48 23.94 23.36 24.82 25.26 22.56 21.68 21.75 20.08 19.56 19.13 19.20 19.86 16.86 18.98 18.98 18.69 19.05 17.08 12.92 11.90 10.66 9.71
17.89 17.89 15.48 15.70 15.48 14.97 15.99 19.20 18.61 20.00 22.05 25.40 25.11 25.99 25.77 27.16 27.30 24.75 18.83 13.87 15.70 12.70 11.83 11.39 11.46 12.78 12.78 15.70 16.43 16.28 17.52 17.30 17.23 17.37 17.23 16.43 15.40 14.60 14.82 14.16 15.33 13.43 14.89 17.45 17.08 18.61 18.03 19.05 16.64 15.84 17.45 17.45 19.56 19.71 20.22 21.46 21.90 19.86 19.49 19.56 17.67 19.64 20.51 20.22 19.20 18.54 20.81 21.17 20.51 18.32 18.18 16.94 14.02 13.43 14.24 15.70 15.70 13.87 13.87 11.61 12.34 10.66 8.83 9.86
16.57 16.57 14.60 14.38 13.72 15.70 16.43 19.35 19.42 19.13 21.24 24.45 25.48 25.40 23.21 20.22 22.92 23.43 19.42 13.72 8.76 9.49 10.59 10.22 11.02 10.80 10.80 12.19 14.02 15.77 15.48 16.28 17.37 18.10 17.37 17.74 15.77 14.09 11.46 11.24 11.46 11.83 12.85 16.64 15.70 15.91 16.64 16.43 16.21 15.55 15.91 15.91 18.98 16.79 20.73 21.39 17.96 18.10 18.10 13.65 13.87 14.82 16.72 14.82 17.59 19.64 18.69 18.40 19.27 19.05 17.37 14.16 14.67 13.29 12.85 10.59 10.59 11.90 14.24 12.12 10.22 9.05 8.91 7.45
14.53 14.53 11.17 12.34 13.58 16.72 16.21 19.13 21.02 23.36 22.78 24.16 24.67 21.02 21.97 17.74 17.01 18.69 18.69 15.84 7.74 10.44 13.87 13.72 12.26 9.71 9.71 8.25 11.90 13.07 15.55 15.26 16.13 17.23 16.06 13.43 11.61 11.46 11.53 11.53 11.24 12.92 14.24 16.06 15.48 14.09 13.21 14.02 14.53 11.32 13.29 13.29 12.26 16.21 8.54 20.22 19.27 10.88 10.66 11.75 11.83 11.39 11.68 13.07 16.86 17.74 17.30 17.45 18.98 16.43 14.38 13.36 12.26 12.12 8.91 8.61 8.61 10.51 12.70 13.87 13.07 6.94 8.10 7.15
10.95 10.95 11.75 12.41 14.31 16.79 19.05 18.69 20.59 23.58 24.16 23.36 23.73 20.29 17.23 17.08 16.86 18.10 15.77 9.42 10.37 10.95 16.35 14.97 16.06 12.05 12.05 7.52 8.47 12.92 12.05 13.51 14.60 14.67 12.34 12.85 10.88 11.24 12.34 12.63 13.14 12.85 13.80 14.60 14.89 13.87 12.85 10.51 10.66 8.91 7.96 7.96 8.91 11.90 0.00 7.01 5.77 6.13 8.10 11.24 13.07 13.87 14.45 15.04 16.79 16.79 16.50 16.21 14.24 12.85 12.85 11.53 14.24 12.48 10.51 11.24 11.24 14.09 15.11 15.11 14.89 9.05 12.92 10.29
10.95 10.95 11.75 12.41 14.31 16.79 19.05 18.69 20.59 23.58 24.16 23.36 23.73 20.29 17.23 17.08 16.86 18.10 15.77 9.42 10.37 10.95 16.35 14.97 16.06 12.05 12.05 7.52 8.47 12.92 12.05 13.51 14.60 14.67 12.34 12.85 10.88 11.24 12.34 12.63 13.14 12.85 13.80 14.60 14.89 13.87 12.85 10.51 10.66 8.91 7.96 7.96 8.91 11.90 0.00 7.01 5.77 6.13 8.10 11.24 13.07 13.87 14.45 15.04 16.79 16.79 16.50 16.21 14.24 12.85 12.85 11.53 14.24 12.48 10.51 11.24 11.24 14.09 15.11 15.11 14.89 9.05 12.92 10.29
9.56 9.56 9.71 13.87 13.51 15.40 18.76 19.86 22.48 22.12 24.16 23.80 24.82 24.89 20.00 18.98 19.56 19.35 18.91 14.53 15.26 11.83 16.94 16.72 11.61 7.52 7.52 8.32 8.10 11.97 12.34 12.70 12.26 13.21 11.61 10.59 10.07 11.68 11.46 11.53 12.48 13.58 12.99 14.16 14.09 12.99 11.68 11.83 9.05 10.22 8.76 8.76 10.07 0.00 9.86 3.21 0.37 1.02 8.54 14.38 16.57 17.45 17.37 16.35 15.91 16.21 14.89 14.82 14.31 14.16 12.92 16.06 16.13 15.55 14.31 17.37 17.37 17.37 17.01 21.17 21.17 11.75 11.53 11.97
