Wansh/Snow_depth/snowdepth-1994/spring/1994079.txt
ncols 321
nrows 161
xllcenter 60
yllcenter 15 
cellsize  0.25 
NODATA_value -1
[rows 0 to 36 of 161, columns 0 to 83 of 321]
8.98 8.98 12.19 17.08 21.39 20.37 20.59 19.64 19.78 20.08 20.88 20.88 22.34 22.05 21.97 22.27 21.46 21.75 21.83 21.10 21.24 18.76 16.64 18.03 9.64 7.74 7.74 8.40 7.15 7.52 8.03 14.38 13.72 19.49 20.29 20.22 20.66 20.59 21.10 22.41 22.19 21.90 20.95 23.29 21.53 21.68 20.81 19.56 18.54 19.20 19.49 19.49 20.44 20.51 20.37 21.46 21.24 21.39 20.44 19.86 19.56 20.81 20.66 22.12 22.92 22.63 21.17 17.81 18.47 14.82 14.82 14.60 15.11 16.13 17.08 17.74 17.74 19.86 19.78 20.22 18.91 19.13 19.42 19.49
20.51 20.51 21.32 21.10 21.10 20.81 20.15 19.78 19.78 19.93 21.10 22.70 22.63 22.56 21.24 21.68 20.66 18.98 21.61 18.76 15.84 17.59 7.88 8.25 8.47 10.15 10.15 10.22 9.56 14.75 18.25 17.89 19.71 19.49 20.51 21.17 21.10 21.39 20.37 20.44 20.37 20.37 19.42 17.89 17.74 15.84 14.97 16.43 17.52 17.23 18.25 18.25 18.54 18.47 17.81 17.01 16.86 17.74 17.16 17.16 16.86 18.61 17.23 17.96 18.32 18.32 16.28 12.41 12.19 10.15 10.37 11.17 15.33 17.45 16.35 18.47 18.47 19.71 19.93 19.93 19.35 20.00 19.42 19.20
20.15 20.15 19.78 18.98 20.08 19.71 20.15 19.49 19.86 19.78 20.59 20.88 20.88 21.10 20.29 17.67 18.54 15.77 2.77 14.45 3.14 6.72 5.18 10.95 14.60 12.63 12.63 15.18 16.13 16.28 18.61 19.13 18.61 20.51 20.15 21.68 21.10 21.46 18.47 16.64 16.72 15.91 14.16 15.70 14.60 14.89 14.16 15.18 15.11 15.40 15.26 15.26 16.94 16.86 16.72 15.84 16.28 16.13 16.50 15.70 15.91 16.06 17.08 17.16 16.72 16.79 17.23 12.99 14.09 13.87 13.51 14.75 16.72 16.21 17.37 19.93 19.93 20.51 20.51 21.02 20.66 19.71 19.42 19.86
20.15 20.15 19.78 18.98 20.08 19.71 20.15 19.49 19.86 19.78 20.59 20.88 20.88 21.10 20.29 17.67 18.54 15.77 2.77 14.45 3.14 6.72 5.18 10.95 14.60 12.63 12.63 15.18 16.13 16.28 18.61 19.13 18.61 20.51 20.15 21.68 21.10 21.46 18.47 16.64 16.72 15.91 14.16 15.70 14.60 14.89 14.16 15.18 15.11 15.40 15.26 15.26 16.94 16.86 16.72 15.84 16.28 16.13 16.50 15.70 15.91 16.06 17.08 17.16 16.72 16.79 17.23 12.99 14.09 13.87 13.51 14.75 16.72 16.21 17.37 19.93 19.93 20.51 20.51 21.02 20.66 19.71 19.42 19.86
19.35 19.35 19.35 18.47 20.08 19.78 19.78 19.71 20.22 20.95 21.24 21.02 21.02 18.40 18.91 15.40 3.58 6.06 0.00 1.46 8.69 8.69 13.43 11.46 14.38 14.45 14.45 15.18 15.84 16.35 16.35 18.32 20.44 20.29 21.24 21.02 21.32 17.52 18.32 14.75 15.40 15.40 13.80 13.51 13.51 14.82 14.38 14.60 14.97 14.82 15.48 15.48 14.82 14.67 16.64 16.72 17.01 17.23 16.79 17.01 15.55 16.72 16.57 17.45 17.81 17.81 18.03 15.91 16.57 15.04 17.08 18.40 18.18 19.35 20.37 20.29 20.29 20.59 21.46 21.02 20.51 18.76 18.98 14.82
19.27 19.27 19.49 20.95 20.37 21.53 23.65 23.73 24.02 22.70 20.59 17.74 18.61 15.04 4.82 6.42 1.68 6.28 8.03 5.77 13.72 13.87 13.58 14.16 14.60 14.60 14.60 16.06 15.48 15.91 18.03 17.81 20.88 20.88 21.24 18.47 16.13 17.74 13.87 14.09 13.87 14.09 14.60 14.16 15.48 15.26 15.04 14.02 14.16 14.31 13.72 13.72 13.36 11.90 13.94 17.16 17.45 16.94 17.89 16.64 17.16 16.28 16.57 16.79 17.52 16.13 17.89 17.45 19.20 18.40 18.76 18.61 20.08 20.08 20.08 20.88 20.88 21.17 20.51 20.66 19.35 18.54 18.54 14.82
19.93 19.93 20.95 21.24 22.70 22.34 23.00 23.87 21.97 22.05 20.37 13.94 5.91 6.42 3.87 8.32 9.93 9.93 15.04 14.31 14.24 12.99 13.72 13.58 16.06 16.94 16.94 16.72 17.52 17.59 18.69 18.83 18.03 16.13 17.08 17.37 15.84 14.60 14.67 14.31 13.21 13.65 12.63 12.99 12.92 13.29 14.02 13.87 14.09 14.02 13.65 13.65 11.17 11.90 12.41 15.11 14.75 15.84 16.72 16.57 16.94 16.35 16.43 16.57 15.11 15.77 15.11 18.47 19.78 19.05 19.78 20.44 20.08 18.61 17.96 18.76 18.76 19.42 17.16 18.32 17.45 16.79 17.74 17.52
19.93 19.93 20.95 21.24 22.70 22.34 23.00 23.87 21.97 22.05 20.37 13.94 5.91 6.42 3.87 8.32 9.93 9.93 15.04 14.31 14.24 12.99 13.72 13.58 16.06 16.94 16.94 16.72 17.52 17.59 18.69 18.83 18.03 16.13 17.08 17.37 15.84 14.60 14.67 14.31 13.21 13.65 12.63 12.99 12.92 13.29 14.02 13.87 14.09 14.02 13.65 13.65 11.17 11.90 12.41 15.11 14.75 15.84 16.72 16.57 16.94 16.35 16.43 16.57 15.11 15.77 15.11 18.47 19.78 19.05 19.78 20.44 20.08 18.61 17.96 18.76 18.76 19.42 17.16 18.32 17.45 16.79 17.74 17.52
20.81 20.81 20.51 20.88 20.66 18.47 19.20 18.98 18.47 10.59 8.47 8.98 6.50 10.51 9.49 11.39 15.77 16.13 16.06 13.51 12.41 12.63 14.82 16.64 16.21 16.43 16.43 16.57 16.57 15.40 15.55 16.43 15.04 15.70 12.78 15.55 15.40 14.89 14.24 14.60 12.48 12.26 11.75 13.14 12.99 13.14 12.41 11.97 11.83 13.87 13.87 13.87 14.24 12.41 11.61 11.75 13.07 11.97 13.94 13.94 15.77 16.13 15.55 15.62 13.94 14.31 16.64 18.40 18.32 18.47 18.40 19.27 19.49 18.54 18.47 18.47 18.47 16.21 14.53 14.67 16.35 11.39 16.28 16.64
20.00 20.00 19.78 20.29 18.47 17.01 15.62 11.46 11.39 9.64 8.25 9.78 9.56 11.10 13.94 13.36 15.70 16.57 12.99 13.14 12.63 14.97 14.89 16.64 16.50 16.28 16.28 15.70 14.02 14.09 13.21 12.70 13.72 12.26 12.85 12.48 12.70 14.09 14.02 12.85 12.92 12.85 13.14 12.92 14.89 12.78 13.29 12.12 12.99 12.78 13.80 13.80 12.63 12.92 11.68 11.24 11.61 10.59 12.34 14.45 13.87 15.84 15.77 15.84 15.84 15.26 16.72 17.74 19.49 18.54 19.42 18.25 18.25 17.96 18.03 18.98 18.98 16.86 16.21 15.55 4.60 4.16 6.79 15.11
17.89 17.89 18.18 16.64 17.30 15.77 9.71 9.78 9.78 9.20 9.56 10.15 11.75 11.10 13.58 12.12 13.72 12.34 12.99 15.26 14.89 16.13 17.30 17.30 16.86 15.48 15.48 15.70 13.14 12.34 12.26 12.19 11.10 11.24 11.75 12.41 12.19 12.26 12.05 12.05 12.48 13.87 13.36 15.55 15.70 15.99 15.48 13.87 14.60 12.12 12.05 12.05 13.43 11.97 12.19 12.34 11.90 11.39 12.78 12.78 13.43 14.31 14.67 15.18 16.28 16.35 16.28 15.99 17.37 20.22 20.00 20.08 19.42 18.91 14.75 13.65 13.65 17.52 16.50 0.00 14.38 0.00 14.75 15.70
17.89 17.89 18.18 16.64 17.30 15.77 9.71 9.78 9.78 9.20 9.56 10.15 11.75 11.10 13.58 12.12 13.72 12.34 12.99 15.26 14.89 16.13 17.30 17.30 16.86 15.48 15.48 15.70 13.14 12.34 12.26 12.19 11.10 11.24 11.75 12.41 12.19 12.26 12.05 12.05 12.48 13.87 13.36 15.55 15.70 15.99 15.48 13.87 14.60 12.12 12.05 12.05 13.43 11.97 12.19 12.34 11.90 11.39 12.78 12.78 13.43 14.31 14.67 15.18 16.28 16.35 16.28 15.99 17.37 20.22 20.00 20.08 19.42 18.91 14.75 13.65 13.65 17.52 16.50 0.00 14.38 0.00 14.75 15.70
16.43 16.43 17.59 11.53 9.20 7.08 8.47 5.11 8.98 10.15 9.93 9.78 11.53 12.26 12.19 11.61 13.07 14.75 14.24 15.48 16.35 16.13 17.81 16.28 16.72 13.80 13.80 12.41 12.78 11.10 10.80 11.75 11.68 11.17 11.39 11.68 12.34 12.48 11.75 12.26 11.90 12.48 13.94 15.91 15.70 15.55 15.62 14.60 12.56 13.07 11.97 11.97 11.75 11.90 11.46 12.26 11.39 11.61 12.26 13.29 13.14 13.87 9.05 12.05 10.80 15.84 16.79 18.03 17.23 16.57 21.10 20.44 21.39 17.52 18.83 11.10 11.10 11.02 0.00 17.37 0.00 0.00 15.77 12.41
11.61 11.61 6.72 9.56 0.66 2.85 7.01 6.35 9.42 8.76 9.13 8.91 10.29 12.48 13.43 13.07 15.40 15.11 16.06 15.91 16.50 16.35 15.99 15.40 13.21 13.51 13.51 12.78 10.51 10.88 10.00 10.88 11.75 11.32 11.97 11.83 12.12 11.53 11.83 11.10 11.68 11.32 13.07 12.70 12.70 12.48 12.34 11.83 11.90 12.05 11.46 11.46 11.61 11.02 10.66 10.95 9.86 9.20 8.40 8.54 9.27 9.27 9.42 9.78 15.48 12.99 15.33 16.72 18.10 19.35 18.54 21.10 20.95 20.00 19.56 15.91 15.91 13.72 14.97 0.00 0.00 0.00 14.97 14.38
5.26 5.26 0.00 0.00 0.00 2.70 9.27 8.91 7.52 8.03 8.47 11.32 10.59 12.70 14.24 15.55 15.33 15.40 15.33 15.26 14.97 14.89 14.31 14.31 13.58 13.43 13.43 13.58 11.97 10.51 10.59 10.95 10.59 10.95 11.32 11.32 11.53 10.88 10.22 10.44 11.53 11.90 11.75 12.12 11.68 11.68 11.61 11.75 12.48 12.63 11.75 11.75 12.48 12.48 11.75 9.42 8.25 8.76 7.15 8.61 9.42 8.10 8.03 8.98 12.48 12.41 12.85 11.02 17.01 18.03 15.99 19.56 18.76 20.51 20.22 19.93 19.93 15.40 0.00 0.00 0.00 7.96 10.37 10.51
0.00 0.00 0.00 1.02 8.54 8.98 9.13 7.66 8.47 9.34 8.98 11.97 13.14 13.80 13.87 13.58 15.33 15.11 14.75 14.38 13.14 13.29 13.14 11.90 11.68 12.85 12.85 12.26 12.48 12.63 12.12 11.68 10.73 9.71 9.42 9.56 9.78 9.78 9.78 10.44 11.24 11.17 11.61 11.32 11.53 11.46 11.61 12.63 11.68 11.61 11.68 11.68 12.12 11.90 10.44 10.29 8.91 7.08 9.20 8.98 9.86 7.88 6.86 6.72 6.35 6.13 6.42 3.43 4.74 9.42 12.26 7.74 15.26 17.96 20.66 18.61 18.61 0.00 0.00 0.00 0.00 9.78 11.61 12.41
0.00 0.00 0.00 1.02 8.54 8.98 9.13 7.66 8.47 9.34 8.98 11.97 13.14 13.80 13.87 13.58 15.33 15.11 14.75 14.38 13.14 13.29 13.14 11.90 11.68 12.85 12.85 12.26 12.48 12.63 12.12 11.68 10.73 9.71 9.42 9.56 9.78 9.78 9.78 10.44 11.24 11.17 11.61 11.32 11.53 11.46 11.61 12.63 11.68 11.61 11.68 11.68 12.12 11.90 10.44 10.29 8.91 7.08 9.20 8.98 9.86 7.88 6.86 6.72 6.35 6.13 6.42 3.43 4.74 9.42 12.26 7.74 15.26 17.96 20.66 18.61 18.61 0.00 0.00 0.00 0.00 9.78 11.61 12.41
0.00 0.00 0.00 2.41 7.30 8.03 8.25 7.81 8.91 11.24 12.48 12.05 12.05 11.53 12.78 12.85 11.46 13.29 12.99 11.39 11.61 10.66 10.59 11.24 11.97 11.75 11.75 12.05 12.63 12.70 12.56 11.24 9.86 10.07 9.64 9.13 8.98 8.32 8.98 10.44 10.66 10.80 10.66 11.61 11.24 11.10 11.75 11.61 11.24 11.17 11.61 11.61 11.17 11.53 10.29 8.03 7.45 7.59 8.54 12.85 12.48 12.41 11.32 6.79 3.36 0.73 0.00 0.15 0.95 0.22 2.56 7.45 13.72 20.29 0.00 0.00 0.00 0.00 0.00 0.00 0.00 0.00 10.00 10.37
1.10 1.10 4.38 3.36 6.79 9.42 9.64 10.51 11.83 11.61 11.83 11.24 11.02 11.39 10.80 9.93 9.64 9.49 9.78 9.42 10.66 10.73 11.53 11.24 12.19 13.51 13.51 13.51 14.45 13.43 12.12 12.92 11.02 10.88 8.61 8.25 7.88 7.59 10.37 10.44 10.51 10.44 11.17 9.86 11.68 11.83 11.39 11.53 11.24 11.24 11.32 11.32 11.10 10.73 11.68 12.92 12.85 13.94 13.36 12.70 12.92 12.92 15.99 15.26 3.50 5.04 1.02 1.75 0.00 0.66 1.53 2.12 15.11 0.00 0.00 0.00 0.00 0.00 0.00 0.00 9.34 8.03 8.83 9.13
3.07 3.07 6.28 9.78 10.07 9.93 10.29 11.17 12.19 12.05 12.48 10.66 10.00 9.13 9.13 8.76 8.25 8.25 9.56 9.49 10.44 9.78 11.97 14.45 13.80 14.60 14.60 15.48 16.64 17.01 13.87 12.99 13.58 11.97 13.14 13.21 9.78 12.34 11.90 12.26 11.24 11.32 11.02 12.92 12.78 13.07 12.19 12.92 12.12 12.63 11.90 11.90 12.19 13.65 13.72 14.75 16.13 16.21 16.57 19.13 18.25 17.30 16.79 17.45 18.83 10.66 4.09 9.56 3.80 7.37 4.23 3.43 0.00 0.00 0.00 0.00 0.00 0.00 0.00 0.00 10.07 11.39 16.06 15.26
9.93 9.93 10.00 9.78 8.54 10.15 11.39 11.02 12.56 11.46 11.90 10.07 9.13 9.27 9.05 9.05 8.32 9.56 9.42 9.42 11.32 14.38 12.19 14.53 16.43 16.21 16.21 16.35 18.83 18.98 19.56 18.91 15.18 15.40 15.26 15.99 15.62 16.79 17.45 15.70 14.75 12.85 13.58 13.29 13.51 12.85 12.99 13.29 13.36 12.63 13.07 13.07 13.14 13.43 16.86 17.89 17.96 18.98 20.15 19.78 19.78 19.49 19.35 20.00 17.23 16.94 11.68 14.82 13.65 11.97 6.79 9.56 0.00 0.00 0.00 0.00 0.00 0.00 0.00 5.33 17.01 15.84 17.59 16.72
12.26 12.26 12.41 11.32 12.48 10.80 10.80 11.17 11.17 11.02 9.05 8.91 8.61 9.93 9.71 12.19 11.53 12.48 15.84 13.87 13.43 15.99 18.47 15.04 17.45 18.76 18.76 18.47 19.64 19.49 19.49 19.78 18.32 17.30 16.86 15.99 17.16 17.52 17.96 15.70 15.11 15.18 15.33 15.91 16.79 16.43 17.89 19.13 19.05 19.35 17.96 17.96 17.74 18.18 18.18 18.83 19.71 20.37 20.29 20.29 21.24 19.35 17.59 16.35 16.35 16.06 17.67 16.86 15.11 13.65 11.68 10.00 6.72 7.23 6.13 6.79 6.79 0.00 0.00 10.59 18.10 17.30 18.40 17.96
12.26 12.26 12.41 11.32 12.48 10.80 10.80 11.17 11.17 11.02 9.05 8.91 8.61 9.93 9.71 12.19 11.53 12.48 15.84 13.87 13.43 15.99 18.47 15.04 17.45 18.76 18.76 18.47 19.64 19.49 19.49 19.78 18.32 17.30 16.86 15.99 17.16 17.52 17.96 15.70 15.11 15.18 15.33 15.91 16.79 16.43 17.89 19.13 19.05 19.35 17.96 17.96 17.74 18.18 18.18 18.83 19.71 20.37 20.29 20.29 21.24 19.35 17.59 16.35 16.35 16.06 17.67 16.86 15.11 13.65 11.68 10.00 6.72 7.23 6.13 6.79 6.79 0.00 0.00 10.59 18.10 17.30 18.40 17.96
14.60 14.60 14.67 13.07 13.36 12.05 10.59 10.07 9.42 9.86 9.49 10.73 11.61 11.17 11.02 13.36 17.37 14.09 16.79 20.59 18.61 18.25 20.29 21.17 18.91 19.13 19.13 20.37 19.64 19.78 19.42 18.76 19.13 18.61 19.49 19.64 17.81 17.16 14.89 15.33 15.11 16.64 17.23 17.23 18.03 19.13 19.05 20.37 21.24 19.86 20.37 20.37 19.13 18.54 20.51 20.51 21.24 20.66 20.15 19.78 20.00 19.78 19.56 17.74 18.69 15.55 16.72 19.20 17.67 16.50 11.90 9.93 13.36 8.40 8.40 11.53 11.53 9.49 10.22 11.02 19.86 19.64 18.32 17.74
15.99 15.99 15.26 14.24 12.34 11.90 11.90 11.53 10.37 11.46 11.02 10.95 12.34 14.82 14.16 15.33 18.40 20.00 19.27 21.39 22.92 21.90 21.61 20.81 18.91 20.37 20.37 19.78 18.91 19.64 19.86 19.56 20.08 19.78 21.17 21.97 20.37 21.17 17.89 16.86 15.70 17.67 19.93 21.32 18.98 20.22 22.19 24.75 23.07 23.43 21.75 21.75 21.24 22.70 21.39 22.12 21.68 23.29 21.46 20.29 20.29 20.22 20.37 19.86 18.18 21.90 20.37 23.65 17.59 22.41 19.56 16.43 17.74 14.53 17.89 15.33 15.33 11.61 14.31 17.59 21.02 20.73 19.05 18.83
16.72 16.72 13.72 14.02 13.36 14.31 12.92 13.51 11.53 12.63 11.32 12.63 12.26 15.62 17.01 18.40 18.32 19.20 21.75 22.56 22.19 22.05 20.44 20.88 18.61 15.55 15.55 17.16 17.16 19.20 20.88 21.17 22.78 23.43 23.51 23.51 23.43 20.37 21.46 18.25 20.22 22.41 22.05 22.92 23.65 25.84 25.33 25.77 23.94 23.00 23.07 23.07 22.27 23.00 25.55 26.43 25.77 24.97 23.00 21.39 23.65 21.46 22.92 25.40 24.89 26.79 23.94 25.48 22.56 23.21 21.97 20.81 22.48 20.15 21.10 17.96 17.96 13.80 15.04 17.45 17.96 21.32 20.29 20.08
15.26 15.26 14.82 14.60 12.78 16.21 15.99 17.45 15.04 14.75 16.35 14.02 17.52 15.18 16.72 17.37 19.56 18.83 20.73 21.32 21.39 21.39 18.91 17.74 18.25 15.99 15.99 16.13 19.71 18.47 21.32 23.21 24.24 24.02 23.87 23.80 24.09 24.02 19.71 20.73 19.93 23.29 23.14 23.94 23.58 25.92 26.79 26.86 25.48 23.80 23.94 23.94 25.62 24.82 25.48 25.99 25.92 25.40 24.82 24.09 24.09 24.75 24.09 24.67 28.11 28.84 24.89 26.06 20.59 22.70 22.56 20.73 21.97 21.10 17.96 15.70 15.70 16.57 15.11 18.10 19.64 21.24 20.88 20.88
16.72 16.72 19.35 18.54 18.18 17.89 19.05 18.61 19.93 18.40 19.05 17.16 19.20 19.93 17.08 18.18 21.53 22.27 22.41 21.61 20.66 18.83 19.27 20.37 17.16 16.50 16.50 16.72 19.05 22.05 21.75 22.92 23.80 23.80 24.02 23.36 22.70 20.00 20.73 20.08 23.07 21.53 24.09 17.89 20.66 22.56 22.63 21.39 20.51 20.44 22.63 22.63 24.67 24.31 22.41 24.24 25.04 24.97 25.19 22.78 24.09 24.97 25.92 28.25 30.15 29.93 28.18 24.31 15.04 15.11 18.61 16.72 19.35 17.30 17.37 16.79 16.79 15.99 18.32 18.47 18.83 20.29 17.67 18.40
16.72 16.72 19.35 18.54 18.18 17.89 19.05 18.61 19.93 18.40 19.05 17.16 19.20 19.93 17.08 18.18 21.53 22.27 22.41 21.61 20.66 18.83 19.27 20.37 17.16 16.50 16.50 16.72 19.05 22.05 21.75 22.92 23.80 23.80 24.02 23.36 22.70 20.00 20.73 20.08 23.07 21.53 24.09 17.89 20.66 22.56 22.63 21.39 20.51 20.44 22.63 22.63 24.67 24.31 22.41 24.24 25.04 24.97 25.19 22.78 24.09 24.97 25.92 28.25 30.15 29.93 28.18 24.31 15.04 15.11 18.61 16.72 19.35 17.30 17.37 16.79 16.79 15.99 18.32 18.47 18.83 20.29 17.67 18.40
21.24 21.24 20.51 20.81 19.35 19.42 19.20 18.69 21.61 22.05 24.16 20.44 20.66 22.78 22.92 26.13 25.92 25.04 22.78 23.58 21.53 20.59 22.56 22.56 22.19 16.28 16.28 17.96 17.37 21.02 23.07 24.24 24.38 24.02 22.85 23.29 22.05 18.32 17.30 17.96 21.10 20.59 14.67 12.99 14.53 17.30 17.01 17.01 16.94 17.23 20.95 20.95 18.25 20.22 20.88 22.48 22.85 21.46 22.70 22.85 21.17 24.82 24.38 26.43 30.30 25.99 10.80 0.00 11.68 14.60 13.51 12.12 16.43 14.82 17.67 17.96 17.96 14.67 20.81 19.71 18.40 15.77 15.62 17.08
21.97 21.97 21.24 19.13 19.49 19.49 20.22 22.63 21.90 23.58 23.94 24.53 24.67 24.02 26.86 26.57 27.45 27.74 25.26 21.97 21.61 21.46 24.38 21.90 23.14 17.89 17.89 16.43 20.44 19.56 22.56 23.80 23.73 24.09 20.00 16.06 15.48 16.21 15.40 19.20 20.51 20.66 14.53 11.10 12.05 11.39 13.65 9.64 10.80 12.99 16.64 16.64 16.13 17.96 21.10 19.64 20.88 21.53 20.59 20.29 21.02 22.27 22.19 23.94 25.04 10.22 0.00 0.00 0.00 0.00 0.00 11.75 15.55 13.94 15.70 15.70 15.70 13.65 23.65 16.72 17.52 15.33 14.60 15.33
21.32 21.32 20.44 19.20 19.56 19.42 20.44 23.14 23.21 22.78 23.58 25.19 25.48 27.74 27.23 27.74 27.59 26.28 26.43 21.53 20.29 20.51 20.59 22.56 18.03 16.21 16.21 16.57 17.89 21.90 21.53 22.85 22.78 20.00 16.79 17.52 14.60 14.24 16.43 15.91 17.89 17.23 12.12 10.22 9.27 9.56 9.64 11.17 10.73 11.68 14.67 14.67 14.31 15.40 17.30 16.64 17.89 17.16 19.42 20.29 21.24 22.34 22.78 22.70 24.02 26.43 0.00 0.00 0.00 0.00 0.00 0.00 12.34 0.00 9.34 0.00 0.00 23.73 19.56 17.08 14.67 13.58 10.44 11.10
17.89 17.89 19.05 16.50 17.59 20.15 19.78 20.73 22.05 25.11 25.33 25.26 25.55 27.45 24.45 24.97 26.57 26.35 24.97 25.70 19.78 17.37 19.56 18.61 19.56 17.08 17.08 16.50 16.94 17.89 20.44 22.05 22.48 20.15 18.76 16.72 17.52 15.48 17.59 18.69 18.76 17.96 13.36 11.10 11.90 11.90 11.46 11.75 13.43 13.87 14.16 14.16 14.45 15.33 14.97 15.55 16.72 19.42 23.43 21.90 24.53 24.53 25.48 22.48 0.00 0.00 0.00 0.00 0.00 0.00 0.00 0.00 0.00 0.00 0.00 0.00 0.00 22.27 20.29 17.52 17.16 15.99 13.58 11.97
16.28 16.28 17.45 15.55 16.57 17.81 20.44 19.71 22.56 26.13 25.70 25.19 24.97 25.48 23.21 23.29 23.21 25.33 25.70 16.79 18.98 12.70 20.37 23.80 24.09 19.20 19.20 16.86 16.57 16.57 18.61 21.32 21.10 19.78 20.59 19.05 17.59 17.81 17.52 18.54 18.25 16.06 17.08 14.09 13.43 14.82 12.26 11.90 12.05 13.51 13.94 13.94 16.79 18.54 17.30 17.23 26.35 24.38 25.19 28.76 28.84 25.48 26.21 0.00 0.00 0.00 0.00 0.00 0.00 0.00 0.00 0.00 0.00 0.00 0.00 0.00 0.00 22.27 21.53 20.66 18.91 17.45 15.48 14.82
13.87 13.87 14.97 14.75 15.26 16.79 20.00 22.34 25.62 25.70 25.55 25.40 25.70 25.99 23.94 24.31 27.89 25.92 26.65 17.52 17.37 22.27 20.08 26.57 24.09 17.59 17.59 17.96 16.06 19.05 22.34 22.34 21.53 22.34 22.19 22.34 20.66 23.36 22.41 20.37 19.78 19.49 19.71 18.91 18.40 17.23 13.58 11.53 12.63 14.45 16.57 16.57 16.13 19.05 21.39 26.79 29.05 30.15 31.83 29.49 25.04 25.26 22.19 24.67 0.00 0.00 0.00 0.00 0.00 0.00 0.00 0.00 0.00 0.00 0.00 0.00 0.00 21.68 20.81 21.10 20.29 19.20 19.27 19.27
13.87 13.87 14.97 14.75 15.26 16.79 20.00 22.34 25.62 25.70 25.55 25.40 25.70 25.99 23.94 24.31 27.89 25.92 26.65 17.52 17.37 22.27 20.08 26.57 24.09 17.59 17.59 17.96 16.06 19.05 22.34 22.34 21.53 22.34 22.19 22.34 20.66 23.36 22.41 20.37 19.78 19.49 19.71 18.91 18.40 17.23 13.58 11.53 12.63 14.45 16.57 16.57 16.13 19.05 21.39 26.79 29.05 30.15 31.83 29.49 25.04 25.26 22.19 24.67 0.00 0.00 0.00 0.00 0.00 0.00 0.00 0.00 0.00 0.00 0.00 0.00 0.00 21.68 20.81 21.10 20.29 19.20 19.27 19.27
12.99 12.99 14.53 12.85 14.09 14.60 12.85 19.35 19.78 25.11 24.02 26.79 27.67 30.22 27.59 27.45 29.35 27.01 19.05 20.66 19.64 25.99 30.08 29.93 27.23 18.25 18.25 18.10 17.01 19.42 21.83 21.02 21.24 21.53 21.61 22.27 25.77 25.33 25.40 22.48 20.15 20.44 20.88 21.17 20.22 17.74 19.93 17.37 17.59 16.13 16.72 16.72 21.97 25.11 27.67 27.08 26.35 29.78 23.00 21.46 18.91 19.71 22.70 0.00 0.00 0.00 0.00 0.00 0.00 0.00 0.00 0.00 0.00 0.00 0.00 23.07 23.07 21.39 20.00 20.15 16.57 17.01 19.05 19.35
