Wansh/Snow_depth/snowdepth-1994/spring/1994078.txt
ncols 321
nrows 161
xllcenter 60
yllcenter 15 
cellsize  0.25 
NODATA_value -1
[rows 74 to 110 of 161, columns 84 to 167 of 321]
0.00 0.00 0.00 0.00 0.00 0.00 0.00 0.00 0.15 0.00 0.00 0.58 0.00 0.29 0.00 0.00 0.00 0.00 0.00 0.00 0.00 0.00 0.00 0.00 1.68 2.12 2.56 0.00 0.00 0.00 0.00 0.00 0.00 0.00 0.00 0.00 0.00 0.00 0.00 0.00 1.46 1.02 0.00 0.00 0.80 0.88 1.02 1.24 1.46 1.61 1.02 1.31 1.53 0.00 2.61 2.85 2.56 2.41 2.48 1.75 1.17 0.95 0.00 0.00 0.00 0.00 0.00 0.00 0.00 2.20 3.30 1.24 0.66 0.00 0.00 0.00 0.00 0.00 0.00 0.00 0.58 0.00 0.37 0.07
0.00 0.00 0.00 0.00 0.80 1.46 0.66 0.88 0.00 0.15 0.00 0.00 2.70 0.00 0.00 0.00 0.00 0.00 0.00 0.00 0.00 0.00 0.00 0.00 0.00 0.00 0.00 0.00 0.00 0.00 0.00 0.00 0.00 0.00 0.00 0.00 0.00 0.00 0.00 0.00 0.00 0.73 0.58 0.58 0.58 0.22 0.00 2.12 1.10 0.29 0.66 0.37 0.88 0.00 0.95 1.46 1.02 1.31 1.68 1.39 1.31 1.17 1.39 1.17 0.80 1.68 0.07 0.00 0.00 0.81 3.50 3.50 3.43 0.15 0.00 0.00 0.00 0.00 0.00 0.00 0.00 0.00 0.44 0.00
0.00 0.00 0.44 0.22 2.04 2.41 0.00 0.00 0.00 0.00 0.00 3.14 4.23 2.41 2.04 2.56 2.41 0.00 0.00 0.00 0.00 0.00 0.00 0.00 0.00 0.00 0.00 0.00 0.00 0.00 0.00 0.00 0.00 0.00 0.00 0.00 0.00 0.00 0.00 0.00 1.83 1.53 1.17 1.17 1.10 0.44 0.44 1.97 1.75 0.00 1.10 0.95 0.66 0.73 0.29 0.66 0.00 0.73 1.17 0.73 0.58 1.46 1.31 1.61 1.39 0.95 0.95 1.39 1.39 1.24 2.56 3.07 0.66 0.66 0.00 0.00 0.00 0.00 0.00 0.00 0.00 0.00 0.07 0.45
0.80 0.00 0.88 1.02 1.75 1.68 0.00 0.00 3.65 2.85 2.77 4.02 4.74 3.80 3.72 3.87 3.80 0.00 0.00 0.00 2.41 0.00 0.00 0.00 0.00 0.00 0.00 0.00 0.00 0.00 0.00 0.00 0.00 0.00 0.00 0.00 0.00 0.00 0.00 0.00 0.00 0.00 1.61 1.61 0.00 1.24 0.00 0.00 0.00 0.00 0.00 0.00 0.00 1.10 1.24 1.24 1.02 1.10 1.02 0.66 1.10 0.73 0.80 0.80 1.46 1.17 1.17 1.10 1.10 2.12 1.24 1.90 1.97 1.46 0.95 0.00 0.00 0.00 0.00 0.00 0.00 0.00 0.81 0.74
0.00 1.97 0.66 1.02 0.95 0.00 0.00 0.00 3.07 3.72 4.16 4.67 4.53 4.82 4.23 3.94 4.09 3.94 3.94 3.21 0.00 2.99 2.99 2.92 0.00 0.00 0.00 0.00 0.00 0.00 0.00 0.00 0.00 0.00 0.00 0.00 0.00 0.00 0.00 0.00 0.00 0.00 0.00 0.00 0.00 1.68 0.00 0.00 0.00 0.00 0.00 3.29 0.00 0.00 0.00 1.61 1.68 1.46 1.17 1.39 1.31 2.41 1.39 1.75 0.44 0.00 0.95 0.44 0.44 1.31 0.37 0.22 1.68 1.31 1.02 0.07 0.00 0.00 0.07 0.00 0.00 1.10 1.91 0.96
0.00 0.00 0.00 0.00 0.00 0.00 0.00 0.00 0.00 2.56 2.99 3.29 3.29 4.53 3.72 3.72 4.53 4.53 4.53 4.23 3.58 0.00 3.21 2.70 0.00 0.00 0.00 0.00 0.00 0.00 0.00 0.00 0.00 0.00 0.00 0.00 0.00 0.00 0.00 0.00 0.00 0.00 0.00 0.00 0.00 0.00 0.00 0.00 0.00 0.00 0.00 0.00 0.00 0.00 0.00 0.00 0.66 0.95 1.68 1.61 2.04 1.97 1.53 0.00 0.00 0.00 0.00 0.00 0.00 0.37 0.00 0.44 1.46 1.17 1.91 0.88 0.51 0.00 0.00 0.00 0.00 1.17 2.04 0.37
0.00 0.00 0.00 0.00 0.00 0.00 0.00 0.00 0.00 0.00 2.77 2.85 2.77 3.50 2.99 3.72 3.65 3.50 3.50 3.58 3.07 0.00 2.04 2.12 1.75 0.00 0.00 0.00 0.00 0.00 0.00 0.00 0.00 0.00 0.00 0.00 0.00 0.00 0.00 0.00 0.00 1.68 0.00 0.00 0.00 0.00 0.00 0.00 0.00 0.00 0.00 0.00 0.00 0.00 0.00 0.00 0.00 0.00 1.46 1.24 1.83 1.61 1.61 1.31 0.00 0.00 0.00 0.00 0.00 0.15 0.00 0.00 2.12 2.63 4.09 2.79 1.35 0.23 0.00 0.00 0.88 1.31 1.24 0.73
0.00 0.00 0.00 0.00 0.00 0.00 0.00 0.00 0.00 2.56 2.26 3.07 2.99 3.21 0.00 3.58 3.07 0.00 0.00 0.00 0.00 0.00 0.00 0.00 0.00 0.00 0.00 0.00 0.00 0.00 0.00 0.00 0.00 0.00 0.00 0.00 0.00 0.00 0.00 0.00 0.00 1.24 0.00 0.00 0.00 0.66 1.46 0.00 0.00 0.00 0.00 0.00 0.00 0.44 0.22 0.00 0.00 0.07 0.58 0.15 0.88 1.24 0.80 1.02 0.00 0.00 0.00 0.00 0.00 0.00 0.00 1.31 0.73 7.52 5.69 7.41 2.88 1.99 2.12 1.72 1.17 0.66 0.58 0.66
0.00 0.00 0.00 0.00 0.00 0.00 0.00 0.00 0.00 0.00 0.00 0.00 0.00 3.43 3.21 4.02 3.21 0.00 0.00 0.00 0.00 0.00 0.00 1.46 2.04 0.00 0.00 0.00 0.00 0.00 0.00 0.00 0.00 0.00 0.00 0.00 0.00 0.22 0.00 0.00 0.73 1.10 0.00 0.00 0.00 0.00 0.00 0.00 0.00 0.00 0.00 0.00 0.00 0.00 0.07 0.07 0.07 0.00 0.00 0.73 1.17 0.22 1.68 1.31 1.97 0.15 0.07 1.53 1.53 1.02 0.37 0.80 4.16 4.45 7.74 4.89 5.33 2.48 2.26 1.39 1.46 1.10 0.00 0.58
3.07 0.00 2.26 0.00 0.00 2.77 0.00 0.00 0.00 0.00 0.00 0.00 0.00 3.29 4.02 4.16 3.65 0.00 0.00 0.00 0.00 0.00 0.00 0.00 0.00 0.00 0.00 0.00 0.00 0.00 0.00 0.00 0.00 0.00 0.00 0.00 0.00 0.00 0.00 0.88 0.29 0.22 0.00 0.00 0.00 0.00 0.00 0.00 0.00 0.00 0.00 0.22 0.00 0.00 0.00 0.00 0.00 0.00 0.00 0.29 0.00 0.22 0.00 1.24 1.31 0.29 0.00 0.37 0.37 1.39 1.39 0.95 1.10 1.53 6.72 7.52 8.91 4.60 1.75 3.14 1.68 1.61 0.00 1.97
0.00 0.00 1.61 0.00 0.00 0.00 0.00 0.00 0.00 0.00 0.00 3.36 2.77 0.00 3.21 0.00 0.00 0.00 0.00 0.00 0.00 0.00 0.00 0.00 0.00 0.00 0.00 0.00 1.39 0.00 0.00 0.00 0.00 0.00 0.00 0.00 0.00 0.00 0.00 0.00 0.51 0.00 0.22 0.22 1.17 0.00 0.00 0.00 0.00 0.00 0.00 0.00 0.00 0.00 0.07 0.00 0.00 0.00 0.00 0.00 0.07 0.00 0.29 0.44 1.61 0.95 0.80 0.80 0.80 1.46 1.02 1.53 1.17 3.36 5.18 7.01 8.76 10.15 7.08 1.83 3.14 2.41 2.19 1.68
0.00 0.00 0.00 0.00 0.00 0.00 0.00 3.43 3.21 3.36 3.29 3.07 0.00 0.00 0.00 3.80 0.00 0.00 0.00 0.00 3.94 3.07 0.00 0.00 0.00 0.00 0.00 0.00 1.83 2.12 0.00 0.00 0.00 0.00 0.00 0.00 0.00 0.00 0.00 0.00 0.37 0.37 1.31 1.31 0.66 0.00 0.00 0.00 0.88 0.00 1.02 0.22 0.00 0.00 0.00 1.10 1.39 0.22 0.00 0.00 0.00 0.22 0.23 2.48 2.48 2.19 2.04 1.97 1.97 3.29 2.77 5.48 1.39 1.83 3.14 4.96 10.73 10.95 4.67 4.23 4.82 4.38 3.14 3.14
1.75 1.68 2.26 0.00 1.97 0.00 2.56 2.48 0.00 2.19 0.00 2.19 0.00 0.00 0.00 0.00 0.00 0.00 0.00 3.80 4.53 5.26 4.53 0.00 0.00 0.00 0.00 0.00 0.00 0.00 0.00 0.00 0.00 0.00 0.00 0.00 0.00 0.00 0.00 2.92 1.10 1.46 1.24 1.24 0.95 0.66 0.66 1.24 0.88 0.44 0.95 0.15 0.29 0.00 0.22 2.19 3.80 5.55 5.99 4.60 2.26 0.51 0.89 1.90 2.85 4.16 5.91 3.07 3.07 1.97 8.32 9.86 12.56 7.23 6.86 6.35 6.94 6.57 4.82 4.89 6.79 7.66 4.60 2.34
1.83 2.04 1.97 0.00 0.00 2.04 2.12 2.19 0.00 0.00 0.00 1.83 2.63 2.70 2.56 0.00 2.99 3.07 3.07 3.50 3.65 3.72 3.58 0.00 0.00 0.00 0.00 0.00 0.00 0.00 0.00 0.00 0.00 0.00 0.00 0.00 0.00 0.00 1.75 1.68 3.43 2.04 1.68 1.68 1.17 0.95 0.95 1.46 1.53 1.39 0.58 0.29 0.00 0.29 1.02 2.41 2.26 4.31 6.42 7.66 4.74 1.90 3.36 1.97 2.59 8.10 9.78 3.72 3.72 5.91 7.52 11.24 11.83 10.51 7.45 7.08 5.69 5.33 5.18 5.40 6.64 7.88 4.53 2.99
1.83 1.46 0.00 0.00 0.00 0.00 0.00 0.00 0.00 0.00 0.00 0.00 2.63 0.00 0.00 0.00 3.14 3.14 3.14 3.21 2.48 2.92 0.00 0.00 0.00 0.00 0.00 0.00 0.00 0.00 0.00 0.00 0.00 0.00 0.00 0.00 0.00 1.46 0.00 0.00 2.85 2.70 1.61 1.61 2.34 2.34 1.97 1.75 1.97 1.83 1.39 1.46 0.07 0.44 1.02 0.80 1.24 4.45 7.01 4.31 2.99 2.26 4.16 4.89 5.90 9.89 11.39 9.56 9.56 13.07 6.35 10.07 11.46 11.10 10.51 6.57 5.18 6.57 6.86 7.01 6.86 6.86 4.53 4.31
2.34 1.39 0.00 0.00 0.00 0.00 0.00 0.00 0.00 0.00 0.00 0.00 0.00 0.00 0.00 0.00 2.63 2.56 2.56 2.70 3.14 2.48 0.00 0.00 2.04 0.00 0.00 0.00 0.00 0.00 0.00 0.00 0.00 0.00 0.00 0.00 0.00 0.00 0.00 0.00 0.73 0.00 0.00 0.00 1.10 2.77 2.41 2.70 1.83 2.04 1.68 1.53 1.39 1.61 0.95 0.80 1.68 2.70 4.15 2.95 2.77 2.04 4.84 7.52 7.71 13.77 12.68 14.16 14.16 8.69 9.86 10.00 11.10 8.98 8.54 5.84 6.06 6.94 6.86 6.19 7.48 6.77 6.97 2.71
0.66 1.10 0.00 0.00 0.00 0.00 0.00 0.00 0.00 0.00 0.00 0.00 0.00 0.00 0.00 0.00 0.00 0.00 0.00 0.00 2.19 2.56 0.00 0.00 0.00 0.00 0.00 0.00 0.00 0.00 0.00 0.00 0.00 0.00 0.00 0.00 0.00 0.00 0.00 0.00 0.00 0.00 0.00 0.00 0.00 2.56 2.56 2.12 1.46 1.53 1.90 3.14 2.77 3.43 4.16 3.58 2.70 2.48 2.41 5.26 3.91 3.14 4.13 8.10 13.43 13.51 15.32 12.77 12.37 12.03 8.98 9.56 7.59 9.27 8.54 5.33 6.72 5.62 7.26 6.80 6.78 8.84 5.38 3.86
1.31 0.66 0.80 0.00 0.00 0.00 0.00 0.00 0.00 0.00 0.00 0.00 0.00 0.00 0.00 0.00 0.00 0.00 0.00 0.00 0.00 0.00 0.00 0.00 0.00 0.00 0.00 0.00 0.00 0.00 0.00 0.00 0.00 0.00 0.00 0.00 0.00 0.00 0.00 0.00 0.00 0.00 0.00 0.00 0.00 0.66 1.10 1.17 0.88 0.88 1.90 2.41 5.69 6.42 5.62 11.10 12.19 11.53 8.77 6.56 3.94 3.87 5.96 5.17 10.72 14.67 13.94 11.46 11.52 11.22 8.36 8.98 8.10 7.37 7.41 5.33 4.96 6.50 8.00 8.16 8.96 10.66 6.16 6.11
1.75 1.39 1.10 1.24 0.95 0.00 1.17 0.00 0.00 0.00 0.00 0.00 0.00 0.00 0.00 0.00 0.00 0.00 0.00 0.00 0.00 0.00 0.00 0.00 0.00 0.00 0.00 0.00 0.00 0.00 0.00 0.00 0.00 0.00 0.00 0.00 0.00 0.00 0.00 0.00 0.00 0.00 0.00 0.00 0.00 0.58 0.29 0.58 0.29 1.83 1.53 2.34 5.04 7.59 9.20 10.51 14.67 15.62 14.02 11.68 6.78 5.73 4.09 3.59 7.55 12.38 12.95 9.05 9.05 5.20 7.61 7.34 10.05 9.78 9.02 5.01 9.64 10.67 8.96 10.06 10.58 5.72 6.67 7.30
2.56 2.04 1.24 0.95 0.95 1.46 1.39 0.00 0.00 0.00 0.00 0.00 0.00 0.00 0.00 0.00 0.51 0.44 0.44 0.00 0.00 0.00 0.00 0.00 0.00 0.00 0.00 0.00 0.00 0.00 0.00 0.00 0.00 0.00 0.00 0.00 0.00 0.00 0.00 0.00 0.00 0.00 0.00 0.00 0.00 0.00 0.73 0.44 2.41 4.60 2.41 2.19 3.94 7.30 10.15 12.34 15.72 16.86 18.03 16.21 12.70 8.17 7.26 4.15 3.38 7.34 6.31 5.18 5.18 2.95 4.82 9.23 7.04 10.56 7.04 15.41 13.21 13.41 10.52 10.39 13.45 8.03 9.07 8.87
3.29 2.48 0.80 0.15 1.31 1.46 0.00 0.00 0.00 0.00 0.00 0.00 0.00 0.00 0.00 0.00 0.00 0.00 0.00 0.00 0.00 0.00 0.00 0.00 0.00 0.00 0.00 0.00 0.00 0.00 0.00 0.00 0.00 0.00 0.00 0.00 0.00 0.00 0.00 0.00 0.00 0.00 0.00 0.00 0.15 0.29 1.17 1.75 2.92 7.08 7.74 8.54 9.16 10.24 13.30 15.64 16.03 18.32 18.32 18.40 17.01 13.21 3.92 3.23 5.02 3.31 6.49 4.67 4.70 1.94 2.14 4.06 2.66 6.56 9.73 8.61 16.54 14.90 11.79 9.78 12.22 6.36 7.26 8.14
2.85 1.83 1.97 2.63 2.70 0.95 0.00 1.97 0.00 0.00 0.00 0.00 0.00 0.00 0.00 0.00 0.00 0.00 0.00 0.00 0.00 0.00 0.00 0.00 0.00 0.00 0.00 1.02 0.00 0.00 0.00 0.00 0.00 0.00 0.00 0.00 0.00 0.00 0.00 0.00 0.00 0.00 0.00 0.00 0.00 0.00 0.07 2.26 3.72 8.03 10.88 11.61 11.39 12.31 13.15 14.22 14.36 16.86 17.34 17.33 15.26 9.83 6.00 2.10 1.51 0.23 3.29 1.61 1.61 1.77 1.14 1.78 3.32 3.02 11.30 12.47 17.95 15.48 12.58 10.63 10.27 5.82 10.95 8.54
6.42 3.07 2.56 2.85 1.68 1.68 1.97 1.90 2.19 0.00 0.00 0.00 0.00 0.00 0.00 0.00 0.00 0.00 0.00 0.00 0.00 0.00 0.00 0.00 0.00 0.00 0.00 0.00 0.66 0.00 0.00 0.22 0.00 0.00 0.00 0.00 0.00 0.00 0.00 0.00 0.00 2.41 2.19 2.19 0.66 0.51 1.02 1.97 3.65 8.10 11.32 13.72 13.87 13.65 13.11 13.06 12.13 12.77 13.16 12.43 12.47 11.33 8.05 4.09 0.33 1.98 2.13 1.33 1.31 0.89 0.78 0.00 1.63 2.26 8.98 13.06 10.45 11.03 11.65 9.29 7.45 8.88 9.21 7.82
8.54 4.38 0.00 0.00 2.26 2.48 3.58 4.09 3.50 1.97 0.51 0.00 0.00 0.00 0.00 0.00 0.00 0.00 0.00 0.00 0.00 0.00 0.00 0.00 0.00 1.24 0.00 0.00 1.17 0.29 0.00 0.37 0.95 1.17 1.10 0.00 0.00 0.00 0.00 0.00 1.10 3.43 2.63 2.63 2.48 2.48 2.19 4.53 9.13 12.05 15.20 14.60 15.29 14.52 12.95 10.93 11.32 10.80 10.17 8.79 9.46 5.76 5.89 5.40 2.15 1.19 1.41 2.26 2.20 0.44 0.07 0.41 1.08 3.92 3.15 8.91 5.50 2.66 6.11 5.36 6.17 5.73 6.26 6.66
6.50 3.43 6.35 6.13 5.04 6.28 8.40 8.10 4.67 4.23 0.00 2.48 1.97 1.39 0.51 0.44 1.02 0.95 0.95 1.39 1.02 1.24 0.00 1.17 0.88 1.90 1.10 1.75 1.10 1.46 1.39 1.46 1.97 2.41 1.61 2.56 1.46 2.04 3.50 0.00 1.02 0.51 1.10 1.10 4.67 6.42 6.50 6.86 8.54 10.51 12.42 12.75 11.59 10.13 7.49 6.86 8.85 9.34 8.60 7.63 9.98 8.62 6.52 4.36 5.40 2.57 1.08 0.82 0.81 0.00 0.00 0.00 0.00 4.79 4.27 6.13 3.40 0.91 1.17 1.43 1.17 1.93 2.16 3.78
6.57 6.94 8.91 7.88 9.05 10.44 8.47 8.69 5.40 0.00 0.00 0.00 1.68 1.39 1.97 1.46 1.46 1.02 1.02 1.53 1.10 1.46 1.68 1.39 1.02 0.22 1.53 0.88 1.17 1.75 2.19 1.61 1.90 3.87 3.58 3.94 3.58 3.80 2.34 0.88 0.22 0.00 0.00 0.00 3.50 5.77 6.50 5.77 6.77 8.36 9.93 10.24 9.09 9.25 9.61 7.91 5.22 5.92 7.50 8.25 6.19 9.76 7.95 3.84 3.14 1.39 2.13 0.70 0.68 0.00 0.00 0.00 0.00 0.18 2.10 1.97 2.58 1.12 0.30 0.00 0.00 0.00 3.87 3.19
4.67 8.61 9.20 5.48 7.74 8.54 8.69 6.64 3.94 0.00 0.00 0.00 0.00 0.00 1.46 1.97 1.46 1.31 1.31 1.53 1.68 1.17 0.88 1.17 0.73 0.00 0.00 0.37 1.31 1.46 2.04 2.34 1.75 1.90 4.60 3.36 2.63 1.90 0.66 0.00 0.00 0.00 1.46 1.46 3.50 4.23 4.67 6.05 8.35 9.31 9.71 11.44 10.18 8.70 9.73 9.51 5.76 6.08 3.95 5.24 8.24 9.01 7.37 5.18 3.29 1.19 2.01 0.95 1.06 0.88 0.00 0.00 0.00 1.10 3.14 2.65 0.51 0.00 0.00 0.00 0.10 1.68 2.70 2.62
0.00 6.94 0.00 0.00 5.04 6.94 7.37 7.78 5.91 0.00 0.00 0.00 0.00 0.00 1.83 1.46 1.53 1.46 1.46 1.02 0.80 1.02 1.53 1.10 0.73 0.22 0.00 0.00 0.00 0.73 1.02 0.37 1.31 0.51 1.68 3.21 2.99 1.17 0.29 0.00 0.00 0.00 0.29 0.29 2.70 3.36 3.58 5.21 6.79 9.60 11.27 12.58 11.64 10.61 7.50 5.38 3.07 3.50 2.24 3.94 5.84 6.78 5.65 6.72 6.20 2.24 2.57 1.96 1.89 1.58 0.00 0.00 0.00 0.61 1.38 1.27 0.22 0.08 0.77 0.00 1.46 1.50 2.42 1.93
0.00 0.00 0.00 0.00 0.00 0.00 7.15 8.10 5.77 4.16 1.83 1.83 0.00 0.00 0.00 0.80 1.17 1.53 1.53 0.80 0.66 1.31 0.51 0.00 0.44 0.00 0.00 0.00 0.00 0.00 0.80 0.00 0.00 0.58 0.00 0.00 1.10 1.24 0.15 0.00 0.00 0.00 0.00 0.00 0.88 1.83 2.85 4.23 6.28 7.74 9.26 10.09 9.13 8.50 7.63 7.25 4.51 3.17 2.15 4.11 3.93 4.87 6.76 8.35 6.90 6.32 2.87 2.39 2.41 2.65 0.91 0.00 0.00 0.33 1.12 0.62 0.67 0.07 0.00 0.64 1.15 2.42 3.42 2.11
0.00 0.00 0.00 0.00 0.00 0.00 0.00 6.35 8.32 6.86 4.45 3.36 1.68 0.00 0.00 0.00 0.00 0.73 0.73 0.15 0.66 0.00 0.00 0.00 0.00 0.00 0.00 0.00 0.00 0.00 0.00 0.00 0.00 0.00 0.29 0.00 0.58 0.00 0.00 0.00 0.00 0.00 0.00 0.00 0.00 0.58 1.03 2.34 2.96 4.74 8.43 9.18 10.82 8.70 5.89 3.50 3.74 3.23 4.28 5.21 5.43 4.65 6.94 7.45 6.51 7.64 4.39 3.61 4.22 2.38 1.28 1.56 0.36 0.00 0.41 0.75 0.57 0.73 0.00 0.80 1.65 1.69 3.08 2.29
0.00 0.00 0.00 0.00 0.00 0.00 0.00 5.48 7.74 5.62 3.94 4.96 2.92 3.50 2.56 2.48 2.77 1.75 1.75 0.00 0.00 0.00 0.00 0.00 0.00 0.00 0.00 0.00 0.00 0.00 0.00 0.00 0.00 0.00 0.00 0.00 0.29 0.00 0.00 0.00 0.29 1.46 0.00 0.00 1.31 1.61 1.25 1.83 4.87 7.58 7.74 7.79 6.87 8.20 6.76 7.94 0.00 0.00 0.00 6.22 8.29 5.16 4.68 5.93 8.50 6.47 7.57 2.54 2.85 3.86 3.42 0.94 0.00 0.00 0.00 0.47 0.00 0.44 0.79 0.76 1.24 0.00 2.13 2.21
0.00 0.00 0.00 0.00 0.00 0.00 0.00 0.00 6.50 4.96 4.82 4.38 6.06 5.62 6.72 6.37 4.72 0.00 0.00 0.00 1.61 0.37 0.00 0.00 0.00 0.15 0.00 0.00 0.00 0.00 0.00 0.00 0.00 0.00 0.00 0.00 0.73 0.00 0.00 0.00 1.75 1.10 1.10 1.10 0.29 1.02 0.73 0.97 4.59 7.71 7.78 6.55 5.93 4.34 0.00 0.00 0.00 0.00 0.00 0.00 0.00 5.34 5.60 4.54 7.51 7.44 8.64 5.05 5.15 7.95 1.62 1.19 0.62 0.00 0.00 0.00 0.86 0.00 0.00 0.09 0.00 0.00 0.00 0.00
0.00 0.00 0.00 0.00 0.00 0.00 0.00 0.00 5.11 3.87 4.31 4.89 5.62 4.74 6.06 6.60 6.28 4.68 4.36 0.00 4.60 3.65 1.24 0.00 0.00 1.68 0.00 0.00 0.00 0.00 0.00 0.00 0.00 0.00 0.00 0.00 1.39 0.44 0.00 0.66 3.43 1.97 2.04 2.04 1.75 1.75 0.88 1.78 5.12 8.45 7.50 7.30 6.24 0.00 0.00 0.00 0.00 0.00 0.00 0.00 0.00 6.05 4.11 4.35 6.88 10.23 7.80 8.04 9.83 4.46 2.84 2.36 2.07 0.00 0.00 1.01 1.04 0.00 0.09 0.00 0.00 0.00 0.00 0.00
0.00 0.00 0.00 0.00 0.00 0.00 0.00 0.00 0.00 0.00 0.00 0.00 0.00 0.00 0.00 0.00 0.00 0.00 0.00 5.69 6.13 6.64 4.02 2.41 4.45 6.50 5.69 4.31 4.82 4.60 0.00 4.60 4.31 4.96 4.09 6.64 5.11 6.13 8.61 8.73 5.79 5.38 6.79 6.79 6.50 2.77 3.14 2.57 4.20 0.00 0.00 0.00 0.00 0.00 0.00 0.00 0.00 0.00 0.00 0.00 0.00 0.00 0.00 4.36 0.00 5.99 3.85 0.00 0.00 2.42 8.34 5.30 3.54 0.00 0.00 0.00 0.73 0.00 1.38 0.00 0.00 0.00 0.00 0.00
0.00 0.00 0.00 0.00 0.00 0.00 0.00 0.00 0.00 0.00 0.00 0.00 0.00 0.00 0.00 0.00 0.00 0.00 0.00 0.00 0.00 7.19 7.52 7.08 4.67 7.07 9.13 5.91 5.91 8.10 10.07 6.72 9.78 5.69 5.26 5.99 8.10 9.56 8.83 7.59 4.28 8.45 8.69 9.71 8.69 5.48 5.18 4.72 3.82 0.00 0.00 0.00 0.00 0.00 0.00 0.00 0.00 0.00 0.00 0.00 0.00 0.00 0.00 0.00 0.00 0.00 0.00 0.00 0.00 2.09 0.00 0.00 2.42 0.00 0.00 0.00 0.00 0.00 0.00 0.00 0.00 0.00 0.00 0.00
0.00 0.00 0.00 0.00 0.00 0.00 0.00 0.00 0.00 0.00 0.00 0.00 0.00 0.00 0.00 0.00 0.00 0.00 0.00 0.00 0.00 0.00 0.00 0.00 7.88 7.78 0.00 9.20 7.81 5.04 10.88 11.39 9.41 7.96 6.50 3.40 7.37 8.98 7.15 0.00 4.35 4.67 5.52 7.01 7.78 5.53 3.99 4.05 0.00 0.00 0.00 0.00 0.00 0.00 0.00 0.00 0.00 0.00 0.00 0.00 0.00 0.00 0.00 0.00 0.00 0.00 0.00 0.00 0.00 0.00 0.00 0.00 0.00 0.00 0.00 0.00 0.00 0.00 0.00 0.00 0.00 0.00 0.00 0.00
0.00 0.00 0.00 0.00 0.00 0.00 0.00 0.00 0.00 0.00 0.00 0.00 0.00 0.00 0.00 0.00 0.00 0.00 0.00 0.00 0.00 0.00 0.00 0.00 0.00 0.00 0.00 0.00 0.00 9.27 0.00 0.00 0.00 8.32 4.67 0.00 0.00 0.00 0.00 0.00 0.00 0.00 0.00 0.00 0.00 6.92 5.47 0.00 0.00 0.00 0.00 0.00 0.00 0.00 0.00 0.00 0.00 0.00 0.00 0.00 0.00 0.00 0.00 0.00 0.00 0.00 0.00 0.00 0.00 0.00 0.00 0.00 0.00 0.00 0.00 0.00 0.00 0.00 0.00 0.00 0.00 0.00 0.00 0.00
