Wansh/Snow_depth/snowdepth-1994/spring/1994077.txt
ncols 321
nrows 161
xllcenter 60
yllcenter 15 
cellsize  0.25 
NODATA_value -1
[rows 0 to 36 of 161, columns 168 to 251 of 321]
8.25 8.83 5.18 4.96 4.53 5.69 5.48 5.48 6.06 6.06 6.28 6.28 7.15 7.37 7.37 6.94 11.24 11.24 11.24 10.73 11.53 10.95 8.98 9.64 8.54 8.47 6.28 1.75 3.50 0.00 0.00 2.99 12.63 10.59 16.13 16.13 12.63 13.07 13.43 16.79 15.77 14.31 13.80 13.87 15.33 15.70 14.82 16.79 15.70 16.64 12.34 12.05 12.19 12.56 12.70 13.72 13.36 13.14 14.45 15.04 15.04 14.38 17.67 17.08 23.36 26.72 26.43 25.62 25.99 23.21 20.29 20.73 18.76 17.01 19.49 20.37 20.00 21.46 21.90 21.53 21.61 19.71 19.71 20.08
10.07 10.73 8.69 5.69 5.91 6.50 5.18 5.04 5.69 5.69 5.91 7.30 7.52 7.52 7.59 7.81 7.66 8.25 12.34 9.05 11.61 11.10 10.07 9.13 7.88 8.40 5.91 0.00 0.00 0.00 0.00 2.48 9.13 12.05 11.97 11.97 10.88 13.80 12.63 17.96 20.44 17.30 17.81 16.50 16.28 16.06 15.26 15.84 12.56 10.51 10.88 11.83 13.87 13.51 14.24 14.38 13.80 14.75 15.11 14.60 14.60 17.89 17.45 23.29 22.19 25.70 25.26 24.24 21.83 17.59 20.81 17.67 18.03 15.55 15.40 15.33 14.75 16.43 16.13 15.70 13.87 14.31 11.39 10.29
13.21 10.44 11.17 8.98 9.34 7.96 5.77 6.42 4.89 4.89 6.50 7.52 7.66 7.66 8.40 10.29 9.78 11.90 12.85 13.14 11.24 9.78 10.15 8.91 7.81 0.29 0.00 0.00 0.00 0.00 0.51 0.00 8.98 10.29 10.95 10.95 10.95 14.53 19.56 18.76 21.32 18.03 19.86 16.86 15.55 16.35 12.41 13.21 11.32 12.41 13.72 12.19 13.36 14.02 13.58 14.16 13.58 13.65 15.84 15.04 15.04 18.10 20.73 19.78 20.73 16.35 21.02 19.64 19.56 16.21 12.41 11.53 9.56 8.32 11.10 11.68 11.32 13.21 12.85 12.99 11.97 10.07 10.29 9.56
13.21 10.44 11.17 8.98 9.34 7.96 5.77 6.42 4.89 4.89 6.50 7.52 7.66 7.66 8.40 10.29 9.78 11.90 12.85 13.14 11.24 9.78 10.15 8.91 7.81 0.29 0.00 0.00 0.00 0.00 0.51 0.00 8.98 10.29 10.95 10.95 10.95 14.53 19.56 18.76 21.32 18.03 19.86 16.86 15.55 16.35 12.41 13.21 11.32 12.41 13.72 12.19 13.36 14.02 13.58 14.16 13.58 13.65 15.84 15.04 15.04 18.10 20.73 19.78 20.73 16.35 21.02 19.64 19.56 16.21 12.41 11.53 9.56 8.32 11.10 11.68 11.32 13.21 12.85 12.99 11.97 10.07 10.29 9.56
15.33 15.33 13.87 13.07 13.43 11.90 9.49 10.29 5.99 5.99 7.45 7.15 8.83 8.98 8.69 12.34 14.82 14.24 13.80 13.29 11.61 9.20 8.69 5.33 6.20 0.66 0.00 0.00 0.00 0.00 2.04 9.05 9.20 9.49 10.73 10.73 15.48 14.38 18.40 15.26 16.86 16.86 16.28 16.79 14.53 13.14 13.07 14.16 16.06 13.87 15.11 15.77 15.62 14.45 14.45 14.75 14.09 15.91 15.48 17.89 17.89 17.67 20.15 20.51 20.81 14.53 9.78 9.49 7.23 11.97 9.13 7.81 7.66 6.64 6.57 6.28 7.08 7.81 7.52 8.54 8.25 8.25 8.03 8.03
16.94 16.13 16.72 14.60 13.36 13.72 12.12 13.72 11.68 11.68 12.34 10.66 14.09 12.63 12.92 14.67 15.55 12.85 10.51 15.70 9.05 7.45 5.48 0.00 0.00 0.00 0.00 0.00 0.00 6.86 5.48 9.27 10.80 13.07 12.12 12.12 15.99 17.23 17.23 14.53 15.18 16.43 16.43 15.62 15.70 15.77 14.67 16.21 15.70 18.61 17.30 17.30 17.16 17.96 14.75 14.09 14.16 13.36 13.29 16.64 16.64 17.81 17.16 16.50 11.90 14.97 8.25 6.06 5.99 5.33 5.18 5.26 4.82 5.11 5.62 5.40 6.86 7.08 8.25 7.96 8.32 8.03 7.88 7.45
19.49 18.54 21.24 18.76 19.49 16.50 15.70 15.62 15.11 15.11 11.83 13.51 13.87 15.33 15.77 14.97 15.04 16.35 10.00 7.66 2.77 0.00 0.00 0.00 0.00 0.00 0.00 0.00 0.00 7.59 9.86 9.56 11.68 14.53 18.54 18.54 17.89 18.47 15.70 14.45 14.45 15.99 17.45 16.79 19.93 17.30 18.32 19.78 19.56 19.05 19.78 18.54 18.91 15.18 16.06 12.48 12.56 12.85 12.34 12.85 12.85 14.16 14.02 10.95 11.61 7.74 6.28 6.13 6.64 5.48 5.40 5.04 5.18 5.18 5.40 5.48 5.62 6.50 6.35 7.76 10.38 10.23 10.79 11.79
19.49 18.54 21.24 18.76 19.49 16.50 15.70 15.62 15.11 15.11 11.83 13.51 13.87 15.33 15.77 14.97 15.04 16.35 10.00 7.66 2.77 0.00 0.00 0.00 0.00 0.00 0.00 0.00 0.00 7.59 9.86 9.56 11.68 14.53 18.54 18.54 17.89 18.47 15.70 14.45 14.45 15.99 17.45 16.79 19.93 17.30 18.32 19.78 19.56 19.05 19.78 18.54 18.91 15.18 16.06 12.48 12.56 12.85 12.34 12.85 12.85 14.16 14.02 10.95 11.61 7.74 6.28 6.13 6.64 5.48 5.40 5.04 5.18 5.18 5.40 6.33 7.75 9.35 8.70 13.18 17.14 13.61 13.89 12.23
14.02 21.68 20.88 22.05 18.32 16.57 14.24 14.02 14.16 14.16 14.60 14.38 15.84 15.55 13.51 14.82 12.12 7.81 4.96 0.00 0.00 0.00 0.00 0.00 0.00 0.00 0.95 7.08 6.94 6.79 9.13 12.12 14.09 13.87 19.20 19.20 17.74 18.18 15.77 14.75 16.86 16.13 19.64 20.37 20.44 21.32 21.75 21.32 20.81 19.56 19.71 17.45 13.94 14.89 11.61 11.83 10.59 11.39 11.32 12.12 12.12 12.56 13.14 13.07 8.69 9.20 7.15 7.45 7.45 7.23 7.37 7.37 7.30 6.47 7.63 8.92 10.41 8.41 8.95 14.25 12.17 12.99 13.43 14.25
10.15 9.34 14.45 16.94 16.57 17.67 15.04 13.65 13.51 13.51 13.36 15.55 15.40 15.99 14.31 6.86 11.39 10.88 10.88 0.00 0.00 0.00 0.00 0.00 0.00 0.00 7.96 8.25 8.76 10.15 10.29 11.32 13.80 13.65 12.12 12.12 15.77 13.94 14.89 14.89 16.94 19.42 19.42 20.00 20.66 19.49 22.41 19.64 20.29 17.89 17.30 18.25 13.72 12.70 12.05 9.86 11.32 11.53 16.21 12.48 12.48 14.16 14.24 14.31 13.65 11.68 8.83 8.54 7.74 7.59 8.25 7.96 8.90 9.70 9.89 9.41 9.52 13.02 13.33 14.36 15.13 15.29 16.53 17.28
9.71 8.76 8.83 10.59 9.93 12.34 13.43 13.43 13.51 13.51 12.85 7.81 5.99 7.74 2.12 0.00 8.03 0.00 0.00 0.00 0.00 0.00 1.97 9.13 9.27 8.76 8.54 8.69 9.27 9.78 9.78 10.37 7.45 9.93 12.85 12.85 11.90 15.33 17.59 19.56 19.27 19.56 17.37 17.37 17.37 15.04 14.53 12.05 16.79 16.57 17.16 14.45 14.89 13.58 14.75 14.75 14.16 18.91 17.81 20.81 20.81 18.47 18.83 14.24 11.90 12.41 9.34 8.69 8.98 9.34 8.54 8.47 8.54 7.63 6.32 10.41 13.65 13.32 12.78 15.13 15.13 17.52 16.21 16.29
9.71 8.76 8.83 10.59 9.93 12.34 13.43 13.43 13.51 13.51 12.85 7.81 5.99 7.74 2.12 0.00 8.03 0.00 0.00 0.00 0.00 0.00 1.97 9.13 9.27 8.76 8.54 8.69 9.27 9.78 9.78 10.37 7.45 9.93 12.85 12.85 11.90 15.33 17.59 19.56 19.27 19.56 17.37 17.37 17.37 15.04 14.53 12.05 16.79 16.57 17.16 14.45 14.89 13.58 14.75 14.75 14.16 18.91 17.81 20.81 20.81 18.47 18.83 14.24 11.90 12.41 9.34 8.69 8.98 9.34 8.54 8.47 8.32 7.52 6.13 9.67 12.17 12.33 13.63 15.70 15.13 17.14 17.81 17.43
12.19 10.00 10.59 9.05 9.64 8.83 9.93 6.28 6.64 6.64 4.09 4.23 3.36 0.00 0.00 0.00 0.00 0.00 0.00 6.20 7.23 8.98 8.98 8.54 9.34 7.88 8.40 8.54 8.69 8.54 8.47 8.32 7.88 10.88 13.72 13.72 14.53 15.91 16.06 18.91 16.86 16.64 15.11 10.59 11.24 10.15 9.34 8.47 10.07 16.43 16.50 14.38 13.72 14.89 15.55 17.81 17.59 20.08 20.29 20.51 20.51 18.91 17.74 17.81 16.06 14.24 10.80 10.51 10.80 11.02 9.13 9.56 9.64 8.76 8.69 11.31 13.45 13.54 15.56 15.58 16.93 18.36 19.65 19.00
12.70 15.77 15.04 13.43 12.19 8.25 5.40 6.20 2.41 2.41 3.80 0.00 0.00 0.00 0.00 0.00 0.00 0.00 3.07 5.48 7.81 9.42 8.40 9.42 8.18 8.69 8.03 11.02 10.80 11.02 10.29 9.64 10.22 9.86 12.19 12.19 12.78 15.04 15.04 14.45 15.33 11.75 12.12 8.91 6.57 6.20 7.52 8.69 8.54 8.76 12.85 13.21 13.14 14.82 14.82 17.30 16.72 16.79 17.23 18.18 18.18 18.83 19.13 17.59 18.18 16.13 16.06 16.21 13.94 14.97 15.91 11.61 14.02 13.36 14.39 14.26 14.01 13.96 18.19 14.60 16.85 15.26 16.10 16.60
16.43 16.50 16.57 15.91 15.55 13.80 10.73 9.42 5.33 5.33 8.69 5.48 0.15 0.80 4.45 0.00 5.77 6.79 8.98 7.74 9.56 10.88 10.80 9.71 11.68 11.39 11.46 11.68 11.90 11.17 10.07 10.07 9.56 10.07 10.07 10.07 10.88 11.17 13.58 13.43 11.24 8.91 7.15 6.79 6.20 7.52 7.88 7.88 7.66 7.52 7.81 11.24 11.32 13.51 14.97 14.75 17.96 17.23 17.30 17.23 17.23 18.83 18.47 19.05 17.16 17.08 16.79 14.53 15.70 15.11 18.10 16.43 18.68 17.52 15.65 17.14 16.10 16.65 15.53 15.91 15.19 15.17 13.89 14.00
17.45 16.64 16.86 15.26 15.62 14.24 13.65 11.53 12.05 12.05 10.80 11.46 11.61 8.10 6.72 4.53 6.42 6.20 4.31 6.13 8.32 7.59 9.05 10.22 10.51 11.90 10.22 10.80 10.73 11.17 10.51 11.24 11.02 10.80 10.29 10.29 10.66 10.37 9.56 7.30 8.32 7.52 8.40 10.22 10.29 7.66 6.42 6.06 6.86 5.99 6.64 4.38 6.64 10.88 13.43 16.79 18.98 18.54 18.03 18.47 18.47 18.18 18.69 17.30 17.52 15.91 14.67 14.53 16.86 22.12 20.00 21.22 17.80 20.93 19.47 15.40 16.50 14.23 14.79 14.80 14.70 16.01 13.23 10.93
17.45 16.64 16.86 15.26 15.62 14.24 13.65 11.53 12.05 12.05 10.80 11.46 11.61 8.10 6.72 4.53 6.42 6.20 4.31 6.13 8.32 7.59 9.05 10.22 10.51 11.90 10.22 10.80 10.73 11.17 10.51 11.24 11.02 10.80 10.29 10.29 10.66 10.37 9.56 7.30 8.32 7.52 8.40 10.22 10.29 7.66 6.42 6.06 6.86 5.99 6.64 4.38 6.64 10.88 13.43 16.79 18.98 18.54 18.03 18.47 18.47 18.18 18.69 17.30 17.52 15.91 14.67 14.53 16.86 22.12 20.00 26.06 16.69 22.75 17.48 19.05 16.75 15.73 15.08 13.35 14.21 13.76 14.39 12.40
15.26 16.86 15.26 15.04 12.05 10.44 9.13 7.37 7.52 7.52 9.49 10.44 7.15 7.88 6.28 7.01 5.33 2.56 3.43 5.62 5.18 6.50 8.18 7.66 8.98 8.61 9.05 10.15 9.20 10.51 10.22 11.97 11.39 11.53 10.80 10.80 10.80 9.05 9.86 9.05 9.34 8.91 10.59 10.66 5.40 6.57 4.74 3.50 3.07 4.23 2.92 3.43 3.65 7.66 14.16 13.72 17.01 17.45 17.08 17.08 17.08 17.45 18.69 16.50 15.48 15.77 15.70 18.61 22.34 21.75 23.75 21.07 26.62 22.68 20.15 20.27 19.74 15.78 13.95 16.32 13.91 13.90 13.44 12.92
11.97 11.75 13.87 13.58 12.12 9.42 6.94 7.52 6.42 6.42 5.33 5.91 7.59 7.88 3.65 3.50 3.07 3.36 3.80 3.65 4.45 6.50 7.45 7.30 7.88 7.52 8.47 8.10 9.13 10.15 9.86 9.64 11.10 10.95 10.29 10.29 10.44 10.00 9.71 9.86 9.42 10.00 5.48 9.86 3.87 1.39 1.31 2.19 2.19 2.26 1.24 2.56 5.48 5.18 5.99 8.54 13.80 15.26 15.70 15.40 15.40 15.99 15.33 14.75 15.04 15.04 15.77 17.89 19.86 21.94 21.68 23.15 20.74 22.21 21.59 18.32 19.95 17.19 14.80 15.76 12.46 13.15 12.18 13.37
11.68 11.46 10.00 10.29 10.88 11.61 8.25 7.96 5.99 5.99 5.69 6.86 7.23 7.81 5.33 3.07 3.14 2.56 3.43 5.04 6.50 8.32 7.74 8.18 8.69 7.37 7.66 7.30 7.74 7.81 10.80 10.00 10.73 10.88 9.93 9.93 9.27 9.78 8.76 7.96 7.88 7.88 3.87 1.39 2.77 1.90 2.34 2.63 1.68 0.22 0.22 0.00 2.48 2.77 2.85 5.91 8.98 8.25 14.38 14.82 14.82 14.97 14.45 14.67 13.80 13.72 14.38 16.13 15.77 18.40 23.58 26.13 25.70 25.77 24.09 19.71 23.36 20.66 19.70 18.07 15.83 13.23 10.81 15.02
10.73 10.59 10.88 9.86 9.20 9.34 8.47 7.59 6.72 6.72 6.57 6.35 7.96 9.20 5.26 4.31 3.87 2.92 3.14 2.77 5.84 7.52 7.15 7.15 7.30 7.30 6.94 6.86 8.18 7.59 10.95 13.43 11.02 11.61 11.53 11.53 11.32 7.74 8.32 6.13 3.14 3.07 3.21 1.10 1.61 1.83 1.39 0.00 0.00 0.00 0.00 0.00 0.00 0.00 2.56 2.04 7.23 10.51 10.66 10.59 10.59 8.83 6.20 12.99 11.24 12.85 12.56 14.38 18.76 23.43 22.41 25.55 26.50 26.43 27.01 25.34 29.80 22.28 28.30 20.90 17.67 12.39 14.14 13.52
9.27 10.51 10.73 9.93 10.44 8.25 8.18 7.81 7.15 7.15 6.79 6.20 6.13 6.20 6.50 6.57 0.80 1.68 1.17 2.77 4.60 7.96 7.45 7.30 7.30 6.72 9.42 8.18 11.68 12.78 12.63 13.80 11.90 11.90 11.97 11.97 8.76 5.55 2.70 3.07 2.41 2.26 1.10 0.95 1.10 0.00 0.58 0.00 0.00 0.00 0.00 0.00 0.00 0.58 1.53 4.31 4.82 8.47 10.00 7.37 7.37 8.25 2.42 2.19 1.53 5.84 11.75 16.35 15.26 19.86 21.97 22.63 22.48 25.55 26.08 24.49 31.70 24.21 21.79 20.36 14.42 16.44 16.74 15.60
9.27 10.51 10.73 9.93 10.44 8.25 8.18 7.81 7.15 7.15 6.79 6.20 6.13 6.20 6.50 6.57 0.80 1.68 1.17 2.77 4.60 7.96 7.45 7.30 7.30 6.72 9.42 8.18 11.68 12.78 12.63 13.80 11.90 11.90 11.97 11.97 8.76 5.55 2.70 3.07 2.41 2.26 1.10 0.95 1.10 0.00 0.58 0.00 0.00 0.00 0.00 0.00 0.00 0.58 1.53 4.31 4.82 8.47 10.00 7.37 7.37 8.25 2.42 2.19 1.53 5.84 11.75 16.35 15.26 19.86 21.97 22.63 22.48 25.55 25.04 24.62 24.62 21.30 18.25 23.70 17.63 16.79 13.11 14.39
7.66 9.20 9.27 10.00 9.86 9.13 8.54 9.05 8.47 8.47 9.64 5.26 4.45 6.06 0.29 0.73 1.10 2.70 5.84 8.61 8.91 9.05 7.96 8.69 10.88 10.22 10.51 9.64 14.67 14.31 13.36 10.15 11.10 6.35 5.69 5.69 5.62 4.09 2.34 2.85 2.26 2.26 2.12 0.95 1.39 0.07 0.00 0.00 0.00 0.29 0.80 0.80 0.00 1.83 1.68 3.07 4.45 4.53 7.59 6.20 6.20 0.00 2.34 0.00 5.55 11.02 10.15 14.45 18.61 21.10 20.51 22.70 24.89 24.02 26.21 24.87 25.20 31.35 27.28 27.96 18.80 13.97 15.95 17.82
5.33 4.96 7.66 9.78 9.49 8.69 8.61 10.29 11.61 11.61 13.43 3.87 8.32 2.99 1.75 0.88 1.39 7.96 9.27 8.69 10.07 11.46 11.10 11.32 11.17 11.46 13.21 16.06 15.40 15.48 13.07 9.78 6.57 7.37 4.45 4.45 4.96 5.33 3.21 3.94 1.83 1.68 2.12 0.00 0.00 0.07 0.00 0.00 0.00 0.15 0.29 0.44 0.73 0.88 2.26 2.12 2.41 2.56 0.00 0.00 0.00 0.00 0.00 6.42 3.72 10.73 14.67 14.09 16.57 20.59 20.44 24.38 24.31 29.42 28.38 25.92 26.74 27.87 25.91 20.90 21.05 14.87 18.22 20.59
4.38 6.86 5.04 6.50 8.61 7.23 9.64 9.20 14.75 14.75 15.11 16.43 12.19 6.28 1.53 4.60 9.78 11.32 10.44 11.24 15.11 11.39 12.34 11.83 13.14 13.43 13.58 16.79 16.28 16.35 13.72 11.53 8.91 11.02 9.93 9.93 8.25 12.99 7.23 6.64 7.15 1.97 0.15 0.73 0.00 0.00 0.00 0.00 3.07 0.00 0.51 0.44 0.00 0.00 0.07 1.46 0.00 0.00 1.24 1.61 1.61 2.41 1.97 6.72 10.51 12.92 12.70 14.31 15.99 18.91 18.83 23.07 28.98 27.73 29.27 28.18 24.03 19.61 17.50 22.24 17.44 17.61 14.18 14.60
4.23 3.43 3.72 4.96 2.92 4.96 5.77 5.99 9.13 9.13 11.24 12.70 13.94 12.19 13.21 14.16 15.18 15.33 17.52 14.53 15.62 13.72 12.70 14.24 14.53 14.45 17.74 17.01 15.91 13.51 12.34 12.70 13.36 13.51 19.56 19.56 13.51 16.21 12.56 8.18 8.91 3.21 0.07 1.24 1.10 4.89 2.85 2.85 4.96 7.15 1.10 1.83 0.00 1.02 1.83 2.12 2.26 2.56 2.12 3.80 3.80 5.62 7.01 6.57 9.78 12.34 13.14 12.70 15.33 18.61 21.10 20.66 25.06 27.41 25.53 23.16 29.31 28.46 21.37 16.90 13.56 12.58 15.27 8.58
2.26 3.29 2.63 2.56 0.00 2.48 3.58 3.94 12.34 12.34 9.78 12.70 11.17 11.24 11.68 12.48 11.02 13.21 13.58 12.48 9.27 10.29 10.22 12.92 12.99 14.38 15.48 15.91 12.92 14.24 13.07 16.06 16.86 16.64 20.08 20.08 18.03 10.51 11.32 7.08 2.77 3.36 2.56 3.72 6.64 7.01 8.91 8.18 8.54 8.76 7.52 6.79 4.09 4.45 2.70 3.29 3.29 3.21 3.72 5.11 5.11 4.60 6.79 8.83 14.53 12.26 19.05 19.05 18.32 18.54 21.56 26.45 28.34 23.06 26.70 27.22 22.46 20.81 18.34 16.09 13.61 6.11 9.45 6.92
2.26 3.29 2.63 2.56 0.00 2.48 3.58 3.94 12.34 12.34 9.78 12.70 11.17 11.24 11.68 12.48 11.02 13.21 13.58 12.48 9.27 10.29 10.22 12.92 12.99 14.38 15.48 15.91 12.92 14.24 13.07 16.06 16.86 16.64 20.08 20.08 18.03 10.51 11.32 7.08 2.77 3.36 2.56 3.72 6.64 7.01 8.91 8.18 8.54 8.76 7.52 6.79 4.09 4.45 2.70 3.29 3.29 3.21 3.72 5.11 5.11 4.60 6.79 8.83 14.53 12.26 19.05 19.05 18.32 18.54 21.67 26.17 25.63 25.70 28.49 31.76 26.07 20.13 19.16 15.64 14.39 7.24 8.62 5.87
1.10 2.26 3.21 0.00 2.34 3.94 4.67 8.25 5.26 5.26 7.96 11.97 11.17 9.78 10.15 11.90 11.46 11.61 10.22 11.24 9.86 10.51 10.44 11.75 11.39 13.43 13.07 13.72 13.21 14.82 17.37 17.59 13.58 14.97 15.77 15.77 8.69 7.52 7.01 6.64 4.96 4.23 4.96 5.48 8.32 9.42 9.27 11.02 10.44 9.13 9.34 6.79 6.06 5.55 4.67 4.23 4.23 4.23 4.82 4.67 4.70 6.24 9.17 8.32 15.55 21.39 23.94 23.51 20.18 22.56 26.40 26.10 29.81 29.79 25.83 21.65 20.06 18.67 19.59 13.39 8.52 5.88 1.46 0.54
1.97 1.83 3.65 3.80 2.56 0.00 5.77 4.09 5.48 5.48 9.42 11.75 11.61 12.05 12.78 12.56 12.92 12.41 14.31 13.87 12.63 10.73 10.44 11.53 11.17 13.80 14.53 12.48 13.21 15.62 15.33 11.97 10.37 8.47 7.81 7.81 7.88 10.00 9.56 9.64 9.93 5.40 5.04 7.01 6.57 9.78 11.02 8.69 9.49 7.45 5.55 5.77 4.89 5.26 3.94 4.67 3.65 7.08 6.94 7.45 7.45 6.50 10.15 16.72 15.48 21.17 25.04 25.19 25.33 25.40 28.91 29.28 29.02 26.75 28.97 22.31 17.65 11.40 12.72 10.92 4.96 0.71 1.75 0.00
6.28 4.60 4.67 2.70 0.00 0.00 2.41 4.53 4.02 4.02 5.40 9.71 8.03 8.98 11.46 12.63 14.16 14.24 14.38 13.72 8.25 8.10 9.93 13.65 14.45 11.97 12.85 12.12 11.32 13.14 8.91 9.34 8.25 10.66 9.27 9.27 11.32 11.02 10.95 10.51 5.62 7.01 4.16 6.86 8.61 8.69 9.78 8.91 7.01 7.52 5.18 4.02 4.89 4.38 4.38 1.39 6.28 5.04 13.72 15.33 15.33 14.02 10.80 17.37 22.34 26.65 25.26 29.13 31.39 31.24 28.98 30.96 32.92 24.97 18.12 15.54 11.79 12.15 9.87 6.93 5.57 3.74 0.00 0.00
5.77 4.02 4.02 2.77 3.14 2.34 2.34 2.26 3.87 3.87 4.53 5.18 4.45 8.03 8.54 11.32 13.43 13.43 5.84 5.33 5.77 5.11 7.30 7.52 9.93 9.13 10.15 10.15 9.71 10.95 8.83 9.34 12.05 11.53 11.90 11.90 11.53 11.83 11.39 12.26 5.91 3.72 3.43 5.48 9.20 9.86 10.00 10.44 8.76 8.76 10.44 10.00 9.93 5.11 5.40 3.80 6.57 14.97 12.99 19.49 19.49 17.16 19.13 18.61 21.24 25.40 29.35 31.97 31.68 32.27 30.37 27.65 24.61 20.10 22.35 13.61 11.32 8.39 4.42 2.86 0.33 0.00 0.00 0.00
6.42 4.38 1.02 1.24 0.00 3.72 1.75 2.04 0.66 0.66 0.73 4.16 3.65 3.36 5.33 8.03 10.95 11.24 3.07 3.36 5.33 6.35 7.52 7.23 8.25 7.45 9.42 7.15 10.15 9.56 9.71 7.45 11.17 9.86 9.27 9.27 10.37 9.93 6.57 4.89 6.06 3.87 7.45 10.07 9.93 10.37 13.43 12.85 12.41 13.29 11.75 12.48 13.43 13.65 14.82 7.45 8.10 14.67 20.15 20.08 20.08 20.22 20.29 22.19 24.09 23.73 25.33 29.57 28.98 30.59 27.52 28.76 26.12 15.68 11.11 8.78 6.51 6.19 1.68 0.08 0.46 0.00 0.00 0.00
2.19 0.51 0.00 0.00 0.00 0.00 0.00 0.00 0.00 0.00 0.00 0.00 1.39 1.97 1.75 0.00 0.00 0.00 0.00 2.34 1.83 4.82 6.79 2.48 4.60 3.72 7.08 4.09 7.37 3.94 5.18 5.84 3.36 6.13 6.13 6.13 5.33 7.59 5.26 3.94 4.31 4.38 7.52 12.05 14.09 13.80 16.50 19.64 20.29 16.79 14.02 15.26 17.08 16.79 17.81 14.82 15.26 14.75 20.73 20.51 20.51 20.22 19.78 20.15 18.61 19.56 22.05 25.11 25.48 29.20 27.23 21.72 14.75 11.10 11.95 8.90 7.63 3.37 0.87 0.39 0.00 0.00 0.00 0.00
2.19 0.51 0.00 0.00 0.00 0.00 0.00 0.00 0.00 0.00 0.00 0.00 1.39 1.97 1.75 0.00 0.00 0.00 0.00 2.34 1.83 4.82 6.79 2.48 4.60 3.72 7.08 4.09 7.37 3.94 5.18 5.84 3.36 6.13 6.13 6.13 5.33 7.59 5.26 3.94 4.31 4.38 7.52 12.05 14.09 13.80 16.50 19.64 20.29 16.79 14.02 15.26 17.08 16.79 17.81 14.82 15.26 14.75 20.73 20.51 20.51 20.22 19.78 20.15 18.61 19.56 22.05 25.11 25.48 29.20 27.23 21.61 14.53 10.93 11.95 9.30 6.80 3.24 0.85 0.41 0.00 0.00 0.00 0.00
2.77 0.00 0.00 0.00 0.00 0.00 0.00 0.00 0.00 0.00 0.00 0.00 0.00 0.00 0.00 0.00 0.00 0.00 0.00 1.46 3.43 3.50 1.10 1.46 1.75 0.95 2.04 2.19 0.00 0.00 1.90 2.70 2.92 4.16 5.62 5.62 5.55 4.82 4.96 4.31 4.96 6.86 6.50 9.27 15.99 19.64 19.35 21.24 22.85 21.53 18.10 16.50 18.32 18.83 18.91 15.84 13.43 16.13 19.13 18.83 18.83 19.13 19.56 17.89 19.35 19.13 21.10 24.09 26.21 21.02 19.86 20.66 15.70 10.84 8.00 3.65 2.18 0.65 0.00 0.00 0.00 0.00 0.00 0.00
