Wansh/Snow_depth/snowdepth-1994/spring/1994072.txt
ncols 321
nrows 161
xllcenter 60
yllcenter 15 
cellsize  0.25 
NODATA_value -1
[rows 0 to 36 of 161, columns 168 to 251 of 321]
8.25 8.83 5.18 4.96 4.53 5.69 5.48 5.48 6.06 6.06 6.28 6.28 7.15 7.37 7.37 6.94 7.37 10.37 9.20 11.97 10.95 11.32 9.64 9.42 7.45 8.03 6.28 0.00 0.00 0.00 0.00 0.00 0.00 0.00 14.53 14.53 17.96 13.07 14.89 14.09 14.09 13.51 12.41 13.72 14.45 14.53 16.28 17.45 15.70 11.83 12.05 11.46 11.68 12.78 12.78 11.46 14.02 13.65 13.36 12.92 12.92 15.48 18.18 23.00 21.32 25.84 28.62 27.89 25.40 25.62 23.65 20.66 20.88 19.78 17.01 19.64 18.40 21.53 21.46 21.17 21.10 21.90 18.25 20.88
10.07 10.73 8.69 5.69 5.91 6.50 5.18 5.04 5.69 5.69 5.91 7.30 7.52 7.52 7.59 7.81 7.66 8.25 12.34 13.14 12.99 11.90 9.05 9.49 4.02 5.40 0.80 0.00 0.00 0.00 0.00 0.00 3.58 12.12 13.21 13.21 12.70 12.56 14.38 19.71 18.76 18.25 17.01 16.64 16.35 15.70 13.29 13.94 12.41 11.75 11.39 11.17 12.99 14.16 13.87 13.07 15.33 14.67 14.53 15.99 15.99 15.26 17.74 22.63 23.94 26.21 26.06 26.79 21.75 21.75 21.53 19.56 14.16 18.83 15.26 16.94 16.94 16.13 19.64 20.22 15.33 15.91 16.72 10.29
13.21 10.44 11.17 8.98 9.34 7.96 5.77 6.42 4.89 4.89 6.50 7.52 7.66 7.66 8.40 10.29 9.78 11.90 13.14 12.70 12.92 11.61 9.86 6.50 0.00 1.24 0.00 0.00 0.00 0.00 0.00 7.15 4.67 11.02 12.92 12.92 14.16 17.30 16.21 19.93 20.73 19.93 18.10 16.86 14.67 12.70 11.68 12.05 11.97 12.12 12.48 12.92 12.56 14.75 14.09 14.16 14.09 14.09 14.60 16.06 16.06 18.47 20.73 20.08 21.68 22.70 19.78 18.83 19.20 17.67 11.68 11.53 12.12 8.69 12.70 10.22 13.14 13.58 10.22 12.63 13.29 8.61 8.61 8.83
13.21 10.44 11.17 8.98 9.34 7.96 5.77 6.42 4.89 4.89 6.50 7.52 7.66 7.66 8.40 10.29 9.78 11.90 13.14 12.70 12.92 11.61 9.86 6.50 0.00 1.24 0.00 0.00 0.00 0.00 0.00 7.15 4.67 11.02 12.92 12.92 14.16 17.30 16.21 19.93 20.73 19.93 18.10 16.86 14.67 12.70 11.68 12.05 11.97 12.12 12.48 12.92 12.56 14.75 14.09 14.16 14.09 14.09 14.60 16.06 16.06 18.47 20.73 20.08 21.68 22.70 19.78 18.83 19.20 17.67 11.68 11.53 12.12 8.69 12.70 10.22 13.14 13.58 10.22 12.63 13.29 8.61 8.61 8.83
15.33 15.33 13.87 13.07 13.43 11.90 9.49 10.29 5.99 5.99 7.45 7.15 8.83 8.98 8.69 12.34 14.82 14.24 14.82 12.85 9.71 9.05 6.06 0.00 0.00 0.00 0.00 0.00 0.00 0.00 0.00 9.42 11.24 11.97 11.39 11.39 14.09 17.16 18.61 18.69 19.05 16.06 16.21 16.21 15.11 14.38 14.82 13.87 14.53 13.87 15.70 14.38 14.09 14.60 14.53 13.94 14.53 15.77 17.01 16.57 16.57 18.69 20.37 21.46 17.81 18.83 15.04 7.74 8.83 8.25 8.98 6.79 6.86 6.86 5.48 8.25 6.86 8.69 8.69 7.96 8.03 8.18 8.03 7.81
16.94 16.13 16.72 14.60 13.36 13.72 12.12 13.72 11.68 11.68 12.34 10.66 14.09 12.63 12.92 14.67 15.55 12.85 13.94 9.42 5.11 2.04 3.65 0.00 0.00 0.00 0.00 0.00 0.00 7.81 10.07 9.93 10.80 13.94 17.01 17.01 17.52 17.59 17.52 17.23 15.62 15.99 16.35 16.86 15.99 16.13 15.40 14.82 16.64 17.30 17.23 16.35 18.25 15.18 16.86 16.06 14.53 14.82 16.43 15.40 15.40 17.08 16.79 18.03 15.40 9.20 10.00 6.86 5.84 5.40 5.40 5.84 6.06 6.28 5.69 6.50 6.35 6.28 7.74 7.37 7.37 8.03 7.52 7.59
19.49 18.54 21.24 18.76 19.49 16.50 15.70 15.62 15.11 15.11 11.83 13.51 13.87 15.33 15.77 14.97 15.04 14.24 7.66 3.43 0.00 0.00 0.00 0.00 0.00 0.00 0.00 0.00 3.58 9.05 11.75 13.94 16.57 15.55 19.20 19.20 22.27 20.66 17.67 14.89 14.75 14.97 15.99 16.28 20.00 18.32 17.96 18.10 16.94 20.00 18.91 17.89 18.61 16.43 14.89 15.04 15.04 13.14 12.56 13.36 13.36 14.38 14.97 12.19 11.17 9.05 8.03 7.23 7.66 6.35 6.35 6.57 6.42 6.06 6.06 5.69 6.13 5.84 6.28 7.38 9.57 9.32 9.68 11.08
19.49 18.54 21.24 18.76 19.49 16.50 15.70 15.62 15.11 15.11 11.83 13.51 13.87 15.33 15.77 14.97 15.04 14.24 7.66 3.43 0.00 0.00 0.00 0.00 0.00 0.00 0.00 0.00 3.58 9.05 11.75 13.94 16.57 15.55 19.20 19.20 22.27 20.66 17.67 14.89 14.75 14.97 15.99 16.28 20.00 18.32 17.96 18.10 16.94 20.00 18.91 17.89 18.61 16.43 14.89 15.04 15.04 13.14 12.56 13.36 13.36 14.38 14.97 12.19 11.17 9.05 8.03 7.23 7.66 6.35 6.35 6.57 6.42 6.06 6.06 6.58 8.46 8.40 8.60 12.53 15.81 12.40 12.46 11.50
14.02 21.68 20.88 22.05 18.32 16.57 14.24 14.02 14.16 14.16 14.60 14.38 15.84 15.55 13.51 14.82 12.12 7.81 0.00 0.00 0.00 0.00 0.00 2.77 0.00 6.13 0.00 0.00 9.93 9.42 11.61 12.99 16.50 19.27 22.34 22.34 21.46 21.97 18.25 15.18 17.01 17.81 19.64 19.20 20.51 19.78 20.66 21.75 20.95 21.32 19.93 18.25 18.98 14.45 12.56 11.97 11.53 11.53 12.12 11.90 11.90 12.85 12.70 12.70 12.05 11.68 9.49 8.54 8.25 8.98 7.96 8.47 6.86 7.07 7.35 8.92 9.21 9.73 10.55 12.72 13.75 12.81 11.51 14.60
10.15 9.34 14.45 16.94 16.57 17.67 15.04 13.65 13.51 13.51 13.36 15.55 15.40 15.99 14.31 6.86 3.36 0.00 0.00 0.00 0.00 0.80 0.00 0.00 7.59 0.00 9.05 9.71 10.80 11.24 14.45 14.02 14.38 15.99 13.80 13.80 16.64 16.06 17.81 16.35 16.57 18.47 20.00 19.05 19.78 20.66 20.22 21.97 17.52 19.13 17.59 17.81 18.54 16.64 12.78 11.24 12.34 12.19 13.36 13.07 13.07 13.21 16.06 14.38 12.26 13.14 11.02 10.37 8.69 9.05 9.13 8.47 8.58 11.08 10.35 9.84 9.42 11.20 15.11 15.07 13.65 13.62 17.61 17.07
9.71 8.76 8.83 10.59 9.93 12.34 13.43 13.43 13.51 13.51 12.85 7.81 5.99 7.74 2.12 0.00 0.00 0.00 0.00 5.33 0.00 7.15 7.88 8.47 8.47 6.06 7.74 12.26 11.90 12.19 11.75 11.83 12.63 11.39 12.99 12.99 15.40 18.61 20.37 15.04 14.89 19.35 18.54 17.59 17.59 18.40 15.11 15.77 14.97 17.45 16.57 17.67 14.09 14.89 13.29 13.29 14.02 14.09 17.23 19.86 19.86 18.91 19.42 16.21 14.31 12.34 12.78 11.02 11.10 9.64 9.78 8.76 8.54 7.19 7.22 11.33 13.53 14.60 12.57 14.71 17.02 17.30 16.21 17.24
9.71 8.76 8.83 10.59 9.93 12.34 13.43 13.43 13.51 13.51 12.85 7.81 5.99 7.74 2.12 0.00 0.00 0.00 0.00 5.33 0.00 7.15 7.88 8.47 8.47 6.06 7.74 12.26 11.90 12.19 11.75 11.83 12.63 11.39 12.99 12.99 15.40 18.61 20.37 15.04 14.89 19.35 18.54 17.59 17.59 18.40 15.11 15.77 14.97 17.45 16.57 17.67 14.09 14.89 13.29 13.29 14.02 14.09 17.23 19.86 19.86 18.91 19.42 16.21 14.31 12.34 12.78 11.02 11.10 9.64 9.78 8.76 8.32 7.08 7.01 10.52 12.06 13.52 13.41 15.26 17.02 16.93 17.81 18.45
12.19 10.00 10.59 9.05 9.64 8.83 9.93 6.28 6.64 6.64 4.09 4.23 3.36 0.00 0.00 0.00 0.00 0.00 2.26 4.60 7.08 9.05 10.37 10.15 12.19 10.37 10.37 10.44 10.59 10.88 12.05 12.34 12.05 11.83 13.65 13.65 16.50 18.98 17.45 17.59 17.30 16.57 16.50 16.64 11.68 9.05 10.37 12.92 13.58 12.63 15.33 16.94 15.33 15.40 15.33 17.52 18.83 19.56 19.35 19.20 19.20 18.83 17.01 15.70 16.13 13.07 14.09 12.56 12.78 10.51 9.78 9.13 9.13 11.24 8.98 11.80 14.49 13.65 15.67 16.23 17.74 20.18 21.11 18.19
12.70 15.77 15.04 13.43 12.19 8.25 5.40 6.20 2.41 2.41 3.80 0.00 0.00 0.00 0.00 0.00 0.00 0.00 2.63 6.79 8.91 10.29 9.56 11.24 10.73 10.51 10.29 13.65 13.80 13.07 13.36 13.07 11.97 13.87 15.33 15.33 14.75 17.81 16.35 15.99 15.70 13.58 11.61 8.98 9.64 7.59 7.15 8.61 10.51 13.43 12.85 15.70 16.50 14.89 16.13 17.16 17.16 17.16 17.08 18.47 18.47 18.47 19.35 18.61 16.79 17.30 15.84 16.13 13.29 13.72 11.83 14.97 12.26 13.78 16.82 15.97 13.61 15.46 18.42 16.24 18.07 17.43 17.00 20.49
16.43 16.50 16.57 15.91 15.55 13.80 10.73 9.42 5.33 5.33 8.69 5.48 0.15 0.80 4.45 2.63 2.26 3.72 4.45 9.42 10.95 10.88 11.68 13.36 11.39 12.70 14.24 14.09 13.94 13.07 12.85 12.34 12.48 12.78 12.63 12.63 13.58 15.11 13.94 12.34 12.70 12.41 7.52 7.01 8.47 7.88 8.10 8.10 7.96 9.49 10.80 12.12 14.38 16.13 15.26 16.79 17.01 18.61 18.03 19.20 19.20 19.78 18.76 19.27 18.10 17.37 16.35 16.72 14.97 17.52 17.45 16.86 19.39 18.02 19.96 18.91 17.07 18.60 15.72 16.47 15.97 15.36 17.56 15.79
17.45 16.64 16.86 15.26 15.62 14.24 13.65 11.53 12.05 12.05 10.80 11.46 11.61 8.10 6.72 6.50 6.06 6.72 8.91 8.83 10.22 9.42 12.63 12.70 12.85 12.56 14.67 14.38 12.34 12.56 12.78 13.80 12.78 12.92 12.99 12.99 12.70 11.53 10.44 8.40 8.61 8.32 9.05 9.42 9.34 8.25 7.30 7.66 7.52 9.20 9.93 9.42 11.17 9.86 13.36 17.08 15.91 18.18 18.83 18.69 18.69 17.81 18.69 18.76 18.18 16.72 14.97 15.84 15.33 19.05 22.41 19.27 24.04 21.12 19.25 18.40 19.15 16.09 15.74 17.38 16.92 18.28 16.66 15.37
17.45 16.64 16.86 15.26 15.62 14.24 13.65 11.53 12.05 12.05 10.80 11.46 11.61 8.10 6.72 6.50 6.06 6.72 8.91 8.83 10.22 9.42 12.63 12.70 12.85 12.56 14.67 14.38 12.34 12.56 12.78 13.80 12.78 12.92 12.99 12.99 12.70 11.53 10.44 8.40 8.61 8.32 9.05 9.42 9.34 8.25 7.30 7.66 7.52 9.20 9.93 9.42 11.17 9.86 13.36 17.08 15.91 18.18 18.83 18.69 18.69 17.81 18.69 18.76 18.18 16.72 14.97 15.84 15.33 19.05 22.41 23.66 22.53 22.96 17.28 22.77 19.43 17.79 16.05 15.67 16.35 15.72 18.12 17.45
15.26 16.86 15.26 15.04 12.05 10.44 9.13 7.37 7.52 7.52 9.49 10.44 7.15 7.88 6.28 7.01 6.79 7.08 8.32 8.18 9.27 8.98 9.86 11.61 11.46 10.66 11.61 11.90 11.53 12.48 12.99 12.85 12.78 13.65 13.29 13.29 12.48 11.68 8.76 9.93 10.15 10.80 11.83 11.75 7.96 8.25 7.08 6.06 3.36 3.94 8.32 4.96 4.60 7.52 12.34 15.70 14.45 17.16 16.86 18.32 18.32 18.98 17.30 16.94 17.37 16.35 14.97 16.86 20.88 22.63 23.68 21.07 21.37 22.59 20.46 23.77 24.41 17.34 15.90 19.32 16.38 16.70 17.67 15.54
11.97 11.75 13.87 13.58 12.12 9.42 6.94 7.52 6.42 6.42 5.33 5.91 7.59 7.88 7.15 6.06 7.66 6.86 8.32 9.20 10.22 9.71 10.59 10.15 9.56 9.93 11.02 10.59 9.71 11.39 12.05 11.90 12.26 12.63 12.99 12.99 12.48 11.61 10.88 10.59 10.88 11.39 8.76 7.23 4.74 5.48 2.63 1.83 3.07 2.77 2.34 3.21 2.41 5.99 9.05 7.96 10.37 13.51 13.21 15.48 15.48 15.11 15.70 15.04 15.40 15.99 15.40 18.32 19.93 19.00 22.27 21.61 21.26 21.98 26.23 21.67 20.22 22.57 18.84 19.04 16.27 18.22 16.53 18.82
11.68 11.46 10.00 10.29 10.88 11.61 8.25 7.96 5.99 5.99 5.69 6.86 7.23 7.81 7.01 8.40 7.15 8.32 8.98 8.54 9.93 11.90 11.75 10.22 11.02 10.00 9.86 9.42 9.20 10.15 12.26 13.21 12.63 12.99 12.19 12.19 10.44 9.49 10.51 8.98 8.54 8.69 7.66 5.33 1.68 2.56 2.19 2.34 3.36 1.83 2.12 2.04 1.46 0.00 4.45 3.14 7.23 7.08 11.17 13.94 13.94 11.24 14.16 13.36 15.40 12.63 16.21 15.33 18.47 18.61 23.21 25.84 25.70 24.53 24.09 27.05 23.18 25.74 25.16 20.80 19.28 16.56 15.86 19.01
10.73 10.59 10.88 9.86 9.20 9.34 8.47 7.59 6.72 6.72 6.57 6.35 7.96 9.20 8.98 7.30 8.83 8.61 9.20 10.22 11.83 11.75 12.12 10.88 10.07 10.07 10.00 9.71 9.20 10.88 12.56 14.97 15.33 13.58 12.92 12.92 10.73 10.29 7.52 5.40 5.55 2.63 1.83 2.26 2.04 3.14 1.90 1.68 1.53 1.61 2.41 1.31 0.58 0.00 0.00 2.41 6.42 5.26 9.20 7.37 7.37 9.05 11.10 7.01 9.71 8.98 11.75 13.51 19.78 18.40 23.29 26.06 25.99 25.99 26.55 26.60 26.68 25.60 26.95 23.12 23.07 18.28 18.39 16.07
9.27 10.51 10.73 9.93 10.44 8.25 8.18 7.81 7.15 7.15 6.79 6.20 6.13 8.47 7.74 7.81 6.06 9.34 10.95 12.12 11.53 10.88 12.26 10.22 10.59 10.66 12.92 12.48 13.07 12.85 13.87 16.13 15.26 14.31 10.66 10.66 12.41 12.34 7.01 3.87 3.43 2.56 3.14 2.77 2.48 1.46 1.75 1.97 1.39 0.88 1.31 0.00 0.00 0.00 0.00 0.00 3.14 3.72 5.91 5.33 5.33 8.10 4.40 3.72 5.62 7.81 6.35 13.58 16.79 21.97 21.24 24.82 24.82 24.09 26.61 25.35 30.70 22.94 28.11 22.11 16.25 18.58 18.87 19.73
9.27 10.51 10.73 9.93 10.44 8.25 8.18 7.81 7.15 7.15 6.79 6.20 6.13 8.47 7.74 7.81 6.06 9.34 10.95 12.12 11.53 10.88 12.26 10.22 10.59 10.66 12.92 12.48 13.07 12.85 13.87 16.13 15.26 14.31 10.66 10.66 12.41 12.34 7.01 3.87 3.43 2.56 3.14 2.77 2.48 1.46 1.75 1.97 1.39 0.88 1.31 0.00 0.00 0.00 0.00 0.00 3.14 3.72 5.91 5.33 5.33 8.10 4.40 3.72 5.62 7.81 6.35 13.58 16.79 21.97 21.24 24.82 24.82 24.09 25.55 25.49 23.84 20.18 23.54 25.73 19.88 18.98 14.79 18.20
7.66 9.20 9.27 10.00 9.86 9.13 8.54 9.05 8.47 8.47 9.64 5.26 4.45 6.06 5.48 5.84 6.13 9.34 12.78 13.21 10.51 10.44 12.41 11.61 11.24 14.09 14.45 14.02 15.26 17.67 15.70 13.65 14.45 13.58 7.96 7.96 11.53 12.12 4.31 4.53 4.60 3.43 2.99 3.21 2.92 2.63 2.12 2.26 1.17 0.00 0.00 0.00 0.00 0.00 0.00 0.00 0.00 3.14 4.31 0.00 0.00 0.00 0.00 0.00 0.00 6.50 11.68 15.91 15.04 20.22 21.90 21.61 22.78 24.24 23.65 23.84 25.05 33.39 26.48 27.28 22.67 15.59 16.15 20.29
5.33 4.96 7.66 9.78 9.49 8.69 8.61 10.29 11.61 11.61 13.43 3.87 8.32 6.57 6.72 10.44 8.18 7.52 14.60 12.41 12.63 10.88 14.60 15.04 15.04 15.04 14.38 18.40 18.25 17.81 15.55 13.94 10.00 7.59 7.66 7.66 6.13 5.99 6.13 5.11 4.67 3.65 3.29 3.58 2.34 0.95 1.39 1.24 1.39 0.00 0.00 0.00 0.00 1.61 2.04 2.63 2.48 3.07 0.00 0.00 0.00 0.00 0.00 0.00 0.00 5.62 12.70 16.35 18.25 17.81 21.24 22.19 25.84 24.89 28.38 26.78 27.38 28.76 26.53 22.69 27.50 15.67 19.87 23.71
4.38 6.86 5.04 6.50 8.61 7.23 9.64 9.20 14.75 14.75 15.11 16.43 12.19 8.10 11.75 12.85 15.91 14.89 14.45 15.04 16.06 14.45 15.62 15.77 15.77 17.01 17.67 17.89 18.10 18.18 17.74 15.40 12.12 13.14 10.37 10.37 10.15 9.56 8.32 11.61 7.66 5.18 2.92 1.68 0.00 0.00 0.00 0.00 0.00 0.00 1.31 0.00 2.26 1.53 0.00 2.77 0.00 0.00 0.00 0.00 0.00 0.00 0.00 2.99 8.76 8.18 11.97 13.14 16.28 17.45 19.13 21.97 25.49 28.17 28.53 28.69 28.55 19.95 22.92 22.24 16.91 17.39 16.89 14.39
4.23 3.43 3.72 4.96 2.92 4.96 5.77 5.99 9.13 9.13 11.24 12.70 13.94 12.48 13.94 15.91 16.28 17.81 15.33 15.77 16.13 16.57 14.89 15.55 17.45 17.89 18.18 19.49 18.25 16.28 14.89 15.33 14.16 15.26 11.90 11.90 10.37 15.04 16.72 13.43 8.61 5.69 2.48 0.00 0.00 5.26 4.60 4.53 0.00 6.42 3.72 2.85 3.07 2.56 1.90 3.72 2.19 0.00 2.34 3.50 3.50 3.07 3.29 5.91 8.91 9.93 12.19 11.83 14.38 16.57 21.39 20.66 24.01 27.11 26.92 31.15 27.07 26.11 18.92 19.20 16.16 14.50 17.30 13.60
2.26 3.29 2.63 2.56 0.00 2.48 3.58 3.94 12.34 12.34 9.78 12.70 12.70 12.85 12.41 12.12 11.90 13.29 14.16 13.29 10.66 12.85 14.24 13.58 16.21 17.30 18.25 15.70 16.50 15.48 18.32 17.52 18.10 16.79 20.00 20.00 18.10 14.67 16.13 12.05 4.09 3.65 3.87 3.29 7.37 6.94 7.15 6.86 9.27 7.23 6.13 4.96 6.86 5.48 3.80 4.45 3.50 3.43 2.85 4.45 4.45 7.01 6.42 6.72 7.74 10.51 13.14 14.60 15.40 15.77 21.71 25.12 26.37 26.43 26.36 24.92 28.41 22.14 21.59 16.31 15.00 13.07 10.41 5.86
2.26 3.29 2.63 2.56 0.00 2.48 3.58 3.94 12.34 12.34 9.78 12.70 12.70 12.85 12.41 12.12 11.90 13.29 14.16 13.29 10.66 12.85 14.24 13.58 16.21 17.30 18.25 15.70 16.50 15.48 18.32 17.52 18.10 16.79 20.00 20.00 18.10 14.67 16.13 12.05 4.09 3.65 3.87 3.29 7.37 6.94 7.15 6.86 9.27 7.23 6.13 4.96 6.86 5.48 3.80 4.45 3.50 3.43 2.85 4.45 4.45 7.01 6.42 6.72 7.74 10.51 13.14 14.60 15.40 15.77 21.82 24.85 23.84 29.45 28.13 29.08 32.98 21.43 22.55 15.84 15.86 15.51 9.50 4.98
1.10 2.26 3.21 0.00 2.34 3.94 4.67 8.25 5.26 5.26 7.96 11.97 12.12 12.78 14.24 13.07 12.34 12.26 10.80 11.90 10.66 11.32 12.48 13.51 12.12 13.80 14.09 14.45 14.82 16.86 18.76 18.18 13.36 19.42 14.45 14.45 12.12 9.64 7.30 6.13 6.64 6.13 7.15 8.32 7.96 8.03 10.95 8.54 7.81 9.27 7.74 8.32 7.96 7.23 6.06 5.33 4.89 4.96 4.60 8.76 8.80 7.70 7.48 8.61 12.05 10.44 19.35 18.69 22.01 22.93 21.38 28.39 30.07 27.42 33.02 28.07 20.82 19.39 20.20 14.80 10.43 12.53 6.21 2.70
1.97 1.83 3.65 3.80 2.56 0.00 5.77 4.09 5.48 5.48 9.42 11.75 10.80 13.14 13.07 14.89 14.53 12.78 14.24 14.16 11.17 12.19 10.88 13.58 15.55 15.70 14.53 13.36 16.06 17.16 17.81 17.67 10.66 15.33 16.28 16.28 9.20 9.05 9.71 10.51 8.83 8.69 8.32 8.61 10.00 10.95 10.73 9.64 10.00 6.86 7.30 7.23 8.03 7.37 6.72 6.35 5.91 9.42 11.17 11.02 11.02 9.93 10.51 10.51 16.79 20.37 19.49 19.78 25.11 25.84 28.25 28.52 31.75 30.43 22.47 24.88 18.15 13.85 12.41 15.25 8.89 4.01 0.40 0.90
6.28 4.60 4.67 2.70 0.00 0.00 2.41 4.53 4.02 4.02 5.40 8.54 7.96 10.80 11.68 14.67 12.56 14.02 14.02 14.16 14.24 15.04 10.73 13.43 17.08 16.86 10.59 11.75 12.63 10.66 10.00 8.69 9.05 10.59 10.95 10.95 11.32 11.24 11.83 10.88 12.12 9.56 7.08 7.52 9.42 10.44 10.51 9.27 8.10 7.15 6.72 8.54 7.52 6.94 7.45 5.62 5.55 8.18 11.68 13.21 13.21 11.39 11.83 12.12 17.23 19.64 23.80 27.23 26.43 28.69 27.45 27.52 34.22 31.53 20.19 17.43 15.84 14.49 10.69 7.03 9.20 3.29 0.08 0.00
5.77 4.02 4.02 2.77 3.14 2.34 2.34 2.26 3.87 3.87 4.53 4.23 5.48 7.81 8.91 12.12 13.51 12.70 10.00 11.39 8.32 9.49 9.05 11.24 9.05 9.64 9.49 10.29 11.17 10.66 8.83 9.49 9.78 11.32 11.90 11.90 12.12 10.95 11.10 10.44 7.52 8.61 6.79 6.57 8.40 9.42 10.51 9.20 8.98 8.91 10.66 9.27 8.69 5.48 7.45 6.86 6.42 8.32 11.97 13.94 13.94 12.78 16.43 17.74 16.72 21.75 26.13 27.96 29.86 29.20 30.08 27.06 26.72 31.63 23.81 14.90 12.12 12.63 10.00 4.44 1.49 3.63 0.00 0.00
6.42 4.38 1.02 1.24 0.00 3.72 1.75 2.04 0.66 0.66 0.73 2.92 2.70 7.81 6.42 12.41 9.34 10.66 6.64 8.40 8.47 9.20 9.71 10.66 9.34 10.00 8.54 10.59 10.22 10.59 10.07 7.81 10.15 10.73 9.86 9.86 8.32 8.69 8.91 7.96 7.08 6.57 7.30 7.08 9.34 9.49 9.56 9.78 9.20 14.31 12.85 10.51 8.98 12.48 11.02 9.49 12.70 14.75 13.80 15.18 15.18 18.98 18.18 19.56 20.81 20.15 24.67 22.05 28.91 29.57 29.27 28.32 23.93 15.76 11.66 12.95 9.23 7.06 3.80 4.45 0.08 0.00 0.00 0.00
2.19 0.51 0.00 0.00 0.00 0.00 0.00 0.00 0.00 0.00 0.00 0.00 0.29 6.06 5.77 3.87 4.38 4.16 4.82 5.62 9.13 7.74 8.54 8.98 8.25 8.18 5.84 7.74 8.98 4.23 5.99 5.62 9.34 10.29 6.72 6.72 7.88 7.81 7.52 7.01 7.52 6.64 7.88 11.46 11.97 11.75 9.71 17.59 17.23 17.59 17.16 14.45 15.62 15.55 14.16 13.43 15.40 16.86 17.08 18.76 18.76 18.25 18.32 17.37 17.67 17.81 20.15 19.35 24.16 28.54 24.31 20.25 22.05 14.00 9.44 6.87 9.04 3.71 2.61 0.00 0.00 0.00 0.00 0.00
2.19 0.51 0.00 0.00 0.00 0.00 0.00 0.00 0.00 0.00 0.00 0.00 0.29 6.06 5.77 3.87 4.38 4.16 4.82 5.62 9.13 7.74 8.54 8.98 8.25 8.18 5.84 7.74 8.98 4.23 5.99 5.62 9.34 10.29 6.72 6.72 7.88 7.81 7.52 7.01 7.52 6.64 7.88 11.46 11.97 11.75 9.71 17.59 17.23 17.59 17.16 14.45 15.62 15.55 14.16 13.43 15.40 16.86 17.08 18.76 18.76 18.25 18.32 17.37 17.67 17.81 20.15 19.35 24.16 28.54 24.31 20.15 21.72 13.79 9.44 7.18 8.06 3.57 2.55 0.00 0.00 0.00 0.00 0.00
2.77 0.00 0.00 0.00 0.00 0.00 0.00 0.00 0.00 0.00 0.00 0.00 0.00 3.43 2.48 4.60 3.94 4.60 5.77 5.33 4.60 5.69 6.35 6.35 2.48 3.80 5.62 5.91 3.65 2.56 4.60 7.01 8.10 8.18 8.32 8.32 8.32 7.23 6.86 6.50 6.64 7.08 9.49 11.68 15.11 13.87 19.49 20.00 19.49 17.89 18.91 17.23 17.59 17.08 16.43 16.86 15.55 16.21 15.48 16.86 16.86 18.32 18.54 18.54 17.74 17.45 20.73 23.58 22.34 26.06 22.12 15.84 12.34 13.42 6.75 6.39 3.07 3.88 1.52 0.00 0.00 0.00 0.00 0.00
