Wansh/Snow_depth/snowdepth-1994/spring/1994100.txt
ncols 321
nrows 161
xllcenter 60
yllcenter 15 
cellsize  0.25 
NODATA_value -1
[rows 0 to 36 of 161, columns 84 to 167 of 321]
28.03 27.52 26.35 27.59 27.30 25.19 19.49 21.39 16.50 20.00 18.98 20.29 18.61 19.56 13.51 13.43 14.31 9.05 9.05 13.87 14.31 9.42 9.93 9.42 7.52 8.10 6.57 3.43 3.58 3.14 3.21 2.26 0.80 1.17 0.00 0.00 0.00 0.00 0.00 0.00 0.00 3.50 6.50 6.50 5.91 5.33 4.67 3.72 4.38 5.84 7.52 7.37 7.96 3.87 4.38 2.77 5.04 4.23 7.23 5.91 6.50 4.45 3.07 2.04 2.34 1.68 3.94 3.58 3.58 5.33 6.86 6.64 7.15 8.69 7.45 8.83 8.54 11.61 10.22 11.17 11.90 11.97 12.56 13.72
25.55 25.62 25.84 25.33 22.12 22.63 19.64 19.56 17.30 18.32 19.35 18.91 20.08 13.14 13.94 11.53 7.01 7.08 7.08 5.18 5.62 6.06 7.01 5.62 9.56 7.96 8.32 6.42 5.26 3.87 3.14 2.92 2.56 1.10 0.37 0.00 0.00 0.00 0.00 0.00 0.00 2.56 5.69 5.69 5.99 6.57 4.67 4.60 4.60 4.31 4.38 4.67 3.36 3.50 3.58 3.94 3.65 5.26 5.99 5.91 5.18 4.89 5.33 4.09 5.69 5.04 5.18 6.94 6.94 7.74 8.03 7.30 6.06 6.28 6.20 9.27 10.07 9.05 7.88 11.75 10.73 11.90 12.70 12.19
25.19 22.78 21.32 22.12 19.42 20.59 19.42 21.97 24.09 20.66 25.62 21.97 21.83 21.39 15.18 15.26 14.24 6.28 6.28 6.35 4.89 5.26 4.31 7.45 6.35 7.74 6.50 7.66 5.48 5.69 5.99 2.92 3.21 2.85 1.83 2.19 1.17 0.00 0.00 0.00 0.00 0.00 0.00 0.00 0.00 0.00 2.99 2.12 5.77 5.84 4.38 5.40 3.72 3.43 4.31 4.60 5.40 7.23 8.40 8.61 8.40 8.32 8.61 7.96 8.61 7.15 9.93 11.17 11.17 11.17 12.05 7.66 7.66 4.45 4.60 5.91 6.57 8.32 8.54 9.34 10.22 9.78 11.02 13.07
25.19 22.78 21.32 22.12 19.42 20.59 19.42 21.97 24.09 20.66 25.62 21.97 21.83 21.39 15.18 15.26 14.24 6.28 6.28 6.35 4.89 5.26 4.31 7.45 6.35 7.74 6.50 7.66 5.48 5.69 5.99 2.92 3.21 2.85 1.83 2.19 1.17 0.00 0.00 0.00 0.00 0.00 0.00 0.00 0.00 0.00 2.99 2.12 5.77 5.84 4.38 5.40 3.72 3.43 4.31 4.60 5.40 7.23 8.40 8.61 8.40 8.32 8.61 7.96 8.61 7.15 9.93 11.17 11.17 11.17 12.05 7.66 7.66 4.45 4.60 5.91 6.57 8.32 8.54 9.34 10.22 9.78 11.02 13.07
24.02 21.46 19.13 18.18 17.81 20.59 15.33 16.86 21.39 26.28 24.75 22.70 23.58 23.51 21.90 17.52 18.03 13.87 13.87 10.88 7.88 6.64 5.99 6.35 6.64 3.87 4.23 0.00 4.53 4.96 3.87 4.23 4.74 4.38 3.50 2.48 2.85 0.00 0.00 0.00 0.00 0.00 0.00 0.00 0.00 0.00 0.51 4.31 3.29 6.64 6.06 6.28 5.33 4.67 4.67 5.26 5.99 5.62 8.18 7.37 9.13 8.69 10.15 8.47 8.91 9.64 10.80 10.88 10.88 11.46 11.90 10.73 9.71 5.69 6.72 7.37 5.18 6.50 7.81 8.25 7.59 7.52 6.57 6.94
23.58 20.37 20.88 16.50 10.15 11.24 10.29 6.50 12.78 12.78 17.45 18.76 10.51 19.64 19.93 14.97 14.16 15.11 15.11 10.66 6.72 8.61 5.91 3.65 3.94 3.07 0.00 0.00 0.00 0.00 4.45 5.18 5.33 5.91 6.50 6.50 1.97 2.48 0.00 0.00 0.00 0.00 0.00 0.00 0.00 0.00 0.00 0.00 2.41 6.06 5.40 6.64 4.82 5.18 5.18 4.82 5.11 4.31 6.13 5.84 8.10 10.07 12.41 11.90 10.95 9.78 10.00 9.64 9.64 10.37 10.07 10.07 10.73 10.66 10.66 8.98 6.35 8.83 8.25 7.52 8.03 8.03 7.23 5.62
20.88 10.37 10.88 10.73 8.91 5.48 6.13 4.02 0.00 5.33 0.00 4.82 5.77 4.23 11.75 8.10 7.74 0.00 0.00 8.61 5.04 5.77 5.33 0.00 0.00 0.00 0.00 0.00 0.00 5.18 6.64 6.64 6.42 6.13 6.50 3.07 4.02 0.00 0.00 0.00 0.00 0.00 0.00 0.00 0.00 0.00 0.00 1.83 1.17 4.89 6.28 6.13 5.48 4.89 4.74 5.33 5.18 6.28 5.84 8.10 9.13 8.76 11.39 12.56 13.80 13.72 13.07 11.75 11.75 12.26 10.66 11.32 11.83 12.12 12.26 10.07 10.51 8.98 9.34 8.61 8.32 8.47 8.10 7.88
20.88 10.37 10.88 10.73 8.91 5.48 6.13 4.02 0.00 5.33 0.00 4.82 5.77 4.23 11.75 8.10 7.74 0.00 0.00 8.61 5.04 5.77 5.33 0.00 0.00 0.00 0.00 0.00 0.00 5.18 6.64 6.64 6.42 6.13 6.50 3.07 4.02 0.00 0.00 0.00 0.00 0.00 0.00 0.00 0.00 0.00 0.00 1.83 1.17 4.89 6.28 6.13 5.48 4.89 4.74 5.33 5.18 6.28 5.84 8.10 9.13 8.76 11.39 12.56 13.80 13.72 13.07 11.75 11.75 12.26 10.66 11.32 11.83 12.12 12.26 10.07 10.51 8.98 9.34 8.61 8.32 8.47 8.10 7.88
5.11 8.40 7.15 4.67 4.02 4.82 0.00 0.00 0.00 0.00 0.00 0.00 0.00 0.00 0.00 4.45 5.04 0.00 0.00 2.34 0.00 5.26 6.57 6.86 0.00 0.00 0.00 0.00 5.84 0.00 6.94 6.13 6.72 5.55 5.33 4.89 0.00 0.00 0.00 0.00 0.00 0.58 1.17 1.17 1.02 2.63 3.36 3.14 4.67 6.20 6.28 7.15 5.69 6.28 4.82 5.11 5.11 5.62 7.45 6.13 7.66 7.52 10.00 11.97 11.39 12.70 13.21 12.05 12.05 11.61 11.83 11.68 11.83 12.05 11.68 11.17 11.10 13.07 14.82 10.37 8.47 8.32 6.79 7.37
0.37 0.88 0.58 2.56 0.00 0.00 0.00 0.00 0.00 0.00 0.00 0.00 0.00 0.00 0.00 0.00 0.22 2.34 2.34 2.19 6.35 4.89 7.74 5.04 5.69 5.04 0.00 0.00 5.91 4.89 5.26 5.40 5.33 5.33 4.45 1.83 2.99 3.21 3.87 3.87 2.04 2.19 1.97 1.97 3.07 2.92 3.58 4.74 4.67 5.69 6.94 7.52 8.40 5.48 6.06 5.91 5.48 5.69 4.89 4.74 5.77 5.77 7.59 7.59 8.98 10.51 10.80 10.88 10.88 11.75 12.12 9.93 11.97 11.61 10.73 10.73 13.80 15.84 15.62 12.99 9.27 9.86 7.01 5.99
0.00 0.00 0.00 0.00 0.00 0.00 0.00 0.00 0.00 0.00 0.00 0.00 0.00 0.00 0.00 0.15 0.29 2.99 2.99 6.50 5.33 7.45 5.11 5.91 0.00 0.00 0.00 0.00 0.00 3.21 2.77 2.99 3.65 4.60 4.38 3.43 4.67 4.45 5.11 4.67 5.04 5.11 6.50 6.50 6.64 4.89 3.94 4.09 4.09 4.31 4.23 5.26 6.50 6.35 6.50 6.42 9.20 10.80 10.80 5.26 5.04 4.60 6.42 7.08 10.22 10.73 12.12 13.36 13.36 12.99 11.39 11.90 11.97 12.63 10.73 11.83 11.39 15.91 16.21 15.91 11.46 11.24 10.15 7.96
0.00 0.00 0.00 0.00 0.00 0.00 0.00 0.00 0.00 0.00 0.00 0.00 0.00 0.00 0.00 0.15 0.29 2.99 2.99 6.50 5.33 7.45 5.11 5.91 0.00 0.00 0.00 0.00 0.00 3.21 2.77 2.99 3.65 4.60 4.38 3.43 4.67 4.45 5.11 4.67 5.04 5.11 6.50 6.50 6.64 4.89 3.94 4.09 4.09 4.31 4.23 5.26 6.50 6.35 6.50 6.42 9.20 10.80 10.80 5.26 5.04 4.60 6.42 7.08 10.22 10.73 12.12 13.36 13.36 12.99 11.39 11.90 11.97 12.63 10.73 11.83 11.39 15.91 16.21 15.91 11.46 11.24 10.15 7.96
0.00 0.00 0.00 0.00 0.00 0.00 0.00 0.00 0.00 0.00 0.00 0.00 0.00 2.56 0.00 1.24 4.74 3.94 3.94 6.86 7.01 7.08 5.26 3.65 0.00 0.00 1.61 0.00 2.63 5.55 3.36 4.23 4.23 5.33 7.15 7.52 9.71 10.22 6.50 5.99 7.30 6.72 6.50 6.50 5.18 5.55 4.53 4.31 4.45 3.65 2.41 1.17 0.29 0.51 1.97 7.15 5.84 11.53 9.64 10.59 7.37 7.66 7.59 10.73 9.93 9.71 12.05 11.97 11.97 13.43 13.80 13.72 13.72 12.05 12.12 12.19 14.89 14.02 16.50 14.60 12.70 12.78 11.32 10.29
0.00 0.00 0.00 0.00 0.00 0.00 0.00 0.00 0.00 0.00 0.00 4.31 4.60 5.62 8.25 8.25 7.66 7.59 7.59 7.74 6.79 5.33 5.55 3.94 3.50 3.94 2.41 3.87 3.58 7.23 10.66 10.37 7.88 8.91 8.91 10.51 10.29 10.59 7.45 6.57 6.50 3.94 2.56 2.56 2.70 2.41 3.80 3.87 4.45 2.48 0.51 0.80 0.00 0.00 0.00 0.88 0.29 4.45 3.36 7.15 9.49 8.10 11.39 11.17 11.83 12.26 11.75 11.83 11.83 12.99 15.18 13.14 10.59 11.17 8.03 9.34 11.32 8.91 9.49 13.94 12.19 10.44 7.23 7.52
0.00 0.00 0.00 0.00 0.00 0.00 0.00 0.00 2.41 1.75 5.11 5.33 5.99 5.62 7.37 7.08 6.94 6.50 6.50 6.35 7.01 5.48 6.57 5.84 5.62 6.06 6.20 6.79 8.40 8.25 12.12 14.24 14.09 13.07 10.95 11.10 7.01 2.12 5.84 3.58 2.12 2.04 1.24 1.24 1.39 1.31 1.39 2.77 2.99 2.70 2.48 1.02 0.00 0.00 0.00 0.00 0.00 0.73 0.29 2.85 5.55 4.09 8.10 7.15 9.86 10.22 12.05 10.29 10.29 12.63 11.53 11.02 9.42 6.64 7.23 7.88 8.54 8.03 7.74 11.68 11.90 12.26 8.32 7.96
0.00 0.00 0.00 0.00 0.00 0.00 3.65 3.43 5.18 5.84 6.06 5.91 5.69 4.82 5.62 5.04 5.55 5.04 5.04 6.20 5.04 5.18 5.99 6.86 7.66 7.52 7.59 7.81 6.35 8.69 11.24 14.67 13.14 13.65 10.44 5.48 6.50 1.24 1.75 2.99 2.77 2.04 3.43 3.43 2.92 5.04 4.31 3.65 3.80 3.80 2.99 3.36 2.26 5.11 2.63 1.10 0.00 0.37 2.63 3.94 3.07 2.99 3.87 3.80 6.35 7.37 10.07 7.66 7.66 9.34 9.05 6.79 2.48 4.67 3.36 6.42 8.10 6.06 5.33 8.54 11.17 4.53 2.99 2.41
0.00 0.00 0.00 0.00 0.00 0.00 3.65 3.43 5.18 5.84 6.06 5.91 5.69 4.82 5.62 5.04 5.55 5.04 5.04 6.20 5.04 5.18 5.99 6.86 7.66 7.52 7.59 7.81 6.35 8.69 11.24 14.67 13.14 13.65 10.44 5.48 6.50 1.24 1.75 2.99 2.77 2.04 3.43 3.43 2.92 5.04 4.31 3.65 3.80 3.80 2.99 3.36 2.26 5.11 2.63 1.10 0.00 0.37 2.63 3.94 3.07 2.99 3.87 3.80 6.35 7.37 10.07 7.66 7.66 9.34 9.05 6.79 2.48 4.67 3.36 6.42 8.10 6.06 5.33 8.54 11.17 4.53 2.99 2.41
0.00 0.00 0.00 4.38 5.55 4.74 5.04 5.91 6.64 5.91 6.13 6.13 7.08 6.86 7.52 8.03 6.20 6.57 6.57 7.15 5.11 4.02 3.87 5.62 7.23 6.79 7.88 5.69 6.06 7.23 10.07 12.78 12.48 13.58 10.00 7.81 2.77 3.36 2.19 4.31 4.23 4.45 3.43 3.43 5.33 4.89 5.91 7.30 13.14 8.91 9.93 8.83 7.30 7.66 6.57 2.70 3.14 2.99 2.48 3.50 6.42 6.64 4.23 7.30 5.48 7.59 4.89 5.69 5.69 8.76 7.01 7.66 3.14 2.34 1.97 3.72 3.58 4.16 2.63 5.18 3.72 4.53 0.00 2.34
0.00 0.00 0.00 4.31 5.69 8.91 8.61 7.74 6.57 6.79 6.28 8.54 9.56 9.42 9.05 9.05 8.76 8.10 8.10 6.86 7.08 6.50 3.72 3.87 5.55 8.18 7.96 8.69 7.15 6.64 8.83 12.34 13.65 13.80 11.32 7.52 8.18 4.09 2.26 1.90 1.90 1.31 0.00 0.00 0.66 4.89 17.23 25.04 21.53 14.75 11.68 19.78 10.73 15.18 4.82 2.41 1.61 3.94 4.31 7.59 11.61 11.83 9.05 11.02 6.50 4.82 4.82 8.98 8.98 7.88 8.03 3.94 5.99 1.53 2.19 1.90 2.34 2.77 0.00 2.48 1.61 0.00 0.00 0.00
0.00 0.00 0.00 0.00 0.00 7.66 6.42 5.62 6.06 8.61 8.32 9.34 10.22 9.27 10.29 9.27 7.30 7.74 7.74 7.81 7.15 7.23 6.28 6.72 5.48 7.96 8.47 7.01 7.96 6.20 4.67 9.56 10.95 9.93 10.29 7.37 3.94 4.60 1.31 0.73 0.07 0.15 0.00 0.00 1.83 0.58 11.83 26.72 29.93 27.45 29.57 23.58 19.35 16.21 7.74 9.93 3.14 2.92 2.63 7.96 6.79 10.88 12.26 10.15 6.42 5.62 5.33 8.32 8.32 7.52 8.32 2.77 0.00 0.00 0.00 0.00 0.00 0.00 0.00 0.00 0.00 0.00 0.00 0.00
0.00 0.00 0.00 0.00 0.00 0.00 0.00 4.89 4.45 9.05 10.22 9.78 11.02 9.42 9.13 9.13 7.08 7.30 7.30 7.52 8.54 6.94 6.79 8.47 9.71 12.34 10.29 8.47 6.64 7.08 3.72 2.70 2.41 3.87 4.31 1.97 2.63 0.15 0.37 1.10 2.04 2.85 0.00 0.00 0.15 0.44 7.52 22.85 20.08 25.77 23.51 17.37 14.82 18.47 12.78 5.26 4.89 2.34 2.04 2.63 3.58 5.11 6.13 5.91 10.29 7.23 5.18 6.28 6.28 4.89 0.15 0.00 0.00 0.00 0.00 0.00 0.00 0.00 0.00 0.00 0.00 0.00 0.00 0.00
0.00 0.00 0.00 0.00 0.00 0.00 3.80 4.89 8.91 8.47 8.32 10.88 10.51 10.00 9.78 10.22 8.32 8.98 8.98 8.98 9.05 9.71 9.78 11.02 10.73 13.07 13.43 13.65 8.91 5.84 6.72 2.85 1.83 3.14 3.07 1.68 0.00 0.07 0.00 1.90 3.87 3.87 0.88 0.88 0.00 0.00 1.46 11.02 0.00 5.77 5.69 8.76 11.32 7.08 8.32 6.13 6.50 2.99 2.92 1.53 2.41 2.92 3.21 7.23 5.55 4.96 5.40 1.17 1.17 0.00 0.07 0.00 0.00 0.00 0.00 0.00 0.00 0.00 0.00 0.00 0.00 0.00 0.00 0.00
0.00 0.00 0.00 0.00 0.00 0.00 3.80 4.89 8.91 8.47 8.32 10.88 10.51 10.00 9.78 10.22 8.32 8.98 8.98 8.98 9.05 9.71 9.78 11.02 10.73 13.07 13.43 13.65 8.91 5.84 6.72 2.85 1.83 3.14 3.07 1.68 0.00 0.07 0.00 1.90 3.87 3.87 0.88 0.88 0.00 0.00 1.46 11.02 0.00 5.77 5.69 8.76 11.32 7.08 8.32 6.13 6.50 2.99 2.92 1.53 2.41 2.92 3.21 7.23 5.55 4.96 5.40 1.17 1.17 0.00 0.07 0.00 0.00 0.00 0.00 0.00 0.00 0.00 0.00 0.00 0.00 0.00 0.00 0.00
0.00 0.00 0.00 0.00 0.00 5.55 5.33 7.45 12.34 11.32 9.27 10.73 8.61 9.34 9.71 10.59 10.44 10.80 10.80 9.20 8.83 10.15 9.78 11.75 12.63 12.19 13.29 11.17 11.02 9.78 6.64 4.23 2.26 1.75 0.66 1.17 0.58 0.00 0.00 0.07 2.48 0.07 0.00 0.00 0.07 0.00 0.00 0.00 0.00 0.00 4.60 0.00 3.07 2.19 4.82 2.63 4.53 4.45 2.56 2.41 2.85 3.50 3.14 1.02 3.29 4.67 1.75 2.63 2.63 0.95 2.19 1.97 0.00 0.00 0.00 0.00 0.00 0.00 0.00 0.00 0.00 0.00 0.00 0.00
0.00 0.00 0.00 0.00 0.00 7.74 13.29 14.09 14.67 7.08 2.85 6.72 6.72 6.06 9.49 9.71 9.93 10.15 10.15 10.44 8.98 10.88 12.26 12.66 11.67 11.45 12.54 9.78 10.07 8.25 8.61 5.48 3.50 3.87 1.10 0.00 0.00 0.00 0.00 0.51 0.00 0.00 0.00 0.00 0.00 0.00 0.00 0.00 0.00 0.00 0.00 0.00 0.00 0.00 1.53 1.97 1.24 2.92 0.00 0.00 2.85 0.00 0.00 0.00 0.00 0.00 0.00 0.00 0.00 0.80 2.34 2.12 0.00 0.00 0.00 0.00 0.00 0.00 0.00 0.00 0.00 0.00 0.00 0.00
0.00 0.00 0.00 0.00 0.00 0.00 9.64 1.39 3.14 4.23 0.00 0.00 3.07 3.58 1.39 9.56 9.34 10.73 10.73 9.86 10.37 11.83 13.07 13.13 14.69 11.40 11.40 11.14 9.42 11.10 8.76 9.64 5.55 2.85 3.50 0.88 0.00 0.00 0.00 0.58 0.44 0.00 0.00 0.00 0.00 0.00 0.00 0.00 0.00 0.00 0.00 0.00 0.00 0.00 0.00 0.00 0.00 0.00 0.00 1.90 0.00 0.00 0.00 0.00 0.00 0.00 0.00 0.44 0.44 2.34 2.26 2.12 0.00 0.00 0.00 0.00 0.00 0.00 0.00 0.00 0.00 0.00 0.00 0.00
0.00 0.00 0.00 0.00 0.00 0.00 0.00 0.00 0.00 0.00 0.00 0.00 0.00 0.00 0.00 0.00 0.51 7.01 7.01 7.15 1.31 2.08 1.88 11.66 11.95 12.10 11.82 12.09 11.59 11.55 12.19 12.85 12.48 6.64 8.54 6.13 4.16 0.66 1.39 0.51 0.07 0.51 0.00 0.00 0.00 0.00 0.00 0.00 0.00 0.00 0.00 0.00 0.00 0.00 0.00 0.00 0.00 0.00 0.00 0.00 1.83 0.00 0.00 0.00 0.00 0.00 1.24 0.37 0.37 3.80 3.50 0.00 3.29 0.00 0.00 0.00 0.00 0.00 0.00 0.00 0.00 0.00 0.00 0.00
0.00 0.00 0.00 0.00 0.00 0.00 0.00 0.00 0.00 0.00 0.00 0.00 0.00 0.00 0.00 0.00 0.00 0.00 0.00 0.92 0.00 0.00 0.00 0.00 0.00 8.69 8.35 12.14 12.39 13.20 12.77 13.58 14.31 11.68 12.19 9.42 6.20 2.92 3.72 1.10 0.07 0.00 0.00 0.00 0.00 0.00 0.00 0.00 0.00 0.00 0.00 0.00 0.00 0.00 0.00 0.00 0.00 0.00 0.00 0.00 0.00 0.00 0.00 0.00 4.23 5.69 5.48 8.10 8.10 6.94 3.80 4.45 0.00 0.00 0.00 0.00 0.00 0.00 0.00 0.00 0.00 0.00 0.00 0.00
0.00 0.00 0.00 0.00 0.00 0.00 0.00 0.00 0.00 0.00 0.00 0.00 0.00 0.00 0.00 0.00 0.00 0.00 0.00 0.95 0.00 0.00 0.00 0.00 0.00 8.69 8.10 11.28 11.58 13.40 12.90 14.14 16.08 12.36 12.50 9.42 6.20 2.92 3.72 1.10 0.07 0.00 0.00 0.00 0.00 0.00 0.00 0.00 0.00 0.00 0.00 0.00 0.00 0.00 0.00 0.00 0.00 0.00 0.00 0.00 0.00 0.00 0.00 0.00 4.23 5.69 5.48 8.10 8.10 6.94 3.80 4.45 0.00 0.00 0.00 0.00 0.00 0.00 0.00 0.00 0.00 0.00 0.00 0.00
0.00 0.00 0.00 0.80 0.00 0.00 0.00 0.00 0.00 0.00 0.00 0.00 0.00 0.00 0.00 0.00 0.00 0.00 0.00 0.00 0.00 0.00 0.00 0.00 0.00 0.00 0.00 0.00 6.06 8.22 11.50 11.12 14.52 16.56 14.22 14.45 11.58 6.06 7.37 4.16 1.83 2.41 0.66 0.66 0.29 0.00 0.00 0.00 0.00 0.00 0.00 0.00 0.00 0.00 0.00 0.15 0.00 0.00 0.00 0.00 0.00 0.00 0.00 0.00 2.77 7.59 7.88 7.96 7.96 7.59 3.29 0.00 1.10 0.00 0.00 0.00 0.00 0.00 0.00 0.00 0.00 0.00 0.00 0.00
0.00 3.87 0.00 3.80 2.48 0.00 0.00 2.04 0.00 0.00 0.15 0.00 0.00 0.00 0.00 0.00 0.00 0.00 0.00 1.03 0.29 0.00 0.00 0.00 0.00 0.00 0.00 0.00 0.00 0.00 0.00 1.53 5.91 12.02 10.93 14.76 15.56 13.06 12.19 7.81 4.02 0.80 1.39 1.39 0.07 0.00 0.00 0.00 0.00 0.00 0.00 0.00 0.00 0.00 0.00 0.00 0.00 0.00 0.00 0.00 0.00 0.00 0.00 2.26 0.00 5.91 5.91 5.77 5.77 5.48 4.31 0.73 0.00 0.00 0.00 0.00 0.00 0.00 0.00 0.00 0.00 0.00 0.00 0.00
0.07 1.24 4.67 5.11 2.34 2.56 4.74 4.45 3.21 4.16 3.80 4.45 0.80 1.31 3.94 3.50 3.07 2.56 2.56 2.41 2.34 1.97 0.66 0.00 0.00 0.00 0.00 0.00 0.00 0.00 0.00 0.00 1.97 7.01 11.99 11.06 15.80 16.57 13.72 14.38 11.83 13.58 6.28 6.28 0.15 0.00 0.00 0.00 0.00 0.00 0.00 0.00 0.00 0.00 0.00 0.00 0.00 0.00 0.00 0.00 0.00 0.00 0.00 0.00 0.00 0.00 0.15 0.00 0.00 0.07 0.00 0.00 0.00 0.00 0.00 0.00 0.00 1.83 1.17 3.80 0.00 0.00 0.00 0.00
0.00 0.00 0.00 0.00 0.00 0.00 4.31 4.16 3.21 6.28 3.36 0.00 0.66 1.97 5.04 5.62 6.13 4.89 4.89 3.58 1.97 2.12 1.31 0.00 0.00 0.00 0.00 0.00 0.00 0.00 0.00 0.00 0.00 1.24 5.99 12.56 9.41 14.37 13.18 17.77 15.18 10.15 11.61 11.61 4.67 5.11 0.95 0.00 0.00 0.00 0.00 0.00 0.00 0.00 0.00 0.00 0.00 0.00 0.00 0.00 0.00 0.00 0.00 0.00 0.00 0.00 0.00 0.00 0.00 0.00 0.00 0.00 0.00 0.00 0.00 0.00 0.00 2.48 5.33 5.48 3.58 2.92 0.00 0.00
0.00 0.00 0.00 0.00 0.00 0.00 0.22 0.00 0.00 0.00 0.29 0.00 2.19 0.88 5.84 3.72 1.10 1.46 1.46 0.00 0.73 0.00 0.00 0.00 0.00 0.00 0.00 0.00 0.00 0.00 0.00 0.00 0.00 0.00 0.66 0.22 4.53 8.61 15.34 14.15 16.21 14.75 11.24 11.24 7.66 3.72 5.26 4.23 2.70 0.00 0.00 0.00 0.00 0.00 0.00 0.00 0.00 0.00 0.00 0.00 0.00 0.00 0.00 0.00 0.00 0.00 0.00 0.00 0.00 0.00 0.00 0.00 0.00 0.00 0.00 0.00 0.00 0.00 2.26 1.53 2.56 2.48 0.00 0.00
0.00 0.00 0.00 0.00 0.00 0.00 0.00 0.00 0.00 0.00 0.00 0.00 2.19 3.14 0.00 2.04 0.00 0.00 0.00 0.00 0.00 0.00 0.00 0.00 0.00 0.00 0.00 0.00 0.00 0.00 0.00 0.00 0.00 0.00 0.00 0.95 0.73 1.62 3.07 2.34 5.24 8.25 7.08 7.08 9.64 7.45 6.72 6.35 5.69 3.43 0.66 1.75 0.00 0.00 0.00 0.00 0.00 0.00 0.00 0.00 0.00 0.00 0.00 0.00 0.00 0.00 0.00 0.00 0.00 0.00 0.00 0.00 0.00 0.00 0.00 0.00 0.00 0.00 0.00 0.00 0.66 2.04 1.97 0.00
0.00 0.00 0.00 0.00 0.00 0.00 0.00 0.00 0.00 0.00 0.00 0.00 2.19 3.14 0.00 2.04 0.00 0.00 0.00 0.00 0.00 0.00 0.00 0.00 0.00 0.00 0.00 0.00 0.00 0.00 0.00 0.00 0.00 0.00 0.00 0.95 0.73 1.61 3.10 2.34 5.18 8.25 7.08 7.08 9.64 7.45 6.72 6.35 5.69 3.43 0.66 1.75 0.00 0.00 0.00 0.00 0.00 0.00 0.00 0.00 0.00 0.00 0.00 0.00 0.00 0.00 0.00 0.00 0.00 0.00 0.00 0.00 0.00 0.00 0.00 0.00 0.00 0.00 0.00 0.00 0.66 2.04 1.97 0.00
0.00 4.16 0.00 0.00 0.00 0.00 1.68 1.48 1.48 0.00 1.17 2.04 1.39 1.68 0.00 0.00 0.00 0.00 0.00 0.00 0.00 0.00 0.00 0.00 0.00 0.00 0.00 0.00 0.00 0.00 0.00 0.00 0.00 0.00 0.00 0.00 0.00 0.00 0.00 0.00 1.17 2.63 0.22 0.22 3.58 4.16 3.80 4.60 6.79 6.50 3.65 4.23 0.95 0.00 0.00 0.00 0.00 0.00 0.00 0.00 0.00 0.00 0.00 0.00 0.00 0.00 0.00 0.00 0.00 0.00 0.00 0.00 0.00 0.00 0.00 0.00 0.00 0.00 0.00 0.00 0.00 0.00 0.00 0.00
