Wansh/Snow_depth/snowdepth-1994/spring/1994061.txt
ncols 321
nrows 161
xllcenter 60
yllcenter 15 
cellsize  0.25 
NODATA_value -1
[rows 0 to 36 of 161, columns 84 to 167 of 321]
21.90 21.83 21.10 21.02 21.24 18.40 19.13 14.53 13.87 13.65 15.99 17.52 18.47 17.52 15.33 15.99 19.05 19.13 19.13 17.74 17.67 16.50 13.51 10.51 12.19 7.45 4.89 3.29 4.16 4.02 5.26 7.08 6.50 7.52 8.69 6.94 8.03 7.59 8.98 10.07 9.49 11.46 9.34 9.34 9.93 5.99 6.42 3.65 4.89 4.23 7.96 11.24 11.02 10.80 7.23 9.20 8.54 9.78 8.76 8.83 7.88 6.13 5.18 3.50 3.80 5.62 5.33 7.15 7.15 10.29 8.32 8.91 8.91 14.09 12.70 13.29 13.07 16.21 15.70 15.99 14.16 14.89 13.51 14.24
22.19 21.53 21.83 20.08 17.23 17.37 14.67 15.26 15.04 16.06 15.33 17.52 15.77 16.13 13.07 11.68 11.83 16.79 16.79 17.23 17.45 17.08 16.43 13.72 8.98 9.78 5.48 3.36 3.65 3.29 3.36 5.99 6.94 7.08 4.38 3.43 3.72 5.11 7.96 7.30 11.10 15.11 15.11 15.11 17.16 14.38 14.38 8.54 4.82 5.62 4.53 6.42 6.13 6.06 6.13 6.94 7.88 9.20 8.25 8.47 6.94 9.13 7.81 8.10 7.59 9.56 8.69 12.70 12.70 14.16 13.29 14.16 14.09 15.48 15.33 17.59 17.74 17.45 17.08 15.62 16.35 15.84 15.77 15.77
22.12 18.40 17.23 17.67 14.97 15.84 15.26 17.37 19.35 18.98 18.47 16.13 16.57 14.16 14.24 11.10 10.88 10.80 10.80 10.66 15.18 15.18 16.13 15.84 15.77 12.05 7.74 4.38 3.43 3.43 3.58 4.02 4.02 5.99 8.03 5.69 6.13 5.77 8.61 11.32 11.17 12.99 17.52 17.52 16.57 18.03 13.94 15.33 7.88 8.32 5.33 5.84 4.31 4.23 4.53 6.86 6.50 8.76 11.46 10.88 9.42 12.05 11.53 12.12 11.02 12.48 14.97 16.94 16.94 18.32 18.69 17.67 15.55 15.40 17.59 20.00 19.35 19.93 18.54 17.30 16.64 16.79 16.79 16.57
22.12 18.40 17.23 17.67 14.97 15.84 15.26 17.37 19.35 18.98 18.47 16.13 16.57 14.16 14.24 11.10 10.88 10.80 10.80 10.66 15.18 15.18 16.13 15.84 15.77 12.05 7.74 4.38 3.43 3.43 3.58 4.02 4.02 5.99 8.03 5.69 6.13 5.77 8.61 11.32 11.17 12.99 17.52 17.52 16.57 18.03 13.94 15.33 7.88 8.32 5.33 5.84 4.31 4.23 4.53 6.86 6.50 8.76 11.46 10.88 9.42 12.05 11.53 12.12 11.02 12.48 14.97 16.94 16.94 18.32 18.69 17.67 15.55 15.40 17.59 20.00 19.35 19.93 18.54 17.30 16.64 16.79 16.79 16.57
17.23 17.67 14.82 14.97 15.11 14.97 14.82 14.97 18.18 17.23 17.30 15.48 14.97 15.18 14.16 14.82 15.26 10.00 10.00 10.22 9.42 10.59 13.14 16.06 14.16 14.82 8.83 10.80 5.40 4.31 3.14 3.65 5.40 5.04 8.40 10.29 10.59 9.27 10.15 10.00 10.44 10.59 10.80 10.80 15.04 19.05 18.03 20.00 13.51 15.48 9.78 6.13 4.82 4.53 4.53 4.89 4.53 6.79 8.47 11.10 11.61 14.31 13.94 13.21 11.75 12.78 17.52 17.67 17.67 19.05 18.40 18.61 17.16 16.57 16.72 17.89 18.25 18.10 17.96 16.43 16.06 17.08 17.96 17.96
19.49 17.37 17.96 17.74 15.11 15.62 15.11 12.92 12.34 13.87 14.09 14.02 14.31 16.21 16.13 17.08 16.13 16.57 16.57 14.67 11.17 10.00 9.71 9.64 11.32 10.66 12.63 5.84 4.53 4.45 4.09 4.89 4.67 6.35 9.20 10.51 9.71 8.25 9.20 10.00 9.78 10.44 9.49 9.49 11.10 14.02 15.04 18.98 18.54 14.67 7.23 4.67 4.60 4.53 4.02 5.11 4.96 5.77 8.40 10.29 12.56 11.61 17.67 16.13 14.31 14.60 16.43 16.72 16.72 16.79 16.64 18.10 17.37 17.37 16.06 16.94 14.53 13.51 14.75 14.38 16.86 16.06 18.83 19.49
19.42 18.76 17.67 17.52 16.50 16.64 16.64 14.60 13.14 13.36 13.07 12.70 13.07 13.21 14.45 16.50 15.91 15.48 15.48 16.28 17.08 16.06 10.80 10.44 9.71 10.44 5.91 4.96 4.96 5.11 4.60 5.18 6.13 5.91 8.69 10.80 10.66 9.64 8.25 8.69 9.05 9.64 9.34 9.34 11.02 14.24 13.43 17.08 16.43 9.64 5.84 6.42 3.80 3.58 3.50 4.31 6.28 8.91 8.98 11.17 12.78 12.85 18.10 18.18 16.79 17.52 17.59 16.35 16.35 16.64 16.94 16.57 18.18 17.52 17.89 15.62 14.45 14.67 13.29 13.80 14.16 15.33 17.01 16.86
19.42 18.76 17.67 17.52 16.50 16.64 16.64 14.60 13.14 13.36 13.07 12.70 13.07 13.21 14.45 16.50 15.91 15.48 15.48 16.28 17.08 16.06 10.80 10.44 9.71 10.44 5.91 4.96 4.96 5.11 4.60 5.18 6.13 5.91 8.69 10.80 10.66 9.64 8.25 8.69 9.05 9.64 9.34 9.34 11.02 14.24 13.43 17.08 16.43 9.64 5.84 6.42 3.80 3.58 3.50 4.31 6.28 8.91 8.98 11.17 12.78 12.85 18.10 18.18 16.79 17.52 17.59 16.35 16.35 16.64 16.94 16.57 18.18 17.52 17.89 15.62 14.45 14.67 13.29 13.80 14.16 15.33 17.01 16.86
17.37 17.67 16.06 16.35 16.35 16.43 15.26 15.40 14.31 13.14 13.36 10.59 10.95 11.17 12.56 15.77 14.97 17.67 17.67 18.25 18.18 17.89 14.53 15.40 8.10 6.06 6.42 5.33 5.84 5.77 5.33 5.69 5.62 7.52 11.17 10.95 12.48 10.29 10.07 8.83 6.86 7.59 7.59 7.59 8.32 7.59 8.98 8.76 8.76 8.91 7.74 8.98 8.03 5.91 5.99 5.91 9.27 8.32 8.25 10.73 10.59 12.19 12.56 16.86 16.86 17.67 17.45 17.52 17.52 17.08 16.28 17.45 17.23 16.72 15.40 15.77 16.79 19.86 16.64 15.77 14.60 14.89 14.75 16.86
17.45 17.16 17.37 16.35 15.40 15.26 15.18 14.09 14.45 12.85 10.73 11.17 9.71 10.88 9.56 14.45 17.23 17.16 17.16 19.20 18.98 18.40 15.62 8.61 9.56 6.79 6.28 5.69 5.84 5.40 5.84 4.89 6.72 6.28 9.93 11.75 11.53 10.88 8.76 8.83 7.52 6.20 6.64 6.64 6.57 6.06 5.40 6.72 6.42 8.61 8.69 8.03 10.59 12.05 9.64 9.78 13.14 12.63 11.90 11.02 12.92 12.99 13.72 15.04 15.18 16.43 18.25 18.03 18.03 18.40 17.89 17.96 16.79 16.50 14.82 16.64 21.24 20.37 21.68 18.69 19.78 14.45 13.87 13.94
16.86 16.94 15.91 15.84 15.04 14.89 14.97 12.92 13.29 13.43 12.05 10.88 10.95 11.61 15.62 15.04 17.59 20.37 20.37 19.78 21.97 19.05 11.24 10.88 7.08 6.79 6.57 6.28 5.40 5.40 5.77 5.99 6.06 6.94 8.54 8.98 10.80 10.51 8.54 8.83 8.83 8.47 8.61 8.61 8.10 6.72 7.08 7.15 9.56 13.14 13.94 13.21 13.65 11.97 11.90 13.21 12.99 17.01 15.91 14.16 14.82 14.67 16.72 15.33 16.72 16.35 17.89 18.18 18.18 19.20 18.61 17.23 17.59 15.04 14.53 14.45 20.37 24.82 25.11 20.15 16.21 16.86 15.18 13.43
16.86 16.94 15.91 15.84 15.04 14.89 14.97 12.92 13.29 13.43 12.05 10.88 10.95 11.61 15.62 15.04 17.59 20.37 20.37 19.78 21.97 19.05 11.24 10.88 7.08 6.79 6.57 6.28 5.40 5.40 5.77 5.99 6.06 6.94 8.54 8.98 10.80 10.51 8.54 8.83 8.83 8.47 8.61 8.61 8.10 6.72 7.08 7.15 9.56 13.14 13.94 13.21 13.65 11.97 11.90 13.21 12.99 17.01 15.91 14.16 14.82 14.67 16.72 15.33 16.72 16.35 17.89 18.18 18.18 19.20 18.61 17.23 17.59 15.04 14.53 14.45 20.37 24.82 25.11 20.15 16.21 16.86 15.18 13.43
14.09 13.65 15.62 14.89 14.97 13.94 12.48 12.92 12.70 11.68 13.43 13.29 16.94 17.52 17.08 19.49 23.07 20.88 20.88 23.65 19.13 20.59 11.53 9.78 9.42 8.83 7.15 6.64 6.28 7.37 7.30 7.74 8.69 8.40 9.34 12.05 11.61 12.70 10.07 9.93 10.29 8.83 12.92 12.92 12.99 8.40 12.85 13.94 13.80 13.43 14.38 15.84 15.91 12.63 13.65 13.87 13.14 15.62 18.03 17.67 15.40 16.50 16.28 16.13 17.08 17.52 17.67 17.30 17.30 18.61 18.25 17.59 15.84 16.35 14.53 18.32 16.94 21.68 20.08 18.25 18.47 17.23 15.70 15.84
13.94 14.53 14.16 14.09 12.92 12.99 13.58 13.36 14.89 14.24 15.18 17.81 17.23 20.29 21.75 21.68 22.85 22.78 22.78 22.48 18.54 13.94 14.82 11.02 9.71 10.07 7.96 8.76 8.40 12.05 14.89 16.64 16.72 16.94 16.72 12.78 15.33 14.16 13.14 13.58 14.45 14.97 15.04 15.04 14.89 15.77 19.64 19.93 19.86 17.45 14.82 16.21 14.45 14.09 14.38 17.89 18.32 17.89 15.26 15.70 12.05 15.40 15.33 15.77 14.82 15.18 16.64 16.72 16.72 17.45 18.76 16.94 17.52 13.94 14.45 15.48 17.81 15.18 16.06 16.50 17.59 17.67 15.77 15.48
14.82 12.63 12.41 12.41 13.07 12.41 12.41 12.48 15.48 15.84 15.91 18.10 18.54 18.10 19.78 19.86 22.70 21.24 21.24 18.98 19.64 15.33 14.09 12.05 10.80 9.34 9.78 9.05 12.34 15.48 15.04 18.03 17.52 17.96 16.86 15.48 14.02 14.24 15.26 16.57 16.28 17.96 19.71 19.71 17.81 16.35 17.74 18.69 16.94 18.03 18.40 18.83 17.16 17.01 18.32 21.24 25.11 13.58 17.16 18.69 11.10 9.56 9.27 12.05 12.85 14.16 13.07 16.35 16.35 17.08 17.67 16.94 14.02 15.18 13.87 17.16 16.72 8.76 0.00 14.24 10.29 19.86 16.94 16.28
13.94 14.45 12.78 13.87 13.36 12.19 10.00 7.23 12.26 12.63 13.07 11.83 12.48 17.08 16.86 18.10 19.13 18.83 18.83 18.98 15.55 15.91 14.45 13.43 13.14 12.78 13.21 11.75 11.97 12.63 15.33 16.79 18.83 15.55 12.78 15.18 11.90 14.97 18.10 17.45 19.71 18.54 16.50 16.50 17.30 14.97 11.24 13.21 15.33 14.82 16.35 16.06 16.13 14.67 20.00 24.89 19.56 22.92 16.57 10.88 11.90 10.00 12.26 11.97 10.80 12.78 16.43 15.91 15.91 17.59 16.64 17.37 13.87 14.02 13.43 17.74 11.46 14.67 3.36 10.59 19.35 18.83 15.70 18.32
13.94 14.45 12.78 13.87 13.36 12.19 10.00 7.23 12.26 12.63 13.07 11.83 12.48 17.08 16.86 18.10 19.13 18.83 18.83 18.98 15.55 15.91 14.45 13.43 13.14 12.78 13.21 11.75 11.97 12.63 15.33 16.79 18.83 15.55 12.78 15.18 11.90 14.97 18.10 17.45 19.71 18.54 16.50 16.50 17.30 14.97 11.24 13.21 15.33 14.82 16.35 16.06 16.13 14.67 20.00 24.89 19.56 22.92 16.57 10.88 11.90 10.00 12.26 11.97 10.80 12.78 16.43 15.91 15.91 17.59 16.64 17.37 13.87 14.02 13.43 17.74 11.46 14.67 3.36 10.59 19.35 18.83 15.70 18.32
14.16 14.60 14.31 14.67 15.55 15.04 10.73 6.13 5.62 7.81 8.83 10.95 10.73 13.80 17.30 17.16 18.32 18.83 18.83 15.26 15.55 13.94 11.32 12.34 12.85 13.72 14.02 11.97 12.41 14.16 13.72 16.57 17.16 16.94 14.60 9.71 12.12 11.24 15.18 16.57 10.59 11.53 11.46 11.46 10.80 10.59 12.63 12.05 12.26 12.56 13.80 13.14 13.87 13.51 14.16 13.29 18.40 14.75 15.62 13.07 15.55 14.45 14.24 13.80 15.11 14.67 15.99 17.45 17.45 17.08 17.96 14.97 15.77 14.75 16.72 13.07 15.18 7.96 7.74 5.91 15.04 12.19 12.78 13.72
13.21 13.72 14.82 16.35 16.06 16.72 8.61 9.27 6.64 8.40 7.59 10.95 13.36 12.78 14.82 14.45 17.89 18.32 18.32 15.55 14.97 15.18 12.12 10.88 13.07 12.56 13.29 13.72 13.21 13.07 15.26 14.60 16.94 16.21 12.05 12.56 8.69 4.67 4.16 5.26 5.84 9.64 10.95 10.95 14.16 16.35 14.16 13.65 13.14 16.50 14.24 14.24 13.80 12.78 12.05 12.05 11.68 12.85 13.87 16.13 15.55 18.40 15.99 16.50 16.06 18.32 18.18 20.88 20.88 21.61 20.15 17.23 14.38 15.33 15.18 12.85 10.51 10.66 9.49 11.75 12.26 11.97 12.48 13.65
14.97 13.94 14.97 17.16 17.89 17.59 16.50 9.86 10.51 10.22 13.07 12.70 11.75 12.85 11.83 12.34 11.61 14.09 14.09 15.62 15.84 12.99 13.87 11.02 12.19 14.09 14.02 13.58 10.95 7.23 8.18 9.20 11.46 12.41 12.19 8.18 3.80 4.67 2.63 2.48 2.12 5.26 5.62 5.62 12.12 17.81 18.61 17.89 17.81 17.74 14.75 15.62 12.99 13.07 11.39 11.68 12.05 11.97 12.56 15.84 17.37 17.37 16.13 16.57 17.30 18.03 20.73 21.17 21.17 21.75 12.63 7.66 8.03 8.47 9.20 12.92 10.44 11.24 8.91 10.00 10.88 12.48 12.34 13.07
15.70 16.13 15.70 17.01 17.08 17.52 17.59 16.57 18.10 13.51 15.26 16.43 17.67 12.78 11.53 10.44 10.37 12.63 12.63 14.45 15.11 15.33 14.53 15.18 12.85 14.82 14.89 15.62 12.34 7.37 5.40 4.89 8.10 9.49 5.55 7.88 4.74 0.00 0.00 2.48 1.83 3.58 3.21 3.21 7.52 16.35 14.89 14.67 15.33 16.35 16.57 14.75 14.09 13.72 11.90 12.05 12.78 12.63 12.48 12.48 14.97 14.75 14.82 15.77 16.64 17.16 18.47 19.42 19.42 11.61 13.72 5.99 6.50 5.84 6.64 5.04 5.99 5.40 6.57 6.79 8.32 8.40 10.80 12.05
15.40 16.06 17.08 17.08 15.77 15.11 16.79 16.43 19.64 21.32 19.35 20.88 21.53 21.10 21.32 19.35 13.87 13.51 13.51 14.97 15.62 15.99 16.06 16.86 18.91 19.78 19.93 18.54 14.67 10.00 11.24 6.13 5.04 4.02 4.96 1.97 0.00 0.22 0.00 0.00 2.92 2.92 3.21 3.21 2.48 3.07 5.04 7.15 3.80 9.86 10.73 8.61 9.34 13.07 12.26 13.58 13.65 14.16 10.73 9.64 9.13 11.17 14.60 14.24 15.77 16.94 14.82 15.55 15.55 13.72 13.29 8.03 4.96 5.40 4.74 4.96 4.67 5.77 5.69 5.62 6.64 8.32 6.72 9.49
15.40 16.06 17.08 17.08 15.77 15.11 16.79 16.43 19.64 21.32 19.35 20.88 21.53 21.10 21.32 19.35 13.87 13.51 13.51 14.97 15.62 15.99 16.06 16.86 18.91 19.78 19.93 18.54 14.67 10.00 11.24 6.13 5.04 4.02 4.96 1.97 0.00 0.22 0.00 0.00 2.92 2.92 3.21 3.21 2.48 3.07 5.04 7.15 3.80 9.86 10.73 8.61 9.34 13.07 12.26 13.58 13.65 14.16 10.73 9.64 9.13 11.17 14.60 14.24 15.77 16.94 14.82 15.55 15.55 13.72 13.29 8.03 4.96 5.40 4.74 4.96 4.67 5.77 5.69 5.62 6.64 8.32 6.72 9.49
15.99 16.06 15.11 14.45 14.53 14.97 16.43 19.86 19.35 21.68 22.63 23.21 23.21 22.27 21.02 21.53 19.42 18.25 18.25 16.86 15.55 17.23 17.23 17.45 17.67 19.20 18.10 18.54 15.99 11.90 7.08 7.88 4.82 3.50 2.12 2.48 1.17 0.00 0.00 0.88 0.00 2.77 0.07 0.07 0.00 0.00 0.00 1.24 5.33 3.94 7.08 5.33 6.64 5.55 10.73 11.32 9.13 6.94 9.49 8.61 10.66 10.37 11.46 14.89 17.52 17.67 14.97 13.72 13.72 13.51 15.62 14.67 10.88 11.39 7.96 4.60 3.94 3.87 4.09 4.16 5.40 5.11 5.48 6.06
15.18 15.33 14.82 17.89 15.84 17.81 17.59 21.32 22.41 22.41 22.12 20.44 18.47 21.02 20.95 19.35 18.83 19.13 19.13 18.54 20.29 19.71 21.61 20.56 18.64 19.52 16.89 15.99 15.99 14.53 8.61 9.42 5.40 1.53 2.26 0.00 0.00 0.00 0.00 0.00 0.37 0.22 0.00 0.00 0.00 0.00 0.00 0.00 0.58 0.00 3.94 3.65 3.87 3.43 4.53 7.45 7.08 5.62 4.89 7.52 9.78 10.44 13.14 11.75 12.92 12.41 15.18 13.21 13.21 15.33 15.62 15.84 12.78 9.64 5.40 6.13 4.45 4.09 3.87 3.80 4.53 4.38 4.60 4.45
19.05 18.10 20.00 20.08 19.27 19.13 20.88 20.08 18.47 19.56 18.18 18.18 16.21 10.88 12.05 15.70 19.56 20.08 20.08 20.22 21.10 22.12 21.61 23.41 24.71 19.67 18.74 18.44 18.25 16.72 11.75 12.78 9.42 3.94 0.37 2.77 0.37 0.88 0.80 1.02 0.22 0.00 0.00 0.00 0.00 0.00 0.00 0.00 0.00 0.00 0.00 0.00 0.00 0.00 1.68 0.00 3.43 3.50 3.07 3.72 6.57 8.47 10.07 10.59 10.73 10.51 14.38 17.16 17.16 16.79 16.79 13.51 13.87 11.61 8.10 6.86 6.94 6.20 5.40 5.11 2.70 3.14 3.07 4.09
19.20 19.35 19.71 18.03 16.64 16.79 18.10 16.35 16.94 13.29 12.78 11.10 11.39 7.66 7.37 12.48 10.88 16.50 16.50 16.43 19.86 20.38 22.20 22.80 22.92 22.09 20.32 19.10 19.64 19.89 15.91 18.54 17.52 11.61 13.21 6.57 2.41 0.51 1.31 0.66 0.80 0.00 0.00 0.00 0.00 0.00 0.00 0.00 0.00 0.00 0.00 0.00 0.00 0.00 0.00 0.00 0.00 0.00 0.00 2.12 5.69 9.13 8.61 9.93 10.80 10.44 14.67 19.49 19.49 18.98 20.08 17.59 12.70 10.95 10.88 10.66 8.47 6.28 6.20 6.20 3.65 3.21 4.74 4.38
19.05 17.23 17.52 16.72 16.43 16.72 16.35 16.86 13.29 10.95 11.39 9.20 2.92 3.43 3.58 11.32 16.57 15.99 15.99 18.73 11.21 9.19 16.03 9.49 13.19 15.18 20.47 21.98 23.83 23.96 21.57 20.73 19.49 16.72 11.46 15.77 9.20 11.24 3.50 0.88 0.29 0.07 0.00 0.00 0.00 0.00 0.00 0.00 0.00 0.00 0.00 0.00 0.00 0.00 0.00 0.00 0.00 0.00 0.00 0.00 3.21 8.32 10.88 9.86 16.79 17.08 15.84 20.44 20.44 20.00 16.64 12.70 13.80 9.42 10.07 8.54 8.83 7.37 6.86 7.15 4.02 3.72 3.43 3.14
19.05 17.23 17.52 16.72 16.43 16.72 16.35 16.86 13.29 10.95 11.39 9.20 2.92 3.43 3.58 11.32 16.57 15.99 16.07 19.34 11.38 9.84 15.63 9.73 12.99 15.18 19.86 20.43 22.27 24.33 21.79 21.60 21.90 17.69 11.75 15.77 9.20 11.24 3.50 0.88 0.29 0.07 0.00 0.00 0.00 0.00 0.00 0.00 0.00 0.00 0.00 0.00 0.00 0.00 0.00 0.00 0.00 0.00 0.00 0.00 3.21 8.32 10.88 9.86 16.79 17.08 15.84 20.44 20.44 20.00 16.64 12.70 13.80 9.42 10.07 8.54 8.83 7.37 6.86 7.15 4.02 3.72 3.43 3.14
18.91 16.79 16.64 16.94 15.70 16.43 17.08 17.01 16.72 15.04 14.31 15.70 13.14 13.14 14.97 13.36 20.15 20.29 20.29 12.41 14.45 7.01 6.53 7.93 7.34 9.51 11.43 19.08 17.67 23.84 24.55 21.79 26.82 25.78 23.10 21.11 14.38 6.28 9.13 4.23 2.77 0.00 0.00 0.00 0.00 0.00 0.00 0.00 0.00 0.00 0.00 0.00 0.00 0.00 0.00 0.00 0.00 0.00 0.00 0.00 1.83 3.72 8.40 16.64 20.51 20.08 19.78 18.40 18.40 15.55 15.18 10.80 8.54 8.76 7.88 8.47 9.05 9.64 8.61 9.34 5.18 3.14 2.56 2.77
11.75 15.18 15.84 14.97 15.33 15.40 15.48 17.16 16.43 18.25 17.96 16.13 16.57 15.40 16.79 18.91 21.68 22.92 22.92 15.26 7.59 9.02 4.23 4.02 4.62 4.37 5.40 12.41 11.69 18.21 24.24 23.36 25.99 26.70 25.61 28.41 22.23 13.94 15.40 10.88 12.78 3.36 0.58 0.58 0.00 0.00 0.00 0.00 0.00 0.00 0.00 0.00 0.00 0.00 0.00 0.00 0.00 0.00 0.00 0.00 0.00 0.00 3.80 13.07 20.08 19.13 19.93 17.37 17.37 15.77 11.24 12.12 8.69 7.81 8.40 10.00 10.15 10.00 9.56 7.08 7.81 4.60 8.32 5.48
11.32 14.67 14.45 14.24 14.02 14.31 14.16 17.08 20.66 20.37 17.81 15.55 14.67 15.18 14.60 16.50 13.07 9.34 9.34 10.00 7.52 6.20 5.77 5.26 5.55 3.50 4.45 9.73 9.19 13.29 19.56 24.67 21.97 27.59 30.89 29.80 29.04 20.51 23.94 17.74 19.78 10.80 0.51 0.51 1.10 0.00 0.00 0.00 0.00 0.00 0.00 0.00 0.00 0.00 0.00 0.00 0.00 0.00 0.00 0.00 0.00 0.00 2.85 5.69 15.99 17.67 15.26 15.33 15.33 15.33 10.29 7.37 5.55 5.84 6.06 10.29 11.46 15.04 10.80 13.72 13.07 10.95 8.47 9.20
9.78 9.34 13.51 13.43 13.14 14.45 19.20 18.10 21.90 23.14 22.48 22.56 16.06 14.53 14.45 14.45 11.75 6.13 6.13 5.77 6.86 6.57 7.74 7.37 5.04 5.84 3.36 8.14 11.10 13.43 12.70 15.04 13.21 22.63 28.40 28.11 33.13 28.90 30.32 25.44 24.31 19.13 8.98 8.98 6.94 0.00 1.46 1.24 1.68 0.15 0.58 0.80 0.00 0.00 0.00 0.00 0.00 0.00 0.00 0.00 0.00 0.00 0.00 3.87 5.91 5.77 6.72 7.45 7.45 4.53 8.69 5.62 2.04 2.41 4.02 8.47 7.23 13.65 14.82 13.94 13.80 13.87 13.29 11.10
10.29 7.30 8.83 11.83 11.90 13.51 18.69 22.12 21.97 22.56 22.19 21.53 15.84 16.94 10.15 5.69 9.49 5.04 5.04 6.72 10.88 13.80 13.58 13.51 10.37 6.42 9.34 6.19 9.71 13.29 13.80 11.68 14.60 12.99 19.49 21.46 26.50 30.66 29.79 27.78 25.24 21.24 13.43 13.43 14.45 7.23 2.26 4.16 4.23 5.04 1.31 1.83 0.80 0.00 0.00 0.00 0.00 0.00 0.00 1.83 2.99 0.00 0.00 0.00 2.41 3.72 4.02 4.09 4.09 2.34 0.00 0.00 0.00 1.02 2.48 5.40 10.44 9.34 14.09 14.82 14.16 12.70 10.88 11.10
7.81 8.54 8.47 7.59 14.38 21.02 19.42 24.31 20.44 16.94 16.64 16.79 13.80 8.61 9.49 4.96 4.38 8.61 8.61 15.33 12.63 20.81 23.21 22.70 20.22 21.24 15.70 11.61 14.16 13.92 16.57 14.60 17.61 11.24 16.43 12.19 14.09 24.41 19.78 20.29 22.56 20.15 19.35 19.35 16.57 17.89 18.47 9.93 9.64 10.88 2.77 2.92 2.26 0.00 0.00 0.00 0.00 0.00 0.00 3.43 2.99 1.90 0.00 0.00 0.00 0.00 2.41 0.00 0.00 0.00 0.00 0.00 0.00 0.58 0.51 1.10 4.96 2.56 5.26 10.95 9.56 12.85 11.83 8.25
7.81 8.54 8.47 7.59 14.38 21.02 19.42 24.31 19.93 16.94 16.64 16.79 13.80 8.61 9.49 4.96 4.38 8.66 8.61 15.33 12.63 20.81 23.21 22.70 20.22 21.24 15.70 11.61 13.94 13.43 15.99 14.53 17.08 11.24 16.51 12.25 14.09 24.28 19.98 20.29 22.34 20.15 19.35 19.35 16.57 17.89 18.47 9.93 9.64 10.88 2.77 2.92 2.26 0.00 0.00 0.00 0.00 0.00 0.00 3.43 2.99 1.90 0.00 0.00 0.00 0.00 2.41 0.00 0.00 0.00 0.00 0.00 0.00 0.58 0.51 1.10 4.96 2.56 5.26 10.95 9.56 12.85 11.83 8.25
10.95 11.02 9.34 11.39 9.56 21.75 25.19 25.86 21.94 17.30 14.53 14.09 12.99 7.88 4.23 4.96 4.82 10.44 10.44 15.33 19.13 23.07 22.19 24.97 24.16 20.15 21.17 18.69 18.83 25.84 24.53 19.05 13.21 14.38 10.44 11.02 10.15 12.34 13.87 17.45 11.90 15.48 20.59 20.59 15.18 20.15 20.66 16.28 15.04 15.40 13.94 4.45 2.34 2.77 0.00 0.00 0.00 0.00 0.00 3.21 4.38 4.23 4.45 2.26 1.10 0.00 0.00 0.00 0.00 0.00 0.00 0.00 0.00 0.00 0.00 0.00 0.00 0.00 2.12 4.89 7.52 9.13 6.79 4.38
