Wansh/Snow_depth/snowdepth-1994/spring/1994060.txt
ncols 321
nrows 161
xllcenter 60
yllcenter 15 
cellsize  0.25 
NODATA_value -1
[rows 0 to 36 of 161, columns 0 to 83 of 321]
16.79 16.79 20.08 18.83 24.24 23.58 23.87 24.09 25.04 24.82 25.70 26.06 25.55 24.16 24.45 25.26 25.19 25.11 24.82 24.24 23.94 24.02 23.51 24.09 23.07 25.11 25.11 25.11 26.65 26.86 26.72 26.35 27.45 27.38 27.23 27.23 27.08 27.23 28.25 28.11 27.52 28.32 28.18 28.11 28.40 24.45 23.87 23.36 18.32 18.32 20.44 20.44 19.05 19.13 18.98 21.10 22.41 20.08 22.12 21.75 23.58 23.73 20.95 21.75 22.78 23.21 19.93 19.71 19.42 12.78 19.64 14.24 17.45 17.08 18.61 21.90 21.90 21.61 22.92 23.00 22.85 24.38 24.75 23.51
21.68 21.68 20.81 21.53 23.36 23.87 23.87 23.94 24.89 24.60 26.35 26.13 26.65 25.11 23.00 23.73 23.51 24.09 23.58 23.43 23.80 23.87 24.60 23.29 23.65 24.38 24.38 25.48 25.84 25.40 26.65 27.59 27.81 25.70 25.62 25.92 27.08 27.74 27.59 26.79 27.16 26.86 22.41 21.83 21.24 20.22 21.24 16.94 18.61 15.70 15.84 15.84 17.30 18.32 17.23 17.01 17.01 18.03 19.56 18.03 19.35 19.27 19.64 18.47 17.52 17.81 16.43 15.91 15.91 12.99 15.99 12.05 17.89 18.54 18.10 21.46 21.46 22.92 22.56 24.38 24.89 24.75 25.26 23.73
22.34 22.34 21.10 22.34 22.12 23.21 22.56 22.85 22.63 23.07 24.09 23.94 24.24 21.68 21.02 21.39 21.53 21.46 20.95 21.83 19.93 21.68 21.53 22.41 21.97 23.14 23.14 24.24 23.73 25.04 25.48 24.24 25.19 24.82 25.70 25.99 26.43 27.30 23.36 22.70 21.02 20.08 19.64 20.00 16.13 15.33 15.91 16.06 16.86 14.60 14.60 14.60 14.45 14.24 15.11 15.84 16.06 15.84 15.84 16.79 17.96 18.76 18.47 18.69 17.45 17.52 17.96 17.30 18.18 15.40 16.64 18.25 17.74 19.71 21.24 20.95 20.95 22.85 24.24 23.94 24.82 24.38 25.19 23.51
22.34 22.34 21.10 22.34 22.12 23.21 22.56 22.85 22.63 23.07 24.09 23.94 24.24 21.68 21.02 21.39 21.53 21.46 20.95 21.83 19.93 21.68 21.53 22.41 21.97 23.14 23.14 24.24 23.73 25.04 25.48 24.24 25.19 24.82 25.70 25.99 26.43 27.30 23.36 22.70 21.02 20.08 19.64 20.00 16.13 15.33 15.91 16.06 16.86 14.60 14.60 14.60 14.45 14.24 15.11 15.84 16.06 15.84 15.84 16.79 17.96 18.76 18.47 18.69 17.45 17.52 17.96 17.30 18.18 15.40 16.64 18.25 17.74 19.71 21.24 20.95 20.95 22.85 24.24 23.94 24.82 24.38 25.19 23.51
22.85 22.85 21.17 21.75 22.19 22.48 22.78 22.34 23.00 22.48 21.90 22.56 20.88 20.08 18.32 18.40 19.27 20.15 20.37 20.15 20.59 21.02 21.24 20.66 21.53 22.56 22.56 22.85 20.59 21.97 21.46 23.36 24.45 24.89 24.02 25.11 22.78 21.68 21.97 21.83 18.25 17.45 16.13 15.04 15.55 15.40 16.06 15.55 15.04 14.67 14.67 14.67 14.67 14.45 13.87 14.67 16.79 16.35 16.64 16.43 17.01 18.25 19.78 19.86 20.22 19.56 19.13 19.42 17.52 17.52 17.96 18.25 19.35 18.98 21.17 22.78 22.78 22.41 24.31 25.04 24.82 24.02 21.68 22.56
21.61 21.61 22.63 22.41 22.56 24.16 23.73 22.78 22.27 22.41 21.90 19.64 18.69 18.91 17.89 18.54 20.37 21.02 21.17 19.71 21.75 20.88 20.66 20.22 20.81 20.37 20.37 20.29 20.44 20.88 23.14 24.82 24.31 25.48 24.31 24.38 21.97 19.05 18.25 17.74 17.89 17.81 16.21 15.62 15.33 15.33 15.48 15.99 13.94 14.31 13.94 13.94 13.29 14.38 15.99 15.40 16.64 14.89 16.21 16.72 17.74 17.52 19.42 20.44 21.02 20.81 19.56 20.59 20.73 19.13 19.71 18.18 19.42 20.81 22.34 21.46 21.46 24.16 24.45 24.09 22.85 23.94 22.19 21.17
21.83 21.83 22.34 22.85 23.00 23.58 23.58 22.12 22.34 22.19 20.15 18.91 18.18 18.25 17.96 19.27 21.02 21.68 19.78 23.36 20.29 20.44 18.91 19.35 19.71 20.66 20.66 21.24 22.12 22.05 23.29 24.09 22.70 22.48 24.24 24.24 23.36 19.13 17.16 16.94 16.79 15.62 16.06 15.62 14.89 15.99 15.84 9.49 9.93 10.73 12.85 12.85 13.21 9.13 10.59 12.26 14.38 14.24 15.55 15.99 17.08 16.50 16.94 19.20 20.00 19.35 19.27 21.02 21.46 19.64 19.49 19.71 19.86 18.98 19.93 21.32 21.32 20.66 22.85 21.10 21.61 20.29 21.17 21.46
21.83 21.83 22.34 22.85 23.00 23.58 23.58 22.12 22.34 22.19 20.15 18.91 18.18 18.25 17.96 19.27 21.02 21.68 19.78 23.36 20.29 20.44 18.91 19.35 19.71 20.66 20.66 21.24 22.12 22.05 23.29 24.09 22.70 22.48 24.24 24.24 23.36 19.13 17.16 16.94 16.79 15.62 16.06 15.62 14.89 15.99 15.84 9.49 9.93 10.73 12.85 12.85 13.21 9.13 10.59 12.26 14.38 14.24 15.55 15.99 17.08 16.50 16.94 19.20 20.00 19.35 19.27 21.02 21.46 19.64 19.49 19.71 19.86 18.98 19.93 21.32 21.32 20.66 22.85 21.10 21.61 20.29 21.17 21.46
20.88 20.88 21.24 21.32 23.14 23.29 23.36 22.78 18.32 17.89 18.69 18.76 18.25 16.79 18.98 20.44 20.73 20.29 21.61 21.97 20.22 20.37 18.91 19.86 19.71 21.17 21.17 20.81 21.24 19.64 21.02 20.59 20.44 19.64 21.61 20.44 21.61 17.45 17.08 16.86 14.75 13.65 14.24 14.38 14.38 15.26 13.94 8.83 8.91 8.98 8.76 8.76 8.91 8.54 10.51 11.68 12.63 14.16 13.58 15.11 13.65 15.40 14.89 17.89 17.08 18.83 19.86 20.51 21.90 21.24 21.46 20.95 19.56 18.98 19.27 20.37 20.37 18.61 19.13 14.60 18.03 17.67 18.03 17.67
20.95 20.95 20.44 18.83 19.05 17.81 18.91 17.16 14.67 14.31 16.28 16.06 17.23 17.45 19.35 19.86 19.05 21.53 18.61 17.96 17.52 18.03 18.83 18.91 19.05 20.08 20.08 19.93 19.13 18.54 18.76 19.35 15.33 15.26 16.13 14.31 15.91 16.06 16.13 15.04 14.24 14.38 15.18 15.48 15.48 14.60 14.75 10.88 8.91 9.27 9.49 9.49 8.25 8.69 9.78 9.42 11.75 11.97 13.36 13.80 13.72 14.67 13.94 15.77 15.70 14.89 17.96 17.23 20.88 19.93 21.17 21.17 20.51 19.13 18.25 17.96 17.96 17.89 15.91 16.21 16.79 17.08 17.23 17.01
19.05 19.05 18.40 18.69 17.23 16.79 14.53 13.72 14.16 13.29 13.94 14.60 16.57 16.79 19.20 17.74 19.20 18.54 18.98 18.40 17.45 19.49 19.05 20.51 20.15 19.56 19.56 19.93 19.05 15.70 14.97 14.16 13.80 14.24 15.04 14.38 14.31 13.21 13.65 13.80 14.38 15.18 14.89 16.28 17.59 18.54 16.94 12.99 10.80 10.44 10.95 10.95 8.69 7.96 8.69 9.27 11.10 10.59 12.78 12.19 12.78 12.85 13.21 10.66 12.99 12.26 15.70 15.77 18.32 18.18 18.32 19.64 18.91 18.98 17.81 15.84 15.84 15.91 18.18 17.74 17.81 17.96 17.74 17.59
19.05 19.05 18.40 18.69 17.23 16.79 14.53 13.72 14.16 13.29 13.94 14.60 16.57 16.79 19.20 17.74 19.20 18.54 18.98 18.40 17.45 19.49 19.05 20.51 20.15 19.56 19.56 19.93 19.05 15.70 14.97 14.16 13.80 14.24 15.04 14.38 14.31 13.21 13.65 13.80 14.38 15.18 14.89 16.28 17.59 18.54 16.94 12.99 10.80 10.44 10.95 10.95 8.69 7.96 8.69 9.27 11.10 10.59 12.78 12.19 12.78 12.85 13.21 10.66 12.99 12.26 15.70 15.77 18.32 18.18 18.32 19.64 18.91 18.98 17.81 15.84 15.84 15.91 18.18 17.74 17.81 17.96 17.74 17.59
16.28 16.28 15.55 15.99 15.04 14.24 13.29 12.63 12.70 12.99 13.51 14.89 15.55 15.99 18.03 18.47 18.40 19.35 19.49 18.91 18.61 19.86 20.00 20.22 19.13 17.08 17.08 14.02 14.09 14.24 14.09 11.68 12.19 12.19 11.53 11.68 12.26 12.19 12.92 13.07 13.72 15.04 17.59 17.23 16.28 17.59 15.48 14.02 12.26 10.80 11.24 11.24 9.49 9.93 8.69 7.88 5.91 8.18 9.93 10.51 10.66 10.29 9.56 10.22 11.02 11.46 10.22 13.94 13.07 16.94 16.72 16.50 19.35 17.01 17.37 14.53 14.53 14.82 13.94 16.79 17.81 17.74 14.45 14.67
15.55 15.55 14.60 12.56 12.63 13.29 13.51 12.34 9.64 12.26 14.24 14.97 15.70 17.89 18.03 19.42 19.78 19.86 19.35 18.98 18.54 19.49 19.27 17.01 14.97 15.40 15.40 13.65 12.70 11.61 11.10 11.17 11.83 11.39 12.12 12.41 13.07 12.99 11.39 11.97 12.34 13.80 12.41 14.45 14.97 15.55 14.82 15.04 12.56 10.88 10.73 10.73 9.86 7.74 6.13 6.50 5.26 5.69 7.23 6.79 6.13 8.47 6.06 6.94 6.64 8.69 9.20 12.34 12.12 11.90 15.18 15.18 14.67 16.94 16.43 16.43 16.43 14.38 16.43 16.50 14.38 13.72 14.60 12.92
11.75 11.75 11.39 11.68 11.75 10.66 10.66 9.64 9.93 11.61 12.05 14.53 14.31 16.72 16.86 18.83 19.71 19.64 18.98 18.18 17.67 16.64 16.06 15.04 14.16 13.72 13.72 13.14 13.36 11.90 10.95 12.63 12.34 11.17 11.61 12.85 12.56 12.26 11.02 10.80 11.32 11.39 11.61 12.41 11.61 12.70 10.95 10.37 10.51 10.37 10.59 10.59 9.27 8.76 7.01 5.33 5.55 4.45 3.29 4.96 4.96 5.69 5.69 6.13 6.86 6.57 8.18 8.18 10.80 10.66 11.24 13.80 13.80 13.51 16.94 18.83 18.83 18.32 16.86 14.89 15.70 14.89 13.43 13.36
11.02 11.02 11.39 10.37 10.51 10.15 10.80 9.64 9.78 13.58 13.58 13.58 13.72 15.40 15.04 16.64 16.72 17.89 17.52 17.30 17.59 16.79 16.13 14.31 13.87 13.72 13.72 13.51 14.38 14.02 13.87 13.14 12.56 12.41 12.05 11.97 12.05 9.78 9.20 10.07 10.22 10.73 11.53 11.46 11.10 10.15 10.73 10.29 8.91 8.83 8.54 8.54 8.47 8.98 8.18 5.55 3.80 2.56 2.77 3.21 4.16 5.40 6.28 6.06 7.15 6.50 7.88 7.52 9.34 10.22 10.07 10.51 13.29 15.91 15.33 18.03 18.03 17.52 17.37 16.35 15.11 15.33 15.26 14.02
11.02 11.02 11.39 10.37 10.51 10.15 10.80 9.64 9.78 13.58 13.58 13.58 13.72 15.40 15.04 16.64 16.72 17.89 17.52 17.30 17.59 16.79 16.13 14.31 13.87 13.72 13.72 13.51 14.38 14.02 13.87 13.14 12.56 12.41 12.05 11.97 12.05 9.78 9.20 10.07 10.22 10.73 11.53 11.46 11.10 10.15 10.73 10.29 8.91 8.83 8.54 8.54 8.47 8.98 8.18 5.55 3.80 2.56 2.77 3.21 4.16 5.40 6.28 6.06 7.15 6.50 7.88 7.52 9.34 10.22 10.07 10.51 13.29 15.91 15.33 18.03 18.03 17.52 17.37 16.35 15.11 15.33 15.26 14.02
10.73 10.73 10.00 10.07 10.44 11.39 11.10 14.16 13.87 13.87 14.45 13.94 12.85 13.21 13.14 15.77 14.89 17.16 17.16 14.75 17.23 12.92 12.99 12.85 13.36 13.80 13.80 13.94 14.24 14.24 14.31 13.14 13.87 12.85 12.63 11.02 9.93 9.27 9.27 9.64 9.34 10.73 10.80 11.02 10.73 10.15 10.00 9.42 8.61 7.66 7.30 7.30 8.32 6.79 7.37 5.91 3.14 4.74 3.87 4.02 4.09 5.48 6.42 7.59 7.52 6.57 7.01 8.76 8.54 9.05 9.56 8.98 12.19 15.18 15.48 15.84 15.84 16.28 14.02 14.38 13.51 14.16 13.65 14.09
12.70 12.70 10.29 10.22 10.95 12.63 13.58 13.80 15.70 15.04 14.97 12.70 13.58 12.78 12.85 10.22 10.66 10.95 10.59 9.34 10.66 12.05 11.24 13.87 13.87 14.02 14.02 14.24 13.36 12.70 12.63 12.41 12.48 12.70 12.34 10.66 7.23 8.18 8.98 10.29 10.15 10.22 11.68 11.97 11.39 10.44 11.24 9.93 8.91 8.18 7.59 7.59 7.66 5.84 5.26 4.60 4.60 5.33 5.55 4.45 5.26 4.96 5.99 7.30 6.50 7.59 7.45 7.81 8.03 8.10 8.61 10.37 10.00 13.14 13.87 12.41 12.41 12.19 13.87 11.24 12.19 12.05 12.05 11.46
14.67 14.67 12.85 13.29 13.43 14.45 15.84 16.57 16.35 12.34 14.97 13.07 13.51 12.70 11.61 9.56 8.40 7.96 7.66 8.69 9.86 10.80 12.05 13.87 13.87 13.21 13.21 12.63 12.56 12.63 12.34 13.65 13.43 13.07 11.97 9.56 9.78 10.29 9.93 14.02 14.16 12.99 13.43 12.85 11.68 11.24 10.22 9.05 7.52 7.08 7.30 7.30 6.72 5.33 5.04 5.62 8.18 5.69 6.64 5.04 4.38 4.96 5.04 5.69 5.04 7.74 7.45 7.37 8.98 9.86 10.07 9.93 11.10 10.15 11.39 11.53 11.53 12.19 12.05 12.26 12.99 14.38 14.31 12.12
13.58 13.58 13.36 14.31 14.97 14.97 13.72 15.62 12.78 16.94 14.60 11.75 10.29 10.15 9.13 9.64 8.76 8.32 6.20 11.02 11.32 11.10 12.63 13.58 14.38 16.13 16.13 13.72 13.87 15.04 14.75 13.36 14.09 13.58 12.48 12.26 12.48 12.19 14.02 13.72 14.24 13.94 12.85 13.36 12.70 11.75 10.73 9.27 7.52 8.61 6.06 6.06 5.26 5.55 4.89 8.47 9.86 7.59 5.91 3.36 3.87 3.50 2.77 3.72 3.65 6.64 8.69 11.46 11.10 10.95 11.75 11.46 11.46 9.93 10.80 9.93 9.93 12.34 13.51 15.48 13.65 15.48 14.89 15.18
12.12 12.12 13.58 13.51 12.99 12.26 11.24 12.41 14.97 14.45 9.27 9.20 9.78 9.49 10.73 10.00 10.15 8.25 11.75 12.63 13.29 14.82 17.89 18.54 17.59 17.45 17.45 15.77 17.37 16.28 16.57 14.82 14.89 13.72 13.07 10.95 10.95 11.68 12.34 12.56 12.05 11.97 12.63 13.58 12.19 12.26 11.24 10.15 11.61 10.95 8.03 8.03 6.50 10.88 11.10 10.95 10.95 11.10 6.28 4.23 4.23 4.60 2.99 8.10 9.05 8.76 9.27 12.56 13.72 12.12 11.68 11.97 10.51 10.59 11.39 12.05 12.05 11.90 13.87 15.48 16.72 16.43 15.40 14.60
12.12 12.12 13.58 13.51 12.99 12.26 11.24 12.41 14.97 14.45 9.27 9.20 9.78 9.49 10.73 10.00 10.15 8.25 11.75 12.63 13.29 14.82 17.89 18.54 17.59 17.45 17.45 15.77 17.37 16.28 16.57 14.82 14.89 13.72 13.07 10.95 10.95 11.68 12.34 12.56 12.05 11.97 12.63 13.58 12.19 12.26 11.24 10.15 11.61 10.95 8.03 8.03 6.50 10.88 11.10 10.95 10.95 11.10 6.28 4.23 4.23 4.60 2.99 8.10 9.05 8.76 9.27 12.56 13.72 12.12 11.68 11.97 10.51 10.59 11.39 12.05 12.05 11.90 13.87 15.48 16.72 16.43 15.40 14.60
12.26 12.26 9.93 11.24 11.68 10.51 8.98 13.29 9.86 7.81 8.03 7.74 10.88 10.51 11.32 11.61 12.34 9.27 10.51 13.36 17.52 18.98 20.22 21.46 21.61 19.64 19.64 17.23 17.89 17.01 16.79 14.02 14.89 13.80 11.46 10.73 10.80 10.73 10.88 10.15 12.26 12.85 14.38 12.26 12.92 15.99 14.60 14.60 14.82 12.48 10.88 10.88 14.45 13.43 13.36 12.92 10.07 10.95 8.32 6.50 5.62 7.74 9.93 8.83 10.80 13.29 13.51 13.51 15.26 17.23 13.58 13.14 15.18 11.75 11.83 11.97 11.97 13.58 15.04 14.67 16.86 17.52 16.43 15.26
11.17 11.17 9.34 9.78 10.22 8.10 7.30 7.81 6.64 6.28 6.86 7.23 10.44 10.66 10.51 10.44 11.61 9.49 16.86 18.32 18.18 19.49 21.46 23.07 21.02 19.05 19.05 16.79 15.18 17.01 16.79 11.02 10.66 11.02 11.17 10.95 9.49 9.49 10.15 11.10 12.12 13.43 14.67 14.60 17.30 17.52 17.23 16.64 18.47 17.59 16.72 16.72 17.23 15.70 13.21 12.41 10.51 7.81 6.06 6.57 5.99 9.56 12.05 15.99 15.91 15.70 19.27 18.76 17.74 20.22 17.45 17.08 17.81 18.32 13.51 13.58 13.58 13.87 13.87 16.35 15.84 18.03 17.67 16.21
12.05 12.05 9.78 8.61 8.25 6.86 9.71 7.08 5.62 6.42 5.99 6.64 9.05 10.22 10.80 12.26 10.15 15.40 17.96 19.64 19.20 22.92 21.39 21.97 20.66 18.32 18.32 11.83 13.65 16.06 9.71 11.10 10.29 10.73 9.78 9.64 9.42 9.86 11.10 12.70 12.12 13.58 16.28 15.18 15.77 18.69 18.69 18.91 18.61 17.74 16.43 16.43 13.80 12.92 13.29 12.78 13.87 9.56 6.35 8.03 7.66 10.22 16.50 18.76 22.34 22.34 20.73 21.32 21.97 21.97 23.29 19.78 19.93 20.66 19.93 15.62 15.62 15.70 15.18 15.26 17.45 17.08 18.18 17.96
14.16 14.16 10.88 10.95 8.98 7.96 8.83 9.42 10.22 9.64 9.49 8.03 9.64 9.20 9.20 13.14 11.10 17.59 19.93 21.90 21.24 20.73 17.96 12.34 10.80 11.17 11.17 10.66 13.21 15.33 10.22 10.15 10.66 9.64 9.64 9.34 10.07 11.46 12.63 13.80 13.94 16.13 15.62 15.48 16.35 18.25 18.10 18.10 18.47 16.50 15.55 15.55 15.48 15.33 15.91 14.38 14.97 12.63 10.44 9.27 12.78 17.37 16.21 21.61 23.73 21.17 21.24 20.08 20.00 23.87 23.14 23.87 21.97 21.17 21.53 17.96 17.96 15.18 15.40 15.70 16.06 18.61 18.54 18.61
13.14 13.14 11.75 10.29 9.34 9.93 10.80 12.34 14.16 12.63 14.60 12.85 13.51 8.98 15.18 14.53 10.80 13.51 21.68 21.39 20.22 19.20 15.11 11.24 10.00 10.66 10.66 13.21 14.60 14.82 10.66 10.22 9.13 9.49 9.13 9.93 12.12 12.63 13.94 13.43 14.89 14.97 14.75 16.35 17.01 17.67 17.23 16.13 15.26 16.28 15.91 15.91 16.72 15.18 15.11 15.99 13.29 9.05 10.37 9.34 11.39 18.25 23.07 21.90 24.53 21.68 18.98 19.35 18.18 22.05 22.85 22.34 22.12 21.68 21.10 21.24 21.24 21.90 16.43 15.70 15.91 16.72 17.74 17.96
13.14 13.14 11.75 10.29 9.34 9.93 10.80 12.34 14.16 12.63 14.60 12.85 13.51 8.98 15.18 14.53 10.80 13.51 21.68 21.39 20.22 19.20 15.11 11.24 10.00 10.66 10.66 13.21 14.60 14.82 10.66 10.22 9.13 9.49 9.13 9.93 12.12 12.63 13.94 13.43 14.89 14.97 14.75 16.35 17.01 17.67 17.23 16.13 15.26 16.28 15.91 15.91 16.72 15.18 15.11 15.99 13.29 9.05 10.37 9.34 11.39 18.25 23.07 21.90 24.53 21.68 18.98 19.35 18.18 22.05 22.85 22.34 22.12 21.68 21.10 21.24 21.24 21.90 16.43 15.70 15.91 16.72 17.74 17.96
11.53 11.53 10.00 8.83 8.91 11.75 11.90 12.26 14.67 16.35 18.98 19.56 25.40 22.48 22.27 18.10 24.45 23.14 20.51 21.46 15.91 13.36 14.24 11.90 9.86 11.10 11.10 12.78 15.04 13.43 11.61 10.29 9.86 13.21 12.41 14.31 14.45 12.99 12.78 12.63 13.94 15.40 14.89 16.57 18.03 17.59 17.37 15.40 14.16 14.24 13.29 13.29 14.09 14.09 14.24 15.26 11.02 8.54 6.94 9.71 9.05 14.31 21.83 21.32 22.19 22.85 19.71 17.89 16.79 17.08 20.51 20.95 19.93 21.24 22.56 22.56 22.56 19.78 20.59 16.06 15.26 15.40 14.38 14.97
12.12 12.12 8.54 12.92 12.78 12.63 13.21 15.11 16.79 16.28 19.64 21.83 25.33 25.62 26.13 23.94 25.70 23.65 21.02 16.79 14.67 13.14 11.10 9.93 11.02 10.59 10.59 11.53 15.48 11.68 13.21 13.43 16.13 15.99 14.89 15.11 16.43 14.82 14.02 14.09 15.04 15.04 14.02 15.33 17.52 16.64 16.79 15.11 13.51 11.53 12.41 12.41 14.02 14.82 15.91 16.06 12.78 9.49 7.23 9.86 13.21 12.05 17.89 18.76 20.51 18.83 18.83 17.45 15.40 15.48 15.26 18.40 18.25 17.16 20.73 20.44 20.44 18.25 14.89 15.62 12.70 11.90 12.34 12.34
11.32 11.32 16.35 7.23 14.02 13.43 13.14 13.21 15.33 16.28 19.93 18.76 22.48 24.53 25.04 25.26 25.70 24.53 21.24 16.43 12.85 10.66 9.49 9.71 9.20 10.73 10.73 14.45 13.36 11.75 16.35 16.21 16.35 16.21 16.06 17.89 17.74 15.91 12.12 12.34 12.41 9.78 10.15 11.75 14.31 13.87 15.18 12.63 11.53 11.90 11.24 11.24 10.88 13.94 15.84 12.12 9.71 10.29 8.40 10.29 12.05 12.48 17.16 17.01 14.16 16.79 14.97 14.82 14.82 15.11 15.84 16.79 16.35 14.09 13.43 17.89 17.89 16.50 14.67 11.61 12.19 10.00 9.71 10.95
9.42 9.42 8.10 15.33 12.85 13.80 12.99 12.70 13.07 14.60 17.23 19.20 21.39 22.63 22.92 18.83 24.16 21.32 19.42 16.50 9.34 10.07 8.98 9.05 9.93 11.02 11.02 13.58 12.63 13.87 15.70 15.77 15.70 18.91 18.69 19.35 17.89 9.64 10.22 10.15 9.49 5.69 7.30 9.93 13.21 10.37 11.90 11.46 10.51 9.78 11.10 11.10 10.37 13.07 12.63 10.73 8.76 4.16 7.59 8.61 1.83 9.34 5.91 12.05 10.95 12.34 14.31 14.24 13.65 14.24 15.33 14.24 12.70 13.14 10.44 10.59 10.59 14.31 14.02 11.90 11.24 10.73 10.88 9.86
11.32 11.32 11.17 12.05 10.00 12.41 13.94 13.29 13.87 14.89 17.59 18.47 18.98 14.31 21.02 15.11 16.43 16.28 14.09 10.22 7.66 8.32 10.29 10.51 10.73 10.59 10.59 8.69 11.39 10.59 13.14 13.36 15.33 16.43 18.10 12.70 9.49 8.25 8.40 8.91 8.54 3.14 5.04 8.32 6.94 7.08 6.94 9.27 4.53 7.15 9.13 9.13 5.62 9.13 8.54 8.76 0.00 0.00 0.00 0.00 0.00 2.41 0.44 9.42 12.05 11.39 14.02 13.65 12.99 14.09 14.16 13.14 11.02 7.88 8.61 8.54 8.54 12.78 13.21 13.29 13.07 13.29 11.90 12.48
4.45 4.45 9.49 10.66 12.78 14.53 16.57 17.01 17.67 19.13 18.69 18.76 18.18 15.62 16.64 12.05 11.17 11.17 9.93 7.59 6.28 9.34 11.83 10.95 9.49 6.64 6.64 7.30 7.74 8.54 8.25 10.80 12.70 15.04 15.55 9.93 8.25 7.74 9.93 9.64 10.07 4.16 5.11 4.53 4.45 3.87 5.55 1.24 0.00 2.70 4.16 4.16 0.00 0.00 0.00 0.00 0.00 0.00 0.00 0.00 0.00 0.00 0.00 2.19 11.39 12.99 11.97 12.05 12.48 12.12 12.85 12.48 13.21 8.54 9.34 8.61 8.61 13.58 15.91 14.97 14.82 16.06 14.31 10.37
4.45 4.45 9.49 10.66 12.78 14.53 16.57 17.01 17.67 19.13 18.69 18.76 18.18 15.62 16.64 12.05 11.17 11.17 9.93 7.59 6.28 9.34 11.83 10.95 9.49 6.64 6.64 7.30 7.74 8.54 8.25 10.80 12.70 15.04 15.55 9.93 8.25 7.74 9.93 9.64 10.07 4.16 5.11 4.53 4.45 3.87 5.55 1.24 0.00 2.70 4.16 4.16 0.00 0.00 0.00 0.00 0.00 0.00 0.00 0.00 0.00 0.00 0.00 2.19 11.39 12.99 11.97 12.05 12.48 12.12 12.85 12.48 13.21 8.54 9.34 8.61 8.61 13.58 15.91 14.97 14.82 16.06 14.31 10.37
8.25 8.25 11.32 10.95 12.78 15.62 16.79 16.06 17.45 19.78 19.13 19.20 16.35 16.79 14.38 14.16 11.46 10.95 8.83 6.57 6.72 8.83 11.32 10.59 8.47 5.40 5.40 4.09 7.88 8.03 7.37 8.83 9.93 7.81 7.96 7.30 6.42 7.59 11.17 11.53 4.67 2.26 2.63 2.12 0.00 0.00 0.00 0.00 0.00 0.00 0.00 0.00 0.00 0.00 0.00 0.00 0.00 0.00 0.00 0.00 0.00 0.00 7.45 6.06 9.64 14.02 16.86 13.21 13.58 12.92 13.65 14.38 14.24 15.77 13.14 15.40 15.40 17.59 17.67 21.46 23.65 20.22 19.49 14.82
