Wansh/Snow_depth/snowdepth-1994/spring/1994094.txt
ncols 321
nrows 161
xllcenter 60
yllcenter 15 
cellsize  0.25 
NODATA_value -1
[rows 74 to 110 of 161, columns 84 to 167 of 321]
0.00 0.00 0.00 0.00 0.00 0.00 1.39 0.66 2.26 0.66 0.00 2.19 3.58 3.29 3.50 0.00 3.65 3.07 3.07 3.07 3.14 0.00 0.00 0.00 0.00 0.00 2.63 0.00 0.00 0.00 0.00 0.00 0.00 0.00 0.00 0.00 0.07 0.00 0.00 0.00 0.00 1.10 1.68 1.68 1.10 0.66 1.10 0.73 0.44 0.37 0.00 0.00 0.00 0.00 0.60 0.00 0.22 2.19 1.83 1.68 0.00 0.00 0.00 0.00 0.00 0.00 0.00 0.00 0.00 0.00 0.73 1.10 0.00 0.00 0.00 0.00 0.00 0.00 0.00 0.00 0.58 0.00 0.37 0.07
0.00 0.00 0.00 0.07 0.37 1.97 2.12 1.90 3.80 2.77 4.31 2.92 5.18 3.72 3.80 4.45 3.21 2.99 2.99 3.58 3.07 2.85 2.92 0.00 3.21 3.43 0.00 2.48 0.00 0.00 0.00 0.00 0.00 0.00 0.00 0.00 0.00 0.00 0.00 0.00 0.00 1.46 0.58 0.58 1.68 1.02 0.15 0.00 0.51 0.73 0.00 0.44 0.00 1.17 0.51 0.51 0.80 0.88 0.22 0.80 0.66 1.75 0.22 0.22 0.07 0.00 0.00 0.00 0.00 0.00 0.58 1.75 0.44 0.00 0.00 0.00 0.00 0.00 0.00 0.00 0.00 0.00 0.44 0.00
0.00 0.00 1.90 1.53 2.63 2.92 2.04 3.29 4.38 4.82 5.04 4.89 5.69 5.18 5.33 5.04 4.16 3.21 3.21 3.07 0.00 0.00 0.00 0.00 0.00 0.00 0.00 0.00 0.00 0.00 0.00 0.00 0.00 0.00 0.00 0.00 0.00 0.00 0.00 0.00 0.00 1.90 1.61 1.61 0.66 0.66 1.53 1.83 0.00 0.00 0.00 0.00 0.00 0.00 0.00 0.00 0.44 0.15 0.37 0.44 0.37 0.37 0.80 1.02 0.95 0.73 0.07 0.29 0.29 0.29 1.17 1.46 1.10 0.37 0.00 0.00 0.00 0.00 0.00 0.00 0.00 0.00 0.07 0.45
0.00 0.00 1.46 1.61 2.12 2.19 3.14 3.50 4.89 5.04 5.04 5.62 5.69 6.64 6.42 5.48 4.38 4.02 4.02 3.21 3.80 0.00 2.92 2.85 0.00 0.00 0.00 0.00 0.00 0.00 0.00 0.00 0.00 0.00 0.00 0.00 0.00 0.00 0.00 0.00 2.26 1.83 1.53 1.53 1.31 0.66 1.68 2.41 2.92 0.00 0.00 0.00 0.66 0.15 0.00 0.80 0.00 0.22 0.15 0.07 1.10 1.39 0.44 0.80 0.80 1.61 0.58 0.80 0.80 0.73 0.00 0.15 0.00 0.22 0.37 0.00 0.00 0.00 0.00 0.00 0.00 0.00 0.81 0.74
0.15 0.00 0.00 0.22 0.00 2.56 2.26 3.72 4.53 4.09 5.11 4.96 4.82 5.62 5.18 5.18 5.04 4.16 4.16 4.09 3.58 3.94 3.21 3.36 2.70 0.00 0.00 0.00 0.00 0.00 0.00 0.00 0.00 0.00 0.00 0.00 0.00 0.00 0.00 0.00 0.00 0.00 0.00 0.00 0.00 1.46 1.68 1.68 0.00 0.00 0.00 0.00 0.00 1.90 0.07 0.37 0.66 0.22 1.24 0.66 1.61 1.97 1.61 0.66 0.95 0.00 1.02 1.10 1.10 1.31 0.73 0.00 0.22 0.00 0.73 0.00 0.00 0.00 0.07 0.00 0.00 1.10 1.91 0.96
1.83 1.39 0.00 0.00 0.00 0.00 2.63 0.00 4.38 3.94 4.02 4.23 3.87 5.11 4.45 3.50 4.16 4.16 4.16 3.94 4.53 3.87 3.87 3.29 0.00 0.00 0.00 0.00 0.00 0.00 0.00 0.00 0.00 0.00 0.00 0.00 0.00 0.00 0.00 0.00 0.00 0.00 0.00 0.00 0.00 0.00 1.61 0.00 0.00 0.00 0.00 0.00 0.00 0.00 1.31 0.80 0.80 1.02 1.31 1.75 1.83 1.39 1.31 0.73 0.00 0.00 0.00 0.07 0.07 0.95 0.00 0.22 0.00 0.00 0.66 0.15 0.00 0.00 0.00 0.00 0.00 1.17 2.04 0.37
0.00 0.00 0.00 0.00 0.00 2.77 3.29 0.00 3.50 3.43 3.87 4.82 3.80 3.72 3.43 2.99 3.87 3.65 3.65 3.07 4.67 3.87 3.80 2.63 0.00 0.00 0.00 0.00 0.00 0.00 0.00 0.00 0.00 0.00 0.00 0.00 0.00 0.00 0.00 0.00 0.00 0.00 0.00 0.00 0.00 0.00 0.00 0.80 0.00 0.00 0.00 0.00 0.00 0.00 1.31 0.00 0.44 0.22 1.02 1.83 1.61 2.34 0.95 0.07 0.00 0.00 0.00 0.00 0.00 0.00 0.00 0.00 4.23 0.58 2.70 0.00 1.35 0.23 0.00 0.00 0.88 1.31 1.24 0.73
0.00 0.00 2.99 0.00 0.00 2.56 0.00 0.00 3.21 3.80 4.31 3.65 3.65 3.43 3.65 3.80 3.43 0.00 0.00 0.00 0.00 0.00 0.00 0.00 0.00 0.00 0.00 0.00 0.00 0.00 0.00 0.00 0.00 0.00 0.00 0.00 0.00 0.00 0.00 0.00 0.00 0.00 0.00 0.00 0.00 0.00 0.00 0.07 0.00 0.00 0.22 0.00 0.22 0.00 0.00 0.00 0.00 0.66 0.44 0.80 0.95 0.80 1.10 0.58 0.00 0.00 0.00 0.00 0.00 0.00 0.00 0.00 4.31 5.48 6.72 0.00 2.29 1.99 2.12 1.72 1.17 0.66 0.58 0.66
2.85 0.00 3.43 2.77 0.00 0.00 2.34 0.00 0.00 2.85 3.94 0.00 3.58 3.65 0.00 4.53 3.87 2.56 2.56 0.00 1.68 0.00 0.00 0.00 0.00 0.00 0.00 0.00 0.00 0.00 0.00 0.00 0.00 0.00 0.00 0.00 0.00 0.00 0.44 0.00 0.00 0.00 0.00 0.00 0.00 0.00 0.00 0.00 0.00 0.00 0.00 0.00 0.00 0.51 0.00 0.00 0.44 0.22 0.66 0.95 1.10 1.68 0.58 0.15 0.29 0.00 0.00 0.00 0.00 0.00 0.00 0.00 0.29 8.69 9.20 9.34 5.33 2.48 2.26 1.39 1.46 1.10 0.00 0.58
4.45 3.65 3.07 2.77 0.00 0.00 0.00 0.00 2.34 2.48 3.72 0.00 0.00 3.72 4.31 3.58 0.00 0.00 0.00 0.00 0.00 0.00 0.00 0.00 0.00 0.00 0.00 0.00 0.00 0.00 0.00 0.00 0.00 0.00 0.00 0.00 0.58 0.00 0.07 0.00 0.51 0.73 0.00 0.00 0.00 0.00 0.00 0.00 0.00 0.00 0.00 0.00 0.00 0.44 0.00 0.00 0.00 0.00 0.07 0.07 0.22 0.44 1.10 0.58 0.51 0.51 0.00 0.00 0.00 0.58 0.15 0.00 0.66 1.46 4.67 7.52 8.91 4.60 1.75 3.14 1.68 1.61 0.00 1.97
3.43 2.41 2.48 2.41 0.00 2.77 0.00 0.00 2.85 3.50 3.07 3.94 0.00 0.00 4.09 4.53 0.00 3.43 3.43 0.00 0.00 0.00 0.00 0.00 0.00 0.00 0.00 1.46 2.12 0.00 0.00 0.00 0.00 0.00 0.00 0.00 0.00 0.15 0.00 0.29 1.02 0.29 0.44 0.44 0.00 0.00 0.00 0.00 0.00 0.00 0.00 0.00 0.00 0.07 0.73 0.00 0.00 0.00 0.00 0.00 0.00 0.73 0.44 0.07 1.61 0.51 0.51 1.31 1.31 0.80 2.85 0.44 3.50 3.43 9.20 8.40 8.76 10.15 7.08 1.83 3.14 2.41 2.19 1.68
2.70 2.70 2.34 2.48 3.29 3.29 0.00 4.45 4.45 4.31 4.31 4.23 0.00 0.00 0.00 0.00 0.00 0.00 0.00 0.00 0.00 0.00 0.00 0.00 0.00 0.00 0.00 1.68 2.26 2.85 0.00 0.00 0.00 1.39 0.00 0.00 0.00 0.44 0.00 0.95 0.00 0.00 0.07 0.07 0.22 0.29 0.66 0.58 0.15 0.00 0.29 0.00 0.22 0.29 1.24 1.10 1.61 1.17 0.29 0.15 0.66 0.22 1.28 2.12 1.24 0.29 1.61 1.90 1.90 1.68 4.89 6.57 2.63 4.89 3.14 4.96 10.73 10.95 4.67 4.23 4.82 4.38 3.14 3.14
1.53 2.04 2.85 3.07 3.21 2.63 3.50 4.60 4.23 0.00 3.94 3.58 0.00 0.00 0.00 0.00 0.00 0.00 0.00 3.72 4.23 4.09 4.31 0.00 0.00 2.41 2.56 2.77 0.00 0.00 0.00 0.00 0.00 0.00 0.00 0.00 0.00 0.00 0.00 2.34 2.92 1.31 1.02 1.02 0.88 1.68 1.17 1.17 1.02 0.29 0.15 0.00 1.17 0.58 1.10 2.70 3.72 3.87 4.82 3.72 0.58 0.22 1.12 2.41 2.85 4.16 1.46 1.61 1.61 4.53 4.82 9.13 9.34 10.00 6.86 6.35 6.94 6.57 4.82 4.89 6.79 7.66 4.60 2.34
2.41 2.26 2.63 2.56 0.00 0.00 0.00 0.00 4.82 0.00 3.43 3.65 3.50 0.00 3.87 0.00 0.00 3.80 3.80 4.16 4.02 4.53 4.31 2.99 0.00 2.70 3.43 0.00 0.00 0.00 0.00 0.00 0.00 0.00 0.00 0.00 0.00 0.00 1.90 2.56 1.97 1.53 1.46 1.46 1.75 1.97 1.68 1.39 0.88 0.44 1.46 0.80 0.80 0.44 0.44 0.88 3.36 4.02 2.48 4.89 2.99 1.10 2.12 2.56 3.71 5.26 2.70 6.42 6.42 2.04 8.47 9.34 11.75 12.19 7.45 7.08 5.69 5.33 5.18 5.40 6.64 7.88 4.53 2.99
2.70 1.46 0.00 0.00 0.00 0.00 0.00 0.00 0.00 0.00 0.00 3.50 4.02 4.16 3.65 3.72 4.31 4.02 4.02 3.43 3.72 3.07 3.14 0.00 0.00 3.21 3.29 0.00 0.00 0.00 0.00 0.00 0.00 0.00 0.00 0.00 1.97 1.90 2.04 1.53 1.97 2.48 2.85 2.85 1.46 2.56 2.48 1.31 1.75 1.31 0.37 0.80 0.73 1.02 0.22 1.75 1.31 1.31 3.72 3.29 1.75 1.97 2.34 2.04 6.71 6.33 8.40 12.19 12.19 7.37 5.04 7.01 10.59 9.71 10.51 6.57 5.18 6.57 6.86 7.01 6.86 6.86 4.53 4.31
2.04 1.02 1.17 0.00 1.31 0.00 0.00 2.70 2.04 2.56 0.00 0.00 3.80 3.94 0.00 3.94 3.80 3.07 3.07 3.14 3.72 3.50 0.00 2.63 3.43 3.50 3.43 3.21 0.00 0.00 2.26 2.04 0.00 2.77 2.63 0.00 0.00 1.97 0.00 0.00 0.00 1.53 1.46 1.46 2.41 2.12 2.56 2.56 2.70 2.41 3.07 2.19 1.68 1.10 0.80 2.85 2.34 0.95 0.82 2.06 2.26 1.24 2.16 5.91 8.08 8.35 11.60 12.78 12.78 13.21 7.88 8.18 8.10 8.98 8.54 5.84 6.06 6.94 6.86 6.19 7.48 6.77 6.97 2.71
1.90 0.44 0.73 1.83 1.10 0.00 1.31 0.00 1.97 1.53 0.00 0.00 0.00 0.00 0.00 3.50 0.00 0.00 0.00 3.14 0.00 3.36 2.56 2.48 2.77 0.00 0.00 0.00 0.00 0.00 0.00 0.00 0.00 2.04 2.63 2.99 0.00 0.00 0.00 0.00 0.00 1.68 0.37 0.37 1.46 1.97 0.95 1.31 2.48 1.61 3.50 2.56 3.58 3.87 3.21 5.33 4.60 1.83 0.44 0.88 1.96 1.39 1.77 7.81 12.05 13.14 13.24 12.46 12.06 12.47 9.93 9.56 7.59 9.27 8.54 5.33 6.72 5.62 7.26 6.80 6.78 8.84 5.38 3.86
1.90 1.02 0.88 1.97 1.53 0.00 1.61 1.17 1.97 1.46 0.66 0.22 0.00 0.00 0.00 0.00 0.00 2.63 2.63 2.34 0.00 0.00 0.00 0.00 0.00 0.00 0.00 0.00 0.00 0.00 0.00 0.00 0.00 0.00 0.00 0.00 0.00 0.00 0.00 0.00 0.00 0.00 0.00 0.00 0.15 1.02 0.00 0.00 0.15 2.19 2.99 2.63 5.77 7.08 7.52 8.03 5.62 2.63 3.47 3.98 2.56 1.83 3.28 4.87 7.60 9.01 13.43 10.88 10.93 11.05 8.73 7.74 8.40 7.37 7.41 5.33 4.96 6.50 8.00 8.16 8.96 10.66 6.16 6.11
2.19 2.26 1.83 1.68 1.75 1.46 1.53 1.97 2.04 1.46 0.00 0.44 0.51 0.00 0.00 0.00 0.00 0.00 0.00 0.00 0.00 0.00 0.00 0.00 0.00 0.00 0.00 0.00 0.00 0.00 0.00 0.00 0.00 0.00 0.00 0.00 0.00 0.00 0.00 0.00 0.00 0.00 0.00 0.00 0.00 0.00 0.00 0.00 0.00 0.95 2.04 3.21 4.74 6.42 8.10 9.93 10.73 9.27 6.13 9.13 2.58 2.68 2.78 2.50 8.49 10.95 8.46 10.15 10.15 6.65 5.36 7.03 10.05 9.78 9.02 5.01 9.64 10.67 8.96 10.06 10.58 5.72 6.67 7.30
2.56 1.02 1.61 0.95 1.24 2.04 1.90 0.00 0.00 0.88 0.00 0.66 0.51 0.00 0.00 1.17 1.31 1.39 1.39 0.00 0.00 0.00 0.00 0.00 0.00 0.00 0.00 0.00 0.00 0.00 0.00 0.00 0.00 0.00 0.00 0.00 0.00 0.00 0.00 0.00 0.00 0.00 0.00 0.00 0.00 0.00 0.07 0.00 2.48 1.68 2.77 1.61 3.58 5.84 6.94 10.07 13.18 12.92 11.39 15.40 11.46 6.19 3.71 4.23 4.70 9.21 7.48 4.89 4.89 6.42 5.34 9.23 7.04 10.56 7.04 15.41 13.21 13.41 10.52 10.39 13.45 8.03 9.07 8.87
3.21 2.19 2.63 1.46 0.88 1.75 1.83 0.00 0.00 1.02 0.15 0.00 0.00 0.00 0.00 0.58 0.80 0.58 0.58 0.00 0.00 3.29 0.00 0.00 0.00 0.00 0.00 0.00 0.00 0.00 0.00 0.00 0.00 0.00 0.00 0.00 0.00 0.00 0.00 0.00 0.00 0.00 0.00 0.00 0.00 0.00 0.00 0.00 2.34 6.64 6.79 6.42 6.85 7.22 10.32 9.71 12.57 13.72 13.94 14.24 8.40 7.48 3.46 3.31 2.90 5.08 7.03 4.23 4.26 4.43 8.18 5.92 2.66 6.56 9.73 8.61 16.54 14.90 11.79 9.78 12.22 6.36 7.26 8.14
3.50 2.99 3.36 2.56 1.17 1.31 1.53 1.61 1.31 0.95 0.44 0.00 0.00 0.00 0.00 0.44 0.00 0.00 0.00 0.00 0.00 2.41 0.00 0.00 0.00 0.00 0.00 1.53 0.00 0.00 0.00 0.00 0.00 0.00 0.00 0.00 0.00 0.00 0.00 0.00 0.00 0.00 0.22 0.22 0.00 0.00 0.37 1.17 1.53 8.18 9.13 8.83 8.40 8.48 10.24 12.57 15.08 12.50 11.78 12.90 12.33 9.61 5.37 1.40 2.62 1.70 3.82 3.52 3.52 2.65 4.05 1.78 3.32 3.02 11.30 12.47 17.95 15.48 12.58 10.63 10.27 5.82 10.95 8.54
3.87 3.58 3.58 3.58 2.56 2.26 1.39 2.34 2.41 0.88 1.68 0.00 0.00 0.00 0.00 0.00 0.00 0.00 0.00 0.00 0.00 0.00 0.00 0.00 0.00 0.00 0.00 0.73 0.07 0.15 0.00 0.00 0.00 0.66 0.00 0.00 0.00 0.00 0.00 0.00 0.00 0.51 0.95 0.95 0.00 0.22 0.80 4.67 5.55 8.32 10.07 10.80 10.66 10.12 8.86 11.92 10.63 9.17 11.23 12.51 13.18 6.08 5.64 2.86 0.66 0.08 2.66 2.89 2.85 1.48 0.78 0.00 1.63 2.26 8.98 13.06 10.45 11.03 11.65 9.29 7.45 8.88 9.21 7.82
3.65 0.00 0.00 3.14 2.85 3.94 3.43 3.14 1.83 1.46 3.21 0.37 0.00 0.44 0.58 0.00 0.00 0.00 0.00 0.00 0.00 0.00 0.00 0.00 0.00 0.00 0.00 1.10 2.04 1.31 0.00 0.00 1.17 1.17 1.31 0.00 0.00 0.00 0.00 0.00 0.00 0.00 3.50 3.50 3.58 1.68 1.24 4.23 5.55 7.79 10.91 11.64 12.84 13.48 11.83 9.46 9.86 7.37 7.92 6.27 6.60 7.76 5.96 4.02 1.70 1.67 1.63 2.48 2.42 1.24 2.56 0.41 1.08 3.92 3.15 8.91 5.50 2.66 6.11 5.36 6.17 5.73 6.26 6.66
6.28 6.79 4.60 8.69 7.30 10.07 7.88 6.13 3.94 0.00 0.00 2.04 0.95 0.88 0.58 0.58 0.44 1.02 1.02 1.02 1.02 0.00 0.73 1.17 1.97 2.04 1.83 1.83 1.31 0.80 0.95 1.02 2.26 2.34 1.97 3.80 2.70 0.88 0.51 0.00 0.95 2.12 3.65 3.65 5.11 6.86 5.84 6.86 7.96 9.49 10.76 10.66 9.70 8.52 8.02 4.28 4.61 6.45 7.34 4.92 6.60 6.81 5.57 6.62 5.40 3.89 1.38 1.35 1.33 0.00 0.00 0.00 0.00 4.79 4.27 6.13 3.40 0.91 1.17 1.43 1.17 1.93 2.16 3.78
9.78 7.88 7.59 10.95 9.78 10.37 10.37 7.74 3.94 0.00 0.00 1.61 1.24 0.73 0.44 0.58 0.66 1.10 1.10 1.17 1.02 1.02 0.58 0.58 1.24 1.10 0.95 1.02 0.80 1.10 1.10 1.10 1.83 2.99 3.65 4.53 2.41 2.41 1.61 2.34 0.00 0.00 3.07 3.07 3.65 5.55 7.45 7.81 6.25 6.77 9.33 8.64 7.38 6.80 6.50 5.56 4.07 4.89 6.54 5.55 7.96 7.64 6.04 5.34 3.80 4.23 4.04 0.00 0.00 0.00 0.00 0.00 0.00 0.18 2.10 1.97 2.58 1.12 0.30 0.00 0.00 0.00 3.87 3.19
6.06 7.52 10.88 8.83 8.76 7.96 11.46 9.27 4.67 0.00 0.00 0.00 0.00 0.00 1.10 0.88 0.80 1.39 1.39 1.24 1.02 1.24 1.02 1.24 0.66 0.07 0.07 0.00 0.66 1.46 1.68 2.12 3.36 4.60 4.16 4.96 4.89 3.36 1.24 0.00 0.00 0.00 0.22 0.22 3.36 4.38 5.55 5.01 6.25 6.82 8.27 8.00 6.94 6.62 5.29 3.36 0.00 3.09 3.03 4.55 7.30 4.99 6.50 5.33 4.31 3.43 4.62 4.40 4.89 0.88 0.00 0.00 0.00 1.10 3.14 2.65 0.51 0.00 0.00 0.00 0.10 1.68 2.70 2.62
0.00 7.74 0.00 5.62 4.02 11.39 9.27 5.06 3.07 3.94 1.90 0.00 0.00 0.00 1.02 1.31 1.39 1.31 1.31 1.31 1.17 1.17 1.39 1.10 0.00 0.00 0.00 0.00 0.00 0.66 0.80 0.66 1.24 3.21 1.75 3.36 3.94 1.39 2.26 0.00 0.00 0.00 1.46 1.46 3.07 3.72 4.38 6.09 7.74 9.28 8.68 8.91 8.58 7.30 5.13 4.74 2.57 3.60 0.00 3.28 3.78 6.37 4.92 5.55 4.74 3.79 4.09 1.96 1.89 1.58 0.00 0.00 0.00 0.61 1.38 1.27 0.22 0.08 0.77 0.00 1.46 1.50 2.42 1.93
0.00 0.00 0.00 0.00 0.00 6.13 7.52 6.64 5.69 3.58 1.02 0.44 0.00 0.00 0.00 0.00 0.66 0.73 0.73 0.88 0.22 1.68 0.22 0.58 0.51 0.00 0.00 0.00 0.00 0.00 0.00 0.15 0.00 0.88 0.00 1.46 0.00 0.00 0.00 0.00 0.00 0.73 0.58 0.58 1.97 4.53 4.38 5.26 7.01 9.27 9.86 8.94 8.59 6.96 5.37 5.41 3.03 0.00 0.00 0.00 2.19 4.87 2.72 5.00 5.06 4.97 5.00 2.39 2.41 2.65 0.91 0.00 0.00 0.33 1.12 0.62 0.67 0.07 0.00 0.64 1.15 2.42 3.42 2.11
0.00 0.00 0.00 0.00 0.00 6.35 6.13 7.30 7.37 4.89 2.34 1.39 1.02 0.95 0.00 0.00 0.58 0.00 0.00 0.00 0.00 0.51 0.51 0.00 0.00 0.00 0.00 0.00 0.00 0.00 0.00 0.00 0.00 0.00 0.00 0.80 0.22 0.00 0.00 0.00 0.00 0.00 0.00 0.00 0.73 1.68 1.10 2.48 4.82 7.60 10.43 10.40 11.66 7.64 4.19 5.42 0.00 0.00 0.00 3.82 2.14 2.19 3.79 2.48 5.17 4.75 4.47 3.61 4.22 2.38 1.28 1.56 0.36 0.00 0.41 0.75 0.57 0.73 0.00 0.80 1.65 1.69 3.08 2.29
0.00 0.00 0.00 0.00 0.00 0.00 0.00 8.25 8.47 5.69 3.65 2.63 2.77 3.65 1.17 2.12 1.31 0.00 0.00 0.00 0.00 0.51 0.00 0.00 0.00 0.00 0.00 0.00 0.00 0.00 0.00 0.00 0.00 0.00 0.00 0.00 0.00 0.00 0.00 0.00 0.00 0.00 0.00 0.00 0.00 0.00 0.51 0.61 2.18 5.32 7.90 9.91 0.00 0.00 0.00 0.00 0.00 0.00 0.00 0.00 0.00 1.84 2.39 2.07 3.95 5.31 4.38 2.54 2.85 3.86 3.42 0.94 0.00 0.00 0.00 0.47 0.00 0.44 0.79 0.76 1.24 0.00 2.13 2.21
0.00 0.00 0.00 0.00 0.00 0.00 0.00 4.38 5.69 4.23 5.04 3.87 4.09 5.33 4.23 4.97 4.50 3.29 3.29 0.00 0.00 0.29 0.44 0.00 0.00 0.00 0.00 0.00 0.00 0.00 0.00 0.00 0.00 0.00 0.00 0.00 0.00 0.00 0.00 0.00 0.00 0.07 0.00 0.00 1.17 1.75 0.00 1.57 4.82 6.89 6.90 6.64 0.00 0.00 0.00 0.00 0.00 0.00 0.00 0.00 0.00 2.97 3.06 4.44 2.06 6.69 8.64 5.05 5.15 7.95 1.62 1.19 0.62 0.00 0.00 0.00 0.86 0.00 0.00 0.09 0.00 0.00 0.00 0.00
0.00 0.00 0.00 0.00 0.00 0.00 0.00 0.00 0.00 2.77 2.92 4.45 4.23 5.69 5.18 6.16 5.55 6.37 5.95 5.18 0.00 0.80 0.37 0.00 0.00 0.00 1.02 0.22 0.00 0.00 0.00 0.00 0.00 0.00 0.00 0.15 0.00 0.00 0.00 1.46 0.80 1.10 0.58 0.58 1.68 0.51 0.00 0.62 4.78 8.55 8.00 7.73 0.00 0.00 0.00 0.00 0.00 0.00 0.00 0.00 0.00 0.00 2.01 1.13 1.90 7.67 7.80 8.04 9.83 4.46 2.84 2.36 2.07 0.00 0.00 1.01 1.04 0.00 0.09 0.00 0.00 0.00 0.00 0.00
0.00 0.00 0.00 0.00 0.00 0.00 0.00 0.00 0.00 0.00 0.00 0.00 0.00 0.00 0.00 0.00 0.00 0.00 0.00 3.80 4.38 6.13 5.04 4.53 5.33 7.59 6.94 3.29 0.51 1.46 1.83 6.35 3.58 1.83 1.83 3.72 4.38 4.23 3.21 6.31 4.44 3.98 4.82 4.82 5.48 6.13 2.77 1.76 3.86 5.44 0.00 0.00 0.00 0.00 0.00 0.00 0.00 0.00 0.00 0.00 0.00 0.00 0.00 0.00 0.00 5.99 3.85 0.00 0.00 2.42 8.34 5.30 3.54 0.00 0.00 0.00 0.73 0.00 1.38 0.00 0.00 0.00 0.00 0.00
0.00 0.00 0.00 0.00 0.00 0.00 0.00 0.00 0.00 0.00 0.00 0.00 0.00 0.00 0.00 0.00 0.00 0.00 0.00 0.00 0.00 0.00 5.04 4.89 5.84 7.61 8.98 7.30 4.23 5.04 5.84 5.91 8.32 4.31 3.58 6.35 4.53 7.23 6.79 3.87 5.37 3.67 6.35 7.10 4.45 5.55 3.50 3.29 0.00 0.00 0.00 0.00 0.00 0.00 0.00 0.00 0.00 0.00 0.00 0.00 0.00 0.00 0.00 0.00 0.00 0.00 0.00 0.00 0.00 2.09 0.00 0.00 2.42 0.00 0.00 0.00 0.00 0.00 0.00 0.00 0.00 0.00 0.00 0.00
0.00 0.00 0.00 0.00 0.00 0.00 0.00 0.00 0.00 0.00 0.00 0.00 0.00 0.00 0.00 0.00 0.00 0.00 0.00 0.00 0.00 0.00 5.33 4.96 5.33 2.86 0.00 6.06 8.18 7.74 8.32 10.44 8.23 4.38 0.00 0.00 0.00 5.62 3.43 6.72 0.00 0.00 3.25 4.13 7.00 6.15 4.71 4.42 0.00 0.00 0.00 0.00 0.00 0.00 0.00 0.00 0.00 0.00 0.00 0.00 0.00 0.00 0.00 0.00 0.00 0.00 0.00 0.00 0.00 0.00 0.00 0.00 0.00 0.00 0.00 0.00 0.00 0.00 0.00 0.00 0.00 0.00 0.00 0.00
0.00 0.00 0.00 0.00 0.00 0.00 0.00 0.00 0.00 0.00 0.00 0.00 0.00 0.00 0.00 0.00 0.00 0.00 0.00 0.00 0.00 0.00 0.00 0.00 3.87 0.00 0.00 3.14 2.92 3.80 0.00 7.90 9.06 3.58 0.00 0.00 0.00 0.00 0.00 0.00 0.00 0.00 0.00 0.00 0.00 0.00 0.00 0.00 0.00 0.00 0.00 0.00 0.00 0.00 0.00 0.00 0.00 0.00 0.00 0.00 0.00 0.00 0.00 0.00 0.00 0.00 0.00 0.00 0.00 0.00 0.00 0.00 0.00 0.00 0.00 0.00 0.00 0.00 0.00 0.00 0.00 0.00 0.00 0.00
