Wansh/Snow_depth/snowdepth-1994/spring/1994066.txt
ncols 321
nrows 161
xllcenter 60
yllcenter 15 
cellsize  0.25 
NODATA_value -1
[rows 0 to 36 of 161, columns 0 to 83 of 321]
17.74 17.74 16.21 23.14 25.26 26.35 25.84 26.06 27.30 27.52 26.43 27.59 27.67 27.38 27.59 27.38 26.86 26.86 27.01 27.67 27.59 27.52 28.18 27.89 28.18 25.99 25.99 25.99 25.99 25.99 26.28 26.50 27.38 27.81 27.74 27.16 26.50 26.21 26.21 26.35 27.01 26.86 27.96 26.65 25.99 26.50 23.21 24.09 23.94 25.40 23.14 23.14 22.85 23.65 23.07 22.63 25.55 23.87 23.51 24.16 23.73 23.36 21.97 24.16 24.38 21.90 22.19 22.48 18.69 19.78 14.02 18.18 17.96 19.56 19.20 21.17 21.17 23.65 23.07 22.92 22.48 22.41 22.92 23.00
24.31 24.31 24.38 25.92 27.08 27.01 27.08 27.45 27.38 27.81 26.86 27.30 28.25 27.30 26.72 27.16 26.21 26.21 26.94 26.65 27.45 27.45 26.28 25.99 25.99 26.57 26.57 26.28 26.13 26.50 26.94 27.30 27.81 26.50 26.06 26.28 26.06 26.72 27.38 26.43 26.79 25.70 25.77 25.70 19.86 21.17 20.81 18.40 19.49 19.13 21.83 21.83 21.32 20.95 21.46 19.56 19.56 21.61 20.95 20.44 21.61 20.81 20.81 20.37 19.49 20.08 17.23 16.79 16.79 14.09 14.09 17.16 20.29 19.86 20.81 23.58 23.58 23.07 23.80 24.02 23.51 24.09 23.94 23.73
24.24 24.24 24.09 24.97 24.45 26.06 26.94 26.50 26.86 27.01 26.57 26.28 26.65 25.04 25.19 26.79 24.97 25.70 22.78 23.36 23.94 23.51 25.33 24.09 25.33 26.13 26.13 24.89 25.84 26.35 26.21 27.08 24.82 25.40 25.92 26.65 26.13 26.35 26.35 24.38 25.48 21.46 19.42 18.40 18.91 16.50 16.79 16.86 17.30 18.69 18.03 18.03 19.86 17.96 18.25 18.69 18.76 18.61 18.76 18.40 18.69 19.05 20.08 19.93 19.78 19.20 18.10 18.32 18.32 18.47 19.42 17.89 20.51 21.39 21.24 22.48 22.48 23.36 23.65 23.29 23.43 23.51 24.02 24.09
24.24 24.24 24.09 24.97 24.45 26.06 26.94 26.50 26.86 27.01 26.57 26.28 26.65 25.04 25.19 26.79 24.97 25.70 22.78 23.36 23.94 23.51 25.33 24.09 25.33 26.13 26.13 24.89 25.84 26.35 26.21 27.08 24.82 25.40 25.92 26.65 26.13 26.35 26.35 24.38 25.48 21.46 19.42 18.40 18.91 16.50 16.79 16.86 17.30 18.69 18.03 18.03 19.86 17.96 18.25 18.69 18.76 18.61 18.76 18.40 18.69 19.05 20.08 19.93 19.78 19.20 18.10 18.32 18.32 18.47 19.42 17.89 20.51 21.39 21.24 22.48 22.48 23.36 23.65 23.29 23.43 23.51 24.02 24.09
24.31 24.31 23.29 24.82 24.24 26.21 26.21 26.28 26.72 26.65 26.13 24.60 24.53 25.84 23.21 22.19 21.97 22.05 21.90 22.70 22.78 21.68 23.43 22.85 24.45 23.36 23.36 24.38 25.26 22.56 24.09 24.97 24.67 25.48 25.99 25.33 25.11 24.97 25.11 20.88 20.22 20.15 19.20 16.94 15.84 15.91 16.94 16.86 16.64 16.72 17.37 17.37 16.35 17.74 18.54 19.64 18.98 19.13 19.20 19.05 18.83 19.78 19.64 19.93 20.08 19.93 20.37 20.37 18.47 19.05 18.83 20.15 20.88 21.83 22.85 22.63 22.63 23.36 23.65 23.51 22.92 22.48 22.41 22.12
24.38 24.38 24.67 23.94 25.77 27.45 27.08 27.30 27.74 25.92 25.84 22.41 23.94 23.58 23.51 22.05 22.05 23.14 23.07 23.29 23.29 22.41 21.39 22.12 21.68 22.70 22.70 20.81 22.34 21.83 23.07 25.92 27.16 26.50 26.86 26.35 23.51 21.32 19.49 20.15 19.42 18.40 17.23 17.37 17.30 17.30 17.45 17.16 16.64 16.79 17.81 17.81 16.06 14.97 17.08 18.10 17.81 19.27 19.86 19.35 19.35 19.64 20.44 19.93 20.59 20.88 20.81 20.95 21.02 18.98 20.15 20.08 20.29 21.61 21.10 20.95 20.95 20.22 22.41 22.27 22.41 21.90 22.19 22.27
25.84 25.84 25.19 25.62 26.79 26.57 27.23 27.74 26.43 26.57 23.58 23.36 23.21 23.65 21.53 22.27 22.12 23.21 24.60 23.21 20.95 21.68 20.95 20.81 21.90 21.39 21.39 22.85 23.58 24.60 24.31 25.77 26.94 22.63 23.43 22.41 22.34 21.39 19.27 19.49 19.27 19.20 16.43 16.72 16.86 16.72 17.01 16.79 17.37 17.30 15.26 15.26 16.28 13.51 13.87 14.97 17.81 18.25 19.27 19.56 18.83 18.91 19.05 19.93 19.78 19.35 20.15 21.39 21.39 20.66 20.81 20.88 20.15 20.51 20.22 20.29 20.29 19.13 17.81 17.74 18.25 20.95 22.27 21.02
25.84 25.84 25.19 25.62 26.79 26.57 27.23 27.74 26.43 26.57 23.58 23.36 23.21 23.65 21.53 22.27 22.12 23.21 24.60 23.21 20.95 21.68 20.95 20.81 21.90 21.39 21.39 22.85 23.58 24.60 24.31 25.77 26.94 22.63 23.43 22.41 22.34 21.39 19.27 19.49 19.27 19.20 16.43 16.72 16.86 16.72 17.01 16.79 17.37 17.30 15.26 15.26 16.28 13.51 13.87 14.97 17.81 18.25 19.27 19.56 18.83 18.91 19.05 19.93 19.78 19.35 20.15 21.39 21.39 20.66 20.81 20.88 20.15 20.51 20.22 20.29 20.29 19.13 17.81 17.74 18.25 20.95 22.27 21.02
25.26 25.26 25.48 25.99 25.84 23.80 25.33 25.19 21.83 24.09 22.34 21.97 23.80 21.17 21.24 23.14 24.02 23.29 23.73 22.92 20.37 20.08 20.66 20.59 21.68 21.83 21.83 21.83 22.92 22.70 21.75 21.97 21.68 21.61 21.53 18.83 19.49 19.05 19.27 18.76 16.94 15.91 16.21 16.35 16.21 16.21 15.40 15.48 15.40 16.13 15.99 15.99 15.55 13.58 14.38 16.86 16.43 16.57 16.43 16.13 18.25 19.13 18.98 18.98 17.96 18.03 18.98 19.78 21.46 21.02 21.10 20.95 20.95 18.91 19.13 18.61 18.61 16.64 17.08 14.45 13.87 17.74 19.71 19.64
24.16 24.16 22.63 23.51 23.58 23.21 21.17 20.95 19.05 19.71 18.83 19.93 22.70 21.90 19.71 21.97 22.41 21.61 19.56 18.98 19.05 19.78 20.29 21.17 20.73 21.53 21.53 20.51 20.66 20.15 20.88 19.42 17.08 17.52 17.45 17.96 17.74 17.30 18.69 18.47 17.01 16.13 16.64 16.64 18.18 16.57 17.16 15.48 15.99 16.21 16.21 16.21 15.84 15.33 14.89 14.24 14.45 14.53 16.43 18.03 17.89 19.42 18.91 19.27 17.01 18.69 18.61 19.13 19.56 18.91 19.49 20.37 20.66 18.47 17.96 17.74 17.74 17.81 15.99 16.21 16.43 17.89 19.20 18.03
22.19 22.19 22.27 19.86 20.51 19.93 17.59 17.30 17.96 16.64 16.35 17.23 18.54 19.93 19.56 21.32 21.61 20.44 20.29 20.22 20.95 20.81 20.95 21.90 21.32 21.39 21.39 19.71 18.47 17.74 16.28 16.57 16.35 16.21 14.38 15.26 14.97 16.64 15.40 15.70 15.62 16.13 18.18 19.20 19.35 18.61 18.69 16.06 16.50 15.40 15.40 15.40 15.48 14.89 14.38 14.53 14.45 14.16 17.16 17.16 15.84 14.02 17.89 15.55 15.91 14.89 13.72 17.01 16.79 18.32 18.25 18.10 18.25 17.45 17.67 17.89 17.89 17.74 17.89 18.40 18.25 18.18 18.47 18.10
22.19 22.19 22.27 19.86 20.51 19.93 17.59 17.30 17.96 16.64 16.35 17.23 18.54 19.93 19.56 21.32 21.61 20.44 20.29 20.22 20.95 20.81 20.95 21.90 21.32 21.39 21.39 19.71 18.47 17.74 16.28 16.57 16.35 16.21 14.38 15.26 14.97 16.64 15.40 15.70 15.62 16.13 18.18 19.20 19.35 18.61 18.69 16.06 16.50 15.40 15.40 15.40 15.48 14.89 14.38 14.53 14.45 14.16 17.16 17.16 15.84 14.02 17.89 15.55 15.91 14.89 13.72 17.01 16.79 18.32 18.25 18.10 18.25 17.45 17.67 17.89 17.89 17.74 17.89 18.40 18.25 18.18 18.47 18.10
20.66 20.66 20.15 19.86 17.52 16.57 16.57 16.57 15.91 16.21 16.28 16.64 18.25 18.83 19.71 20.66 20.08 20.37 20.81 20.95 20.73 21.61 21.39 21.61 21.90 21.83 21.83 16.06 15.77 15.26 15.33 14.97 13.51 13.43 13.14 14.67 14.24 14.89 14.89 15.04 14.82 17.52 17.08 19.93 19.86 19.56 20.00 17.01 15.70 16.06 14.16 14.16 14.09 14.24 13.65 11.61 12.99 13.14 11.97 14.24 14.45 11.97 9.20 9.78 13.36 12.41 12.48 12.05 13.36 15.11 17.52 17.89 17.89 17.52 15.84 16.28 16.28 16.13 18.03 17.45 18.98 18.61 18.47 16.43
16.21 16.21 16.79 16.79 15.55 15.33 15.11 15.04 12.70 14.09 13.43 15.26 15.55 17.16 20.00 19.93 21.83 21.24 20.66 20.95 20.66 19.93 20.37 20.81 16.57 15.04 15.04 15.48 15.18 14.82 12.41 12.34 12.99 12.85 13.43 12.78 14.89 14.89 13.72 14.16 14.24 15.84 15.48 15.40 17.30 15.48 16.13 16.57 14.45 14.16 14.09 14.09 13.87 12.56 13.07 11.17 9.86 10.37 10.44 8.76 8.10 11.17 8.40 7.45 7.23 9.71 10.95 10.66 11.97 13.21 12.85 13.07 14.45 16.86 16.79 16.79 16.79 16.50 18.25 18.25 18.40 17.67 16.35 15.33
13.58 13.58 13.94 13.87 13.14 13.72 12.19 12.48 12.05 11.90 13.36 16.86 14.24 17.45 20.15 19.42 21.32 21.17 20.00 18.98 18.69 18.91 18.61 18.83 15.55 15.33 15.33 14.75 13.72 13.87 13.36 11.83 13.87 13.58 13.87 14.02 14.31 12.85 12.92 12.26 12.41 12.41 13.87 14.02 13.65 14.60 14.31 14.02 14.09 13.58 13.29 13.29 13.58 13.21 11.83 10.07 10.51 7.81 7.59 7.74 7.88 7.74 7.66 7.52 8.25 8.32 8.03 8.76 10.59 12.41 11.75 11.97 12.78 16.13 18.83 18.40 18.40 19.93 19.56 18.25 18.32 18.54 16.35 15.33
13.21 13.21 13.72 12.92 13.51 12.41 11.83 11.90 12.85 12.34 13.29 15.70 16.06 16.72 16.94 16.57 18.98 18.47 19.27 19.05 17.01 15.91 16.57 15.91 17.08 14.97 14.97 14.89 14.09 15.48 14.89 14.53 14.75 14.02 12.92 12.05 11.83 12.05 11.10 11.90 12.41 12.78 12.48 12.85 13.43 14.53 14.45 14.02 13.07 13.51 12.12 12.12 13.58 13.36 13.36 10.29 8.10 8.61 8.47 8.18 7.96 8.47 10.15 10.07 8.61 7.96 8.25 8.10 9.42 10.15 10.73 11.53 11.10 13.72 18.25 19.56 19.56 19.20 19.35 18.54 18.83 18.25 17.96 16.57
13.21 13.21 13.72 12.92 13.51 12.41 11.83 11.90 12.85 12.34 13.29 15.70 16.06 16.72 16.94 16.57 18.98 18.47 19.27 19.05 17.01 15.91 16.57 15.91 17.08 14.97 14.97 14.89 14.09 15.48 14.89 14.53 14.75 14.02 12.92 12.05 11.83 12.05 11.10 11.90 12.41 12.78 12.48 12.85 13.43 14.53 14.45 14.02 13.07 13.51 12.12 12.12 13.58 13.36 13.36 10.29 8.10 8.61 8.47 8.18 7.96 8.47 10.15 10.07 8.61 7.96 8.25 8.10 9.42 10.15 10.73 11.53 11.10 13.72 18.25 19.56 19.56 19.20 19.35 18.54 18.83 18.25 17.96 16.57
13.43 13.43 12.78 13.14 12.99 12.34 11.75 12.92 14.67 13.94 14.24 15.04 15.55 15.55 14.60 15.33 17.01 17.37 17.89 15.11 14.89 14.97 15.26 15.18 15.26 14.67 14.67 14.53 15.77 15.33 15.11 14.97 13.94 12.92 13.36 11.90 10.51 10.80 10.73 11.24 11.39 11.97 12.70 12.34 13.43 13.72 13.51 13.72 12.85 12.05 12.05 12.05 12.85 13.29 10.51 11.10 8.61 9.71 9.34 11.97 10.29 10.07 11.68 11.53 11.68 10.59 8.32 8.18 9.27 10.15 11.17 10.95 11.68 13.51 14.60 18.47 18.47 18.98 19.05 17.52 16.79 17.96 17.67 17.30
14.82 14.82 13.72 12.12 13.72 13.29 13.21 13.58 15.99 16.28 16.35 15.91 15.04 15.33 14.16 14.31 13.29 11.24 11.53 12.34 12.70 11.46 12.41 13.94 15.11 15.04 15.04 15.26 15.18 15.33 14.89 14.24 13.51 13.58 12.19 8.83 9.71 9.93 10.95 11.75 11.46 14.02 13.51 15.04 13.29 14.31 12.85 13.21 13.43 12.63 13.29 13.29 13.43 12.19 11.46 12.48 12.41 11.90 13.43 13.29 13.72 13.58 11.68 12.05 11.53 10.29 10.95 9.71 10.07 10.07 11.02 11.61 11.68 12.26 13.87 15.33 15.33 14.89 16.28 15.11 15.70 14.45 15.62 15.77
15.40 15.40 13.14 14.60 14.31 14.53 15.99 16.43 16.43 17.08 15.33 14.53 13.80 14.16 11.97 9.93 10.51 9.64 10.88 9.93 10.29 10.51 11.97 14.45 15.04 14.45 14.45 13.87 14.02 13.80 14.09 14.24 13.65 13.36 11.32 13.14 12.99 12.56 12.26 16.72 15.77 16.13 14.53 15.77 15.04 15.26 14.16 14.16 13.58 13.87 12.70 12.70 11.90 12.26 12.26 13.36 15.26 15.40 17.30 15.62 15.77 15.04 15.11 14.82 13.94 11.39 10.07 10.29 11.39 11.83 12.05 11.97 11.39 12.56 12.12 14.16 14.16 15.26 15.04 15.62 14.02 14.24 14.16 14.45
14.38 14.38 14.67 14.89 15.11 16.13 16.28 17.16 15.48 17.23 14.24 13.36 11.17 10.95 10.95 9.05 9.56 9.13 9.20 9.27 10.73 13.87 12.05 12.70 14.53 15.62 15.62 15.04 14.45 15.11 16.13 14.89 13.80 14.16 12.70 15.11 14.45 15.40 17.08 16.57 17.45 16.50 15.55 15.62 15.62 14.60 14.75 14.60 13.87 13.94 14.89 14.89 12.70 14.16 16.72 16.35 16.79 17.67 17.52 17.74 16.13 14.82 15.04 14.89 14.45 14.75 12.41 12.34 12.19 12.85 12.48 12.48 12.70 12.34 13.07 14.67 14.67 14.38 15.70 17.45 17.16 18.61 17.08 16.50
15.55 15.55 15.62 16.35 16.35 16.28 16.64 14.82 13.87 17.16 10.15 9.71 10.15 10.80 10.22 11.53 11.39 11.97 15.84 14.24 14.60 14.45 17.08 18.32 17.74 18.18 18.18 17.52 16.28 17.74 16.43 15.84 16.35 14.75 14.45 14.67 13.80 14.60 15.70 15.70 15.55 15.33 16.13 15.91 15.91 16.72 15.70 17.59 17.08 16.64 17.23 17.23 17.01 14.97 17.89 18.98 18.91 17.52 17.23 17.30 16.43 15.48 15.04 14.89 15.26 15.48 15.48 16.43 16.06 13.87 13.94 13.07 13.21 13.36 13.14 15.04 15.04 16.28 15.99 17.89 18.98 18.32 18.98 16.50
15.55 15.55 15.62 16.35 16.35 16.28 16.64 14.82 13.87 17.16 10.15 9.71 10.15 10.80 10.22 11.53 11.39 11.97 15.84 14.24 14.60 14.45 17.08 18.32 17.74 18.18 18.18 17.52 16.28 17.74 16.43 15.84 16.35 14.75 14.45 14.67 13.80 14.60 15.70 15.70 15.55 15.33 16.13 15.91 15.91 16.72 15.70 17.59 17.08 16.64 17.23 17.23 17.01 14.97 17.89 18.98 18.91 17.52 17.23 17.30 16.43 15.48 15.04 14.89 15.26 15.48 15.48 16.43 16.06 13.87 13.94 13.07 13.21 13.36 13.14 15.04 15.04 16.28 15.99 17.89 18.98 18.32 18.98 16.50
17.08 17.08 15.99 15.77 15.62 13.29 13.29 13.43 13.21 8.47 8.76 9.78 9.56 12.19 12.70 12.63 12.63 14.16 16.79 17.30 21.17 17.37 20.81 20.73 19.78 19.27 19.27 18.40 17.08 17.01 17.08 18.32 17.37 15.55 14.31 14.16 13.94 14.16 15.48 14.82 16.21 15.48 16.28 16.50 17.89 17.96 17.37 18.91 21.10 18.10 19.49 19.49 19.78 19.86 18.54 19.27 20.51 20.37 17.89 16.06 16.79 16.64 17.45 18.18 16.13 15.99 16.79 17.37 18.61 18.32 17.96 17.89 14.75 16.79 15.84 15.26 15.26 15.84 16.35 18.18 18.76 18.40 18.03 16.35
16.43 16.43 15.26 15.11 14.02 11.97 9.86 7.52 9.86 7.08 9.05 8.32 10.29 11.02 12.19 12.05 14.24 13.51 16.57 18.32 23.07 19.35 19.64 22.27 21.17 18.25 18.25 16.79 16.35 16.94 18.40 17.16 17.74 16.21 15.33 14.75 16.57 16.72 16.50 15.99 17.45 17.74 20.00 19.78 20.15 21.17 21.46 20.22 22.63 23.29 21.53 21.53 21.17 21.53 20.66 20.29 21.61 21.32 21.75 16.86 17.59 18.54 18.47 20.08 21.32 18.10 19.05 21.32 20.81 21.10 20.51 20.29 18.98 19.35 17.52 15.91 15.91 15.48 15.33 18.32 18.61 18.47 18.61 16.64
17.37 17.37 15.26 13.43 14.02 11.68 9.05 7.15 7.96 6.50 6.64 7.23 9.34 11.17 11.46 12.48 15.04 18.98 22.56 21.75 23.58 23.87 20.66 18.40 18.98 17.81 17.81 15.99 13.14 16.28 16.21 16.43 16.57 16.43 16.06 16.64 16.94 17.74 18.25 18.18 18.25 19.56 20.88 22.70 22.41 22.70 23.43 23.29 23.07 22.27 21.90 21.90 22.19 21.83 25.33 25.84 23.43 22.70 22.85 24.53 20.00 20.95 21.46 21.39 23.00 26.79 26.57 27.01 25.77 24.38 24.38 23.65 22.19 20.29 20.59 19.05 19.05 16.43 16.64 16.06 18.83 19.78 20.95 19.49
19.93 19.93 16.94 13.72 12.48 9.93 10.51 7.81 11.02 10.07 10.37 8.10 9.64 9.71 9.56 11.75 16.86 20.73 23.21 24.24 25.77 21.53 19.05 16.21 12.78 12.56 12.56 14.09 13.65 15.40 17.08 16.43 17.16 17.45 17.37 17.16 17.16 17.81 18.54 19.42 19.86 19.93 20.95 21.90 21.97 23.14 23.07 21.83 21.75 22.27 21.24 21.24 23.29 25.33 25.40 26.43 26.72 24.97 24.09 26.35 25.62 26.13 23.43 26.50 28.84 28.69 27.38 25.26 25.48 25.04 26.35 26.06 24.24 24.45 23.43 20.81 20.81 17.59 18.10 16.57 18.69 21.10 20.73 20.66
21.02 21.02 18.32 16.86 13.14 11.53 13.65 11.24 14.97 14.38 15.70 12.99 10.29 9.71 15.62 20.51 19.56 21.68 22.92 23.51 25.19 18.91 15.04 13.14 12.12 12.48 12.48 14.24 16.57 16.79 16.06 15.91 17.23 17.30 17.52 17.30 17.16 17.45 18.25 18.98 19.86 18.83 19.20 20.00 21.53 21.75 22.70 21.53 18.83 20.22 20.15 20.15 20.73 24.38 26.13 25.70 25.70 25.26 25.77 25.92 24.82 25.77 25.48 26.86 29.57 28.11 28.76 25.19 23.73 25.33 25.26 25.11 24.24 23.94 23.94 22.63 22.63 19.64 16.86 17.52 16.86 20.59 19.13 20.37
21.02 21.02 18.32 16.86 13.14 11.53 13.65 11.24 14.97 14.38 15.70 12.99 10.29 9.71 15.62 20.51 19.56 21.68 22.92 23.51 25.19 18.91 15.04 13.14 12.12 12.48 12.48 14.24 16.57 16.79 16.06 15.91 17.23 17.30 17.52 17.30 17.16 17.45 18.25 18.98 19.86 18.83 19.20 20.00 21.53 21.75 22.70 21.53 18.83 20.22 20.15 20.15 20.73 24.38 26.13 25.70 25.70 25.26 25.77 25.92 24.82 25.77 25.48 26.86 29.57 28.11 28.76 25.19 23.73 25.33 25.26 25.11 24.24 23.94 23.94 22.63 22.63 19.64 16.86 17.52 16.86 20.59 19.13 20.37
18.98 18.98 16.50 17.16 14.16 14.16 15.18 14.89 15.62 17.52 18.61 18.32 18.40 24.02 23.73 25.04 27.52 26.13 26.35 24.02 24.82 14.67 15.18 13.94 12.19 12.63 12.63 14.09 16.94 17.45 18.18 17.74 16.35 16.28 17.30 16.35 17.59 17.89 17.96 17.52 19.93 18.61 18.83 18.32 20.81 21.75 20.66 18.10 18.54 17.08 19.35 19.35 19.56 20.08 23.80 24.45 24.38 24.16 22.48 23.94 23.94 25.19 26.28 26.21 25.92 27.45 24.60 22.27 22.41 23.43 23.58 23.65 23.73 23.43 23.80 22.34 22.34 23.14 21.97 16.28 15.04 17.67 17.52 19.05
18.98 18.98 16.13 15.04 15.18 15.26 15.11 16.13 16.79 18.91 19.27 20.59 24.75 25.04 25.48 27.23 27.67 25.48 21.53 22.41 15.70 14.16 13.14 12.70 13.51 14.75 14.75 14.31 16.57 17.89 18.47 18.54 18.18 17.30 17.67 16.21 16.94 16.64 17.67 19.42 18.61 17.81 17.37 18.03 21.02 21.24 19.42 17.74 17.08 17.30 18.47 18.47 20.66 22.63 22.05 25.19 24.31 24.60 22.41 20.81 21.39 22.63 24.38 24.38 25.92 25.62 24.97 22.34 21.02 20.37 20.37 19.20 18.61 19.13 18.98 19.86 19.86 21.02 17.08 18.25 14.09 13.87 12.63 13.87
18.91 18.91 16.21 15.04 15.55 15.84 15.84 17.96 19.78 19.05 21.02 23.73 24.75 24.89 26.57 26.65 26.94 24.82 20.22 20.81 14.09 13.21 10.88 11.75 11.75 13.72 13.72 14.09 16.79 18.32 17.89 18.91 17.23 17.52 18.25 17.89 17.96 17.74 15.77 15.70 13.21 13.43 15.55 14.67 18.69 18.98 18.91 18.32 17.81 17.23 17.59 17.59 19.56 22.12 23.07 22.48 24.97 22.34 19.42 19.78 18.54 18.47 19.93 22.27 22.92 23.43 23.43 22.34 21.10 19.93 18.69 19.05 16.79 16.50 17.89 17.59 17.59 18.47 17.45 13.80 12.70 12.34 11.46 12.19
14.24 14.24 15.11 14.82 13.51 16.13 15.33 17.74 18.25 18.98 20.29 21.83 23.87 24.82 24.02 24.45 21.83 21.32 20.22 19.49 17.37 11.10 9.86 11.02 11.17 11.24 11.24 13.14 14.97 13.36 14.97 16.86 16.64 17.01 19.05 18.25 14.60 13.65 14.45 11.46 11.75 11.53 13.36 12.56 16.64 18.32 17.37 17.45 18.10 16.86 17.08 17.08 16.86 21.02 20.22 19.05 19.49 21.46 17.59 16.50 16.72 15.77 16.94 20.00 19.42 20.22 20.73 19.93 20.29 19.20 18.32 16.43 17.23 14.24 14.09 12.85 12.85 15.04 14.89 14.97 14.31 13.36 12.48 10.88
11.46 11.46 10.00 12.12 11.46 14.89 15.18 15.91 19.42 19.93 21.24 23.43 23.51 21.24 20.66 16.13 16.50 17.74 14.89 17.37 16.28 8.91 8.98 12.63 11.97 12.26 12.26 11.75 13.14 10.73 13.94 15.70 16.79 18.61 18.76 18.32 13.43 11.24 11.10 11.02 10.66 12.34 13.80 15.77 15.48 17.16 15.84 14.60 14.97 15.84 14.82 14.82 17.37 17.16 20.15 16.86 13.87 10.66 10.66 12.70 12.78 12.26 14.45 18.83 19.42 19.13 18.54 18.10 15.91 15.84 15.48 15.48 13.14 11.17 10.22 9.78 9.78 13.36 14.82 14.82 17.52 15.91 12.92 12.26
9.64 9.64 10.88 12.99 13.80 16.43 14.89 14.75 20.08 22.78 23.00 22.70 22.19 20.81 19.35 16.64 15.48 17.37 15.48 11.17 9.56 15.26 15.77 15.33 13.21 10.66 10.66 8.91 9.42 8.91 12.41 14.02 16.06 14.24 14.24 15.04 14.02 9.56 11.17 12.26 12.85 12.63 13.65 15.40 15.40 15.11 14.53 12.34 9.64 13.14 12.99 12.99 15.33 13.58 11.90 14.09 12.05 8.91 11.90 10.51 17.45 16.13 18.54 18.18 18.98 17.08 16.21 16.72 14.82 14.24 14.31 13.94 14.45 12.85 11.46 13.80 13.80 17.16 18.32 19.64 17.59 18.25 14.75 15.33
9.64 9.64 10.88 12.99 13.80 16.43 14.89 14.75 20.08 22.78 23.00 22.70 22.19 20.81 19.35 16.64 15.48 17.37 15.48 11.17 9.56 15.26 15.77 15.33 13.21 10.66 10.66 8.91 9.42 8.91 12.41 14.02 16.06 14.24 14.24 15.04 14.02 9.56 11.17 12.26 12.85 12.63 13.65 15.40 15.40 15.11 14.53 12.34 9.64 13.14 12.99 12.99 15.33 13.58 11.90 14.09 12.05 8.91 11.90 10.51 17.45 16.13 18.54 18.18 18.98 17.08 16.21 16.72 14.82 14.24 14.31 13.94 14.45 12.85 11.46 13.80 13.80 17.16 18.32 19.64 17.59 18.25 14.75 15.33
7.96 7.96 10.59 12.48 13.43 14.45 18.54 18.32 20.15 22.27 23.65 23.07 22.34 21.61 21.75 19.64 17.08 19.56 16.21 12.70 15.48 16.43 17.74 17.23 14.53 10.95 10.95 7.81 9.27 11.61 12.63 12.41 13.43 11.17 11.97 7.30 8.32 8.32 10.88 12.41 12.56 13.43 13.21 14.09 14.89 13.36 11.46 12.26 10.15 10.73 11.97 11.97 11.90 11.75 11.02 8.61 10.51 7.81 12.99 19.35 17.74 20.44 19.64 19.35 19.64 19.13 18.10 16.86 15.48 15.62 15.77 16.21 15.40 19.64 19.20 19.71 19.71 19.42 20.44 20.81 23.94 22.48 20.00 18.98
