Wansh/Snow_depth/snowdepth-1994/spring/1994084.txt
ncols 321
nrows 161
xllcenter 60
yllcenter 15 
cellsize  0.25 
NODATA_value -1
[rows 74 to 110 of 161, columns 84 to 167 of 321]
0.00 0.00 0.00 0.00 0.00 0.00 0.37 0.37 0.37 1.83 2.19 1.97 1.83 0.00 2.92 3.80 3.80 3.65 3.65 3.14 2.63 3.29 3.36 0.00 0.00 4.74 3.87 3.50 3.94 4.02 3.07 2.85 3.29 2.34 2.85 2.41 1.24 0.00 0.00 0.00 1.90 0.80 1.39 1.39 0.88 1.02 0.44 0.80 1.17 1.02 0.00 0.00 0.00 0.00 0.00 1.02 1.17 2.63 0.66 0.58 0.37 0.00 0.00 0.00 0.00 0.00 0.00 0.00 0.00 1.47 0.95 2.26 0.80 0.00 0.00 0.00 0.00 0.00 0.00 0.00 0.58 0.00 0.37 0.07
0.00 0.00 0.00 0.88 1.02 1.10 1.83 2.56 1.75 3.36 0.00 2.63 2.99 3.36 4.23 3.14 3.80 4.16 4.16 3.50 3.21 3.58 3.72 0.00 4.45 4.67 5.11 3.36 4.09 0.00 3.58 0.00 0.00 0.00 0.00 0.00 0.00 0.00 0.00 0.00 3.29 2.41 1.90 1.90 1.24 0.88 1.24 0.88 1.31 0.37 0.00 0.29 0.73 0.15 0.00 0.22 0.44 0.80 0.95 0.66 0.95 1.02 0.95 1.02 0.29 0.07 0.00 0.37 0.37 0.81 2.34 3.80 0.88 1.24 0.00 0.00 0.00 0.00 0.00 0.00 0.00 0.00 0.44 0.00
0.00 0.00 0.00 0.07 0.95 0.00 0.00 0.00 0.00 4.53 4.89 5.04 5.91 5.77 4.45 4.96 4.67 3.14 3.14 3.50 3.65 4.16 3.94 3.58 3.50 3.87 3.65 3.65 0.00 3.14 0.00 0.00 0.00 0.00 0.00 3.29 0.00 0.00 0.00 0.00 3.87 2.92 3.36 3.36 1.75 1.46 2.41 0.00 0.00 1.39 0.00 0.00 0.00 0.95 0.00 0.66 0.07 1.10 0.51 1.46 1.02 0.44 0.51 0.07 0.73 0.59 0.00 0.66 0.66 1.31 4.23 3.14 2.99 0.66 0.00 0.00 0.00 0.00 0.00 0.00 0.00 0.00 0.07 0.45
0.00 0.00 0.51 1.24 2.04 2.77 3.07 0.00 4.60 4.96 5.40 5.48 6.06 6.13 5.62 5.69 5.91 5.48 5.48 3.72 2.99 4.02 3.58 3.72 4.53 3.21 3.21 0.00 0.00 0.00 0.00 0.00 0.00 0.00 0.00 0.00 0.00 0.00 0.00 0.00 3.65 0.00 3.14 3.14 2.48 0.00 0.00 0.00 0.00 0.00 0.00 0.00 0.00 1.10 0.80 1.46 0.15 0.88 1.24 0.00 1.31 0.66 0.07 0.22 1.31 1.24 0.66 1.10 1.10 1.31 0.58 1.24 1.39 0.73 0.95 0.00 0.00 0.00 0.00 0.00 0.00 0.00 0.81 0.74
1.83 1.46 2.04 0.00 2.92 3.50 3.14 4.31 0.00 3.87 4.74 4.67 5.26 6.06 6.42 6.06 5.26 4.96 4.96 3.50 4.16 3.58 4.02 4.16 4.02 0.00 3.07 0.00 0.00 0.00 0.00 0.00 0.00 0.00 0.00 0.00 0.00 0.00 0.00 0.00 0.00 0.00 0.00 0.00 0.00 0.00 0.00 0.00 0.00 0.00 0.00 0.00 0.00 0.00 2.04 1.83 1.53 0.58 0.73 2.19 1.83 1.61 1.61 1.39 0.29 0.00 0.07 0.51 0.51 1.17 0.00 0.44 0.22 1.31 1.02 0.07 0.00 0.00 0.07 0.00 0.00 1.10 1.91 0.96
0.00 0.00 0.00 2.41 0.00 0.00 3.87 3.80 4.16 3.94 4.38 4.53 5.04 4.82 5.26 5.48 5.04 5.04 5.04 4.96 5.40 4.09 4.09 3.36 3.29 0.00 0.00 0.00 0.00 0.00 0.00 0.00 0.00 0.00 0.00 0.00 0.00 0.00 0.00 0.00 0.00 0.00 0.00 0.00 0.00 0.00 1.68 1.83 1.83 0.00 0.00 0.00 0.00 0.00 0.00 2.04 1.61 1.97 1.90 2.04 1.97 2.19 1.68 0.88 0.37 0.00 0.00 0.44 0.44 0.73 0.29 0.88 1.46 1.17 1.91 0.88 0.51 0.00 0.00 0.00 0.00 1.17 2.04 0.37
0.00 0.00 0.00 0.00 0.00 0.00 0.00 3.72 3.65 3.07 4.09 4.74 4.96 3.87 3.94 4.53 4.02 3.80 3.80 4.23 3.65 3.43 4.09 0.00 0.00 0.00 0.00 0.00 0.00 0.00 0.00 0.00 0.00 0.00 0.00 0.00 0.00 0.00 0.00 0.00 0.00 0.00 0.00 0.00 0.00 0.00 0.00 1.53 0.00 0.00 0.00 0.00 0.00 0.00 0.00 0.00 1.39 1.39 1.31 1.97 2.12 1.61 1.83 2.04 0.00 0.00 0.00 0.00 0.00 0.44 1.10 0.80 1.97 2.63 4.09 2.79 1.35 0.23 0.00 0.00 0.88 1.31 1.24 0.73
0.00 0.00 2.63 0.00 0.00 3.36 2.92 2.41 2.92 0.00 3.29 4.09 4.02 4.09 4.38 3.65 3.72 2.77 2.77 0.00 3.50 0.00 0.00 3.14 0.00 0.00 0.00 0.00 0.00 0.00 0.00 0.00 0.00 0.00 0.00 0.00 0.00 0.00 0.00 0.00 0.00 0.00 0.00 0.00 0.00 0.00 0.00 0.00 0.00 0.00 0.00 0.00 1.39 1.02 0.88 1.02 0.22 1.10 1.17 2.85 2.04 1.39 1.61 1.39 0.00 0.00 0.29 0.00 0.00 0.15 0.00 1.31 0.73 7.52 5.69 7.41 2.88 1.99 2.12 1.72 1.17 0.66 0.58 0.66
0.00 2.41 3.29 0.00 0.00 0.00 0.00 0.00 0.00 0.00 4.23 4.38 0.00 3.94 4.67 4.02 3.43 0.00 0.00 0.00 0.00 0.00 0.00 0.00 0.00 0.00 0.00 0.00 0.00 0.00 0.00 0.00 0.00 0.00 0.00 0.00 0.00 0.00 0.44 1.31 0.00 0.00 0.00 0.00 0.00 0.00 0.00 0.00 0.00 0.00 0.51 0.88 0.80 0.00 0.66 0.00 0.00 0.37 1.02 1.90 1.39 1.75 1.39 1.17 2.12 1.24 0.00 1.24 1.24 0.73 0.29 0.80 4.16 4.45 7.74 4.89 5.33 2.48 2.26 1.39 1.46 1.10 0.00 0.58
3.43 2.48 3.14 2.92 2.77 0.00 0.00 0.00 2.63 3.14 3.72 3.43 3.58 3.94 4.31 5.18 0.00 0.00 0.00 0.00 1.46 0.00 0.00 0.00 0.00 0.00 0.00 0.00 0.00 1.02 0.00 0.00 0.00 0.00 1.53 0.00 1.10 0.00 0.07 0.44 0.66 0.00 0.00 0.00 0.00 0.00 0.00 0.00 0.00 0.00 0.00 0.37 0.44 0.51 0.00 0.00 0.37 0.29 0.51 1.24 0.66 0.66 1.10 1.46 0.80 1.83 1.53 2.41 2.41 1.24 2.04 0.95 1.10 1.53 6.72 7.52 8.91 4.60 1.75 3.14 1.68 1.61 0.00 1.97
0.00 2.63 2.77 2.85 3.21 0.00 0.00 0.00 3.58 0.00 3.07 3.72 3.29 3.58 5.40 4.67 3.72 0.00 0.00 0.00 0.00 0.00 0.00 0.00 0.00 0.00 0.00 0.80 0.88 0.66 0.00 0.00 0.00 0.58 1.17 0.00 0.00 0.58 0.73 0.66 0.44 0.00 0.00 0.00 0.00 0.00 0.00 0.00 0.00 0.80 0.37 0.00 0.00 0.00 0.73 1.46 0.29 0.29 0.00 0.07 0.73 0.58 0.66 1.39 1.75 1.17 3.14 3.58 3.58 2.85 1.02 1.53 1.17 3.36 5.18 7.01 8.76 10.15 7.08 1.83 3.14 2.41 2.19 1.68
2.56 2.48 2.19 3.07 2.56 0.00 2.26 4.02 3.94 3.36 3.43 3.50 0.00 0.00 3.36 3.21 4.38 0.00 0.00 0.00 0.00 0.00 0.00 0.00 0.00 0.00 0.00 0.29 0.73 0.00 0.00 0.00 0.00 0.66 0.88 0.00 0.00 0.29 0.66 1.17 0.80 0.88 0.80 0.80 1.02 0.00 0.00 1.68 2.04 1.97 1.46 0.51 0.00 0.00 0.15 2.26 0.66 0.00 1.75 0.00 0.73 0.60 0.68 1.31 1.83 2.41 2.92 3.50 3.50 2.70 2.12 5.48 1.39 1.83 3.14 4.96 10.73 10.95 4.67 4.23 4.82 4.38 3.14 3.14
3.07 2.99 3.21 2.70 0.00 0.00 0.00 3.07 2.70 0.00 2.41 0.00 0.00 0.00 0.00 0.00 0.00 2.77 2.77 3.21 3.36 4.23 3.94 3.43 0.00 0.00 0.00 1.75 0.00 1.61 0.00 0.00 0.00 0.00 0.00 0.00 0.00 0.00 0.00 1.68 2.04 1.46 1.39 1.39 0.51 2.19 2.41 2.12 2.12 1.75 2.19 1.46 1.02 0.66 2.19 1.83 4.16 5.84 5.40 2.04 2.04 0.88 1.27 1.83 3.80 2.63 2.48 3.94 3.94 1.97 8.32 9.86 12.56 7.23 6.86 6.35 6.94 6.57 4.82 4.89 6.79 7.66 4.60 2.34
1.31 1.53 1.39 0.00 0.00 0.00 0.00 0.00 0.00 0.00 0.00 2.41 0.00 0.00 2.56 0.00 2.41 2.99 2.99 2.85 3.72 3.14 3.50 0.00 0.00 0.00 2.19 0.00 0.00 0.00 0.00 0.00 0.00 0.00 0.00 0.00 0.00 0.66 1.17 0.95 1.24 1.53 1.10 1.10 0.22 2.26 1.75 1.75 1.83 1.31 1.83 1.90 1.24 0.80 1.10 1.31 1.53 4.16 7.23 5.26 4.53 1.83 2.19 2.92 3.26 4.31 6.57 3.36 3.36 5.91 7.52 11.24 11.83 10.51 7.45 7.08 5.69 5.33 5.18 5.40 6.64 7.88 4.53 2.99
1.31 0.66 0.00 0.00 0.00 0.00 0.00 0.00 0.00 0.00 0.00 0.00 0.00 0.00 0.00 2.19 1.90 2.99 2.99 2.63 3.87 3.14 0.00 0.00 0.00 2.85 2.77 0.00 0.00 0.00 0.00 0.00 0.00 0.00 0.00 0.00 0.00 0.73 0.00 0.44 0.00 0.00 1.39 1.39 0.66 1.61 2.48 1.53 2.19 1.39 1.90 1.46 1.75 0.95 0.66 1.83 0.95 1.02 3.36 2.56 2.19 1.68 2.63 1.75 3.76 8.03 10.73 10.95 10.95 13.07 6.35 10.07 11.46 11.10 10.51 6.57 5.18 6.57 6.86 7.01 6.86 6.86 4.53 4.31
1.02 0.58 0.00 0.00 0.00 0.00 0.00 0.00 0.00 0.00 0.00 0.00 0.00 0.00 0.00 2.92 0.00 0.00 0.00 0.00 2.77 2.48 2.34 2.12 2.92 3.21 0.00 0.00 0.00 0.00 0.00 0.00 0.00 0.00 0.00 0.00 0.00 1.02 0.00 0.00 0.00 0.00 0.22 0.22 0.95 1.97 2.19 1.68 1.90 2.34 1.97 2.04 1.90 2.26 2.41 0.88 1.10 2.19 1.11 0.96 2.26 0.00 1.56 8.91 11.41 9.18 13.45 14.16 14.16 8.69 9.86 10.00 11.10 8.98 8.54 5.84 6.06 6.94 6.86 6.19 7.48 6.77 6.97 2.71
0.58 0.29 0.80 0.66 0.00 0.00 0.00 0.00 0.00 0.00 0.00 0.00 0.00 0.00 0.00 0.00 0.00 2.12 2.12 2.63 3.07 0.00 0.00 0.00 2.34 0.00 0.00 0.00 0.00 0.00 0.00 0.00 0.00 0.00 0.00 0.00 0.00 0.00 0.00 0.00 0.00 0.00 0.00 0.00 0.00 1.10 0.80 0.80 0.95 0.95 1.75 2.77 3.87 3.07 5.77 4.74 1.83 0.00 2.77 1.90 0.90 1.39 2.43 8.03 7.01 13.51 15.48 14.20 13.75 12.03 8.98 9.56 7.59 9.27 8.54 5.33 6.72 5.62 7.26 6.80 6.78 8.84 5.38 3.86
0.44 0.22 0.88 0.00 0.00 0.00 0.44 0.00 0.00 0.00 0.00 0.00 0.00 0.00 0.00 0.00 0.00 0.00 0.00 0.00 0.00 0.00 0.00 0.00 0.00 0.00 0.00 0.00 0.00 0.00 0.00 0.00 0.00 0.00 0.00 0.00 0.00 0.00 0.00 0.00 0.00 0.00 0.00 0.00 0.00 0.00 0.00 0.00 0.00 0.51 0.80 1.90 4.53 6.50 7.59 8.25 6.28 4.89 9.73 2.58 3.07 1.75 2.09 3.88 11.56 9.76 13.94 11.46 11.52 11.22 8.36 8.98 8.10 7.37 7.41 5.33 4.96 6.50 8.00 8.16 8.96 10.66 6.16 6.11
0.73 0.00 0.15 0.37 0.00 0.29 0.00 1.24 0.00 0.00 0.00 0.00 0.00 0.00 0.00 0.00 0.00 0.00 0.00 0.00 0.00 0.00 0.00 0.00 0.00 0.00 0.00 0.00 0.00 0.00 0.00 0.00 0.00 0.00 0.00 0.00 0.00 0.00 0.00 0.00 0.00 0.00 0.00 0.00 0.00 0.00 0.00 0.00 0.00 0.58 1.10 0.58 2.41 5.62 9.42 9.71 11.90 14.09 9.13 12.65 3.83 3.59 2.55 2.34 6.79 6.74 12.95 9.05 9.05 5.20 7.61 7.34 10.05 9.78 9.02 5.01 9.64 10.67 8.96 10.06 10.58 5.72 6.67 7.30
2.85 0.22 0.07 0.58 0.00 0.00 0.00 0.00 0.00 0.00 0.00 0.00 0.00 0.00 0.00 0.00 0.00 1.17 1.17 0.00 0.00 0.00 0.00 0.00 0.00 0.00 0.00 0.00 0.00 0.00 0.00 0.00 0.00 0.00 0.00 0.00 0.00 0.00 0.00 0.00 0.00 0.00 0.00 0.00 0.00 0.00 0.00 0.00 1.31 2.70 1.68 2.48 4.96 6.06 8.83 11.90 13.85 15.70 14.60 18.25 14.31 5.32 2.68 0.00 2.14 8.24 5.50 5.18 5.18 2.95 4.82 9.23 7.04 10.56 7.04 15.41 13.21 13.41 10.52 10.39 13.45 8.03 9.07 8.87
1.90 0.00 0.00 1.02 0.00 0.00 0.00 0.00 0.00 0.00 0.00 0.00 0.00 0.00 0.00 0.00 0.00 0.00 0.00 0.00 0.00 0.00 0.00 0.00 0.00 0.00 0.00 0.00 0.00 0.00 0.00 0.00 0.00 0.00 0.00 0.00 0.00 0.00 0.00 0.00 0.00 0.00 0.00 0.00 0.00 0.00 0.00 0.95 1.31 3.21 2.85 2.70 6.56 6.17 9.02 10.60 14.45 14.09 15.91 17.37 10.29 7.92 5.15 0.00 0.00 3.31 6.49 4.67 4.70 1.94 2.14 4.06 2.66 6.56 9.73 8.61 16.54 14.90 11.79 9.78 12.22 6.36 7.26 8.14
2.70 1.90 1.02 2.48 1.17 0.00 0.00 0.00 0.00 0.00 0.00 0.00 0.00 0.00 0.00 0.00 0.00 0.00 0.00 0.00 0.00 0.00 0.00 0.00 0.00 0.00 0.00 0.00 0.00 0.00 0.00 0.00 0.00 0.00 0.00 0.00 0.00 0.00 0.00 0.00 0.00 0.00 0.00 0.00 0.15 0.00 0.00 1.31 2.56 4.82 7.08 6.57 9.05 8.79 7.90 10.39 11.78 18.63 12.38 14.01 15.26 12.18 3.63 0.00 0.00 0.23 3.29 1.61 1.61 1.77 1.14 1.78 3.32 3.02 11.30 12.47 17.95 15.48 12.58 10.63 10.27 5.82 10.95 8.54
2.77 1.46 1.10 1.61 3.07 1.17 0.37 2.12 0.00 0.58 0.00 0.00 0.00 0.00 0.00 0.00 0.00 0.00 0.00 0.00 0.00 0.00 0.00 0.00 0.00 0.00 0.00 0.00 0.44 0.00 0.00 0.00 0.00 0.00 0.00 0.00 0.00 0.00 0.00 0.00 0.66 1.83 1.61 1.61 0.80 1.02 0.07 0.95 1.68 5.11 8.47 12.48 11.53 10.27 10.35 11.92 10.71 11.62 8.90 12.19 7.81 6.01 5.42 1.54 0.00 0.00 2.13 1.33 1.31 0.89 0.78 0.00 1.63 2.26 8.98 13.06 10.45 11.03 11.65 9.29 7.45 8.88 9.21 7.82
5.77 2.41 0.00 2.56 2.26 1.46 3.50 2.85 1.46 2.56 0.00 0.51 0.07 0.00 0.00 0.00 0.00 0.00 0.00 0.00 0.00 0.00 0.00 0.00 0.00 0.00 0.00 1.61 0.15 0.29 0.22 0.00 0.00 0.00 1.39 0.00 0.00 0.00 0.00 0.00 2.48 4.16 2.92 2.92 3.21 2.12 2.19 3.21 7.08 10.03 11.97 13.78 12.92 13.72 11.53 9.90 10.66 9.49 6.91 6.27 6.82 4.99 5.50 2.04 2.15 1.19 1.41 2.26 2.20 0.44 0.07 0.41 1.08 3.92 3.15 8.91 5.50 2.66 6.11 5.36 6.17 5.73 6.26 6.66
5.04 2.12 5.26 6.28 5.40 5.69 7.01 7.37 1.90 2.34 0.00 1.75 0.37 0.00 0.00 0.66 0.80 1.46 1.46 0.00 1.68 0.29 1.10 0.95 1.90 2.12 1.31 0.80 0.95 1.46 1.97 1.02 1.97 3.07 3.50 3.07 0.00 1.02 0.00 2.56 1.39 0.66 1.39 1.39 3.07 5.11 4.82 4.89 6.42 8.98 11.51 12.00 13.66 11.31 7.56 8.11 9.91 7.34 8.97 7.78 9.39 6.35 5.57 4.14 5.40 2.57 1.08 0.82 0.81 0.00 0.00 0.00 0.00 4.79 4.27 6.13 3.40 0.91 1.17 1.43 1.17 1.93 2.16 3.78
8.54 6.86 6.72 7.30 7.96 8.69 7.52 3.94 2.70 0.00 0.00 0.00 0.51 0.00 0.00 0.58 1.02 1.83 1.83 1.68 1.61 0.88 1.17 0.80 1.02 1.46 0.66 0.00 1.53 1.61 2.04 1.46 2.19 4.23 4.82 2.63 2.92 2.48 1.10 0.00 0.00 0.00 0.51 0.51 3.94 4.38 3.80 3.43 5.04 7.91 8.65 9.17 10.95 9.25 9.44 4.80 3.72 4.81 3.99 7.78 4.94 9.30 4.43 4.67 3.14 1.39 2.13 0.70 0.68 0.00 0.00 0.00 0.00 0.18 2.10 1.97 2.58 1.12 0.30 0.00 0.00 0.00 3.87 3.19
5.11 7.45 7.96 7.88 3.72 6.64 9.42 8.54 3.50 0.00 0.00 0.00 0.00 0.00 0.51 1.90 2.19 1.75 1.75 1.17 0.95 1.97 1.31 1.17 1.24 0.00 0.00 0.00 1.31 0.95 1.53 1.83 2.48 2.48 3.94 4.31 4.67 2.99 1.02 0.00 0.00 0.00 0.00 0.00 1.46 2.85 3.07 5.01 6.57 8.50 9.37 10.42 10.63 8.54 10.91 9.13 0.00 4.21 2.30 2.66 8.01 6.18 8.25 5.18 3.29 1.19 2.01 0.95 1.06 0.88 0.00 0.00 0.00 1.10 3.14 2.65 0.51 0.00 0.00 0.00 0.10 1.68 2.70 2.62
0.00 0.00 6.28 4.60 4.89 0.00 5.40 5.87 1.46 1.39 0.00 0.00 0.00 0.00 1.83 0.44 1.46 2.26 2.26 0.95 1.10 2.26 2.19 1.17 0.80 0.00 0.00 0.66 0.80 0.73 1.39 1.39 1.02 0.88 1.31 3.36 3.36 1.24 0.00 0.00 0.00 0.00 0.00 0.00 0.00 1.17 1.68 4.26 5.62 8.25 9.81 11.39 11.64 9.34 7.18 6.21 0.00 0.00 0.00 1.80 4.81 2.98 6.02 6.72 6.20 2.24 2.57 1.96 1.89 1.58 0.00 0.00 0.00 0.61 1.38 1.27 0.22 0.08 0.77 0.00 1.46 1.50 2.42 1.93
0.00 0.00 0.00 0.00 0.00 4.96 4.82 6.13 5.11 3.43 1.24 0.00 0.00 0.00 0.00 0.00 0.80 1.39 1.39 1.02 1.39 0.95 1.68 0.00 0.37 0.15 0.00 0.00 0.15 0.07 0.37 0.29 0.00 0.00 0.22 1.68 1.83 0.66 0.00 0.00 0.00 0.00 0.00 0.00 0.00 0.00 0.00 2.19 5.91 8.32 10.15 10.17 8.67 7.39 8.29 0.00 0.00 0.00 0.00 0.00 1.21 3.94 3.34 8.35 6.90 6.32 2.87 2.39 2.41 2.65 0.91 0.00 0.00 0.33 1.12 0.62 0.67 0.07 0.00 0.64 1.15 2.42 3.42 2.11
0.00 0.00 0.00 0.00 0.00 0.00 0.00 6.35 5.77 2.19 3.50 0.88 0.00 0.00 0.00 0.00 0.66 1.17 1.17 0.73 0.66 0.00 0.58 0.00 0.00 0.00 0.00 0.00 0.00 0.00 0.00 0.00 0.00 0.00 0.00 0.58 0.00 0.00 0.00 0.00 0.00 0.00 0.00 0.00 0.00 0.00 2.05 1.10 3.11 5.95 10.61 11.98 10.08 0.00 0.00 0.00 0.00 0.00 0.00 0.00 0.00 1.28 6.94 7.45 6.51 7.64 4.39 3.61 4.22 2.38 1.28 1.56 0.36 0.00 0.41 0.75 0.57 0.73 0.00 0.80 1.65 1.69 3.08 2.29
0.00 0.00 0.00 0.00 0.00 0.00 0.00 3.94 6.13 5.62 4.23 2.26 0.51 3.94 1.46 0.00 2.85 1.39 1.39 2.12 0.00 0.00 0.00 0.00 0.00 0.00 0.00 0.00 0.00 0.00 0.00 0.00 0.00 0.00 0.00 0.00 0.00 0.00 0.00 0.00 0.00 0.00 0.00 0.00 0.00 0.00 0.66 0.00 2.52 5.73 7.50 8.94 6.39 0.00 0.00 0.00 0.00 0.00 0.00 0.00 0.00 2.71 1.01 5.93 8.50 6.47 7.57 2.54 2.85 3.86 3.42 0.94 0.00 0.00 0.00 0.47 0.00 0.44 0.79 0.76 1.24 0.00 2.13 2.21
0.00 0.00 0.00 0.00 0.00 0.00 0.00 5.77 5.26 3.80 2.92 5.04 1.83 2.77 4.74 4.74 2.29 1.75 1.75 0.00 0.29 0.00 0.00 0.00 0.00 0.00 0.00 0.00 0.00 0.00 0.00 0.00 0.00 0.00 0.00 0.00 0.00 0.00 0.00 0.00 0.00 0.00 0.00 0.00 0.00 0.00 0.00 0.00 1.30 5.43 8.34 0.00 0.00 0.00 0.00 0.00 0.00 0.00 0.00 0.00 0.00 0.00 5.60 4.54 7.51 7.44 8.64 5.05 5.15 7.95 1.62 1.19 0.62 0.00 0.00 0.00 0.86 0.00 0.00 0.09 0.00 0.00 0.00 0.00
0.00 0.00 0.00 0.00 0.00 0.00 0.00 0.00 2.48 0.00 5.55 3.29 5.55 6.79 3.58 6.31 4.53 4.44 4.14 5.04 5.48 0.88 1.31 0.00 0.00 0.88 0.00 0.00 0.00 0.00 0.00 0.00 0.00 0.00 0.29 0.00 0.00 0.00 0.00 0.00 0.44 0.66 0.00 0.00 0.00 0.00 0.00 1.16 5.81 7.97 8.50 0.00 0.00 0.00 0.00 0.00 0.00 0.00 0.00 0.00 0.00 6.05 4.11 4.35 6.88 10.23 7.80 8.04 9.83 4.46 2.84 2.36 2.07 0.00 0.00 1.01 1.04 0.00 0.09 0.00 0.00 0.00 0.00 0.00
0.00 0.00 0.00 0.00 0.00 0.00 0.00 0.00 0.00 0.00 0.00 0.00 0.00 0.00 0.00 0.00 0.00 5.43 5.51 0.00 4.31 5.62 5.84 4.16 2.41 5.84 4.74 5.69 4.16 0.00 0.00 5.26 6.50 4.96 2.34 5.40 5.48 5.55 5.69 5.65 4.14 3.10 3.72 3.72 4.16 0.88 2.85 4.33 3.86 0.00 0.00 0.00 0.00 0.00 0.00 0.00 0.00 0.00 0.00 0.00 0.00 0.00 0.00 4.36 0.00 5.99 3.85 0.00 0.00 2.42 8.34 5.30 3.54 0.00 0.00 0.00 0.73 0.00 1.38 0.00 0.00 0.00 0.00 0.00
0.00 0.00 0.00 0.00 0.00 0.00 0.00 0.00 0.00 0.00 0.00 0.00 0.00 0.00 0.00 0.00 0.00 0.00 0.00 0.00 6.70 5.45 4.16 5.26 4.16 6.37 7.49 7.15 6.79 3.72 6.72 8.54 9.64 7.30 3.65 5.55 7.23 8.61 8.18 8.03 6.38 5.72 5.99 6.69 7.81 6.94 4.82 3.07 6.18 0.00 0.00 0.00 0.00 0.00 0.00 0.00 0.00 0.00 0.00 0.00 0.00 0.00 0.00 0.00 0.00 0.00 0.00 0.00 0.00 2.09 0.00 0.00 2.42 0.00 0.00 0.00 0.00 0.00 0.00 0.00 0.00 0.00 0.00 0.00
0.00 0.00 0.00 0.00 0.00 0.00 0.00 0.00 0.00 0.00 0.00 0.00 0.00 0.00 0.00 0.00 0.00 0.00 0.00 0.00 0.00 0.00 0.00 0.00 0.00 6.16 6.78 4.67 4.60 6.35 8.10 9.49 6.74 7.59 5.69 4.54 0.00 6.57 5.91 5.11 0.00 0.00 0.00 0.00 0.00 6.07 0.00 0.00 0.00 0.00 0.00 0.00 0.00 0.00 0.00 0.00 0.00 0.00 0.00 0.00 0.00 0.00 0.00 0.00 0.00 0.00 0.00 0.00 0.00 0.00 0.00 0.00 0.00 0.00 0.00 0.00 0.00 0.00 0.00 0.00 0.00 0.00 0.00 0.00
0.00 0.00 0.00 0.00 0.00 0.00 0.00 0.00 0.00 0.00 0.00 0.00 0.00 0.00 0.00 0.00 0.00 0.00 0.00 0.00 0.00 0.00 0.00 0.00 0.00 0.00 0.00 0.00 6.06 4.74 0.00 0.00 0.00 0.00 0.00 0.00 0.00 0.00 0.00 0.00 0.00 0.00 0.00 0.00 0.00 0.00 0.00 0.00 0.00 0.00 0.00 0.00 0.00 0.00 0.00 0.00 0.00 0.00 0.00 0.00 0.00 0.00 0.00 0.00 0.00 0.00 0.00 0.00 0.00 0.00 0.00 0.00 0.00 0.00 0.00 0.00 0.00 0.00 0.00 0.00 0.00 0.00 0.00 0.00
