Wansh/Snow_depth/snowdepth-1994/spring/1994102.txt
ncols 321
nrows 161
xllcenter 60
yllcenter 15 
cellsize  0.25 
NODATA_value -1
[rows 0 to 36 of 161, columns 84 to 167 of 321]
17.81 17.45 17.23 15.26 11.24 11.02 10.07 10.07 11.97 16.72 15.55 18.25 7.23 7.23 7.23 11.83 7.45 8.32 8.32 0.00 3.07 2.99 2.04 0.00 0.00 0.00 0.00 0.00 0.00 0.00 0.00 0.00 0.00 0.00 0.00 0.00 0.00 0.00 0.00 0.00 0.00 0.00 0.00 0.00 0.00 0.00 0.00 0.00 0.00 0.00 0.00 0.00 0.00 0.00 0.00 0.00 0.00 0.00 0.00 0.00 0.00 0.00 0.00 0.00 0.00 0.00 0.00 1.83 1.83 1.68 2.56 1.31 0.00 0.00 0.00 0.00 0.00 0.00 0.00 0.00 0.00 2.56 2.63 0.00
17.45 18.61 17.37 16.13 7.37 15.33 16.64 13.51 14.60 16.43 18.98 18.54 20.15 11.83 0.00 0.00 0.00 0.00 0.00 0.00 0.00 0.00 0.58 0.00 0.00 0.00 0.00 0.00 0.00 0.44 0.29 0.37 0.00 0.00 0.00 0.00 0.00 0.00 0.00 0.00 0.00 0.00 0.00 0.00 0.00 0.00 0.00 0.00 0.00 0.00 0.00 0.00 0.00 1.10 0.00 0.80 1.02 3.21 5.04 0.00 1.90 1.90 2.19 4.23 4.38 4.02 0.00 3.07 3.07 4.82 4.82 4.09 2.26 3.29 0.00 0.00 0.00 0.00 0.00 0.00 0.00 2.19 2.19 1.61
16.28 14.67 18.69 14.89 19.49 18.25 20.81 20.15 20.66 18.54 26.13 25.40 20.88 15.84 12.48 0.00 0.00 0.00 0.00 0.00 0.00 0.00 0.00 0.00 0.00 0.00 0.00 0.00 0.00 0.00 0.80 1.10 0.00 0.00 0.51 0.00 0.00 0.00 0.00 0.00 0.00 0.00 0.00 0.00 0.00 0.00 0.00 0.00 0.00 0.00 0.00 0.00 0.00 0.00 2.41 2.26 4.31 4.09 5.62 6.13 6.28 6.94 6.06 6.20 5.26 5.55 6.86 9.86 9.86 9.49 9.34 7.01 5.48 0.00 1.61 0.00 0.00 0.00 0.00 0.00 0.00 0.00 0.22 0.37
16.28 14.67 18.69 14.89 19.49 18.25 20.81 20.15 20.66 18.54 26.13 25.40 20.88 15.84 12.48 0.00 0.00 0.00 0.00 0.00 0.00 0.00 0.00 0.00 0.00 0.00 0.00 0.00 0.00 0.00 0.80 1.10 0.00 0.00 0.51 0.00 0.00 0.00 0.00 0.00 0.00 0.00 0.00 0.00 0.00 0.00 0.00 0.00 0.00 0.00 0.00 0.00 0.00 0.00 2.41 2.26 4.31 4.09 5.62 6.13 6.28 6.94 6.06 6.20 5.26 5.55 6.86 9.86 9.86 9.49 9.34 7.01 5.48 0.00 1.61 0.00 0.00 0.00 0.00 0.00 0.00 0.00 0.22 0.37
12.26 13.51 15.55 15.40 14.16 18.03 21.53 13.43 21.53 24.60 24.97 25.62 19.42 18.25 18.47 14.24 11.97 0.00 0.00 9.56 0.00 0.00 0.00 0.00 0.00 0.00 0.00 0.00 0.00 0.00 0.00 0.37 0.00 1.75 1.83 1.53 0.00 0.00 0.00 0.00 0.00 0.00 0.00 0.00 0.00 0.00 0.00 0.00 0.00 0.00 0.00 0.00 0.00 0.00 1.61 2.56 2.48 3.36 4.82 6.57 7.15 6.94 8.47 8.47 8.69 8.18 7.52 10.07 10.07 10.07 10.22 8.18 6.64 6.86 4.16 2.77 3.65 1.90 0.00 0.00 0.00 0.00 0.00 0.00
11.32 8.61 10.37 3.21 2.85 4.89 6.57 5.84 12.34 4.67 11.10 9.64 15.11 10.07 15.33 12.78 11.61 4.23 4.23 0.00 0.00 0.00 0.00 0.00 0.00 0.00 0.00 0.00 0.00 0.00 0.00 0.00 0.80 0.00 2.34 0.00 0.00 0.00 0.00 0.00 0.00 0.00 0.00 0.00 0.00 0.00 0.00 0.00 0.00 0.00 0.00 0.00 0.00 0.00 0.00 2.12 3.36 3.36 4.82 6.64 6.57 8.54 8.25 10.15 9.93 9.93 10.15 9.49 9.49 9.64 8.76 9.34 7.96 10.15 9.05 4.89 3.14 3.43 3.07 4.31 4.16 1.97 3.14 1.39
3.21 2.19 1.39 1.61 2.04 1.02 0.00 0.00 0.00 0.00 2.63 0.00 4.74 0.00 5.04 5.40 2.77 0.00 0.00 0.00 0.00 0.00 0.00 0.00 0.00 0.00 0.00 0.00 0.00 0.00 0.00 0.00 0.00 0.00 0.00 0.00 0.00 0.00 0.00 0.00 0.00 0.00 0.00 0.00 0.00 0.00 0.00 0.00 0.00 0.00 0.00 0.00 0.00 0.00 1.97 2.12 4.02 4.67 4.67 6.57 7.88 7.81 9.20 10.44 10.44 10.66 11.02 10.00 10.00 8.98 9.34 8.83 9.34 9.13 9.86 8.91 9.20 7.01 5.55 6.28 4.67 4.31 4.74 3.80
3.21 2.19 1.39 1.61 2.04 1.02 0.00 0.00 0.00 0.00 2.63 0.00 4.74 0.00 5.04 5.40 2.77 0.00 0.00 0.00 0.00 0.00 0.00 0.00 0.00 0.00 0.00 0.00 0.00 0.00 0.00 0.00 0.00 0.00 0.00 0.00 0.00 0.00 0.00 0.00 0.00 0.00 0.00 0.00 0.00 0.00 0.00 0.00 0.00 0.00 0.00 0.00 0.00 0.00 1.97 2.12 4.02 4.67 4.67 6.57 7.88 7.81 9.20 10.44 10.44 10.66 11.02 10.00 10.00 8.98 9.34 8.83 9.34 9.13 9.86 8.91 9.20 7.01 5.55 6.28 4.67 4.31 4.74 3.80
0.44 0.95 0.00 0.00 0.00 0.00 0.00 0.00 0.00 0.00 0.00 0.00 0.00 0.00 0.00 4.60 0.00 0.00 0.00 0.00 0.00 0.00 0.00 0.00 0.00 0.00 0.00 0.00 0.00 0.00 0.00 0.00 0.00 0.00 0.00 0.00 0.00 0.00 0.00 0.00 0.00 0.00 0.00 0.00 0.00 0.00 0.00 0.00 0.00 0.00 1.46 0.88 4.60 4.09 2.04 4.60 4.53 4.60 4.45 4.02 6.64 7.88 7.45 9.13 8.91 8.83 8.83 8.40 8.40 8.61 8.32 9.93 10.59 10.29 9.71 10.29 11.17 13.14 13.07 11.83 8.18 8.91 4.67 4.09
0.00 0.00 0.00 0.00 0.00 0.00 0.00 0.00 0.00 0.00 0.00 0.00 0.00 0.00 0.00 0.00 0.00 0.00 0.00 0.00 0.00 0.00 0.00 0.00 0.00 0.00 0.00 0.00 0.00 0.00 0.00 0.00 0.00 0.00 0.00 0.00 0.00 0.00 0.00 0.00 0.00 2.12 0.00 0.00 0.00 1.90 2.26 1.97 3.72 3.65 4.45 6.06 5.99 4.89 3.36 3.43 4.31 3.72 4.02 2.56 3.21 3.07 5.69 7.37 7.37 8.98 8.83 9.13 9.13 9.20 9.27 9.78 11.02 11.02 9.27 10.66 10.29 13.36 12.92 13.29 10.51 6.57 7.23 4.67
0.00 0.00 0.00 0.00 0.00 0.00 0.00 0.00 0.00 0.00 0.00 0.00 0.00 0.00 0.00 0.00 0.00 0.00 0.00 0.00 0.00 0.00 0.00 0.00 0.00 0.00 0.00 0.00 0.00 0.00 0.00 0.00 0.00 1.46 0.00 0.00 3.36 1.75 1.10 4.31 3.43 3.29 5.04 5.04 5.11 3.50 2.92 2.77 3.43 3.21 3.58 1.75 1.68 4.82 3.50 5.33 4.31 8.18 9.27 4.96 3.07 5.26 4.74 7.52 9.05 8.98 10.66 11.32 11.32 11.53 12.12 12.34 10.51 10.66 9.71 9.05 12.63 16.35 15.18 15.18 9.42 8.61 8.54 6.28
0.00 0.00 0.00 0.00 0.00 0.00 0.00 0.00 0.00 0.00 0.00 0.00 0.00 0.00 0.00 0.00 0.00 0.00 0.00 0.00 0.00 0.00 0.00 0.00 0.00 0.00 0.00 0.00 0.00 0.00 0.00 0.00 0.00 1.46 0.00 0.00 3.36 1.75 1.10 4.31 3.43 3.29 5.04 5.04 5.11 3.50 2.92 2.77 3.43 3.21 3.58 1.75 1.68 4.82 3.50 5.33 4.31 8.18 9.27 4.96 3.07 5.26 4.74 7.52 9.05 8.98 10.66 11.32 11.32 11.53 12.12 12.34 10.51 10.66 9.71 9.05 12.63 16.35 15.18 15.18 9.42 8.61 8.54 6.28
0.00 0.00 0.00 0.00 0.00 0.00 0.00 0.00 0.00 0.00 0.00 0.00 0.00 0.00 0.00 0.00 0.00 0.00 0.00 0.00 0.00 0.00 0.00 0.00 0.00 0.00 0.00 0.00 0.00 0.00 0.00 3.14 3.50 2.19 6.13 2.12 5.69 7.96 4.89 4.53 6.20 5.40 5.91 5.91 2.34 2.99 2.70 3.14 3.43 3.72 0.88 0.07 0.37 0.00 0.73 3.36 7.30 6.42 9.93 8.03 8.61 7.01 8.54 6.42 8.76 9.78 9.71 11.10 11.10 12.41 12.34 13.21 12.56 12.92 11.32 12.34 16.13 15.26 16.50 13.51 11.53 12.05 9.13 8.18
0.00 0.00 0.00 0.00 0.00 0.00 0.00 0.00 0.00 3.80 0.00 0.00 4.23 4.16 3.72 3.65 7.66 5.91 5.91 4.38 4.89 0.00 0.00 0.00 0.00 0.00 1.31 2.77 2.12 1.46 6.50 6.79 10.88 5.11 9.05 10.88 7.74 7.74 4.09 4.96 5.11 1.68 1.46 1.46 1.97 0.80 0.51 3.36 2.70 1.02 1.17 0.00 0.00 0.00 0.00 0.00 0.00 5.91 5.55 6.72 6.64 8.18 7.81 9.05 10.22 10.37 10.29 11.10 11.10 10.88 12.48 12.70 13.87 10.07 8.32 10.66 10.66 9.56 11.61 11.24 11.75 8.83 9.34 7.52
0.00 0.00 0.00 0.00 0.00 0.00 0.00 0.00 0.00 6.79 0.00 5.11 6.42 6.28 6.42 6.72 6.79 5.91 5.91 5.69 5.11 4.67 5.11 3.50 6.64 4.74 5.11 3.21 6.57 9.49 8.91 11.97 13.36 10.22 10.07 9.34 6.42 2.19 1.97 1.97 0.00 0.44 0.00 0.00 0.07 0.00 1.68 2.56 1.46 0.29 0.00 0.44 0.15 0.00 0.00 0.00 0.00 0.00 0.58 1.75 4.02 6.64 7.30 7.01 9.05 10.07 9.86 9.93 9.93 11.39 10.95 12.12 10.15 10.88 7.74 9.34 8.61 9.27 7.59 8.54 11.24 12.41 10.37 8.25
0.00 0.00 0.00 0.00 0.00 0.00 4.82 5.91 6.57 6.64 7.66 4.96 7.08 5.33 4.96 4.16 5.77 5.77 5.77 5.91 5.26 3.94 5.77 7.66 7.52 7.74 7.30 6.20 6.13 6.64 11.17 10.15 14.38 10.59 8.98 9.56 3.07 0.00 0.07 0.29 2.48 0.00 0.00 0.00 2.56 2.70 2.56 3.50 3.87 4.02 1.68 1.61 1.53 3.72 3.14 0.00 0.00 0.00 0.00 1.90 3.07 3.80 4.67 4.60 5.69 5.40 7.74 9.56 9.56 9.20 12.19 8.91 8.54 4.02 4.89 7.66 7.15 5.33 7.15 6.28 10.15 8.18 4.45 8.47
0.00 0.00 0.00 0.00 0.00 0.00 4.82 5.91 6.57 6.64 7.66 4.96 7.08 5.33 4.96 4.16 5.77 5.77 5.77 5.91 5.26 3.94 5.77 7.66 7.52 7.74 7.30 6.20 6.13 6.64 11.17 10.15 14.38 10.59 8.98 9.56 3.07 0.00 0.07 0.29 2.48 0.00 0.00 0.00 2.56 2.70 2.56 3.50 3.87 4.02 1.68 1.61 1.53 3.72 3.14 0.00 0.00 0.00 0.00 1.90 3.07 3.80 4.67 4.60 5.69 5.40 7.74 9.56 9.56 9.20 12.19 8.91 8.54 4.02 4.89 7.66 7.15 5.33 7.15 6.28 10.15 8.18 4.45 8.47
0.00 0.00 0.00 0.00 0.00 10.44 9.86 7.15 6.42 5.69 5.91 5.77 7.15 6.57 8.69 7.59 5.91 6.35 6.35 5.26 3.58 4.45 3.58 4.16 7.52 6.50 8.03 5.48 5.04 5.04 9.27 10.66 11.39 10.88 10.44 2.92 3.87 3.58 2.48 3.80 3.94 2.56 1.83 1.83 2.19 1.46 4.31 3.94 3.65 5.84 5.91 3.72 5.26 4.82 4.89 2.12 2.56 1.90 3.50 2.19 5.40 6.57 6.86 6.13 5.84 6.57 6.72 9.34 9.34 13.21 12.63 11.75 4.31 4.23 3.43 6.79 3.07 2.04 2.19 2.77 3.80 2.12 2.41 1.68
0.00 0.00 0.00 3.58 9.13 13.14 12.19 12.78 13.43 6.50 8.03 10.59 10.44 9.20 9.86 8.91 7.59 9.93 9.93 6.64 5.69 5.69 4.09 4.45 6.06 7.81 6.86 7.45 6.64 8.69 8.83 10.80 11.61 10.51 11.24 7.74 6.13 5.99 2.77 2.99 1.31 1.17 0.00 0.00 0.66 1.17 5.26 11.68 8.03 11.24 14.16 14.75 18.83 14.38 8.83 1.39 0.80 3.21 2.12 7.15 11.75 11.10 12.05 9.78 6.86 6.42 10.15 7.96 7.96 12.56 11.17 5.84 8.54 3.14 3.14 0.66 1.83 2.12 2.12 0.00 0.00 0.00 0.00 0.00
0.00 0.00 0.00 0.00 6.13 7.23 12.48 14.67 14.16 12.70 14.09 13.51 12.12 10.80 15.70 11.10 9.71 10.07 10.07 8.54 7.74 6.06 4.82 5.04 6.94 8.18 8.18 7.01 7.81 7.74 5.62 9.13 9.34 6.86 8.54 8.83 3.50 1.17 1.68 0.15 0.07 0.00 0.00 0.00 0.00 4.67 4.09 10.29 12.85 16.13 18.91 21.24 20.08 18.76 5.91 2.85 0.00 1.61 4.74 3.94 9.64 12.05 12.19 10.59 10.15 10.37 10.07 12.63 12.63 9.93 11.24 6.50 1.83 1.83 1.31 0.58 0.00 0.00 0.29 0.73 0.29 0.00 0.15 0.00
0.00 0.00 0.00 3.94 4.74 4.02 8.61 11.68 13.14 11.24 12.92 16.57 21.83 23.36 20.15 13.65 14.53 10.07 10.07 8.76 9.27 7.96 9.78 8.61 9.13 8.83 11.97 9.34 7.23 8.76 3.87 4.23 4.45 3.80 7.08 2.19 2.77 1.39 0.00 1.17 0.73 0.58 0.07 0.07 0.37 0.00 5.77 5.11 8.61 9.05 8.83 18.69 17.30 7.81 9.42 5.11 3.21 3.43 0.00 0.95 4.02 7.88 8.47 8.47 9.49 10.59 10.29 10.07 10.07 8.76 2.48 0.44 0.00 0.00 0.00 0.00 0.00 0.00 0.00 0.00 0.00 0.00 0.00 0.00
0.00 0.00 0.00 3.21 5.26 7.59 10.00 9.13 9.93 13.36 15.33 20.44 18.83 24.02 24.31 20.95 17.81 13.58 13.58 11.46 11.02 10.80 10.66 10.07 13.21 13.94 13.43 14.53 11.02 12.19 6.57 4.23 3.43 2.26 2.12 1.53 0.00 0.00 0.15 2.19 2.85 2.77 0.00 0.00 0.00 0.00 0.00 3.36 2.92 4.82 5.11 3.65 3.50 7.30 5.33 4.89 4.23 1.39 1.83 0.88 1.68 2.34 2.70 3.58 6.86 6.28 6.86 4.23 4.23 3.58 3.07 1.39 0.00 0.00 0.00 0.00 0.00 0.00 0.00 0.00 0.00 0.00 0.00 0.00
0.00 0.00 0.00 3.21 5.26 7.59 10.00 9.13 9.93 13.36 15.33 20.44 18.83 24.02 24.31 20.95 17.81 13.58 13.58 11.46 11.02 10.80 10.66 10.07 13.21 13.94 13.43 14.53 11.02 12.19 6.57 4.23 3.43 2.26 2.12 1.53 0.00 0.00 0.15 2.19 2.85 2.77 0.00 0.00 0.00 0.00 0.00 3.36 2.92 4.82 5.11 3.65 3.50 7.30 5.33 4.89 4.23 1.39 1.83 0.88 1.68 2.34 2.70 3.58 6.86 6.28 6.86 4.23 4.23 3.58 3.07 1.39 0.00 0.00 0.00 0.00 0.00 0.00 0.00 0.00 0.00 0.00 0.00 0.00
0.00 0.00 0.00 0.00 6.86 8.98 11.90 11.17 11.39 12.56 11.90 14.38 9.71 15.48 16.79 16.64 18.03 13.80 13.80 10.51 9.71 10.73 11.24 11.39 12.41 14.82 13.07 13.43 12.99 8.98 4.45 4.96 4.09 1.46 0.58 0.88 0.00 0.00 0.00 0.00 1.46 0.00 0.07 0.07 0.00 0.00 0.00 0.00 0.00 0.00 0.00 0.00 1.46 0.22 1.83 1.83 4.38 2.19 1.53 1.75 1.53 2.19 2.34 2.04 5.48 6.64 3.94 4.67 4.67 3.80 4.09 5.26 2.63 3.36 0.51 0.00 0.00 0.00 0.00 0.00 0.00 0.00 0.00 0.00
0.00 5.77 7.23 6.42 8.91 10.80 15.40 15.26 15.18 14.67 12.34 4.96 8.40 11.53 13.65 11.10 12.99 12.92 12.92 10.73 9.78 12.41 11.97 12.37 12.62 13.15 11.72 10.73 10.59 9.71 10.73 5.11 5.26 4.09 0.29 0.37 0.22 0.00 0.00 0.00 0.00 0.00 0.00 0.00 0.00 0.00 0.00 0.00 0.00 0.00 0.00 0.00 0.00 0.00 0.00 0.00 0.00 0.00 0.00 1.46 2.63 2.56 1.97 1.75 2.70 5.77 3.80 3.21 3.21 4.67 4.02 5.55 3.87 2.34 2.77 0.95 0.73 0.37 0.00 0.00 0.00 0.00 0.00 0.00
3.58 7.08 10.37 13.07 12.85 9.20 9.42 8.18 0.00 0.51 0.00 2.04 5.48 9.42 3.43 8.83 12.56 10.29 10.29 12.92 12.34 13.43 13.65 14.68 13.48 11.84 13.12 11.59 12.19 12.56 12.85 7.66 5.18 6.42 1.83 1.17 2.12 1.68 0.07 1.24 0.00 0.00 0.00 0.00 0.00 0.00 0.00 0.00 0.00 0.00 0.00 0.00 0.00 0.00 0.00 0.00 0.00 0.00 0.88 0.00 2.34 2.41 1.68 1.83 1.39 1.68 2.77 2.34 2.34 3.65 3.87 3.87 2.26 2.63 1.39 1.10 0.58 0.66 0.07 0.00 0.00 0.00 0.00 0.00
2.48 5.18 7.88 3.36 3.72 1.75 3.87 0.15 0.00 0.00 0.37 0.00 0.00 0.58 0.00 5.48 1.39 2.56 2.56 7.30 1.61 8.08 6.62 11.66 9.23 13.69 12.90 11.50 11.89 13.11 12.99 12.48 9.93 8.54 3.29 3.07 4.31 3.43 1.53 0.58 0.00 0.00 0.00 0.00 0.00 0.00 0.00 0.00 0.00 0.00 0.00 0.00 0.00 0.00 0.00 0.00 0.00 0.00 0.00 1.61 1.24 2.26 2.85 2.19 2.19 1.61 4.31 7.37 7.37 8.10 7.52 6.57 3.72 2.34 2.48 2.99 3.07 1.24 0.00 0.07 0.00 0.00 0.00 0.00
3.80 3.07 3.43 2.48 1.53 0.00 0.00 0.00 0.00 0.00 0.00 0.00 0.00 0.00 0.00 0.00 0.00 0.00 0.00 0.84 0.00 1.70 0.00 5.62 4.08 9.13 7.30 12.46 12.94 9.36 14.01 13.80 13.21 12.05 12.12 7.08 7.37 4.31 4.38 0.15 0.37 0.00 0.15 0.15 0.00 0.51 0.15 0.00 0.00 0.00 0.00 0.00 0.00 0.00 0.00 0.00 0.00 0.00 0.00 0.00 0.00 3.72 5.18 4.89 7.15 6.94 8.69 8.10 8.10 9.20 8.32 5.62 3.94 4.31 2.85 3.36 3.58 1.90 0.37 0.44 0.00 0.00 0.00 0.00
3.80 3.07 3.43 2.48 1.53 0.00 0.00 0.00 0.00 0.00 0.00 0.00 0.00 0.00 0.00 0.00 0.00 0.00 0.00 0.87 0.00 1.83 0.00 5.77 4.02 9.13 7.08 11.58 12.09 9.51 14.16 14.37 14.85 12.75 12.43 7.08 7.37 4.31 4.38 0.15 0.37 0.00 0.15 0.15 0.00 0.51 0.15 0.00 0.00 0.00 0.00 0.00 0.00 0.00 0.00 0.00 0.00 0.00 0.00 0.00 0.00 3.72 5.18 4.89 7.15 6.94 8.69 8.10 8.10 9.20 8.32 5.62 3.94 4.31 2.85 3.36 3.58 1.90 0.37 0.44 0.00 0.00 0.00 0.00
3.80 4.60 2.77 1.90 0.00 0.80 0.00 0.00 0.00 0.00 0.00 0.00 0.00 1.83 0.51 0.00 0.00 0.00 0.00 0.00 0.00 0.00 0.00 0.00 0.00 0.00 3.54 0.22 5.04 3.74 10.99 10.97 10.78 15.80 13.55 13.54 9.51 9.78 7.15 1.24 0.00 0.00 0.44 0.44 0.44 0.58 0.37 0.00 0.00 0.00 0.00 0.00 0.00 0.00 0.00 0.00 0.00 0.00 0.00 0.00 0.00 3.07 4.45 7.08 6.79 8.32 8.61 9.34 9.34 7.96 5.33 5.77 3.43 2.92 3.87 4.02 4.09 3.43 2.63 2.63 0.95 0.66 0.00 0.00
3.36 6.42 8.76 6.28 1.83 4.53 0.00 0.00 0.00 0.00 0.00 0.22 0.58 0.88 0.58 0.00 1.75 0.73 0.73 0.00 0.00 0.00 0.00 0.00 0.00 0.00 0.51 0.00 0.00 0.00 0.00 5.40 4.82 14.68 14.76 14.84 13.93 9.83 10.07 10.29 9.86 2.12 2.19 2.19 0.73 0.00 0.22 0.00 0.00 0.00 0.00 0.00 0.00 0.00 0.00 0.00 0.00 0.00 0.00 0.00 0.00 0.00 0.00 4.16 6.50 7.45 6.86 7.37 7.37 8.25 5.26 4.16 3.50 2.85 2.92 3.58 3.58 4.09 3.58 3.80 1.46 2.26 0.00 0.00
4.31 2.99 7.08 8.10 4.23 6.79 1.02 4.74 4.89 8.25 5.69 2.04 1.02 2.99 4.02 3.65 3.36 3.58 3.58 3.80 0.88 1.17 0.00 0.15 0.00 0.00 0.00 0.00 0.00 0.00 0.00 1.31 0.73 2.56 12.29 12.49 12.35 15.62 14.67 14.89 14.97 11.17 2.12 2.12 2.92 0.00 0.00 0.00 0.00 0.00 0.00 0.00 0.00 0.00 0.00 0.00 0.00 0.00 0.00 0.00 0.00 0.00 0.00 5.77 5.55 6.28 5.40 6.94 6.94 4.96 0.00 0.00 2.85 2.56 1.68 2.99 4.16 6.57 6.79 5.33 5.40 4.96 1.24 0.00
0.00 0.44 1.53 0.00 0.00 4.60 4.53 5.69 3.65 7.30 6.06 3.36 1.31 4.53 7.59 6.28 4.89 5.33 5.33 4.02 1.53 0.95 0.00 0.00 0.00 0.07 0.00 0.00 0.00 0.00 0.00 0.00 0.00 0.00 0.00 8.32 12.52 11.12 17.88 17.18 12.99 14.02 8.83 8.83 1.90 2.12 1.02 0.00 0.00 0.00 0.00 0.00 0.00 0.00 0.00 0.00 0.00 0.00 0.00 0.00 0.00 0.00 0.00 0.00 3.87 3.07 4.31 3.50 3.50 4.31 3.14 2.85 1.75 1.02 1.46 2.04 1.75 4.67 6.94 7.23 6.42 5.84 4.60 2.26
0.00 0.00 0.00 0.00 0.00 0.00 0.00 0.15 0.00 0.22 0.00 0.00 0.00 4.38 7.30 2.12 1.17 0.00 0.00 0.00 0.00 0.00 0.00 0.00 0.00 0.00 0.00 0.00 0.00 0.00 0.00 0.00 0.00 0.00 0.00 3.43 5.33 4.23 4.08 14.82 12.18 10.29 9.56 9.56 8.69 3.43 3.94 2.12 1.83 1.17 0.29 0.37 0.00 0.00 0.00 0.00 0.00 0.00 0.00 1.75 1.68 0.00 0.00 0.00 0.00 3.36 2.99 3.36 3.36 2.70 0.00 0.00 0.00 1.02 0.29 1.17 2.99 1.53 5.84 3.58 5.18 4.45 0.00 0.00
0.00 0.00 0.00 0.00 0.00 0.00 0.00 0.00 0.15 0.00 0.00 1.75 0.66 2.56 2.99 1.24 0.00 0.00 0.00 0.00 0.00 0.00 0.00 0.00 0.00 0.00 0.00 0.00 0.00 0.00 0.00 0.00 0.00 0.00 0.00 0.00 0.00 0.44 0.58 0.22 8.11 7.08 6.86 6.86 6.42 3.43 3.29 4.16 4.09 3.50 1.53 0.00 0.44 0.00 0.00 0.00 0.00 0.00 0.00 0.00 0.00 0.00 0.00 0.00 3.80 3.72 3.58 0.00 0.00 2.77 0.00 0.00 0.00 0.07 0.07 0.15 0.00 0.00 0.00 0.51 4.02 2.04 1.97 0.00
0.00 0.00 0.00 0.00 0.00 0.00 0.00 0.00 0.15 0.00 0.00 1.75 0.66 2.56 2.99 1.24 0.00 0.00 0.00 0.00 0.00 0.00 0.00 0.00 0.00 0.00 0.00 0.00 0.00 0.00 0.00 0.00 0.00 0.00 0.00 0.00 0.00 0.44 0.59 0.22 8.03 7.08 6.86 6.86 6.42 3.43 3.29 4.16 4.09 3.50 1.53 0.00 0.44 0.00 0.00 0.00 0.00 0.00 0.00 0.00 0.00 0.00 0.00 0.00 3.80 3.72 3.58 0.00 0.00 2.77 0.00 0.00 0.00 0.07 0.07 0.15 0.00 0.00 0.00 0.51 4.02 2.04 1.97 0.00
0.00 0.00 0.00 0.00 0.00 0.00 0.00 4.22 3.56 0.73 0.00 2.85 3.87 1.46 0.00 0.22 0.00 0.00 0.00 0.00 0.00 0.00 0.00 0.00 0.00 0.00 0.00 0.00 0.00 0.00 0.00 0.00 0.00 0.00 0.00 0.00 0.00 0.00 0.00 0.00 0.00 2.34 2.92 2.92 1.68 1.68 0.80 0.37 1.90 5.48 4.53 2.63 0.95 1.10 0.51 0.00 0.00 0.00 0.00 0.00 0.00 0.00 0.00 0.00 0.00 0.00 0.00 2.19 2.19 2.04 0.00 0.00 0.00 0.00 0.00 0.00 0.00 0.00 0.00 0.00 0.00 3.07 0.00 0.00
