Wansh/Snow_depth/snowdepth-1994/spring/1994070.txt
ncols 321
nrows 161
xllcenter 60
yllcenter 15 
cellsize  0.25 
NODATA_value -1
[rows 0 to 36 of 161, columns 84 to 167 of 321]
26.43 27.23 27.23 26.57 25.62 23.14 19.42 20.51 17.23 19.27 20.22 20.00 21.32 18.47 20.22 18.83 21.97 22.19 22.19 20.29 20.66 20.95 20.15 14.97 16.35 12.19 5.77 6.20 4.96 6.64 6.13 7.81 7.52 10.88 8.03 8.32 4.96 9.71 10.00 10.51 13.36 12.48 14.31 14.31 14.75 10.73 7.88 9.27 7.74 8.18 12.41 13.51 13.58 12.41 12.70 12.41 13.07 10.88 11.02 8.98 9.56 7.30 7.45 7.45 6.64 7.15 6.79 8.18 8.18 8.69 8.25 12.85 13.65 13.65 12.92 14.31 15.26 13.65 15.99 16.13 15.33 13.65 13.14 13.80
26.65 25.77 25.26 24.16 24.60 22.19 19.20 18.47 18.18 18.25 19.64 18.69 19.13 16.94 15.84 16.64 14.60 18.61 18.61 18.47 17.74 20.66 20.08 19.64 14.45 15.33 10.80 5.33 5.69 4.16 5.69 5.26 7.81 7.23 7.52 3.72 4.23 4.31 8.40 6.86 12.99 17.45 16.35 16.35 19.64 19.27 11.90 8.69 9.13 7.81 7.81 7.37 6.79 7.01 6.72 8.47 11.10 10.80 12.34 10.51 8.47 8.69 8.61 8.40 11.75 7.96 10.07 14.67 14.67 15.99 14.75 13.43 12.78 15.11 15.62 18.54 16.35 18.40 16.79 15.99 16.35 16.43 14.38 14.31
26.65 25.70 24.31 21.24 17.45 18.91 18.18 20.88 21.39 21.53 21.53 19.64 18.40 15.33 15.91 13.94 13.14 13.29 13.29 14.60 14.67 14.75 19.64 19.42 18.91 13.51 14.09 11.24 4.53 4.74 4.82 4.89 6.94 7.74 9.42 8.83 6.64 10.00 9.42 11.90 11.97 15.77 19.20 19.20 18.40 22.27 21.90 22.34 17.08 10.88 6.79 6.35 6.50 6.13 7.66 7.45 9.20 11.61 11.32 12.99 13.36 13.29 13.58 13.36 13.51 14.97 16.72 16.43 16.43 17.59 17.89 15.91 16.35 15.55 18.83 17.96 19.64 19.64 18.54 19.05 17.01 15.84 16.79 16.28
26.65 25.70 24.31 21.24 17.45 18.91 18.18 20.88 21.39 21.53 21.53 19.64 18.40 15.33 15.91 13.94 13.14 13.29 13.29 14.60 14.67 14.75 19.64 19.42 18.91 13.51 14.09 11.24 4.53 4.74 4.82 4.89 6.94 7.74 9.42 8.83 6.64 10.00 9.42 11.90 11.97 15.77 19.20 19.20 18.40 22.27 21.90 22.34 17.08 10.88 6.79 6.35 6.50 6.13 7.66 7.45 9.20 11.61 11.32 12.99 13.36 13.29 13.58 13.36 13.51 14.97 16.72 16.43 16.43 17.59 17.89 15.91 16.35 15.55 18.83 17.96 19.64 19.64 18.54 19.05 17.01 15.84 16.79 16.28
22.92 19.64 20.88 19.05 18.76 19.49 18.25 18.40 18.98 20.08 19.20 18.76 18.61 16.50 16.06 17.08 14.02 13.36 13.36 14.38 12.63 14.53 13.94 18.10 17.16 17.45 11.39 7.45 8.25 4.67 4.53 5.04 6.13 6.50 10.59 12.26 12.70 10.73 11.32 11.61 11.02 11.17 11.97 11.97 15.04 20.00 22.63 20.59 21.02 15.26 9.05 10.73 7.30 5.99 6.20 6.13 6.72 6.64 8.69 11.39 12.92 13.94 14.82 14.89 14.24 16.64 16.72 18.91 18.91 18.32 18.61 17.45 17.81 14.97 14.38 15.40 18.47 15.33 16.13 17.59 16.43 16.35 17.37 16.72
23.00 22.27 20.95 21.17 21.75 19.49 16.13 17.52 16.86 16.72 17.30 17.16 16.72 18.47 19.35 19.42 19.20 16.50 16.50 17.16 17.01 13.80 13.51 13.87 16.79 12.99 13.94 8.40 6.35 6.50 6.28 6.13 5.84 8.25 7.88 12.48 10.95 11.75 8.83 8.32 9.93 10.73 11.75 11.75 11.39 14.16 18.40 17.23 18.83 20.44 11.68 7.96 8.25 6.57 6.42 6.35 7.08 8.18 7.96 10.15 13.51 13.07 15.11 15.40 15.55 15.04 16.35 15.77 15.77 16.50 16.79 17.30 17.23 17.16 17.96 14.31 12.56 11.61 11.83 12.99 14.53 16.50 17.16 17.45
23.94 22.63 21.90 21.61 21.83 19.64 20.37 18.25 17.30 16.64 16.72 15.33 13.87 16.94 15.70 19.20 19.78 19.35 19.35 19.20 19.64 20.29 14.89 13.29 13.94 11.68 7.59 7.74 6.86 7.15 7.01 7.59 8.10 7.81 10.80 13.36 13.14 9.64 10.22 8.76 9.13 9.05 9.78 9.78 13.29 12.41 16.79 17.01 17.01 12.78 7.96 8.54 6.72 6.57 6.57 7.74 8.98 8.83 10.80 12.63 12.19 14.67 17.59 17.67 19.13 17.45 17.74 17.01 17.01 16.06 16.21 16.13 15.84 16.13 16.06 16.43 13.21 13.87 12.26 12.85 13.72 17.23 16.06 17.96
23.94 22.63 21.90 21.61 21.83 19.64 20.37 18.25 17.30 16.64 16.72 15.33 13.87 16.94 15.70 19.20 19.78 19.35 19.35 19.20 19.64 20.29 14.89 13.29 13.94 11.68 7.59 7.74 6.86 7.15 7.01 7.59 8.10 7.81 10.80 13.36 13.14 9.64 10.22 8.76 9.13 9.05 9.78 9.78 13.29 12.41 16.79 17.01 17.01 12.78 7.96 8.54 6.72 6.57 6.57 7.74 8.98 8.83 10.80 12.63 12.19 14.67 17.59 17.67 19.13 17.45 17.74 17.01 17.01 16.06 16.21 16.13 15.84 16.13 16.06 16.43 13.21 13.87 12.26 12.85 13.72 17.23 16.06 17.96
21.02 21.61 21.24 20.08 19.13 19.42 18.98 18.40 16.43 15.11 15.48 13.51 12.70 14.24 14.09 15.55 19.56 21.53 21.53 21.53 21.75 20.51 20.66 14.67 9.93 10.73 7.37 6.94 7.01 7.66 7.01 6.86 7.37 10.37 10.66 14.97 13.87 14.24 12.78 10.59 9.78 9.64 10.59 10.59 10.15 10.00 8.76 9.05 8.69 11.75 8.32 7.66 7.45 7.66 8.25 8.03 9.27 9.93 9.78 11.10 13.72 13.21 15.26 15.33 16.43 18.25 18.18 17.45 17.45 16.28 16.43 16.43 16.06 15.91 16.64 16.43 18.76 16.43 14.82 16.50 14.24 12.70 11.17 12.34
19.86 19.71 18.91 19.35 19.05 17.59 17.30 15.77 16.43 13.29 12.92 12.85 12.05 13.21 16.21 19.13 18.76 21.39 21.39 21.61 21.32 20.08 16.72 18.10 9.64 8.32 8.18 7.81 7.96 8.25 7.88 7.08 7.15 10.00 11.75 11.46 13.87 13.14 13.43 10.29 8.61 8.83 9.05 9.05 8.47 8.47 7.96 8.54 8.10 10.80 11.97 11.53 13.87 12.19 12.63 12.05 14.09 13.80 13.51 12.85 14.75 14.24 15.40 15.84 15.70 16.79 17.59 18.47 18.47 17.45 17.89 15.99 14.60 14.24 14.45 14.38 16.86 19.93 18.18 14.16 13.21 12.63 11.39 10.66
19.78 19.27 17.89 17.96 17.01 17.45 16.57 12.48 12.19 12.41 12.78 13.21 14.09 13.51 17.08 18.61 18.10 20.22 20.22 22.34 24.53 24.67 17.45 10.73 11.46 8.40 8.76 8.61 8.47 7.08 7.37 7.15 8.40 7.59 10.07 12.34 11.75 14.24 10.44 10.88 9.27 9.05 10.07 10.07 9.86 9.42 9.64 8.91 12.05 11.83 13.07 14.97 14.89 13.51 12.05 12.19 13.36 14.97 15.26 13.65 14.82 16.13 15.04 15.26 15.55 18.03 17.74 18.40 18.40 19.20 19.71 16.57 15.70 13.94 14.31 14.60 19.42 23.36 19.20 18.98 14.60 15.33 13.51 12.70
19.78 19.27 17.89 17.96 17.01 17.45 16.57 12.48 12.19 12.41 12.78 13.21 14.09 13.51 17.08 18.61 18.10 20.22 20.22 22.34 24.53 24.67 17.45 10.73 11.46 8.40 8.76 8.61 8.47 7.08 7.37 7.15 8.40 7.59 10.07 12.34 11.75 14.24 10.44 10.88 9.27 9.05 10.07 10.07 9.86 9.42 9.64 8.91 12.05 11.83 13.07 14.97 14.89 13.51 12.05 12.19 13.36 14.97 15.26 13.65 14.82 16.13 15.04 15.26 15.55 18.03 17.74 18.40 18.40 19.20 19.71 16.57 15.70 13.94 14.31 14.60 19.42 23.36 19.20 18.98 14.60 15.33 13.51 12.70
16.28 17.16 17.01 15.99 14.31 12.99 13.29 12.63 12.56 12.78 12.78 13.14 17.52 18.32 17.59 21.46 22.27 25.77 25.77 25.19 24.38 16.57 18.18 11.46 11.17 11.10 8.98 7.74 8.03 6.28 8.10 7.74 10.59 13.21 9.56 12.19 15.26 15.04 15.48 13.80 11.61 12.12 11.46 11.46 11.83 11.39 12.34 14.97 14.53 17.16 18.32 18.40 17.30 14.24 15.04 14.02 17.01 18.47 17.67 16.94 16.28 16.35 16.13 16.13 17.45 16.72 17.01 18.69 18.69 19.93 19.27 18.40 18.32 15.33 14.31 17.37 17.16 20.95 21.32 17.67 17.96 16.06 14.16 14.16
16.86 16.43 14.75 15.33 14.67 13.29 13.36 13.29 13.21 13.65 17.81 18.98 18.03 22.05 24.24 23.94 23.65 25.33 25.33 22.27 23.58 16.64 14.82 12.99 11.61 10.44 10.88 7.81 10.00 15.11 14.53 13.51 15.99 15.84 17.89 18.25 16.86 16.13 14.60 15.04 15.33 17.23 16.72 16.72 19.20 19.71 15.04 17.59 18.61 18.69 18.47 16.35 16.86 15.70 15.18 18.03 17.37 18.98 17.74 11.90 12.85 12.70 15.62 18.03 17.67 17.89 16.50 17.01 17.01 18.61 17.96 18.98 17.37 15.04 14.53 14.67 12.56 9.64 17.67 15.84 16.50 16.43 13.94 13.51
17.52 15.55 14.38 13.65 12.92 13.14 13.43 13.58 16.43 15.91 18.98 17.45 20.88 19.93 23.58 23.07 22.48 23.87 23.87 21.32 18.98 18.98 15.70 15.33 11.83 12.05 12.34 13.14 11.10 17.08 19.64 18.83 20.51 19.05 19.13 18.32 14.82 15.26 16.57 16.94 16.21 19.93 20.81 20.81 21.02 19.49 18.61 18.69 19.05 18.54 18.98 19.13 16.28 18.10 21.24 20.51 24.67 21.61 22.19 12.34 10.59 10.51 11.75 10.07 13.87 15.99 15.84 15.84 15.84 16.13 16.64 16.72 14.45 13.94 15.18 9.56 14.75 8.18 4.31 3.87 14.31 18.47 17.08 14.60
17.67 15.91 15.18 14.97 13.51 13.21 11.32 11.53 14.16 9.42 14.60 14.97 12.63 17.74 16.28 20.66 19.56 21.02 21.02 21.02 19.35 16.21 16.35 15.18 14.53 14.53 14.67 14.02 15.33 16.21 18.61 20.00 20.15 17.81 14.97 16.72 13.87 17.59 16.13 20.95 19.42 17.01 21.75 21.75 17.52 18.32 15.55 15.40 15.62 15.04 18.25 16.86 17.59 16.50 20.37 24.02 23.29 23.00 15.55 12.56 12.63 10.80 10.51 11.32 12.05 14.31 14.38 16.13 16.13 17.01 16.28 14.60 14.67 15.11 15.48 16.43 9.49 12.48 0.00 11.83 17.89 17.81 14.53 16.50
17.67 15.91 15.18 14.97 13.51 13.21 11.32 11.53 14.16 9.42 14.60 14.97 12.63 17.74 16.28 20.66 19.56 21.02 21.02 21.02 19.35 16.21 16.35 15.18 14.53 14.53 14.67 14.02 15.33 16.21 18.61 20.00 20.15 17.81 14.97 16.72 13.87 17.59 16.13 20.95 19.42 17.01 21.75 21.75 17.52 18.32 15.55 15.40 15.62 15.04 18.25 16.86 17.59 16.50 20.37 24.02 23.29 23.00 15.55 12.56 12.63 10.80 10.51 11.32 12.05 14.31 14.38 16.13 16.13 17.01 16.28 14.60 14.67 15.11 15.48 16.43 9.49 12.48 0.00 11.83 17.89 17.81 14.53 16.50
15.77 16.06 16.06 15.91 16.72 14.60 10.15 7.74 8.83 7.23 11.02 11.90 11.02 15.04 18.18 18.18 19.49 20.29 20.29 17.30 17.96 15.70 12.92 14.53 14.31 14.97 14.45 14.67 15.11 16.64 16.64 19.20 18.83 18.98 16.43 12.99 13.43 15.11 18.03 17.89 16.79 14.38 11.53 11.53 11.97 11.39 12.56 13.14 12.92 15.40 14.53 15.77 14.60 14.38 14.02 14.31 16.28 15.99 16.21 13.94 13.72 16.06 15.33 13.87 12.78 13.43 16.79 17.01 17.01 19.71 18.18 14.82 14.60 15.55 15.70 12.05 13.58 7.59 8.25 6.50 15.26 12.41 12.48 12.99
15.11 15.70 15.62 17.81 17.08 16.57 15.70 9.42 10.95 7.15 9.34 12.41 15.04 14.38 17.96 17.16 19.86 20.44 20.44 17.23 16.28 16.50 14.53 13.36 14.75 14.16 16.86 16.43 16.43 17.08 16.28 16.43 19.93 17.45 18.32 14.38 10.44 5.69 6.64 3.43 4.45 10.29 9.93 9.93 12.26 11.46 13.87 14.97 17.37 16.79 16.94 15.62 16.06 14.60 13.65 13.58 13.65 13.65 14.02 16.50 18.32 18.32 17.89 17.01 16.57 17.52 19.71 21.32 21.32 20.37 19.93 16.79 15.70 14.31 13.29 12.19 9.71 9.78 9.86 10.00 10.73 10.37 10.88 12.05
14.60 14.82 15.70 16.57 18.54 17.37 17.52 12.56 12.85 10.29 9.56 12.85 13.14 12.85 14.02 14.60 12.48 17.08 17.08 16.79 16.06 15.40 15.99 13.87 13.87 16.64 16.64 15.48 12.56 15.62 12.92 12.92 12.05 11.90 10.95 8.76 9.78 3.87 1.83 2.04 2.26 4.89 10.44 10.44 12.26 15.77 17.45 15.84 18.18 18.83 16.43 16.72 14.31 12.78 13.36 13.07 13.51 13.94 13.80 15.04 17.52 18.25 17.96 16.43 17.37 17.52 18.40 20.88 20.88 21.02 18.32 9.56 9.78 10.80 9.13 11.97 9.56 10.37 10.29 8.98 9.34 10.15 9.78 11.68
15.77 15.70 15.77 18.76 19.13 19.20 18.10 18.47 14.97 18.69 15.91 16.35 12.19 14.75 17.01 11.68 11.53 13.94 13.94 14.67 14.82 14.75 13.80 14.53 14.60 16.13 16.50 16.57 13.87 10.73 9.49 8.98 9.27 9.78 9.34 5.11 0.95 2.70 0.00 0.00 0.00 4.16 7.08 7.08 12.41 11.17 15.55 16.94 14.89 16.13 14.45 13.94 14.16 13.43 13.14 13.94 14.02 12.63 13.14 13.72 15.77 13.94 16.13 16.43 16.72 16.57 17.23 17.45 17.45 13.36 9.13 4.74 5.62 4.67 7.01 5.11 5.40 4.82 5.84 5.69 5.69 6.86 9.13 9.78
16.86 17.37 18.25 18.03 18.76 17.52 18.18 18.32 21.17 20.66 20.59 22.78 23.51 20.37 22.05 15.04 15.77 16.94 16.94 14.53 15.11 14.89 17.01 16.13 19.05 18.61 21.10 17.23 17.59 13.80 9.34 6.35 6.57 7.01 4.09 4.82 0.66 0.00 0.00 0.00 3.50 4.60 4.96 4.96 6.35 10.07 9.49 10.73 13.43 11.10 11.39 11.61 7.66 9.71 11.24 12.63 13.94 12.41 11.32 10.51 11.53 11.83 13.14 16.13 17.08 15.84 14.75 14.02 14.02 14.09 4.38 11.53 4.60 4.45 4.60 3.14 4.16 4.38 4.23 4.89 5.40 7.74 7.08 8.91
16.86 17.37 18.25 18.03 18.76 17.52 18.18 18.32 21.17 20.66 20.59 22.78 23.51 20.37 22.05 15.04 15.77 16.94 16.94 14.53 15.11 14.89 17.01 16.13 19.05 18.61 21.10 17.23 17.59 13.80 9.34 6.35 6.57 7.01 4.09 4.82 0.66 0.00 0.00 0.00 3.50 4.60 4.96 4.96 6.35 10.07 9.49 10.73 13.43 11.10 11.39 11.61 7.66 9.71 11.24 12.63 13.94 12.41 11.32 10.51 11.53 11.83 13.14 16.13 17.08 15.84 14.75 14.02 14.02 14.09 4.38 11.53 4.60 4.45 4.60 3.14 4.16 4.38 4.23 4.89 5.40 7.74 7.08 8.91
16.94 16.72 16.50 14.97 15.55 15.91 15.48 17.96 21.10 24.02 23.58 25.33 23.07 23.58 23.58 21.97 19.20 18.03 18.03 18.47 16.57 17.74 17.89 19.27 19.49 20.66 20.22 17.08 14.60 15.62 11.39 7.08 5.33 5.77 3.07 0.80 1.24 0.00 0.00 2.34 1.39 1.83 0.51 0.51 0.00 0.00 0.00 0.00 1.68 1.61 4.45 5.04 6.72 6.35 7.96 11.02 8.10 6.79 8.32 9.49 11.53 10.88 12.78 18.83 18.25 15.48 16.35 14.09 14.09 14.38 14.02 11.46 8.40 8.69 6.50 3.50 3.07 3.87 3.07 2.99 4.16 5.40 6.72 6.35
16.43 15.77 15.99 15.84 17.89 16.43 16.57 17.81 23.14 23.73 21.32 21.61 21.83 19.13 20.15 20.81 17.67 18.32 18.32 18.61 18.91 19.05 20.37 20.71 20.76 19.84 16.15 16.57 16.57 13.14 9.27 10.00 6.20 3.43 4.74 1.17 0.15 0.95 0.44 1.24 1.17 1.24 0.44 0.44 0.00 0.00 0.00 0.00 0.00 0.00 0.00 2.26 3.29 1.46 3.07 3.36 5.91 5.77 4.53 7.45 9.93 9.49 10.07 11.24 16.21 17.37 15.11 14.09 14.09 13.14 13.94 15.33 10.44 7.45 8.10 4.16 3.50 3.58 3.29 3.80 2.99 2.12 2.26 2.70
18.54 18.47 19.86 18.91 19.27 18.32 20.15 22.70 22.27 23.00 19.64 20.51 16.43 16.57 15.77 16.43 14.89 18.98 18.98 20.37 21.83 21.53 21.75 22.48 23.33 20.19 18.74 18.74 17.96 19.20 17.30 9.13 9.71 6.57 2.85 1.39 2.56 1.97 1.46 1.24 1.68 0.51 0.00 0.00 0.00 0.00 0.00 0.00 0.00 0.00 0.00 0.00 0.00 0.00 0.00 2.19 0.00 2.56 2.04 4.09 7.23 7.52 8.32 8.54 10.15 12.99 13.65 13.94 13.94 13.07 16.13 14.38 12.92 9.34 6.13 6.50 5.40 4.16 4.60 4.38 3.50 1.39 2.04 1.90
20.59 19.86 19.20 18.98 19.27 17.30 18.76 19.71 16.06 17.16 16.21 10.29 10.66 6.28 5.91 13.07 16.50 14.89 14.89 20.22 19.78 16.68 17.31 21.98 21.94 21.26 21.78 19.32 20.24 19.14 19.49 17.89 18.18 12.26 8.18 5.62 3.94 4.23 2.63 1.31 1.39 1.46 0.15 0.15 0.00 0.00 0.00 0.00 0.00 0.00 0.00 0.00 0.00 0.00 0.00 0.00 0.00 0.00 0.00 2.70 7.30 8.18 10.37 8.69 10.95 13.29 19.05 18.18 18.18 18.03 17.81 15.40 12.12 12.85 9.13 8.32 6.20 6.28 4.89 5.18 2.41 1.39 2.85 3.43
18.47 19.20 18.61 17.67 17.23 17.67 17.52 18.18 15.99 14.31 8.69 9.20 7.88 5.11 10.07 8.40 15.40 20.59 20.59 17.89 17.40 12.75 10.99 11.10 19.42 18.61 20.62 20.39 23.12 21.53 19.96 19.78 21.61 19.93 18.76 11.83 8.18 4.38 5.18 2.04 1.02 0.80 0.80 0.80 0.00 0.00 0.00 0.00 0.00 0.00 0.00 0.00 0.00 0.00 0.00 0.00 0.00 0.00 0.00 0.00 4.67 5.33 11.17 11.39 14.09 20.22 18.47 19.56 19.56 18.32 14.97 15.77 10.73 8.25 7.66 7.45 6.42 5.77 5.91 6.06 3.07 2.56 2.70 2.70
18.47 19.20 18.61 17.67 17.23 17.67 17.52 18.18 15.99 14.31 8.69 9.20 7.88 5.11 10.07 8.40 15.40 20.59 20.69 18.47 17.67 13.65 10.71 11.38 19.13 18.61 20.00 18.95 21.61 21.86 20.16 20.61 24.28 21.09 19.24 11.83 8.18 4.38 5.18 2.04 1.02 0.80 0.80 0.80 0.00 0.00 0.00 0.00 0.00 0.00 0.00 0.00 0.00 0.00 0.00 0.00 0.00 0.00 0.00 0.00 4.67 5.33 11.17 11.39 14.09 20.22 18.47 19.56 19.56 18.32 14.97 15.77 10.73 8.25 7.66 7.45 6.42 5.77 5.91 6.06 3.07 2.56 2.70 2.70
18.32 17.96 17.59 17.74 17.37 17.74 19.49 19.27 18.47 18.76 12.56 12.78 14.24 6.86 13.87 22.48 16.13 23.07 23.07 19.35 10.37 11.68 7.41 6.00 6.29 13.79 14.60 15.04 20.88 19.81 24.78 23.90 27.59 25.19 22.20 21.11 21.53 17.37 11.02 6.50 3.50 4.23 1.31 1.31 0.00 0.00 0.00 0.00 0.00 0.00 0.00 0.00 0.00 0.00 0.00 0.00 0.00 0.00 0.00 0.00 0.00 0.00 5.33 8.03 17.52 19.64 18.47 17.45 17.45 17.74 12.85 9.20 10.66 7.52 7.37 7.45 7.81 6.72 7.52 4.53 5.33 2.56 2.04 1.61
15.84 16.35 16.72 17.08 16.28 16.28 18.03 18.25 20.37 20.44 20.44 18.10 17.01 16.94 17.30 21.10 25.11 25.04 25.04 21.06 10.15 5.36 5.99 4.09 3.52 3.19 7.37 9.46 16.91 20.79 19.56 24.53 24.75 26.78 27.08 25.25 20.31 16.36 17.52 11.75 7.96 3.29 4.23 4.23 1.02 0.00 0.00 0.00 0.22 0.00 0.00 0.00 0.00 0.00 0.00 0.00 0.00 0.00 0.00 0.00 0.00 0.00 6.28 9.64 19.20 20.51 17.96 16.94 16.94 13.87 14.89 9.27 6.57 5.40 5.40 7.66 8.98 8.83 7.45 7.96 6.86 5.77 3.65 3.87
12.63 14.02 15.11 15.70 15.18 15.26 16.28 17.96 23.36 20.15 20.95 19.71 15.26 16.86 18.10 17.89 15.70 15.77 15.77 8.98 10.44 5.77 4.16 3.72 3.87 3.72 5.69 5.60 11.90 17.83 20.44 18.47 21.10 25.70 29.05 28.07 28.56 21.75 19.56 20.29 17.08 9.64 2.85 2.85 4.16 0.88 0.00 0.00 0.00 0.15 0.44 0.00 0.00 0.00 0.00 0.00 0.00 0.00 0.00 0.00 0.00 0.00 0.00 17.67 12.19 12.34 18.10 14.60 14.60 13.43 7.81 8.69 5.69 4.09 6.64 9.78 9.64 10.00 9.13 8.69 8.61 8.83 6.94 4.67
13.72 13.87 13.80 15.91 15.48 18.10 17.30 19.78 25.84 23.73 23.65 24.60 17.67 18.32 16.57 13.07 14.24 5.48 5.48 6.64 6.64 6.42 9.93 6.13 5.55 5.62 6.72 8.58 12.26 13.36 15.40 17.08 20.08 19.35 22.92 28.32 31.42 30.94 31.51 27.80 23.73 17.96 19.20 19.20 9.20 4.60 1.31 1.83 0.00 0.00 0.00 0.00 0.00 0.00 0.00 0.00 0.00 0.00 0.00 1.75 0.00 0.00 0.00 0.00 6.28 6.86 6.86 5.62 5.62 10.66 5.33 2.70 1.83 1.68 2.56 8.25 12.05 11.24 13.87 13.36 12.99 11.75 9.78 10.00
10.22 10.44 10.51 14.31 13.51 17.67 21.61 24.31 24.85 22.92 25.11 20.88 19.13 20.08 12.12 9.78 3.65 4.09 4.09 5.26 7.96 14.16 14.38 18.83 11.24 9.27 9.78 9.00 12.12 15.55 12.99 13.72 13.80 18.54 16.64 23.65 27.01 29.57 29.13 29.87 25.53 20.88 15.26 15.26 17.45 9.05 4.09 1.53 5.04 2.12 0.80 1.17 0.00 0.00 0.00 0.00 0.00 0.00 2.26 3.36 1.24 1.61 2.04 0.00 3.07 3.07 2.99 3.72 3.72 0.00 0.00 0.00 0.00 0.00 0.95 0.80 2.85 7.30 11.53 12.34 12.12 12.85 9.93 7.45
11.02 9.49 9.86 11.61 11.02 15.04 23.29 25.33 22.24 21.90 21.10 17.52 12.56 10.15 11.75 4.74 2.77 7.08 7.08 6.35 10.37 19.35 22.12 22.48 23.43 15.04 12.78 14.38 14.08 20.35 22.47 19.44 14.98 13.14 17.45 17.67 17.74 20.50 25.33 24.16 24.63 22.78 21.68 21.68 20.37 20.08 16.28 13.87 10.95 6.28 1.90 2.56 0.00 0.00 0.00 0.00 0.00 0.00 0.00 0.00 3.29 0.95 0.00 0.00 0.00 0.00 0.00 0.00 0.00 0.00 0.00 0.00 0.00 0.00 0.66 0.00 0.00 3.07 6.35 9.64 12.26 11.68 11.02 8.83
11.02 9.49 9.86 11.61 11.02 15.04 23.29 25.33 21.68 21.90 21.10 17.52 12.56 10.15 11.75 4.74 2.77 7.12 7.08 6.35 10.37 19.35 22.12 22.48 23.43 15.04 12.78 14.38 13.87 19.64 21.68 19.35 14.53 13.14 17.53 17.75 17.74 20.40 25.59 24.16 24.38 22.78 21.68 21.68 20.37 20.08 16.28 13.87 10.95 6.28 1.90 2.56 0.00 0.00 0.00 0.00 0.00 0.00 0.00 0.00 3.29 0.95 0.00 0.00 0.00 0.00 0.00 0.00 0.00 0.00 0.00 0.00 0.00 0.00 0.66 0.00 0.00 3.07 6.35 9.64 12.26 11.68 11.02 8.83
14.31 15.26 12.63 11.32 16.13 14.53 24.09 24.46 21.79 18.40 15.48 15.84 12.70 7.74 3.50 4.53 5.48 7.66 7.66 15.04 19.64 19.27 23.21 25.48 28.98 28.98 18.47 19.78 23.65 22.78 24.82 23.14 18.91 13.58 14.53 11.24 8.91 12.34 18.78 14.67 11.83 11.17 14.67 14.67 13.72 19.86 19.49 16.50 18.03 15.11 10.51 8.32 2.48 0.00 0.00 0.00 0.00 0.00 0.00 0.00 0.00 0.00 1.90 1.17 1.39 0.07 0.00 0.00 0.00 0.00 0.00 0.00 0.00 0.00 0.00 0.00 0.00 0.00 2.41 4.09 5.18 7.66 6.13 3.29
