Wansh/Snow_depth/snowdepth-1994/spring/1994065.txt
ncols 321
nrows 161
xllcenter 60
yllcenter 15 
cellsize  0.25 
NODATA_value -1
[rows 37 to 73 of 161, columns 0 to 83 of 321]
5.91 5.91 10.15 8.98 12.70 16.79 15.11 17.96 20.66 22.41 24.09 23.80 24.53 23.65 25.84 23.80 21.68 21.68 22.34 18.10 15.26 16.21 17.89 18.10 14.67 10.44 10.44 9.13 10.59 10.66 11.32 10.29 7.96 7.37 8.83 6.64 9.71 11.68 11.53 11.46 11.46 11.39 11.75 12.99 13.58 12.41 10.66 11.39 10.00 10.37 11.02 11.02 12.78 10.88 11.61 8.98 8.03 12.48 11.68 16.28 19.49 19.71 18.83 18.91 18.83 18.40 21.46 18.98 16.13 19.64 16.50 17.08 16.06 19.56 18.61 19.13 19.13 21.10 24.75 22.56 23.65 9.27 15.91 13.43
0.00 0.00 7.52 11.10 11.61 10.66 13.21 15.40 19.27 21.02 22.12 23.73 25.26 25.70 28.18 26.94 24.60 24.67 20.08 20.66 20.29 17.16 16.13 12.41 9.27 10.22 10.22 8.69 11.17 10.59 8.83 9.34 6.86 9.27 8.03 10.95 10.07 12.19 11.90 11.24 11.24 11.17 10.95 12.26 12.05 12.70 11.97 10.29 10.22 10.37 10.88 10.88 12.48 13.29 11.46 11.68 8.54 11.17 15.26 17.59 16.72 19.64 19.86 19.42 20.81 24.09 22.27 22.63 20.29 23.14 21.46 17.52 15.70 16.06 18.10 18.98 18.98 25.70 17.89 21.68 6.28 20.08 20.00 18.83
0.00 0.00 4.31 3.50 9.13 11.46 10.88 12.48 20.08 23.07 24.89 24.45 28.98 28.25 29.13 28.54 28.54 26.65 22.34 22.27 20.37 20.66 19.20 13.14 12.41 9.78 9.78 9.13 10.95 10.37 10.51 9.34 12.56 11.75 17.45 13.14 13.07 13.43 12.19 12.48 11.39 11.46 10.88 13.29 14.02 14.82 13.51 11.68 10.29 9.71 9.71 9.71 11.17 12.99 12.41 9.78 10.51 9.20 14.53 15.77 16.28 18.25 19.64 19.20 19.93 22.05 26.13 27.59 25.33 24.45 24.97 20.22 20.95 18.98 19.78 15.04 15.04 14.89 23.21 21.53 15.55 16.50 20.44 21.32
0.00 0.00 0.00 0.00 7.74 8.10 12.05 15.62 20.59 22.92 25.26 26.65 28.54 28.84 29.13 28.69 28.84 27.89 27.52 24.89 25.19 20.66 21.97 16.79 16.57 11.83 11.83 11.39 11.17 11.10 11.61 15.62 18.40 22.05 21.68 22.19 16.06 13.80 14.16 15.77 13.29 13.94 14.97 14.53 15.77 17.08 16.94 16.94 12.63 11.68 11.46 11.46 12.26 12.26 12.85 11.61 10.95 13.80 16.21 16.72 16.43 19.56 21.53 21.53 22.78 25.11 28.25 27.59 24.09 24.67 24.60 24.67 25.26 23.00 19.71 15.40 15.40 16.72 19.93 20.51 17.96 19.05 19.05 14.75
0.00 0.00 2.63 1.83 3.14 11.83 14.31 17.08 20.22 22.19 23.21 25.92 27.08 26.86 28.25 29.42 29.42 29.13 29.49 27.01 28.25 23.43 24.45 18.98 19.27 17.89 17.89 12.41 9.20 14.09 14.75 13.21 13.51 22.05 20.95 19.71 21.10 19.49 20.59 21.75 21.61 20.95 19.05 20.73 20.44 20.29 20.08 20.51 19.13 19.49 17.23 17.23 15.55 14.16 12.78 12.48 12.19 13.58 16.21 17.81 19.42 18.54 21.02 23.36 23.07 23.58 25.40 23.73 24.53 22.70 19.49 23.51 22.78 23.73 21.61 23.36 23.36 18.91 20.73 20.37 18.03 16.64 17.59 15.99
4.31 4.31 5.62 13.43 15.40 8.03 15.18 17.37 21.61 23.73 23.07 24.60 25.77 25.77 26.50 27.67 30.15 30.22 32.49 30.81 31.24 26.57 26.13 22.12 19.64 20.51 20.51 14.31 8.61 5.26 9.64 9.05 8.61 15.62 13.58 15.11 21.24 23.36 24.82 23.36 18.91 19.42 16.94 21.32 20.81 20.59 20.44 21.39 21.83 20.29 19.27 19.27 19.13 18.54 14.82 12.99 14.82 13.72 16.57 18.69 19.42 19.49 22.85 23.14 23.51 23.87 23.07 23.43 23.14 20.66 21.10 17.52 23.14 14.31 20.22 18.69 18.69 16.28 17.89 18.25 7.59 12.19 17.92 18.45
6.86 6.86 13.36 17.45 10.66 10.15 17.16 21.10 23.21 23.94 24.02 25.92 25.62 25.92 26.21 29.57 30.00 31.76 31.17 30.30 27.01 25.26 25.99 22.56 20.15 8.03 8.03 2.92 4.53 0.00 7.15 8.18 8.76 9.20 6.94 10.44 14.82 12.48 23.87 21.02 14.89 12.41 10.95 10.51 18.54 21.17 23.80 23.07 25.92 26.65 25.26 25.26 24.38 20.29 21.32 17.08 12.85 15.33 15.11 16.13 16.86 16.72 20.59 22.41 23.21 23.94 22.85 21.83 18.03 19.64 14.60 15.11 9.56 12.63 1.53 4.16 4.16 5.62 1.31 4.31 6.50 6.20 14.38 18.25
15.99 15.99 14.09 12.34 18.91 21.68 21.32 21.97 23.73 25.04 25.70 27.01 27.96 29.05 30.30 30.08 30.51 26.50 28.91 27.96 24.38 23.36 18.69 18.10 18.25 4.23 4.23 0.00 0.00 4.60 3.36 10.07 12.85 13.51 8.18 6.94 9.93 6.64 6.13 12.34 9.20 8.03 8.91 10.73 18.10 16.21 25.62 29.64 31.46 28.18 29.20 29.20 28.47 26.72 27.38 24.97 18.83 20.73 13.58 15.99 17.45 18.83 21.53 24.45 25.70 26.43 24.38 18.83 16.64 11.75 10.80 7.74 5.26 3.14 0.00 0.07 0.07 0.00 0.00 0.58 0.00 4.74 18.61 20.84
19.05 19.05 17.74 16.13 23.21 23.29 23.21 23.29 24.02 24.38 24.45 26.65 28.40 25.99 28.69 17.74 20.88 21.97 23.51 14.60 20.15 11.39 11.75 1.46 0.00 1.61 1.61 0.00 0.00 3.72 15.62 12.48 18.61 21.10 19.71 8.54 9.20 6.35 7.01 5.48 5.69 5.48 5.77 8.98 17.08 24.82 22.92 28.40 29.57 30.22 30.08 30.08 29.13 29.49 28.47 26.72 22.85 14.45 13.72 12.85 19.49 18.61 22.78 24.82 26.28 29.05 27.16 24.24 22.70 17.74 15.55 12.05 1.10 8.83 5.26 0.44 0.44 5.33 0.00 0.07 19.20 18.69 23.29 24.60
19.05 19.05 17.74 16.13 23.21 23.29 23.21 23.29 24.02 24.38 24.45 26.65 28.40 25.99 28.69 17.74 20.88 21.97 23.51 14.60 20.15 11.39 11.75 1.46 0.00 1.61 1.61 0.00 0.00 3.72 15.62 12.48 18.61 21.10 19.71 8.54 9.20 6.35 7.01 5.48 5.69 5.48 5.77 8.98 17.08 24.82 22.92 28.40 29.57 30.22 30.08 30.08 29.13 29.49 28.47 26.72 22.85 14.45 13.72 12.85 19.49 18.61 22.78 24.82 26.28 29.05 27.16 24.24 22.70 17.74 15.55 12.05 1.10 8.83 5.26 0.44 0.44 5.33 0.00 0.07 19.20 18.69 23.29 24.85
20.44 20.44 21.68 22.34 22.63 23.51 23.73 23.36 21.39 20.51 21.39 24.38 17.30 19.56 23.36 7.59 12.92 12.99 7.08 5.84 5.48 4.82 7.59 0.00 0.00 0.00 0.00 0.00 0.00 3.80 16.79 24.02 24.67 24.97 24.82 18.40 9.93 8.83 9.78 8.18 7.15 4.82 6.86 6.13 11.75 22.19 26.57 27.67 27.30 28.91 29.42 29.42 29.49 28.40 27.16 27.52 26.21 22.41 14.67 17.37 17.59 21.46 26.43 27.23 30.15 25.70 23.29 20.44 16.79 17.30 15.77 18.40 17.81 11.02 18.98 12.48 12.48 13.94 1.97 19.86 23.43 25.92 28.18 28.46
17.23 17.23 18.91 18.54 21.24 21.02 8.54 11.90 13.65 14.75 2.99 8.03 8.47 7.96 0.00 0.00 3.65 0.00 0.00 0.00 0.00 0.00 0.00 0.00 0.00 0.00 0.00 0.00 4.82 2.99 14.60 20.95 26.50 25.04 25.92 22.78 14.38 12.19 11.02 10.95 10.29 9.49 4.16 7.66 6.28 12.85 18.98 24.16 27.52 27.52 27.45 27.45 29.13 30.22 28.84 26.72 27.45 26.28 22.70 22.48 17.30 17.16 15.04 20.29 24.02 19.56 21.97 20.59 13.58 14.02 17.81 21.83 19.64 18.03 20.66 18.54 18.54 22.19 18.83 17.08 24.60 27.38 30.00 34.67
18.25 18.25 17.59 17.01 15.26 3.80 1.24 2.34 4.16 0.00 0.00 0.00 0.00 0.00 0.00 0.00 0.00 0.00 0.00 0.00 0.00 0.00 0.00 0.00 0.00 0.00 0.00 0.00 0.00 11.17 10.00 12.12 24.45 25.92 24.31 22.63 23.00 16.57 16.50 14.38 11.17 12.12 9.42 10.29 12.70 16.21 14.24 18.98 24.16 25.70 24.89 24.89 24.45 24.53 24.02 23.87 25.11 25.19 23.00 19.86 17.59 14.60 15.91 9.71 10.22 13.43 4.38 10.88 0.66 2.19 3.72 10.51 16.06 12.34 19.13 21.53 21.53 24.24 20.44 21.10 26.86 28.91 35.88 37.51
12.70 12.70 17.74 10.95 0.80 0.00 0.00 0.00 0.00 0.00 0.00 0.00 0.00 0.00 0.00 0.00 0.00 0.00 0.00 0.00 0.00 0.00 0.00 0.00 0.00 0.00 0.00 0.00 0.00 2.85 4.09 4.67 4.09 21.39 24.24 24.82 26.06 22.05 22.41 18.98 14.09 10.73 11.46 11.10 13.21 17.23 18.32 18.91 22.12 21.02 23.94 23.94 20.59 20.81 22.12 22.70 22.34 22.41 21.32 22.63 19.20 15.99 12.85 8.10 7.66 7.37 0.00 0.00 0.00 0.00 12.63 5.11 16.06 13.58 24.24 25.04 25.04 24.67 21.90 28.03 22.12 25.27 27.81 27.95
5.18 5.18 8.98 4.23 0.00 0.00 0.00 0.00 0.00 0.00 0.00 0.00 0.00 0.00 0.00 0.00 0.00 0.00 0.00 0.00 0.00 0.00 0.00 0.00 0.00 0.00 0.00 0.00 0.00 0.00 0.00 0.00 3.36 13.87 19.78 23.58 24.38 22.41 20.22 21.53 15.91 10.66 10.37 12.99 12.19 15.04 16.64 14.89 18.54 22.70 19.27 19.27 20.59 18.61 21.53 23.94 25.55 30.81 26.35 22.48 23.94 17.30 7.96 9.05 8.54 0.00 0.00 0.00 0.00 0.00 9.56 13.43 22.05 21.90 21.17 24.67 24.67 26.06 26.57 23.94 14.60 16.64 16.21 15.48
0.00 0.00 0.00 0.00 0.00 0.00 0.00 0.00 0.00 0.00 0.00 0.00 0.00 0.00 0.00 0.00 0.00 0.00 0.00 0.00 0.00 0.00 0.00 0.00 0.00 0.00 0.00 0.00 0.00 0.00 0.00 0.00 0.00 0.00 17.23 15.70 20.66 17.08 16.21 12.92 16.28 10.66 9.34 12.19 15.62 16.21 16.50 13.51 13.07 18.03 19.05 19.05 16.94 19.49 21.68 25.84 24.38 30.88 32.63 32.49 34.53 24.75 13.65 20.81 14.53 11.75 16.21 6.50 0.00 12.56 18.76 20.08 23.14 20.95 19.05 21.32 21.32 25.70 7.81 7.74 9.78 12.63 11.24 14.31
0.00 0.00 0.00 0.00 0.00 0.00 0.00 0.00 0.00 0.00 0.00 0.00 0.00 0.00 0.00 0.00 0.00 0.00 0.00 0.00 0.00 0.00 0.00 0.00 0.00 0.00 0.00 0.00 0.00 0.00 0.00 0.00 0.00 0.00 12.48 17.01 11.97 13.21 8.03 9.34 9.49 9.13 8.61 12.19 16.86 18.10 14.24 11.97 12.05 13.36 17.45 17.45 17.30 14.24 19.64 23.51 28.40 32.56 33.07 36.35 33.65 34.82 31.83 23.36 28.84 24.53 27.67 24.16 22.27 21.90 27.16 25.70 20.81 22.70 17.16 10.29 10.29 7.59 9.64 3.80 5.84 8.91 13.21 13.33
0.00 0.00 0.00 0.00 0.00 0.00 0.00 0.00 0.00 0.00 0.00 0.00 0.00 0.00 0.00 0.00 0.00 0.00 0.00 0.00 0.00 0.00 0.00 0.00 0.00 0.00 0.00 0.00 0.00 0.00 0.00 0.00 0.00 0.00 0.00 9.56 3.87 2.04 1.97 2.26 8.91 9.78 11.90 14.24 17.74 17.96 15.18 11.53 6.35 7.45 10.44 10.44 9.27 10.66 13.94 20.66 25.11 30.88 35.19 35.55 37.30 37.96 34.82 30.30 31.24 29.57 25.99 28.11 24.09 24.31 29.78 20.73 16.35 17.23 5.18 5.55 5.55 5.91 1.24 4.23 0.00 5.33 5.26 7.48
0.00 0.00 0.00 0.00 0.00 0.00 0.00 0.00 0.00 0.00 0.00 0.00 0.00 0.00 0.00 0.00 0.00 0.00 0.00 0.00 0.00 0.00 0.00 0.00 0.00 0.00 0.00 0.00 0.00 0.00 0.00 0.00 0.00 0.00 0.00 2.63 0.00 0.00 0.73 8.61 6.35 10.22 9.78 8.18 4.89 1.31 1.10 0.66 0.44 1.39 6.42 6.42 6.50 8.54 15.26 13.51 26.43 35.77 34.82 37.81 38.84 38.69 37.01 30.08 33.58 31.24 29.05 28.62 29.78 27.30 11.46 12.48 9.86 2.56 2.34 1.17 1.17 0.00 0.00 0.22 0.00 0.00 0.00 0.00
0.00 0.00 0.00 0.00 0.00 0.00 0.00 0.00 0.00 0.00 0.00 0.00 0.00 0.00 0.00 0.00 0.00 0.00 0.00 0.00 0.00 0.00 0.00 0.00 0.00 0.00 0.00 0.00 0.00 0.00 0.00 0.00 0.00 0.00 0.00 0.00 0.00 0.00 0.00 5.69 9.27 6.86 7.45 3.07 0.00 0.00 0.00 0.00 0.00 0.00 0.00 0.00 2.34 4.74 8.25 9.27 18.69 29.78 35.70 36.94 39.06 36.43 34.24 33.80 32.49 32.78 26.79 15.84 26.79 15.62 4.96 6.64 6.57 0.07 0.44 0.15 0.15 0.15 0.73 0.51 0.00 0.00 0.00 0.00
0.00 0.00 0.00 0.00 0.00 0.00 0.00 0.00 0.00 0.00 0.00 0.00 0.00 0.00 0.00 0.00 0.00 0.00 0.00 0.00 0.00 0.00 0.00 0.00 0.00 0.00 0.00 0.00 0.00 0.00 0.00 0.00 0.00 0.00 0.00 0.00 0.00 0.00 0.00 1.10 5.55 1.83 0.00 0.00 0.00 0.00 0.00 0.00 0.00 0.00 1.68 1.68 10.37 12.78 12.56 10.66 13.43 20.51 29.64 30.88 36.21 27.89 32.63 28.03 32.49 23.36 25.48 15.77 14.02 2.70 1.90 3.07 0.00 0.00 0.00 0.00 0.00 0.37 0.00 0.00 0.00 0.00 0.00 0.00
0.00 0.00 0.00 0.00 0.00 0.00 0.00 0.00 0.00 0.00 0.00 0.00 0.00 0.00 0.00 0.00 0.00 0.00 0.00 0.00 0.00 0.00 0.00 0.00 0.00 0.00 0.00 0.00 0.00 0.00 0.00 0.00 0.00 0.00 0.00 0.00 0.00 0.00 0.00 0.00 1.46 0.00 0.00 0.00 0.00 0.00 0.00 0.00 0.00 0.51 12.48 12.48 15.70 16.13 15.40 15.11 21.75 25.55 28.18 25.55 23.07 24.16 14.89 22.92 10.51 16.86 5.91 5.69 0.44 0.00 0.00 0.00 0.00 0.00 0.00 0.00 0.00 0.00 0.00 0.00 0.00 0.00 0.00 0.00
0.00 0.00 0.00 0.00 0.00 0.00 0.00 0.00 0.00 0.00 0.00 0.00 0.00 0.00 0.00 0.00 0.00 0.00 0.00 0.00 0.00 0.00 0.00 0.00 0.00 0.00 0.00 0.00 0.00 0.00 0.00 0.00 0.00 0.00 0.00 0.00 0.00 1.17 3.21 5.91 7.08 0.00 0.00 0.00 0.58 0.51 1.97 9.86 11.90 16.57 19.27 19.27 18.69 19.64 21.97 21.02 22.12 23.07 25.40 24.53 22.34 5.62 6.94 4.31 8.98 0.88 3.87 0.73 0.00 0.00 0.00 0.00 0.00 0.00 0.00 0.00 0.00 0.00 0.00 0.00 0.00 0.00 0.00 0.00
0.00 0.00 0.00 0.00 0.00 0.00 0.00 0.00 0.00 0.00 0.00 0.00 0.00 0.00 0.00 0.00 0.00 0.00 0.00 0.00 0.00 0.00 0.00 0.00 0.00 0.00 0.00 0.00 0.00 0.00 0.00 0.00 5.04 0.00 0.00 3.43 7.15 9.20 10.80 12.48 11.83 10.88 8.32 10.66 11.83 8.32 13.94 13.21 14.53 16.64 19.05 19.05 19.93 23.51 22.27 22.19 21.10 14.16 11.61 15.04 6.86 5.91 0.29 0.66 0.00 0.00 0.00 0.00 0.00 0.00 0.00 0.00 0.00 0.00 0.00 0.00 0.00 0.00 0.00 0.00 0.00 0.00 0.00 0.00
0.00 0.00 0.00 0.00 0.00 0.00 0.00 0.00 0.00 0.00 0.00 0.00 0.00 0.00 0.00 0.00 0.00 0.00 0.00 0.00 0.00 0.00 0.00 0.00 0.00 0.00 0.00 0.00 0.00 0.00 1.83 8.98 8.25 6.50 7.37 11.97 15.04 15.18 14.75 15.04 13.07 12.19 8.47 9.05 10.44 12.70 13.80 15.40 15.04 16.50 19.35 19.35 22.05 21.17 20.59 19.86 17.81 13.21 10.07 9.13 4.74 2.34 0.00 0.00 0.00 0.00 0.00 0.00 0.00 0.00 0.00 0.00 0.00 0.00 0.00 0.00 0.00 0.00 0.00 0.00 0.00 0.00 0.00 0.00
0.00 0.00 0.00 0.00 0.00 0.00 0.00 0.00 0.00 0.00 0.00 0.00 0.00 0.00 0.00 0.00 0.00 0.00 0.00 0.00 0.00 0.00 0.00 0.00 0.00 0.00 0.00 0.00 0.00 0.00 5.33 11.02 14.60 14.67 13.43 14.97 17.89 17.08 14.45 12.56 10.80 10.59 8.32 8.10 9.78 11.90 14.02 15.04 16.79 16.43 17.37 17.37 17.81 18.83 19.35 17.37 9.86 10.07 10.44 8.69 0.66 0.73 0.00 0.00 0.00 0.00 0.00 0.00 0.00 0.00 0.00 0.00 0.00 0.00 0.00 0.00 0.00 0.00 0.00 0.00 0.00 0.00 0.00 0.00
0.00 0.00 0.00 0.00 0.00 0.00 0.00 0.00 0.00 0.00 0.00 0.00 0.00 0.00 0.00 0.00 0.00 0.00 0.00 0.00 0.00 0.00 0.00 0.00 0.00 0.00 0.00 0.00 3.07 1.31 7.59 11.39 13.21 11.97 11.75 11.10 16.13 15.33 13.51 10.66 9.42 8.32 9.05 10.15 9.78 11.61 14.16 13.43 15.04 10.73 14.31 14.31 15.26 13.07 8.32 8.54 8.61 9.05 11.68 12.26 9.42 4.96 0.37 0.00 0.00 0.00 0.00 0.00 0.00 0.00 0.00 0.00 0.00 0.00 0.00 0.00 0.00 0.00 0.00 0.00 0.00 0.00 0.00 0.00
0.00 0.00 0.00 0.00 0.00 0.00 0.00 0.00 0.00 0.00 0.00 0.00 0.00 0.00 0.00 0.00 0.00 0.00 0.00 0.00 0.00 0.00 0.00 0.00 0.00 0.00 0.00 0.00 4.09 11.24 11.53 11.68 10.73 7.96 7.45 6.50 11.75 10.22 10.37 8.76 7.37 7.45 9.20 10.37 11.61 13.36 10.73 8.32 7.37 11.46 12.05 12.05 13.36 12.41 9.20 8.10 9.34 12.70 11.46 10.07 7.08 6.75 4.38 1.90 0.44 0.00 0.00 0.00 0.00 0.00 0.00 0.00 0.00 0.00 0.00 0.00 0.00 0.00 0.00 0.00 0.00 0.00 0.00 0.00
0.00 0.00 0.00 0.00 0.00 0.00 0.00 0.00 0.00 0.00 0.00 0.00 0.00 0.00 0.00 0.00 0.00 0.00 0.00 0.00 0.00 0.00 0.00 0.00 0.00 0.00 0.00 0.00 3.14 10.80 10.44 7.96 4.82 5.40 2.12 2.26 8.18 7.52 6.72 5.55 5.55 6.42 8.18 10.29 10.15 10.88 10.66 9.64 7.88 9.78 13.72 13.72 11.68 10.07 10.51 11.83 14.53 13.51 12.99 12.70 9.13 5.40 5.26 0.00 0.29 0.22 0.66 0.00 0.00 0.00 0.00 0.00 0.00 0.00 0.00 0.00 0.00 0.00 0.00 0.00 0.00 0.00 0.00 0.00
0.00 0.00 0.00 0.00 0.00 0.00 0.00 0.00 0.00 0.00 0.00 0.00 0.00 0.00 0.00 0.00 0.00 0.00 0.00 0.00 0.00 0.00 0.00 0.00 0.00 0.00 0.00 4.67 2.77 8.03 5.40 4.82 0.51 0.00 0.00 0.00 0.00 0.00 0.07 0.00 6.35 7.52 8.25 9.49 11.32 11.68 11.97 10.80 8.91 8.69 9.71 9.71 11.75 11.75 11.90 14.45 17.30 14.67 10.37 9.05 5.40 4.89 5.11 3.36 2.19 2.19 0.95 1.02 0.00 0.00 0.00 0.00 0.00 0.00 0.00 0.00 0.00 0.00 0.00 0.00 0.00 0.00 0.00 0.00
0.00 0.00 0.00 0.00 0.00 0.00 0.00 0.00 0.00 0.00 0.00 0.00 0.00 0.00 0.00 0.00 0.00 0.00 0.00 0.00 0.00 0.00 0.00 0.00 0.00 0.00 0.00 3.43 4.82 0.00 0.44 1.10 0.00 0.00 0.00 0.00 0.00 0.00 0.00 0.00 0.66 7.59 7.88 7.88 10.22 12.34 11.83 10.37 10.80 12.26 13.80 13.80 12.70 12.85 14.16 15.18 11.90 9.42 9.86 7.81 7.23 4.23 4.31 5.11 1.17 1.61 1.31 1.02 0.00 0.00 0.00 0.00 0.00 0.00 0.00 0.00 0.00 0.00 0.00 0.00 0.00 0.00 0.00 0.00
0.00 0.00 0.00 0.00 0.00 0.00 0.00 0.00 0.00 0.00 0.00 0.00 0.00 0.00 0.00 0.00 0.00 0.00 0.00 0.00 0.00 0.00 0.00 0.00 0.00 0.00 0.00 1.24 0.07 0.00 0.00 0.00 0.00 0.00 0.00 0.00 0.00 0.00 0.00 0.00 7.37 6.50 9.05 8.25 9.13 11.46 12.85 12.48 13.14 14.24 14.53 14.53 14.38 15.55 13.58 13.94 13.14 10.07 8.83 7.15 6.35 4.53 2.63 2.19 1.17 1.17 0.88 1.17 0.00 0.00 0.00 0.00 0.00 0.00 0.00 0.00 0.00 0.00 0.00 0.00 0.00 0.00 0.00 0.00
0.00 0.00 0.00 0.00 0.00 0.00 0.00 0.00 0.00 0.00 0.00 0.00 0.00 0.00 0.00 0.00 0.00 0.00 0.00 0.00 0.00 0.00 0.00 0.00 0.00 0.00 0.00 0.00 0.00 0.00 0.00 0.00 0.00 0.00 0.00 0.00 0.00 0.00 0.00 0.00 7.23 10.07 9.20 8.76 8.98 9.71 12.26 12.26 16.43 17.23 17.30 17.30 17.59 17.89 16.21 14.75 11.24 12.34 9.93 9.13 10.95 3.50 1.61 4.96 3.94 2.04 1.25 2.34 1.39 0.00 0.00 0.00 0.00 0.00 0.00 0.00 0.00 0.00 0.00 0.00 0.00 0.00 0.00 0.00
0.00 0.00 0.00 0.00 0.00 0.00 0.00 0.00 0.00 0.00 0.00 0.00 0.00 0.00 0.00 0.00 0.00 0.00 0.00 0.00 0.00 0.00 0.00 0.00 0.00 0.00 0.00 0.00 0.00 0.00 0.00 0.00 0.00 0.00 0.00 0.00 0.00 0.00 0.00 0.00 6.64 11.75 12.34 10.88 11.02 13.36 16.43 18.25 19.35 19.56 20.00 20.00 18.10 17.52 18.83 17.52 14.02 15.11 11.61 14.09 13.80 10.15 7.37 7.59 5.84 3.58 2.34 1.68 1.98 0.00 0.00 0.00 0.00 0.00 0.00 0.00 0.00 0.00 0.00 0.00 0.00 0.00 0.00 0.00
0.00 0.00 0.00 0.00 0.00 0.00 0.00 0.00 0.00 0.00 0.00 0.00 0.00 0.00 0.00 0.00 0.00 0.00 0.00 0.00 0.00 0.00 0.00 0.00 0.00 0.00 0.00 0.00 0.00 0.00 0.00 0.00 0.00 0.00 0.00 0.00 0.00 0.00 0.00 0.00 2.92 10.22 14.97 13.94 12.92 13.72 15.33 18.32 20.29 21.17 17.08 17.08 18.69 17.96 16.72 19.35 16.21 13.21 13.21 14.02 14.24 9.34 10.00 8.98 6.42 2.85 2.26 0.73 1.39 0.22 0.00 1.02 0.00 0.00 0.00 0.00 0.00 0.00 0.00 0.37 0.00 0.00 0.00 0.00
0.00 0.00 0.00 0.00 0.00 0.00 0.00 0.00 0.00 0.00 0.00 0.00 0.00 0.00 0.00 0.00 0.00 0.00 0.00 0.00 0.00 0.00 0.00 0.00 0.00 0.00 0.00 0.00 0.00 0.00 0.00 0.00 0.00 0.00 0.00 0.00 0.00 0.00 0.00 2.99 10.95 16.13 15.40 18.10 15.48 15.18 14.38 14.60 16.35 13.29 14.60 14.60 15.84 14.82 17.37 14.89 15.40 14.97 13.36 10.00 8.83 9.71 9.13 4.96 3.29 3.07 1.90 0.58 1.46 1.17 1.53 2.19 2.19 1.10 0.73 0.66 0.66 1.97 1.02 1.61 0.59 0.00 0.95 0.00
0.00 0.00 0.00 0.00 0.00 0.00 0.00 0.00 0.00 0.00 0.00 0.00 0.00 0.00 0.00 0.00 0.00 0.00 0.00 0.00 0.00 0.00 0.00 0.00 0.00 0.00 0.00 0.00 0.00 0.00 0.00 0.00 0.00 0.00 0.00 0.00 0.00 0.00 0.00 4.60 10.00 15.77 16.06 18.25 17.08 15.70 14.38 13.58 11.97 12.70 12.26 12.26 12.70 14.02 15.55 11.75 12.05 8.98 7.88 10.66 11.97 8.54 7.30 5.40 2.70 3.36 2.12 1.68 1.97 1.83 1.83 2.41 2.63 0.73 0.88 0.80 0.80 0.73 1.68 0.73 1.53 1.31 0.00 0.73
