Wansh/Snow_depth/snowdepth-1994/spring/1994096.txt
ncols 321
nrows 161
xllcenter 60
yllcenter 15 
cellsize  0.25 
NODATA_value -1
[rows 0 to 36 of 161, columns 0 to 83 of 321]
7.88 7.88 12.12 16.94 16.13 16.64 16.21 17.37 22.56 18.61 18.61 18.61 18.54 22.78 21.61 20.51 19.05 19.49 19.78 19.78 19.05 18.54 18.54 18.98 19.05 17.74 17.74 17.81 17.81 17.59 18.18 19.86 19.49 21.17 22.19 21.61 24.16 23.07 23.51 22.34 23.21 23.36 22.70 22.34 22.70 22.05 20.08 20.81 21.17 19.93 20.22 20.22 21.53 22.34 20.08 20.66 23.58 23.29 22.27 22.27 23.36 23.43 23.65 23.43 23.58 24.45 24.60 23.94 22.92 22.19 21.39 22.70 24.89 25.48 25.19 26.28 26.28 26.50 26.35 27.01 26.86 27.23 27.01 27.08
11.61 11.61 13.29 15.55 14.82 16.43 17.74 22.27 26.50 24.31 24.89 22.78 22.05 22.12 20.29 20.88 19.93 19.56 19.78 19.35 18.83 18.83 18.18 17.37 17.59 17.16 17.16 18.10 19.20 19.13 20.15 21.90 23.94 23.58 23.94 24.38 24.38 23.94 23.65 24.02 22.70 19.27 20.00 21.32 19.27 18.98 17.16 15.84 16.21 18.40 19.49 19.49 18.83 19.64 19.27 19.27 18.83 21.10 21.02 21.46 21.17 21.90 23.36 22.63 21.68 21.68 20.59 19.13 20.29 19.93 19.78 21.02 22.05 21.75 22.78 24.89 24.89 24.89 26.57 27.16 27.45 26.43 27.59 26.79
13.51 13.51 13.21 13.36 14.53 16.35 17.37 24.67 24.31 23.94 22.92 22.85 23.00 21.97 20.95 20.88 21.10 18.91 19.42 19.64 19.49 19.56 18.40 20.22 19.42 19.56 19.56 20.22 19.64 21.46 22.56 22.27 23.58 25.33 24.67 24.16 23.29 23.87 21.61 20.51 20.73 20.37 18.47 18.98 18.18 16.94 16.43 17.08 18.69 18.10 19.20 19.20 18.61 18.61 18.61 18.32 18.10 19.27 18.98 20.29 21.46 21.02 22.19 21.32 21.32 19.93 19.86 18.69 15.40 15.55 14.82 15.55 19.35 21.61 21.32 23.36 23.36 25.55 24.89 26.86 25.55 25.99 24.82 24.67
13.51 13.51 13.21 13.36 14.53 16.35 17.37 24.67 24.31 23.94 22.92 22.85 23.00 21.97 20.95 20.88 21.10 18.91 19.42 19.64 19.49 19.56 18.40 20.22 19.42 19.56 19.56 20.22 19.64 21.46 22.56 22.27 23.58 25.33 24.67 24.16 23.29 23.87 21.61 20.51 20.73 20.37 18.47 18.98 18.18 16.94 16.43 17.08 18.69 18.10 19.20 19.20 18.61 18.61 18.61 18.32 18.10 19.27 18.98 20.29 21.46 21.02 22.19 21.32 21.32 19.93 19.86 18.69 15.40 15.55 14.82 15.55 19.35 21.61 21.32 23.36 23.36 25.55 24.89 26.86 25.55 25.99 24.82 24.67
13.36 13.36 16.06 16.64 16.13 17.23 19.78 23.43 23.29 23.73 22.92 23.29 22.63 23.29 22.56 21.39 21.68 18.76 20.88 20.51 20.44 19.56 19.78 20.73 21.39 22.56 22.56 20.95 21.39 20.81 21.53 21.46 23.43 26.06 24.45 24.82 24.02 21.24 21.68 20.59 16.06 16.06 18.69 15.33 13.87 16.72 16.94 16.28 19.05 19.27 19.20 19.20 17.52 19.13 18.76 21.17 20.29 20.00 20.81 20.44 20.73 21.53 20.73 20.59 15.91 15.55 11.97 15.77 12.92 11.75 11.10 13.51 15.26 14.45 19.56 24.31 24.31 23.58 27.45 27.67 27.81 26.65 25.99 25.99
16.79 16.79 19.20 18.69 18.83 23.07 24.45 24.67 24.97 24.75 24.24 23.87 23.73 23.73 23.43 22.70 21.46 22.56 21.46 21.83 20.81 20.08 21.97 22.70 22.63 22.78 22.78 21.61 22.48 20.73 25.11 25.40 25.04 25.77 24.31 23.07 24.24 15.70 12.12 12.85 13.07 8.69 8.03 9.86 9.86 9.13 14.89 14.97 13.80 18.98 18.61 18.61 18.40 18.32 21.39 21.24 21.53 22.56 21.83 20.88 17.67 17.59 13.43 13.58 13.14 10.95 10.80 9.20 7.08 7.30 7.01 7.45 11.68 17.45 15.91 23.07 23.07 27.01 26.35 28.18 27.96 27.89 27.45 25.40
18.54 18.54 21.02 19.13 22.19 23.29 24.45 24.45 24.97 24.53 24.67 24.02 23.58 23.94 23.21 23.36 22.34 22.92 22.48 22.48 20.88 20.73 21.75 23.36 22.85 22.48 22.48 26.28 26.50 26.35 25.92 26.65 24.75 23.00 23.73 19.64 14.67 15.99 11.17 8.69 8.69 6.86 6.35 7.01 7.96 8.61 8.47 12.92 14.67 13.51 11.10 11.10 16.64 17.16 13.72 14.60 20.66 21.83 19.71 18.10 16.13 11.24 11.46 8.54 7.59 6.13 5.26 8.91 6.79 5.91 5.77 6.13 7.52 7.01 10.07 12.19 12.19 11.17 17.45 19.35 18.83 20.81 19.64 20.08
18.54 18.54 21.02 19.13 22.19 23.29 24.45 24.45 24.97 24.53 24.67 24.02 23.58 23.94 23.21 23.36 22.34 22.92 22.48 22.48 20.88 20.73 21.75 23.36 22.85 22.48 22.48 26.28 26.50 26.35 25.92 26.65 24.75 23.00 23.73 19.64 14.67 15.99 11.17 8.69 8.69 6.86 6.35 7.01 7.96 8.61 8.47 12.92 14.67 13.51 11.10 11.10 16.64 17.16 13.72 14.60 20.66 21.83 19.71 18.10 16.13 11.24 11.46 8.54 7.59 6.13 5.26 8.91 6.79 5.91 5.77 6.13 7.52 7.01 10.07 12.19 12.19 11.17 17.45 19.35 18.83 20.81 19.64 20.08
19.13 19.13 24.89 20.51 22.48 22.48 22.34 23.51 23.14 21.39 23.36 22.78 22.92 23.29 23.43 24.09 22.56 22.41 22.27 21.17 21.46 20.73 22.27 26.06 27.01 28.69 28.69 28.18 28.25 26.50 25.77 26.21 24.38 21.39 19.56 20.00 16.94 13.36 14.24 10.73 12.34 13.07 8.10 8.69 9.86 7.45 6.20 4.31 9.42 6.20 3.80 3.80 4.38 9.34 9.93 9.56 6.79 16.94 14.45 11.32 10.07 6.13 2.70 5.99 4.23 3.80 3.65 1.83 0.00 0.00 0.00 3.58 5.04 5.69 5.18 7.96 7.96 11.97 10.73 14.02 15.40 14.67 16.13 12.85
18.32 18.32 21.39 22.12 21.02 18.91 19.35 20.15 19.78 20.66 21.75 22.19 23.36 24.16 23.80 24.97 22.34 22.41 21.97 22.48 22.78 24.38 26.79 25.92 27.96 29.05 29.05 27.89 28.25 26.35 25.40 23.00 23.94 21.46 18.91 17.01 17.96 17.30 18.47 18.32 15.33 14.82 11.83 11.61 9.93 5.18 5.48 2.77 0.00 3.43 2.04 2.04 0.00 0.00 1.75 1.97 2.04 0.00 0.15 7.01 4.67 5.04 1.39 0.00 0.00 0.00 0.00 0.00 0.00 0.00 0.00 0.00 0.15 0.15 0.58 0.00 0.00 0.00 0.07 0.07 0.00 2.41 4.31 4.09
17.52 17.52 20.88 20.29 19.64 18.76 18.03 18.98 18.47 20.44 22.56 21.97 23.00 24.24 24.60 21.75 20.59 20.88 20.81 22.27 23.36 26.13 28.11 29.78 29.64 29.13 29.13 25.40 23.43 24.38 24.38 23.21 19.86 17.23 17.89 17.67 19.56 18.83 18.25 17.96 17.59 17.67 17.23 12.56 12.85 7.66 3.65 1.97 0.00 0.00 0.00 0.00 0.00 0.00 0.00 0.00 0.00 0.00 0.00 0.00 0.00 0.00 0.00 0.00 0.00 0.00 0.00 0.00 0.00 0.00 0.00 0.00 0.00 0.00 0.00 0.00 0.00 0.00 0.00 0.00 0.00 0.73 0.95 0.73
17.52 17.52 20.88 20.29 19.64 18.76 18.03 18.98 18.47 20.44 22.56 21.97 23.00 24.24 24.60 21.75 20.59 20.88 20.81 22.27 23.36 26.13 28.11 29.78 29.64 29.13 29.13 25.40 23.43 24.38 24.38 23.21 19.86 17.23 17.89 17.67 19.56 18.83 18.25 17.96 17.59 17.67 17.23 12.56 12.85 7.66 3.65 1.97 0.00 0.00 0.00 0.00 0.00 0.00 0.00 0.00 0.00 0.00 0.00 0.00 0.00 0.00 0.00 0.00 0.00 0.00 0.00 0.00 0.00 0.00 0.00 0.00 0.00 0.00 0.00 0.00 0.00 0.00 0.00 0.00 0.00 0.73 0.95 0.73
20.51 20.51 18.69 17.81 18.47 18.03 17.37 16.79 18.03 20.15 20.44 21.97 21.75 23.29 24.53 20.00 20.88 22.12 22.85 24.24 25.92 25.33 27.30 28.32 22.78 20.66 20.66 21.10 21.68 18.10 18.98 18.91 19.27 16.13 17.59 17.01 18.10 17.96 18.32 18.32 17.74 17.52 17.16 15.62 9.13 9.34 4.53 0.58 0.00 0.00 0.00 0.00 0.00 0.00 0.00 0.00 0.00 0.00 0.00 0.00 0.00 0.00 0.00 0.00 0.00 0.00 0.00 0.00 0.00 0.00 0.00 0.00 0.00 0.00 0.00 0.22 0.22 0.37 0.00 0.00 0.00 0.88 1.68 1.61
19.56 19.56 19.78 17.52 16.79 16.64 17.52 17.52 18.54 19.20 19.20 20.66 21.53 23.00 22.70 21.32 19.20 20.08 20.95 23.87 25.70 26.21 25.33 25.70 22.48 18.83 18.83 17.37 17.01 16.94 16.28 14.67 14.97 14.89 15.84 16.28 16.43 16.72 14.09 15.70 15.91 14.97 15.33 15.77 12.85 7.66 8.32 1.83 1.39 0.00 0.00 0.00 0.00 0.00 0.22 0.00 0.00 0.00 0.00 0.00 0.00 0.00 0.00 0.00 0.00 0.00 0.00 0.00 0.00 0.00 0.00 0.00 0.00 0.00 0.00 0.00 0.00 0.00 0.00 0.00 0.00 0.00 0.29 0.00
19.56 19.56 20.22 18.32 16.57 16.57 17.08 18.10 18.03 18.47 18.98 20.81 22.48 22.92 20.00 19.56 20.59 18.40 18.61 19.05 24.45 25.55 24.24 24.89 18.83 19.42 19.42 16.64 15.62 13.07 12.85 14.24 14.38 16.21 15.55 16.79 14.45 14.60 12.99 11.90 13.51 13.29 11.68 12.26 12.12 7.15 2.56 3.21 3.29 4.60 0.51 0.51 0.29 1.02 1.46 0.00 0.00 0.00 0.00 0.00 0.00 0.00 0.00 0.00 0.00 0.00 0.00 0.00 0.00 0.00 0.00 0.00 0.00 0.00 0.00 0.00 0.00 0.00 0.00 0.00 0.00 0.00 0.00 0.00
18.18 18.18 19.42 16.64 16.43 16.64 16.64 16.64 20.15 21.61 23.80 23.65 23.73 27.16 20.29 19.49 20.95 21.17 23.14 22.85 24.38 24.38 19.64 19.93 17.89 18.03 18.03 15.84 14.02 12.05 10.51 10.80 11.02 13.72 14.16 13.51 13.87 12.05 11.32 11.53 10.88 11.75 10.95 9.86 5.26 6.64 5.40 6.72 5.55 6.35 5.48 5.48 5.26 2.77 0.37 0.66 0.00 0.00 0.00 0.00 0.00 0.00 0.00 0.00 0.00 0.00 0.00 0.00 0.00 0.00 0.00 0.00 0.00 0.00 0.00 0.00 0.00 0.00 0.00 0.00 0.00 0.00 0.00 0.00
18.18 18.18 19.42 16.64 16.43 16.64 16.64 16.64 20.15 21.61 23.80 23.65 23.73 27.16 20.29 19.49 20.95 21.17 23.14 22.85 24.38 24.38 19.64 19.93 17.89 18.03 18.03 15.84 14.02 12.05 10.51 10.80 11.02 13.72 14.16 13.51 13.87 12.05 11.32 11.53 10.88 11.75 10.95 9.86 5.26 6.64 5.40 6.72 5.55 6.35 5.48 5.48 5.26 2.77 0.37 0.66 0.00 0.00 0.00 0.00 0.00 0.00 0.00 0.00 0.00 0.00 0.00 0.00 0.00 0.00 0.00 0.00 0.00 0.00 0.00 0.00 0.00 0.00 0.00 0.00 0.00 0.00 0.00 0.00
19.49 19.49 15.77 16.28 17.89 22.05 20.51 23.58 23.00 25.92 27.30 29.27 28.69 28.91 26.72 24.45 22.92 23.80 24.24 16.57 16.94 16.64 16.21 18.61 15.33 16.28 16.28 15.40 15.33 14.24 9.64 6.42 7.59 4.82 13.21 8.69 13.58 12.12 8.98 11.24 10.95 11.17 10.22 10.51 8.25 7.37 6.35 10.15 8.69 8.32 5.99 5.99 3.87 3.87 0.73 0.00 0.00 0.00 0.00 0.00 0.00 0.00 0.00 0.00 0.00 0.00 0.00 0.00 0.00 0.00 0.00 0.00 0.00 0.00 0.00 0.00 0.00 0.00 0.00 0.00 0.00 0.00 0.07 0.80
20.59 20.59 16.64 20.37 24.75 24.75 25.33 27.01 28.40 28.18 27.96 28.25 28.91 27.23 24.60 25.55 23.29 22.27 12.26 11.61 10.00 7.01 12.19 15.40 13.80 17.37 17.37 16.13 13.87 14.60 11.10 1.97 3.65 2.04 1.68 5.84 8.69 9.27 4.67 9.42 11.32 9.27 11.24 10.00 10.29 8.69 9.64 9.05 8.32 6.57 6.35 6.35 4.60 1.17 0.00 0.00 0.00 0.00 0.00 0.00 0.00 0.15 0.00 1.02 0.00 0.00 0.00 0.00 0.00 0.00 0.00 0.00 0.00 0.00 0.00 0.00 0.00 0.00 0.00 0.00 0.00 0.00 0.07 0.00
25.04 25.04 26.79 26.21 27.59 27.30 28.69 26.94 26.06 25.26 26.21 22.78 21.46 24.67 11.46 11.24 5.99 5.77 5.18 5.33 1.83 3.21 10.00 14.89 15.55 15.62 15.62 15.99 13.51 7.37 1.10 2.41 0.00 0.00 0.00 2.63 0.00 2.70 0.00 2.04 7.96 9.20 8.83 11.46 8.83 9.49 6.86 7.66 7.59 6.20 2.56 2.56 0.44 0.88 0.00 0.00 0.00 0.44 0.15 0.07 0.15 0.00 0.00 0.95 2.12 2.04 2.26 2.34 2.41 2.48 1.39 0.58 0.00 0.15 0.00 0.07 0.07 0.00 0.29 0.95 0.51 0.73 0.00 0.66
25.84 25.84 28.84 30.88 29.78 27.38 28.11 25.19 22.56 9.71 15.26 15.77 15.33 13.65 7.30 3.58 0.00 0.00 0.00 0.00 0.00 1.97 8.10 12.85 13.21 11.61 11.61 8.54 7.81 6.57 0.73 0.00 0.00 0.00 0.00 0.00 0.00 0.00 1.10 0.88 2.34 6.86 6.57 6.13 7.01 5.84 5.62 4.74 4.53 4.53 2.41 2.41 0.00 1.31 0.00 0.95 1.39 1.75 1.17 2.19 0.88 1.02 1.61 1.39 2.48 2.77 3.21 2.92 3.72 3.21 3.58 1.97 0.58 0.00 0.00 0.00 0.00 0.44 2.48 3.58 3.29 2.92 1.31 3.21
25.92 25.92 18.69 20.29 25.19 23.87 18.91 7.66 7.37 6.50 9.42 5.48 8.83 11.68 11.83 3.07 0.00 0.00 0.51 0.00 4.74 9.42 8.18 12.48 11.10 4.31 4.31 7.08 5.40 5.26 2.92 0.00 0.66 1.68 0.00 0.00 0.00 0.00 0.00 1.31 1.24 3.07 5.18 6.13 6.79 4.96 4.89 4.82 4.31 1.24 1.10 1.10 1.02 3.14 5.62 5.04 4.31 2.99 3.43 2.70 2.41 2.70 2.70 4.16 4.45 2.63 3.29 4.96 6.13 3.94 4.16 6.50 6.72 7.01 4.89 4.67 4.67 3.58 3.72 3.65 4.89 5.84 5.48 3.80
25.92 25.92 18.69 20.29 25.19 23.87 18.91 7.66 7.37 6.50 9.42 5.48 8.83 11.68 11.83 3.07 0.00 0.00 0.51 0.00 4.74 9.42 8.18 12.48 11.10 4.31 4.31 7.08 5.40 5.26 2.92 0.00 0.66 1.68 0.00 0.00 0.00 0.00 0.00 1.31 1.24 3.07 5.18 6.13 6.79 4.96 4.89 4.82 4.31 1.24 1.10 1.10 1.02 3.14 5.62 5.04 4.31 2.99 3.43 2.70 2.41 2.70 2.70 4.16 4.45 2.63 3.29 4.96 6.13 3.94 4.16 6.50 6.72 7.01 4.89 4.67 4.67 3.58 3.72 3.65 4.89 5.84 5.48 3.80
18.91 18.91 9.71 17.23 17.16 4.82 3.36 3.72 3.07 1.10 2.41 1.17 1.90 0.00 0.00 0.00 0.00 0.22 1.10 1.17 2.41 4.67 1.97 2.48 2.85 3.87 3.87 3.94 4.89 5.33 4.67 5.55 2.63 1.31 0.00 0.00 0.00 0.00 0.00 1.61 6.06 9.64 9.64 8.47 9.34 9.49 6.28 5.40 7.23 6.35 8.10 8.10 4.09 4.16 5.91 7.01 6.86 6.94 4.23 4.38 3.80 2.99 3.94 3.58 5.11 5.33 5.69 5.77 6.86 7.81 7.74 8.47 8.54 7.45 8.03 6.64 6.64 5.77 6.20 6.35 6.06 6.35 6.57 6.20
3.94 3.94 1.46 1.46 2.34 1.39 2.48 1.90 0.00 0.00 0.00 0.00 0.00 0.00 0.00 0.00 0.00 0.00 0.00 0.00 0.15 0.00 0.00 0.37 0.00 0.22 0.22 0.00 4.23 5.11 5.26 5.69 3.58 0.73 0.00 0.00 0.00 0.22 3.58 3.21 7.74 9.34 9.86 9.42 13.21 11.61 12.48 8.10 8.10 8.25 8.03 8.03 7.30 7.01 6.94 6.13 6.50 6.35 8.91 11.24 10.29 5.48 5.77 6.35 6.28 7.23 7.52 7.96 8.10 8.47 8.69 8.98 8.83 9.05 10.51 10.22 10.22 7.59 8.18 6.28 6.72 7.52 7.66 7.96
0.00 0.00 0.00 0.00 0.00 0.00 0.00 0.00 0.00 0.00 0.00 0.00 0.00 0.00 0.00 0.00 0.00 0.00 0.00 0.00 0.00 0.00 0.00 0.00 0.00 0.00 0.00 2.99 4.82 4.53 4.45 1.83 1.97 0.95 0.00 0.80 0.80 1.24 4.09 4.16 4.23 7.15 7.81 6.94 13.07 10.15 4.16 4.02 1.39 5.48 6.64 6.64 6.06 8.32 9.20 7.23 6.50 10.00 14.02 13.36 13.21 10.66 9.71 10.00 9.20 10.00 9.71 10.59 8.61 7.08 7.23 7.66 8.10 9.93 9.56 10.37 10.37 8.98 8.32 6.57 7.15 7.01 7.59 4.67
0.00 0.00 0.00 0.00 0.00 0.00 0.00 0.00 0.00 0.00 0.00 0.00 0.00 0.00 0.00 0.00 0.00 0.00 0.00 0.00 0.00 0.00 0.00 0.00 0.00 0.95 0.95 3.94 5.04 4.96 3.14 1.31 0.00 0.00 0.00 0.88 1.68 1.46 2.63 2.34 0.00 0.00 3.36 2.70 0.00 6.06 1.17 0.00 1.24 0.80 3.36 3.36 5.91 5.84 9.20 12.70 13.29 10.44 15.84 14.97 15.91 11.39 9.71 9.13 8.69 9.20 9.56 8.47 8.83 5.99 4.09 4.74 4.38 5.48 2.04 4.96 4.96 8.91 8.83 7.96 6.28 5.18 4.45 5.33
0.00 0.00 0.00 0.00 0.00 0.00 0.00 0.00 0.00 0.00 0.00 0.00 0.00 0.00 0.00 0.00 0.00 0.00 0.00 0.00 0.00 0.00 0.00 0.00 1.39 0.73 0.73 3.29 2.92 0.95 1.61 0.00 0.00 0.00 0.29 0.00 0.22 0.00 0.00 0.29 0.00 0.00 0.00 0.00 0.00 0.00 0.00 0.00 2.99 6.35 6.13 6.13 3.21 7.96 6.79 12.34 13.07 10.51 10.80 8.98 7.37 3.50 6.94 7.37 0.80 6.79 5.33 6.57 1.97 0.66 1.10 0.00 0.00 0.00 0.00 1.02 1.02 6.57 3.14 6.06 6.42 6.94 4.67 4.67
0.00 0.00 0.00 0.00 0.00 0.00 0.00 0.00 0.00 0.00 0.00 0.00 0.00 0.00 0.00 0.00 0.00 0.00 0.00 0.00 0.00 0.00 0.00 0.00 1.39 0.73 0.73 3.29 2.92 0.95 1.61 0.00 0.00 0.00 0.29 0.00 0.22 0.00 0.00 0.29 0.00 0.00 0.00 0.00 0.00 0.00 0.00 0.00 2.99 6.35 6.13 6.13 3.21 7.96 6.79 12.34 13.07 10.51 10.80 8.98 7.37 3.50 6.94 7.37 0.80 6.79 5.33 6.57 1.97 0.66 1.10 0.00 0.00 0.00 0.00 1.02 1.02 6.57 3.14 6.06 6.42 6.94 4.67 4.67
0.00 0.00 0.00 0.00 0.00 0.00 0.00 0.00 0.00 0.00 0.00 0.00 0.00 0.00 0.00 0.00 0.00 0.00 0.00 0.00 0.00 0.00 0.00 0.00 0.51 2.19 2.19 2.70 3.14 0.07 0.00 0.00 0.00 0.00 0.00 0.00 0.00 0.00 0.00 0.00 0.00 0.00 0.00 0.00 0.00 0.00 1.90 0.00 5.04 9.27 11.83 11.83 12.26 8.54 10.07 8.91 9.64 6.20 5.11 4.67 5.04 1.31 0.00 0.00 0.00 0.00 0.00 0.00 0.00 0.37 0.00 0.00 0.00 0.00 0.00 0.00 0.00 0.00 0.00 2.92 0.00 3.87 5.11 4.67
0.00 0.00 0.00 0.00 0.00 0.00 0.00 0.00 0.00 0.00 0.00 0.00 0.00 0.00 0.00 0.00 0.00 0.00 0.00 0.00 0.00 0.00 0.00 0.00 0.00 0.73 0.73 2.56 0.00 0.00 0.00 0.00 0.00 0.00 0.00 0.00 0.00 0.00 0.00 0.00 0.00 0.00 0.00 0.00 0.00 0.00 1.75 6.50 11.97 11.10 14.45 14.45 9.34 10.29 4.16 0.00 0.00 2.41 1.46 1.39 0.29 0.44 0.00 0.00 0.00 0.00 0.00 0.00 0.00 0.00 0.00 0.00 0.00 0.00 0.00 0.00 0.00 0.00 0.00 0.00 0.00 0.00 0.00 1.24
0.00 0.00 0.00 0.00 0.00 0.00 0.00 0.00 0.00 0.00 0.00 0.00 0.00 0.00 0.00 0.00 0.00 0.00 0.00 0.00 0.00 0.00 0.00 0.00 0.00 0.00 0.00 0.00 0.00 0.00 0.00 0.00 0.00 0.00 0.00 0.00 0.00 0.00 0.00 0.00 0.00 0.00 0.00 0.00 0.00 0.58 0.00 3.80 4.23 4.45 11.68 11.68 7.59 2.04 0.00 0.00 0.00 0.00 0.00 0.00 0.00 0.00 0.00 0.00 0.00 0.00 0.00 0.00 0.00 0.00 0.00 0.00 0.00 0.00 0.00 0.00 0.00 0.00 0.00 0.00 0.00 0.00 0.00 0.00
0.00 0.00 0.00 0.00 0.00 0.00 0.00 0.00 0.00 0.00 0.00 0.00 0.00 0.00 0.00 0.00 0.00 0.00 0.00 0.00 0.00 0.00 0.00 0.00 0.00 0.00 0.00 0.00 0.00 0.00 0.00 0.00 0.00 0.00 0.00 0.00 0.00 0.00 0.00 0.00 0.00 0.00 0.00 0.00 0.00 0.00 0.73 0.37 1.46 0.22 0.00 0.00 4.38 0.51 0.00 0.00 0.00 0.00 0.00 0.00 0.00 0.00 0.00 0.00 0.00 0.00 0.00 0.00 0.00 0.00 0.00 0.00 0.00 0.00 0.00 0.00 0.00 0.00 0.00 0.00 0.00 0.00 0.00 0.00
0.00 0.00 0.00 0.00 0.00 0.00 0.00 0.00 0.00 0.00 0.00 0.00 0.00 0.00 0.00 0.00 0.00 0.00 0.00 0.00 0.00 0.00 0.00 0.00 0.00 0.00 0.00 0.00 0.00 0.00 0.00 0.00 0.00 0.00 0.00 0.00 0.00 0.00 0.00 0.00 0.00 0.00 0.00 0.00 0.00 0.00 0.00 0.00 0.00 0.00 0.00 0.00 0.00 0.00 0.00 0.00 0.00 0.00 0.00 0.37 0.00 0.00 0.00 0.00 0.00 0.00 0.00 0.00 0.00 0.00 0.00 0.00 0.00 0.00 0.00 0.00 0.00 0.00 0.00 0.00 0.00 0.00 0.00 0.00
0.00 0.00 0.00 0.00 0.00 0.00 0.00 0.00 0.00 0.00 0.00 0.00 0.00 0.00 0.00 0.00 0.00 0.00 0.00 0.00 0.00 0.00 0.00 0.00 0.00 0.00 0.00 0.00 0.00 0.00 0.00 0.00 0.00 0.00 0.00 0.00 0.00 0.00 0.00 0.00 0.00 0.00 0.00 0.00 0.00 0.00 0.00 0.00 0.00 0.00 0.00 0.00 0.00 0.00 0.00 0.00 0.00 0.58 0.00 1.39 0.00 0.00 0.00 0.00 0.00 0.00 0.00 0.00 0.00 0.00 0.00 0.00 0.00 0.00 0.00 0.00 0.00 0.00 0.00 0.00 0.00 0.00 0.00 0.00
0.00 0.00 0.00 0.00 0.00 0.00 0.00 0.00 0.00 0.00 0.00 0.00 0.00 0.00 0.00 0.00 0.00 0.00 0.00 0.00 0.00 0.00 0.00 0.00 0.00 0.00 0.00 0.00 0.00 0.00 0.00 0.00 0.00 0.00 0.00 0.00 0.00 0.00 0.00 0.00 0.00 0.00 0.00 0.00 0.00 0.00 0.00 0.00 0.00 0.00 0.00 0.00 0.00 0.00 0.00 0.00 0.00 0.58 0.00 1.39 0.00 0.00 0.00 0.00 0.00 0.00 0.00 0.00 0.00 0.00 0.00 0.00 0.00 0.00 0.00 0.00 0.00 0.00 0.00 0.00 0.00 0.00 0.00 0.00
0.00 0.00 0.00 0.00 0.00 0.00 0.00 0.00 0.00 0.00 0.00 0.00 0.00 0.00 0.00 0.00 0.00 0.00 0.00 0.00 0.00 0.00 0.00 0.00 0.00 0.00 0.00 0.00 0.00 0.00 0.00 0.00 0.00 0.00 0.00 0.00 0.00 0.00 0.00 0.00 0.00 0.00 0.00 0.00 0.00 0.00 0.00 0.00 0.00 0.00 0.00 0.00 0.00 0.00 0.00 0.00 0.95 1.53 0.00 0.00 0.00 0.00 0.00 0.00 0.00 0.00 0.00 0.00 0.00 0.00 0.00 0.00 0.00 0.00 0.00 0.00 0.00 0.00 0.00 0.00 0.00 0.00 0.00 0.00
