Wansh/Snow_depth/snowdepth-1991/winter/1991345.txt
ncols 321
nrows 161
xllcenter 60
yllcenter 15 
cellsize  0.25 
NODATA_value -1
[rows 0 to 37 of 161, columns 84 to 167 of 321]
0.00 0.00 0.00 0.00 0.00 0.00 0.00 0.00 0.00 0.58 0.00 0.00 0.00 0.00 0.00 1.83 0.00 0.00 0.00 0.00 0.00 0.00 0.00 0.00 0.00 0.00 0.00 0.00 0.00 0.00 0.00 0.00 0.00 0.00 1.31 2.34 2.63 1.46 0.66 0.29 0.22 0.51 0.73 0.73 0.00 0.66 0.88 0.00 0.00 0.66 0.88 0.58 0.95 0.95 2.04 2.04 2.34 2.19 0.00 0.00 0.00 0.00 1.53 0.22 0.29 0.37 0.95 0.73 0.73 0.80 2.63 3.94 3.94 2.77 2.77 2.99 4.16 4.45 4.23 4.45 3.94 3.80 4.16 2.92
0.00 0.00 0.00 0.00 0.00 0.00 0.00 0.00 0.22 0.00 0.00 0.00 0.00 1.53 1.61 1.75 1.31 2.12 2.12 2.12 0.00 0.00 0.00 0.00 0.00 0.00 0.00 0.00 0.00 0.15 0.22 0.22 0.44 0.15 2.48 3.29 3.07 4.60 3.58 0.00 0.58 0.22 1.02 1.02 1.31 1.46 1.10 1.31 0.00 0.58 1.17 0.58 0.58 0.66 0.58 1.68 1.83 2.41 2.41 3.80 2.48 2.77 3.14 3.29 2.41 1.24 1.24 3.94 3.94 3.21 3.36 3.43 4.45 2.85 4.60 3.43 4.67 5.48 6.06 4.67 4.74 4.89 4.45 3.43
1.75 0.95 0.15 0.37 0.73 1.68 1.68 1.61 1.17 3.21 0.00 0.00 0.00 0.00 0.00 1.53 0.66 1.61 1.61 1.90 1.90 0.00 0.00 0.00 0.00 0.00 0.00 0.00 0.00 0.44 0.58 0.80 0.80 0.95 2.41 2.48 4.09 5.62 5.48 2.19 1.75 0.00 0.15 0.15 2.77 2.04 2.12 4.09 0.66 1.75 0.44 0.29 1.02 0.66 0.80 1.53 1.90 1.90 3.72 3.87 3.65 5.55 5.18 8.18 6.57 7.08 6.20 4.67 4.67 4.02 5.04 5.55 3.21 3.36 4.82 6.50 7.66 7.30 7.52 7.37 5.62 5.40 5.84 5.62
1.75 0.95 0.15 0.37 0.73 1.68 1.68 1.61 1.17 3.21 0.00 0.00 0.00 0.00 0.00 1.53 0.66 1.61 1.61 1.90 1.90 0.00 0.00 0.00 0.00 0.00 0.00 0.00 0.00 0.44 0.58 0.80 0.80 0.95 2.41 2.48 4.09 5.62 5.48 2.19 1.75 0.00 0.15 0.15 2.77 2.04 2.12 4.09 0.66 1.75 0.44 0.29 1.02 0.66 0.80 1.53 1.90 1.90 3.72 3.87 3.65 5.55 5.18 8.18 6.57 7.08 6.20 4.67 4.67 4.02 5.04 5.55 3.21 3.36 4.82 6.50 7.66 7.30 7.52 7.37 5.62 5.40 5.84 5.62
1.97 0.00 0.00 1.75 1.39 2.19 1.97 2.04 2.92 3.43 0.00 0.00 0.00 0.00 0.00 0.00 2.85 1.46 1.46 2.04 0.37 1.83 1.53 3.72 3.43 3.50 0.37 0.73 0.00 0.66 0.51 1.02 1.02 1.97 1.24 2.85 4.89 5.55 5.62 5.11 2.63 0.22 1.83 1.83 4.02 3.87 4.31 2.56 4.53 1.61 1.61 0.80 0.66 0.15 1.17 1.46 1.02 1.61 1.31 3.94 4.53 4.89 7.08 9.27 10.73 11.02 10.59 11.97 11.97 8.03 5.48 6.50 4.38 3.58 5.18 6.20 7.37 5.11 6.72 5.99 6.20 6.13 6.42 6.50
2.56 0.00 0.00 0.00 5.40 5.40 2.04 2.56 2.04 4.38 4.67 4.67 4.38 4.67 4.67 5.99 0.00 4.23 4.23 7.23 2.77 1.83 1.97 2.34 3.14 0.88 1.53 0.22 0.00 0.00 0.00 1.46 2.34 2.34 2.70 3.29 4.60 4.38 4.67 5.40 4.74 2.63 3.14 3.14 2.26 5.11 5.33 4.96 4.96 3.43 0.88 0.88 0.22 0.37 0.88 1.68 1.46 1.83 3.21 4.45 5.62 4.60 6.64 10.29 11.97 13.21 12.34 12.78 12.78 9.56 9.05 7.08 5.91 3.50 4.67 6.50 4.53 4.74 4.38 5.26 5.62 5.26 6.86 7.01
7.52 7.37 0.00 0.00 5.69 5.91 6.50 6.57 7.59 5.55 4.45 3.94 4.23 4.67 5.40 5.04 7.81 7.81 7.81 8.10 7.01 3.14 4.02 1.53 0.51 0.80 0.00 0.00 0.00 0.00 0.44 1.10 0.88 1.90 2.85 3.94 3.29 4.31 5.40 3.50 3.94 4.16 5.77 5.77 4.96 6.06 5.91 2.99 2.92 3.65 0.88 0.15 0.15 1.17 0.73 2.12 2.70 2.48 3.65 4.53 5.69 6.94 8.76 8.10 10.95 12.48 10.29 10.59 10.59 10.15 10.22 8.98 8.03 9.71 8.61 9.20 6.64 5.77 6.06 4.60 4.96 4.89 6.50 5.48
7.52 7.37 0.00 0.00 5.69 5.91 6.50 6.57 7.59 5.55 4.45 3.94 4.23 4.67 5.40 5.04 7.81 7.81 7.81 8.10 7.01 3.14 4.02 1.53 0.51 0.80 0.00 0.00 0.00 0.00 0.44 1.10 0.88 1.90 2.85 3.94 3.29 4.31 5.40 3.50 3.94 4.16 5.77 5.77 4.96 6.06 5.91 2.99 2.92 3.65 0.88 0.15 0.15 1.17 0.73 2.12 2.70 2.48 3.65 4.53 5.69 6.94 8.76 8.10 10.95 12.48 10.29 10.59 10.59 10.15 10.22 8.98 8.03 9.71 8.61 9.20 6.64 5.77 6.06 4.60 4.96 4.89 6.50 5.48
8.40 8.10 8.10 7.15 7.01 7.30 7.45 7.96 7.66 6.94 3.94 5.26 2.70 4.23 4.23 6.72 7.74 8.76 8.76 6.72 8.47 6.50 3.43 0.66 1.02 0.00 0.00 0.00 0.00 1.10 1.17 0.66 0.51 2.04 4.53 4.16 5.11 4.02 3.72 1.68 1.46 1.68 2.26 2.26 1.83 4.16 1.90 2.04 1.61 1.39 1.46 3.29 2.41 2.19 4.02 4.16 2.85 3.65 3.65 4.45 4.16 5.99 4.45 4.96 6.42 8.18 7.45 9.34 9.34 6.50 8.32 10.07 10.44 9.78 10.29 10.44 8.61 7.59 8.54 6.57 7.81 4.45 4.67 4.53
0.00 7.52 6.35 6.50 0.00 0.00 0.00 0.00 0.00 7.15 4.96 2.85 3.29 3.58 5.48 4.96 6.50 6.35 6.35 6.42 5.40 3.87 4.31 1.10 0.00 0.15 0.00 0.15 0.00 0.37 0.44 0.44 0.73 1.83 1.46 3.14 3.87 3.21 2.12 2.34 1.83 0.80 0.22 0.22 0.44 1.10 2.19 2.19 1.90 4.74 4.23 4.09 6.13 4.38 4.53 4.23 4.23 4.38 4.67 4.82 4.31 3.87 4.02 3.94 3.72 4.38 5.40 5.04 5.04 5.91 7.96 7.45 9.93 8.18 10.07 10.07 9.71 11.32 11.68 8.47 9.78 5.69 4.82 3.80
0.00 0.00 0.00 0.00 0.00 0.00 4.60 4.53 0.00 0.00 0.00 0.00 4.82 0.00 0.00 5.33 4.96 5.91 5.91 5.26 3.43 3.72 1.83 0.22 0.00 0.00 0.00 0.00 0.00 0.29 0.95 0.58 0.58 1.02 1.24 1.75 2.41 2.77 2.70 1.61 1.68 3.07 1.53 1.53 2.92 2.48 3.07 3.21 5.11 4.96 5.33 8.10 7.52 8.03 4.74 4.74 6.50 8.98 5.40 5.99 5.40 3.87 3.80 3.80 3.65 4.67 6.20 7.52 7.52 9.13 8.61 9.42 11.02 13.14 11.61 12.41 12.19 11.39 10.88 9.71 7.52 8.10 5.48 4.16
0.00 0.00 0.00 0.00 0.00 0.00 4.60 4.53 0.00 0.00 0.00 0.00 4.82 0.00 0.00 5.33 4.96 5.91 5.91 5.26 3.43 3.72 1.83 0.22 0.00 0.00 0.00 0.00 0.00 0.29 0.95 0.58 0.58 1.02 1.24 1.75 2.41 2.77 2.70 1.61 1.68 3.07 1.53 1.53 2.92 2.48 3.07 3.21 5.11 4.96 5.33 8.10 7.52 8.03 4.74 4.74 6.50 8.98 5.40 5.99 5.40 3.87 3.80 3.80 3.65 4.67 6.20 7.52 7.52 9.13 8.61 9.42 11.02 13.14 11.61 12.41 12.19 11.39 10.88 9.71 7.52 8.10 5.48 4.16
0.00 0.00 0.00 0.00 0.00 0.00 0.00 0.00 0.00 0.00 4.53 5.18 4.89 5.48 5.40 5.26 4.96 4.60 4.60 4.60 2.99 1.46 1.31 1.46 1.10 0.00 0.00 0.00 0.22 0.58 0.22 1.17 3.14 1.53 1.46 5.18 4.38 4.60 3.87 4.23 4.23 3.94 3.50 3.50 4.16 3.72 4.45 4.02 5.40 7.45 7.08 8.47 9.05 9.27 10.00 7.74 7.37 9.78 7.52 10.00 9.86 6.79 5.33 5.04 6.86 6.57 6.57 7.15 7.15 7.81 10.59 11.90 12.26 13.51 13.87 13.07 13.58 11.68 11.97 10.80 9.56 8.61 8.83 9.05
0.00 0.00 0.00 0.00 0.00 0.00 0.00 0.00 0.00 0.00 0.00 0.00 3.80 0.00 0.00 0.00 0.00 0.00 0.00 3.87 2.48 2.77 2.04 1.75 0.00 0.22 0.00 1.75 3.14 2.34 2.99 4.82 7.15 7.45 5.48 4.89 8.10 8.10 7.59 6.79 6.35 5.11 4.82 4.82 4.74 6.72 4.45 5.69 5.69 7.30 8.61 8.47 11.02 11.97 11.68 13.43 14.16 10.15 10.29 10.88 9.05 7.23 7.08 7.66 7.96 7.74 7.59 8.40 8.40 8.10 10.95 10.22 10.88 13.80 14.09 12.48 12.34 11.02 1.61 1.24 1.97 4.23 6.42 5.11
0.00 0.00 0.00 0.00 0.00 0.00 0.00 0.00 0.00 0.00 3.07 3.21 2.34 0.00 0.00 0.00 0.00 3.94 3.94 3.72 0.00 2.77 3.21 2.63 2.99 1.90 1.97 1.53 3.72 5.40 6.64 8.25 7.96 7.66 7.88 7.45 7.01 7.74 8.40 5.26 5.48 5.26 7.96 7.96 8.32 8.40 7.59 6.57 6.94 6.79 9.05 10.73 10.73 10.07 14.53 14.02 14.67 12.56 9.42 6.42 5.33 5.33 5.04 6.50 7.52 5.18 6.94 8.40 8.40 7.81 9.27 10.95 11.61 10.37 10.59 10.80 10.59 7.74 0.00 0.00 0.00 4.74 3.94 6.06
0.00 0.00 0.00 0.00 0.00 0.00 0.00 0.00 0.00 1.68 1.61 2.12 3.80 2.77 2.77 3.80 4.74 4.38 4.38 5.11 3.43 3.36 3.29 3.21 2.85 2.70 2.85 3.36 4.53 6.13 7.01 8.03 8.25 7.74 6.20 7.52 6.35 8.32 6.42 6.50 6.42 7.01 7.30 7.30 5.11 5.69 6.57 3.80 4.89 4.96 3.94 7.96 8.03 8.03 9.13 13.07 13.14 8.83 15.18 6.06 4.23 3.72 5.26 4.82 4.89 4.82 5.91 8.54 8.54 9.71 10.44 11.39 10.15 8.69 9.34 9.13 5.40 6.86 0.00 0.00 0.00 4.60 3.72 6.50
0.00 0.00 0.00 0.00 0.00 0.00 0.00 0.00 0.00 1.68 1.61 2.12 3.80 2.77 2.77 3.80 4.74 4.38 4.38 5.11 3.43 3.36 3.29 3.21 2.85 2.70 2.85 3.36 4.53 6.13 7.01 8.03 8.25 7.74 6.20 7.52 6.35 8.32 6.42 6.50 6.42 7.01 7.30 7.30 5.11 5.69 6.57 3.80 4.89 4.96 3.94 7.96 8.03 8.03 9.13 13.07 13.14 8.83 15.18 6.06 4.23 3.72 5.26 4.82 4.89 4.82 5.91 8.54 8.54 9.71 10.44 11.39 10.15 8.69 9.34 9.13 5.40 6.86 0.00 0.00 0.00 4.60 3.72 6.50
0.00 0.00 0.00 0.00 0.00 0.00 0.00 0.00 0.00 0.80 1.83 1.61 3.21 5.26 4.09 4.38 4.45 5.18 5.18 5.11 4.67 3.36 2.85 3.72 3.87 4.23 3.65 5.18 5.18 4.60 5.84 6.35 8.54 6.64 6.94 5.11 6.28 5.40 4.53 4.96 5.40 3.14 4.16 4.16 4.45 2.56 0.00 0.00 0.00 1.02 2.04 1.02 5.40 7.23 6.79 8.10 8.25 12.48 10.15 5.18 7.15 7.52 7.74 6.94 9.78 8.83 9.05 9.05 9.05 9.49 11.24 10.88 12.41 11.53 9.86 9.78 5.99 0.00 0.00 0.00 0.00 4.38 5.26 6.06
0.00 0.00 0.00 0.00 0.00 0.00 0.00 0.88 1.02 1.68 1.53 3.94 5.40 5.33 5.11 4.60 5.11 4.82 4.82 5.04 4.60 2.77 3.14 2.99 4.16 5.18 4.67 4.60 4.96 5.33 5.99 7.59 9.78 8.98 7.52 4.74 5.18 5.40 3.80 2.04 2.41 2.56 3.07 3.07 2.48 2.92 0.00 0.00 0.00 0.00 0.15 3.07 0.00 6.28 7.59 7.23 9.13 12.56 11.02 10.00 10.59 11.24 10.51 14.67 12.70 10.15 13.21 13.51 13.51 10.80 14.53 12.34 13.29 10.73 9.42 5.18 3.50 1.39 0.00 2.56 4.38 3.87 5.11 4.82
0.00 0.00 0.00 4.09 0.00 4.60 5.40 2.63 3.36 1.61 2.41 2.19 3.65 5.77 5.04 5.48 4.96 5.18 5.18 5.26 5.18 5.62 5.33 3.72 3.72 5.04 6.06 6.72 6.13 5.04 4.96 8.03 7.59 7.59 8.40 6.42 3.43 1.46 0.80 1.10 1.31 2.41 1.97 1.97 2.56 0.00 0.00 0.00 0.00 0.00 0.00 4.60 7.15 7.23 8.40 10.22 11.02 13.29 13.58 12.63 16.06 16.72 16.50 16.94 14.24 14.31 15.26 16.28 16.28 13.94 12.48 8.61 2.12 2.99 2.99 2.99 2.85 0.73 0.58 1.83 3.50 3.07 2.56 4.60
4.60 5.26 5.99 5.91 5.77 5.55 6.28 4.16 1.10 1.46 0.15 1.75 1.31 3.94 4.82 3.94 5.33 5.11 5.11 5.18 6.20 5.69 5.69 5.55 8.83 8.54 7.23 8.76 6.86 6.72 5.26 3.65 4.89 3.94 5.40 4.82 4.16 0.66 0.00 0.00 0.00 3.21 3.14 3.14 3.29 0.00 0.00 0.00 0.00 4.45 4.60 4.67 7.37 8.83 8.40 10.73 11.17 12.34 14.31 15.33 14.97 17.16 16.86 16.64 15.84 16.13 15.40 15.99 15.99 9.64 14.67 3.80 1.53 1.61 1.10 0.44 0.58 0.44 0.44 0.51 0.44 1.68 1.17 2.63
5.18 5.04 6.06 5.69 5.69 0.00 4.53 3.80 3.94 1.75 0.00 0.51 0.00 4.16 3.94 4.09 4.60 4.89 4.89 4.96 5.99 5.91 7.59 9.93 10.66 12.26 11.46 10.73 8.76 8.03 5.04 3.36 2.77 2.34 1.17 0.66 1.02 0.00 0.00 0.00 0.00 0.22 2.26 2.26 1.53 1.53 2.04 0.00 0.00 0.00 0.00 0.00 0.00 7.74 9.49 10.95 11.90 11.68 12.19 11.90 13.65 13.94 13.43 15.62 15.55 13.58 12.26 11.90 11.90 5.62 10.15 4.31 1.90 3.94 2.99 1.46 0.51 0.88 0.00 0.44 0.15 1.10 0.58 2.04
5.18 5.04 6.06 5.69 5.69 0.00 4.53 3.80 3.94 1.75 0.00 0.51 0.00 4.16 3.94 4.09 4.60 4.89 4.89 4.96 5.99 5.91 7.59 9.93 10.66 12.26 11.46 10.73 8.76 8.03 5.04 3.36 2.77 2.34 1.17 0.66 1.02 0.00 0.00 0.00 0.00 0.22 2.26 2.26 1.53 1.53 2.04 0.00 0.00 0.00 0.00 0.00 0.00 7.74 9.49 10.95 11.90 11.68 12.19 11.90 13.65 13.94 13.43 15.62 15.55 13.58 12.26 11.90 11.90 5.62 10.15 4.31 1.90 3.94 2.99 1.46 0.51 0.88 0.00 0.44 0.15 1.10 0.58 2.04
5.26 5.55 5.33 5.69 0.00 0.00 0.00 3.29 1.90 2.19 1.02 0.00 0.00 0.00 4.23 5.48 4.67 3.94 3.94 4.60 5.99 7.45 9.20 9.49 9.71 11.39 12.48 10.29 7.88 6.79 3.94 3.07 1.53 0.66 0.66 0.37 0.00 0.00 0.00 0.07 0.80 0.44 0.44 0.44 0.51 0.00 0.44 0.00 0.00 0.00 0.00 0.00 0.00 0.00 5.77 9.64 7.01 7.52 5.26 7.37 9.64 10.07 9.93 12.41 10.73 12.41 11.90 10.66 10.66 7.66 11.46 10.44 7.23 4.82 5.62 3.72 2.04 0.51 0.00 0.00 0.51 0.51 1.31 0.00
5.55 5.84 6.79 6.50 7.15 6.50 0.00 0.00 0.00 0.00 0.00 0.00 0.00 0.00 4.53 4.53 5.40 3.58 3.58 4.53 6.64 8.83 9.34 9.61 9.46 12.02 10.40 11.02 9.20 10.44 5.99 3.07 2.77 0.66 1.31 1.61 0.00 0.66 1.53 1.17 0.66 0.51 0.44 0.44 0.51 0.07 0.00 0.00 0.00 0.00 0.00 0.00 0.00 0.00 0.00 4.60 7.45 0.00 0.00 6.86 7.96 7.74 7.37 8.76 8.40 10.66 7.88 9.13 9.13 8.18 10.29 10.37 8.61 5.48 3.87 1.24 1.83 0.22 0.73 0.44 0.66 0.15 0.00 0.00
6.72 6.72 7.30 8.18 8.25 8.40 6.57 0.00 0.00 0.00 0.00 0.00 0.00 0.00 3.65 2.34 2.99 1.97 1.97 2.85 4.23 8.32 5.99 8.65 12.61 9.61 11.79 11.06 12.19 11.61 5.77 6.79 4.82 6.42 1.97 3.07 0.80 1.61 2.12 2.04 2.34 0.44 0.51 0.51 0.00 0.37 0.00 0.00 0.00 0.00 0.00 0.00 0.00 0.00 0.00 0.00 0.00 0.00 0.00 4.89 7.01 7.74 7.30 6.42 6.06 5.26 5.40 7.08 7.08 7.30 8.98 9.49 7.01 5.48 3.80 1.75 4.23 2.12 1.68 1.53 1.53 0.07 0.00 0.22
7.88 7.30 6.64 7.66 8.76 9.64 9.49 6.79 0.00 0.00 0.00 0.00 0.00 0.00 0.00 0.00 1.68 1.39 1.39 0.00 0.00 3.93 3.46 5.57 3.25 7.64 9.50 11.65 13.70 14.00 11.61 8.40 8.54 9.20 5.33 6.64 3.29 3.21 3.14 1.61 0.44 0.51 0.44 0.44 0.00 0.00 0.00 0.00 0.00 0.00 0.00 0.00 0.00 0.00 2.04 0.00 0.00 0.00 0.00 6.13 7.59 7.23 7.01 9.13 7.66 5.33 10.37 5.33 5.33 12.41 10.37 8.47 9.20 7.96 5.18 5.62 5.26 2.77 1.46 1.61 1.61 0.66 0.73 0.80
7.59 7.37 6.79 5.26 5.48 4.96 6.06 0.00 0.00 0.00 0.00 0.00 0.00 0.00 0.00 0.00 0.00 0.00 0.00 0.00 0.00 0.00 0.00 0.00 0.00 3.43 8.13 6.74 14.13 13.13 11.37 8.32 9.78 9.71 9.71 9.20 8.32 4.31 5.11 1.39 0.29 0.00 0.00 0.00 0.00 0.00 0.00 0.00 0.00 0.00 0.00 0.00 0.00 0.00 0.00 0.00 0.00 0.00 0.00 6.06 5.62 8.76 9.78 9.64 10.00 12.05 10.51 14.31 14.31 13.80 12.78 10.22 7.81 5.26 5.40 5.40 5.11 4.16 1.90 1.46 1.17 1.02 1.02 1.31
7.59 7.37 6.79 5.26 5.48 4.96 6.06 0.00 0.00 0.00 0.00 0.00 0.00 0.00 0.00 0.00 0.00 0.00 0.00 0.00 0.00 0.00 0.00 0.00 0.00 3.43 7.88 6.27 13.20 13.33 11.49 8.67 10.99 10.27 9.96 9.20 8.32 4.31 5.11 1.39 0.29 0.00 0.00 0.00 0.00 0.00 0.00 0.00 0.00 0.00 0.00 0.00 0.00 0.00 0.00 0.00 0.00 0.00 0.00 6.06 5.62 8.76 9.78 9.64 10.00 12.05 10.51 14.31 14.31 13.80 12.78 10.22 7.81 5.26 5.40 5.40 5.11 4.16 1.90 1.46 1.17 1.02 1.02 1.31
7.45 6.86 7.01 5.04 4.45 5.04 4.82 3.94 0.00 0.00 0.00 0.00 0.00 0.00 3.50 3.87 3.87 0.00 0.00 0.00 0.00 0.00 0.00 0.00 0.00 0.00 2.80 1.98 12.34 3.23 2.14 6.20 3.73 9.90 10.54 9.83 9.88 6.86 4.82 5.69 1.24 1.10 0.00 0.00 0.00 0.00 0.00 0.00 0.00 0.00 0.00 0.00 0.00 0.00 0.00 0.00 0.00 0.00 0.00 0.00 3.14 5.69 8.18 10.51 14.02 13.36 14.09 13.21 13.21 14.09 13.36 9.56 7.59 5.84 4.96 6.20 3.65 2.19 2.19 2.26 1.02 0.88 1.90 1.90
8.32 7.37 6.86 5.26 2.92 2.56 3.58 5.40 3.65 5.48 4.53 0.00 0.00 0.00 0.00 5.48 5.91 4.74 4.74 0.00 0.00 0.00 0.00 0.00 0.00 0.00 0.00 0.23 0.00 4.28 0.00 1.83 0.00 5.40 6.93 10.02 8.97 9.32 7.01 5.99 2.85 2.85 2.70 2.70 0.00 0.00 0.00 0.00 0.00 0.00 0.00 0.00 0.00 0.00 0.00 0.00 0.00 0.00 0.00 0.00 0.00 0.00 0.00 10.73 14.97 12.12 15.26 15.11 15.11 9.27 9.56 8.10 7.37 5.69 4.02 3.72 3.36 2.63 2.19 2.63 1.17 2.19 2.85 4.45
9.56 10.00 8.54 8.03 6.64 7.08 4.45 5.11 5.84 4.82 5.33 4.31 0.00 0.00 3.14 3.36 3.50 4.89 4.89 3.80 4.82 0.00 1.90 0.00 0.00 0.00 0.00 0.74 0.77 0.00 0.00 0.00 0.00 3.80 4.00 3.31 8.74 7.08 8.83 7.59 5.40 3.80 4.23 4.23 2.77 0.00 0.00 0.00 0.00 0.00 0.00 0.00 0.00 0.00 0.00 0.00 0.00 0.00 0.00 0.00 2.19 5.55 0.00 8.76 10.00 13.14 7.45 6.06 6.06 5.84 4.38 1.10 1.39 1.97 1.46 2.04 1.97 2.56 2.99 3.07 3.14 3.36 4.31 5.26
9.93 8.47 8.47 8.76 7.96 6.20 5.26 5.18 6.57 6.57 6.86 6.13 0.00 0.00 3.65 2.85 1.83 3.14 3.14 4.02 1.53 2.04 2.26 0.95 1.83 0.00 0.07 0.00 0.00 0.00 0.00 0.00 0.58 1.46 1.75 1.17 5.71 4.69 6.63 7.15 5.40 4.67 4.16 4.16 4.45 3.80 0.07 0.37 0.80 0.00 0.00 0.00 0.00 0.00 0.00 0.00 0.00 0.00 1.31 1.75 2.77 0.00 0.00 6.86 6.42 8.69 3.87 4.74 4.74 3.94 0.00 0.00 0.00 0.00 0.44 1.02 0.88 1.75 1.17 1.83 3.94 2.70 4.02 4.16
8.03 8.18 8.32 1.17 9.64 11.32 13.58 11.46 10.18 8.40 8.83 7.30 5.55 0.00 0.51 0.00 0.00 0.29 0.29 0.00 0.00 0.00 0.00 0.66 0.00 0.00 0.00 0.00 0.00 0.00 0.00 0.00 0.00 0.00 0.73 1.31 2.99 3.36 2.08 4.64 4.84 3.21 4.96 4.96 3.94 4.38 2.04 2.26 2.04 2.41 2.70 0.07 0.00 1.10 0.15 0.00 0.00 0.00 0.00 1.46 2.04 2.26 3.94 0.00 0.00 6.79 5.26 0.00 0.00 0.00 0.00 0.00 0.00 0.00 0.07 0.58 0.44 0.29 0.44 1.17 0.00 0.88 3.07 2.56
2.41 0.00 0.00 0.00 4.96 14.09 13.80 14.45 10.86 8.76 7.23 7.59 0.00 4.96 0.73 0.00 0.00 0.00 0.00 0.00 0.00 0.00 0.00 0.00 0.00 0.00 0.00 0.00 0.00 0.00 0.00 0.00 0.00 0.00 0.00 0.00 1.46 0.44 0.37 2.34 1.99 2.34 2.19 2.19 3.43 3.58 4.02 3.80 3.50 3.72 2.92 1.31 0.15 1.53 0.44 0.00 0.00 0.00 0.00 0.00 1.46 0.88 2.48 0.00 0.00 0.00 0.00 0.00 0.00 0.00 0.00 0.00 0.00 0.00 0.00 0.00 0.00 0.00 0.00 0.00 0.00 0.44 0.58 0.58
2.41 0.00 0.00 0.00 4.96 14.09 13.80 14.45 10.59 8.76 7.23 7.59 0.00 4.96 0.73 0.00 0.00 0.00 0.00 0.00 0.00 0.00 0.00 0.00 0.00 0.00 0.00 0.00 0.00 0.00 0.00 0.00 0.00 0.00 0.00 0.00 1.46 0.44 0.37 2.34 1.97 2.34 2.19 2.19 3.43 3.58 4.02 3.80 3.50 3.72 2.92 1.31 0.15 1.53 0.44 0.00 0.00 0.00 0.00 0.00 1.46 0.88 2.48 0.00 0.00 0.00 0.00 0.00 0.00 0.00 0.00 0.00 0.00 0.00 0.00 0.00 0.00 0.00 0.00 0.00 0.00 0.44 0.58 0.58
8.18 0.00 0.00 0.00 0.00 12.85 14.02 7.71 6.37 0.00 0.00 7.59 0.00 0.37 0.00 0.00 0.00 0.00 0.00 0.00 0.00 0.00 0.00 0.00 0.00 0.00 0.00 0.00 0.00 0.00 0.00 0.00 0.00 0.00 0.00 0.00 0.44 0.44 1.32 1.46 1.75 1.83 1.46 1.46 2.99 2.99 2.99 3.29 4.02 4.45 3.94 3.14 1.53 1.97 0.00 0.00 0.00 0.00 0.15 0.00 0.95 0.66 1.53 1.68 0.00 0.00 0.00 0.00 0.00 0.00 0.00 0.00 0.00 0.00 0.00 0.00 0.00 0.00 0.00 0.00 0.00 0.00 0.00 0.66
12.05 6.50 0.00 0.00 4.96 5.62 3.80 3.48 3.50 5.04 5.33 3.21 1.83 1.83 0.15 0.00 0.00 0.00 0.00 0.00 0.00 0.00 0.00 0.00 0.00 0.00 0.00 0.00 0.00 0.00 0.00 0.00 0.00 0.00 0.66 0.73 0.58 1.46 1.46 2.34 1.61 1.02 1.10 1.10 2.04 1.90 2.26 2.41 2.77 3.72 4.31 3.87 3.65 3.21 1.53 0.00 0.00 0.44 0.00 0.44 1.10 0.00 2.12 0.95 1.39 0.00 0.00 0.00 0.00 0.00 0.00 0.00 0.00 0.00 0.00 0.00 0.00 0.00 0.00 0.00 0.00 0.00 0.00 0.00
