Wansh/Snow_depth/snowdepth-1991/winter/1991335.txt
ncols 321
nrows 161
xllcenter 60
yllcenter 15 
cellsize  0.25 
NODATA_value -1
[rows 0 to 37 of 161, columns 84 to 167 of 321]
3.80 3.87 3.58 2.77 1.46 0.58 0.73 2.48 2.48 2.41 2.26 3.43 3.58 3.21 2.99 3.14 2.85 2.92 2.92 3.14 3.07 3.43 2.56 1.75 1.02 1.31 1.68 1.83 1.97 1.31 1.90 1.75 1.39 2.04 2.48 2.26 2.77 2.77 2.34 0.00 0.00 0.00 1.97 1.97 1.90 0.80 0.44 0.51 0.58 1.17 1.75 2.34 2.63 2.56 2.12 1.83 2.56 3.43 3.07 2.48 2.41 2.04 1.10 0.37 0.07 0.88 1.39 1.75 1.75 2.26 2.63 3.07 3.43 3.80 3.58 2.77 2.99 3.87 3.87 3.58 3.36 3.29 2.92 2.85
3.50 3.07 2.04 2.26 1.02 0.00 0.00 0.51 0.00 0.73 2.12 2.99 2.56 2.41 3.21 2.12 2.12 2.70 2.70 3.43 4.16 3.21 3.72 3.50 3.21 2.63 1.53 1.39 1.75 1.83 2.56 1.90 1.46 1.83 2.34 2.63 3.87 3.36 2.48 2.12 0.00 1.53 1.31 1.31 1.53 2.26 2.48 1.53 1.61 1.46 1.68 2.12 1.97 1.68 1.90 1.97 2.63 3.58 4.23 3.50 3.58 3.65 3.29 3.43 2.99 1.90 1.83 3.14 3.14 3.14 2.77 2.63 3.14 4.02 4.16 4.16 4.09 3.80 3.50 3.65 3.50 3.36 3.21 3.50
2.77 2.77 1.75 0.95 0.66 0.44 1.10 1.61 1.24 2.92 3.36 3.80 3.36 2.99 2.77 2.34 1.83 1.97 1.97 2.26 2.48 2.92 3.07 3.94 4.31 4.09 2.63 0.95 1.24 2.48 3.50 3.58 2.63 2.26 2.34 3.14 5.62 5.84 5.11 4.60 2.26 0.66 0.44 0.44 0.80 2.63 3.43 2.56 2.48 2.70 2.12 1.10 0.80 1.39 2.12 2.04 2.77 3.80 4.53 5.69 6.28 6.42 7.45 7.37 6.86 6.06 4.82 4.67 4.67 4.67 4.45 3.80 3.21 3.21 3.58 4.53 5.04 5.40 5.26 4.82 4.53 4.38 4.02 3.36
2.77 2.77 1.75 0.95 0.66 0.44 1.10 1.61 1.24 2.92 3.36 3.80 3.36 2.99 2.77 2.34 1.83 1.97 1.97 2.26 2.48 2.92 3.07 3.94 4.31 4.09 2.63 0.95 1.24 2.48 3.50 3.58 2.63 2.26 2.34 3.14 5.62 5.84 5.11 4.60 2.26 0.66 0.44 0.44 0.80 2.63 3.43 2.56 2.48 2.70 2.12 1.10 0.80 1.39 2.12 2.04 2.77 3.80 4.53 5.69 6.28 6.42 7.45 7.37 6.86 6.06 4.82 4.67 4.67 4.67 4.45 3.80 3.21 3.21 3.58 4.53 5.04 5.40 5.26 4.82 4.53 4.38 4.02 3.36
3.21 2.26 2.63 3.07 2.99 3.07 3.29 3.87 4.23 4.60 4.53 5.04 4.53 4.02 3.80 4.02 3.65 2.77 2.77 2.34 1.68 1.75 2.19 2.12 4.89 4.23 2.48 1.17 0.80 2.12 3.50 2.92 2.56 3.07 3.50 5.18 5.91 6.64 6.28 5.62 3.36 1.68 1.97 1.97 2.48 4.38 4.60 4.74 4.74 3.14 2.12 1.53 1.39 1.24 1.39 2.12 2.26 2.19 3.36 5.04 5.91 7.66 9.56 11.17 11.68 11.10 9.86 8.91 8.91 7.01 6.42 5.48 4.96 4.60 4.53 4.53 4.82 4.74 4.74 4.82 4.82 4.74 5.04 4.89
5.62 5.33 5.55 5.62 5.04 4.38 3.43 3.29 4.23 3.14 4.89 4.89 5.18 5.55 5.40 5.26 5.11 4.67 4.67 4.02 3.36 2.04 1.75 1.90 2.48 2.85 2.41 1.17 0.66 0.58 1.53 1.53 2.77 2.99 3.29 4.16 5.11 5.33 5.84 5.62 4.67 3.72 3.72 3.72 4.89 5.40 5.48 6.64 5.99 4.45 3.07 1.24 0.66 0.88 1.68 2.04 2.41 2.92 3.36 4.02 4.74 6.20 8.69 10.73 13.36 14.24 13.87 12.48 12.48 9.71 8.54 7.96 7.15 6.35 4.96 4.09 3.58 2.92 2.63 3.29 3.94 4.02 3.80 4.60
6.50 6.35 6.86 6.79 7.01 7.52 6.72 5.77 5.69 5.26 0.00 0.00 0.00 0.00 4.96 6.28 7.66 8.10 8.10 8.98 8.18 6.50 3.94 1.97 1.17 1.68 1.39 0.44 0.95 0.73 1.31 1.68 2.34 3.07 3.43 4.09 4.82 6.28 5.62 5.48 5.69 5.26 5.33 5.33 6.28 6.50 6.57 6.79 5.55 4.67 2.99 1.68 1.31 1.46 1.83 2.48 3.07 4.02 4.60 5.26 5.62 6.50 8.25 9.05 10.80 11.97 12.41 12.92 12.92 12.12 10.88 10.80 10.73 10.29 9.34 7.08 5.69 5.18 4.45 3.14 2.26 2.85 3.36 3.87
6.50 6.35 6.86 6.79 7.01 7.52 6.72 5.77 5.69 5.26 0.00 0.00 0.00 0.00 4.96 6.28 7.66 8.10 8.10 8.98 8.18 6.50 3.94 1.97 1.17 1.68 1.39 0.44 0.95 0.73 1.31 1.68 2.34 3.07 3.43 4.09 4.82 6.28 5.62 5.48 5.69 5.26 5.33 5.33 6.28 6.50 6.57 6.79 5.55 4.67 2.99 1.68 1.31 1.46 1.83 2.48 3.07 4.02 4.60 5.26 5.62 6.50 8.25 9.05 10.80 11.97 12.41 12.92 12.92 12.12 10.88 10.80 10.73 10.29 9.34 7.08 5.69 5.18 4.45 3.14 2.26 2.85 3.36 3.87
6.72 6.72 6.86 7.15 7.81 7.88 8.54 8.69 8.32 6.28 0.00 2.77 1.68 0.00 2.77 4.09 5.33 5.77 5.77 5.91 5.48 9.86 7.01 2.63 1.24 0.95 1.17 1.31 0.73 0.80 0.80 1.75 2.34 2.63 3.58 4.38 5.40 5.91 5.40 4.96 4.82 4.45 3.94 3.94 4.60 4.89 4.38 3.94 3.58 2.70 2.85 3.21 3.50 3.36 3.14 2.92 3.14 3.72 4.23 4.96 5.40 5.62 5.62 5.33 6.13 7.30 8.18 7.88 7.88 8.40 9.20 9.71 10.51 10.44 10.00 9.78 8.47 7.66 6.94 5.84 3.87 2.70 2.63 3.36
4.45 4.09 3.87 5.48 6.28 7.37 7.52 7.52 7.74 5.33 2.70 1.46 0.66 0.15 1.61 4.02 4.23 3.94 3.94 4.09 4.38 4.45 3.14 0.95 0.00 0.00 0.00 0.00 0.80 1.31 1.46 1.61 1.39 2.19 3.72 4.53 4.60 4.67 4.31 3.43 3.94 2.63 2.34 2.34 2.19 2.34 3.14 2.70 2.92 3.50 4.16 4.89 6.28 6.72 5.40 4.74 4.53 4.38 4.60 4.89 4.74 4.38 3.80 3.43 3.80 5.26 5.62 5.84 5.84 6.06 6.64 7.74 9.27 9.42 8.98 8.83 8.91 9.20 8.25 7.15 6.42 4.67 3.65 2.70
0.00 0.00 0.00 1.46 1.97 2.48 3.72 3.58 3.72 3.58 3.43 1.24 1.02 0.15 0.58 1.53 1.75 2.04 2.04 2.19 2.70 3.14 2.12 0.80 0.44 0.22 0.51 0.95 0.80 1.24 1.39 1.17 1.53 2.26 2.63 2.85 2.99 3.94 3.94 3.43 3.43 3.21 3.29 3.29 3.94 4.23 3.43 2.77 4.09 5.18 5.84 7.23 7.81 7.52 6.13 5.69 6.57 7.08 6.35 5.62 4.60 4.09 3.65 3.29 3.58 4.45 5.77 7.01 7.01 8.03 8.25 8.69 10.00 11.53 9.71 8.69 8.40 9.20 9.64 8.69 7.01 6.20 6.20 4.89
0.00 0.00 0.00 1.46 1.97 2.48 3.72 3.58 3.72 3.58 3.43 1.24 1.02 0.15 0.58 1.53 1.75 2.04 2.04 2.19 2.70 3.14 2.12 0.80 0.44 0.22 0.51 0.95 0.80 1.24 1.39 1.17 1.53 2.26 2.63 2.85 2.99 3.94 3.94 3.43 3.43 3.21 3.29 3.29 3.94 4.23 3.43 2.77 4.09 5.18 5.84 7.23 7.81 7.52 6.13 5.69 6.57 7.08 6.35 5.62 4.60 4.09 3.65 3.29 3.58 4.45 5.77 7.01 7.01 8.03 8.25 8.69 10.00 11.53 9.71 8.69 8.40 9.20 9.64 8.69 7.01 6.20 6.20 4.89
0.58 0.95 0.44 0.15 0.44 1.10 0.37 1.17 1.90 3.14 3.14 0.00 0.00 0.00 0.00 1.02 1.90 2.63 2.63 3.29 2.92 2.92 2.56 1.68 1.68 1.39 0.29 0.00 0.73 1.02 2.12 2.26 2.92 3.36 3.50 4.09 4.89 5.69 5.40 4.89 5.91 6.20 5.11 5.11 4.96 5.26 4.02 4.23 5.40 6.86 7.96 9.78 10.51 9.20 7.88 7.45 7.88 9.20 10.15 9.42 7.88 5.99 4.89 5.11 5.11 5.62 5.77 6.64 6.64 8.10 8.61 9.05 10.22 11.39 12.70 11.75 9.20 8.10 8.61 8.54 8.40 8.03 7.59 7.08
0.00 0.00 0.00 0.00 0.00 0.29 0.95 1.53 2.04 2.12 2.48 0.00 0.00 0.00 0.00 3.43 3.21 2.70 2.70 3.14 3.07 2.48 2.26 2.70 2.34 1.02 0.58 1.17 1.83 3.50 1.83 5.40 6.28 6.28 7.08 7.37 6.94 7.74 7.15 6.79 6.64 5.99 6.06 6.06 6.13 5.69 6.50 5.48 6.13 6.64 7.88 9.49 10.07 10.66 10.80 10.44 10.59 10.37 9.34 8.40 7.81 6.94 7.15 6.50 5.99 6.64 6.79 6.72 6.72 7.81 8.98 9.49 9.93 10.73 11.68 12.05 9.93 6.13 3.87 4.31 6.42 6.57 6.57 6.13
0.00 0.00 0.00 0.00 0.00 0.00 0.00 0.00 0.00 2.99 3.58 3.72 2.41 2.99 3.58 3.72 3.58 3.80 3.80 3.87 3.07 2.41 2.99 2.92 2.19 1.97 1.31 2.34 3.29 4.74 5.04 5.26 8.40 8.32 7.59 7.15 7.01 7.15 6.79 6.72 6.94 7.23 8.10 8.10 8.76 7.66 6.35 5.62 6.50 7.23 8.83 9.64 10.00 10.95 10.88 10.88 11.97 10.66 7.52 5.18 4.67 4.96 5.04 6.42 6.28 6.13 6.35 7.23 7.23 8.25 8.40 9.34 9.20 8.10 7.15 7.52 6.13 0.00 0.00 0.00 3.80 5.11 5.77 5.48
0.22 0.00 0.00 0.00 0.51 0.07 0.22 2.04 2.19 2.19 3.07 3.29 2.63 3.21 3.50 3.36 3.94 4.60 4.60 4.02 3.14 2.63 3.36 4.23 4.31 4.16 3.21 2.99 3.29 4.96 5.18 6.79 8.18 7.01 6.28 6.20 6.06 5.77 5.91 6.42 6.57 7.08 7.15 7.15 6.20 5.84 5.77 4.67 4.60 5.18 7.08 8.03 8.03 8.98 9.20 10.59 11.02 9.27 6.57 4.02 3.43 3.87 4.02 3.94 4.53 5.99 6.64 7.01 7.01 8.10 8.32 8.54 8.47 6.64 6.20 5.84 1.39 0.00 0.00 0.00 1.10 6.86 4.09 5.77
0.22 0.00 0.00 0.00 0.51 0.07 0.22 2.04 2.19 2.19 3.07 3.29 2.63 3.21 3.50 3.36 3.94 4.60 4.60 4.02 3.14 2.63 3.36 4.23 4.31 4.16 3.21 2.99 3.29 4.96 5.18 6.79 8.18 7.01 6.28 6.20 6.06 5.77 5.91 6.42 6.57 7.08 7.15 7.15 6.20 5.84 5.77 4.67 4.60 5.18 7.08 8.03 8.03 8.98 9.20 10.59 11.02 9.27 6.57 4.02 3.43 3.87 4.02 3.94 4.53 5.99 6.64 7.01 7.01 8.10 8.32 8.54 8.47 6.64 6.20 5.84 1.39 0.00 0.00 0.00 1.10 6.86 4.09 5.77
0.00 0.22 0.00 0.73 1.46 1.10 1.10 0.88 1.97 2.99 3.50 3.80 4.60 5.40 5.69 4.16 3.50 4.23 4.23 4.16 2.92 2.04 2.70 3.07 3.43 4.09 3.87 3.43 3.43 3.72 4.89 6.42 7.88 7.59 7.74 5.55 4.96 5.69 5.62 5.69 5.11 5.04 4.96 4.96 3.80 3.65 0.00 0.00 0.00 0.00 4.67 4.89 4.38 5.55 6.72 8.83 9.20 7.59 5.48 4.96 4.82 6.13 6.50 5.77 5.48 5.55 6.06 6.94 6.94 8.61 9.71 9.13 7.88 7.01 6.35 6.86 0.00 0.00 0.00 0.00 3.29 2.92 3.80 3.72
0.00 0.73 0.00 0.00 1.61 1.83 2.19 2.19 1.46 2.26 3.43 5.77 5.77 6.28 5.84 4.09 3.21 4.45 4.45 4.53 3.50 3.14 2.41 2.19 2.85 3.94 4.09 3.87 3.80 4.16 4.89 6.79 8.25 8.69 9.20 6.94 6.13 5.18 4.09 3.65 2.70 3.21 0.00 0.00 3.43 0.00 0.00 0.00 0.00 0.00 0.00 2.63 3.80 4.23 6.13 8.83 9.05 8.40 7.45 7.15 7.59 9.27 9.86 8.98 7.88 7.37 8.03 9.05 9.05 10.59 10.73 9.42 7.30 5.62 5.62 4.02 3.80 1.90 0.00 0.00 2.92 4.67 4.74 4.02
0.00 0.00 0.00 0.00 0.00 2.34 2.19 2.04 1.97 2.99 3.72 5.91 6.64 5.84 5.62 4.96 4.89 5.11 5.11 4.60 4.82 3.80 2.70 2.70 3.43 5.11 5.69 5.26 4.82 4.02 4.23 5.69 6.64 7.01 10.51 7.23 5.26 3.07 2.63 1.68 0.00 0.00 0.00 0.00 3.58 0.00 0.00 0.00 0.00 0.00 0.00 0.00 3.58 4.38 6.50 8.25 10.29 10.95 10.80 10.88 10.80 12.12 13.65 12.70 11.02 10.51 10.29 11.75 11.75 11.46 8.83 6.28 4.16 3.58 3.07 2.77 2.04 2.41 2.34 2.19 1.97 2.63 3.50 3.72
0.00 0.00 3.29 3.07 0.00 0.00 3.80 2.63 1.83 1.83 1.90 3.07 5.55 4.45 4.82 4.74 5.33 6.13 6.13 5.69 5.48 5.62 6.50 6.35 6.28 6.13 7.30 7.01 5.77 4.31 3.14 3.07 3.36 4.31 4.31 7.59 3.21 1.31 1.68 0.00 1.53 2.41 3.58 3.58 3.36 0.00 0.00 0.00 0.00 0.00 2.19 2.77 4.23 5.40 6.94 9.42 10.95 11.32 11.90 12.41 12.92 14.24 14.31 13.43 12.41 11.90 11.75 10.80 10.80 9.78 5.99 3.14 1.68 1.46 1.83 1.46 0.58 0.88 1.02 1.10 1.02 1.24 1.90 2.34
0.00 0.00 0.00 0.00 0.00 0.00 4.02 3.36 2.34 1.31 0.00 1.31 3.87 2.63 2.85 3.14 5.04 6.13 6.13 6.28 6.64 7.74 8.10 8.69 8.76 8.69 9.20 8.47 7.45 5.33 3.21 2.41 1.90 1.75 2.41 1.39 4.02 0.22 0.00 0.00 0.66 2.77 3.07 3.07 1.75 0.00 0.00 0.00 0.00 0.00 0.00 0.00 3.50 5.69 6.94 7.45 8.76 9.27 9.49 10.51 11.90 11.97 11.97 11.97 12.12 11.46 10.44 9.34 9.34 6.79 4.31 2.63 1.53 1.46 1.68 1.24 0.51 0.37 0.29 0.00 0.22 0.58 0.88 1.46
0.00 0.00 0.00 0.00 0.00 0.00 4.02 3.36 2.34 1.31 0.00 1.31 3.87 2.63 2.85 3.14 5.04 6.13 6.13 6.28 6.64 7.74 8.10 8.69 8.76 8.69 9.20 8.47 7.45 5.33 3.21 2.41 1.90 1.75 2.41 1.39 4.02 0.22 0.00 0.00 0.66 2.77 3.07 3.07 1.75 0.00 0.00 0.00 0.00 0.00 0.00 0.00 3.50 5.69 6.94 7.45 8.76 9.27 9.49 10.51 11.90 11.97 11.97 11.97 12.12 11.46 10.44 9.34 9.34 6.79 4.31 2.63 1.53 1.46 1.68 1.24 0.51 0.37 0.29 0.00 0.22 0.58 0.88 1.46
0.00 0.00 0.00 0.00 0.00 0.00 0.00 3.14 2.19 0.58 0.00 0.00 0.00 4.31 3.21 3.80 5.55 5.04 5.04 5.48 6.20 6.94 8.10 9.42 10.15 10.73 10.51 9.71 8.47 6.42 3.58 2.34 1.53 0.00 0.00 0.00 1.39 0.29 0.00 0.00 0.00 1.61 1.10 1.10 0.00 0.00 0.00 0.00 0.00 0.00 0.00 0.00 0.00 3.50 5.26 5.48 6.13 6.13 5.91 7.30 8.47 8.18 7.74 9.20 11.61 11.17 9.49 7.66 7.66 7.45 7.59 6.42 4.53 2.99 2.56 1.53 0.88 0.73 0.37 0.51 0.15 0.00 0.15 0.37
1.61 1.68 0.00 0.00 0.00 0.00 2.19 1.97 1.83 0.00 0.00 0.00 0.00 4.74 4.60 5.40 6.20 5.55 5.55 5.55 4.45 6.06 8.25 9.39 9.90 11.21 9.66 9.05 8.83 7.37 4.16 2.04 1.83 1.17 0.15 0.00 0.00 0.51 0.80 0.00 1.39 1.10 0.00 0.00 0.00 0.00 0.00 0.00 0.00 0.00 0.00 0.00 0.00 0.00 0.00 0.00 0.00 0.00 2.99 5.26 6.57 5.77 4.96 6.50 7.52 7.88 8.32 7.96 7.96 7.88 8.32 8.69 6.79 4.31 2.70 1.90 1.46 1.02 0.44 0.22 0.29 0.66 0.00 0.00
0.00 1.39 1.75 2.48 0.00 0.00 0.00 0.00 0.00 0.00 0.00 0.80 1.90 6.50 0.00 2.70 2.92 2.48 2.48 2.12 2.34 5.18 6.50 7.26 9.59 9.16 9.68 9.86 9.86 8.83 5.26 3.21 3.29 2.85 1.24 0.44 0.22 0.73 0.51 1.97 1.90 1.61 0.00 0.00 0.00 0.00 0.00 0.00 0.00 0.00 0.00 0.00 0.00 0.00 0.00 0.00 0.00 0.00 0.00 5.11 6.79 5.55 4.60 5.48 5.04 4.53 5.77 6.72 6.72 7.01 6.72 6.42 4.67 3.72 2.99 2.26 1.53 1.53 1.24 1.17 0.00 0.00 0.00 0.00
0.00 0.00 2.26 1.90 0.00 0.00 0.00 0.00 0.00 0.00 0.00 0.00 0.80 3.94 0.00 0.00 0.00 0.00 0.00 0.00 0.58 2.37 3.24 3.46 4.39 5.52 6.49 8.18 9.48 9.39 7.88 7.23 6.50 5.77 3.50 2.77 0.00 1.24 1.46 1.61 0.73 0.15 0.00 0.00 0.00 0.00 0.00 0.00 0.00 0.00 0.00 0.00 0.00 0.00 0.00 0.00 0.00 0.00 0.00 3.29 5.40 6.50 6.20 6.94 7.01 4.09 4.38 6.64 6.64 8.03 7.81 7.01 5.40 4.02 4.02 3.14 2.63 2.19 1.31 2.19 1.97 0.80 0.44 0.73
0.00 0.00 2.56 3.21 3.58 0.00 0.00 0.00 0.00 0.00 0.00 0.00 0.00 0.00 3.58 0.00 0.00 0.00 0.00 0.00 0.00 0.00 0.00 0.00 0.00 1.24 3.09 4.92 6.55 8.92 9.90 9.20 8.83 8.76 8.25 7.01 4.96 3.14 0.95 1.97 2.12 0.00 0.00 0.00 0.00 0.00 0.00 0.00 0.00 0.00 0.00 0.00 0.00 0.00 0.00 0.00 0.00 0.00 0.00 0.00 4.60 6.86 8.10 9.49 9.20 7.59 7.52 9.64 9.64 10.37 9.42 7.52 5.69 4.31 4.23 3.65 2.63 2.04 1.53 1.53 1.39 0.80 0.58 0.95
0.00 0.00 2.56 3.21 3.58 0.00 0.00 0.00 0.00 0.00 0.00 0.00 0.00 0.00 3.58 0.00 0.00 0.00 0.00 0.00 0.00 0.00 0.00 0.00 0.00 1.24 2.99 4.57 6.12 9.06 10.01 9.58 9.92 9.27 8.46 7.01 4.96 3.14 0.95 1.97 2.12 0.00 0.00 0.00 0.00 0.00 0.00 0.00 0.00 0.00 0.00 0.00 0.00 0.00 0.00 0.00 0.00 0.00 0.00 0.00 4.60 6.86 8.10 9.49 9.20 7.59 7.52 9.64 9.64 10.37 9.42 7.52 5.69 4.31 4.23 3.65 2.63 2.04 1.53 1.53 1.39 0.80 0.58 0.95
0.00 0.00 2.34 2.70 2.77 2.92 2.70 2.34 0.00 0.00 0.00 0.00 0.00 0.00 0.00 0.37 0.00 0.00 0.00 0.00 0.00 0.00 0.00 0.00 0.00 0.00 0.00 0.00 1.68 4.40 6.93 6.96 7.72 8.96 10.01 9.23 7.37 4.45 2.12 1.39 2.99 0.44 0.00 0.00 0.00 0.00 0.00 0.00 0.00 0.00 0.00 0.00 0.00 0.00 0.00 0.00 0.00 0.00 0.00 0.00 3.43 5.11 6.28 8.40 11.46 11.97 10.07 9.78 9.78 10.51 9.86 8.03 5.69 3.94 3.94 4.53 2.77 1.46 1.83 0.80 0.88 0.88 0.80 1.10
0.00 0.00 2.99 2.04 1.61 1.24 1.39 2.77 2.48 2.34 2.56 2.56 2.34 2.92 5.77 2.41 2.41 3.43 3.43 2.20 0.44 0.00 0.00 0.00 0.00 0.00 0.00 0.00 0.00 0.00 0.15 1.10 2.85 5.16 8.48 9.55 9.04 7.56 5.40 3.50 2.19 2.34 1.75 1.75 0.29 0.00 0.00 0.00 0.22 0.00 0.00 0.00 0.00 0.00 0.00 0.00 0.00 0.00 0.00 0.00 0.00 0.00 0.00 6.50 11.02 11.02 8.69 8.61 8.61 9.05 8.69 6.50 4.31 2.99 3.14 4.38 3.50 2.04 1.31 1.68 1.75 1.39 1.61 1.61
0.00 2.99 3.07 3.50 3.07 2.41 2.26 2.63 3.36 4.16 2.92 2.34 1.97 1.46 4.23 0.00 2.63 2.92 2.92 2.19 1.53 1.53 1.39 0.37 0.00 0.00 0.00 0.00 0.00 0.00 0.00 0.00 0.00 0.95 3.46 4.59 7.38 7.96 7.15 4.53 4.09 4.31 4.02 4.02 1.53 0.29 0.44 0.00 0.00 0.00 0.00 0.00 0.00 0.00 0.00 0.00 0.00 0.00 0.00 0.00 0.00 0.00 0.00 7.74 9.86 8.76 6.50 6.13 6.13 6.28 4.09 2.85 1.97 1.68 1.61 2.63 2.92 2.26 1.83 1.83 2.19 2.85 3.14 3.14
0.00 0.00 0.00 0.00 0.00 0.00 0.00 0.00 0.00 2.99 3.07 2.12 1.97 1.68 1.46 3.29 2.70 1.68 1.68 1.53 2.12 2.48 1.31 0.00 0.00 0.00 0.00 0.00 0.00 0.00 0.00 0.00 0.00 0.00 0.22 1.02 3.78 5.30 5.66 5.68 4.45 4.16 6.06 6.06 2.85 1.90 1.39 0.58 0.44 0.00 0.00 0.00 0.00 0.00 0.00 0.00 0.00 0.00 0.00 0.00 0.00 0.00 0.00 4.96 5.04 4.31 3.72 3.87 3.87 3.43 1.24 0.88 0.51 0.15 0.22 0.80 0.95 1.83 2.19 1.24 1.83 2.99 2.99 2.70
0.00 0.00 0.00 0.00 0.00 0.00 0.00 0.00 0.00 0.00 0.00 0.00 1.46 1.46 0.15 0.58 1.24 0.00 0.00 0.00 0.00 0.00 0.00 0.00 0.00 0.00 0.00 0.00 0.00 0.00 0.00 0.00 0.00 0.00 0.00 0.00 1.10 0.88 2.00 2.92 2.64 3.58 4.67 4.67 4.96 3.58 3.21 2.63 2.56 1.02 0.00 0.00 0.00 0.00 0.00 0.00 0.00 0.00 0.00 1.10 0.00 0.00 0.00 0.00 0.00 0.00 0.00 0.00 0.00 0.00 0.00 0.00 0.00 0.00 0.00 0.22 0.37 0.22 0.29 0.29 1.61 2.63 2.19 1.68
0.00 0.00 0.00 0.00 0.00 0.95 0.00 0.00 0.00 0.00 0.00 0.00 1.10 0.44 0.00 0.00 0.00 0.00 0.00 0.00 0.00 0.00 0.00 0.00 0.00 0.00 0.00 0.00 0.00 0.00 0.00 0.00 0.00 0.00 0.00 0.00 0.00 0.00 0.00 0.37 0.96 1.31 2.92 2.92 3.29 5.18 3.29 3.72 3.43 3.21 3.14 1.75 0.00 0.00 0.00 0.00 0.00 0.00 0.00 0.00 0.00 0.00 0.00 0.00 0.00 0.00 0.00 0.00 0.00 0.00 0.00 0.00 0.00 0.22 0.29 0.29 0.00 0.00 0.00 0.00 0.00 0.51 0.95 1.17
0.00 0.00 0.00 0.00 0.00 0.95 0.00 0.00 0.00 0.00 0.00 0.00 1.10 0.44 0.00 0.00 0.00 0.00 0.00 0.00 0.00 0.00 0.00 0.00 0.00 0.00 0.00 0.00 0.00 0.00 0.00 0.00 0.00 0.00 0.00 0.00 0.00 0.00 0.00 0.37 0.95 1.31 2.92 2.92 3.29 5.18 3.29 3.72 3.43 3.21 3.14 1.75 0.00 0.00 0.00 0.00 0.00 0.00 0.00 0.00 0.00 0.00 0.00 0.00 0.00 0.00 0.00 0.00 0.00 0.00 0.00 0.00 0.00 0.22 0.29 0.29 0.00 0.00 0.00 0.00 0.00 0.51 0.95 1.17
0.88 0.00 0.00 0.00 0.00 0.22 0.00 0.00 0.00 0.00 0.00 0.00 0.00 0.00 0.00 0.00 0.58 0.00 0.00 0.00 0.00 0.00 0.00 0.00 0.00 0.00 0.00 0.00 0.00 0.00 0.00 0.00 0.00 0.00 0.00 0.00 0.00 0.00 0.00 0.00 0.00 0.00 0.22 0.22 0.58 3.21 1.53 2.56 3.50 4.23 4.31 3.21 1.83 0.00 0.00 0.00 0.00 0.00 0.00 0.00 0.00 0.66 0.37 0.00 0.00 0.00 0.00 0.00 0.00 0.00 0.00 0.00 0.00 0.00 0.00 0.00 0.00 0.00 0.00 0.00 0.00 0.00 0.00 0.00
0.00 1.10 0.00 0.00 0.00 0.00 1.90 2.15 2.19 1.75 0.29 0.15 0.29 0.00 0.00 0.00 0.00 0.00 0.00 0.00 0.00 0.00 0.00 0.00 0.00 0.00 0.00 0.00 0.00 0.00 0.00 0.00 0.00 0.00 0.00 0.00 0.58 0.00 0.00 0.00 0.00 0.00 0.00 0.00 0.00 0.00 0.00 0.00 2.19 3.14 3.36 3.14 2.48 1.90 1.10 0.00 0.00 0.00 0.00 0.00 0.00 1.17 0.95 0.44 0.15 0.00 0.00 0.00 0.00 0.00 0.00 0.00 0.00 0.00 0.00 0.00 0.00 0.00 0.00 0.00 0.00 0.00 0.00 0.00
