Wansh/Snow_depth/snowdepth-1991/winter/1991350.txt
ncols 321
nrows 161
xllcenter 60
yllcenter 15 
cellsize  0.25 
NODATA_value -1
[rows 0 to 37 of 161, columns 84 to 167 of 321]
4.53 4.53 4.31 4.74 0.00 0.00 3.36 2.56 2.41 0.00 3.29 3.80 4.09 4.09 4.60 5.69 5.84 6.57 6.57 7.88 5.91 4.82 4.82 4.82 5.48 3.36 0.51 0.00 0.22 0.29 0.29 2.12 1.90 2.34 2.34 4.16 5.11 5.33 0.00 0.00 0.00 0.00 2.56 2.56 1.02 0.95 1.39 0.66 0.58 1.68 2.56 2.34 2.70 2.12 2.12 2.04 2.63 3.36 2.85 3.07 1.75 1.97 1.83 1.90 1.24 0.80 1.46 1.17 1.17 2.77 2.63 4.23 4.82 4.89 4.60 6.50 6.50 6.79 6.86 4.38 4.60 4.74 4.53 4.89
4.09 4.67 4.67 4.96 4.23 4.23 4.38 4.67 3.80 3.94 5.18 4.02 4.16 2.63 3.65 3.87 3.80 5.18 5.18 7.59 7.74 7.23 7.37 4.02 4.60 1.75 2.70 1.83 1.31 0.88 0.73 1.02 0.73 2.77 2.19 3.07 4.16 4.74 4.67 0.00 4.23 3.43 3.07 3.07 1.97 1.83 1.68 3.43 1.75 1.61 1.46 1.46 1.46 1.24 2.12 2.12 3.29 2.99 3.58 4.67 4.96 5.26 3.50 3.29 4.02 4.74 2.70 3.94 3.94 3.80 4.23 4.16 4.60 5.69 5.40 6.79 6.94 7.08 6.06 6.42 5.84 6.20 6.28 5.62
4.16 4.60 4.31 3.36 3.72 5.18 5.04 4.89 4.60 5.18 5.48 3.50 2.77 2.34 3.72 2.85 2.77 3.14 3.14 2.99 5.40 5.77 5.91 5.48 6.28 3.14 3.58 1.46 2.19 1.39 1.02 1.17 1.53 1.39 2.77 4.82 4.38 6.94 7.66 7.81 5.84 0.00 0.00 0.00 0.00 0.00 4.82 4.74 4.23 1.53 1.61 1.53 1.02 0.88 1.31 3.50 3.36 4.74 4.23 5.33 6.72 6.13 9.71 11.32 6.94 7.81 7.96 8.69 8.69 8.83 6.42 4.74 5.33 4.96 7.37 6.79 9.13 9.20 9.20 8.32 7.74 7.08 6.86 7.23
4.16 4.60 4.31 3.36 3.72 5.18 5.04 4.89 4.60 5.18 5.48 3.50 2.77 2.34 3.72 2.85 2.77 3.14 3.14 2.99 5.40 5.77 5.91 5.48 6.28 3.14 3.58 1.46 2.19 1.39 1.02 1.17 1.53 1.39 2.77 4.82 4.38 6.94 7.66 7.81 5.84 0.00 0.00 0.00 0.00 0.00 4.82 4.74 4.23 1.53 1.61 1.53 1.02 0.88 1.31 3.50 3.36 4.74 4.23 5.33 6.72 6.13 9.71 11.32 6.94 7.81 7.96 8.69 8.69 8.83 6.42 4.74 5.33 4.96 7.37 6.79 9.13 9.20 9.20 8.32 7.74 7.08 6.86 7.23
5.40 4.67 4.38 6.06 5.26 5.18 2.26 3.14 3.58 2.48 4.02 3.58 6.13 4.45 4.45 4.82 2.99 2.70 2.70 3.14 3.80 4.23 6.35 5.69 6.13 5.33 3.50 1.46 2.26 0.88 1.10 0.95 1.46 1.39 2.63 4.02 6.28 5.99 6.86 6.42 0.00 0.00 0.00 0.00 4.38 3.50 6.20 5.26 5.18 4.60 1.61 2.04 0.51 0.44 0.51 1.39 1.97 2.99 4.09 3.87 5.55 9.49 9.20 12.19 14.97 14.60 10.73 9.78 9.78 10.07 7.88 8.83 7.37 7.08 6.06 7.74 8.91 8.76 9.05 9.34 8.18 8.61 8.47 7.52
0.00 0.00 0.00 0.00 5.99 1.97 2.26 3.87 3.07 2.48 6.20 6.42 6.42 5.04 5.99 5.84 7.23 5.48 5.48 5.40 4.02 2.56 4.74 4.16 4.67 4.74 4.38 1.75 2.19 0.58 1.24 0.80 1.83 2.48 2.34 3.58 4.82 6.64 6.13 7.23 5.11 4.89 4.67 4.67 4.89 5.55 5.11 6.79 5.48 5.84 2.04 0.66 0.95 0.80 1.39 1.46 1.97 3.65 3.58 4.38 7.01 6.35 10.15 10.95 14.97 15.62 15.48 13.51 13.51 11.32 9.93 8.76 8.69 8.69 7.52 8.10 6.42 5.99 6.57 5.69 7.08 7.74 8.40 9.34
0.00 0.00 0.00 0.00 3.80 3.80 4.96 4.82 7.15 7.23 6.64 6.57 4.67 5.11 4.23 6.94 6.50 8.76 8.76 9.05 7.81 5.11 4.96 3.36 1.10 0.80 0.80 0.66 1.17 0.66 1.39 1.61 1.46 2.56 3.29 5.48 4.89 8.03 6.72 7.45 5.77 4.96 5.84 5.84 5.48 6.13 6.79 6.79 3.80 2.12 2.70 1.10 0.73 0.95 2.19 2.99 2.56 4.38 5.26 4.96 6.57 8.76 8.18 9.64 10.22 13.58 12.78 12.99 12.99 11.90 11.39 11.24 12.56 12.26 10.22 7.96 7.01 7.37 5.91 5.62 5.48 7.37 8.47 8.25
0.00 0.00 0.00 0.00 3.80 3.80 4.96 4.82 7.15 7.23 6.64 6.57 4.67 5.11 4.23 6.94 6.50 8.76 8.76 9.05 7.81 5.11 4.96 3.36 1.10 0.80 0.80 0.66 1.17 0.66 1.39 1.61 1.46 2.56 3.29 5.48 4.89 8.03 6.72 7.45 5.77 4.96 5.84 5.84 5.48 6.13 6.79 6.79 3.80 2.12 2.70 1.10 0.73 0.95 2.19 2.99 2.56 4.38 5.26 4.96 6.57 8.76 8.18 9.64 10.22 13.58 12.78 12.99 12.99 11.90 11.39 11.24 12.56 12.26 10.22 7.96 7.01 7.37 5.91 5.62 5.48 7.37 8.47 8.25
4.82 4.96 0.00 0.00 0.00 0.00 0.00 0.00 0.00 0.00 0.00 0.00 2.48 4.38 3.94 5.77 8.32 8.25 8.25 9.13 11.32 6.64 10.15 4.82 1.17 0.00 0.80 0.51 1.02 0.88 1.17 1.39 1.68 1.68 2.56 6.20 7.59 7.52 7.45 4.60 4.45 4.74 2.48 2.48 4.31 4.67 1.75 2.63 3.14 2.41 1.75 1.24 4.60 3.36 3.07 4.38 5.33 4.23 5.18 6.13 5.84 5.48 7.37 7.30 8.03 7.96 7.88 7.74 7.74 10.07 9.93 11.32 10.88 12.05 11.75 12.26 11.17 11.46 11.46 10.00 6.35 5.69 5.11 5.55
5.18 4.67 0.00 0.00 0.00 0.00 0.00 0.00 0.00 0.00 0.00 0.00 3.29 3.21 4.82 4.31 7.01 6.57 6.57 8.10 9.71 7.30 3.65 1.24 0.66 1.02 0.95 0.51 1.24 0.66 0.95 1.10 2.19 3.07 5.62 5.48 3.36 4.09 3.94 3.43 2.19 1.68 1.75 1.75 2.63 2.12 1.90 3.07 4.31 4.09 5.77 5.40 5.11 7.52 5.40 5.26 5.91 7.08 6.72 5.55 5.18 5.33 4.53 4.82 5.18 6.86 7.88 7.74 7.74 8.76 10.44 10.22 12.19 13.43 12.34 10.88 10.88 12.48 11.39 7.52 8.32 5.55 4.60 4.53
2.70 4.45 4.16 4.82 4.45 4.74 4.74 4.96 5.69 5.40 0.00 0.00 0.00 0.00 0.00 0.00 0.00 0.00 0.00 0.00 6.72 5.55 4.23 1.90 0.44 1.17 0.73 1.02 0.80 1.17 1.02 1.53 1.46 1.83 2.63 3.29 3.07 3.65 4.09 2.70 2.56 5.77 4.38 4.38 4.82 4.74 3.36 3.58 5.77 6.57 6.06 9.93 8.83 8.76 8.91 9.34 6.50 8.83 9.71 10.15 9.05 5.40 5.48 5.62 6.42 6.42 6.86 9.13 9.13 8.61 10.95 12.41 12.12 14.53 14.67 15.11 13.72 13.58 13.72 11.61 9.78 9.42 9.64 8.10
2.70 4.45 4.16 4.82 4.45 4.74 4.74 4.96 5.69 5.40 0.00 0.00 0.00 0.00 0.00 0.00 0.00 0.00 0.00 0.00 6.72 5.55 4.23 1.90 0.44 1.17 0.73 1.02 0.80 1.17 1.02 1.53 1.46 1.83 2.63 3.29 3.07 3.65 4.09 2.70 2.56 5.77 4.38 4.38 4.82 4.74 3.36 3.58 5.77 6.57 6.06 9.93 8.83 8.76 8.91 9.34 6.50 8.83 9.71 10.15 9.05 5.40 5.48 5.62 6.42 6.42 6.86 9.13 9.13 8.61 10.95 12.41 12.12 14.53 14.67 15.11 13.72 13.58 13.72 11.61 9.78 9.42 9.64 8.10
3.29 0.00 4.16 5.33 5.26 5.04 4.96 5.69 5.40 6.72 0.00 0.00 0.00 0.00 0.00 0.00 0.00 0.00 0.00 0.00 5.77 7.37 4.53 3.29 2.63 1.90 1.31 0.15 0.66 0.51 1.02 2.04 3.80 3.80 2.92 3.94 6.86 6.64 5.26 8.25 7.45 6.79 6.64 6.64 5.33 5.91 6.64 6.13 6.13 7.59 11.90 11.32 12.48 10.95 10.73 11.32 12.48 11.46 11.24 10.29 9.05 9.42 8.25 6.42 7.23 6.94 7.15 7.45 7.45 10.44 12.63 12.56 15.04 14.60 16.35 14.97 15.18 13.72 11.39 11.10 11.02 11.24 9.78 10.07
0.00 5.55 6.28 6.06 6.06 6.57 6.86 6.13 7.08 6.13 7.23 6.64 6.42 5.40 4.45 4.53 0.00 0.00 0.00 5.77 5.69 5.11 4.23 4.31 3.21 2.41 1.10 0.80 1.61 4.89 6.57 6.28 6.50 9.64 9.42 9.27 9.27 10.00 9.34 9.34 9.34 8.18 8.40 8.40 7.37 8.69 9.34 7.30 9.49 9.27 10.59 12.19 13.94 13.65 13.14 14.02 13.43 14.97 9.86 10.88 9.13 8.47 8.10 8.10 8.32 8.83 7.88 10.00 10.00 9.34 12.63 13.72 13.21 13.51 13.36 12.70 11.83 3.50 0.00 0.00 7.52 8.03 8.18 8.10
6.06 5.99 6.50 8.25 8.03 6.13 3.87 3.72 5.91 6.20 5.62 5.62 3.80 3.94 3.72 0.00 0.00 0.00 0.00 6.35 5.33 5.11 4.45 4.31 3.87 2.63 2.92 2.12 4.38 5.69 7.74 6.86 10.00 9.93 10.00 8.69 8.83 9.49 9.34 9.93 9.86 9.64 11.97 11.97 11.97 11.39 10.51 10.29 9.93 10.44 11.68 11.68 14.16 16.28 15.48 17.67 16.72 17.16 10.66 5.33 5.91 6.94 6.64 6.79 7.23 8.40 8.18 9.42 9.42 10.80 10.66 12.92 12.78 13.51 10.80 10.59 11.53 5.18 0.00 4.89 2.41 8.32 8.18 7.96
6.20 7.08 7.96 7.88 3.14 3.87 0.00 0.00 0.00 0.00 2.48 2.41 1.46 4.09 4.02 4.16 0.00 0.00 0.00 6.28 5.33 5.62 5.62 5.33 4.82 4.38 4.82 5.18 5.04 5.84 7.74 9.05 8.83 9.27 8.40 8.25 8.69 8.76 9.42 10.44 10.66 10.22 11.10 11.10 8.61 8.40 8.10 6.42 6.50 9.05 9.78 8.91 9.05 14.16 15.70 15.26 13.87 10.59 12.26 5.18 5.84 5.33 7.96 6.20 6.13 7.66 9.42 8.98 8.98 10.95 12.70 11.75 12.26 9.93 9.56 9.71 6.50 0.00 0.00 0.00 6.79 7.74 6.86 9.64
6.20 7.08 7.96 7.88 3.14 3.87 0.00 0.00 0.00 0.00 2.48 2.41 1.46 4.09 4.02 4.16 0.00 0.00 0.00 6.28 5.33 5.62 5.62 5.33 4.82 4.38 4.82 5.18 5.04 5.84 7.74 9.05 8.83 9.27 8.40 8.25 8.69 8.76 9.42 10.44 10.66 10.22 11.10 11.10 8.61 8.40 8.10 6.42 6.50 9.05 9.78 8.91 9.05 14.16 15.70 15.26 13.87 10.59 12.26 5.18 5.84 5.33 7.96 6.20 6.13 7.66 9.42 8.98 8.98 10.95 12.70 11.75 12.26 9.93 9.56 9.71 6.50 0.00 0.00 0.00 6.79 7.74 6.86 9.64
5.40 7.96 7.59 5.55 0.00 0.00 0.00 0.00 0.00 0.00 1.53 1.53 1.46 3.58 4.45 0.00 3.43 6.13 6.13 5.40 5.40 5.26 4.96 4.31 3.94 4.53 4.82 6.64 6.64 7.15 7.08 8.10 9.20 8.91 8.91 7.96 8.10 7.81 8.03 6.06 7.52 5.84 5.99 5.99 5.48 4.02 4.38 4.89 4.09 2.85 7.15 6.86 7.15 6.72 12.05 12.41 12.41 11.24 9.56 6.42 7.23 9.71 9.20 11.39 10.66 11.24 9.71 11.02 11.02 13.72 13.43 12.78 10.44 11.02 9.78 7.66 9.27 0.00 0.00 5.11 3.50 6.13 7.96 6.79
4.82 0.00 4.09 0.00 0.00 0.00 0.00 0.00 0.00 0.00 0.00 1.68 4.67 4.96 5.18 3.50 3.80 6.42 6.42 6.13 5.26 5.18 4.31 3.58 3.65 4.38 6.28 7.96 8.10 8.18 8.98 8.83 10.15 10.51 9.64 10.29 7.96 5.04 4.31 4.60 3.50 3.65 4.45 4.45 3.80 3.50 0.29 0.00 0.80 1.90 4.67 4.09 6.79 9.13 8.47 12.19 12.85 12.85 12.12 13.65 16.35 11.53 13.87 12.99 13.36 12.41 14.16 13.87 13.87 16.72 12.70 14.45 7.74 5.91 5.04 7.52 4.31 2.12 3.21 2.99 5.04 5.84 5.48 6.06
0.00 0.00 0.00 0.00 0.00 0.00 0.00 0.00 0.00 0.00 1.39 0.95 3.07 3.29 3.07 3.14 3.43 3.50 3.50 5.69 5.62 5.11 4.74 6.42 7.08 8.40 7.88 8.54 8.25 7.08 8.32 6.94 8.76 8.83 8.98 5.55 4.53 5.11 0.00 0.00 0.00 1.75 4.53 4.53 4.16 4.31 0.00 0.00 0.00 0.00 6.20 8.18 6.50 8.83 12.26 11.46 15.91 15.04 14.82 15.48 16.72 18.54 18.54 15.40 14.09 14.53 15.26 16.86 16.86 16.79 13.65 5.99 4.09 4.09 4.02 2.19 2.70 1.97 3.65 3.72 3.29 4.45 5.99 5.91
4.60 3.87 3.87 3.58 0.00 4.23 0.00 0.00 0.44 0.00 0.00 0.00 0.00 0.58 1.90 2.04 4.89 5.04 5.04 5.40 5.69 6.79 6.79 6.64 7.66 8.69 11.39 9.20 9.71 7.74 7.01 4.60 6.57 5.55 5.18 4.38 0.95 0.00 0.00 0.00 1.68 0.73 3.80 3.80 3.58 0.00 2.41 3.72 5.91 7.37 7.45 7.23 9.20 8.61 12.63 15.99 15.33 16.79 13.14 16.57 16.13 18.25 17.37 17.23 16.72 16.13 13.29 15.48 15.48 9.93 11.68 4.67 2.12 2.63 2.48 2.41 0.95 0.58 1.31 0.73 1.90 2.26 4.67 4.31
4.23 0.00 0.00 0.00 4.38 0.00 0.00 0.00 0.22 0.00 0.00 0.00 0.00 0.00 0.00 2.48 4.23 4.82 4.82 4.96 5.26 7.15 6.20 7.37 12.41 11.61 13.36 11.61 10.80 7.52 8.32 5.40 3.58 3.43 1.31 3.72 0.58 0.00 0.00 0.00 0.73 2.12 2.70 2.70 2.92 0.00 0.00 4.09 3.87 0.00 2.92 2.85 6.64 8.83 7.88 13.72 14.38 10.59 10.51 8.69 10.73 14.82 15.18 15.91 15.70 15.62 12.92 9.93 9.93 10.66 8.03 5.84 4.02 4.16 3.21 1.90 1.75 1.46 0.51 1.68 1.46 1.31 2.56 1.97
4.23 0.00 0.00 0.00 4.38 0.00 0.00 0.00 0.22 0.00 0.00 0.00 0.00 0.00 0.00 2.48 4.23 4.82 4.82 4.96 5.26 7.15 6.20 7.37 12.41 11.61 13.36 11.61 10.80 7.52 8.32 5.40 3.58 3.43 1.31 3.72 0.58 0.00 0.00 0.00 0.73 2.12 2.70 2.70 2.92 0.00 0.00 4.09 3.87 0.00 2.92 2.85 6.64 8.83 7.88 13.72 14.38 10.59 10.51 8.69 10.73 14.82 15.18 15.91 15.70 15.62 12.92 9.93 9.93 10.66 8.03 5.84 4.02 4.16 3.21 1.90 1.75 1.46 0.51 1.68 1.46 1.31 2.56 1.97
4.23 3.58 0.00 5.40 4.89 0.00 0.00 0.00 0.00 0.00 0.00 0.00 0.00 0.00 3.72 2.77 3.07 5.69 5.69 4.82 5.40 7.01 8.32 10.44 12.56 12.19 11.53 11.68 11.46 8.10 5.99 3.50 4.09 3.14 1.61 0.44 0.66 0.00 0.00 0.00 0.00 1.39 0.00 0.00 0.00 0.00 0.00 0.00 0.00 0.00 0.00 0.00 0.00 6.20 6.35 5.18 10.00 6.72 6.72 6.35 8.61 7.30 8.03 7.37 10.29 12.48 13.14 10.29 10.29 10.37 10.15 10.37 5.77 4.53 4.82 2.70 1.97 1.31 1.31 0.66 1.39 1.46 1.24 1.02
4.02 6.86 4.38 6.13 6.42 0.00 0.00 0.00 0.00 0.00 0.00 0.00 0.00 0.00 3.29 4.09 4.16 6.06 6.06 6.13 4.96 6.79 8.47 9.91 9.17 11.13 10.99 10.59 9.93 10.73 7.81 4.89 3.14 3.87 1.61 1.24 0.00 0.29 0.00 1.61 1.10 0.22 0.29 0.29 0.00 0.00 0.00 0.00 0.00 0.00 0.00 0.00 0.00 0.00 2.77 0.00 0.00 0.00 5.33 7.81 7.45 6.57 6.35 7.96 6.86 7.08 8.10 9.86 9.86 9.34 10.51 9.20 10.22 6.42 3.43 2.26 2.41 1.75 1.46 1.24 1.24 1.46 0.88 0.51
6.57 8.03 8.40 7.15 7.37 7.81 0.00 0.00 0.00 0.00 0.00 0.00 0.00 0.00 0.00 0.00 0.00 3.87 3.87 3.65 6.06 5.04 8.32 8.81 8.98 9.91 11.40 10.99 12.99 12.48 10.07 8.32 5.33 5.84 2.34 2.41 1.17 1.90 2.12 1.97 1.31 0.00 0.00 0.00 0.00 0.00 0.00 0.00 0.00 0.00 0.00 0.00 0.00 0.00 0.00 0.00 0.00 0.00 0.00 5.55 7.96 7.01 5.33 5.91 5.04 5.48 6.20 9.71 9.71 10.37 10.37 8.61 6.28 4.74 5.40 3.50 2.63 2.41 2.41 1.83 1.53 0.44 0.88 0.95
7.88 8.91 7.88 7.59 7.66 7.66 6.64 0.00 4.02 0.00 0.00 0.00 0.00 0.00 0.00 0.00 0.00 0.00 0.00 0.00 0.00 0.00 0.00 5.79 4.01 6.66 6.03 9.88 12.27 13.11 10.88 11.10 7.88 8.91 4.74 5.33 6.28 3.50 3.07 1.39 1.39 0.66 0.00 0.00 0.00 0.00 0.00 0.00 0.00 0.00 0.00 0.00 0.00 0.00 0.00 0.00 0.00 0.00 4.16 3.43 6.42 8.10 9.64 6.86 5.62 5.48 4.82 9.42 9.42 11.24 9.34 9.78 7.74 6.72 6.86 5.99 3.43 4.02 2.70 2.99 3.43 1.02 0.29 1.46
7.66 7.59 7.74 5.69 6.13 6.06 5.91 0.00 0.00 0.00 0.00 0.00 0.00 0.00 0.00 0.00 0.00 0.00 0.00 0.00 0.00 0.00 0.00 0.00 0.00 3.50 2.63 7.46 7.18 11.65 11.89 11.90 11.75 12.19 11.39 9.34 8.40 4.74 4.96 2.63 0.80 0.80 0.88 0.88 0.00 0.00 0.00 0.00 0.00 0.00 0.00 0.00 0.00 0.00 0.00 0.00 0.00 0.00 3.58 6.35 8.47 8.18 9.78 12.41 13.21 13.51 13.43 14.89 14.89 12.63 13.14 10.44 6.94 5.77 5.62 5.77 3.50 2.41 2.34 3.07 2.12 0.80 0.37 1.31
7.66 7.59 7.74 5.69 6.13 6.06 5.91 0.00 0.00 0.00 0.00 0.00 0.00 0.00 0.00 0.00 0.00 0.00 0.00 0.00 0.00 0.00 0.00 0.00 0.00 3.50 2.56 6.93 6.71 11.83 12.01 12.39 13.21 12.90 11.68 9.34 8.40 4.74 4.96 2.63 0.80 0.80 0.88 0.88 0.00 0.00 0.00 0.00 0.00 0.00 0.00 0.00 0.00 0.00 0.00 0.00 0.00 0.00 3.58 6.35 8.47 8.18 9.78 12.41 13.21 13.51 13.43 14.89 14.89 12.63 13.14 10.44 6.94 5.77 5.62 5.77 3.50 2.41 2.34 3.07 2.12 0.80 0.37 1.31
7.45 7.45 5.11 5.84 4.82 4.82 4.82 4.02 0.00 0.00 0.00 4.96 0.00 0.00 0.00 0.00 7.81 5.77 5.77 6.86 3.58 0.00 0.00 0.00 0.00 1.84 0.00 3.30 2.70 7.26 4.42 8.25 7.22 12.89 10.46 12.33 10.69 9.13 6.64 4.53 3.72 1.24 1.68 1.68 1.46 0.00 0.00 0.00 0.00 0.00 0.00 0.00 0.00 0.00 0.00 0.00 0.00 0.00 0.00 4.38 6.13 7.81 7.23 11.32 15.70 13.65 14.09 13.72 13.72 13.21 11.17 11.68 8.32 5.69 6.72 5.48 5.11 3.43 2.70 2.63 1.17 1.83 2.63 1.10
7.08 6.13 4.09 0.00 0.00 2.92 4.09 5.77 5.33 7.37 7.45 7.37 6.57 0.00 2.56 7.23 9.56 7.81 7.81 4.99 0.00 0.00 0.00 0.00 0.00 0.00 0.00 0.00 0.67 2.21 1.97 4.16 3.50 8.63 9.46 8.13 12.23 10.71 6.42 5.84 6.72 3.14 2.48 2.48 3.07 0.88 0.00 0.00 0.29 0.00 0.00 0.00 0.00 0.00 0.00 0.00 0.00 0.00 0.00 0.00 0.00 0.00 7.52 13.80 15.33 13.80 8.91 8.98 8.98 12.85 9.78 4.45 3.65 4.53 4.02 4.67 3.14 2.41 2.41 2.70 3.29 3.29 3.80 5.48
6.42 6.79 5.55 0.00 0.00 0.00 3.29 0.00 6.20 5.91 6.64 5.18 0.00 4.23 5.04 5.62 6.57 4.74 4.74 4.74 4.31 3.50 3.14 1.97 0.00 0.00 0.00 0.00 0.00 0.00 0.00 2.41 2.34 2.85 5.99 5.95 10.67 10.07 9.13 8.32 6.20 6.94 3.14 3.14 1.39 1.24 0.07 0.58 0.44 0.80 0.00 0.00 0.00 0.00 0.00 0.00 0.00 0.00 0.00 0.00 0.00 0.00 4.53 9.93 9.71 7.01 7.59 6.50 6.50 5.04 3.07 3.58 1.97 2.04 3.21 2.77 3.65 2.70 3.87 3.29 4.31 5.55 5.62 5.69
8.18 6.50 6.86 4.02 1.61 3.72 3.14 0.00 5.69 8.18 7.96 5.77 5.77 4.53 4.60 0.00 4.02 3.07 3.07 3.21 5.18 4.74 1.97 1.75 0.66 0.00 0.00 0.00 0.00 0.00 0.00 0.00 0.00 0.00 3.65 0.00 7.71 8.62 7.90 8.11 6.35 5.69 5.11 5.11 3.58 2.56 2.92 0.88 0.80 1.17 1.61 0.00 0.00 0.00 0.00 0.00 0.00 0.00 0.00 0.00 0.00 0.00 0.00 5.69 7.01 4.82 4.67 4.38 4.38 4.02 1.68 1.02 0.00 0.95 0.00 0.88 2.41 3.58 3.07 3.80 2.77 4.16 5.18 4.16
0.00 6.35 1.97 3.36 2.77 4.31 10.37 8.10 7.23 9.71 9.56 9.05 8.25 3.94 2.85 1.61 0.73 0.88 0.88 0.37 0.66 0.58 0.66 1.31 0.00 0.00 0.00 0.00 0.80 0.58 0.00 0.00 0.00 0.00 0.00 0.00 0.00 4.96 6.37 5.91 7.56 5.55 5.69 5.69 6.28 4.09 4.16 4.23 2.34 1.39 2.56 0.00 0.00 0.00 0.00 0.00 0.00 0.00 0.00 1.24 0.00 1.83 3.50 0.00 3.65 0.00 0.00 0.00 0.00 0.00 0.00 0.00 0.00 0.00 0.37 0.15 0.95 0.95 0.66 2.12 3.43 2.70 3.21 3.07
1.75 0.00 0.00 0.00 3.29 1.39 11.97 13.51 11.98 11.83 9.86 7.74 3.58 4.67 0.15 0.00 0.00 0.00 0.00 0.00 0.00 0.00 0.00 0.00 0.00 0.00 0.00 0.00 0.00 0.00 0.00 0.00 0.00 0.00 0.00 0.00 0.00 0.00 4.02 4.38 5.09 5.26 4.23 4.23 4.09 4.67 4.67 5.11 5.11 3.58 3.87 0.00 0.00 0.00 0.00 0.00 0.00 0.00 0.00 0.00 1.61 1.31 1.61 0.00 0.00 0.00 0.00 0.00 0.00 0.00 0.00 0.00 0.00 0.00 0.00 0.00 0.00 0.00 0.00 0.00 2.04 1.68 2.34 1.24
1.75 0.00 0.00 0.00 3.29 1.39 11.97 13.51 11.68 11.83 9.86 7.74 3.58 4.67 0.15 0.00 0.00 0.00 0.00 0.00 0.00 0.00 0.00 0.00 0.00 0.00 0.00 0.00 0.00 0.00 0.00 0.00 0.00 0.00 0.00 0.00 0.00 0.00 4.06 4.38 5.04 5.26 4.23 4.23 4.09 4.67 4.67 5.11 5.11 3.58 3.87 0.00 0.00 0.00 0.00 0.00 0.00 0.00 0.00 0.00 1.61 1.31 1.61 0.00 0.00 0.00 0.00 0.00 0.00 0.00 0.00 0.00 0.00 0.00 0.00 0.00 0.00 0.00 0.00 0.00 2.04 1.68 2.34 1.24
4.53 7.30 0.00 0.00 0.00 13.07 10.59 11.56 7.41 8.61 8.61 7.01 2.63 3.72 0.51 0.00 0.00 0.00 0.00 0.00 0.00 0.00 0.00 0.00 0.00 0.00 0.00 0.00 0.00 0.00 0.00 0.00 0.00 0.00 0.00 0.00 0.00 0.00 3.15 0.00 0.00 3.14 3.21 3.21 0.00 4.23 4.45 4.45 4.67 4.74 4.09 4.45 2.63 0.00 0.00 0.00 0.00 0.00 0.00 0.00 0.00 1.68 0.00 0.00 0.00 0.00 0.00 0.00 0.00 0.00 0.00 0.00 0.00 0.00 0.00 0.00 0.00 0.00 0.00 0.00 0.00 0.00 0.58 0.00
10.15 7.88 0.00 0.00 0.00 4.38 8.40 8.60 3.65 3.14 4.45 4.67 2.63 3.87 3.29 0.00 0.00 0.00 0.00 0.00 0.00 0.00 0.00 0.00 0.00 0.00 0.00 0.00 0.00 0.00 0.00 0.00 0.00 0.00 0.00 0.00 0.00 0.00 0.00 0.00 0.00 0.00 0.00 0.00 0.00 0.00 0.00 0.00 0.00 0.00 4.09 3.87 4.16 2.92 0.00 0.00 0.00 0.00 0.00 0.00 0.00 0.00 1.17 0.00 0.22 0.00 0.00 0.00 0.00 0.00 0.00 0.00 0.00 0.00 0.00 0.00 0.00 0.00 0.00 0.00 0.00 0.00 0.00 0.00
