Wansh/Snow_depth/snowdepth-1991/winter/1991344.txt
ncols 321
nrows 161
xllcenter 60
yllcenter 15 
cellsize  0.25 
NODATA_value -1
[rows 0 to 37 of 161, columns 84 to 167 of 321]
0.00 0.00 0.00 0.00 0.00 1.61 0.00 0.00 0.00 0.00 0.00 0.00 0.00 0.00 0.00 0.00 0.00 0.00 0.00 0.00 0.00 0.00 0.00 0.00 0.00 0.00 0.00 0.15 0.00 0.00 0.15 0.73 1.53 1.46 2.04 2.56 3.14 0.00 3.21 3.21 3.21 0.00 0.00 0.00 0.00 0.44 0.00 0.00 0.51 0.51 1.10 1.24 1.53 0.88 2.04 2.04 2.34 2.19 0.00 0.00 0.00 0.00 1.53 0.22 0.29 0.37 0.95 0.73 0.73 0.80 2.63 3.58 4.09 4.02 4.16 4.96 4.16 5.77 4.89 4.96 4.09 4.23 4.31 3.80
0.00 0.00 0.00 0.00 0.80 0.00 0.00 0.00 0.00 0.00 0.00 0.00 0.00 2.04 0.00 1.97 1.53 0.00 0.00 0.00 0.00 0.00 0.00 0.00 0.00 0.00 0.15 0.37 1.31 0.22 0.22 0.51 0.95 1.10 2.19 2.92 1.39 3.07 3.58 2.19 2.48 0.07 0.00 0.00 0.15 0.66 1.68 0.73 1.53 0.95 1.17 0.58 0.58 0.66 0.58 1.68 1.83 2.41 2.41 3.80 2.48 2.77 3.14 3.29 2.41 1.24 1.24 3.94 3.94 3.21 3.36 3.43 4.45 4.31 4.16 5.48 6.42 6.42 6.28 5.11 5.33 4.67 4.31 4.60
2.34 0.00 2.04 0.44 0.66 1.24 1.83 1.61 0.00 0.00 0.00 3.58 2.99 3.07 1.83 1.24 1.53 1.46 1.46 0.00 0.00 3.72 4.82 3.72 3.43 1.02 0.00 0.00 0.29 1.46 0.22 0.66 1.02 0.95 1.46 4.89 3.21 4.67 4.45 3.29 1.17 1.83 0.00 0.00 1.39 2.41 2.41 1.75 1.75 1.75 0.44 0.29 1.02 0.66 0.80 1.53 1.90 1.90 3.72 3.87 3.65 5.55 5.18 8.18 6.57 7.08 6.20 4.67 4.67 4.02 5.04 5.55 3.21 4.60 4.16 5.99 7.52 7.59 7.37 8.03 6.86 7.15 5.69 5.91
2.34 0.00 2.04 0.44 0.66 1.24 1.83 1.61 0.00 0.00 0.00 3.58 2.99 3.07 1.83 1.24 1.53 1.46 1.46 0.00 0.00 3.72 4.82 3.72 3.43 1.02 0.00 0.00 0.29 1.46 0.22 0.66 1.02 0.95 1.46 4.89 3.21 4.67 4.45 3.29 1.17 1.83 0.00 0.00 1.39 2.41 2.41 1.75 1.75 1.75 0.44 0.29 1.02 0.66 0.80 1.53 1.90 1.90 3.72 3.87 3.65 5.55 5.18 8.18 6.57 7.08 6.20 4.67 4.67 4.02 5.04 5.55 3.21 4.60 4.16 5.99 7.52 7.59 7.37 8.03 6.86 7.15 5.69 5.91
0.00 0.00 5.26 5.04 4.96 3.36 3.72 3.14 3.14 0.00 4.60 5.04 5.11 4.82 0.00 0.00 4.09 1.53 1.53 2.04 1.31 3.14 2.56 4.60 3.21 1.53 1.83 0.00 0.00 0.95 1.10 1.10 2.48 1.53 2.41 1.75 2.12 3.80 4.60 4.53 2.77 2.56 2.70 2.70 2.92 4.53 4.38 3.94 4.53 1.61 1.61 0.80 0.66 0.15 1.17 1.46 1.02 1.61 1.31 3.94 4.53 4.89 7.08 9.27 10.73 11.02 10.59 11.97 11.97 8.03 5.48 6.50 4.38 4.96 5.48 5.40 7.08 6.28 7.74 8.10 5.99 6.42 6.50 6.13
0.00 0.00 0.00 6.42 0.00 4.89 3.65 3.87 3.65 4.09 3.87 5.18 5.26 5.33 0.00 5.04 7.01 0.00 0.00 6.06 3.36 3.43 1.68 2.19 1.83 1.10 1.39 0.00 0.00 0.37 0.00 0.58 1.68 2.48 3.36 2.34 3.29 3.29 4.67 4.53 4.89 3.65 4.60 4.60 4.45 4.67 5.18 4.96 4.96 3.43 0.88 0.88 0.22 0.37 0.88 1.68 1.46 1.83 3.21 4.45 5.62 4.60 6.64 10.29 11.97 13.21 12.34 12.78 12.78 9.56 9.05 7.08 5.91 5.62 7.59 4.96 4.74 4.89 5.04 4.45 4.60 6.64 7.01 6.64
8.54 9.13 8.25 8.32 7.15 7.01 7.01 7.01 7.45 7.45 5.69 4.23 4.53 4.74 5.77 5.84 5.77 6.79 6.79 7.88 5.40 6.50 1.75 1.02 1.02 1.24 0.00 0.00 0.07 0.07 0.00 0.00 1.17 2.56 0.00 0.00 3.87 5.40 5.18 4.45 4.23 3.87 4.96 4.96 4.53 5.62 5.62 2.99 2.92 3.65 0.88 0.15 0.15 1.17 0.73 2.12 2.70 2.48 3.65 4.53 5.69 6.94 8.76 8.10 10.95 12.48 10.29 10.59 10.59 10.15 10.22 8.98 11.17 9.56 10.15 7.59 8.76 5.77 5.84 5.99 4.38 4.45 6.06 6.57
8.54 9.13 8.25 8.32 7.15 7.01 7.01 7.01 7.45 7.45 5.69 4.23 4.53 4.74 5.77 5.84 5.77 6.79 6.79 7.88 5.40 6.50 1.75 1.02 1.02 1.24 0.00 0.00 0.07 0.07 0.00 0.00 1.17 2.56 0.00 0.00 3.87 5.40 5.18 4.45 4.23 3.87 4.96 4.96 4.53 5.62 5.62 2.99 2.92 3.65 0.88 0.15 0.15 1.17 0.73 2.12 2.70 2.48 3.65 4.53 5.69 6.94 8.76 8.10 10.95 12.48 10.29 10.59 10.59 10.15 10.22 8.98 11.17 9.56 10.15 7.59 8.76 5.77 5.84 5.99 4.38 4.45 6.06 6.57
8.69 8.91 7.96 7.52 7.74 7.08 7.08 6.94 7.59 6.72 7.15 4.67 3.80 3.72 6.64 6.35 7.37 7.45 7.45 7.30 6.42 5.48 2.26 3.07 0.00 0.00 0.00 0.00 0.00 0.51 0.22 0.80 1.61 0.00 0.00 0.00 4.02 3.87 0.00 0.00 2.41 0.37 0.73 0.73 2.85 1.02 1.90 2.04 1.61 1.39 1.46 3.29 2.41 2.19 4.02 4.16 2.85 3.65 3.65 4.45 4.16 5.99 4.45 4.96 6.42 8.18 7.45 9.34 9.34 6.50 8.32 10.07 10.15 10.59 10.44 9.71 9.71 9.13 7.81 8.18 5.04 5.18 5.69 5.84
5.40 0.00 0.00 0.00 0.00 0.00 0.00 0.00 0.00 0.00 5.77 3.58 2.56 2.19 6.13 7.23 7.23 7.37 7.37 5.55 5.04 5.04 3.50 1.10 0.00 0.00 0.00 0.00 0.22 0.58 0.15 0.22 0.00 0.00 0.00 0.00 0.00 0.00 0.00 0.00 0.07 0.00 1.61 1.61 1.31 1.10 2.19 2.19 1.90 4.74 4.23 4.09 6.13 4.38 4.53 4.23 4.23 4.38 4.67 4.82 4.31 3.87 4.02 3.94 3.72 4.38 5.40 5.04 5.04 5.91 7.96 9.34 10.88 10.37 10.73 11.02 10.29 9.71 11.53 9.34 10.15 5.84 3.87 4.67
0.00 0.00 0.00 0.00 0.00 0.00 0.00 0.00 0.00 0.00 0.00 4.96 5.11 4.45 4.31 4.23 0.00 5.55 5.55 4.23 3.43 3.58 1.10 0.88 0.00 0.00 0.00 0.22 0.00 0.00 0.00 0.00 0.00 0.00 0.00 0.00 0.00 1.31 1.83 0.00 2.99 2.56 2.63 2.63 2.92 2.48 3.07 3.21 5.11 4.96 5.33 8.10 7.52 8.03 4.74 4.74 6.50 8.98 5.40 5.99 5.40 3.87 3.80 3.80 3.65 4.67 6.20 7.52 7.52 9.13 8.61 10.07 12.05 12.63 12.63 11.90 12.56 11.10 11.32 9.20 7.15 7.96 5.84 7.66
0.00 0.00 0.00 0.00 0.00 0.00 0.00 0.00 0.00 0.00 0.00 4.96 5.11 4.45 4.31 4.23 0.00 5.55 5.55 4.23 3.43 3.58 1.10 0.88 0.00 0.00 0.00 0.22 0.00 0.00 0.00 0.00 0.00 0.00 0.00 0.00 0.00 1.31 1.83 0.00 2.99 2.56 2.63 2.63 2.92 2.48 3.07 3.21 5.11 4.96 5.33 8.10 7.52 8.03 4.74 4.74 6.50 8.98 5.40 5.99 5.40 3.87 3.80 3.80 3.65 4.67 6.20 7.52 7.52 9.13 8.61 10.07 12.05 12.63 12.63 11.90 12.56 11.10 11.32 9.20 7.15 7.96 5.84 7.66
0.00 0.00 0.00 0.00 0.00 0.00 0.00 0.00 0.00 4.53 4.23 5.18 5.48 4.45 5.11 3.72 3.94 4.02 4.02 3.94 3.72 2.04 1.10 1.97 0.66 0.29 0.00 0.00 0.00 1.17 0.00 0.00 2.70 2.34 2.63 1.17 3.87 2.63 4.60 4.60 3.80 4.89 3.50 3.50 4.16 3.72 4.45 4.02 5.40 7.45 7.08 8.47 9.05 9.27 10.00 7.74 7.37 9.78 7.52 10.00 9.86 6.79 5.33 5.04 6.86 6.57 6.57 7.15 7.15 7.81 10.59 11.90 11.32 13.51 15.04 13.36 13.51 11.68 10.44 10.80 9.56 8.76 8.83 8.91
0.00 0.00 0.00 0.00 0.00 0.00 0.00 0.00 0.00 0.00 0.00 0.00 0.00 4.09 4.89 3.50 3.94 3.80 3.80 3.58 2.85 1.97 2.19 1.97 1.90 0.29 0.00 1.02 1.39 3.72 3.72 4.45 3.50 7.08 5.69 5.11 4.53 6.35 5.18 5.48 4.67 5.11 4.82 4.82 4.74 6.72 4.45 5.69 5.69 7.30 8.61 8.47 11.02 11.97 11.68 13.43 14.16 10.15 10.29 10.88 9.05 7.23 7.08 7.66 7.96 7.74 7.59 8.40 8.40 8.10 10.95 12.41 14.16 13.51 14.53 13.43 11.32 11.39 8.83 0.00 0.00 5.33 6.28 7.52
0.00 0.00 0.00 0.00 0.00 0.00 0.00 0.00 0.00 0.00 0.00 2.70 2.85 3.58 3.29 2.99 3.80 4.23 4.23 4.31 2.34 2.77 3.50 3.43 2.92 2.70 1.61 2.41 2.48 4.16 5.55 7.45 7.45 7.74 6.64 5.77 5.69 5.77 5.18 5.26 5.48 5.26 7.96 7.96 8.32 8.40 7.59 6.57 6.94 6.79 9.05 10.73 10.73 10.07 14.53 14.02 14.67 12.56 9.42 6.42 5.33 5.33 5.04 6.50 7.52 5.18 6.94 8.40 8.40 7.81 9.78 11.17 12.70 8.54 9.20 9.05 8.76 0.00 0.00 0.00 0.00 6.42 5.18 6.79
0.00 0.00 0.00 0.00 0.00 0.00 0.00 0.29 0.73 0.80 2.19 3.58 3.21 2.99 3.50 4.09 4.96 4.23 4.23 4.31 4.31 2.85 2.99 4.96 3.80 2.99 2.85 2.63 3.50 5.04 4.60 6.50 6.79 6.42 6.28 5.55 5.77 6.50 6.42 6.50 6.42 7.01 7.30 7.30 5.11 5.69 6.57 3.80 4.89 4.96 3.94 7.96 8.03 8.03 9.13 13.07 13.14 8.83 15.18 6.06 4.23 3.72 5.26 4.82 4.89 4.82 5.91 8.54 8.54 9.71 11.46 11.17 10.88 8.61 8.47 8.54 10.29 0.00 0.00 0.00 1.24 6.06 6.50 6.06
0.00 0.00 0.00 0.00 0.00 0.00 0.00 0.29 0.73 0.80 2.19 3.58 3.21 2.99 3.50 4.09 4.96 4.23 4.23 4.31 4.31 2.85 2.99 4.96 3.80 2.99 2.85 2.63 3.50 5.04 4.60 6.50 6.79 6.42 6.28 5.55 5.77 6.50 6.42 6.50 6.42 7.01 7.30 7.30 5.11 5.69 6.57 3.80 4.89 4.96 3.94 7.96 8.03 8.03 9.13 13.07 13.14 8.83 15.18 6.06 4.23 3.72 5.26 4.82 4.89 4.82 5.91 8.54 8.54 9.71 11.46 11.17 10.88 8.61 8.47 8.54 10.29 0.00 0.00 0.00 1.24 6.06 6.50 6.06
0.00 0.00 0.00 0.00 0.00 0.07 0.88 0.00 0.29 1.46 2.56 2.70 4.38 5.40 4.02 4.38 5.18 5.26 5.26 5.77 3.58 2.56 3.65 3.58 3.36 1.83 2.41 2.41 3.29 4.23 5.55 6.20 6.06 7.59 8.10 6.28 6.64 5.40 4.53 4.96 5.40 3.14 4.16 4.16 4.45 2.56 0.00 0.00 0.00 1.02 2.04 1.02 5.40 7.23 6.79 8.10 8.25 12.48 10.15 5.18 7.15 7.52 7.74 6.94 9.78 8.83 9.05 9.05 9.05 9.49 14.24 11.83 12.85 9.78 9.20 8.54 10.66 3.29 0.00 1.75 0.00 4.23 5.55 6.79
0.00 0.00 0.00 0.00 0.00 0.00 2.26 2.41 0.58 1.39 1.02 3.94 5.99 6.64 5.18 5.62 4.74 5.69 5.69 4.96 4.89 3.36 2.41 4.31 3.14 3.43 3.87 3.72 4.38 5.55 5.69 7.74 7.37 8.61 8.18 6.86 5.18 5.40 3.80 2.04 2.41 2.56 3.07 3.07 2.48 2.92 0.00 0.00 0.00 0.00 0.15 3.07 0.00 6.28 7.59 7.23 9.13 12.56 11.02 10.00 10.59 11.24 10.51 14.67 12.70 10.15 13.21 13.51 13.51 13.14 15.11 13.36 8.54 7.81 8.69 3.87 2.99 3.07 0.00 1.83 4.60 3.80 4.23 5.55
0.00 0.00 4.67 5.77 5.55 5.84 5.40 5.69 3.50 1.53 1.61 3.43 3.29 5.40 6.13 5.18 5.69 5.33 5.33 5.91 4.38 5.26 4.09 3.58 3.72 4.31 4.82 5.99 5.62 6.06 5.55 5.33 7.52 7.08 8.47 6.42 3.72 1.46 0.80 1.10 1.31 2.41 1.97 1.97 2.56 0.00 0.00 0.00 0.00 0.00 0.00 4.60 7.15 7.23 8.40 10.22 11.02 13.29 13.58 12.63 16.06 16.72 16.50 16.94 14.24 14.31 15.26 16.28 16.28 11.83 7.74 8.98 5.11 1.83 2.63 2.70 2.77 0.88 2.26 1.75 2.04 3.80 5.04 4.60
4.67 4.74 5.62 5.40 6.28 6.42 6.28 6.42 2.77 1.10 1.17 1.46 1.83 3.87 4.23 4.31 5.77 5.69 5.69 6.64 5.77 6.86 6.35 5.33 4.67 4.74 8.69 7.74 6.06 5.91 4.45 4.82 4.45 3.80 4.67 4.82 4.16 0.66 0.00 0.00 0.00 3.21 3.14 3.14 3.29 0.00 0.00 0.00 0.00 4.45 4.60 4.67 7.37 8.83 8.40 10.73 11.17 12.34 14.31 15.33 14.97 17.16 16.86 16.64 15.84 16.13 15.40 15.99 15.99 9.64 4.82 2.77 1.17 1.53 1.02 1.83 1.97 1.39 0.44 1.02 0.80 1.97 3.72 3.21
5.40 6.13 7.01 6.28 6.50 0.00 6.79 6.72 5.55 1.97 0.66 0.00 3.29 5.04 3.94 4.02 4.31 4.74 4.74 5.77 6.06 6.94 8.32 7.59 9.20 10.15 9.71 9.13 10.15 7.30 4.67 2.92 3.14 3.29 2.77 0.66 1.02 0.00 0.00 0.00 0.00 0.22 2.26 2.26 1.53 1.53 2.04 0.00 0.00 0.00 0.00 0.00 0.00 7.74 9.49 10.95 11.90 11.68 12.19 11.90 13.65 13.94 13.43 15.62 15.55 13.58 12.26 12.92 12.92 9.78 7.37 4.74 2.41 2.41 3.36 2.63 1.61 0.44 0.37 0.73 1.75 1.68 1.10 2.41
5.40 6.13 7.01 6.28 6.50 0.00 6.79 6.72 5.55 1.97 0.66 0.00 3.29 5.04 3.94 4.02 4.31 4.74 4.74 5.77 6.06 6.94 8.32 7.59 9.20 10.15 9.71 9.13 10.15 7.30 4.67 2.92 3.14 3.29 2.77 0.66 1.02 0.00 0.00 0.00 0.00 0.22 2.26 2.26 1.53 1.53 2.04 0.00 0.00 0.00 0.00 0.00 0.00 7.74 9.49 10.95 11.90 11.68 12.19 11.90 13.65 13.94 13.43 15.62 15.55 13.58 12.26 12.92 12.92 9.78 7.37 4.74 2.41 2.41 3.36 2.63 1.61 0.44 0.37 0.73 1.75 1.68 1.10 2.41
5.48 5.18 6.64 6.28 0.00 0.00 0.00 0.00 2.34 0.80 0.00 0.00 0.00 0.00 4.96 5.62 4.31 4.82 4.82 5.04 7.88 4.96 6.13 7.52 9.34 9.20 9.71 9.20 9.27 8.10 5.91 2.85 1.75 0.66 0.66 0.37 0.00 0.00 0.00 0.07 0.80 0.44 0.44 0.44 0.51 0.00 0.44 0.00 0.00 0.00 0.00 0.00 0.00 0.00 5.77 9.64 7.01 7.52 5.26 7.37 9.64 10.07 9.93 12.41 10.73 12.41 11.90 10.00 10.00 9.42 9.71 8.54 9.49 5.18 5.99 4.53 1.39 1.10 1.02 0.66 1.24 0.95 0.95 1.83
5.26 6.20 6.35 6.79 6.94 0.00 0.00 2.85 2.92 0.00 0.00 0.00 0.00 5.40 6.35 6.35 5.99 4.74 4.74 7.81 6.06 5.77 7.01 7.97 8.07 8.95 9.22 9.49 10.00 7.08 7.37 4.60 2.77 0.66 1.31 1.61 0.00 0.66 1.53 1.17 0.66 0.51 0.44 0.44 0.51 0.07 0.00 0.00 0.00 0.00 0.00 0.00 0.00 0.00 0.00 4.60 7.45 0.00 0.00 6.86 7.96 7.74 7.37 8.76 8.40 10.66 7.88 8.69 8.69 11.46 10.88 9.56 10.44 6.50 3.58 3.87 2.04 1.53 1.17 1.61 1.68 1.17 0.00 0.00
6.94 7.01 6.72 6.94 6.64 7.66 5.77 6.13 0.00 0.00 0.00 0.00 0.00 0.00 4.82 4.38 3.21 4.60 4.60 3.43 4.60 0.00 5.69 7.11 7.17 7.67 7.96 9.18 10.59 10.37 7.52 8.40 4.82 6.42 1.97 3.07 0.80 1.61 2.12 2.04 2.34 0.44 0.51 0.51 0.00 0.37 0.00 0.00 0.00 0.00 0.00 0.00 0.00 0.00 0.00 0.00 0.00 0.00 0.00 4.89 7.01 7.74 7.30 6.42 6.06 5.26 5.40 5.91 5.91 8.03 8.83 7.88 5.99 6.57 3.43 4.02 2.48 2.26 2.92 2.56 0.66 0.80 0.00 0.07
7.59 6.64 5.18 4.60 5.48 6.50 6.94 4.02 0.00 0.00 0.00 0.00 0.00 0.00 0.00 0.00 2.04 0.00 0.00 1.24 0.00 0.00 0.00 4.82 0.00 5.90 8.81 7.45 10.76 10.50 10.29 10.15 8.54 9.20 5.33 6.64 3.29 3.21 3.14 1.61 0.44 0.51 0.44 0.44 0.00 0.00 0.00 0.00 0.00 0.00 0.00 0.00 0.00 0.00 2.04 0.00 0.00 0.00 0.00 6.13 7.59 7.23 7.01 9.13 7.66 5.33 10.37 10.44 10.44 10.37 9.78 9.71 7.15 6.57 7.01 5.18 3.94 2.70 2.77 1.90 0.66 0.88 0.22 1.02
7.96 6.79 7.01 3.50 4.31 3.94 3.80 4.45 0.00 0.00 0.00 0.00 0.00 0.00 0.00 0.00 0.00 0.00 0.00 0.00 0.00 0.00 0.00 0.00 0.00 0.00 0.00 5.71 9.94 9.29 11.37 8.32 9.78 9.71 9.71 9.20 8.32 4.31 5.11 1.39 0.29 0.00 0.00 0.00 0.00 0.00 0.00 0.00 0.00 0.00 0.00 0.00 0.00 0.00 0.00 0.00 0.00 0.00 0.00 6.06 5.62 8.76 9.78 9.64 10.00 12.05 12.26 13.21 13.21 13.29 10.29 10.59 8.32 5.62 5.55 4.31 4.74 2.12 2.48 2.56 1.97 0.95 1.39 1.17
7.96 6.79 7.01 3.50 4.31 3.94 3.80 4.45 0.00 0.00 0.00 0.00 0.00 0.00 0.00 0.00 0.00 0.00 0.00 0.00 0.00 0.00 0.00 0.00 0.00 0.00 0.00 5.31 9.29 9.43 11.49 8.67 10.99 10.27 9.96 9.20 8.32 4.31 5.11 1.39 0.29 0.00 0.00 0.00 0.00 0.00 0.00 0.00 0.00 0.00 0.00 0.00 0.00 0.00 0.00 0.00 0.00 0.00 0.00 6.06 5.62 8.76 9.78 9.64 10.00 12.05 12.26 13.21 13.21 13.29 10.29 10.59 8.32 5.62 5.55 4.31 4.74 2.12 2.48 2.56 1.97 0.95 1.39 1.17
8.03 7.15 5.77 3.36 3.87 2.26 3.21 2.85 0.00 0.00 0.00 0.00 0.00 0.00 0.00 0.00 1.90 0.00 0.00 0.00 0.00 0.00 0.00 0.00 0.00 0.00 0.00 0.00 0.00 3.23 2.14 6.20 3.73 9.90 10.54 9.83 9.88 6.86 4.82 5.69 1.24 1.10 0.00 0.00 0.00 0.00 0.00 0.00 0.00 0.00 0.00 0.00 0.00 0.00 0.00 0.00 0.00 0.00 0.00 0.00 3.14 5.69 8.18 10.51 14.02 13.36 13.94 13.58 13.58 12.99 10.73 8.18 8.83 5.84 6.06 5.26 2.85 3.58 2.63 1.97 1.02 1.10 1.61 3.43
8.32 7.23 6.20 4.31 2.63 3.29 3.07 3.65 3.29 4.45 4.23 0.00 0.00 0.00 0.00 0.00 3.07 3.14 3.14 2.42 0.95 0.00 0.00 0.51 0.00 0.00 0.00 0.00 0.00 0.00 0.00 1.83 0.00 5.40 6.93 10.02 8.97 9.32 7.01 5.99 2.85 2.85 2.70 2.70 0.00 0.00 0.00 0.00 0.00 0.00 0.00 0.00 0.00 0.00 0.00 0.00 0.00 0.00 0.00 0.00 0.00 0.00 0.00 10.73 14.97 12.12 10.66 11.24 11.24 11.83 7.52 7.08 3.07 5.18 4.96 5.40 2.99 2.92 1.75 2.41 3.21 2.48 2.19 5.18
9.49 7.81 10.07 7.96 5.91 4.38 3.58 5.18 4.82 4.82 4.82 0.00 3.94 3.87 3.87 4.96 1.17 3.29 3.29 3.36 2.92 2.04 3.36 0.73 0.00 0.00 0.00 0.00 0.00 0.00 0.00 0.00 0.00 3.80 4.00 3.31 8.74 7.08 8.83 7.59 5.40 3.80 4.23 4.23 2.77 0.00 0.00 0.00 0.00 0.00 0.00 0.00 0.00 0.00 0.00 0.00 0.00 0.00 0.00 0.00 2.19 5.55 0.00 8.76 10.00 9.42 7.96 6.13 6.13 5.77 6.13 4.74 1.17 2.92 1.61 1.17 2.19 2.77 3.14 3.14 3.58 4.53 5.69 5.33
8.83 7.59 10.00 10.15 7.81 10.15 6.57 6.28 8.32 5.91 7.30 5.69 5.18 2.77 0.00 2.41 2.77 2.63 2.63 3.14 0.44 0.88 0.95 0.51 0.00 0.00 0.00 0.00 0.00 0.00 0.00 0.00 0.58 1.46 1.75 1.17 5.71 4.69 6.63 7.15 5.40 4.67 4.16 4.16 4.45 3.80 0.07 0.37 0.80 0.00 0.00 0.00 0.00 0.00 0.00 0.00 0.00 0.00 1.31 1.75 2.77 0.00 0.00 6.86 6.42 7.15 0.00 4.53 4.53 3.50 0.88 1.02 0.44 0.07 0.22 0.80 0.66 1.90 2.04 3.36 3.21 3.14 4.67 4.16
6.50 3.87 7.23 8.40 12.26 12.41 11.39 13.80 10.99 9.27 7.88 6.94 6.35 6.94 1.46 1.24 1.02 0.00 0.00 0.00 0.00 0.00 0.00 0.00 0.00 0.00 0.00 0.00 0.00 0.00 0.00 0.00 0.00 0.00 0.73 1.31 2.99 3.36 2.08 4.64 4.84 3.21 4.96 4.96 3.94 4.38 2.04 2.26 2.04 2.41 2.70 0.07 0.00 1.10 0.15 0.00 0.00 0.00 0.00 1.46 2.04 2.26 3.94 0.00 0.00 0.00 0.00 0.00 0.00 0.00 0.00 0.00 0.00 0.00 0.29 1.10 0.15 0.37 0.66 0.00 2.04 1.97 1.61 2.70
0.00 0.00 0.00 0.00 11.61 13.65 15.26 12.85 11.61 9.20 8.03 7.08 6.06 1.31 1.39 0.00 0.00 0.00 0.00 0.00 0.00 0.00 0.00 0.00 0.00 0.00 0.00 0.00 0.00 0.00 0.00 0.00 0.00 0.00 0.00 0.00 1.46 0.44 0.37 2.34 1.99 2.34 2.19 2.19 3.43 3.58 4.02 3.80 3.50 3.72 2.92 1.31 0.15 1.53 0.44 0.00 0.00 0.00 0.00 0.00 1.46 0.88 2.48 0.00 0.00 0.00 0.00 0.00 0.00 0.00 0.00 0.00 0.00 0.07 0.00 0.00 0.00 0.07 0.00 0.00 0.44 0.80 1.39 1.31
0.00 0.00 0.00 0.00 11.61 13.65 15.26 12.85 11.32 9.20 8.03 7.08 6.06 1.31 1.39 0.00 0.00 0.00 0.00 0.00 0.00 0.00 0.00 0.00 0.00 0.00 0.00 0.00 0.00 0.00 0.00 0.00 0.00 0.00 0.00 0.00 1.46 0.44 0.37 2.34 1.97 2.34 2.19 2.19 3.43 3.58 4.02 3.80 3.50 3.72 2.92 1.31 0.15 1.53 0.44 0.00 0.00 0.00 0.00 0.00 1.46 0.88 2.48 0.00 0.00 0.00 0.00 0.00 0.00 0.00 0.00 0.00 0.00 0.07 0.00 0.00 0.00 0.07 0.00 0.00 0.44 0.80 1.39 1.31
5.77 0.00 0.00 0.00 10.66 7.81 11.61 11.19 6.52 7.30 0.00 0.00 4.38 2.85 0.37 1.39 0.00 0.00 0.00 0.00 0.00 0.00 0.00 0.00 0.00 0.00 0.00 0.00 0.00 0.00 0.00 0.00 0.00 0.00 0.00 0.00 0.44 0.44 1.32 1.46 1.75 1.83 1.46 1.46 2.99 2.99 2.99 3.29 4.02 4.45 3.94 3.14 1.53 1.97 0.00 0.00 0.00 0.00 0.15 0.00 0.95 0.66 1.53 1.68 0.00 0.00 0.51 0.00 0.00 0.00 0.00 0.00 0.00 0.00 0.00 0.00 0.00 0.00 0.00 0.00 0.00 0.29 0.73 0.58
14.31 7.96 7.15 0.00 0.00 3.65 7.88 8.37 5.62 6.35 3.29 2.56 0.00 2.04 0.80 0.00 0.00 0.00 0.00 0.00 0.00 0.00 0.00 0.00 0.00 0.00 0.00 0.00 0.00 0.00 0.00 0.00 0.00 0.00 0.66 0.73 0.58 1.46 1.46 2.34 1.61 1.02 1.10 1.10 2.04 1.90 2.26 2.41 2.77 3.72 4.31 3.87 3.65 3.21 1.53 0.00 0.00 0.44 0.00 0.44 1.10 0.00 2.12 0.95 0.51 0.88 0.29 0.00 0.00 0.00 0.00 0.00 0.00 0.00 0.00 0.00 0.00 0.00 0.00 0.00 0.00 0.00 0.00 0.00
