Wansh/Snow_depth/snowdepth-1991/winter/1991341.txt
ncols 321
nrows 161
xllcenter 60
yllcenter 15 
cellsize  0.25 
NODATA_value -1
[rows 0 to 37 of 161, columns 84 to 167 of 321]
2.56 3.29 3.29 3.29 4.09 3.29 1.83 1.97 0.22 0.22 0.22 0.22 0.88 0.58 1.75 1.24 1.02 1.68 1.68 2.48 2.26 0.00 0.00 0.00 0.00 0.00 0.00 0.00 0.00 0.00 0.73 0.73 0.44 1.68 2.34 2.19 2.48 2.99 2.34 2.70 0.37 0.00 0.00 0.00 0.00 0.44 0.00 0.00 0.51 0.51 1.10 1.24 1.53 0.88 2.04 2.04 2.34 2.19 2.70 1.90 2.12 1.68 0.73 0.66 0.73 0.73 1.02 2.63 2.63 2.41 3.36 3.21 3.87 4.60 5.40 4.74 4.60 5.48 5.55 5.55 5.48 5.26 5.26 4.16
4.89 3.29 3.58 3.29 3.36 2.63 0.00 0.22 0.66 0.22 0.00 0.00 1.90 0.51 0.95 1.02 0.88 1.31 1.31 1.75 1.83 1.75 1.90 0.00 0.00 0.00 0.00 0.00 0.00 0.00 0.29 1.68 1.39 1.53 0.95 2.04 3.07 3.07 3.58 2.19 2.48 0.07 0.00 0.00 0.15 0.66 1.68 0.73 1.53 0.95 1.17 0.58 0.58 0.66 0.58 1.68 1.83 2.41 2.41 3.80 2.63 2.63 3.65 4.96 0.95 1.83 1.61 3.50 3.50 3.80 3.80 3.36 4.53 4.31 5.26 4.89 6.06 6.79 6.72 5.99 6.13 5.69 4.96 5.33
4.31 3.80 3.07 2.77 2.56 1.68 1.75 2.48 2.26 0.66 3.21 1.31 2.04 0.95 0.00 0.00 1.75 1.90 1.90 1.68 0.66 0.95 0.80 0.00 0.00 0.00 0.00 0.00 0.00 0.00 0.00 0.00 1.02 0.88 0.88 3.14 3.21 4.67 4.45 3.29 1.17 1.83 0.00 0.00 1.39 2.41 2.41 1.75 1.75 1.75 0.44 0.29 1.02 0.66 0.80 1.53 1.90 1.90 3.72 3.87 3.65 6.79 4.96 6.94 6.86 7.96 4.23 4.09 4.09 4.60 4.23 4.60 4.23 4.60 4.31 6.50 6.35 6.94 7.52 7.59 6.79 6.42 6.57 5.62
4.31 3.80 3.07 2.77 2.56 1.68 1.75 2.48 2.26 0.66 3.21 1.31 2.04 0.95 0.00 0.00 1.75 1.90 1.90 1.68 0.66 0.95 0.80 0.00 0.00 0.00 0.00 0.00 0.00 0.00 0.00 0.00 1.02 0.88 0.88 3.14 3.21 4.67 4.45 3.29 1.17 1.83 0.00 0.00 1.39 2.41 2.41 1.75 1.75 1.75 0.44 0.29 1.02 0.66 0.80 1.53 1.90 1.90 3.72 3.87 3.65 6.79 4.96 6.94 6.86 7.96 4.23 4.09 4.09 4.60 4.23 4.60 4.23 4.60 4.31 6.50 6.35 6.94 7.52 7.59 6.79 6.42 6.57 5.62
5.40 3.14 3.72 3.50 4.16 3.58 4.23 4.45 3.72 0.00 3.29 0.00 0.00 0.00 0.00 0.00 0.00 0.00 0.00 0.00 0.00 1.24 0.00 0.00 0.00 0.00 0.00 0.00 0.00 0.00 0.15 0.00 0.22 0.95 2.12 1.75 2.12 3.80 4.60 4.53 2.77 2.56 2.70 2.70 2.92 4.53 4.38 3.94 4.53 1.61 1.61 0.80 0.66 0.15 1.17 1.46 1.02 1.61 1.31 3.94 6.13 5.77 8.83 8.40 10.37 10.51 10.59 9.49 9.49 7.01 5.33 3.87 3.94 4.31 4.82 4.82 5.11 5.04 5.11 6.64 6.64 6.57 5.99 6.20
6.42 5.48 5.33 5.69 6.28 5.69 4.45 4.31 5.55 0.00 2.41 3.94 0.00 0.00 0.00 0.00 0.00 0.00 0.00 0.00 3.43 4.16 0.00 0.00 0.00 0.00 0.00 0.00 0.00 0.00 0.00 0.37 0.00 0.80 1.75 2.34 3.29 3.29 4.67 4.53 4.89 3.65 4.60 4.60 4.45 4.67 5.18 4.96 4.96 3.43 0.88 0.88 0.22 0.37 0.88 1.68 1.46 1.83 3.21 3.21 4.60 8.25 7.45 11.83 10.66 13.43 11.39 12.05 12.05 8.69 8.18 8.47 9.34 8.10 5.11 4.67 4.96 3.87 3.87 3.87 4.82 5.77 5.62 6.28
7.30 6.72 6.20 6.94 7.01 6.86 7.15 6.64 6.50 0.00 3.94 4.09 4.53 0.00 0.00 5.55 7.45 7.08 7.08 7.88 5.62 0.00 0.00 0.00 0.00 0.00 0.00 0.00 0.00 0.00 0.00 0.00 0.00 0.00 0.00 0.00 3.87 5.40 5.18 4.45 4.23 3.87 4.96 4.96 4.53 5.62 5.62 2.99 2.92 3.65 0.88 0.15 0.15 1.17 0.73 2.12 2.70 2.48 3.65 4.60 4.31 5.84 6.57 8.91 10.29 10.51 9.86 9.05 9.05 10.88 10.07 11.02 10.73 9.86 8.32 8.83 7.96 6.42 4.23 5.33 4.31 4.82 5.69 5.48
7.30 6.72 6.20 6.94 7.01 6.86 7.15 6.64 6.50 0.00 3.94 4.09 4.53 0.00 0.00 5.55 7.45 7.08 7.08 7.88 5.62 0.00 0.00 0.00 0.00 0.00 0.00 0.00 0.00 0.00 0.00 0.00 0.00 0.00 0.00 0.00 3.87 5.40 5.18 4.45 4.23 3.87 4.96 4.96 4.53 5.62 5.62 2.99 2.92 3.65 0.88 0.15 0.15 1.17 0.73 2.12 2.70 2.48 3.65 4.60 4.31 5.84 6.57 8.91 10.29 10.51 9.86 9.05 9.05 10.88 10.07 11.02 10.73 9.86 8.32 8.83 7.96 6.42 4.23 5.33 4.31 4.82 5.69 5.48
5.77 5.91 6.06 5.91 6.64 6.50 6.64 6.79 5.40 5.55 4.96 3.43 3.94 3.80 3.58 4.82 7.01 4.45 4.45 6.06 5.84 0.00 0.00 0.00 0.00 0.00 0.00 0.00 0.00 0.00 0.00 0.00 0.00 0.00 0.00 0.00 4.02 3.87 0.00 0.00 2.41 0.37 0.73 0.73 2.85 1.02 1.90 2.04 1.61 1.39 1.46 3.29 2.41 2.19 4.02 4.16 2.85 3.65 3.65 4.23 5.26 5.26 4.89 4.02 7.37 7.74 7.37 7.52 7.52 7.37 8.47 8.03 9.93 10.37 9.20 8.25 8.54 7.52 6.86 7.01 4.53 3.72 4.02 4.16
0.00 3.72 4.16 3.87 5.11 3.87 4.89 5.40 0.00 6.06 2.41 2.04 1.97 3.14 2.19 4.38 2.48 3.07 3.07 4.23 3.58 0.00 0.00 0.00 0.00 0.00 0.00 0.00 0.00 0.00 0.00 0.00 0.00 0.00 0.00 0.00 0.00 0.00 0.00 0.00 0.07 0.00 1.61 1.61 1.31 1.10 2.19 2.19 1.90 4.74 4.23 4.09 6.13 4.38 4.53 4.23 4.23 4.38 4.67 4.67 4.45 3.43 3.58 2.85 3.72 2.99 5.26 6.35 6.35 6.06 8.03 10.07 9.71 9.93 9.05 9.56 9.42 10.73 9.27 8.32 5.84 4.16 3.72 4.31
2.12 1.02 2.19 1.61 2.48 2.12 3.72 3.21 0.00 3.14 0.00 1.90 1.61 0.00 0.00 0.00 0.00 2.04 2.04 0.00 0.00 0.00 0.00 0.00 0.00 0.00 0.00 0.00 0.00 0.00 0.00 0.00 0.00 0.00 0.00 0.00 0.00 1.31 1.83 0.00 2.99 2.56 2.63 2.63 2.92 2.48 3.07 3.21 5.11 4.96 5.33 8.10 7.52 8.03 4.74 4.74 6.50 8.98 6.06 5.84 4.23 4.82 4.09 2.56 2.85 5.33 4.96 6.86 6.86 8.40 8.03 9.78 11.02 10.95 10.37 9.34 9.27 10.15 8.76 9.34 6.79 6.94 7.01 5.91
2.12 1.02 2.19 1.61 2.48 2.12 3.72 3.21 0.00 3.14 0.00 1.90 1.61 0.00 0.00 0.00 0.00 2.04 2.04 0.00 0.00 0.00 0.00 0.00 0.00 0.00 0.00 0.00 0.00 0.00 0.00 0.00 0.00 0.00 0.00 0.00 0.00 1.31 1.83 0.00 2.99 2.56 2.63 2.63 2.92 2.48 3.07 3.21 5.11 4.96 5.33 8.10 7.52 8.03 4.74 4.74 6.50 8.98 6.06 5.84 4.23 4.82 4.09 2.56 2.85 5.33 4.96 6.86 6.86 8.40 8.03 9.78 11.02 10.95 10.37 9.34 9.27 10.15 8.76 9.34 6.79 6.94 7.01 5.91
0.58 0.29 0.37 0.88 0.00 0.00 0.00 0.00 0.00 0.00 0.00 0.00 0.00 0.00 0.00 0.00 0.00 0.00 0.00 0.00 0.00 0.00 0.00 0.00 0.00 0.00 0.00 0.00 0.00 0.00 0.00 0.00 2.70 2.34 2.63 1.17 3.87 2.63 4.60 4.60 3.80 4.89 3.50 3.50 4.16 3.72 4.45 4.02 5.40 7.45 7.08 8.47 9.05 9.27 10.00 7.74 7.37 9.78 9.78 10.29 5.84 5.48 5.33 6.64 6.57 6.72 6.13 5.91 5.91 7.74 9.56 11.61 11.24 13.51 13.51 13.43 11.83 7.66 8.76 5.99 7.88 8.69 7.45 8.03
0.15 0.51 0.00 0.00 0.00 0.00 0.00 0.00 0.00 0.00 0.00 0.00 0.00 0.00 0.00 0.00 0.00 0.00 0.00 0.00 0.00 0.00 0.00 0.00 0.00 0.00 0.00 0.07 1.39 3.72 3.72 4.45 3.50 7.08 5.69 5.11 4.53 6.35 5.18 5.48 4.67 5.11 4.82 4.82 4.74 6.72 4.45 5.69 5.69 7.30 8.61 8.47 11.02 11.97 11.68 13.43 14.16 10.80 9.49 5.91 6.13 6.50 6.94 6.79 6.86 6.42 6.35 6.86 6.86 8.91 9.78 11.53 12.92 12.92 13.07 12.05 12.48 5.40 1.68 0.00 5.84 7.01 7.15 6.57
0.00 0.00 0.00 0.00 0.00 0.00 0.00 0.00 0.00 0.00 0.00 0.00 0.00 0.00 0.00 0.00 0.00 0.00 0.00 0.00 0.00 0.00 0.00 2.19 1.75 1.39 2.85 2.34 2.48 4.16 5.55 7.45 7.45 7.74 6.64 5.77 5.69 5.77 5.18 5.26 5.48 5.26 7.96 7.96 8.32 8.40 7.59 6.57 6.94 6.79 9.05 10.73 10.73 10.07 14.53 14.02 14.67 10.15 11.02 5.26 4.31 3.50 3.94 4.23 6.20 5.84 6.79 6.42 6.42 8.69 9.86 9.34 9.42 7.45 10.00 7.01 3.72 6.64 0.00 1.17 5.04 6.13 5.84 6.86
0.00 0.00 0.00 0.00 0.00 0.00 0.00 0.00 0.00 0.00 0.00 0.00 0.00 2.63 3.43 0.00 0.00 0.00 0.00 0.00 2.48 2.56 2.41 2.48 2.34 2.04 2.85 2.63 3.50 5.04 4.60 6.50 6.79 6.42 6.28 5.55 5.77 6.50 6.42 6.50 6.42 7.01 7.30 7.30 5.11 5.69 6.57 3.80 4.89 4.96 3.94 7.96 8.03 8.03 9.13 13.07 13.14 8.83 4.16 4.82 2.85 3.87 3.43 4.53 4.96 4.96 6.94 8.18 8.18 8.03 9.05 9.34 9.78 7.74 6.64 5.11 7.15 0.00 0.00 0.00 2.12 6.20 6.06 5.40
0.00 0.00 0.00 0.00 0.00 0.00 0.00 0.00 0.00 0.00 0.00 0.00 0.00 2.63 3.43 0.00 0.00 0.00 0.00 0.00 2.48 2.56 2.41 2.48 2.34 2.04 2.85 2.63 3.50 5.04 4.60 6.50 6.79 6.42 6.28 5.55 5.77 6.50 6.42 6.50 6.42 7.01 7.30 7.30 5.11 5.69 6.57 3.80 4.89 4.96 3.94 7.96 8.03 8.03 9.13 13.07 13.14 8.83 4.16 4.82 2.85 3.87 3.43 4.53 4.96 4.96 6.94 8.18 8.18 8.03 9.05 9.34 9.78 7.74 6.64 5.11 7.15 0.00 0.00 0.00 2.12 6.20 6.06 5.40
0.00 0.00 0.00 0.00 0.00 0.00 0.00 0.00 0.00 1.02 1.53 2.63 3.58 3.36 3.50 5.18 4.53 4.23 4.23 0.00 2.12 2.56 0.73 1.53 1.83 1.83 2.41 2.41 3.29 4.23 5.55 6.20 6.06 7.59 8.10 6.28 6.64 5.40 4.53 4.96 5.40 3.14 4.16 4.16 4.45 2.56 0.00 0.00 0.00 1.02 2.04 1.02 5.40 7.23 6.79 8.10 8.25 8.47 4.67 5.69 5.40 8.25 5.33 5.33 5.62 6.35 8.25 8.32 8.32 11.39 12.34 12.56 8.40 6.72 8.25 5.55 2.92 2.56 0.00 1.68 5.40 4.45 4.82 5.04
0.00 0.00 0.00 0.00 0.00 0.00 0.00 0.00 0.00 1.17 0.66 2.41 4.23 5.04 4.82 5.04 4.74 4.31 4.31 4.23 3.87 2.92 2.26 1.46 3.14 3.43 3.87 3.72 4.38 5.55 5.69 7.74 7.37 8.61 8.18 6.86 5.18 5.40 3.80 2.04 2.41 2.56 3.07 3.07 2.48 2.92 0.00 0.00 0.00 0.00 0.15 3.07 0.00 6.28 7.59 7.23 9.42 9.71 7.23 7.45 9.71 12.48 13.21 11.97 10.51 7.88 9.34 12.26 12.26 11.53 12.41 8.47 9.71 5.48 4.96 2.92 3.14 2.99 1.97 1.83 3.72 5.04 4.96 4.60
0.00 0.00 5.40 5.77 7.66 0.00 4.45 3.14 1.61 2.99 1.39 3.21 3.50 3.94 4.31 3.87 4.31 4.02 4.02 3.50 4.31 3.14 3.36 3.58 3.72 4.31 4.82 5.99 5.62 6.06 5.55 5.33 7.52 7.08 8.47 6.42 3.72 1.46 0.80 1.10 1.31 2.41 1.97 1.97 2.56 0.00 0.00 0.00 0.00 0.00 0.00 4.60 7.15 7.23 8.40 10.22 9.86 10.59 12.34 12.85 10.59 14.60 13.29 13.80 12.70 12.26 12.05 12.92 12.92 9.49 12.34 5.77 3.72 4.02 3.58 2.48 2.63 2.41 2.77 3.72 2.41 3.36 3.21 4.23
6.13 6.28 6.64 7.15 7.59 6.35 5.33 4.02 3.36 2.70 1.61 1.68 1.97 2.48 2.56 3.36 4.02 2.70 2.70 4.09 5.11 5.55 4.67 4.96 4.67 4.74 8.69 7.74 6.06 5.91 4.45 4.82 4.45 3.80 4.67 4.82 4.16 0.66 0.00 0.00 0.00 3.21 3.14 3.14 3.29 0.00 0.00 0.00 0.00 4.45 4.60 4.67 7.37 8.83 8.40 10.73 12.26 12.19 12.56 12.63 13.58 13.29 14.82 14.24 14.53 13.14 12.41 12.48 12.48 9.93 3.65 1.97 2.19 1.46 1.68 2.04 1.90 1.53 0.73 0.95 1.10 2.63 3.50 3.29
6.50 6.64 7.52 7.45 7.59 6.06 4.60 0.00 2.56 2.56 1.46 1.53 0.00 2.70 2.63 3.50 4.38 2.70 2.70 3.65 4.96 5.99 6.20 7.59 9.20 10.15 9.71 9.13 10.15 7.30 4.67 2.92 3.14 3.29 2.77 0.66 1.02 0.00 0.00 0.00 0.00 0.22 2.26 2.26 1.53 1.53 2.04 0.00 0.00 0.00 0.00 0.00 0.00 7.74 9.49 9.13 8.76 7.88 10.37 10.15 12.05 12.63 11.90 12.26 12.85 13.87 12.19 8.25 8.25 5.04 5.77 3.07 1.61 1.75 1.53 1.83 1.83 1.90 1.39 0.58 1.46 1.10 1.24 2.04
6.50 6.64 7.52 7.45 7.59 6.06 4.60 0.00 2.56 2.56 1.46 1.53 0.00 2.70 2.63 3.50 4.38 2.70 2.70 3.65 4.96 5.99 6.20 7.59 9.20 10.15 9.71 9.13 10.15 7.30 4.67 2.92 3.14 3.29 2.77 0.66 1.02 0.00 0.00 0.00 0.00 0.22 2.26 2.26 1.53 1.53 2.04 0.00 0.00 0.00 0.00 0.00 0.00 7.74 9.49 9.13 8.76 7.88 10.37 10.15 12.05 12.63 11.90 12.26 12.85 13.87 12.19 8.25 8.25 5.04 5.77 3.07 1.61 1.75 1.53 1.83 1.83 1.90 1.39 0.58 1.46 1.10 1.24 2.04
6.86 7.23 7.30 6.94 0.00 0.00 0.00 0.00 2.63 2.41 1.61 1.75 0.00 0.00 3.94 5.33 4.96 1.10 1.10 2.85 4.31 4.96 6.13 7.52 9.34 9.20 9.71 9.20 9.27 8.10 5.91 2.85 1.75 0.66 0.66 0.37 0.00 0.00 0.00 0.07 0.80 0.44 0.44 0.44 0.51 0.00 0.44 0.00 0.00 0.00 0.00 0.00 0.00 0.00 5.77 6.28 5.99 5.69 4.31 7.30 9.27 9.86 10.22 9.86 11.75 11.24 9.13 9.56 9.56 9.27 10.22 8.18 8.83 4.67 2.56 1.97 1.10 0.58 0.88 0.73 1.53 1.10 1.75 1.46
7.15 7.01 7.15 6.94 0.00 0.00 5.55 0.00 0.00 0.00 0.00 0.00 0.00 0.00 5.04 6.42 3.43 4.67 4.67 5.40 6.06 5.77 7.01 7.97 8.07 8.95 9.22 9.49 10.00 7.08 7.37 4.60 2.77 0.66 1.31 1.61 0.00 0.66 1.53 1.17 0.66 0.51 0.44 0.44 0.51 0.07 0.00 0.00 0.00 0.00 0.00 0.00 0.00 0.00 0.00 0.00 0.00 0.00 0.00 6.13 7.01 7.08 7.30 8.91 9.27 9.20 8.76 8.40 8.40 8.25 9.49 9.05 5.77 6.57 2.56 1.17 0.29 0.22 0.44 0.80 0.73 0.66 0.88 0.66
8.54 7.81 8.18 7.15 6.28 8.18 7.66 5.84 0.00 0.00 0.00 0.00 4.45 4.38 4.74 0.00 3.07 3.07 3.07 3.43 4.60 0.00 5.69 7.11 7.17 7.67 7.96 9.18 10.59 10.37 7.52 8.40 4.82 6.42 1.97 3.07 0.80 1.61 2.12 2.04 2.34 0.44 0.51 0.51 0.00 0.37 0.00 0.00 0.00 0.00 0.00 0.00 0.00 0.00 0.00 0.00 0.00 0.00 4.89 4.02 6.86 6.50 7.23 6.79 6.57 5.04 6.42 7.59 7.59 8.76 8.47 8.25 5.84 3.94 3.72 2.19 2.70 2.12 1.83 0.66 0.73 0.44 0.00 0.58
9.20 8.83 8.10 8.76 6.57 6.86 8.18 7.37 6.50 0.00 0.00 0.00 0.00 0.00 0.00 0.00 1.75 2.92 2.92 1.24 0.00 0.00 0.00 4.82 0.00 5.90 8.81 7.45 10.76 10.50 10.29 10.15 8.54 9.20 5.33 6.64 3.29 3.21 3.14 1.61 0.44 0.51 0.44 0.44 0.00 0.00 0.00 0.00 0.00 0.00 0.00 0.00 0.00 0.00 0.00 0.00 0.00 0.00 0.00 6.64 5.77 7.59 8.32 8.54 8.69 7.52 9.42 11.97 11.97 11.90 9.93 7.81 6.13 6.64 5.40 3.50 2.70 3.14 2.04 1.39 1.24 0.22 0.15 1.02
9.56 9.27 7.81 7.45 5.26 5.26 5.33 0.00 3.65 0.00 0.00 0.00 0.00 0.00 0.00 0.00 0.00 0.00 0.00 0.00 0.00 0.00 0.00 0.00 0.00 0.00 0.00 5.71 9.94 9.29 11.37 8.32 9.78 9.71 9.71 9.20 8.32 4.31 5.11 1.39 0.29 0.00 0.00 0.00 0.00 0.00 0.00 0.00 0.00 0.00 0.00 0.00 0.00 0.00 0.00 0.00 0.00 0.00 0.00 0.00 4.96 6.86 9.13 10.80 10.22 10.51 10.00 12.26 12.26 11.02 11.46 9.78 5.99 4.82 4.74 4.74 2.99 1.61 2.70 1.75 1.97 0.51 0.80 1.17
9.56 9.27 7.81 7.45 5.26 5.26 5.33 0.00 3.65 0.00 0.00 0.00 0.00 0.00 0.00 0.00 0.00 0.00 0.00 0.00 0.00 0.00 0.00 0.00 0.00 0.00 0.00 5.31 9.29 9.43 11.49 8.67 10.99 10.27 9.96 9.20 8.32 4.31 5.11 1.39 0.29 0.00 0.00 0.00 0.00 0.00 0.00 0.00 0.00 0.00 0.00 0.00 0.00 0.00 0.00 0.00 0.00 0.00 0.00 0.00 4.96 6.86 9.13 10.80 10.22 10.51 10.00 12.26 12.26 11.02 11.46 9.78 5.99 4.82 4.74 4.74 2.99 1.61 2.70 1.75 1.97 0.51 0.80 1.17
8.98 9.49 8.10 4.23 2.70 2.34 3.07 2.77 1.31 3.94 0.00 0.00 0.00 0.00 0.00 0.00 1.90 0.00 0.00 0.00 0.00 0.00 0.00 0.00 0.00 0.00 0.00 0.00 0.00 3.23 2.14 6.20 3.73 9.90 10.54 9.83 9.88 6.86 4.82 5.69 1.24 1.10 0.00 0.00 0.00 0.00 0.00 0.00 0.00 0.00 0.00 0.00 0.00 0.00 0.00 0.00 0.00 0.00 0.00 0.00 0.00 3.50 7.81 6.28 12.34 12.92 10.51 12.05 12.05 12.19 8.69 6.42 7.30 4.53 4.82 4.09 2.56 2.85 1.90 1.97 1.90 1.83 2.63 1.83
9.05 7.59 5.91 3.87 0.00 2.12 2.41 4.16 4.74 5.04 5.18 5.11 0.00 0.00 4.60 0.00 3.07 3.14 3.14 2.42 0.95 0.00 0.00 0.51 0.00 0.00 0.00 0.00 0.00 0.00 0.00 1.83 0.00 5.40 6.93 10.02 8.97 9.32 7.01 5.99 2.85 2.85 2.70 2.70 0.00 0.00 0.00 0.00 0.00 0.00 0.00 0.00 0.00 0.00 0.00 0.00 0.00 0.00 0.00 0.00 0.00 0.00 5.77 12.26 12.70 13.21 9.20 9.34 9.34 7.66 8.10 4.16 3.21 3.72 3.36 4.02 2.41 2.41 1.83 1.97 1.68 2.26 3.14 4.45
10.51 8.98 7.30 5.84 0.00 0.00 0.00 5.62 4.89 4.67 6.28 4.89 3.43 3.72 4.38 0.88 1.17 3.29 3.29 3.36 2.92 2.04 3.36 0.73 0.00 0.00 0.00 0.00 0.00 0.00 0.00 0.00 0.00 3.80 4.00 3.31 8.74 7.08 8.83 7.59 5.40 3.80 4.23 4.23 2.77 0.00 0.00 0.00 0.00 0.00 0.00 0.00 0.00 0.00 0.00 0.00 0.00 0.00 0.00 0.00 1.02 4.53 0.00 8.69 11.39 7.96 8.91 5.99 5.99 5.69 2.41 2.77 1.39 1.46 0.00 0.95 2.12 2.19 2.12 2.19 2.99 3.58 4.31 3.94
9.13 10.22 9.64 10.51 10.95 9.13 7.45 8.47 10.59 7.81 8.54 6.13 5.33 6.79 0.00 2.41 2.77 2.63 2.63 3.14 0.44 0.88 0.95 0.51 0.00 0.00 0.00 0.00 0.00 0.00 0.00 0.00 0.58 1.46 1.75 1.17 5.71 4.69 6.63 7.15 5.40 4.67 4.16 4.16 4.45 3.80 0.07 0.37 0.80 0.00 0.00 0.00 0.00 0.00 0.00 0.00 0.00 0.00 0.29 0.73 0.66 1.75 3.21 0.00 6.72 0.00 0.00 0.00 0.00 4.23 1.17 0.00 0.00 0.00 0.00 0.00 0.73 1.75 0.44 1.61 1.68 3.29 3.07 2.04
0.00 8.10 9.05 7.59 7.52 8.10 9.20 11.53 11.65 10.07 8.76 8.18 6.20 6.94 1.46 1.24 1.02 0.00 0.00 0.00 0.00 0.00 0.00 0.00 0.00 0.00 0.00 0.00 0.00 0.00 0.00 0.00 0.00 0.00 0.73 1.31 2.99 3.36 2.08 4.64 4.84 3.21 4.96 4.96 3.94 4.38 2.04 2.26 2.04 2.41 2.70 0.07 0.00 0.00 0.00 0.00 0.00 0.00 0.00 0.37 1.24 0.95 1.97 0.00 0.00 0.00 0.00 0.00 0.00 0.00 0.00 0.00 0.00 0.00 0.00 0.22 0.15 0.44 0.00 0.00 1.97 0.88 1.83 1.75
0.00 0.00 7.08 7.66 2.77 3.87 6.13 11.02 11.98 10.66 9.34 8.47 6.50 0.00 1.39 0.00 0.00 0.00 0.00 0.00 0.00 0.00 0.00 0.00 0.00 0.00 0.00 0.00 0.00 0.00 0.00 0.00 0.00 0.00 0.00 0.00 1.46 0.44 0.37 2.34 1.99 2.34 2.19 2.19 3.43 3.58 4.02 3.80 3.50 3.72 2.92 1.31 0.15 0.00 0.00 0.00 0.00 0.00 0.00 0.00 0.66 0.58 0.51 0.66 0.00 1.31 0.00 0.00 0.00 0.00 0.00 0.00 0.00 0.00 0.00 0.15 0.37 0.00 0.00 0.00 0.00 0.00 0.00 0.15
0.00 0.00 7.08 7.66 2.77 3.87 6.13 11.02 11.68 10.66 9.34 8.47 6.50 0.00 1.39 0.00 0.00 0.00 0.00 0.00 0.00 0.00 0.00 0.00 0.00 0.00 0.00 0.00 0.00 0.00 0.00 0.00 0.00 0.00 0.00 0.00 1.46 0.44 0.37 2.34 1.97 2.34 2.19 2.19 3.43 3.58 4.02 3.80 3.50 3.72 2.92 1.31 0.15 0.00 0.00 0.00 0.00 0.00 0.00 0.00 0.66 0.58 0.51 0.66 0.00 1.31 0.00 0.00 0.00 0.00 0.00 0.00 0.00 0.00 0.00 0.15 0.37 0.00 0.00 0.00 0.00 0.00 0.00 0.15
7.81 0.00 0.00 0.00 2.48 7.23 5.77 10.01 11.78 7.37 7.52 8.61 4.38 2.85 0.37 1.39 0.00 0.00 0.00 0.00 0.00 0.00 0.00 0.00 0.00 0.00 0.00 0.00 0.00 0.00 0.00 0.00 0.00 0.00 0.00 0.00 0.44 0.44 1.32 1.46 1.75 1.83 1.46 1.46 2.99 2.99 2.99 3.29 4.02 4.45 3.94 3.14 1.31 0.00 0.00 0.00 0.00 0.00 0.00 0.00 0.51 0.29 0.29 0.51 0.00 0.00 1.24 0.00 0.00 0.00 0.00 0.00 0.00 0.00 0.00 0.00 0.00 0.00 0.00 0.00 0.00 0.00 0.00 0.00
9.56 7.37 4.23 0.00 0.00 7.52 3.65 3.63 4.16 3.50 5.55 2.56 2.70 2.04 0.80 0.00 0.00 0.00 0.00 0.00 0.00 0.00 0.00 0.00 0.00 0.00 0.00 0.00 0.00 0.00 0.00 0.00 0.00 0.00 0.66 0.73 0.58 1.46 1.46 2.34 1.61 1.02 1.10 1.10 2.04 1.90 2.26 2.41 2.77 3.72 4.31 3.87 2.70 0.80 0.15 0.00 0.00 0.00 0.00 0.00 0.66 1.39 1.31 1.24 0.00 0.00 0.00 0.00 0.00 0.00 0.00 0.00 0.00 0.00 0.00 0.00 0.00 0.00 0.00 0.00 0.00 0.00 0.00 0.00
