Wansh/Snow_depth/snowdepth-1991/winter/1991346.txt
ncols 321
nrows 161
xllcenter 60
yllcenter 15 
cellsize  0.25 
NODATA_value -1
[rows 0 to 37 of 161, columns 168 to 251 of 321]
3.14 1.24 1.02 1.39 1.46 0.66 0.66 1.31 2.12 2.12 2.77 2.77 2.92 2.85 2.85 2.48 3.43 3.29 5.18 5.55 5.40 4.53 3.94 3.94 3.87 4.23 2.70 0.00 0.00 0.00 0.00 0.00 8.25 4.09 11.17 11.17 10.44 10.51 10.88 10.59 12.63 13.80 11.61 14.02 13.51 15.62 15.62 15.70 14.67 12.12 12.92 10.95 11.32 11.32 12.48 12.85 15.33 16.50 16.64 15.55 15.55 14.16 14.38 13.21 14.02 13.87 13.72 11.39 11.90 9.93 9.34 9.71 9.56 7.96 8.76 9.49 9.64 9.56 10.15 9.56 9.42 9.86 9.86 10.07
4.74 4.89 3.80 2.19 0.95 1.10 0.00 1.46 1.17 1.17 2.63 3.14 3.14 2.48 2.48 2.48 2.56 3.65 3.43 5.99 5.04 4.89 5.26 3.80 5.11 0.00 4.38 0.00 0.00 0.00 0.00 7.59 3.36 9.49 7.59 7.59 9.34 10.37 10.59 13.21 12.78 14.67 15.40 15.48 14.75 12.99 15.70 14.97 15.33 13.07 11.17 11.39 11.61 12.41 12.26 13.80 15.40 15.04 15.48 15.62 15.62 14.67 13.72 12.78 13.51 11.75 11.24 11.90 10.66 9.42 9.78 9.42 9.93 8.76 8.40 8.03 8.54 9.13 7.74 7.88 8.83 7.30 5.99 6.28
5.55 5.40 3.80 4.38 0.29 1.17 0.15 1.83 2.34 2.34 2.12 2.70 2.19 2.48 2.41 3.36 3.14 5.33 5.84 6.13 5.40 5.11 5.18 3.07 0.00 3.58 0.00 0.00 0.00 0.00 0.00 4.74 8.25 7.52 9.05 9.05 9.27 9.86 12.92 11.90 13.21 13.14 15.40 13.07 13.51 11.46 10.44 10.59 10.73 10.88 10.66 11.24 11.02 11.10 11.24 11.75 11.61 12.63 13.65 13.94 13.94 14.24 13.29 13.58 11.53 9.93 10.95 9.78 9.49 9.13 9.27 10.29 9.13 8.61 8.83 8.03 6.86 6.79 7.74 7.08 6.72 6.72 6.35 6.42
5.55 5.40 3.80 4.38 0.29 1.17 0.15 1.83 2.34 2.34 2.12 2.70 2.19 2.48 2.41 3.36 3.14 5.33 5.84 6.13 5.40 5.11 5.18 3.07 0.00 3.58 0.00 0.00 0.00 0.00 0.00 4.74 8.25 7.52 9.05 9.05 9.27 9.86 12.92 11.90 13.21 13.14 15.40 13.07 13.51 11.46 10.44 10.59 10.73 10.88 10.66 11.24 11.02 11.10 11.24 11.75 11.61 12.63 13.65 13.94 13.94 14.24 13.29 13.58 11.53 9.93 10.95 9.78 9.49 9.13 9.27 10.29 9.13 8.61 8.83 8.03 6.86 6.79 7.74 7.08 6.72 6.72 6.35 6.42
6.64 5.99 4.67 5.04 2.56 1.10 1.10 0.88 2.41 2.41 2.77 2.41 4.67 3.80 4.09 5.04 4.74 4.60 5.77 5.40 5.77 2.99 1.53 4.96 0.00 0.00 0.00 0.00 0.00 0.00 3.21 0.00 8.10 7.08 7.37 7.37 9.27 10.80 11.17 11.68 11.46 13.14 13.29 12.99 12.34 10.80 10.51 10.59 10.29 10.73 11.10 11.10 11.68 11.61 11.53 11.61 11.53 11.83 12.26 12.12 12.12 12.41 12.56 11.97 10.66 11.39 9.56 8.69 8.32 8.61 9.13 8.47 7.96 7.59 7.81 7.15 6.86 8.10 7.30 8.10 8.32 8.03 9.05 8.47
7.37 6.64 5.18 3.14 3.58 3.36 1.46 2.77 2.26 2.26 5.69 5.48 4.89 6.35 5.69 5.84 6.20 5.18 5.40 3.58 1.90 4.23 0.00 0.00 0.00 0.00 0.00 0.00 0.00 4.60 1.53 6.79 6.72 7.45 9.49 9.49 8.98 10.73 10.51 10.80 9.86 11.90 12.63 12.85 12.92 11.90 11.32 11.46 11.24 12.70 12.19 15.11 15.26 15.18 13.80 11.97 12.19 11.53 11.75 11.90 11.90 11.75 12.85 12.70 13.21 10.29 8.83 9.13 8.18 8.61 8.25 8.18 7.45 6.86 6.86 6.72 7.08 8.25 7.74 8.25 9.34 9.78 9.71 10.00
7.45 6.28 6.42 6.79 5.18 5.33 3.50 6.13 6.72 6.72 6.28 6.64 6.57 6.57 7.59 6.35 6.50 6.28 3.58 4.82 0.00 0.00 0.00 0.00 0.00 0.00 0.00 0.22 0.00 4.23 6.35 5.48 7.74 10.37 9.42 9.42 12.05 11.46 9.93 8.61 8.76 10.66 13.87 12.92 15.11 15.33 15.26 15.48 14.82 12.56 15.48 15.62 16.43 14.45 12.63 13.14 10.95 11.32 10.80 12.34 12.34 12.85 12.63 13.51 13.29 11.83 9.86 9.93 9.71 7.96 7.23 7.45 5.33 6.06 5.62 6.06 7.37 6.28 7.37 8.97 9.49 10.23 11.66 12.23
7.45 6.28 6.42 6.79 5.18 5.33 3.50 6.13 6.72 6.72 6.28 6.64 6.57 6.57 7.59 6.35 6.50 6.28 3.58 4.82 0.00 0.00 0.00 0.00 0.00 0.00 0.00 0.22 0.00 4.23 6.35 5.48 7.74 10.37 9.42 9.42 12.05 11.46 9.93 8.61 8.76 10.66 13.87 12.92 15.11 15.33 15.26 15.48 14.82 12.56 15.48 15.62 16.43 14.45 12.63 13.14 10.95 11.32 10.80 12.34 12.34 12.85 12.63 13.51 13.29 11.83 9.86 9.93 9.71 7.96 7.23 7.45 5.33 6.06 5.62 7.00 10.17 9.03 10.10 15.25 15.67 13.61 15.01 12.68
5.99 6.13 7.08 7.45 6.64 6.20 6.13 5.99 6.35 6.35 6.79 6.64 7.30 8.03 7.96 7.08 5.26 5.99 1.10 0.00 0.00 0.00 0.00 0.00 0.00 0.00 0.00 2.56 4.67 3.36 5.91 6.94 6.72 9.86 11.46 11.46 11.61 8.40 7.15 7.01 10.88 8.32 13.21 15.26 15.04 15.70 17.23 17.08 16.28 15.62 15.48 15.70 14.24 14.38 13.14 11.24 11.46 10.88 13.87 14.45 14.45 13.72 13.65 13.58 12.70 10.88 11.46 9.49 8.47 7.66 7.37 7.01 6.13 6.02 7.35 8.69 10.77 9.40 8.95 11.66 13.12 10.84 9.51 12.03
4.02 5.11 4.89 5.55 5.62 6.86 5.99 6.64 6.72 6.72 6.64 7.23 7.15 4.60 5.26 5.91 0.95 0.00 0.00 0.00 0.00 0.00 0.00 0.00 1.24 0.00 4.67 3.29 4.67 6.06 5.99 6.86 7.37 7.23 8.54 8.54 8.61 9.20 7.96 11.61 10.44 15.11 15.55 15.77 15.04 14.97 15.04 14.82 14.53 15.99 14.45 13.72 13.94 13.29 12.70 14.60 13.65 15.26 15.18 15.18 15.18 14.97 13.51 11.39 11.90 10.66 9.05 8.25 6.79 7.23 7.74 7.52 7.86 8.85 9.66 9.08 8.68 9.17 10.16 9.89 8.68 9.60 10.09 12.78
5.84 4.45 4.53 4.96 4.67 5.77 5.91 4.89 5.77 5.77 6.13 0.00 0.80 2.19 0.00 0.00 0.00 0.00 0.00 0.00 0.00 0.00 3.72 2.41 3.21 4.82 4.09 6.57 6.28 6.50 4.82 5.99 6.28 7.74 7.23 7.23 10.15 12.26 12.99 13.21 15.91 15.55 15.84 14.09 14.31 13.51 12.92 13.14 13.14 14.02 13.80 13.87 12.92 13.07 13.14 14.45 16.50 18.98 18.69 18.32 18.32 14.75 12.56 9.71 10.15 8.47 8.25 7.59 7.52 7.59 7.45 7.45 7.41 5.41 7.07 8.78 10.45 9.23 8.11 8.25 8.19 8.87 8.46 8.78
5.84 4.45 4.53 4.96 4.67 5.77 5.91 4.89 5.77 5.77 6.13 0.00 0.80 2.19 0.00 0.00 0.00 0.00 0.00 0.00 0.00 0.00 3.72 2.41 3.21 4.82 4.09 6.57 6.28 6.50 4.82 5.99 6.28 7.74 7.23 7.23 10.15 12.26 12.99 13.21 15.91 15.55 15.84 14.09 14.31 13.51 12.92 13.14 13.14 14.02 13.80 13.87 12.92 13.07 13.14 14.45 16.50 18.98 18.69 18.32 18.32 14.75 12.56 9.71 10.15 8.47 8.25 7.59 7.52 7.59 7.45 7.45 7.23 5.33 6.86 8.15 9.31 8.54 8.65 8.56 8.19 8.68 9.29 9.39
8.25 6.28 4.74 5.26 4.16 3.58 3.07 3.87 0.00 0.00 0.00 0.00 0.00 0.00 0.00 0.00 0.00 0.00 0.00 2.34 3.50 3.21 3.72 3.29 3.50 4.60 5.99 5.99 6.20 4.67 4.82 5.48 5.99 6.50 9.27 9.27 8.61 10.95 11.61 12.26 11.02 11.68 10.80 11.17 8.69 8.18 8.18 8.47 9.56 9.64 9.64 8.76 7.66 8.76 10.66 13.94 13.07 15.77 14.24 13.80 13.80 12.99 13.51 10.29 10.37 10.15 9.34 8.61 10.22 8.69 8.40 7.59 7.08 8.25 8.24 9.86 9.08 8.57 8.85 9.70 10.24 10.41 8.87 7.76
5.69 5.55 6.13 6.64 4.02 4.60 4.02 0.00 0.00 0.00 0.00 0.00 0.00 0.00 0.00 0.00 0.00 0.00 1.46 0.51 3.21 4.02 3.87 5.33 4.82 4.74 5.84 6.50 6.35 5.48 5.62 5.55 5.77 5.91 5.91 5.91 5.99 6.13 8.76 9.20 9.78 9.71 8.98 7.59 7.88 7.66 7.59 7.59 7.74 8.18 7.74 7.66 6.94 5.11 6.13 6.20 7.96 11.24 10.51 12.34 12.34 10.51 12.63 11.68 11.90 11.24 11.10 11.61 11.17 10.66 8.83 9.49 9.93 10.39 13.54 12.89 9.47 11.27 10.78 8.58 9.19 8.10 9.10 9.07
8.83 9.13 9.27 7.74 8.47 6.42 6.94 0.00 0.00 0.00 0.00 0.00 0.00 0.00 0.00 0.00 0.80 0.00 0.80 2.48 2.12 4.23 5.62 5.40 5.84 5.55 5.33 6.06 5.77 5.62 4.60 4.38 5.48 5.84 4.96 4.96 4.96 5.04 4.74 4.82 4.53 3.65 4.09 3.80 4.45 5.48 7.88 5.26 5.04 4.60 4.67 4.74 4.60 4.74 5.26 6.50 7.74 7.96 7.81 10.07 10.07 11.32 9.34 9.86 10.66 10.88 10.07 11.10 9.86 10.37 11.39 10.15 10.91 13.09 11.24 12.28 12.13 12.11 10.51 9.92 10.78 8.25 10.62 8.04
7.45 9.05 7.15 7.59 7.88 6.86 6.86 7.23 5.77 5.77 6.35 6.20 2.26 2.19 3.07 2.19 1.61 1.83 1.90 2.92 4.53 4.23 5.48 5.55 5.55 5.40 5.55 5.40 5.04 4.23 4.38 4.31 4.89 4.67 4.60 4.60 5.11 5.11 4.45 3.94 3.94 4.02 3.87 4.82 4.82 4.45 4.53 4.53 4.74 3.58 3.87 3.58 4.38 4.53 5.91 7.01 6.79 7.81 6.86 5.69 5.69 8.25 7.81 8.69 8.03 8.32 6.13 8.40 8.32 7.66 8.83 9.03 11.75 11.19 13.38 11.80 12.48 11.07 10.71 10.73 10.98 11.79 11.07 10.83
7.45 9.05 7.15 7.59 7.88 6.86 6.86 7.23 5.77 5.77 6.35 6.20 2.26 2.19 3.07 2.19 1.61 1.83 1.90 2.92 4.53 4.23 5.48 5.55 5.55 5.40 5.55 5.40 5.04 4.23 4.38 4.31 4.89 4.67 4.60 4.60 5.11 5.11 4.45 3.94 3.94 4.02 3.87 4.82 4.82 4.45 4.53 4.53 4.74 3.58 3.87 3.58 4.38 4.53 5.91 7.01 6.79 7.81 6.86 5.69 5.69 8.25 7.81 8.69 8.03 8.32 6.13 8.40 8.32 7.66 8.83 11.09 11.01 12.17 12.02 14.60 12.67 12.24 10.93 9.67 10.61 10.14 12.04 12.29
6.13 5.69 6.42 6.42 7.01 6.06 6.13 5.26 5.48 5.48 4.96 3.58 3.65 3.21 3.36 3.07 2.56 2.41 3.58 3.50 4.74 4.96 4.60 3.94 5.33 5.33 5.04 5.33 4.31 3.94 4.60 4.45 4.82 4.82 4.53 4.53 4.96 4.53 3.87 3.50 3.80 4.23 4.31 4.09 2.70 2.56 3.80 2.70 3.14 3.43 3.14 3.43 4.09 3.94 4.89 6.42 5.18 6.06 5.77 5.69 5.69 3.80 5.04 5.91 4.02 5.11 4.02 7.01 4.31 6.50 7.79 7.38 10.15 9.92 12.54 15.08 14.13 11.76 11.16 12.99 10.65 11.10 12.06 10.67
5.40 5.18 5.84 5.77 5.55 5.69 5.04 4.23 3.36 3.36 3.43 3.43 4.23 4.23 4.31 3.87 3.07 3.43 3.36 4.02 3.58 4.38 3.50 3.65 3.94 4.31 4.09 4.89 4.23 4.09 3.94 5.62 5.40 4.53 5.26 5.26 5.26 5.33 4.60 4.09 4.02 4.38 3.50 2.41 2.77 1.97 2.63 2.48 2.26 3.58 3.14 3.94 4.16 2.04 4.02 4.89 4.45 3.50 3.43 3.43 3.43 2.63 2.48 2.77 1.17 2.70 2.34 2.77 1.90 3.45 3.10 5.68 8.16 8.46 11.28 11.72 11.15 12.29 12.33 12.70 10.60 10.77 11.02 11.41
5.18 3.80 4.45 4.53 4.74 5.04 5.04 4.09 3.80 3.80 4.67 4.67 4.74 5.84 4.45 4.89 3.29 3.58 2.99 4.67 5.62 5.40 4.45 4.82 4.74 4.02 3.07 3.43 3.87 3.87 5.62 5.26 6.28 5.26 5.40 5.40 5.55 4.60 2.99 3.80 3.50 1.90 2.99 1.97 1.61 1.97 2.19 2.48 0.95 1.10 1.68 3.43 0.00 0.00 0.00 0.00 3.36 3.43 2.99 2.63 2.63 1.75 1.02 0.66 0.66 1.61 1.17 1.10 1.02 2.12 1.24 5.55 4.82 7.59 9.64 10.93 12.03 15.36 14.96 11.66 12.48 9.80 9.01 10.40
2.34 3.36 3.65 4.53 4.38 4.23 3.87 4.02 4.23 4.23 4.67 5.26 5.33 5.91 5.26 3.72 4.09 3.58 6.28 4.96 6.13 6.13 6.20 5.62 3.72 2.92 3.07 3.50 4.53 3.72 5.77 6.79 6.86 6.20 5.69 5.69 4.60 5.04 2.56 1.75 1.83 1.53 1.39 1.39 1.10 2.34 2.63 1.02 1.46 0.37 0.00 0.00 0.00 0.00 0.00 0.00 0.00 2.56 2.56 0.07 0.07 1.02 0.88 0.00 0.00 0.00 1.90 0.88 0.73 1.46 2.70 4.60 4.02 6.64 7.03 10.57 9.57 11.57 13.14 11.95 12.76 9.87 11.27 9.99
1.39 2.92 3.50 3.80 4.09 4.09 4.38 4.31 4.74 4.74 4.67 5.18 4.82 5.04 4.38 3.43 4.02 3.43 7.15 7.37 7.01 6.20 4.96 4.31 4.38 3.65 3.94 4.09 4.67 7.30 6.94 7.01 4.60 3.36 4.96 4.96 4.09 1.83 2.34 0.80 1.75 1.90 1.83 1.97 1.90 1.90 1.83 1.24 0.37 0.00 0.00 0.00 0.00 0.00 0.00 0.00 0.00 0.00 0.58 0.07 0.07 0.00 0.00 0.00 0.00 0.00 0.00 0.00 0.58 0.58 1.75 0.07 2.63 4.82 5.17 7.77 8.00 8.25 11.55 10.59 9.27 9.09 12.34 11.03
1.39 2.92 3.50 3.80 4.09 4.09 4.38 4.31 4.74 4.74 4.67 5.18 4.82 5.04 4.38 3.43 4.02 3.43 7.15 7.37 7.01 6.20 4.96 4.31 4.38 3.65 3.94 4.09 4.67 7.30 6.94 7.01 4.60 3.36 4.96 4.96 4.09 1.83 2.34 0.80 1.75 1.90 1.83 1.97 1.90 1.90 1.83 1.24 0.37 0.00 0.00 0.00 0.00 0.00 0.00 0.00 0.00 0.00 0.58 0.07 0.07 0.00 0.00 0.00 0.00 0.00 0.00 0.00 0.58 0.58 1.75 0.07 2.63 4.82 4.96 7.81 6.21 7.26 9.67 12.33 11.34 9.28 9.67 10.18
1.10 3.07 2.85 3.14 3.65 4.09 4.23 4.67 5.77 5.77 5.04 5.40 3.65 2.99 3.58 3.43 5.11 7.30 6.79 7.45 6.50 4.23 4.45 5.11 5.84 5.99 6.28 6.57 6.42 6.94 5.62 3.29 3.80 1.90 1.31 1.31 1.61 1.02 2.04 1.31 1.10 1.97 2.26 2.77 2.56 2.34 1.10 0.58 0.95 0.00 0.00 2.70 0.00 0.00 0.00 0.00 0.00 0.00 0.00 0.00 0.00 0.00 0.00 0.00 0.00 0.00 0.00 0.00 0.22 0.00 0.22 0.29 0.58 1.90 3.80 3.37 5.38 9.13 12.22 12.34 11.61 9.19 10.25 12.78
0.15 0.88 3.29 2.99 2.41 3.29 3.72 5.62 5.69 5.69 5.77 4.60 4.82 5.18 4.89 5.91 6.28 6.79 6.42 6.50 6.72 6.57 5.26 4.96 6.50 6.50 6.42 7.74 7.37 4.31 5.48 2.85 1.17 1.39 1.10 1.10 1.02 2.04 1.97 1.10 1.90 1.68 1.97 2.77 2.26 0.44 0.80 0.00 0.15 0.00 2.12 0.00 0.00 0.00 0.00 0.00 0.00 0.00 0.00 0.00 0.00 0.00 0.00 0.00 0.00 0.00 0.00 0.00 0.37 0.00 0.44 1.97 2.77 2.41 4.72 8.74 9.20 10.09 11.31 11.76 13.99 10.12 12.08 13.73
0.88 0.44 1.68 1.83 1.83 2.77 4.09 4.74 5.84 5.84 5.91 5.40 6.50 6.13 7.81 7.74 7.30 7.74 7.08 7.23 7.30 6.86 8.10 7.45 7.52 6.57 6.13 5.99 6.42 3.58 1.83 2.19 1.39 1.39 2.26 2.26 1.17 1.83 1.90 2.12 1.10 0.29 0.00 0.22 0.29 0.07 0.00 0.00 0.00 0.00 0.00 0.00 0.00 0.00 0.00 0.00 0.00 0.00 0.00 0.00 0.00 0.00 0.00 0.00 0.00 0.00 0.00 0.00 0.00 0.29 1.46 2.92 4.52 7.52 7.19 10.93 11.09 9.76 10.93 12.92 9.03 10.31 9.80 9.11
1.61 1.61 1.61 1.75 3.14 3.72 3.58 3.43 4.60 4.60 5.40 4.89 6.79 7.66 7.45 6.79 7.37 6.86 6.79 5.84 6.94 7.45 7.37 6.50 3.80 4.45 4.53 3.94 3.07 3.50 1.17 0.80 0.66 1.39 1.97 1.97 2.34 2.34 2.56 1.61 0.44 0.58 0.00 0.00 0.37 0.22 0.44 0.51 0.07 0.00 0.00 0.00 0.00 0.00 0.00 0.00 0.00 0.00 0.00 0.00 0.00 0.00 0.00 0.00 0.00 0.00 0.00 0.00 0.51 1.46 1.24 2.77 7.15 9.01 9.62 12.00 14.39 12.25 8.99 8.28 7.51 7.78 8.31 3.90
1.39 1.31 1.83 2.26 2.19 2.41 2.92 3.21 2.77 2.77 3.29 4.31 3.94 6.35 5.11 3.21 3.29 5.55 4.60 4.89 3.80 5.26 3.58 3.87 1.97 0.00 0.80 0.58 1.39 1.24 1.24 0.58 1.31 1.53 1.39 1.39 2.26 2.41 1.31 1.61 0.29 0.00 0.00 0.07 0.00 1.53 1.02 0.73 1.02 0.00 0.00 0.00 0.00 0.00 0.00 0.00 0.00 0.00 0.00 0.00 0.00 0.00 0.00 0.00 0.00 0.00 0.00 0.00 0.00 1.75 1.20 8.63 8.85 10.71 12.68 12.41 14.60 11.07 8.86 7.57 6.36 6.30 6.12 2.40
1.39 1.31 1.83 2.26 2.19 2.41 2.92 3.21 2.77 2.77 3.29 4.31 3.94 6.35 5.11 3.21 3.29 5.55 4.60 4.89 3.80 5.26 3.58 3.87 1.97 0.00 0.80 0.58 1.39 1.24 1.24 0.58 1.31 1.53 1.39 1.39 2.26 2.41 1.31 1.61 0.29 0.00 0.00 0.07 0.00 1.53 1.02 0.73 1.02 0.00 0.00 0.00 0.00 0.00 0.00 0.00 0.00 0.00 0.00 0.00 0.00 0.00 0.00 0.00 0.00 0.00 0.00 0.00 0.00 1.75 1.20 8.54 8.00 11.93 13.53 14.48 16.95 10.71 9.26 7.35 6.72 7.47 5.59 2.04
1.61 4.82 3.87 2.85 2.77 2.70 2.34 2.92 3.21 3.21 2.70 3.80 3.36 3.14 3.29 2.56 2.26 2.48 2.26 3.58 3.14 3.29 1.61 0.00 0.88 0.00 1.31 1.75 1.90 0.58 0.00 0.00 0.00 0.80 0.44 0.44 1.53 1.53 2.26 2.26 2.26 2.41 0.58 0.07 1.75 1.39 2.26 1.68 1.10 0.00 0.00 0.00 0.00 0.00 0.00 0.00 0.00 0.00 0.00 0.00 0.00 0.00 0.00 0.00 0.00 0.00 0.00 0.00 0.44 3.32 6.56 10.54 11.10 15.69 17.30 14.10 9.65 7.42 7.42 6.95 5.35 4.58 4.20 2.09
6.72 6.72 5.26 4.96 3.21 3.21 3.72 4.23 5.69 5.69 5.77 4.38 0.00 0.00 0.00 3.36 2.19 2.26 0.00 3.65 0.00 2.48 0.00 0.00 0.51 0.00 0.00 2.04 0.37 0.73 0.00 0.00 0.00 0.00 0.58 0.58 1.61 1.97 2.77 2.63 2.99 1.68 0.95 1.17 0.88 0.80 1.17 0.80 0.00 0.00 0.00 0.00 0.00 0.00 0.00 0.00 0.00 0.00 0.00 0.00 0.00 0.00 0.00 0.00 0.00 0.00 0.00 0.00 0.37 2.48 6.13 9.26 13.51 14.15 15.51 10.40 6.47 3.84 5.84 5.41 5.24 3.74 1.27 0.38
7.30 5.18 5.55 5.69 5.26 0.00 0.00 0.00 4.96 4.96 0.00 0.00 0.00 0.00 0.00 2.70 0.00 0.00 3.72 2.99 3.87 0.00 0.00 0.00 0.00 1.02 0.00 1.83 0.80 0.00 0.00 0.00 0.00 0.00 1.39 1.39 1.17 0.00 2.85 3.72 2.92 2.48 2.04 1.24 0.44 0.00 0.00 0.22 0.00 0.00 0.00 0.00 0.00 0.00 0.00 0.00 0.00 0.00 0.00 0.00 0.00 0.00 0.00 0.00 0.00 0.00 0.15 1.46 2.56 2.04 5.48 8.03 13.86 12.27 5.90 8.24 4.94 3.01 3.70 2.77 2.39 3.29 1.15 1.72
5.48 4.38 5.26 6.06 5.84 4.60 4.23 4.45 4.53 4.53 0.00 0.00 0.00 0.00 0.00 0.00 0.00 0.00 0.00 0.00 0.00 0.00 0.00 0.00 0.00 0.00 0.00 0.00 0.00 0.00 0.00 0.00 0.00 0.00 0.00 0.00 1.97 0.00 0.00 0.00 2.34 0.00 0.00 0.00 0.00 0.22 0.00 0.00 0.00 0.00 0.00 0.00 0.00 0.00 0.00 0.00 0.00 0.00 0.00 0.00 0.00 0.00 0.00 0.00 0.00 0.58 0.44 1.17 2.26 5.04 8.91 8.18 11.75 11.74 5.28 2.19 1.89 2.17 1.44 1.03 0.91 1.24 1.20 1.85
2.19 2.92 2.77 4.82 3.50 3.50 0.00 0.00 0.00 0.00 0.00 0.00 0.00 0.00 0.00 0.00 0.00 0.00 0.00 0.00 0.00 0.00 0.00 0.00 0.00 0.00 0.00 0.00 0.00 0.00 0.00 0.00 0.00 0.00 0.00 0.00 0.00 0.00 0.00 0.00 0.00 1.75 0.00 0.00 1.68 1.24 1.53 1.68 1.10 0.00 0.00 0.00 0.00 0.00 0.00 0.00 0.00 0.00 0.00 0.00 0.00 0.00 0.15 1.02 0.80 0.95 1.24 0.00 1.53 4.45 4.53 6.79 5.03 6.26 1.98 1.13 0.53 0.71 0.53 0.00 0.00 0.15 0.00 2.21
0.73 1.31 1.39 0.00 0.00 0.00 0.00 0.00 0.00 0.00 0.00 0.00 0.00 0.00 0.00 0.00 0.00 0.00 0.00 0.00 0.00 0.00 0.00 0.00 0.00 0.00 0.00 0.00 0.00 0.00 0.00 0.00 0.00 0.00 0.00 0.00 0.00 0.00 0.00 0.00 0.00 0.00 0.00 0.00 3.43 4.31 4.16 2.26 1.90 1.39 0.29 0.95 0.00 1.10 0.00 0.00 0.00 0.00 0.00 0.00 0.00 0.00 0.00 0.00 0.00 0.00 0.00 1.61 0.88 2.99 2.56 3.08 0.52 0.89 0.81 1.41 0.85 0.00 0.00 0.00 0.00 0.00 0.22 0.00
0.73 1.31 1.39 0.00 0.00 0.00 0.00 0.00 0.00 0.00 0.00 0.00 0.00 0.00 0.00 0.00 0.00 0.00 0.00 0.00 0.00 0.00 0.00 0.00 0.00 0.00 0.00 0.00 0.00 0.00 0.00 0.00 0.00 0.00 0.00 0.00 0.00 0.00 0.00 0.00 0.00 0.00 0.00 0.00 3.43 4.31 4.16 2.26 1.90 1.39 0.29 0.95 0.00 1.10 0.00 0.00 0.00 0.00 0.00 0.00 0.00 0.00 0.00 0.00 0.00 0.00 0.00 1.61 0.88 2.99 2.56 3.07 0.51 0.88 0.81 1.47 0.76 0.00 0.00 0.00 0.00 0.00 0.22 0.00
0.66 0.58 0.00 0.00 0.00 0.00 0.00 0.00 0.00 0.00 0.00 0.00 0.00 0.00 0.00 0.00 0.00 0.00 0.00 0.00 0.00 0.00 0.00 0.00 0.00 0.00 0.00 0.00 0.00 0.00 0.00 0.00 0.00 0.00 0.00 0.00 0.00 0.00 0.00 0.00 0.00 0.00 0.00 0.00 0.00 3.80 0.00 2.26 2.56 2.12 3.43 2.48 2.12 2.56 0.00 1.10 0.00 0.00 0.00 0.00 0.00 0.00 0.00 0.00 0.00 0.00 0.00 0.95 0.07 0.51 0.51 0.88 0.00 1.11 1.03 0.38 0.73 0.55 0.00 0.00 0.00 0.00 0.00 0.00
0.00 0.00 0.00 0.00 0.00 0.00 0.00 0.00 0.00 0.00 0.00 0.00 0.00 0.00 0.00 0.00 0.00 0.00 0.00 0.00 0.00 0.00 0.00 0.00 0.00 0.00 0.00 0.00 0.00 0.00 0.00 0.00 0.00 0.00 0.00 0.00 0.00 0.00 0.00 0.00 0.00 0.00 0.00 0.00 0.00 0.00 0.00 1.46 2.77 4.53 3.87 3.65 2.48 1.90 1.24 0.00 1.10 0.95 0.00 0.00 0.00 0.00 0.00 0.00 0.00 0.00 0.00 0.00 0.00 0.00 0.00 0.00 0.00 0.88 0.73 0.68 0.00 0.00 0.00 0.00 0.00 0.00 0.00 0.00
