Wansh/Snow_depth/snowdepth-1991/winter/1992026.txt
ncols 321
nrows 161
xllcenter 60
yllcenter 15 
cellsize  0.25 
NODATA_value -1
[rows 0 to 36 of 161, columns 84 to 167 of 321]
15.40 15.40 14.67 14.97 13.58 11.17 11.97 8.10 8.61 8.18 10.07 10.00 10.00 11.02 13.36 12.26 13.43 13.51 13.51 13.07 13.51 13.65 13.36 9.05 9.05 0.00 0.00 0.00 0.00 0.00 0.00 8.61 9.27 9.27 8.18 11.17 9.56 8.69 9.56 8.25 10.07 5.62 7.23 7.23 4.23 2.85 2.85 2.04 3.21 4.53 5.84 7.37 7.01 8.54 4.96 6.86 7.45 7.23 8.32 5.18 4.16 4.53 3.43 3.07 3.80 3.29 4.53 6.13 6.13 6.13 9.13 7.88 11.10 10.88 11.02 10.66 14.75 10.95 13.80 13.51 14.16 11.97 12.12 12.19
14.09 14.38 13.72 12.63 11.32 11.97 11.97 12.26 11.46 10.29 9.56 9.49 7.59 7.88 9.05 5.99 9.05 11.17 11.17 12.92 12.19 13.14 10.66 10.88 6.28 0.00 0.00 0.00 0.00 0.00 0.00 2.12 4.09 5.18 6.06 6.72 6.28 7.30 7.96 8.83 9.64 8.76 9.20 9.20 10.95 11.61 7.45 5.84 4.45 5.33 3.87 3.07 3.21 3.72 3.58 5.40 5.48 8.03 7.52 6.35 9.64 8.61 8.69 6.13 8.10 8.83 6.57 11.32 11.32 10.44 9.78 11.97 11.02 11.02 14.09 16.35 16.35 17.59 17.52 14.45 14.53 15.11 13.07 12.48
11.61 11.32 10.22 10.37 10.66 11.68 11.39 11.68 12.56 11.97 10.66 10.95 8.18 8.03 4.82 4.96 5.69 4.60 4.60 7.30 10.22 6.94 10.29 9.20 7.66 8.10 0.00 0.00 0.00 0.29 0.22 0.66 3.36 3.80 5.26 8.76 10.51 10.80 10.80 10.66 12.34 9.42 9.56 9.56 9.20 12.12 10.73 9.71 10.66 5.18 3.65 4.09 2.99 2.77 3.72 5.26 5.04 7.81 8.54 10.22 10.29 12.34 14.09 13.80 12.34 15.33 14.16 13.36 13.36 15.70 12.92 13.07 12.63 14.31 13.51 17.16 19.56 19.56 19.42 19.93 16.64 16.86 16.64 17.16
11.61 11.32 10.22 10.37 10.66 11.68 11.39 11.68 12.56 11.97 10.66 10.95 8.18 8.03 4.82 4.96 5.69 4.60 4.60 7.30 10.22 6.94 10.29 9.20 7.66 8.10 0.00 0.00 0.00 0.29 0.22 0.66 3.36 3.80 5.26 8.76 10.51 10.80 10.80 10.66 12.34 9.42 9.56 9.56 9.20 12.12 10.73 9.71 10.66 5.18 3.65 4.09 2.99 2.77 3.72 5.26 5.04 7.81 8.54 10.22 10.29 12.34 14.09 13.80 12.34 15.33 14.16 13.36 13.36 15.70 12.92 13.07 12.63 14.31 13.51 17.16 19.56 19.56 19.42 19.93 16.64 16.86 16.64 17.16
11.61 11.32 10.73 10.95 9.93 9.78 9.56 10.07 9.13 10.51 10.80 10.73 11.02 7.88 6.57 9.13 5.18 6.28 6.28 5.69 4.89 6.42 6.13 7.74 8.76 8.83 6.72 1.53 0.00 0.00 0.22 1.68 3.72 5.77 4.67 8.32 10.88 11.32 12.26 10.73 11.02 8.91 9.34 9.34 10.00 12.99 13.07 13.58 12.26 9.64 8.32 4.02 2.85 3.07 2.34 2.63 3.58 3.29 5.69 7.01 12.19 11.02 14.31 16.43 15.91 16.79 19.20 15.40 15.40 16.13 13.94 12.92 12.70 13.94 15.04 14.75 15.70 15.77 19.64 16.94 16.57 17.67 17.74 17.81
12.41 12.70 12.48 13.87 12.63 9.27 9.93 8.83 10.44 10.80 10.07 11.10 10.73 8.61 9.20 12.34 10.00 7.52 7.52 7.30 9.78 6.35 6.28 5.11 5.91 4.74 0.00 2.70 0.00 0.00 0.00 2.19 3.58 5.40 5.84 8.54 10.51 9.64 11.53 12.85 10.88 10.37 10.22 10.22 9.71 11.75 14.02 14.89 12.63 13.87 8.76 4.02 2.99 2.70 2.77 2.34 3.72 5.18 4.82 5.84 9.49 13.14 12.19 17.45 19.20 18.91 19.35 17.52 17.52 14.82 14.89 15.99 14.67 14.38 15.26 13.14 13.14 12.63 13.07 13.87 15.55 17.16 16.28 17.81
14.31 14.09 13.51 13.58 13.80 14.24 13.65 12.12 12.26 11.90 12.26 10.88 9.05 9.20 12.19 9.42 10.66 13.21 13.21 13.80 13.36 12.85 7.01 4.82 4.96 2.85 0.00 0.00 0.00 0.00 1.39 3.07 2.26 3.65 5.99 9.20 13.14 13.72 12.99 13.21 11.97 10.95 11.68 11.68 11.39 10.73 14.89 15.18 12.63 6.79 4.89 5.55 3.21 2.41 3.58 4.60 4.38 6.28 7.88 9.27 9.05 12.92 15.18 14.45 18.61 16.86 18.18 18.61 18.61 15.84 17.08 16.57 17.89 16.94 17.23 17.08 13.29 13.58 11.53 12.78 12.99 14.53 16.72 16.35
14.31 14.09 13.51 13.58 13.80 14.24 13.65 12.12 12.26 11.90 12.26 10.88 9.05 9.20 12.19 9.42 10.66 13.21 13.21 13.80 13.36 12.85 7.01 4.82 4.96 2.85 0.00 0.00 0.00 0.00 1.39 3.07 2.26 3.65 5.99 9.20 13.14 13.72 12.99 13.21 11.97 10.95 11.68 11.68 11.39 10.73 14.89 15.18 12.63 6.79 4.89 5.55 3.21 2.41 3.58 4.60 4.38 6.28 7.88 9.27 9.05 12.92 15.18 14.45 18.61 16.86 18.18 18.61 18.61 15.84 17.08 16.57 17.89 16.94 17.23 17.08 13.29 13.58 11.53 12.78 12.99 14.53 16.72 16.35
13.80 12.05 11.53 12.41 13.43 13.36 11.97 11.61 11.53 12.41 11.10 8.25 5.99 10.66 7.37 11.46 10.29 12.99 12.99 11.97 12.48 12.41 10.15 6.13 2.70 2.77 0.00 0.00 0.00 0.00 2.41 3.94 4.67 6.28 11.17 9.56 13.87 13.51 9.27 9.34 9.27 10.07 11.46 11.46 10.66 11.83 12.78 5.69 5.40 4.89 4.82 7.45 6.06 6.28 5.26 4.82 7.15 7.15 7.37 7.81 9.78 9.27 12.12 11.68 11.17 14.45 13.07 14.53 14.53 15.33 14.24 17.01 16.72 17.67 18.03 18.25 16.35 17.45 13.87 14.75 13.29 14.24 12.78 14.38
10.95 11.02 10.80 9.56 10.95 10.51 11.46 9.20 9.93 10.80 8.32 6.28 6.20 4.60 6.13 7.15 8.54 10.88 10.88 11.02 10.59 9.49 5.69 6.72 0.00 0.00 0.00 0.00 0.00 0.00 3.80 2.92 4.16 6.86 9.86 8.40 8.76 8.32 9.05 6.57 4.74 3.58 6.13 6.13 4.60 4.31 4.82 4.74 5.33 7.01 8.83 9.56 10.07 11.17 9.20 10.15 8.03 9.56 7.88 8.03 8.25 8.32 8.61 9.78 9.93 11.97 12.05 14.09 14.09 14.97 14.31 17.59 17.01 16.72 18.32 15.70 15.70 18.91 19.35 18.47 14.24 11.39 12.05 12.19
8.25 8.61 8.54 7.23 6.86 7.52 8.18 8.91 8.40 8.10 9.20 7.23 4.38 6.42 7.96 7.66 8.32 12.63 12.63 11.24 11.46 9.71 7.01 0.00 0.00 0.00 0.00 0.00 0.00 0.00 4.09 2.70 3.29 2.99 4.67 6.64 7.15 8.32 6.72 7.01 5.69 5.48 7.15 7.15 4.60 6.42 7.59 7.74 9.20 10.00 10.29 10.44 17.74 13.65 10.44 12.48 12.78 11.61 16.86 11.75 13.07 9.34 9.20 9.42 9.49 12.48 14.75 14.38 14.38 16.86 18.18 18.32 20.59 20.22 20.29 20.22 19.93 19.20 19.13 16.94 17.37 12.99 13.94 13.51
8.25 8.61 8.54 7.23 6.86 7.52 8.18 8.91 8.40 8.10 9.20 7.23 4.38 6.42 7.96 7.66 8.32 12.63 12.63 11.24 11.46 9.71 7.01 0.00 0.00 0.00 0.00 0.00 0.00 0.00 4.09 2.70 3.29 2.99 4.67 6.64 7.15 8.32 6.72 7.01 5.69 5.48 7.15 7.15 4.60 6.42 7.59 7.74 9.20 10.00 10.29 10.44 17.74 13.65 10.44 12.48 12.78 11.61 16.86 11.75 13.07 9.34 9.20 9.42 9.49 12.48 14.75 14.38 14.38 16.86 18.18 18.32 20.59 20.22 20.29 20.22 19.93 19.20 19.13 16.94 17.37 12.99 13.94 13.51
6.64 7.08 6.64 6.57 6.64 6.86 7.52 8.47 8.61 9.71 12.78 6.94 6.50 9.05 9.78 12.78 13.07 12.92 12.92 12.70 11.10 7.37 8.10 0.00 0.00 0.00 0.00 0.00 2.85 3.43 6.13 5.69 6.57 6.28 5.33 5.84 9.56 10.66 8.03 10.44 11.75 11.75 10.15 10.15 8.83 8.32 8.61 7.88 11.10 14.16 17.96 19.13 18.91 17.30 17.23 14.97 19.05 18.40 18.47 14.67 12.19 12.56 10.15 13.51 12.70 12.70 14.60 16.57 16.57 15.84 20.15 21.90 21.53 22.85 21.68 21.83 20.73 18.25 19.20 18.10 16.28 15.77 16.06 14.82
6.86 6.72 6.57 6.50 6.35 6.79 9.93 9.27 11.10 13.43 6.64 8.69 10.73 13.29 12.70 13.80 15.18 14.60 14.60 14.75 11.97 9.64 6.20 6.72 5.40 3.50 4.53 2.34 4.45 4.02 8.47 10.44 12.05 16.35 15.48 14.82 15.33 13.07 15.33 13.43 11.97 13.07 11.97 11.97 10.80 10.44 13.43 14.45 14.45 14.02 16.86 18.10 19.49 18.61 18.03 23.43 21.39 18.69 18.91 15.62 10.66 10.88 11.02 13.80 14.24 15.77 15.33 15.84 15.84 19.71 18.69 22.12 22.92 22.92 20.15 20.44 16.13 17.81 5.69 12.92 12.63 13.94 13.51 13.72
6.86 7.30 6.20 7.23 6.64 6.06 6.72 8.54 11.61 11.10 8.61 7.30 9.71 12.34 13.43 12.05 15.04 14.60 14.60 12.85 9.93 10.59 9.05 7.23 7.52 5.69 7.23 6.57 5.84 4.74 4.89 14.82 16.94 17.52 16.94 14.67 14.75 14.60 14.60 13.29 15.91 13.72 12.56 12.56 18.25 18.10 17.45 16.57 15.26 17.16 16.64 18.69 21.61 21.97 25.55 24.82 24.67 21.97 13.80 15.77 9.20 8.61 8.32 11.61 10.80 14.16 15.18 14.82 14.82 17.30 20.51 19.49 19.20 17.30 18.47 14.75 12.92 1.75 4.16 1.83 13.21 12.92 14.09 15.26
6.57 6.72 7.15 7.01 6.13 7.01 5.18 3.58 4.89 8.32 5.04 5.69 6.57 7.52 10.80 12.70 12.78 11.83 11.83 12.63 8.83 9.05 8.76 8.25 8.54 8.40 9.05 9.78 9.27 12.19 15.11 15.99 16.06 13.29 13.07 13.36 14.38 14.89 16.35 17.01 15.26 17.30 16.64 16.64 16.86 17.30 17.59 13.51 13.21 15.55 13.87 15.70 15.40 19.27 19.42 22.56 19.93 21.75 11.97 7.96 8.61 7.01 10.44 9.20 12.12 11.39 14.38 16.64 16.64 16.35 19.86 17.89 19.27 15.77 15.55 13.21 15.18 1.61 0.00 0.00 11.90 10.95 13.58 15.26
6.57 6.72 7.15 7.01 6.13 7.01 5.18 3.58 4.89 8.32 5.04 5.69 6.57 7.52 10.80 12.70 12.78 11.83 11.83 12.63 8.83 9.05 8.76 8.25 8.54 8.40 9.05 9.78 9.27 12.19 15.11 15.99 16.06 13.29 13.07 13.36 14.38 14.89 16.35 17.01 15.26 17.30 16.64 16.64 16.86 17.30 17.59 13.51 13.21 15.55 13.87 15.70 15.40 19.27 19.42 22.56 19.93 21.75 11.97 7.96 8.61 7.01 10.44 9.20 12.12 11.39 14.38 16.64 16.64 16.35 19.86 17.89 19.27 15.77 15.55 13.21 15.18 1.61 0.00 0.00 11.90 10.95 13.58 15.26
6.42 5.84 6.72 6.28 6.79 5.04 4.23 2.63 3.94 1.53 1.83 4.82 3.80 7.01 8.83 10.73 11.32 11.10 11.10 12.19 8.18 7.30 6.28 6.79 7.45 9.34 10.07 9.86 9.86 12.41 12.99 15.18 14.60 15.40 15.18 13.65 14.38 13.21 13.43 9.64 16.72 13.29 12.05 12.05 12.99 12.05 12.48 12.78 12.19 10.07 11.02 13.36 13.21 17.01 16.35 19.56 18.54 13.29 14.82 9.71 14.09 13.94 12.78 16.13 12.85 15.26 15.91 17.30 17.30 22.48 21.97 19.27 17.01 17.81 15.91 13.36 3.58 5.69 0.95 9.05 7.45 9.64 10.37 9.93
7.23 6.42 5.62 5.33 5.84 4.82 3.87 2.12 1.39 1.53 2.12 4.60 7.74 10.07 9.78 10.80 9.13 10.15 10.15 9.34 9.05 9.20 7.01 7.15 7.23 9.78 13.29 12.92 12.85 12.78 14.60 15.70 19.86 18.25 17.30 14.31 11.97 12.48 8.25 7.37 8.54 8.54 10.88 10.88 12.19 12.19 10.15 7.23 6.06 6.06 8.25 10.37 12.63 16.21 19.27 18.69 19.42 17.96 21.10 21.90 19.27 25.33 18.91 18.69 20.59 17.01 21.53 19.86 19.86 24.67 22.56 24.31 17.59 13.29 8.98 9.64 4.45 2.77 2.41 4.89 5.91 7.88 9.71 10.66
6.72 5.48 5.40 6.35 6.94 5.04 4.53 3.21 2.19 2.70 2.70 4.09 6.06 7.37 7.37 7.30 7.30 9.64 9.64 9.49 9.78 10.07 9.49 7.96 11.75 9.34 13.21 15.26 14.38 14.45 13.51 13.94 11.53 13.80 16.57 12.19 6.86 4.53 4.31 5.04 6.20 6.79 10.15 10.15 13.07 13.58 11.61 8.61 7.01 12.63 13.65 14.31 13.80 19.78 20.15 22.70 22.05 25.99 25.04 25.33 26.65 26.13 24.75 22.41 22.85 22.63 23.36 24.24 24.24 25.19 19.86 8.91 9.56 9.05 6.79 2.77 3.36 3.87 4.09 4.02 4.31 5.91 7.45 8.98
5.62 5.62 6.79 6.64 6.50 4.74 4.45 3.58 3.94 7.37 6.64 6.64 6.13 9.64 8.32 6.50 6.79 8.25 8.25 8.18 10.07 10.00 10.15 9.93 13.87 14.89 15.99 14.89 10.80 11.17 7.66 7.66 8.83 7.96 6.94 7.01 5.91 1.53 0.00 2.77 5.18 6.28 9.42 9.42 11.02 10.66 12.41 10.80 14.97 19.56 19.56 20.00 22.78 21.97 21.61 27.81 27.38 27.67 25.92 24.02 26.21 25.55 24.82 23.14 23.36 23.73 23.80 21.68 21.68 12.92 14.82 5.91 3.65 3.65 4.67 1.46 1.02 1.10 1.68 3.50 3.36 4.23 5.48 6.28
5.48 6.35 7.66 5.69 4.23 4.02 4.02 7.59 6.79 8.76 9.56 11.90 12.34 12.41 10.15 11.61 9.05 7.96 7.96 10.51 10.37 12.26 14.45 15.91 15.04 20.00 18.98 17.45 16.86 14.02 9.42 6.28 4.53 4.67 3.72 4.16 0.00 0.00 0.00 0.00 0.00 4.45 6.06 6.06 7.59 4.23 7.23 11.90 10.15 16.64 10.59 16.21 21.46 21.02 19.20 26.50 26.06 20.66 20.59 21.61 17.74 22.78 21.75 21.10 24.38 24.09 20.37 21.53 21.53 14.02 14.38 5.11 5.18 6.06 5.84 2.34 2.48 2.34 2.34 1.68 2.70 4.23 3.94 4.74
5.48 6.35 7.66 5.69 4.23 4.02 4.02 7.59 6.79 8.76 9.56 11.90 12.34 12.41 10.15 11.61 9.05 7.96 7.96 10.51 10.37 12.26 14.45 15.91 15.04 20.00 18.98 17.45 16.86 14.02 9.42 6.28 4.53 4.67 3.72 4.16 0.00 0.00 0.00 0.00 0.00 4.45 6.06 6.06 7.59 4.23 7.23 11.90 10.15 16.64 10.59 16.21 21.46 21.02 19.20 26.50 26.06 20.66 20.59 21.61 17.74 22.78 21.75 21.10 24.38 24.09 20.37 21.53 21.53 14.02 14.38 5.11 5.18 6.06 5.84 2.34 2.48 2.34 2.34 1.68 2.70 4.23 3.94 4.74
4.60 4.45 5.69 6.72 5.26 4.67 6.13 8.25 7.74 9.56 12.19 12.34 12.78 11.39 12.41 12.34 10.66 10.73 10.73 11.75 13.43 13.29 15.33 18.47 20.00 19.86 18.47 21.17 20.51 14.89 5.77 7.08 4.31 3.36 1.39 0.22 0.00 0.00 0.00 0.00 0.00 2.12 1.39 1.39 1.53 0.00 3.65 0.00 2.77 4.96 4.31 8.61 5.84 12.19 7.15 11.61 10.80 14.02 9.34 15.40 14.67 15.26 18.18 19.86 19.05 23.14 18.69 16.50 16.50 16.57 18.76 18.18 9.42 9.64 7.59 3.50 4.23 1.90 1.39 1.75 1.24 1.97 0.66 2.34
6.28 6.28 8.54 8.03 8.25 7.52 8.32 13.94 13.51 13.07 13.51 13.36 9.71 10.29 10.95 9.27 10.59 10.51 10.51 13.43 15.70 17.23 18.69 19.07 18.78 19.36 20.13 17.96 17.23 13.58 9.34 10.59 5.04 2.04 2.56 0.29 0.00 0.66 0.73 0.00 2.19 1.97 1.90 1.90 1.68 0.00 0.00 0.00 0.80 2.34 0.00 3.50 3.07 6.28 4.60 6.72 5.69 8.10 7.66 11.53 13.87 13.80 14.82 17.37 15.55 16.43 17.52 14.45 14.45 20.51 19.71 19.13 12.12 8.10 8.91 3.50 2.85 2.70 1.46 1.75 1.39 1.53 0.22 0.00
7.66 10.29 9.64 9.42 10.51 10.51 15.48 15.77 13.87 13.29 9.27 9.27 9.34 9.34 4.31 6.72 8.40 12.92 12.92 12.12 15.04 15.48 17.52 18.93 19.70 17.51 19.36 19.49 19.27 17.89 15.99 12.12 7.37 4.09 5.11 1.75 2.12 0.95 0.58 2.56 2.12 1.61 1.68 1.68 0.00 0.00 0.00 0.00 0.00 0.00 0.00 2.48 4.45 4.38 4.45 3.65 4.89 6.79 10.51 8.83 13.87 11.68 12.12 13.80 13.36 10.51 13.80 13.07 13.07 18.54 16.06 16.79 12.99 10.44 5.62 5.69 5.33 5.04 4.38 2.77 1.83 0.73 0.95 0.29
8.03 9.27 10.00 10.88 13.58 14.67 15.04 15.04 15.11 10.44 7.88 5.11 0.00 0.00 0.00 2.99 6.50 10.73 10.73 11.32 12.34 13.34 9.26 15.80 15.36 14.83 19.08 18.73 20.62 21.45 19.27 15.11 11.02 14.75 9.13 5.40 4.16 4.02 2.92 2.41 2.41 1.97 2.04 2.04 2.12 0.00 0.00 0.00 0.58 0.00 1.17 2.41 4.23 3.36 2.70 2.85 3.50 4.16 7.37 10.44 9.56 12.12 14.38 13.36 13.72 11.90 15.04 20.37 20.37 19.93 19.35 13.72 11.97 12.26 11.97 9.13 9.34 6.28 4.45 3.72 4.23 0.00 0.88 0.66
7.88 8.54 9.05 9.05 10.51 11.97 13.80 11.75 8.61 9.71 5.26 0.00 0.00 0.00 2.63 7.81 6.72 11.24 11.24 9.63 5.83 5.71 5.34 10.51 10.45 10.51 16.11 20.63 23.12 21.90 21.72 19.93 17.23 18.25 14.89 11.32 12.48 5.91 4.60 2.77 1.97 2.41 1.83 1.83 2.04 0.00 0.00 0.00 1.75 2.41 2.04 1.97 3.43 3.07 0.00 0.00 3.80 3.87 5.77 10.07 12.05 12.12 14.24 16.50 16.06 15.33 20.51 21.97 21.97 20.73 21.46 17.30 12.70 11.97 11.68 12.26 8.47 7.96 3.94 4.23 1.75 2.56 1.46 1.75
7.88 8.54 9.05 9.05 10.51 11.97 13.80 11.75 8.61 9.71 5.26 0.00 0.00 0.00 2.63 7.81 6.72 11.24 11.30 9.94 5.91 6.11 5.21 10.78 10.29 10.51 15.62 19.17 21.61 22.24 21.94 20.76 19.36 19.31 15.27 11.32 12.48 5.91 4.60 2.77 1.97 2.41 1.83 1.83 2.04 0.00 0.00 0.00 1.75 2.41 2.04 1.97 3.43 3.07 0.00 0.00 3.80 3.87 5.77 10.07 12.05 12.12 14.24 16.50 16.06 15.33 20.51 21.97 21.97 20.73 21.46 17.30 12.70 11.97 11.68 12.26 8.47 7.96 3.94 4.23 1.75 2.56 1.46 1.75
9.13 7.81 9.56 8.69 8.61 7.66 9.42 11.68 10.80 13.80 7.66 9.20 1.68 7.15 7.96 9.78 14.60 14.45 14.45 11.90 7.30 4.16 0.00 0.00 4.87 6.05 10.32 14.45 19.42 21.72 17.77 18.76 21.56 21.52 18.66 19.74 16.44 9.93 7.96 3.58 2.34 3.21 1.46 1.46 0.58 0.66 0.00 0.00 4.02 3.65 3.72 3.94 0.00 0.00 0.00 0.00 0.00 5.11 4.23 7.74 8.91 13.36 13.58 14.02 20.37 21.75 21.90 20.44 20.44 20.73 16.06 16.94 13.07 11.02 12.48 11.97 10.51 6.13 6.35 4.60 2.77 1.24 2.41 2.63
8.91 8.91 9.05 7.45 6.57 6.79 7.23 9.49 11.32 15.70 15.70 12.78 11.02 11.17 10.51 10.66 15.40 12.92 12.92 8.80 9.93 5.43 0.00 2.70 4.04 4.00 7.15 9.38 7.75 11.36 15.18 17.01 17.96 22.50 22.76 20.76 18.45 16.14 11.24 7.23 10.07 7.15 2.77 2.77 1.61 1.83 1.83 3.07 2.48 2.92 3.65 4.31 2.99 3.07 2.99 0.00 0.00 0.00 2.99 6.35 6.42 5.48 14.31 21.75 19.78 21.75 18.76 15.99 15.99 16.50 15.40 11.17 7.52 7.88 11.17 9.20 10.07 6.64 7.15 6.28 4.16 3.72 4.45 8.25
10.15 11.83 11.53 9.78 8.03 6.79 9.49 11.32 10.95 13.72 15.18 10.88 8.76 6.50 7.88 7.30 8.32 11.10 11.10 8.54 5.99 6.28 3.36 3.58 3.94 0.00 3.80 7.08 6.41 9.76 12.78 15.40 15.33 18.25 21.82 21.45 22.78 20.59 17.16 17.89 14.67 9.71 6.13 6.13 2.92 1.90 1.31 1.17 1.46 2.99 2.56 3.50 2.85 3.58 3.14 0.00 0.00 0.00 0.00 3.50 4.53 4.67 7.30 18.25 13.72 14.97 15.55 13.21 13.21 8.54 13.43 7.66 4.74 4.31 4.23 8.10 7.30 7.45 7.37 7.96 9.71 9.86 7.08 9.49
8.18 9.42 11.90 11.68 11.17 11.32 11.46 14.38 16.21 16.57 16.79 12.56 12.99 8.83 7.23 6.79 6.79 7.88 7.88 3.58 5.91 4.53 5.48 5.40 3.07 3.65 5.48 7.04 9.34 10.59 11.17 12.19 11.46 16.43 14.97 19.49 22.68 22.77 19.52 16.37 17.08 12.05 5.91 5.91 6.86 3.29 1.39 2.70 1.46 0.00 0.00 0.00 0.00 3.58 3.14 1.39 0.00 0.00 0.00 4.16 4.16 5.84 5.04 11.68 9.49 5.99 6.28 9.56 9.56 5.91 1.90 5.62 3.21 3.21 4.38 4.02 5.40 8.10 8.47 8.47 8.76 10.07 9.64 9.56
7.15 4.53 8.69 9.71 8.54 10.44 12.19 13.43 14.08 15.04 10.95 13.51 12.78 10.51 6.50 4.53 0.15 1.24 1.24 1.10 3.21 3.14 3.72 5.99 5.84 7.01 7.59 8.11 8.32 9.34 8.98 9.86 8.98 12.05 16.35 16.50 21.24 21.10 20.31 17.22 16.51 13.43 10.15 10.15 6.42 5.99 4.16 4.60 2.70 4.23 2.70 0.00 0.00 0.00 0.00 0.00 0.00 0.00 4.53 4.16 4.31 4.89 3.80 3.94 5.99 3.87 2.19 2.26 2.26 2.99 0.00 0.00 3.14 2.99 3.80 4.23 3.50 3.72 3.07 6.35 5.84 8.03 8.03 7.23
0.00 0.00 2.77 5.11 8.83 11.90 14.09 13.65 13.33 12.78 7.88 8.83 5.69 4.53 4.53 2.77 0.00 0.00 0.00 0.00 0.00 0.00 0.00 4.38 5.91 6.72 8.54 8.76 8.67 8.25 8.09 7.48 8.05 8.25 6.13 10.29 15.62 16.44 18.61 14.89 15.41 15.11 12.85 12.85 10.37 8.98 7.59 10.00 7.15 7.66 4.60 4.02 0.00 0.00 0.00 0.00 0.00 0.00 3.50 4.45 4.23 3.94 2.92 0.00 0.00 0.00 0.00 0.00 0.00 0.00 0.00 0.00 0.00 2.04 1.83 2.56 2.26 0.00 0.00 0.00 1.53 3.94 6.79 6.13
0.00 0.00 2.77 5.11 8.83 11.90 14.09 13.65 12.99 12.78 7.88 8.83 5.69 4.53 4.53 2.77 0.00 0.00 0.00 0.00 0.00 0.00 0.00 4.38 5.91 6.72 8.54 8.76 8.54 7.96 7.81 7.45 7.81 8.25 6.16 10.34 15.62 16.36 18.80 14.89 15.26 15.11 12.85 12.85 10.37 8.98 7.59 10.00 7.15 7.66 4.60 4.02 0.00 0.00 0.00 0.00 0.00 0.00 3.50 4.45 4.23 3.94 2.92 0.00 0.00 0.00 0.00 0.00 0.00 0.00 0.00 0.00 0.00 2.04 1.83 2.56 2.26 0.00 0.00 0.00 1.53 3.94 6.79 6.13
10.73 4.89 3.58 3.80 7.52 11.68 13.87 9.34 8.82 7.66 7.74 7.96 6.06 3.21 0.80 0.00 0.07 0.00 0.00 0.00 0.00 0.00 0.00 0.00 4.38 6.94 7.88 7.74 7.45 6.50 7.15 6.79 7.30 6.50 5.69 7.15 11.17 8.91 10.49 11.24 13.58 13.07 9.93 9.93 9.27 10.22 8.10 9.27 9.13 7.74 5.62 6.35 2.34 2.04 0.00 0.00 0.00 0.00 2.92 3.65 0.00 2.56 0.00 0.00 0.00 0.00 0.00 0.00 0.00 0.00 0.00 0.00 0.00 0.00 0.00 0.00 0.00 0.00 0.00 0.00 0.00 2.26 3.65 3.72
