Wansh/Snow_depth/snowdepth-1991/winter/1992054.txt
ncols 321
nrows 161
xllcenter 60
yllcenter 15 
cellsize  0.25 
NODATA_value -1
[rows 0 to 36 of 161, columns 84 to 167 of 321]
22.70 21.83 22.12 21.24 19.71 17.74 18.76 15.62 14.97 14.45 14.60 15.33 14.97 17.52 17.96 21.02 21.39 17.67 17.67 19.78 19.64 19.13 12.41 12.99 9.93 3.07 3.07 2.19 2.19 2.48 5.04 4.16 7.81 13.58 13.94 12.48 11.90 14.97 12.26 12.99 10.73 12.92 12.92 12.92 11.97 5.99 4.31 4.02 3.72 5.69 4.60 6.86 6.50 10.22 5.69 10.73 10.95 9.05 9.27 7.52 4.60 4.67 4.45 5.69 3.21 4.02 6.35 6.13 6.13 7.52 10.22 9.64 13.80 11.75 12.26 11.39 14.09 14.31 12.41 14.60 13.43 13.21 12.12 11.90
22.78 19.35 19.93 18.91 19.20 18.61 16.06 16.13 16.21 15.48 16.21 16.94 13.72 11.68 11.75 10.88 14.16 14.53 14.53 14.24 18.83 18.83 17.59 12.34 12.85 8.69 2.56 2.63 1.68 2.04 2.77 5.69 4.82 7.23 7.66 9.93 9.05 9.34 10.15 13.29 9.56 14.53 15.11 15.11 15.26 15.18 12.34 12.34 6.86 3.94 4.60 4.45 5.18 4.38 4.60 6.20 7.66 7.37 9.71 8.69 8.91 8.32 7.88 8.18 8.10 8.03 8.03 9.27 9.27 13.65 10.51 12.63 12.85 15.11 14.53 16.50 19.42 18.98 16.72 13.94 16.79 16.06 14.97 11.61
18.54 18.83 17.45 12.92 14.53 14.02 15.77 17.74 18.98 18.61 18.40 15.40 11.75 11.75 9.49 8.18 8.32 11.10 11.10 11.32 10.95 16.72 16.50 16.50 11.68 12.34 7.59 4.31 2.26 2.34 1.75 2.12 5.26 4.96 8.10 12.05 11.75 11.97 14.82 14.45 13.72 14.75 12.41 12.41 18.03 17.74 16.64 10.59 12.12 5.77 7.96 4.67 2.99 3.21 3.43 4.89 7.52 6.86 10.22 11.39 12.92 15.33 15.33 15.62 15.40 15.40 15.84 16.50 16.50 16.72 14.09 13.80 12.85 12.78 18.10 21.68 21.02 22.27 21.75 18.10 19.35 19.13 18.61 17.37
18.54 18.83 17.45 12.92 14.53 14.02 15.77 17.74 18.98 18.61 18.40 15.40 11.75 11.75 9.49 8.18 8.32 11.10 11.10 11.32 10.95 16.72 16.50 16.50 11.68 12.34 7.59 4.31 2.26 2.34 1.75 2.12 5.26 4.96 8.10 12.05 11.75 11.97 14.82 14.45 13.72 14.75 12.41 12.41 18.03 17.74 16.64 10.59 12.12 5.77 7.96 4.67 2.99 3.21 3.43 4.89 7.52 6.86 10.22 11.39 12.92 15.33 15.33 15.62 15.40 15.40 15.84 16.50 16.50 16.72 14.09 13.80 12.85 12.78 18.10 21.68 21.02 22.27 21.75 18.10 19.35 19.13 18.61 17.37
15.91 12.92 13.80 12.48 14.16 13.58 14.45 15.40 16.06 14.24 13.87 14.45 13.36 12.70 12.70 9.20 9.78 11.02 11.02 8.76 9.05 9.27 14.82 14.31 14.53 10.00 11.17 5.62 3.43 2.63 1.39 2.70 2.56 6.20 6.79 12.34 13.58 13.87 14.53 14.82 15.04 11.24 11.46 11.46 12.78 16.79 16.06 19.86 17.30 12.41 6.06 3.94 4.31 3.43 3.36 3.36 5.18 5.04 7.66 11.10 10.44 14.16 15.62 15.48 15.84 19.56 17.45 18.03 18.03 16.21 14.53 14.89 13.94 14.60 14.02 20.15 18.32 22.78 21.39 19.42 19.35 19.05 18.32 17.45
16.57 15.91 18.32 16.50 17.37 14.09 14.09 11.97 12.34 12.48 14.97 14.16 14.16 13.51 14.16 13.72 14.38 15.11 15.11 15.77 9.93 9.71 10.73 12.05 11.46 11.10 7.01 8.83 4.16 0.00 0.00 3.43 5.33 4.60 8.25 8.10 13.21 13.80 13.87 14.89 14.53 14.89 12.41 12.41 15.18 14.53 19.20 17.74 19.86 12.19 13.94 5.62 4.23 4.31 4.02 4.96 7.08 7.08 9.49 12.26 12.26 16.72 20.22 19.86 20.51 20.73 19.27 15.40 15.40 15.55 15.91 13.87 15.04 17.59 15.04 14.97 12.34 15.84 12.19 19.20 20.44 17.59 18.61 17.45
18.98 18.69 19.56 16.64 17.81 17.52 15.84 14.45 15.84 15.84 14.89 13.58 12.99 13.29 15.04 18.32 17.37 18.69 18.69 19.35 19.42 12.70 10.37 11.61 9.27 6.72 7.23 4.02 0.00 0.00 4.16 0.00 5.33 7.96 7.66 11.97 16.28 16.06 15.04 15.91 14.89 14.53 14.45 14.45 13.87 14.53 14.02 13.94 13.07 14.82 6.28 7.15 4.16 3.43 4.67 4.60 6.42 9.42 8.69 11.97 13.43 15.18 17.45 18.98 20.88 22.63 21.39 17.96 17.96 18.32 17.23 18.69 17.59 17.59 17.30 18.32 14.67 12.12 13.51 19.49 14.02 15.48 18.32 16.13
18.98 18.69 19.56 16.64 17.81 17.52 15.84 14.45 15.84 15.84 14.89 13.58 12.99 13.29 15.04 18.32 17.37 18.69 18.69 19.35 19.42 12.70 10.37 11.61 9.27 6.72 7.23 4.02 0.00 0.00 4.16 0.00 5.33 7.96 7.66 11.97 16.28 16.06 15.04 15.91 14.89 14.53 14.45 14.45 13.87 14.53 14.02 13.94 13.07 14.82 6.28 7.15 4.16 3.43 4.67 4.60 6.42 9.42 8.69 11.97 13.43 15.18 17.45 18.98 20.88 22.63 21.39 17.96 17.96 18.32 17.23 18.69 17.59 17.59 17.30 18.32 14.67 12.12 13.51 19.49 14.02 15.48 18.32 16.13
18.10 16.43 15.91 15.91 16.94 15.77 16.43 16.28 16.35 14.97 15.18 12.78 10.29 12.78 11.75 17.89 19.13 18.40 18.40 19.64 17.96 18.32 13.43 9.34 9.93 6.50 4.09 4.02 5.40 5.33 4.89 4.82 5.26 6.13 13.14 11.61 17.37 14.24 15.33 10.73 8.61 12.19 11.90 11.90 11.61 11.46 10.15 10.22 8.83 7.81 7.59 8.25 9.20 8.10 8.10 8.10 8.76 8.03 9.86 12.85 12.48 14.82 17.23 17.30 17.52 18.98 18.10 18.47 18.47 18.18 18.91 19.05 19.93 19.27 18.69 18.25 16.43 18.69 13.21 15.70 13.80 13.36 13.21 14.02
14.16 15.04 15.04 15.04 14.89 15.62 16.21 13.51 13.65 13.14 11.61 12.85 10.59 12.12 14.53 14.02 17.96 19.35 19.35 19.35 19.86 17.08 18.03 9.71 6.42 6.57 5.91 6.06 5.84 5.55 4.09 4.31 5.69 5.26 8.40 11.68 11.24 12.78 9.71 10.07 7.81 6.57 7.01 7.01 7.52 6.79 5.84 6.94 9.93 8.18 9.64 11.75 11.75 10.80 9.71 10.15 9.42 12.78 9.64 10.00 12.12 12.34 12.63 13.21 16.50 15.11 18.32 18.61 18.61 18.47 18.40 18.18 18.91 19.13 17.16 17.59 19.05 19.49 19.86 20.59 14.16 15.55 12.85 11.53
13.58 12.26 14.02 14.24 13.87 14.97 11.17 11.90 11.68 11.90 12.19 13.87 10.88 14.82 15.62 20.15 19.78 21.46 21.46 23.21 23.00 18.25 11.39 12.78 8.18 6.42 6.20 5.69 4.74 5.18 4.09 5.48 5.33 7.30 9.71 9.13 11.97 11.39 12.05 10.37 8.18 7.74 8.69 8.69 8.69 7.52 7.74 7.52 11.17 14.24 13.65 18.69 19.86 17.08 16.79 13.29 14.89 14.67 13.07 12.48 12.34 13.36 13.51 14.02 16.21 15.99 18.91 20.51 20.51 24.02 23.58 23.00 22.05 22.12 18.40 20.73 20.08 22.05 19.86 20.37 16.50 14.31 13.43 11.75
13.58 12.26 14.02 14.24 13.87 14.97 11.17 11.90 11.68 11.90 12.19 13.87 10.88 14.82 15.62 20.15 19.78 21.46 21.46 23.21 23.00 18.25 11.39 12.78 8.18 6.42 6.20 5.69 4.74 5.18 4.09 5.48 5.33 7.30 9.71 9.13 11.97 11.39 12.05 10.37 8.18 7.74 8.69 8.69 8.69 7.52 7.74 7.52 11.17 14.24 13.65 18.69 19.86 17.08 16.79 13.29 14.89 14.67 13.07 12.48 12.34 13.36 13.51 14.02 16.21 15.99 18.91 20.51 20.51 24.02 23.58 23.00 22.05 22.12 18.40 20.73 20.08 22.05 19.86 20.37 16.50 14.31 13.43 11.75
12.48 12.05 12.70 12.63 10.66 10.80 10.88 10.66 12.05 11.61 12.26 15.62 17.37 16.35 20.73 22.12 24.24 23.36 23.36 24.16 17.81 19.35 12.05 9.05 8.83 8.25 4.96 5.77 5.18 8.03 4.89 7.08 9.78 10.80 13.43 16.28 12.05 13.65 13.14 13.43 13.94 13.72 14.24 14.24 12.34 12.12 8.03 10.44 9.78 13.58 20.22 21.83 21.97 19.71 24.09 17.45 16.57 19.13 17.81 18.54 15.62 13.94 14.97 14.60 15.55 17.30 19.35 18.91 18.91 21.83 24.38 25.70 24.16 25.70 22.85 20.29 22.85 22.63 20.15 18.61 18.54 14.82 17.30 14.82
13.21 12.99 11.32 11.90 10.66 11.02 11.32 11.24 12.48 16.79 17.37 16.79 20.00 23.14 22.48 23.21 23.80 22.19 22.19 22.34 17.67 13.14 13.80 10.00 8.25 9.05 7.81 6.72 6.50 10.15 16.43 15.48 14.60 16.28 16.21 18.61 19.35 19.35 15.26 14.89 15.04 14.38 14.24 14.24 14.38 15.33 15.99 15.77 17.96 18.98 21.61 21.32 24.31 27.89 27.52 26.43 22.34 23.58 18.98 15.48 12.63 15.33 14.53 19.13 19.27 19.71 20.37 19.35 19.35 23.87 24.60 26.65 26.86 23.87 20.88 24.75 20.22 17.89 19.64 9.56 11.39 11.90 11.39 12.85
12.99 12.34 11.17 12.05 11.90 11.46 11.61 13.51 12.99 16.13 14.38 18.76 19.42 15.33 21.68 20.59 19.56 20.95 20.95 17.30 17.96 13.87 11.24 11.53 9.13 9.78 9.78 11.10 12.56 11.90 18.25 21.39 21.32 20.08 19.05 19.35 19.13 18.98 19.20 18.61 19.42 20.08 18.25 18.25 19.20 19.13 19.49 18.47 18.83 18.76 21.68 23.94 23.51 29.05 28.91 31.17 28.98 26.06 14.31 9.71 9.71 12.78 10.80 13.94 19.49 18.54 20.51 20.66 20.66 21.97 21.90 21.53 22.78 18.47 19.05 17.89 18.76 10.22 3.43 8.18 8.61 12.41 12.34 15.62
11.24 12.56 12.12 13.07 12.48 9.78 10.59 9.56 6.64 10.80 11.39 8.69 12.48 11.46 13.65 16.43 16.13 18.76 18.76 16.28 12.34 13.07 11.75 11.39 11.24 11.83 12.19 12.34 13.21 15.84 17.37 21.17 19.78 20.51 18.47 16.21 17.01 18.61 18.91 18.69 19.78 18.83 18.03 18.03 18.54 16.21 15.91 15.99 14.60 15.91 17.89 17.81 18.91 24.67 23.14 28.40 26.13 27.16 19.35 11.83 11.10 10.29 10.07 10.80 12.34 15.91 20.81 21.46 21.46 22.48 21.24 21.17 20.22 18.40 18.32 18.76 10.44 13.65 0.00 0.00 9.93 10.44 14.16 16.57
11.24 12.56 12.12 13.07 12.48 9.78 10.59 9.56 6.64 10.80 11.39 8.69 12.48 11.46 13.65 16.43 16.13 18.76 18.76 16.28 12.34 13.07 11.75 11.39 11.24 11.83 12.19 12.34 13.21 15.84 17.37 21.17 19.78 20.51 18.47 16.21 17.01 18.61 18.91 18.69 19.78 18.83 18.03 18.03 18.54 16.21 15.91 15.99 14.60 15.91 17.89 17.81 18.91 24.67 23.14 28.40 26.13 27.16 19.35 11.83 11.10 10.29 10.07 10.80 12.34 15.91 20.81 21.46 21.46 22.48 21.24 21.17 20.22 18.40 18.32 18.76 10.44 13.65 0.00 0.00 9.93 10.44 14.16 16.57
11.24 12.78 11.90 11.46 12.48 9.86 7.52 7.88 4.38 5.26 7.08 6.50 10.66 13.29 12.99 13.94 14.02 13.36 13.36 15.11 10.88 9.42 9.64 10.37 11.97 11.10 13.87 13.58 13.51 15.04 18.47 21.61 20.88 19.93 16.43 17.16 15.18 13.21 13.72 12.41 13.72 16.72 15.70 15.70 14.60 14.53 15.18 14.16 14.53 12.99 15.18 16.06 16.06 18.25 21.24 23.73 20.81 20.00 13.94 13.29 12.92 13.87 19.78 13.14 14.82 18.54 21.46 20.81 20.81 24.82 24.38 22.41 19.86 18.18 17.30 18.40 7.81 0.00 0.00 0.00 0.00 8.18 11.39 14.09
10.44 10.73 11.90 11.61 12.41 13.36 8.69 8.47 5.91 5.33 7.52 11.61 11.24 14.16 14.16 14.53 13.87 13.72 13.72 13.72 11.24 10.00 9.71 9.93 10.29 13.72 13.14 16.86 15.84 17.67 17.67 20.81 22.19 22.27 19.20 15.11 15.91 10.73 8.69 8.61 11.17 13.87 16.79 16.79 16.35 15.84 11.32 12.63 10.29 10.29 12.12 11.39 16.21 18.98 19.13 23.65 22.56 25.11 23.58 23.58 23.00 23.14 24.82 21.83 19.86 18.03 22.19 25.04 25.04 26.35 23.29 21.61 16.72 16.13 9.20 7.15 8.18 3.14 1.90 5.99 7.66 9.34 10.59 10.00
9.93 10.00 11.61 11.10 13.21 12.92 12.99 11.02 6.86 10.51 10.44 11.75 12.41 13.07 12.78 12.41 14.38 14.38 14.38 14.24 13.80 12.99 11.02 12.05 11.75 13.07 17.16 16.06 16.94 15.70 17.30 16.86 18.98 17.81 17.30 11.90 5.40 10.07 6.13 8.03 7.52 10.51 17.01 17.01 18.03 18.40 13.14 11.83 11.24 13.80 13.21 16.21 15.55 18.03 24.02 27.08 28.25 28.32 26.50 26.13 28.25 28.25 29.05 24.67 24.02 21.61 25.19 26.06 26.06 23.43 11.68 11.68 5.33 11.39 6.35 6.28 3.58 3.07 2.77 2.34 4.38 5.99 7.88 8.25
9.13 9.05 8.83 9.93 9.71 12.92 12.05 12.34 14.16 14.45 13.14 18.76 17.23 20.81 20.51 13.51 15.11 14.16 14.16 14.16 14.31 16.13 12.99 13.72 18.40 17.59 17.45 16.35 12.99 14.53 8.61 5.91 11.68 14.31 10.07 11.61 4.60 0.00 0.00 0.00 6.64 7.88 12.56 12.56 10.29 13.58 13.87 14.24 18.61 21.68 22.92 22.27 26.43 26.50 26.57 27.59 28.47 26.35 24.89 28.11 28.03 28.25 27.74 26.13 26.65 23.87 23.94 19.86 19.86 10.22 15.99 8.83 4.02 3.80 4.23 2.48 1.31 1.39 1.31 1.83 2.48 4.74 4.38 6.06
7.01 8.69 6.94 8.40 7.81 10.66 10.80 15.33 14.38 20.44 22.48 26.86 22.56 25.04 25.99 18.10 18.10 18.54 18.54 15.91 15.84 18.03 20.44 17.74 20.29 23.87 23.29 23.87 16.21 10.15 11.39 5.91 4.31 4.09 8.54 1.90 3.07 0.15 0.00 4.82 3.36 6.72 5.69 5.69 9.34 8.69 9.71 13.36 11.83 17.52 19.49 23.65 22.63 26.50 21.90 23.87 24.82 25.33 23.29 18.47 24.82 26.21 25.33 28.11 28.25 24.38 24.67 13.51 13.51 15.04 13.65 5.84 5.69 8.54 4.09 4.67 4.45 2.04 0.44 0.66 1.68 1.31 2.19 4.38
7.01 8.69 6.94 8.40 7.81 10.66 10.80 15.33 14.38 20.44 22.48 26.86 22.56 25.04 25.99 18.10 18.10 18.54 18.54 15.91 15.84 18.03 20.44 17.74 20.29 23.87 23.29 23.87 16.21 10.15 11.39 5.91 4.31 4.09 8.54 1.90 3.07 0.15 0.00 4.82 3.36 6.72 5.69 5.69 9.34 8.69 9.71 13.36 11.83 17.52 19.49 23.65 22.63 26.50 21.90 23.87 24.82 25.33 23.29 18.47 24.82 26.21 25.33 28.11 28.25 24.38 24.67 13.51 13.51 15.04 13.65 5.84 5.69 8.54 4.09 4.67 4.45 2.04 0.44 0.66 1.68 1.31 2.19 4.38
6.57 5.18 5.69 6.79 9.93 8.83 11.90 21.46 21.83 21.97 25.11 27.23 24.67 27.67 26.28 22.34 19.49 20.15 20.15 19.05 19.27 18.83 22.05 23.43 21.53 23.80 22.56 19.49 20.08 11.97 6.50 7.52 3.43 2.70 0.58 0.80 0.22 0.00 0.00 0.00 4.45 4.02 3.29 3.29 4.45 4.96 5.04 5.40 2.63 4.53 6.28 6.06 10.22 14.53 17.81 16.79 19.20 11.46 15.99 20.44 19.05 19.20 20.51 24.67 26.28 26.65 24.16 21.75 21.75 19.93 19.49 21.53 12.78 14.16 7.81 5.04 5.77 2.26 0.22 0.00 1.02 1.39 0.73 1.39
5.18 5.48 5.48 11.53 13.65 15.84 13.36 25.40 25.92 27.89 28.11 26.86 21.24 22.05 22.85 16.50 19.13 20.29 20.29 19.93 23.73 23.21 22.63 24.88 23.70 23.71 22.05 20.59 18.83 20.22 15.40 10.15 5.62 2.99 0.37 0.22 0.29 0.44 2.19 2.34 2.70 1.68 0.00 0.00 0.00 0.00 0.00 1.61 1.90 1.10 3.36 4.53 4.31 5.77 3.94 5.62 8.03 7.59 14.16 14.24 18.03 18.69 17.16 22.63 19.71 23.43 20.95 21.10 21.10 20.44 23.73 21.10 15.55 9.64 10.95 3.80 2.19 1.68 1.31 1.02 1.46 0.44 0.00 0.15
8.69 10.95 13.65 12.92 16.64 24.97 28.40 28.03 27.16 25.55 17.96 18.54 19.49 9.86 12.19 12.48 14.16 21.97 21.97 25.11 24.89 23.29 25.92 27.81 29.03 25.55 26.70 23.48 23.29 19.27 20.88 16.06 12.56 8.47 3.43 0.73 1.46 1.17 2.34 3.29 2.04 2.34 0.00 0.00 0.00 0.00 0.00 0.00 2.26 1.68 3.21 2.56 4.53 3.87 3.94 2.92 4.74 5.26 8.10 17.59 17.89 15.77 15.70 17.59 15.26 20.15 16.94 18.47 18.47 20.37 17.37 18.47 15.33 9.78 9.93 9.56 4.38 1.10 0.44 2.12 2.70 1.17 0.00 0.00
11.61 10.59 13.65 17.45 22.63 22.27 23.94 25.11 25.55 23.36 15.48 10.66 7.15 7.96 8.47 13.43 12.34 16.28 16.28 24.31 19.13 19.19 16.18 24.99 26.25 26.33 27.35 28.61 27.62 24.51 19.05 17.52 17.59 16.21 11.97 12.34 10.66 5.69 3.65 2.92 2.04 3.58 3.07 3.07 0.00 0.00 0.00 2.92 2.63 2.48 3.65 5.11 3.29 4.96 3.21 2.41 3.72 4.67 7.74 15.91 16.06 16.43 16.57 18.18 16.57 14.31 21.68 20.59 20.59 21.97 22.63 17.74 18.40 12.92 13.21 13.43 7.01 6.13 3.65 2.63 2.92 0.37 0.73 0.73
11.83 10.29 12.41 15.55 19.35 22.78 20.66 25.40 21.02 14.60 15.84 13.65 6.64 8.47 8.69 12.34 17.81 16.21 16.21 20.87 12.68 10.60 10.91 8.69 21.12 23.65 23.71 30.47 33.62 31.49 26.12 22.34 20.73 21.24 17.37 14.16 11.75 10.00 4.45 2.26 2.92 2.41 4.31 4.31 0.00 0.00 0.00 3.50 3.07 4.16 4.31 4.23 3.65 1.97 2.26 2.41 3.21 3.21 5.77 7.37 13.72 16.21 18.03 20.59 22.92 23.65 24.31 24.97 24.97 23.87 24.16 18.98 15.18 16.28 14.02 13.29 11.24 4.23 3.29 3.21 2.41 0.66 0.88 1.53
11.83 10.29 12.41 15.55 19.35 22.78 20.66 25.40 21.02 14.60 15.84 13.65 6.64 8.47 8.69 12.34 17.81 16.21 16.29 21.54 12.88 11.35 10.64 8.91 20.81 23.65 23.00 28.32 31.41 31.97 26.38 23.27 23.29 22.48 17.82 14.16 11.75 10.00 4.45 2.26 2.92 2.41 4.31 4.31 0.00 0.00 0.00 3.50 3.07 4.16 4.31 4.23 3.65 1.97 2.26 2.41 3.21 3.21 5.77 7.37 13.72 16.21 18.03 20.59 22.92 23.65 24.31 24.97 24.97 23.87 24.16 18.98 15.18 16.28 14.02 13.29 11.24 4.23 3.29 3.21 2.41 0.66 0.88 1.53
13.87 13.65 13.43 14.60 14.02 18.76 19.64 18.32 23.14 24.60 19.20 18.98 18.32 14.02 19.35 18.18 21.17 21.75 21.75 14.09 16.21 6.42 4.77 4.67 5.47 16.66 23.23 21.72 28.76 31.84 30.01 31.70 32.00 32.36 24.01 22.85 15.48 7.59 9.20 4.67 1.90 3.87 3.36 3.36 3.80 0.00 2.70 5.33 5.91 6.35 5.26 3.87 4.09 0.00 0.00 0.00 0.00 2.85 6.72 6.57 10.51 15.77 15.70 21.90 23.87 24.97 26.06 23.94 23.94 22.70 23.36 18.61 15.11 13.43 14.38 13.80 10.15 9.27 6.20 4.45 2.63 1.10 1.02 2.26
14.89 14.45 16.72 12.99 13.14 13.94 15.18 22.19 21.68 24.60 24.67 19.86 20.95 16.06 17.37 18.54 17.89 23.36 23.36 14.89 7.15 8.36 4.09 5.11 5.94 5.78 7.01 14.98 20.48 27.43 29.93 29.49 29.57 33.31 33.44 31.57 24.38 24.65 16.35 11.97 12.56 8.69 3.29 3.29 2.70 2.92 3.14 3.50 5.33 4.02 6.50 6.72 6.50 3.65 0.00 1.68 2.04 0.00 4.09 7.88 6.86 12.19 23.00 20.00 25.33 22.41 22.85 22.63 22.63 17.52 16.43 16.79 14.60 11.61 9.42 13.21 7.74 5.77 5.18 5.69 3.21 4.16 4.89 3.58
16.13 19.56 20.51 17.23 17.74 19.64 14.16 23.73 24.89 24.31 23.51 16.64 11.02 12.99 11.61 14.02 12.48 13.14 13.14 15.33 8.03 7.59 7.59 5.04 4.96 6.28 6.13 12.54 20.39 24.59 27.52 29.78 31.10 31.03 32.35 31.76 31.13 21.61 23.43 15.40 11.90 5.77 7.52 7.52 2.26 2.41 2.34 2.26 2.26 2.04 5.18 6.50 5.99 7.01 2.48 3.50 1.17 0.00 3.94 4.74 3.80 15.33 8.47 15.40 16.13 19.05 13.14 14.97 14.97 14.67 12.85 5.48 7.08 7.66 5.40 9.27 7.37 8.18 7.37 9.13 8.83 8.98 9.13 7.23
17.96 17.01 21.90 22.12 23.36 24.67 25.99 25.11 22.48 24.02 23.94 22.78 16.86 12.19 9.05 10.15 8.91 2.99 2.99 6.50 6.79 7.66 9.93 9.56 7.45 8.32 12.56 11.45 16.43 19.93 21.17 26.79 29.05 31.03 32.27 31.90 32.98 29.73 21.75 23.45 16.35 10.88 10.59 10.59 5.33 2.99 3.36 2.26 1.68 3.14 2.56 3.07 3.72 6.50 4.67 2.99 0.00 0.00 4.67 3.87 3.43 3.29 11.97 10.37 9.64 14.31 7.15 10.29 10.29 4.02 4.23 4.23 2.56 4.53 4.23 5.62 8.18 8.40 9.78 10.66 11.68 10.59 11.24 11.02
11.68 10.07 17.96 16.13 22.78 23.51 24.97 18.83 19.98 20.66 22.34 20.00 22.63 12.34 7.01 4.38 5.62 0.22 0.22 0.00 5.26 4.45 8.83 9.86 14.67 12.05 13.80 16.66 17.08 16.94 17.96 16.35 17.59 17.01 20.22 21.17 23.73 22.70 26.24 23.14 17.09 14.16 14.24 14.24 8.54 5.33 3.87 4.38 2.77 4.53 2.41 0.00 0.00 2.77 4.23 3.29 1.75 1.39 3.87 5.40 3.94 4.89 4.89 5.69 3.14 3.94 4.16 0.00 0.00 1.31 1.39 1.61 1.46 3.94 4.96 4.89 5.11 6.86 7.81 8.54 9.34 7.66 10.44 9.49
9.64 8.98 11.53 12.05 10.59 19.20 25.40 19.42 15.35 16.35 15.77 12.92 10.51 12.26 6.50 0.88 0.00 0.00 0.00 0.00 0.00 4.60 4.23 6.72 12.92 16.86 16.13 16.43 15.49 14.98 14.90 14.53 13.70 14.60 13.87 15.77 17.74 22.12 18.98 21.75 17.48 14.31 11.39 11.39 12.34 8.61 9.20 10.00 6.72 3.94 4.96 1.97 1.75 0.00 0.00 0.00 3.14 3.43 3.65 4.60 4.45 4.60 4.23 3.07 0.00 0.00 0.00 0.00 0.00 0.00 0.00 0.00 0.00 0.00 3.07 3.43 3.58 3.50 0.00 2.70 5.77 4.89 7.52 8.83
9.64 8.98 11.53 12.05 10.59 19.20 25.40 19.42 14.97 16.35 15.77 12.92 10.51 12.26 6.50 0.88 0.00 0.00 0.00 0.00 0.00 4.60 4.23 6.72 12.92 16.86 16.13 16.43 15.26 14.45 14.38 14.45 13.29 14.60 13.94 15.85 17.74 22.01 19.17 21.75 17.30 14.31 11.39 11.39 12.34 8.61 9.20 10.00 6.72 3.94 4.96 1.97 1.75 0.00 0.00 0.00 3.14 3.43 3.65 4.60 4.45 4.60 4.23 3.07 0.00 0.00 0.00 0.00 0.00 0.00 0.00 0.00 0.00 0.00 3.07 3.43 3.58 3.50 0.00 2.70 5.77 4.89 7.52 8.83
21.90 12.48 14.09 10.29 14.31 25.04 22.63 22.75 15.04 9.86 11.39 11.75 9.42 4.23 5.62 1.02 0.00 0.00 0.00 0.00 0.00 0.00 2.04 0.00 6.28 14.75 15.77 15.40 13.65 10.95 10.80 12.48 11.61 9.78 10.29 10.15 10.07 15.33 16.95 14.16 14.67 12.56 7.52 7.52 5.99 7.01 9.56 8.91 10.73 9.56 7.30 3.50 3.94 0.00 0.00 3.21 4.23 3.43 5.48 4.16 3.50 2.92 0.00 0.00 0.00 0.15 0.00 0.00 0.00 0.00 0.00 0.00 0.00 0.00 2.12 0.00 0.00 0.00 0.00 0.00 4.31 5.40 7.23 7.01
