Wansh/Snow_depth/snowdepth-1991/winter/1992041.txt
ncols 321
nrows 161
xllcenter 60
yllcenter 15 
cellsize  0.25 
NODATA_value -1
[rows 0 to 36 of 161, columns 168 to 251 of 321]
14.60 11.39 8.76 9.78 8.69 8.47 8.47 8.10 8.76 8.76 8.32 9.34 7.88 8.61 8.76 8.25 8.98 10.51 10.51 13.21 12.34 12.70 10.88 10.80 10.22 7.08 1.68 3.36 0.00 0.00 1.10 1.68 9.34 14.97 16.06 16.06 16.50 15.99 16.64 18.54 18.54 17.96 17.96 24.31 25.55 24.02 26.21 19.13 19.13 19.13 17.16 16.43 19.35 18.69 20.15 19.86 21.02 23.94 25.04 23.65 23.65 23.94 21.68 22.85 24.09 23.58 24.53 22.92 20.15 20.95 18.10 19.13 19.13 18.61 18.54 20.59 22.63 22.34 23.73 24.09 24.38 21.17 20.88 21.46
17.59 15.11 11.83 9.56 9.64 8.54 7.81 7.96 8.25 8.25 9.49 9.27 9.20 8.03 8.40 8.40 10.44 9.86 12.78 12.19 13.72 11.24 11.46 10.80 9.49 0.29 2.85 0.00 0.00 0.00 5.11 4.96 13.36 15.48 15.91 15.91 15.70 22.05 18.61 21.10 24.67 24.09 25.04 27.30 24.75 24.53 24.89 24.97 18.61 21.46 19.56 20.59 19.64 19.49 20.08 21.32 23.21 23.07 24.82 23.51 23.51 23.65 23.65 23.29 23.87 22.19 22.41 23.07 21.83 20.73 20.95 21.02 21.83 21.90 20.95 20.81 20.44 22.27 22.63 19.71 19.56 20.44 15.91 14.82
19.78 16.64 14.75 16.28 13.51 12.63 12.85 10.44 8.40 8.40 8.47 9.42 9.49 9.64 10.22 12.05 11.46 14.38 13.80 13.87 13.36 11.46 12.05 10.00 1.90 0.00 0.00 0.00 0.00 0.00 8.18 7.74 14.24 15.55 16.06 16.06 15.62 18.61 23.36 23.58 22.92 24.38 23.94 24.16 23.51 18.69 17.52 18.10 17.74 19.42 18.76 19.20 18.69 19.71 19.20 20.29 21.46 23.21 23.80 23.73 23.73 24.31 23.51 21.39 21.97 21.53 21.24 20.37 21.02 20.15 20.29 19.86 20.66 18.69 19.20 18.61 17.37 17.01 18.18 18.40 18.03 17.01 17.23 16.79
19.78 16.64 14.75 16.28 13.51 12.63 12.85 10.44 8.40 8.40 8.47 9.42 9.49 9.64 10.22 12.05 11.46 14.38 13.80 13.87 13.36 11.46 12.05 10.00 1.90 0.00 0.00 0.00 0.00 0.00 8.18 7.74 14.24 15.55 16.06 16.06 15.62 18.61 23.36 23.58 22.92 24.38 23.94 24.16 23.51 18.69 17.52 18.10 17.74 19.42 18.76 19.20 18.69 19.71 19.20 20.29 21.46 23.21 23.80 23.73 23.73 24.31 23.51 21.39 21.97 21.53 21.24 20.37 21.02 20.15 20.29 19.86 20.66 18.69 19.20 18.61 17.37 17.01 18.18 18.40 18.03 17.01 17.23 16.79
21.24 19.64 17.81 14.97 15.26 14.53 12.63 13.36 8.98 8.98 9.78 9.34 10.73 11.17 11.10 12.26 14.24 13.72 14.75 11.83 10.29 10.59 6.13 0.07 2.19 0.00 0.00 0.00 0.00 0.00 0.00 11.39 14.09 15.33 18.03 18.03 15.55 19.56 20.73 20.29 21.46 22.05 23.65 22.05 19.42 20.08 18.54 19.78 18.40 18.54 18.54 19.27 19.93 23.87 22.27 21.53 21.83 22.56 21.97 23.07 23.07 22.78 23.21 21.97 22.92 23.29 20.22 18.25 17.89 18.03 18.61 18.76 18.32 17.74 16.13 16.13 16.21 17.59 16.94 18.98 19.13 19.27 18.54 20.08
22.48 21.46 20.95 21.24 19.64 17.96 18.25 18.83 15.84 15.84 16.64 14.82 16.86 16.50 16.21 15.99 15.33 13.29 10.66 11.17 9.27 0.95 0.00 0.00 0.00 0.00 0.00 1.97 0.00 3.87 10.95 13.36 14.97 17.89 15.26 15.26 15.70 20.29 20.88 21.32 21.97 21.68 23.29 23.43 23.51 21.75 22.48 20.00 19.93 20.59 23.14 25.40 25.04 25.33 24.38 23.36 21.83 22.12 21.24 21.61 21.61 22.56 24.31 23.80 23.51 19.86 17.45 17.74 17.37 17.45 17.01 17.01 15.55 15.84 15.55 14.24 14.02 16.57 16.13 15.99 18.91 18.69 18.32 21.10
21.24 24.45 23.65 22.34 22.78 20.29 20.22 19.71 19.42 19.42 15.91 16.57 16.64 18.25 19.20 17.67 16.57 11.46 4.53 5.69 0.00 0.00 0.00 0.00 0.00 0.00 0.00 0.00 4.89 11.10 13.58 14.60 19.05 17.74 21.53 21.53 23.07 20.15 21.10 20.22 20.59 20.95 22.63 22.41 24.45 23.65 26.21 23.94 22.34 25.04 25.04 25.92 26.35 23.65 24.60 23.51 20.88 19.42 21.68 20.81 20.81 23.73 25.04 23.58 24.24 21.24 20.29 18.10 18.40 16.50 14.97 15.04 14.31 12.92 13.07 12.78 12.63 12.26 14.67 16.88 17.11 21.78 23.80 25.95
21.24 24.45 23.65 22.34 22.78 20.29 20.22 19.71 19.42 19.42 15.91 16.57 16.64 18.25 19.20 17.67 16.57 11.46 4.53 5.69 0.00 0.00 0.00 0.00 0.00 0.00 0.00 0.00 4.89 11.10 13.58 14.60 19.05 17.74 21.53 21.53 23.07 20.15 21.10 20.22 20.59 20.95 22.63 22.41 24.45 23.65 26.21 23.94 22.34 25.04 25.04 25.92 26.35 23.65 24.60 23.51 20.88 19.42 21.68 20.81 20.81 23.73 25.04 23.58 24.24 21.24 20.29 18.10 18.40 16.50 14.97 15.04 14.31 12.92 13.07 14.77 17.42 17.65 20.10 28.68 28.26 28.98 30.63 26.92
18.10 22.56 23.94 23.80 22.19 19.49 19.86 18.54 19.13 19.13 19.13 20.00 20.81 20.37 19.56 16.35 10.95 12.26 3.80 0.00 0.00 0.00 0.00 0.00 0.00 5.11 3.65 5.91 9.86 11.61 12.56 17.96 13.72 17.30 21.39 21.39 21.53 22.05 20.73 18.18 18.10 21.61 24.09 23.43 27.01 26.79 28.11 28.18 23.73 23.29 29.93 27.96 25.84 23.80 24.31 19.78 20.29 20.08 22.41 25.04 25.04 24.97 25.33 24.89 23.07 23.21 20.66 17.67 15.48 15.70 14.02 14.38 14.67 12.87 14.69 17.39 19.03 18.80 15.54 23.67 23.17 18.45 19.11 25.57
14.38 16.06 19.49 21.17 20.95 20.51 18.98 19.42 18.32 18.32 20.22 17.01 21.10 17.96 8.98 1.02 5.99 0.00 0.00 0.00 0.00 0.00 0.00 1.75 0.95 3.21 10.80 10.29 12.63 13.07 14.24 15.48 15.48 15.70 19.05 19.05 20.00 18.10 17.96 17.74 18.47 20.88 24.82 26.35 26.72 26.57 28.25 30.30 26.28 26.43 26.06 27.38 25.48 22.63 21.61 21.17 21.17 20.95 27.74 26.79 26.79 25.84 25.48 25.48 21.02 19.13 20.15 14.97 13.94 14.16 14.09 13.87 13.64 18.54 16.78 16.11 15.45 19.24 21.46 19.66 20.10 19.50 20.61 20.83
16.06 13.43 13.36 13.21 14.97 16.86 16.57 17.59 16.79 16.79 13.94 14.53 11.46 6.42 8.32 2.12 0.00 0.00 0.00 0.00 2.77 7.81 8.98 7.74 9.20 11.10 10.66 12.48 11.39 13.07 12.92 13.14 11.32 14.09 16.86 16.86 16.21 19.71 21.10 25.04 26.21 26.57 26.50 25.99 22.70 23.29 23.07 27.59 22.85 24.02 23.29 22.85 22.63 22.48 22.19 23.87 28.84 32.05 31.61 31.54 31.54 29.20 23.94 25.11 18.91 15.26 14.31 14.67 14.24 14.67 14.45 14.60 12.73 12.30 12.57 15.83 17.92 18.10 16.63 17.14 16.81 20.22 18.43 19.47
16.06 13.43 13.36 13.21 14.97 16.86 16.57 17.59 16.79 16.79 13.94 14.53 11.46 6.42 8.32 2.12 0.00 0.00 0.00 0.00 2.77 7.81 8.98 7.74 9.20 11.10 10.66 12.48 11.39 13.07 12.92 13.14 11.32 14.09 16.86 16.86 16.21 19.71 21.10 25.04 26.21 26.57 26.50 25.99 22.70 23.29 23.07 27.59 22.85 24.02 23.29 22.85 22.63 22.48 22.19 23.87 28.84 32.05 31.61 31.54 31.54 29.20 23.94 25.11 18.91 15.26 14.31 14.67 14.24 14.67 14.45 14.60 12.41 12.12 12.19 14.69 15.98 16.76 17.74 17.78 16.81 19.78 20.24 20.82
16.06 15.77 13.43 12.70 12.48 13.51 14.09 8.03 13.21 13.21 10.22 0.00 0.00 0.00 0.00 0.00 0.00 0.00 7.23 10.51 9.71 9.86 9.05 9.86 9.42 9.56 10.07 10.73 9.86 10.80 9.64 11.68 10.80 13.87 13.43 13.43 21.97 20.88 23.94 26.72 26.28 23.87 21.02 19.93 20.08 19.56 14.45 15.99 16.50 19.05 20.37 20.08 16.64 19.49 22.48 21.32 26.50 24.31 28.11 27.45 27.45 28.18 20.08 18.18 15.70 15.91 17.23 15.84 15.26 17.37 15.04 15.33 15.18 12.63 12.43 16.63 16.09 15.98 15.67 18.41 19.37 20.40 20.55 18.42
15.40 16.94 17.30 17.74 15.77 13.21 13.07 8.54 3.43 3.43 0.00 0.44 0.00 0.00 0.00 0.00 0.73 4.96 9.20 9.34 10.22 10.44 9.64 11.61 9.13 9.86 11.39 10.59 11.39 12.05 11.46 11.83 13.51 15.18 15.26 15.26 16.86 17.01 16.43 19.78 17.74 20.51 20.51 16.13 13.58 14.89 13.43 15.11 14.31 16.21 13.58 13.14 15.48 16.72 15.26 18.32 17.45 21.32 19.78 18.69 18.69 20.08 19.64 20.29 20.00 19.71 19.05 19.71 18.47 18.76 16.57 16.79 16.72 16.66 18.62 19.05 14.40 16.32 20.78 16.15 19.81 17.71 17.70 21.31
18.98 18.25 20.08 17.89 18.25 16.94 11.90 13.51 10.66 10.66 11.46 8.32 3.58 4.38 1.75 2.48 5.99 5.77 5.11 7.88 10.66 11.68 12.48 13.87 13.43 13.21 12.78 12.19 11.61 11.61 11.75 11.17 12.05 13.94 14.67 14.67 13.51 13.80 15.62 15.26 16.21 10.66 16.57 14.16 14.16 13.29 13.94 12.92 12.63 12.63 12.26 11.83 12.70 11.53 14.53 15.91 16.57 17.30 17.08 17.96 17.96 16.21 18.76 18.40 19.86 18.54 19.27 19.64 19.20 19.86 20.73 19.20 19.07 20.74 20.27 20.24 20.61 21.20 17.76 18.06 19.30 17.54 19.19 17.78
17.52 19.78 18.83 19.35 16.94 16.21 14.45 14.60 14.60 14.60 13.29 13.65 11.61 9.64 8.25 5.91 6.13 5.69 7.59 10.51 11.68 12.05 13.21 13.58 14.16 13.94 14.02 12.70 12.41 12.78 12.41 12.12 13.07 13.65 13.21 13.21 13.36 13.51 14.31 11.53 10.95 10.95 11.02 12.92 12.70 13.65 13.87 13.51 12.34 10.37 8.91 9.71 11.53 10.95 13.51 13.07 15.91 15.99 14.89 14.82 14.82 14.97 16.79 15.70 17.16 17.59 12.63 15.55 14.75 19.13 20.37 18.06 22.70 19.95 22.90 19.70 20.95 18.04 18.49 19.57 20.64 22.28 20.19 18.56
17.52 19.78 18.83 19.35 16.94 16.21 14.45 14.60 14.60 14.60 13.29 13.65 11.61 9.64 8.25 5.91 6.13 5.69 7.59 10.51 11.68 12.05 13.21 13.58 14.16 13.94 14.02 12.70 12.41 12.78 12.41 12.12 13.07 13.65 13.21 13.21 13.36 13.51 14.31 11.53 10.95 10.95 11.02 12.92 12.70 13.65 13.87 13.51 12.34 10.37 8.91 9.71 11.53 10.95 13.51 13.07 15.91 15.99 14.89 14.82 14.82 14.97 16.79 15.70 17.16 17.59 12.63 15.55 14.75 19.13 20.37 22.18 21.27 21.69 20.56 24.37 21.26 19.95 18.85 17.65 19.95 19.16 21.95 21.08
18.40 17.96 18.54 16.43 16.50 15.77 13.21 10.66 10.73 10.73 10.59 10.80 9.49 8.83 9.13 7.96 7.96 7.96 10.00 13.14 12.19 12.26 12.41 13.07 13.65 12.56 13.94 12.78 12.41 13.07 12.48 13.21 13.72 13.58 13.80 13.80 13.43 12.92 11.83 11.90 11.39 13.80 14.53 13.87 9.64 9.13 13.07 9.20 7.96 8.10 7.96 9.13 10.51 10.80 12.48 11.75 13.94 14.24 14.02 14.09 14.09 13.43 13.51 12.48 8.76 10.37 9.93 13.51 14.45 14.02 19.67 18.14 20.39 20.84 24.37 28.11 22.66 18.72 19.25 22.01 20.12 20.60 22.01 19.28
12.56 14.45 16.28 16.06 15.84 13.80 11.61 11.53 9.78 9.78 9.64 10.95 12.05 11.61 11.32 9.86 10.37 9.64 8.98 11.46 14.45 13.43 12.05 11.90 12.12 12.78 11.39 10.80 11.32 11.17 12.19 12.26 13.65 13.51 13.80 13.80 12.99 13.21 13.07 13.21 13.29 13.21 13.80 10.73 8.91 8.69 8.54 8.76 8.69 11.17 9.86 11.39 10.95 11.17 11.53 10.66 13.36 12.63 14.02 13.36 13.36 11.68 9.71 10.22 8.40 9.05 9.93 9.49 12.99 12.25 17.92 17.70 19.54 20.19 22.56 25.67 23.40 20.27 21.01 21.27 17.58 20.92 20.11 22.11
12.19 11.97 14.24 15.26 15.04 15.70 12.78 12.63 12.48 12.48 12.63 12.48 13.29 14.02 15.48 13.14 13.07 11.02 12.63 14.60 15.04 16.94 13.07 11.32 11.83 11.10 10.95 10.37 9.93 10.80 12.85 12.19 13.14 12.85 13.94 13.94 12.99 12.85 12.41 11.97 12.12 8.10 8.83 8.54 9.20 8.40 8.98 10.73 10.00 11.24 12.56 12.41 9.49 8.61 8.47 9.20 11.75 12.05 12.63 12.85 12.85 11.83 9.93 8.40 8.61 7.08 8.47 8.40 10.51 10.44 13.07 18.91 18.18 21.32 21.90 23.85 25.48 28.23 24.10 21.85 21.40 19.30 17.75 21.01
11.02 10.95 13.65 13.21 13.72 13.21 12.99 12.99 12.78 12.78 13.36 14.75 15.84 16.06 17.16 15.91 13.43 13.72 15.99 16.28 17.45 16.43 12.63 12.70 10.80 9.71 9.71 9.78 10.15 11.75 12.99 14.31 14.75 14.67 14.31 14.31 13.72 14.38 12.12 10.22 5.55 6.57 6.94 7.52 8.76 7.88 8.10 8.03 7.81 9.20 10.51 7.37 8.98 7.45 7.66 9.34 8.91 10.59 11.32 10.51 10.51 10.37 9.13 5.26 5.11 5.18 6.50 7.45 8.54 11.68 11.46 13.43 20.15 19.56 23.19 25.00 28.90 27.97 29.31 22.78 25.03 20.48 20.12 18.52
9.42 8.61 11.83 13.43 12.85 12.78 13.29 14.24 14.67 14.67 13.65 13.72 14.09 13.14 14.89 13.21 13.51 17.16 17.16 16.43 15.91 13.72 14.09 11.53 10.73 9.93 11.02 11.02 11.02 11.68 15.33 17.08 13.94 13.87 13.21 13.21 11.53 4.31 3.94 5.04 4.45 5.55 7.66 7.52 7.88 6.57 5.33 5.33 4.09 5.55 7.96 7.08 8.76 11.68 9.93 10.07 12.19 11.97 12.05 10.15 10.15 5.40 3.52 4.53 3.87 4.38 3.87 5.48 7.59 9.27 11.53 10.80 16.64 19.93 20.07 23.00 29.30 23.94 29.64 23.03 16.99 19.40 22.20 23.40
9.42 8.61 11.83 13.43 12.85 12.78 13.29 14.24 14.67 14.67 13.65 13.72 14.09 13.14 14.89 13.21 13.51 17.16 17.16 16.43 15.91 13.72 14.09 11.53 10.73 9.93 11.02 11.02 11.02 11.68 15.33 17.08 13.94 13.87 13.21 13.21 11.53 4.31 3.94 5.04 4.45 5.55 7.66 7.52 7.88 6.57 5.33 5.33 4.09 5.55 7.96 7.08 8.76 11.68 9.93 10.07 12.19 11.97 12.05 10.15 10.15 5.40 3.52 4.53 3.87 4.38 3.87 5.48 7.59 9.27 11.53 10.80 16.64 19.93 19.27 23.12 22.75 21.06 24.82 26.81 20.78 19.81 17.39 21.59
5.55 5.04 9.05 11.90 10.07 12.99 14.31 13.87 15.04 15.04 14.89 11.83 10.80 12.26 12.48 13.21 12.41 13.94 16.94 18.10 16.94 14.97 13.94 12.19 14.89 14.09 12.85 13.94 17.59 15.62 16.28 17.16 16.21 11.53 10.22 10.22 3.29 4.02 4.74 5.55 6.72 7.45 7.30 7.52 7.37 6.94 5.48 4.89 5.18 7.59 10.80 13.21 12.78 12.70 12.12 11.75 12.41 10.95 11.61 6.42 6.42 3.21 1.02 0.00 0.00 3.72 3.80 6.79 6.79 8.10 9.78 12.19 11.10 17.74 21.10 20.62 22.44 28.56 26.82 27.96 23.56 19.29 20.21 23.40
3.14 2.34 5.77 9.71 11.02 10.73 12.12 13.29 14.97 14.97 13.07 13.87 11.24 11.17 12.26 13.21 13.07 15.11 15.55 16.50 14.89 13.87 14.75 14.89 15.04 15.04 14.24 17.01 17.37 14.09 7.96 14.97 3.43 2.92 3.94 3.94 3.58 4.67 4.67 5.04 5.26 5.55 5.11 7.45 7.23 8.10 3.80 4.23 4.53 2.41 4.60 9.13 9.93 4.45 8.76 7.81 10.73 2.26 2.34 2.70 2.70 2.04 0.00 0.00 1.02 3.94 3.36 7.30 9.27 8.69 10.88 12.12 17.52 16.28 21.34 23.27 21.27 24.42 24.88 22.90 26.77 19.53 24.26 27.95
1.24 4.02 4.45 6.57 5.40 7.37 11.02 14.75 14.24 14.24 14.31 14.45 10.95 11.75 14.09 14.97 15.04 15.26 15.11 15.48 15.70 15.18 15.77 16.86 16.35 15.84 15.70 15.77 16.64 10.37 10.15 3.87 3.80 3.58 4.89 4.89 4.67 4.82 4.74 4.89 4.16 3.21 3.43 6.28 0.80 0.37 0.00 0.44 0.00 0.00 1.10 3.50 0.00 0.80 2.99 0.00 0.00 0.00 0.22 0.00 0.00 0.00 0.00 0.00 0.00 3.72 6.72 6.35 7.81 10.95 10.29 12.12 18.38 22.56 21.86 26.13 23.38 16.81 19.92 22.80 21.85 22.11 21.27 20.30
2.48 2.56 3.50 4.96 5.77 5.26 7.74 6.28 10.80 10.80 13.14 10.00 10.88 13.21 11.75 12.48 14.60 13.51 14.45 16.06 14.31 15.11 15.84 15.33 13.58 12.41 11.17 4.89 6.72 6.79 8.69 7.52 2.56 2.77 3.87 3.87 5.26 5.55 5.18 3.14 2.70 2.85 2.19 2.63 1.10 1.10 0.44 0.00 0.00 0.00 0.00 0.00 0.00 0.00 0.00 0.00 0.00 0.00 0.00 0.00 0.00 0.00 0.00 0.00 0.00 0.00 6.94 7.23 7.08 9.49 13.21 11.90 17.61 22.27 23.57 27.81 25.68 22.27 17.99 17.24 20.02 18.25 19.09 19.39
1.90 2.48 4.09 2.19 2.41 3.72 4.74 6.20 5.55 5.55 6.20 6.64 8.47 5.91 9.27 10.15 7.81 10.51 9.27 11.61 10.15 8.98 7.30 7.52 6.72 7.74 1.39 2.99 3.58 1.97 6.20 4.96 2.92 2.48 3.87 3.87 4.89 5.26 3.50 3.07 2.26 2.56 0.00 1.90 1.24 0.00 1.90 1.46 3.14 1.90 0.00 0.00 0.00 0.00 0.00 0.00 0.00 0.00 0.00 0.00 0.00 0.00 0.00 0.00 0.00 0.00 6.64 7.30 9.13 8.83 13.48 22.21 28.51 22.46 24.19 20.75 24.71 19.71 18.34 17.90 15.79 17.18 15.35 11.91
1.90 2.48 4.09 2.19 2.41 3.72 4.74 6.20 5.55 5.55 6.20 6.64 8.47 5.91 9.27 10.15 7.81 10.51 9.27 11.61 10.15 8.98 7.30 7.52 6.72 7.74 1.39 2.99 3.58 1.97 6.20 4.96 2.92 2.48 3.87 3.87 4.89 5.26 3.50 3.07 2.26 2.56 0.00 1.90 1.24 0.00 1.90 1.46 3.14 1.90 0.00 0.00 0.00 0.00 0.00 0.00 0.00 0.00 0.00 0.00 0.00 0.00 0.00 0.00 0.00 0.00 6.64 7.30 9.13 8.83 13.55 21.98 25.78 25.03 25.82 24.21 28.68 19.07 19.16 17.40 16.70 20.37 14.01 10.11
7.66 7.37 7.52 2.41 2.48 2.19 3.43 5.84 5.18 5.18 5.84 5.62 5.04 4.89 5.77 4.60 3.72 7.74 6.28 6.72 7.01 5.99 4.82 2.70 0.37 0.51 0.15 1.53 2.70 2.19 0.88 1.17 2.19 1.83 1.68 1.68 2.19 1.90 2.48 2.56 4.38 3.14 2.56 0.00 1.90 4.60 5.04 5.77 4.31 2.56 0.44 0.00 0.00 0.00 0.00 0.00 0.00 0.00 0.00 0.00 0.00 0.00 0.00 0.00 0.00 6.06 4.89 8.18 10.49 18.14 13.49 22.12 30.07 26.54 33.13 22.78 13.20 13.64 15.09 15.71 13.51 13.07 11.59 8.73
10.15 10.15 10.44 8.10 8.25 4.38 6.50 7.01 7.37 7.37 5.77 6.13 2.70 5.55 4.89 4.89 6.94 5.62 5.55 9.42 8.54 6.28 2.99 1.75 0.88 0.22 1.97 0.95 1.53 1.75 0.07 0.00 0.00 0.00 0.73 0.73 1.97 2.26 5.26 5.55 5.62 5.26 3.14 5.33 4.74 4.53 4.02 2.63 3.14 0.15 0.00 0.00 0.00 0.00 0.00 0.00 0.00 0.00 0.00 0.00 0.00 0.00 0.00 0.00 0.00 3.72 5.77 5.18 10.00 18.32 23.36 24.16 31.85 28.75 18.48 21.61 13.20 9.80 10.74 14.17 12.82 9.97 8.09 7.83
12.05 12.56 11.68 10.00 6.35 5.91 7.30 6.94 8.10 8.10 6.64 3.58 2.34 0.00 3.80 7.66 5.91 5.84 7.01 9.49 9.34 2.77 3.29 2.34 1.24 2.41 1.10 1.31 0.15 1.24 1.17 0.00 0.00 0.15 0.73 0.73 3.94 6.35 6.64 7.01 5.48 4.82 5.11 3.80 3.80 3.50 0.00 1.39 0.00 0.15 0.00 0.00 0.00 0.37 0.00 0.00 0.00 0.00 0.00 0.00 0.00 0.00 0.00 0.00 0.00 2.26 6.57 12.56 18.32 17.16 22.41 25.61 23.16 28.57 13.98 9.77 10.22 8.02 7.20 6.71 9.73 8.46 7.68 7.65
9.93 10.51 10.22 9.86 10.15 8.32 5.55 7.52 3.36 3.36 2.92 0.00 0.00 2.26 0.00 7.15 6.57 7.08 4.16 4.60 4.23 4.89 3.94 4.89 3.36 4.23 1.75 0.00 0.00 0.00 0.00 0.00 0.00 0.51 5.18 5.18 4.67 6.06 7.08 5.18 4.23 4.23 4.45 4.16 3.36 3.36 3.87 4.31 2.99 0.00 6.13 2.77 0.00 1.90 0.00 0.00 0.00 0.00 0.00 0.00 0.00 0.00 0.22 1.53 4.82 4.53 7.01 12.41 16.35 21.17 20.29 23.23 22.68 13.12 15.61 5.96 5.76 4.93 4.60 1.90 1.33 1.53 4.57 5.34
8.25 7.88 4.60 6.06 6.94 3.21 2.77 2.41 2.99 2.99 0.00 0.00 0.00 0.00 0.00 0.00 3.80 0.00 2.63 4.74 5.84 5.91 7.15 6.20 5.11 4.02 1.90 2.70 0.66 0.00 0.00 0.00 1.75 2.63 4.16 4.16 5.40 5.48 4.31 4.67 4.60 8.18 4.31 4.67 8.25 10.15 8.83 9.78 6.28 13.43 10.51 6.50 3.36 5.48 1.39 2.48 0.00 2.48 0.00 4.45 4.45 2.92 2.41 4.60 6.20 6.94 11.32 10.73 14.75 20.37 21.10 21.10 16.55 7.88 4.60 5.04 2.99 1.98 0.18 0.49 0.00 0.00 0.00 2.36
4.74 3.50 3.65 3.58 0.00 1.75 1.90 1.83 0.00 0.00 0.00 0.00 0.00 0.00 0.00 0.00 0.00 0.00 0.00 3.29 2.70 5.33 6.28 6.42 3.14 3.07 3.14 2.99 0.95 1.39 0.66 1.31 1.53 2.19 3.72 3.72 6.28 5.84 6.06 5.99 9.93 4.82 12.05 14.31 16.13 16.79 16.21 17.45 14.89 12.41 13.14 9.78 9.56 6.86 6.28 6.57 4.89 4.38 6.13 7.15 7.15 7.45 4.96 5.40 4.67 5.99 7.81 13.07 12.34 13.94 17.30 10.78 11.62 4.62 3.47 2.03 2.26 0.43 0.00 0.00 0.00 0.00 0.00 0.00
4.74 3.50 3.65 3.58 0.00 1.75 1.90 1.83 0.00 0.00 0.00 0.00 0.00 0.00 0.00 0.00 0.00 0.00 0.00 3.29 2.70 5.33 6.28 6.42 3.14 3.07 3.14 2.99 0.95 1.39 0.66 1.31 1.53 2.19 3.72 3.72 6.28 5.84 6.06 5.99 9.93 4.82 12.05 14.31 16.13 16.79 16.21 17.45 14.89 12.41 13.14 9.78 9.56 6.86 6.28 6.57 4.89 4.38 6.13 7.15 7.15 7.45 4.96 5.40 4.67 5.99 7.81 13.07 12.34 13.94 17.30 10.73 11.45 4.55 3.47 2.12 2.01 0.41 0.00 0.00 0.00 0.00 0.00 0.00
5.55 3.43 1.90 1.68 0.00 0.00 0.00 0.00 0.00 0.00 0.00 0.00 0.00 0.00 0.00 0.00 0.00 0.00 0.00 2.48 3.29 3.07 4.45 1.97 1.68 2.70 3.14 2.70 2.04 1.02 1.24 1.68 1.90 2.63 6.79 6.79 7.59 8.91 8.18 10.15 11.17 10.15 12.92 14.82 16.86 18.69 15.62 15.70 15.55 12.48 13.51 10.95 11.53 9.78 10.29 6.57 5.84 6.64 5.77 8.40 8.40 8.40 6.20 4.74 5.84 5.48 6.35 9.93 10.29 9.42 8.10 8.10 3.43 1.55 1.61 1.06 0.08 0.00 0.00 0.00 0.00 0.00 0.00 0.00
