Wansh/Snow_depth/snowdepth-1991/winter/1992020.txt
ncols 321
nrows 161
xllcenter 60
yllcenter 15 
cellsize  0.25 
NODATA_value -1
[rows 0 to 36 of 161, columns 84 to 167 of 321]
0.00 0.00 0.00 0.00 0.00 6.06 0.00 5.40 5.33 7.08 0.00 7.30 0.00 0.00 10.44 0.00 0.00 0.00 0.00 7.96 8.40 5.33 0.00 0.00 0.00 0.00 0.00 0.00 0.00 0.00 0.00 3.07 5.99 6.20 9.27 10.73 10.29 8.47 7.23 7.88 7.81 8.03 7.88 7.88 4.38 3.21 2.77 2.04 1.83 2.48 0.00 5.04 4.67 5.55 6.06 4.02 5.62 5.62 5.62 5.62 4.23 4.16 3.87 3.36 3.14 2.77 3.58 3.36 3.36 7.96 7.96 7.96 7.96 7.37 8.25 7.01 9.20 9.93 9.93 10.15 10.15 10.07 10.15 10.00
7.66 6.64 0.00 0.00 0.00 6.06 7.45 7.23 8.32 7.15 7.52 0.00 0.00 0.00 0.00 0.00 0.00 0.00 0.00 0.00 0.00 5.84 0.00 5.69 0.00 0.00 0.00 0.00 0.00 0.44 1.83 1.24 3.14 4.89 6.35 6.06 7.23 7.08 7.96 6.79 6.35 8.32 10.73 10.73 6.94 3.72 0.37 0.44 5.48 2.92 2.85 2.85 2.63 3.14 2.41 2.99 3.87 3.65 6.42 5.33 8.54 6.72 5.77 6.79 3.72 8.25 6.64 6.57 6.57 7.81 6.79 7.45 8.83 8.69 10.22 9.78 10.29 11.53 14.31 11.68 11.02 10.66 12.26 10.51
7.23 5.62 5.62 5.69 5.40 7.59 7.23 8.69 8.25 9.13 0.00 0.00 0.00 0.00 0.00 0.00 0.00 0.00 0.00 0.00 0.00 0.00 5.40 7.96 5.55 5.26 2.26 2.77 0.95 0.95 1.02 0.66 3.07 4.45 7.15 6.79 9.42 10.15 10.88 10.51 7.01 9.05 9.49 9.49 7.74 8.40 10.00 8.54 9.42 4.16 6.06 3.07 2.04 2.34 2.34 2.63 4.67 6.20 9.20 7.66 9.34 9.13 12.12 12.34 12.12 12.26 9.42 13.72 13.72 12.56 8.98 9.71 8.32 8.76 11.90 13.36 15.40 15.99 15.55 16.94 14.97 13.87 13.94 12.63
7.23 5.62 5.62 5.69 5.40 7.59 7.23 8.69 8.25 9.13 0.00 0.00 0.00 0.00 0.00 0.00 0.00 0.00 0.00 0.00 0.00 0.00 5.40 7.96 5.55 5.26 2.26 2.77 0.95 0.95 1.02 0.66 3.07 4.45 7.15 6.79 9.42 10.15 10.88 10.51 7.01 9.05 9.49 9.49 7.74 8.40 10.00 8.54 9.42 4.16 6.06 3.07 2.04 2.34 2.34 2.63 4.67 6.20 9.20 7.66 9.34 9.13 12.12 12.34 12.12 12.26 9.42 13.72 13.72 12.56 8.98 9.71 8.32 8.76 11.90 13.36 15.40 15.99 15.55 16.94 14.97 13.87 13.94 12.63
4.09 5.04 5.04 4.60 4.23 5.04 0.00 0.00 0.00 6.72 6.86 0.00 0.00 3.65 0.00 0.00 0.00 0.00 0.00 0.00 0.00 0.00 0.00 6.06 7.23 7.88 4.53 1.24 0.00 1.83 0.00 1.75 3.29 2.77 4.82 7.66 9.27 8.76 9.56 9.27 9.42 6.64 10.88 10.88 6.13 8.83 9.71 12.34 10.37 7.45 8.69 4.45 2.26 2.48 2.19 1.97 3.36 5.55 4.96 7.52 10.80 12.26 11.61 14.24 17.74 16.86 16.21 15.84 15.84 14.31 12.70 11.24 10.80 12.19 11.68 13.43 12.56 14.31 16.43 15.99 15.77 14.09 13.87 13.51
3.07 5.99 7.45 6.50 5.77 6.13 0.00 0.00 0.00 4.16 4.89 4.89 4.74 3.58 3.72 5.26 8.91 5.84 5.84 8.32 5.99 2.99 2.99 4.45 5.33 6.13 3.65 0.00 2.04 0.00 0.00 2.70 2.56 3.58 5.69 5.91 8.32 7.96 8.69 9.78 8.47 7.30 7.01 7.01 8.25 10.80 8.91 11.90 12.99 10.66 5.62 2.63 3.43 2.41 1.97 2.85 3.72 2.77 4.31 6.42 9.78 11.68 15.84 18.83 18.03 19.64 18.40 15.33 15.33 16.13 12.63 10.80 10.22 13.29 10.80 10.22 10.44 11.75 10.51 10.73 13.87 12.99 14.89 15.77
5.62 4.96 7.30 7.88 7.74 6.72 4.60 3.36 3.65 4.23 4.23 4.74 4.09 4.16 5.99 10.15 9.05 12.26 12.26 10.73 11.61 5.40 3.21 3.21 4.02 2.85 0.00 0.00 0.00 0.00 0.00 0.00 0.00 4.53 5.91 8.69 9.78 9.20 9.71 9.42 8.40 8.25 7.81 7.81 8.25 12.99 12.78 13.80 10.88 12.05 7.01 3.21 3.21 2.63 2.70 3.07 3.72 6.94 8.40 11.02 10.07 11.17 16.72 16.06 18.54 18.10 18.76 16.64 16.64 14.09 15.77 16.06 16.06 15.18 14.16 16.06 12.41 10.88 11.32 10.80 11.02 13.07 12.78 15.18
5.62 4.96 7.30 7.88 7.74 6.72 4.60 3.36 3.65 4.23 4.23 4.74 4.09 4.16 5.99 10.15 9.05 12.26 12.26 10.73 11.61 5.40 3.21 3.21 4.02 2.85 0.00 0.00 0.00 0.00 0.00 0.00 0.00 4.53 5.91 8.69 9.78 9.20 9.71 9.42 8.40 8.25 7.81 7.81 8.25 12.99 12.78 13.80 10.88 12.05 7.01 3.21 3.21 2.63 2.70 3.07 3.72 6.94 8.40 11.02 10.07 11.17 16.72 16.06 18.54 18.10 18.76 16.64 16.64 14.09 15.77 16.06 16.06 15.18 14.16 16.06 12.41 10.88 11.32 10.80 11.02 13.07 12.78 15.18
2.63 3.43 4.89 7.23 6.28 6.64 4.31 2.77 3.07 2.99 4.02 4.02 2.70 4.16 7.96 7.08 10.95 13.21 13.21 12.78 14.09 10.73 11.02 5.04 2.92 3.14 2.99 0.00 2.99 3.36 3.36 3.29 3.21 5.69 10.44 9.78 10.29 10.80 10.59 6.79 8.10 6.42 8.18 8.18 9.49 10.59 8.76 9.34 3.94 4.31 3.29 3.65 2.99 8.03 6.06 5.99 5.40 6.50 7.74 9.93 9.42 11.53 10.51 13.72 14.89 12.26 14.75 14.31 14.31 15.62 15.40 16.21 16.35 16.79 16.72 16.35 14.60 15.40 13.72 11.75 11.53 11.46 10.00 14.09
3.14 2.99 2.77 3.72 3.43 3.43 2.19 3.65 2.26 1.97 3.29 2.85 3.07 2.63 6.50 10.59 10.15 11.90 11.90 13.07 12.85 13.14 9.34 4.60 3.07 2.77 2.77 3.43 3.50 3.14 2.99 2.92 2.92 6.13 5.99 9.49 10.29 10.66 10.07 6.06 6.06 5.26 4.67 4.67 7.15 8.25 4.23 4.31 4.53 6.42 6.50 9.34 10.29 10.29 8.47 10.07 5.62 7.23 8.25 8.40 8.69 9.27 8.98 8.83 8.76 10.00 11.90 13.87 13.87 13.14 15.70 16.06 15.84 16.43 17.16 16.06 16.43 16.79 16.94 15.62 11.39 12.70 9.13 10.00
0.00 1.83 2.04 2.19 2.48 2.34 2.12 0.00 0.00 2.99 5.48 5.18 6.42 8.32 10.88 10.51 13.14 13.94 13.94 14.02 12.92 9.86 10.66 6.42 3.36 3.72 2.77 2.70 3.21 2.41 3.07 3.07 2.19 2.92 4.31 7.01 7.37 6.28 7.15 5.48 7.74 6.28 6.20 6.20 7.66 6.57 6.64 6.57 10.00 9.56 10.95 13.21 18.10 13.14 14.67 9.49 10.73 9.78 10.15 9.05 13.72 11.46 9.42 9.56 11.75 13.80 13.36 13.43 13.43 13.51 14.31 17.01 17.23 20.15 18.61 18.03 18.91 17.81 18.32 15.11 11.68 13.36 11.02 10.51
0.00 1.83 2.04 2.19 2.48 2.34 2.12 0.00 0.00 2.99 5.48 5.18 6.42 8.32 10.88 10.51 13.14 13.94 13.94 14.02 12.92 9.86 10.66 6.42 3.36 3.72 2.77 2.70 3.21 2.41 3.07 3.07 2.19 2.92 4.31 7.01 7.37 6.28 7.15 5.48 7.74 6.28 6.20 6.20 7.66 6.57 6.64 6.57 10.00 9.56 10.95 13.21 18.10 13.14 14.67 9.49 10.73 9.78 10.15 9.05 13.72 11.46 9.42 9.56 11.75 13.80 13.36 13.43 13.43 13.51 14.31 17.01 17.23 20.15 18.61 18.03 18.91 17.81 18.32 15.11 11.68 13.36 11.02 10.51
0.00 0.00 0.00 0.00 0.00 0.00 0.00 0.00 2.48 0.00 4.89 8.32 10.73 10.07 12.26 13.51 13.14 14.89 14.89 13.94 11.61 8.18 8.61 6.13 4.60 4.74 3.43 2.12 3.21 2.92 2.48 6.94 4.16 4.31 7.88 8.83 9.86 8.61 10.66 11.10 10.15 10.15 8.03 8.03 6.86 7.74 9.20 8.91 11.46 14.60 19.13 18.47 18.69 16.86 18.10 11.39 15.40 18.61 17.59 16.06 16.72 13.14 10.66 11.97 12.99 13.36 14.16 15.33 15.33 18.18 19.56 20.81 21.24 21.02 20.22 22.34 19.64 18.25 18.91 15.40 15.77 16.13 14.24 12.99
0.00 0.00 0.00 0.00 0.00 0.00 2.12 4.02 3.50 6.72 8.54 10.73 9.93 14.02 14.45 14.38 14.67 15.04 15.04 11.83 12.41 8.69 7.59 6.13 6.50 4.53 2.85 4.53 6.72 9.56 7.59 7.96 13.51 9.05 14.31 13.14 15.70 15.40 13.87 14.45 12.92 13.36 11.02 11.02 11.32 11.39 9.93 9.93 15.62 15.70 16.94 16.43 17.89 19.49 19.71 19.86 17.52 19.20 16.86 13.14 12.48 13.43 15.04 14.31 14.67 15.70 15.84 14.45 14.45 19.42 21.24 23.29 23.21 23.29 22.05 22.27 20.95 18.32 13.14 12.92 12.34 15.33 11.39 11.68
1.75 0.00 1.90 0.00 2.26 2.63 2.34 3.80 6.86 5.99 8.03 9.64 12.41 11.61 13.94 15.18 15.11 14.82 14.82 13.29 11.02 7.96 8.32 7.01 4.82 6.79 6.42 5.84 7.59 10.15 13.65 15.70 15.77 14.67 14.75 15.70 16.13 15.55 14.45 13.51 13.65 12.56 14.67 14.67 15.48 16.79 17.37 16.94 16.86 16.86 17.59 19.20 21.17 20.73 21.39 25.19 21.61 20.22 14.45 16.21 12.12 11.02 9.20 12.19 14.45 14.67 16.35 14.97 14.97 16.64 17.96 19.56 21.83 20.51 18.76 14.45 12.26 13.14 9.13 0.00 6.64 11.17 10.59 12.70
1.97 2.26 2.34 1.53 0.00 0.00 0.00 0.00 0.00 0.00 4.09 6.28 5.91 8.61 10.29 10.00 13.07 12.70 12.70 11.32 11.61 9.86 8.32 8.47 7.15 7.23 6.94 8.25 10.44 13.14 14.60 15.48 14.60 14.16 14.75 14.24 13.80 15.26 14.97 14.89 16.21 14.89 15.18 15.18 14.16 14.60 14.67 14.02 12.92 15.33 14.60 17.59 18.91 19.49 19.86 20.88 21.68 18.47 13.72 9.05 8.18 8.25 8.61 10.22 11.90 13.72 13.80 17.96 17.96 19.20 20.29 19.86 15.11 15.99 14.38 14.16 11.17 1.46 0.00 0.00 4.23 10.44 12.78 12.26
1.97 2.26 2.34 1.53 0.00 0.00 0.00 0.00 0.00 0.00 4.09 6.28 5.91 8.61 10.29 10.00 13.07 12.70 12.70 11.32 11.61 9.86 8.32 8.47 7.15 7.23 6.94 8.25 10.44 13.14 14.60 15.48 14.60 14.16 14.75 14.24 13.80 15.26 14.97 14.89 16.21 14.89 15.18 15.18 14.16 14.60 14.67 14.02 12.92 15.33 14.60 17.59 18.91 19.49 19.86 20.88 21.68 18.47 13.72 9.05 8.18 8.25 8.61 10.22 11.90 13.72 13.80 17.96 17.96 19.20 20.29 19.86 15.11 15.99 14.38 14.16 11.17 1.46 0.00 0.00 4.23 10.44 12.78 12.26
2.48 0.00 0.00 1.02 0.00 0.00 0.00 0.00 0.00 0.00 0.00 4.45 8.03 6.94 9.86 11.39 11.32 9.71 9.71 10.66 8.47 7.45 7.88 7.59 6.79 8.98 8.61 11.53 11.97 12.19 13.94 15.84 13.14 14.02 16.72 14.60 13.65 14.75 11.61 13.65 15.04 14.67 15.33 15.33 13.14 12.48 11.75 11.17 11.53 12.63 9.93 12.70 11.90 15.91 16.57 20.51 19.35 14.16 14.24 11.39 12.48 12.34 14.97 15.91 12.85 14.67 13.80 17.96 17.96 18.91 21.83 19.35 16.86 16.28 15.99 9.93 11.46 2.19 0.15 6.20 4.82 9.05 9.56 12.34
0.00 0.00 0.00 0.00 0.00 1.46 1.68 1.75 0.00 1.83 2.92 4.16 3.80 8.69 8.98 10.22 9.71 11.24 11.24 8.25 8.98 6.94 6.94 6.28 9.05 10.22 11.68 11.53 12.63 12.12 12.99 16.94 17.45 17.81 18.61 16.06 13.43 10.37 8.40 9.86 11.83 11.10 11.02 11.02 11.97 10.80 11.32 9.86 9.27 5.84 7.66 10.07 12.41 15.40 15.62 18.76 19.13 19.35 16.94 15.84 21.90 23.65 20.44 21.17 18.32 18.91 13.87 17.37 17.37 23.00 24.60 21.75 17.81 11.90 11.46 7.88 9.49 3.94 3.58 5.26 6.79 9.13 8.61 10.73
0.00 0.00 0.00 0.00 1.90 2.34 2.26 1.83 2.41 2.70 2.19 4.16 6.50 5.69 8.03 8.18 7.45 9.86 9.86 9.64 10.15 7.45 8.61 8.40 10.29 9.49 11.46 11.32 12.26 8.83 9.42 8.54 15.55 15.91 10.80 9.86 7.30 8.76 6.86 2.56 4.38 6.50 10.66 10.66 12.26 11.39 10.15 7.45 7.45 7.52 6.79 15.33 14.38 12.99 18.18 20.59 21.90 24.97 24.60 25.77 25.55 25.40 23.29 22.41 19.27 18.91 23.43 25.48 25.48 25.40 25.99 9.93 10.73 9.86 7.81 4.31 3.87 4.02 3.94 2.85 5.26 7.01 8.03 7.59
3.07 2.41 2.04 3.94 2.41 2.70 3.94 3.50 4.16 4.96 7.45 8.76 8.83 7.88 5.99 6.35 6.13 7.45 7.45 10.15 10.15 9.49 9.93 8.69 8.40 13.14 12.70 13.65 8.83 6.86 5.26 6.64 6.50 7.23 9.34 7.37 1.90 0.73 0.00 0.00 1.68 3.21 8.32 8.32 11.46 9.64 10.44 11.75 13.80 18.10 17.81 18.03 16.94 15.70 22.41 23.58 25.92 25.11 24.45 25.19 22.48 24.97 24.89 23.36 21.90 20.15 23.07 19.27 19.27 14.09 8.61 5.69 6.42 2.77 3.21 2.41 1.68 1.75 1.83 1.46 3.72 3.65 7.01 5.77
2.48 4.23 3.72 4.23 4.16 3.80 3.72 5.69 7.37 8.47 8.18 10.00 10.51 10.80 9.13 7.23 8.98 8.10 8.10 10.22 9.64 11.10 13.43 13.87 14.75 17.67 16.06 15.70 10.51 4.31 7.52 5.40 4.89 4.89 6.94 2.19 1.46 0.00 0.00 0.00 0.00 4.45 4.96 4.96 6.20 5.62 8.91 10.95 8.25 13.21 16.57 12.26 19.05 18.03 22.27 21.46 23.80 25.11 23.36 17.74 19.27 22.27 19.13 22.85 22.05 23.87 22.85 20.08 20.08 14.97 8.54 12.63 8.25 3.58 2.85 3.50 2.99 3.36 1.75 2.12 3.21 2.77 4.45 3.87
2.48 4.23 3.72 4.23 4.16 3.80 3.72 5.69 7.37 8.47 8.18 10.00 10.51 10.80 9.13 7.23 8.98 8.10 8.10 10.22 9.64 11.10 13.43 13.87 14.75 17.67 16.06 15.70 10.51 4.31 7.52 5.40 4.89 4.89 6.94 2.19 1.46 0.00 0.00 0.00 0.00 4.45 4.96 4.96 6.20 5.62 8.91 10.95 8.25 13.21 16.57 12.26 19.05 18.03 22.27 21.46 23.80 25.11 23.36 17.74 19.27 22.27 19.13 22.85 22.05 23.87 22.85 20.08 20.08 14.97 8.54 12.63 8.25 3.58 2.85 3.50 2.99 3.36 1.75 2.12 3.21 2.77 4.45 3.87
2.63 3.65 3.87 3.87 3.80 0.00 5.26 4.67 7.23 7.52 8.61 9.13 10.51 11.90 14.16 10.73 11.46 9.34 9.34 11.32 12.26 14.31 15.40 16.21 17.59 17.08 16.13 16.64 6.64 10.73 7.30 4.45 3.80 2.12 1.39 1.61 0.73 0.00 0.00 0.00 1.83 1.46 1.83 1.83 3.50 2.92 0.00 3.58 4.23 6.64 2.63 6.72 12.63 11.02 13.87 15.91 10.59 9.86 11.17 10.44 15.48 13.65 16.57 20.44 22.63 22.19 23.07 20.00 20.00 16.86 17.45 17.08 11.97 7.81 9.27 5.48 2.63 1.53 1.90 1.75 1.68 2.26 2.92 2.92
4.67 4.89 4.74 5.69 7.23 5.26 8.69 8.25 8.98 9.20 8.25 7.23 8.83 12.41 11.53 13.21 12.26 11.17 11.17 11.75 15.18 17.08 16.35 16.69 16.58 18.23 16.74 15.77 16.06 7.01 8.83 10.73 6.57 2.70 0.51 1.31 0.00 0.00 0.00 0.00 0.00 1.90 1.83 1.83 1.31 0.00 0.00 0.00 0.00 0.00 0.00 2.77 5.99 5.04 5.77 4.60 5.11 6.42 9.05 11.46 12.78 12.26 14.02 13.72 20.95 18.83 14.67 16.21 16.21 18.69 18.10 18.32 12.12 12.92 10.00 5.91 2.19 1.39 1.31 1.90 2.12 1.90 0.00 1.46
5.99 5.62 6.57 6.20 8.83 10.29 9.20 9.27 9.49 8.91 7.74 8.40 6.94 4.02 7.01 10.15 10.07 12.05 12.05 13.21 13.51 15.84 15.26 17.38 19.61 16.76 17.25 18.06 13.21 16.64 12.92 13.72 9.93 4.74 5.99 2.12 1.02 3.50 1.53 0.22 2.34 1.90 2.12 2.12 1.75 0.00 1.53 0.00 0.00 0.00 0.00 0.00 2.12 0.00 3.65 3.87 4.16 3.72 6.20 10.73 12.41 11.46 11.24 11.32 12.05 10.44 11.75 13.21 13.21 15.62 15.99 12.92 10.07 6.79 6.72 4.60 5.40 2.85 4.67 3.07 3.43 1.97 0.00 0.15
6.64 6.94 6.28 8.03 7.45 9.34 8.69 9.13 5.04 0.00 0.00 1.17 1.68 3.14 0.00 5.11 6.42 10.22 10.22 12.12 8.18 13.27 9.71 12.79 17.10 16.04 19.47 17.99 20.32 19.22 15.33 18.54 13.80 9.71 10.80 5.26 8.32 5.26 2.77 2.12 1.83 1.97 1.90 1.90 0.00 0.00 0.00 0.00 0.00 0.00 0.00 0.00 3.58 3.72 3.87 0.00 3.80 3.29 4.89 7.66 9.49 11.02 11.46 13.58 10.51 11.46 10.07 11.90 11.90 19.42 18.47 13.87 11.61 12.56 10.66 9.13 7.81 8.91 5.26 3.72 1.83 0.44 0.51 1.39
6.86 6.64 6.64 6.72 5.84 8.40 9.56 9.86 7.81 0.00 0.00 0.00 0.00 0.00 2.19 4.09 8.83 7.88 7.88 5.73 6.19 0.00 5.12 7.45 13.64 17.01 14.37 16.66 21.07 20.28 21.72 21.17 18.83 14.75 16.43 11.90 7.15 7.23 4.31 2.34 2.56 2.70 2.56 2.56 0.00 0.00 0.00 0.00 0.00 0.00 0.00 1.75 2.48 2.92 0.00 0.00 3.58 4.53 6.42 10.29 9.13 11.02 12.48 15.33 12.48 20.51 21.17 21.83 21.83 22.12 21.24 14.31 14.82 12.63 11.02 10.29 7.52 4.09 4.09 4.53 2.19 0.95 1.83 1.39
6.86 6.64 6.64 6.72 5.84 8.40 9.56 9.86 7.81 0.00 0.00 0.00 0.00 0.00 2.19 4.09 8.83 7.88 7.92 5.92 6.29 0.00 4.99 7.64 13.43 17.01 13.94 15.48 19.69 20.59 21.94 22.05 21.16 15.60 16.85 11.90 7.15 7.23 4.31 2.34 2.56 2.70 2.56 2.56 0.00 0.00 0.00 0.00 0.00 0.00 0.00 1.75 2.48 2.92 0.00 0.00 3.58 4.53 6.42 10.29 9.13 11.02 12.48 15.33 12.48 20.51 21.17 21.83 21.83 22.12 21.24 14.31 14.82 12.63 11.02 10.29 7.52 4.09 4.09 4.53 2.19 0.95 1.83 1.39
7.66 7.52 7.01 4.89 5.33 5.18 10.88 10.51 12.05 10.59 11.39 3.29 0.00 4.96 9.78 12.78 11.17 9.56 9.56 7.15 5.40 0.00 0.00 0.00 0.00 7.37 8.85 13.28 17.81 19.44 19.02 19.52 21.82 20.92 18.51 16.79 17.33 9.56 6.06 4.09 4.38 2.77 2.34 2.34 0.95 0.00 0.00 0.00 2.92 3.94 3.58 0.00 0.00 0.00 0.00 0.00 0.00 0.00 5.77 8.69 7.08 11.10 10.07 13.80 19.42 22.19 20.81 20.88 20.88 17.96 16.79 13.87 14.89 11.24 10.95 11.46 8.03 6.57 5.40 5.48 1.17 1.90 1.10 2.34
9.42 8.91 8.32 6.06 6.42 4.89 8.25 7.23 13.07 14.02 11.53 12.63 8.10 8.69 7.88 10.80 13.21 13.29 13.29 6.68 4.89 0.00 0.00 0.00 9.02 6.08 3.80 8.70 12.96 15.63 12.78 16.28 17.59 18.96 20.88 21.62 20.23 15.55 10.59 6.64 4.82 5.33 3.36 3.36 1.90 2.34 1.46 0.00 2.19 2.77 3.72 3.65 4.09 3.29 0.00 0.00 0.00 0.00 3.72 3.50 5.40 8.25 11.32 11.68 14.45 21.83 21.53 17.30 17.30 16.21 16.06 13.72 7.96 9.78 10.66 6.94 7.15 6.94 5.04 4.38 3.80 3.50 5.69 4.82
9.86 10.22 10.22 9.86 8.61 6.06 7.08 11.61 10.51 13.80 13.65 11.17 9.34 8.40 5.33 6.50 11.75 7.88 7.88 6.94 7.88 4.53 0.00 0.00 0.00 2.19 0.00 5.60 9.89 10.22 11.10 13.29 17.16 16.57 19.67 20.39 21.90 18.32 15.11 11.90 13.36 8.98 5.33 5.33 2.19 2.26 1.97 1.39 1.46 2.26 2.99 3.07 2.70 3.36 2.85 0.00 0.00 0.00 0.00 0.00 4.23 6.28 10.00 9.71 14.67 13.29 12.78 12.99 12.99 13.94 13.72 6.20 6.06 6.13 4.09 5.55 5.69 5.84 6.42 7.08 8.76 7.96 8.61 7.01
9.78 9.05 11.75 10.66 8.69 9.27 8.47 10.73 13.94 13.94 11.17 8.18 8.25 6.64 7.01 4.82 2.77 4.89 4.89 5.69 4.82 6.35 5.99 4.23 3.94 2.48 0.00 4.48 7.15 8.61 10.15 11.75 10.80 14.24 17.81 18.32 20.60 20.27 17.95 17.84 14.97 9.64 5.99 5.99 3.72 4.31 2.41 1.53 2.04 0.00 0.00 2.41 0.00 3.29 2.85 0.00 0.00 0.00 2.56 2.19 4.02 3.94 6.72 6.94 8.40 9.05 9.56 4.45 4.45 4.31 2.70 3.07 2.99 0.00 2.92 4.16 4.96 7.01 7.66 7.96 7.96 9.42 8.98 9.78
5.62 9.86 6.72 8.98 8.61 11.02 11.68 11.97 11.58 14.16 14.97 12.92 9.27 6.13 3.14 1.17 1.53 0.66 0.66 0.00 0.00 5.69 7.08 6.06 5.33 4.38 7.45 7.96 8.10 8.03 8.25 9.64 9.27 12.12 15.70 14.67 17.89 17.96 18.08 18.34 16.14 12.48 10.15 10.15 10.88 6.50 3.50 5.91 3.50 0.00 2.12 2.19 0.00 0.00 3.21 0.00 0.00 0.00 0.00 4.67 5.04 4.38 5.55 4.53 4.02 3.72 2.34 2.12 2.12 0.88 1.46 0.00 0.00 2.12 2.12 0.00 4.23 5.33 3.72 5.84 4.74 4.67 7.74 8.40
0.00 0.00 0.00 6.79 11.10 10.15 12.63 12.78 9.36 6.79 10.51 9.05 4.96 2.19 4.16 1.39 0.00 0.00 0.00 0.00 0.00 2.77 1.75 2.48 5.48 6.13 7.37 7.74 7.93 7.41 7.87 8.66 7.22 8.10 9.78 8.98 14.97 14.53 16.72 15.33 14.45 12.85 11.61 11.61 12.12 9.13 8.40 8.83 5.91 8.10 3.87 3.58 1.75 0.00 0.00 0.00 0.00 0.00 0.00 4.16 4.96 0.00 4.74 4.38 3.43 0.00 0.00 1.39 1.39 0.00 0.00 0.00 0.00 0.00 0.00 2.92 3.07 0.00 0.00 0.00 2.92 6.06 5.99 5.04
0.00 0.00 0.00 6.79 11.10 10.15 12.63 12.78 9.13 6.79 10.51 9.05 4.96 2.19 4.16 1.39 0.00 0.00 0.00 0.00 0.00 2.77 1.75 2.48 5.48 6.13 7.37 7.74 7.81 7.15 7.59 8.61 7.01 8.10 9.83 9.02 14.97 14.45 16.89 15.33 14.31 12.85 11.61 11.61 12.12 9.13 8.40 8.83 5.91 8.10 3.87 3.58 1.75 0.00 0.00 0.00 0.00 0.00 0.00 4.16 4.96 0.00 4.74 4.38 3.43 0.00 0.00 1.39 1.39 0.00 0.00 0.00 0.00 0.00 0.00 2.92 3.07 0.00 0.00 0.00 2.92 6.06 5.99 5.04
4.16 0.00 2.70 0.00 7.08 14.75 13.80 10.75 6.74 7.23 6.28 5.91 5.55 1.68 1.31 0.00 0.00 0.00 0.00 0.00 0.00 0.00 0.00 0.00 2.12 5.40 7.15 7.30 7.30 7.01 7.37 7.45 6.94 6.94 6.72 6.79 9.56 10.44 12.18 9.05 9.71 10.07 10.15 10.15 7.52 9.42 9.42 8.54 9.27 6.64 5.18 5.77 3.36 2.04 0.00 0.00 0.00 3.07 2.85 3.87 3.58 0.00 3.65 0.00 0.00 0.00 0.00 0.00 0.00 0.00 0.00 0.00 0.00 0.00 0.00 0.00 0.00 0.00 0.00 0.00 0.00 2.41 3.43 3.36
