Wansh/Snow_depth/snowdepth-1991/winter/1992028.txt
ncols 321
nrows 161
xllcenter 60
yllcenter 15 
cellsize  0.25 
NODATA_value -1
[rows 37 to 73 of 161, columns 0 to 83 of 321]
0.00 0.00 0.00 4.45 0.00 3.80 7.30 11.17 12.56 13.65 14.02 13.29 13.72 13.58 13.29 14.89 13.72 14.09 12.70 14.02 12.78 11.02 9.78 10.37 10.66 12.12 12.12 17.74 18.69 18.54 16.57 15.48 15.62 17.81 16.86 16.79 16.57 17.16 18.18 16.43 16.43 17.08 16.50 16.79 14.02 15.11 10.07 8.03 6.50 7.08 8.32 8.32 7.52 10.29 8.10 0.00 0.00 0.00 0.00 0.00 0.00 0.00 1.53 0.00 0.00 1.46 0.80 0.00 0.15 1.53 1.10 3.14 4.82 5.91 5.26 8.54 8.54 12.19 13.72 15.77 12.99 14.16 17.74 15.40
0.00 0.00 0.00 0.00 0.00 7.52 7.52 10.44 12.05 12.78 10.88 11.17 11.75 12.56 13.51 14.24 14.02 13.94 13.21 13.87 10.59 11.32 9.71 12.85 11.97 13.29 13.29 16.06 17.89 15.77 15.55 17.59 18.61 19.42 19.13 20.44 20.66 18.91 19.42 17.30 19.05 18.61 17.16 17.81 16.28 12.99 9.49 10.44 7.81 7.74 8.98 8.98 11.39 10.51 9.05 0.00 0.00 0.00 0.00 0.00 0.00 0.00 0.00 0.00 0.00 0.00 0.15 0.00 0.37 3.36 5.04 4.31 6.72 6.42 8.91 11.53 11.53 10.66 13.21 16.13 18.54 19.13 19.35 17.89
0.00 0.00 0.00 0.00 0.00 4.45 6.50 7.15 9.64 5.91 7.37 9.78 10.29 7.23 10.29 12.78 8.61 10.37 10.22 9.56 9.13 13.21 12.85 13.87 11.75 13.65 13.65 14.09 9.20 13.94 14.02 15.91 17.52 18.98 20.81 21.39 20.51 19.64 18.83 18.76 18.91 19.05 17.52 18.40 16.06 12.85 11.10 7.81 7.59 7.59 6.64 6.64 9.86 8.83 5.26 6.06 2.26 0.00 0.00 0.00 0.00 0.00 0.00 0.00 0.00 0.00 0.00 1.39 1.39 4.89 8.47 8.98 9.56 9.56 10.22 11.02 11.02 14.09 13.51 16.13 17.81 17.74 17.74 17.52
0.00 0.00 0.00 0.00 0.00 0.00 3.50 1.53 2.77 3.87 3.43 3.43 3.50 2.92 6.35 7.96 4.60 7.01 4.82 8.69 7.74 9.05 9.05 12.92 8.61 9.93 9.93 6.13 5.69 10.22 10.44 13.51 15.91 16.50 20.15 21.83 21.39 14.53 16.21 16.94 11.75 17.01 17.16 17.81 15.18 13.94 10.07 8.18 5.91 5.26 5.55 5.55 6.79 8.03 7.01 2.85 4.67 0.00 0.00 0.00 0.00 0.00 0.00 0.00 0.00 0.00 0.00 3.36 7.45 9.27 9.86 9.05 11.83 16.06 14.16 13.29 13.29 14.45 15.99 16.86 17.01 16.13 14.75 16.43
0.00 0.00 0.00 0.00 0.00 0.00 0.00 0.00 0.00 0.95 0.00 0.00 0.00 0.00 0.00 1.46 1.61 2.48 4.16 6.79 3.94 5.26 4.53 3.14 6.13 1.83 1.83 1.83 1.61 0.29 6.06 10.73 7.08 10.44 13.43 18.40 8.76 8.10 12.26 12.48 7.37 11.39 11.75 15.40 14.16 12.78 12.92 10.29 10.51 6.57 6.35 6.35 7.66 6.64 8.98 5.40 0.00 1.17 0.00 0.00 0.00 0.00 0.00 0.00 0.00 0.00 3.07 2.63 7.74 9.71 8.61 10.15 9.34 14.38 14.60 12.99 12.99 11.68 11.68 10.07 10.80 12.19 14.38 13.72
0.00 0.00 0.00 0.00 0.00 0.00 0.00 0.00 0.00 0.00 0.00 0.00 0.00 0.00 0.00 1.53 2.85 4.45 4.02 5.84 1.10 0.66 0.00 2.70 0.00 0.00 0.00 0.00 0.00 0.00 1.68 2.63 4.67 3.72 0.66 0.00 2.48 1.39 4.23 6.13 5.33 8.54 9.78 12.56 13.43 12.05 11.68 11.02 11.02 9.49 7.96 7.96 7.59 9.05 7.96 7.30 1.97 1.68 0.00 0.00 0.00 0.00 0.00 0.00 0.00 0.00 1.75 4.02 6.79 8.98 7.88 8.69 11.61 10.80 11.97 8.18 8.18 8.25 6.94 7.01 6.79 10.37 13.13 14.08
0.00 0.00 0.00 0.00 0.00 0.00 0.00 0.00 0.00 0.00 0.00 0.00 0.00 0.00 0.00 0.73 1.10 2.04 0.00 0.00 0.00 0.00 0.00 0.00 0.00 0.00 0.00 0.00 0.00 0.00 0.00 0.22 1.39 1.24 0.00 0.00 0.00 0.66 3.36 5.26 3.07 6.50 5.77 10.07 9.13 10.37 8.69 9.05 8.98 6.86 7.66 7.66 4.53 7.08 8.54 7.96 5.04 4.53 2.41 0.00 0.00 0.00 0.73 0.00 0.00 0.00 0.95 2.85 2.99 0.00 5.55 5.04 6.28 6.72 4.38 4.74 4.74 2.99 2.12 2.48 4.53 3.72 6.35 10.66
0.00 0.00 0.00 0.00 0.00 0.00 0.00 0.00 0.00 0.00 0.00 0.00 0.00 0.00 0.37 0.00 0.00 0.00 0.00 0.00 0.00 0.00 0.00 0.00 0.00 0.00 0.00 0.00 0.00 0.00 0.00 0.00 0.00 1.02 1.68 1.39 2.34 0.58 0.00 1.46 0.88 2.77 3.65 8.10 7.37 10.29 7.96 7.66 3.14 3.43 3.50 3.50 2.85 6.13 9.13 15.18 9.20 10.22 7.96 1.61 2.04 1.68 2.63 1.02 1.83 3.80 4.38 4.23 5.18 0.00 0.00 2.04 1.31 0.95 0.58 0.00 0.00 0.00 0.00 0.00 2.34 4.60 6.64 9.02
0.00 0.00 0.00 0.00 0.00 0.00 0.00 0.00 0.00 0.00 0.00 0.00 0.00 0.00 0.00 0.00 0.00 0.00 0.00 0.00 0.00 0.00 0.00 0.00 0.00 0.00 0.00 0.00 0.00 0.00 0.00 0.00 0.00 0.00 0.66 1.61 1.61 1.46 0.51 3.36 0.95 0.73 1.02 5.33 4.31 7.01 6.57 7.01 2.63 1.31 3.07 3.07 6.79 6.13 8.61 20.44 14.45 12.41 12.92 11.39 3.94 2.77 2.26 2.48 7.52 9.64 10.51 9.71 10.37 7.81 8.03 8.10 5.84 3.94 3.94 3.65 3.65 2.70 4.82 7.52 8.76 8.91 7.81 9.56
0.00 0.00 0.00 0.00 0.00 0.00 0.00 0.00 0.00 0.00 0.00 0.00 0.00 0.00 0.00 0.00 0.00 0.00 0.00 0.00 0.00 0.00 0.00 0.00 0.00 0.00 0.00 0.00 0.00 0.00 0.00 0.00 0.00 0.00 0.66 1.61 1.61 1.46 0.51 3.36 0.95 0.73 1.02 5.33 4.31 7.01 6.57 7.01 2.63 1.31 3.07 3.07 6.79 6.13 8.61 20.44 14.45 12.41 12.92 11.39 3.94 2.77 2.26 2.48 7.52 9.64 10.51 9.71 10.37 7.81 8.03 8.10 5.84 3.94 3.94 3.65 3.65 2.70 4.82 7.52 8.76 8.91 7.81 9.66
0.00 0.00 0.00 0.00 0.00 0.00 0.00 0.00 0.00 0.00 0.00 0.00 0.00 0.00 0.00 0.00 0.00 0.00 0.00 0.00 0.00 0.00 0.00 0.00 0.00 0.00 0.00 0.00 0.00 0.00 0.00 0.00 0.00 0.00 0.00 1.02 2.19 4.45 5.62 5.33 4.53 4.31 1.46 1.39 0.66 3.72 1.02 0.00 1.02 2.26 3.87 3.87 9.05 14.53 25.26 23.21 29.13 20.08 15.99 12.26 12.85 5.48 5.04 10.51 14.67 14.24 16.72 14.97 12.12 11.02 11.02 11.02 9.64 8.98 8.54 5.62 5.62 6.20 6.28 9.93 12.56 14.16 14.02 14.53
0.00 0.00 0.00 0.00 0.00 0.00 0.00 0.00 0.00 0.00 0.00 0.00 0.00 0.00 0.00 0.00 0.00 0.00 0.00 0.00 0.00 0.00 0.00 0.00 0.00 0.00 0.00 0.00 0.00 0.00 0.00 0.00 0.00 0.00 0.00 0.00 0.88 3.21 4.09 5.77 7.52 5.18 4.67 0.00 0.00 3.65 0.44 1.90 5.40 5.40 4.82 4.82 10.07 19.35 28.11 26.94 26.50 26.21 19.42 13.21 9.71 9.86 6.86 11.02 13.87 12.19 13.14 16.94 13.65 11.17 10.80 10.88 10.66 11.83 12.26 11.83 11.83 11.10 11.10 11.46 12.34 16.57 19.49 20.59
0.00 0.00 0.00 0.00 0.00 0.00 0.00 0.00 0.00 0.00 0.00 0.00 0.00 0.00 0.00 0.00 0.00 0.00 0.00 0.00 0.00 0.00 0.00 0.00 0.00 0.00 0.00 0.00 0.00 0.00 0.00 0.00 0.00 0.00 0.00 0.00 0.58 1.31 0.00 0.00 10.44 9.49 10.07 6.42 8.47 8.61 3.94 10.59 9.05 12.26 13.14 13.14 12.34 15.40 23.14 20.00 15.84 16.06 18.83 12.48 11.61 10.22 9.93 9.71 10.51 8.32 2.63 0.00 8.03 3.43 1.39 5.04 12.12 10.73 15.04 17.67 17.67 16.86 15.18 15.18 13.07 16.22 15.41 18.87
0.00 0.00 0.00 0.00 0.00 0.00 0.00 0.00 0.00 0.00 0.00 0.00 0.00 0.00 0.00 0.00 0.00 0.00 0.00 0.00 0.00 0.00 0.00 0.00 0.00 0.00 0.00 0.00 0.00 0.00 0.00 0.00 0.00 0.00 0.00 0.15 0.07 0.00 0.00 0.00 7.96 14.02 15.40 11.61 12.78 10.73 11.75 11.68 12.19 12.26 14.45 14.45 14.60 17.67 17.16 16.35 16.06 19.78 14.75 14.53 14.97 13.07 8.40 6.13 6.72 5.33 0.00 0.00 0.00 0.00 0.00 0.00 7.37 16.72 19.35 21.02 21.02 21.10 20.81 18.91 14.09 14.97 16.43 16.59
0.00 0.00 0.00 0.00 0.00 0.00 0.00 0.00 0.00 0.00 0.00 0.00 0.00 0.00 0.00 0.00 0.00 0.00 0.00 0.00 0.00 0.00 0.00 0.00 0.00 0.00 0.00 0.00 0.00 0.00 0.00 0.00 0.00 0.00 0.58 0.00 0.00 0.00 0.00 0.00 11.75 11.32 14.38 9.05 11.53 11.39 11.17 10.15 12.85 12.19 14.60 14.60 15.33 16.94 19.49 18.32 19.56 24.45 24.75 18.98 16.43 18.10 12.92 8.32 2.99 0.00 0.00 0.00 0.00 0.00 0.00 11.75 8.91 14.60 17.59 17.30 17.30 16.21 16.50 16.94 14.45 11.24 12.05 10.66
0.00 0.00 0.00 0.00 0.00 0.00 0.00 0.00 0.00 0.00 0.00 0.00 0.00 0.00 0.00 0.00 0.00 0.00 0.00 0.00 0.00 0.00 0.00 0.00 0.00 0.00 0.00 0.00 0.00 0.00 0.00 0.00 0.00 0.15 0.00 0.00 0.00 0.00 0.00 5.77 9.93 8.98 7.96 7.37 9.86 10.95 11.53 9.93 12.12 13.72 13.36 13.36 15.48 15.77 18.32 22.05 24.38 23.51 23.21 23.58 19.93 15.55 17.81 15.62 16.21 8.69 8.69 9.71 9.71 10.29 11.68 16.28 17.74 15.18 14.75 14.82 14.82 12.78 12.48 14.45 10.59 10.44 11.10 12.63
0.00 0.00 0.00 0.00 0.00 0.00 0.00 0.00 0.00 0.00 0.00 0.00 0.00 0.00 0.00 0.00 0.00 0.00 0.00 0.00 0.00 0.00 0.00 0.00 0.00 0.00 0.00 0.00 0.00 0.00 0.00 0.00 0.00 0.37 0.00 0.00 0.00 0.00 2.99 5.55 8.47 8.18 7.37 10.07 11.17 11.24 11.68 9.78 6.86 11.32 9.93 9.93 13.29 12.78 15.18 16.64 20.73 21.32 20.88 21.17 22.34 20.66 19.56 20.08 20.08 20.51 14.60 14.97 13.94 14.60 13.80 15.18 18.25 12.78 10.29 8.91 8.91 9.20 7.23 8.69 7.66 9.93 10.66 11.84
0.00 0.00 0.00 0.00 0.00 0.00 0.00 0.00 0.00 0.00 0.00 0.00 0.00 0.00 0.00 0.00 0.00 0.00 0.00 0.00 0.00 0.00 0.00 0.00 0.00 0.00 0.00 0.00 0.00 0.00 0.00 0.00 0.00 0.00 0.00 0.00 0.00 0.00 1.24 3.87 8.40 7.66 8.83 9.20 10.88 5.69 7.37 8.10 3.43 7.37 7.81 7.81 7.88 12.56 12.26 13.21 18.10 20.22 20.95 21.46 21.75 22.27 20.66 19.42 19.35 21.17 20.73 21.75 25.99 17.59 15.26 15.70 15.33 15.04 10.15 6.57 6.57 5.11 6.35 8.10 10.59 10.37 10.51 9.54
0.00 0.00 0.00 0.00 0.00 0.00 0.00 0.00 0.00 0.00 0.00 0.00 0.00 0.00 0.00 0.00 0.00 0.00 0.00 0.00 0.00 0.00 0.00 0.00 0.00 0.00 0.00 0.00 0.00 0.00 0.00 0.00 0.00 0.00 0.00 0.00 0.29 0.95 4.23 2.85 7.88 7.30 7.96 7.15 7.52 0.07 2.56 0.00 0.00 3.07 5.33 5.33 5.40 9.78 11.10 10.44 15.26 18.61 20.66 20.81 19.05 21.17 18.25 16.13 18.54 21.53 25.26 24.75 25.33 21.68 14.16 9.71 8.40 5.69 3.14 2.99 2.99 3.36 5.69 8.32 8.76 6.74 4.16 2.42
0.00 0.00 0.00 0.00 0.00 0.00 0.00 0.00 0.00 0.00 0.00 0.00 0.00 0.00 0.00 0.00 0.00 0.00 0.00 0.00 0.00 0.00 0.00 0.00 0.00 0.00 0.00 0.00 0.00 0.00 0.00 0.00 0.00 0.00 0.00 0.00 0.00 0.00 2.26 3.72 7.23 2.92 2.70 2.99 3.43 0.00 0.00 0.00 0.00 0.73 0.58 0.58 2.99 7.08 10.15 13.72 16.35 17.30 19.78 20.88 19.27 17.67 18.10 17.37 20.88 22.19 24.82 21.39 15.70 9.93 10.73 6.28 5.48 3.80 1.31 2.26 2.26 4.45 3.80 6.94 8.25 4.09 3.72 0.73
0.00 0.00 0.00 0.00 0.00 0.00 0.00 0.00 0.00 0.00 0.00 0.00 0.00 0.00 0.00 0.00 0.00 0.00 0.00 0.00 0.00 0.00 0.00 0.00 0.00 0.00 0.00 0.00 0.00 0.00 0.00 0.00 0.00 0.00 0.00 0.00 0.00 0.00 0.00 2.34 4.67 0.00 0.00 0.00 0.00 0.00 0.00 0.00 0.00 0.00 1.46 1.46 6.64 5.33 8.83 14.16 16.50 19.35 21.53 21.39 21.83 18.69 20.81 23.87 23.43 23.58 23.21 20.29 12.63 6.72 3.65 3.21 2.77 3.07 2.12 1.46 1.46 1.10 0.00 0.00 0.82 1.75 0.00 0.00
0.00 0.00 0.00 0.00 0.00 0.00 0.00 0.00 0.00 0.00 0.00 0.00 0.00 0.00 0.00 0.00 0.00 0.00 0.00 0.00 0.00 0.00 0.00 0.00 0.00 1.10 1.10 0.66 0.44 0.00 0.00 0.00 0.00 0.00 0.00 0.00 0.00 0.00 0.00 0.22 1.39 0.00 0.00 0.00 0.00 0.00 0.00 0.00 0.00 0.00 3.43 3.43 11.24 17.01 15.84 15.33 17.74 22.48 23.36 22.70 19.42 19.93 16.64 23.87 21.39 18.40 14.09 15.11 9.71 5.77 2.26 1.83 2.48 1.61 1.75 1.31 1.31 1.02 0.00 0.00 0.00 0.00 0.00 0.00
0.00 0.00 0.00 0.00 0.00 0.00 0.00 0.00 0.00 0.00 0.00 0.00 0.00 0.00 0.00 0.00 0.00 0.00 0.00 0.00 0.00 0.00 0.00 0.00 0.00 1.24 1.24 0.88 0.00 0.00 0.00 0.00 0.00 0.00 0.00 0.00 0.58 0.00 0.00 0.00 0.00 0.00 0.00 0.00 0.00 1.75 6.50 2.63 3.36 7.52 7.15 7.15 14.67 19.93 18.61 20.51 20.59 23.36 23.87 23.21 17.89 12.56 8.91 8.98 14.89 10.95 9.05 6.64 4.45 4.89 2.77 2.41 2.12 1.68 0.00 0.00 0.00 0.00 0.00 0.00 0.00 0.00 0.00 0.00
0.00 0.00 0.00 0.00 0.00 0.00 0.00 0.00 0.00 0.00 0.00 0.00 0.00 0.00 0.00 0.00 0.00 0.00 0.00 0.00 0.00 0.00 0.00 0.00 0.00 0.00 0.00 0.00 0.00 0.00 0.00 0.00 0.00 4.02 1.97 0.66 6.64 3.87 2.48 7.96 5.99 6.13 4.38 3.87 7.08 7.08 9.42 6.94 11.90 17.37 18.10 18.10 17.37 20.88 20.66 22.78 21.61 15.55 22.19 20.08 15.62 8.25 6.42 5.84 3.36 3.87 2.19 3.58 2.77 0.29 0.07 0.00 0.00 0.00 0.00 0.00 0.00 0.00 0.00 0.00 0.00 0.00 0.00 0.00
0.00 0.00 0.00 0.00 0.00 0.00 0.00 0.00 0.00 0.00 0.00 0.00 0.00 0.00 0.00 0.00 0.00 0.00 0.00 0.00 0.00 0.00 0.00 0.00 0.00 0.00 0.00 0.00 0.00 0.37 0.15 0.58 1.46 6.64 6.42 5.18 10.22 10.00 8.83 10.00 8.25 8.03 6.86 8.32 8.32 9.13 9.13 9.64 13.14 17.16 19.49 19.49 20.00 19.93 20.88 21.32 18.18 13.58 10.95 12.99 10.80 7.52 6.20 7.37 3.80 0.66 0.00 0.00 0.00 0.00 0.00 0.00 0.00 0.00 0.00 0.00 0.00 0.00 0.00 0.00 0.00 0.00 0.00 0.00
0.00 0.00 0.00 0.00 0.00 0.00 0.00 0.00 0.00 0.00 0.00 0.00 0.00 0.00 0.00 0.00 0.00 0.00 0.00 0.00 0.00 0.00 0.00 0.00 0.00 0.00 0.00 0.00 0.00 1.02 2.34 2.63 8.32 8.03 8.69 10.51 10.37 11.17 9.78 9.86 9.20 7.37 7.23 7.59 8.54 9.42 9.42 12.48 11.75 14.53 18.32 18.32 16.94 15.70 14.75 18.61 17.01 12.34 10.37 10.66 9.20 10.15 9.64 9.93 4.04 0.73 0.00 0.00 0.00 0.00 0.00 0.00 0.00 0.00 0.00 0.00 0.00 0.00 0.00 0.00 0.00 0.00 0.00 0.00
0.00 0.00 0.00 0.00 0.00 0.00 0.00 0.00 0.00 0.00 0.00 0.00 0.00 0.00 0.00 0.00 0.00 0.00 0.00 0.00 0.00 0.00 0.00 0.00 0.00 0.00 0.00 0.00 0.00 1.83 4.38 7.30 8.10 9.05 7.30 9.05 8.69 8.25 7.30 7.96 7.08 7.01 8.03 7.08 8.91 10.07 9.34 11.46 10.80 10.44 14.38 14.38 12.99 13.87 12.70 13.87 11.39 11.97 8.83 9.42 12.26 13.58 10.66 6.06 6.86 2.85 0.00 0.00 0.00 0.00 0.00 0.00 0.00 0.00 0.00 0.00 0.00 0.00 0.00 0.00 0.00 0.00 0.00 0.00
0.00 0.00 0.00 0.00 0.00 0.00 0.00 0.00 0.00 0.00 0.00 0.00 0.00 0.00 0.00 0.00 0.00 0.00 0.00 0.00 0.00 0.00 0.00 0.00 0.00 0.00 0.00 0.00 2.04 5.18 5.91 5.55 6.50 3.80 4.02 5.91 3.58 6.28 6.72 8.10 8.69 8.98 8.40 8.25 8.25 9.20 7.96 8.61 7.37 7.23 12.34 12.34 11.53 13.43 11.32 12.99 10.73 8.76 9.05 8.47 9.13 12.18 10.73 8.91 5.18 0.00 0.95 0.00 0.00 0.00 0.00 0.00 0.00 0.00 0.00 0.00 0.00 0.00 0.00 0.00 0.00 0.00 0.00 0.00
0.00 0.00 0.00 0.00 0.00 0.00 0.00 0.00 0.00 0.00 0.00 0.00 0.00 0.00 0.00 0.00 0.00 0.00 0.00 0.00 0.00 0.00 0.00 0.00 1.83 0.00 0.00 0.00 2.99 5.40 5.48 5.33 3.80 0.07 0.66 2.85 0.29 4.16 7.01 7.08 9.42 9.13 8.18 7.59 7.81 8.25 7.88 7.15 5.99 6.86 8.91 8.91 11.90 10.73 10.51 10.88 11.39 9.13 9.27 8.03 6.50 8.76 8.69 9.34 7.52 2.77 0.00 0.00 0.00 0.00 0.00 0.00 0.00 0.00 0.00 0.00 0.00 0.00 0.00 0.00 0.00 0.00 0.00 0.00
0.00 0.00 0.00 0.00 0.00 0.00 0.00 0.00 0.00 0.00 0.00 0.00 0.00 0.00 0.00 0.00 0.00 0.00 0.00 0.00 0.00 0.00 0.00 0.00 0.00 0.00 0.00 0.00 3.87 4.16 3.65 4.02 0.00 0.00 0.00 0.00 0.00 0.51 0.22 4.67 8.03 7.01 8.47 8.40 8.03 8.10 8.18 8.47 7.15 7.52 8.32 8.32 10.00 9.86 10.37 10.22 11.83 9.34 8.32 7.45 5.84 8.03 7.59 8.18 7.52 5.55 1.97 0.00 0.00 0.00 0.00 0.00 0.00 0.00 0.00 0.00 0.00 0.00 0.00 0.00 0.00 0.00 0.00 0.00
0.00 0.00 0.00 0.00 0.00 0.00 0.00 0.00 0.00 0.00 0.00 0.00 0.00 0.00 0.00 0.00 0.00 0.00 0.00 0.00 0.00 0.00 0.00 0.00 0.00 0.00 0.00 0.00 0.00 0.00 0.00 0.00 0.00 0.00 0.00 0.00 0.00 0.00 0.29 0.66 0.00 4.67 6.50 8.10 7.66 9.05 9.13 8.91 8.61 8.61 9.13 9.13 8.54 9.05 9.86 9.93 8.40 9.27 6.13 6.35 5.62 6.72 6.64 4.38 2.85 2.56 3.50 3.80 2.56 0.00 0.00 0.00 0.00 0.00 0.00 0.00 0.00 0.00 0.00 0.00 0.00 0.00 0.00 0.00
0.00 0.00 0.00 0.00 0.00 0.00 0.00 0.00 0.00 0.00 0.00 0.00 0.00 0.00 0.00 0.00 0.00 0.00 0.00 0.00 0.00 0.00 0.00 0.00 0.00 0.00 0.00 0.15 0.00 0.00 0.00 0.00 0.00 0.00 0.00 0.00 0.00 0.00 0.00 0.00 3.80 2.99 5.69 7.59 8.03 8.40 8.83 9.34 8.91 9.56 11.68 11.68 9.20 9.20 8.98 10.59 7.74 4.31 4.09 6.20 5.55 6.35 4.96 4.23 2.77 1.75 3.50 3.72 1.02 0.00 0.00 0.00 0.00 0.00 0.00 0.00 0.00 0.00 0.00 0.00 0.00 0.00 0.00 0.00
0.00 0.00 0.00 0.00 0.00 0.00 0.00 0.00 0.00 0.00 0.00 0.00 0.00 0.00 0.00 0.00 0.00 0.00 0.00 0.00 0.00 0.00 0.00 0.00 0.00 0.00 0.00 0.00 0.00 0.00 0.00 0.00 0.00 0.00 0.00 0.00 0.00 0.00 0.00 0.00 2.34 7.59 8.54 8.98 9.86 8.47 9.13 10.59 9.86 12.26 14.53 14.53 11.02 11.61 11.53 11.97 10.51 4.82 4.38 7.37 7.37 4.45 4.60 4.82 4.23 2.63 3.52 3.87 3.29 0.00 0.00 0.00 0.00 0.00 0.00 0.00 0.00 0.00 0.00 0.00 0.00 0.00 0.00 0.00
0.00 0.00 0.00 0.00 0.00 0.00 0.00 0.00 0.00 0.00 0.00 0.00 0.00 0.00 0.00 0.00 0.00 0.00 0.00 0.00 0.00 0.00 0.00 0.00 0.00 0.00 0.00 0.00 0.00 0.00 0.00 0.00 0.00 0.00 0.00 0.00 0.00 0.00 0.00 0.00 2.19 8.25 11.61 11.24 12.19 10.51 10.44 12.48 11.53 15.04 15.77 15.77 13.65 12.70 12.92 14.02 14.24 7.96 6.50 8.91 10.37 5.99 5.84 4.38 2.70 2.63 3.94 3.43 4.33 3.43 3.87 0.00 2.19 0.00 0.00 0.00 0.00 0.00 0.00 0.00 0.00 0.00 0.00 0.00
0.00 0.00 0.00 0.00 0.00 0.00 0.00 0.00 0.00 0.00 0.00 0.00 0.00 0.00 0.00 0.00 0.00 0.00 0.00 0.00 0.00 0.00 0.00 0.00 0.00 0.00 0.00 0.00 0.00 0.00 0.00 0.00 0.00 0.00 0.00 0.00 0.00 0.00 0.00 0.00 0.37 5.55 10.51 12.85 13.43 12.41 13.29 14.16 16.35 16.50 14.82 14.82 13.87 14.53 14.97 16.43 14.89 13.21 10.88 10.80 11.39 9.20 7.59 5.69 1.83 3.65 2.77 1.75 1.97 2.26 2.19 3.14 3.07 2.63 0.95 0.00 0.00 2.34 0.00 0.00 0.00 0.00 0.00 0.00
0.00 0.00 0.00 0.00 0.00 0.00 0.00 0.00 0.00 0.00 0.00 0.00 0.00 0.00 0.00 0.00 0.00 0.00 0.00 0.00 0.00 0.00 0.00 0.00 0.00 0.00 0.00 0.00 0.00 0.00 0.00 0.00 0.00 0.00 0.00 0.00 0.00 0.00 0.00 1.24 6.06 4.67 11.75 14.16 15.11 13.14 13.14 12.78 13.87 12.85 11.32 11.32 11.39 14.67 14.75 16.86 13.58 11.90 9.05 10.51 10.66 10.00 9.34 8.18 4.45 3.58 2.34 0.58 0.58 2.04 1.68 1.68 1.61 1.02 0.44 1.24 1.24 2.12 0.00 0.73 1.10 0.00 0.00 0.00
0.00 0.00 0.00 0.00 0.00 0.00 0.00 0.00 0.00 0.00 0.00 0.00 0.00 0.00 0.00 0.00 0.00 0.00 0.00 0.00 0.00 0.00 0.00 0.00 0.00 0.00 0.00 0.00 0.00 0.00 0.00 0.00 0.00 0.00 0.00 0.00 0.00 0.00 0.00 3.87 8.10 14.45 15.99 15.77 15.84 14.45 13.43 11.61 11.68 10.66 9.78 9.78 10.66 13.36 12.78 14.09 10.80 9.20 6.86 8.47 9.42 9.93 7.66 8.61 4.23 2.85 3.14 2.34 2.19 3.36 3.36 1.24 1.10 1.10 0.88 0.00 0.00 1.10 2.63 0.29 0.80 1.83 1.24 0.00
