Wansh/Snow_depth/snowdepth-1991/winter/1992031.txt
ncols 321
nrows 161
xllcenter 60
yllcenter 15 
cellsize  0.25 
NODATA_value -1
[rows 0 to 36 of 161, columns 168 to 251 of 321]
11.97 11.68 7.96 6.86 6.86 7.01 7.81 8.61 8.69 8.69 8.32 8.61 8.69 7.88 7.81 7.81 7.81 6.94 10.73 12.99 12.48 13.07 10.15 10.15 10.15 10.59 6.57 7.74 0.80 0.00 0.00 2.04 0.00 13.07 17.74 17.74 15.33 16.50 16.13 16.79 20.59 19.42 21.53 22.78 21.39 27.74 25.70 25.55 23.00 18.32 19.35 16.13 17.37 17.23 18.54 23.65 22.70 25.84 24.67 25.26 25.26 22.48 22.85 21.75 23.58 23.00 23.29 21.02 21.90 18.61 18.69 18.40 19.05 17.08 18.25 21.02 20.37 22.48 21.75 22.27 20.00 20.66 19.27 19.27
13.87 14.16 10.22 10.07 8.03 7.23 7.37 8.10 7.66 7.66 8.69 8.83 8.18 8.76 7.96 8.69 8.98 8.61 10.22 13.36 13.80 11.53 12.12 11.17 10.44 8.76 4.82 0.00 0.00 0.00 0.00 2.19 10.95 15.62 14.82 14.82 15.77 17.23 20.08 19.13 23.21 25.99 23.58 25.84 27.38 27.67 21.61 21.61 21.53 19.71 18.98 18.98 18.54 20.29 19.64 23.29 24.09 24.24 23.29 22.85 22.85 23.14 22.56 22.05 22.41 22.63 22.78 22.12 19.86 19.42 18.40 20.73 20.44 19.78 19.93 18.54 18.18 20.44 21.02 21.02 20.15 15.91 16.64 14.16
16.28 16.64 12.99 13.94 10.00 9.34 9.78 8.61 7.96 7.96 7.74 8.54 8.54 9.05 7.88 9.49 13.07 14.09 14.60 14.60 14.02 13.14 12.70 12.70 12.26 11.46 0.00 0.00 0.00 0.00 0.00 0.00 10.51 14.75 14.16 14.16 13.94 17.08 20.59 22.85 22.56 24.53 24.53 24.97 20.37 19.20 20.29 17.23 17.96 17.96 18.47 18.83 18.61 19.13 19.64 19.42 21.39 22.78 22.56 23.65 23.65 22.92 23.29 21.32 20.59 20.37 19.49 20.88 19.49 18.76 18.40 18.47 17.81 19.27 17.59 17.89 16.64 17.01 16.72 17.52 17.67 16.06 16.86 16.64
16.28 16.64 12.99 13.94 10.00 9.34 9.78 8.61 7.96 7.96 7.74 8.54 8.54 9.05 7.88 9.49 13.07 14.09 14.60 14.60 14.02 13.14 12.70 12.70 12.26 11.46 0.00 0.00 0.00 0.00 0.00 0.00 10.51 14.75 14.16 14.16 13.94 17.08 20.59 22.85 22.56 24.53 24.53 24.97 20.37 19.20 20.29 17.23 17.96 17.96 18.47 18.83 18.61 19.13 19.64 19.42 21.39 22.78 22.56 23.65 23.65 22.92 23.29 21.32 20.59 20.37 19.49 20.88 19.49 18.76 18.40 18.47 17.81 19.27 17.59 17.89 16.64 17.01 16.72 17.52 17.67 16.06 16.86 16.64
17.67 18.18 15.91 14.67 11.53 11.75 12.85 8.69 9.27 9.27 8.32 9.64 9.27 12.92 11.97 12.05 12.78 14.75 15.48 13.07 12.34 12.85 11.75 11.53 11.24 11.46 0.00 0.00 0.00 0.00 2.12 11.75 10.95 13.65 14.16 14.16 16.72 15.84 18.32 21.17 20.88 21.83 21.61 20.44 20.95 19.49 18.03 17.96 19.35 19.64 19.64 20.51 19.71 20.00 21.90 21.53 21.32 22.05 22.92 22.92 22.92 21.90 21.24 20.88 20.51 18.47 18.91 16.79 16.21 17.45 17.52 17.52 16.94 16.06 16.35 14.67 15.04 15.91 18.25 18.98 19.27 17.96 18.10 17.96
21.17 19.71 17.96 18.10 14.97 14.16 17.16 15.77 13.07 13.07 13.14 11.10 14.67 14.31 14.24 15.62 14.97 14.97 13.72 11.10 8.76 5.77 7.30 5.26 0.00 0.00 0.00 0.00 0.00 0.00 9.64 13.51 14.02 13.72 15.26 15.26 18.10 20.08 19.56 20.66 20.88 23.07 22.85 22.05 21.02 21.02 21.68 20.08 20.44 20.81 22.05 21.61 24.82 24.09 23.29 23.80 21.97 20.88 20.73 20.66 20.66 21.39 21.68 23.21 24.09 19.64 15.99 16.13 15.84 15.18 15.04 14.97 16.72 15.62 14.82 14.89 14.67 16.06 14.60 17.23 18.18 17.89 19.56 20.37
21.24 21.83 20.15 21.46 18.91 18.18 18.76 20.22 14.82 14.82 16.28 13.29 13.29 17.45 17.96 17.08 15.26 13.72 10.73 11.32 6.72 0.80 0.00 3.94 0.00 0.00 0.00 0.00 5.40 3.43 9.56 12.78 15.33 17.37 16.50 16.50 19.13 22.34 20.37 20.95 19.42 19.42 22.19 21.68 24.31 23.07 23.73 21.17 23.29 25.70 25.19 26.57 25.48 25.99 23.51 20.22 20.66 19.64 21.83 21.17 21.17 24.97 24.24 25.55 21.39 22.12 19.27 17.30 16.64 15.04 14.24 14.45 12.63 11.61 11.75 10.88 11.32 12.56 15.26 15.66 18.17 22.68 22.85 25.07
21.24 21.83 20.15 21.46 18.91 18.18 18.76 20.22 14.82 14.82 16.28 13.29 13.29 17.45 17.96 17.08 15.26 13.72 10.73 11.32 6.72 0.80 0.00 3.94 0.00 0.00 0.00 0.00 5.40 3.43 9.56 12.78 15.33 17.37 16.50 16.50 19.13 22.34 20.37 20.95 19.42 19.42 22.19 21.68 24.31 23.07 23.73 21.17 23.29 25.70 25.19 26.57 25.48 25.99 23.51 20.22 20.66 19.64 21.83 21.17 21.17 24.97 24.24 25.55 21.39 22.12 19.27 17.30 16.64 15.04 14.24 14.45 12.63 11.61 11.75 12.57 15.61 18.07 20.90 26.62 30.00 30.19 29.40 26.01
20.95 19.78 22.19 22.48 19.05 19.05 17.08 19.20 18.03 18.03 18.61 18.91 20.15 19.86 19.56 15.33 15.84 13.72 8.83 0.00 0.00 0.00 0.00 0.00 0.00 0.00 0.00 0.00 9.78 11.02 12.56 12.12 14.02 17.08 21.39 21.39 21.61 22.19 17.52 17.23 19.56 19.05 24.09 25.84 25.26 27.30 26.86 28.76 28.76 27.08 26.50 26.72 25.26 22.27 22.41 20.00 19.93 19.71 23.51 24.53 24.53 23.87 25.92 23.58 24.67 20.66 17.45 18.03 14.60 13.65 13.51 12.99 13.14 11.51 13.38 15.83 18.31 16.92 14.22 19.55 20.74 20.96 19.52 22.12
15.18 13.14 15.70 19.13 17.37 18.83 15.91 15.40 16.94 16.94 16.64 19.86 16.86 15.26 14.82 13.21 12.63 11.53 0.00 0.00 0.00 0.00 0.00 0.00 0.00 10.66 11.61 11.46 11.24 11.39 13.29 14.31 16.06 15.33 18.76 18.76 17.23 17.30 17.45 17.01 23.21 25.04 23.94 25.84 26.35 26.35 26.57 27.45 23.43 23.51 25.04 23.14 25.11 21.75 21.39 21.97 20.95 25.77 24.67 28.47 28.47 25.40 25.48 22.70 18.91 19.56 14.89 13.65 14.02 13.58 13.94 14.09 12.84 15.03 15.40 15.03 14.28 16.86 19.81 19.90 17.14 18.91 23.08 22.65
11.10 11.53 10.95 12.85 12.19 17.81 14.31 16.13 17.37 17.37 15.11 18.03 13.65 13.80 10.07 0.00 0.00 0.00 0.00 0.00 7.37 5.84 0.00 0.00 10.66 11.24 11.61 10.95 11.17 12.26 12.12 12.05 11.32 14.75 13.72 13.72 17.01 22.05 22.85 22.78 24.67 25.99 25.11 25.70 22.85 23.21 23.14 24.09 21.90 21.61 23.87 22.92 20.22 20.88 21.68 25.19 23.80 29.27 30.15 30.15 30.15 27.52 21.17 23.29 17.67 14.31 14.89 13.58 14.89 12.99 13.65 11.83 12.50 10.97 10.08 14.09 16.14 16.59 14.30 16.19 16.91 16.76 15.71 15.34
11.10 11.53 10.95 12.85 12.19 17.81 14.31 16.13 17.37 17.37 15.11 18.03 13.65 13.80 10.07 0.00 0.00 0.00 0.00 0.00 7.37 5.84 0.00 0.00 10.66 11.24 11.61 10.95 11.17 12.26 12.12 12.05 11.32 14.75 13.72 13.72 17.01 22.05 22.85 22.78 24.67 25.99 25.11 25.70 22.85 23.21 23.14 24.09 21.90 21.61 23.87 22.92 20.22 20.88 21.68 25.19 23.80 29.27 30.15 30.15 30.15 27.52 21.17 23.29 17.67 14.31 14.89 13.58 14.89 12.99 13.65 11.83 12.19 10.80 9.78 13.08 14.39 15.36 15.25 16.80 16.91 16.40 17.25 16.41
16.28 13.65 13.51 10.44 10.80 11.68 11.10 7.59 15.91 15.91 10.15 14.82 1.83 0.00 0.00 0.00 0.00 0.00 6.64 10.37 9.42 8.03 9.93 9.05 10.37 10.37 9.42 9.56 9.86 10.07 9.86 9.86 10.88 15.26 17.67 17.67 21.46 21.02 23.43 20.73 24.02 24.67 20.95 19.78 20.00 19.64 14.97 15.84 18.83 19.64 16.43 21.83 18.18 16.86 17.08 23.14 26.50 24.67 23.94 26.13 26.13 27.45 20.51 18.47 18.76 14.53 14.53 14.31 15.55 16.06 14.97 15.18 14.31 12.48 11.31 13.15 15.75 14.81 15.88 17.87 16.73 15.89 15.61 16.57
14.45 15.11 16.35 10.88 12.05 13.51 10.73 6.42 7.96 7.96 1.10 0.00 0.00 0.00 0.00 0.00 0.00 0.00 5.62 8.32 9.93 8.83 9.56 10.15 8.69 8.76 8.83 9.27 11.32 12.34 11.39 12.34 13.36 12.26 15.04 15.04 18.18 16.28 15.55 18.54 17.45 19.71 19.35 17.45 14.38 13.72 14.31 14.75 12.92 16.35 14.53 12.41 15.62 15.04 16.43 15.48 20.88 19.93 20.51 17.59 17.59 20.59 20.29 20.29 19.13 20.37 20.29 18.83 17.67 17.81 16.72 15.55 15.84 15.67 17.24 19.73 15.59 18.89 19.20 16.42 18.68 16.48 17.90 18.13
16.72 17.08 15.55 19.78 16.28 15.55 9.78 10.22 8.10 8.10 5.55 0.37 5.69 5.77 3.50 4.16 7.08 7.59 7.23 7.96 9.27 9.78 8.91 10.80 10.59 12.85 12.34 11.53 11.90 11.75 9.93 10.44 11.46 11.61 12.19 12.19 11.97 14.45 13.65 14.67 15.55 14.45 10.37 10.22 11.83 12.99 12.99 13.80 12.26 12.34 12.78 11.68 10.88 14.60 14.16 15.91 15.84 17.30 16.28 17.37 17.37 16.50 17.37 17.96 19.27 19.93 18.32 18.18 18.47 20.44 19.56 17.81 16.01 21.14 19.43 18.58 17.93 19.36 17.58 16.85 17.64 18.11 17.97 18.18
18.32 18.83 19.42 16.79 16.72 15.99 14.75 11.97 14.82 14.82 12.99 12.63 13.36 11.68 8.76 8.76 6.06 5.69 6.20 8.83 8.18 7.81 8.91 11.39 11.53 11.90 11.90 11.10 10.59 11.32 10.95 10.80 12.05 11.39 11.75 11.75 12.34 11.97 12.34 11.83 9.93 9.78 10.37 12.99 12.78 12.92 10.73 11.46 11.90 10.07 9.56 11.32 10.22 11.75 14.97 14.75 15.33 14.45 14.89 15.26 15.26 16.06 15.70 15.70 14.16 17.89 16.28 16.72 16.28 19.49 19.64 20.55 21.99 20.93 21.35 19.60 20.21 18.60 18.01 19.67 20.34 22.71 20.58 20.11
18.32 18.83 19.42 16.79 16.72 15.99 14.75 11.97 14.82 14.82 12.99 12.63 13.36 11.68 8.76 8.76 6.06 5.69 6.20 8.83 8.18 7.81 8.91 11.39 11.53 11.90 11.90 11.10 10.59 11.32 10.95 10.80 12.05 11.39 11.75 11.75 12.34 11.97 12.34 11.83 9.93 9.78 10.37 12.99 12.78 12.92 10.73 11.46 11.90 10.07 9.56 11.32 10.22 11.75 14.97 14.75 15.33 14.45 14.89 15.26 15.26 16.06 15.70 15.70 14.16 17.89 16.28 16.72 16.28 19.49 19.64 25.23 20.61 22.75 19.17 24.25 20.50 20.56 18.37 17.73 19.66 19.53 22.38 22.83
16.43 16.13 15.70 16.21 15.11 14.09 14.60 13.87 12.85 12.85 13.14 12.78 7.01 7.59 6.64 6.94 5.91 7.15 7.23 9.56 8.54 10.66 10.80 10.51 10.59 10.59 10.73 10.88 10.73 11.32 11.02 11.10 11.02 11.90 11.75 11.75 12.34 12.34 12.12 10.88 11.32 12.78 12.48 12.92 9.20 9.49 9.64 8.76 9.56 10.15 9.13 10.15 11.10 11.02 12.05 13.14 14.97 13.58 12.41 12.12 12.12 14.02 13.21 13.51 11.75 10.15 10.22 10.66 12.85 16.43 19.59 18.89 20.83 21.85 21.28 22.80 22.43 19.50 18.23 22.11 20.03 21.60 22.53 20.03
11.32 14.60 14.24 14.09 14.89 13.36 10.51 13.07 13.43 13.43 8.91 8.61 8.98 8.91 8.69 10.44 8.10 8.61 7.30 8.18 8.61 10.80 10.51 10.80 9.93 9.42 9.20 9.27 10.22 10.15 10.15 10.95 11.90 11.75 11.97 11.97 11.68 10.73 11.02 11.02 10.88 12.12 9.49 11.97 8.47 9.05 8.83 8.91 9.71 9.86 9.78 11.02 11.75 11.32 11.32 10.95 12.34 13.29 12.12 11.61 11.61 11.75 9.86 8.32 10.00 8.47 9.27 10.88 10.22 11.96 15.71 14.89 19.09 22.06 24.57 22.13 21.85 20.36 20.42 20.42 18.60 21.43 19.92 22.41
10.66 10.88 13.29 13.36 14.31 13.36 12.63 10.95 11.10 11.10 10.59 10.80 10.07 12.92 13.43 11.68 9.05 11.68 11.24 11.10 9.49 12.85 13.87 12.92 11.24 9.93 9.13 9.27 9.13 9.20 12.41 11.68 13.07 12.56 11.75 11.75 11.75 10.66 10.51 9.86 9.86 10.51 8.40 7.37 8.83 9.56 9.93 10.66 10.66 10.80 11.68 11.46 12.05 9.42 8.54 8.25 11.46 11.53 12.41 11.68 11.68 9.86 9.93 9.56 6.94 7.23 8.10 9.56 10.37 10.15 13.36 17.16 20.37 19.64 22.12 21.22 24.51 24.77 24.21 19.01 20.06 19.60 19.02 21.64
9.34 8.61 10.80 13.21 13.51 12.05 13.14 11.75 12.34 12.34 13.58 13.94 14.89 15.55 15.40 13.94 13.36 11.75 12.12 11.97 15.40 15.33 14.67 15.26 9.86 9.20 9.27 8.76 9.71 10.66 13.07 12.41 14.45 13.43 12.05 12.05 11.68 9.42 10.22 7.30 4.67 4.31 6.42 6.86 8.47 8.69 8.69 9.78 8.98 9.49 7.66 10.95 9.64 10.80 9.49 11.61 10.88 11.39 10.29 10.22 10.22 9.34 8.69 5.77 6.20 5.55 7.01 6.64 8.83 9.42 10.15 13.80 18.54 21.02 22.02 24.92 25.58 24.84 26.39 23.78 23.80 19.43 21.38 17.54
7.01 9.13 12.34 12.34 11.39 11.75 11.97 12.12 13.29 13.29 14.60 14.89 15.11 11.90 12.34 11.02 11.17 10.22 14.75 13.80 16.21 14.38 12.92 11.02 10.07 9.93 10.66 11.32 11.02 11.39 14.31 14.16 13.14 13.58 10.22 10.22 8.76 6.57 2.85 2.77 4.16 5.04 6.35 6.20 6.86 6.79 4.96 5.40 6.28 6.86 6.42 9.56 11.75 10.80 11.24 12.26 11.68 12.05 10.15 9.05 9.05 3.72 4.84 4.89 4.60 4.31 6.42 7.88 8.47 8.40 8.32 10.73 9.93 15.40 20.15 21.82 27.60 24.03 24.08 20.15 18.46 19.30 23.03 24.07
7.01 9.13 12.34 12.34 11.39 11.75 11.97 12.12 13.29 13.29 14.60 14.89 15.11 11.90 12.34 11.02 11.17 10.22 14.75 13.80 16.21 14.38 12.92 11.02 10.07 9.93 10.66 11.32 11.02 11.39 14.31 14.16 13.14 13.58 10.22 10.22 8.76 6.57 2.85 2.77 4.16 5.04 6.35 6.20 6.86 6.79 4.96 5.40 6.28 6.86 6.42 9.56 11.75 10.80 11.24 12.26 11.68 12.05 10.15 9.05 9.05 3.72 4.84 4.89 4.60 4.31 6.42 7.88 8.47 8.40 8.32 10.73 9.93 15.40 19.35 21.94 21.43 21.14 20.17 23.46 22.57 19.71 18.04 22.21
2.63 5.84 6.79 10.44 10.44 11.17 12.85 13.80 13.36 13.36 14.45 14.09 11.39 10.07 9.64 10.29 12.70 15.04 14.38 15.26 17.01 14.38 12.92 11.61 12.56 13.51 13.14 14.31 17.30 15.18 16.13 13.65 6.20 5.33 5.40 5.40 5.77 3.14 3.87 4.67 5.11 4.96 5.84 7.01 6.72 7.59 4.96 4.31 4.23 7.08 11.10 10.15 11.83 12.26 12.85 12.63 11.68 10.07 10.37 8.98 8.98 2.85 0.00 0.00 1.53 4.45 5.48 5.55 7.08 7.52 7.66 8.98 13.80 17.96 17.16 19.81 20.59 28.88 28.07 24.67 24.33 20.10 21.17 23.40
1.83 5.11 4.31 9.20 9.71 10.29 12.12 13.29 11.97 11.97 13.14 11.24 11.97 9.93 9.27 12.85 13.14 14.31 15.62 14.89 13.87 14.02 13.29 13.94 14.02 14.31 13.65 17.67 17.01 13.94 7.59 4.96 5.40 3.50 3.72 3.72 4.02 3.72 4.31 4.02 5.11 5.26 5.18 7.01 6.13 6.28 5.26 2.99 4.60 3.29 9.42 8.61 5.33 5.84 9.93 9.05 9.42 5.33 1.75 0.00 0.00 0.00 0.00 0.00 0.00 2.34 5.99 6.94 6.79 8.69 9.78 12.48 11.46 17.89 20.81 21.39 22.06 22.03 23.75 22.58 26.77 19.62 24.26 27.45
1.61 4.31 5.18 4.53 6.79 9.27 8.91 11.24 13.51 13.51 14.02 13.07 13.07 12.63 12.85 12.70 13.80 15.40 14.45 15.11 13.72 14.60 14.16 14.97 14.97 14.75 15.40 15.18 16.21 8.61 6.57 4.45 2.85 2.77 3.50 3.50 3.80 4.38 4.31 4.02 3.14 3.29 1.39 1.53 3.36 0.95 0.95 0.73 1.02 1.17 1.17 4.02 2.63 1.31 0.66 3.72 2.19 2.48 0.88 0.00 0.00 0.00 0.00 0.00 0.00 0.00 4.45 6.86 8.32 10.66 10.37 12.34 18.23 20.72 20.45 23.31 21.72 20.54 22.05 23.36 19.96 21.58 20.13 20.61
1.75 3.43 3.80 5.33 5.55 5.33 5.77 10.29 13.21 13.21 14.45 10.07 11.83 12.48 12.34 14.45 14.89 14.82 14.31 14.53 12.99 14.31 15.91 15.55 10.00 10.95 10.07 3.80 5.99 5.91 5.18 1.31 1.90 2.56 2.48 2.48 4.38 4.96 4.45 2.63 2.70 1.68 1.17 0.44 0.66 0.00 0.00 0.22 0.00 0.29 0.00 0.00 0.37 0.00 0.00 0.00 0.00 0.00 0.00 0.00 0.00 0.00 0.00 0.00 0.00 3.29 6.13 6.50 6.86 9.93 13.07 12.48 16.78 21.60 21.45 25.39 24.72 19.30 18.34 20.23 18.46 18.25 20.66 22.18
2.41 2.63 4.02 4.96 5.40 5.40 6.20 3.21 4.96 4.96 6.57 5.91 9.86 11.32 8.18 9.78 10.66 8.76 11.32 13.36 10.37 11.90 6.64 6.72 6.20 3.07 0.88 2.63 2.99 1.83 1.24 1.39 1.39 3.21 4.60 4.60 4.53 4.02 4.16 2.63 1.24 1.53 1.24 0.80 2.85 0.58 1.10 1.17 1.31 0.00 0.00 0.00 0.00 0.00 0.00 0.00 0.00 0.00 0.00 0.00 0.00 0.00 0.00 0.00 0.00 0.00 6.06 7.01 8.98 8.32 15.42 21.59 25.76 22.39 23.28 20.23 16.28 17.28 17.22 16.52 18.08 14.89 13.20 12.87
2.41 2.63 4.02 4.96 5.40 5.40 6.20 3.21 4.96 4.96 6.57 5.91 9.86 11.32 8.18 9.78 10.66 8.76 11.32 13.36 10.37 11.90 6.64 6.72 6.20 3.07 0.88 2.63 2.99 1.83 1.24 1.39 1.39 3.21 4.60 4.60 4.53 4.02 4.16 2.63 1.24 1.53 1.24 0.80 2.85 0.58 1.10 1.17 1.31 0.00 0.00 0.00 0.00 0.00 0.00 0.00 0.00 0.00 0.00 0.00 0.00 0.00 0.00 0.00 0.00 0.00 6.06 7.01 8.98 8.32 15.50 21.36 23.30 24.95 24.84 23.60 18.90 16.72 17.99 16.05 19.12 17.66 12.05 10.93
3.50 7.45 7.45 5.18 4.31 2.41 5.26 5.26 5.55 5.55 6.28 7.59 5.91 5.18 5.26 5.69 5.62 7.15 5.84 7.45 6.79 5.91 5.11 5.69 0.37 0.22 0.00 2.19 1.75 1.68 0.80 0.73 0.80 1.53 3.72 3.72 2.92 2.19 2.56 2.48 2.34 2.77 3.21 1.02 3.80 4.74 3.29 3.43 1.68 0.22 0.58 0.00 0.00 0.00 0.00 0.00 0.00 0.00 0.00 0.00 0.00 0.00 0.00 0.00 0.00 5.40 4.53 6.64 9.02 15.41 13.49 20.43 26.93 26.14 21.56 26.56 18.54 15.68 16.06 15.20 14.15 17.43 12.23 8.81
10.07 10.73 10.22 5.26 7.01 5.26 6.35 7.15 7.74 7.74 8.47 6.64 5.99 5.48 5.77 5.77 5.69 5.11 9.93 10.73 8.69 6.72 3.36 0.95 0.22 0.22 0.00 1.83 1.83 1.10 0.00 0.00 0.00 0.37 0.22 0.22 2.48 5.11 4.45 4.45 6.57 4.53 4.67 4.60 4.31 4.02 1.97 1.75 1.90 0.66 0.15 0.29 0.00 0.07 0.00 0.00 0.00 0.00 0.00 0.00 0.00 0.00 0.00 0.00 0.00 2.92 5.55 8.83 8.54 13.87 22.48 24.31 30.11 31.43 20.65 12.03 11.81 12.15 11.05 14.28 13.10 10.33 9.60 8.58
12.56 11.39 10.66 8.83 8.98 7.23 7.08 7.66 7.74 7.74 7.74 6.35 4.96 2.70 4.23 4.67 6.42 5.77 7.52 10.80 9.56 5.33 3.14 1.53 1.90 3.21 1.31 1.61 0.00 0.00 0.00 0.00 0.00 1.31 0.66 0.66 2.85 6.42 6.28 7.01 7.37 6.86 4.60 4.60 3.50 4.09 1.61 0.66 0.37 0.37 0.29 0.22 0.22 0.44 0.00 0.00 0.00 0.00 0.00 0.00 0.00 0.00 0.00 0.00 1.75 4.96 4.38 9.05 14.82 18.69 18.25 22.47 24.55 18.20 9.94 13.07 8.09 9.70 6.58 8.63 7.52 8.81 8.68 7.18
8.32 8.69 10.15 9.56 8.91 8.18 7.23 6.79 5.40 5.40 0.00 0.00 0.00 0.00 2.41 0.00 4.53 5.62 7.45 7.88 4.60 4.45 4.53 3.94 5.69 4.45 1.97 0.51 0.00 0.00 0.00 0.00 0.00 1.97 4.74 4.74 6.64 6.50 6.50 6.64 5.55 3.94 3.65 4.16 2.92 2.04 1.97 3.80 1.24 0.00 0.00 1.97 3.36 0.00 0.07 0.00 0.00 0.00 0.00 0.00 0.00 0.00 0.29 0.00 1.90 5.99 9.05 8.32 12.41 17.45 20.59 19.91 25.99 20.63 11.34 5.96 5.07 4.34 4.69 3.89 5.89 4.58 5.69 6.67
7.37 5.40 7.52 10.00 5.62 5.18 5.26 4.09 0.00 0.00 0.00 0.00 0.00 0.00 0.00 0.00 4.53 0.00 2.70 4.53 5.77 6.28 6.79 6.28 3.87 4.60 2.99 2.99 0.00 0.00 1.24 0.00 1.46 1.53 3.94 3.94 4.82 5.91 5.55 5.33 5.91 7.15 5.18 4.89 8.10 5.69 7.45 8.61 9.64 4.16 4.38 4.16 5.48 0.00 0.00 0.00 0.00 0.00 3.36 4.23 4.23 4.31 3.72 3.72 3.43 5.40 7.88 12.48 16.57 15.91 18.10 18.40 11.36 7.03 5.08 5.74 3.96 3.02 2.21 0.00 0.23 0.44 2.77 0.66
6.50 3.72 4.38 7.52 6.86 3.87 2.99 0.00 0.00 0.00 0.00 0.00 0.00 0.00 0.00 0.00 0.00 0.00 1.24 3.14 5.18 4.53 5.48 5.91 5.04 3.29 2.56 3.14 1.83 1.39 0.00 0.51 1.46 1.17 2.92 2.92 5.48 5.18 6.86 7.30 6.86 8.76 8.54 11.68 11.83 14.89 12.78 12.56 11.75 12.26 6.94 6.50 7.08 7.01 6.20 2.77 3.43 3.14 4.89 5.91 5.91 4.53 5.33 4.02 4.23 5.69 7.30 6.94 10.66 11.97 11.68 9.02 9.98 5.88 4.42 3.20 1.41 0.00 0.00 0.00 0.00 0.00 0.00 0.00
6.50 3.72 4.38 7.52 6.86 3.87 2.99 0.00 0.00 0.00 0.00 0.00 0.00 0.00 0.00 0.00 0.00 0.00 1.24 3.14 5.18 4.53 5.48 5.91 5.04 3.29 2.56 3.14 1.83 1.39 0.00 0.51 1.46 1.17 2.92 2.92 5.48 5.18 6.86 7.30 6.86 8.76 8.54 11.68 11.83 14.89 12.78 12.56 11.75 12.26 6.94 6.50 7.08 7.01 6.20 2.77 3.43 3.14 4.89 5.91 5.91 4.53 5.33 4.02 4.23 5.69 7.30 6.94 10.66 11.97 11.68 8.98 9.83 5.80 4.42 3.34 1.26 0.00 0.00 0.00 0.00 0.00 0.00 0.00
2.85 3.36 1.90 3.58 0.00 0.00 0.00 0.00 0.00 0.00 0.00 0.00 0.00 0.00 0.00 1.31 0.00 0.00 0.00 1.39 1.90 2.41 4.16 3.58 1.75 2.70 3.21 2.34 0.73 1.17 0.00 1.31 2.12 6.20 6.42 6.42 6.20 6.57 8.69 9.56 10.15 9.49 11.97 13.72 14.75 13.14 13.36 13.58 11.97 11.02 10.95 7.96 8.47 7.23 7.88 5.62 4.31 5.62 5.18 6.50 6.50 5.55 3.94 4.45 4.23 5.48 6.72 8.40 7.59 10.22 10.07 8.25 5.11 5.75 3.23 1.37 0.40 0.00 0.00 0.00 0.00 0.00 0.00 0.00
