Wansh/Snow_depth/snowdepth-1991/winter/1992022.txt
ncols 321
nrows 161
xllcenter 60
yllcenter 15 
cellsize  0.25 
NODATA_value -1
[rows 0 to 36 of 161, columns 168 to 251 of 321]
5.62 9.27 9.27 5.04 3.80 3.72 4.31 4.23 4.82 4.82 6.79 6.79 6.79 5.62 6.42 7.01 7.15 7.30 9.27 8.76 10.59 9.56 7.15 7.66 6.94 7.15 5.18 6.35 2.92 0.00 0.00 0.00 7.01 14.53 12.85 12.85 15.18 14.24 14.38 15.84 17.59 17.52 18.76 22.92 22.12 23.94 23.36 23.87 19.49 18.98 15.84 15.18 15.04 15.26 19.05 17.89 23.36 22.63 23.21 20.44 20.44 21.17 19.13 20.66 20.29 20.51 20.44 20.22 17.89 18.32 16.50 16.50 16.72 16.35 16.35 17.74 20.08 19.78 20.59 20.59 20.73 18.47 17.81 17.81
10.22 7.74 6.64 7.30 4.23 5.40 4.31 4.31 4.38 4.38 4.89 5.33 6.94 6.64 6.35 6.20 7.08 8.18 10.37 10.73 10.95 10.22 8.98 8.32 7.01 7.88 1.83 0.00 0.00 0.00 0.00 4.23 1.39 12.63 13.87 13.87 14.45 13.80 17.45 16.79 20.22 23.29 23.21 23.65 22.78 22.63 17.59 18.47 19.27 16.28 16.21 15.77 17.01 16.57 17.74 21.83 21.39 22.05 22.19 21.24 21.24 20.66 20.66 20.08 19.64 19.78 19.78 18.83 19.20 17.45 17.52 18.69 18.18 18.40 17.01 16.28 18.47 17.16 16.79 16.79 16.57 13.80 14.45 12.99
10.66 10.59 11.17 8.47 6.20 6.94 4.60 6.50 5.48 5.48 5.18 5.11 7.37 6.06 7.37 7.74 9.20 8.76 10.29 11.68 11.17 9.86 10.22 8.61 7.45 0.00 2.63 0.00 0.00 0.00 0.00 2.48 12.41 10.15 14.67 14.67 14.24 13.94 17.96 20.37 19.78 22.78 21.10 20.88 19.27 15.84 16.50 15.18 15.91 15.62 16.79 16.28 16.50 17.01 16.72 17.89 18.69 18.32 21.02 20.88 20.88 20.88 19.71 17.81 18.18 17.52 17.59 16.64 17.23 17.45 17.67 17.89 18.03 16.64 15.04 15.33 15.18 14.82 15.62 15.91 15.70 15.18 13.58 15.62
10.66 10.59 11.17 8.47 6.20 6.94 4.60 6.50 5.48 5.48 5.18 5.11 7.37 6.06 7.37 7.74 9.20 8.76 10.29 11.68 11.17 9.86 10.22 8.61 7.45 0.00 2.63 0.00 0.00 0.00 0.00 2.48 12.41 10.15 14.67 14.67 14.24 13.94 17.96 20.37 19.78 22.78 21.10 20.88 19.27 15.84 16.50 15.18 15.91 15.62 16.79 16.28 16.50 17.01 16.72 17.89 18.69 18.32 21.02 20.88 20.88 20.88 19.71 17.81 18.18 17.52 17.59 16.64 17.23 17.45 17.67 17.89 18.03 16.64 15.04 15.33 15.18 14.82 15.62 15.91 15.70 15.18 13.58 15.62
13.65 14.16 12.19 9.49 9.42 7.01 6.86 7.01 5.48 5.48 6.13 6.35 7.01 6.57 7.96 10.29 11.75 12.34 11.61 11.83 12.19 8.83 8.40 5.55 8.10 0.00 0.00 0.00 0.00 0.00 5.26 1.90 13.14 12.05 12.56 12.56 12.99 16.57 15.70 18.98 18.91 18.40 19.86 18.18 18.47 17.30 15.70 15.40 16.57 17.45 16.94 17.52 18.69 19.20 18.32 18.18 18.25 19.42 19.35 18.83 18.83 19.49 20.37 19.05 17.81 18.18 15.55 14.82 14.67 15.04 14.82 14.75 14.38 13.51 13.87 12.99 13.87 13.94 16.35 18.03 17.37 17.16 17.23 17.37
16.64 14.82 12.92 13.72 10.37 8.69 10.95 8.83 9.34 9.34 6.79 7.45 12.48 12.26 12.19 12.34 11.46 12.19 10.29 8.54 7.59 8.40 2.41 0.00 0.00 0.00 0.00 0.00 0.00 0.00 7.88 11.61 10.88 12.19 15.04 15.04 14.24 15.84 17.59 18.25 17.81 19.35 18.69 18.83 19.27 19.20 19.56 16.57 16.72 17.96 21.68 20.95 21.97 21.90 21.97 20.29 17.74 17.89 18.47 18.47 18.47 19.05 21.02 20.59 20.15 16.57 17.23 14.16 13.94 14.31 14.16 13.51 13.72 13.14 12.63 12.70 13.29 12.19 14.67 17.16 16.72 18.40 17.59 19.56
16.57 16.79 16.43 17.08 14.31 15.11 12.34 12.12 14.24 14.24 12.34 12.99 13.14 13.94 14.02 16.06 12.41 13.65 10.59 7.52 0.00 0.00 0.00 0.00 0.00 0.00 0.00 0.00 4.16 8.18 6.86 10.15 12.26 11.83 16.13 16.13 19.13 18.91 18.47 15.55 15.62 16.94 19.49 22.78 22.34 21.24 21.90 22.56 24.16 19.20 21.46 24.02 24.31 22.85 19.86 20.59 17.52 17.52 17.67 20.08 20.08 22.56 21.24 21.46 17.74 18.61 15.62 14.24 14.38 12.63 11.39 11.46 10.66 10.73 10.59 9.93 11.17 10.88 12.78 16.88 17.28 19.55 21.66 24.54
16.57 16.79 16.43 17.08 14.31 15.11 12.34 12.12 14.24 14.24 12.34 12.99 13.14 13.94 14.02 16.06 12.41 13.65 10.59 7.52 0.00 0.00 0.00 0.00 0.00 0.00 0.00 0.00 4.16 8.18 6.86 10.15 12.26 11.83 16.13 16.13 19.13 18.91 18.47 15.55 15.62 16.94 19.49 22.78 22.34 21.24 21.90 22.56 24.16 19.20 21.46 24.02 24.31 22.85 19.86 20.59 17.52 17.52 17.67 20.08 20.08 22.56 21.24 21.46 17.74 18.61 15.62 14.24 14.38 12.63 11.39 11.46 10.66 10.73 10.59 11.48 15.41 15.65 17.50 28.68 28.53 26.02 27.87 25.46
15.62 13.58 16.94 17.96 16.86 14.67 14.38 14.38 14.67 14.67 13.58 14.09 13.14 18.03 18.25 14.82 12.85 6.57 3.29 4.89 0.00 0.00 0.00 0.00 0.00 0.00 3.07 6.13 4.60 8.83 9.34 9.27 12.12 16.13 15.04 15.04 19.05 16.35 17.16 15.18 15.48 21.32 19.27 23.29 25.11 24.89 25.33 26.65 26.94 24.31 24.82 24.89 22.70 20.51 20.88 18.32 17.89 18.25 20.37 19.86 19.86 22.34 23.36 23.29 21.24 17.96 18.25 14.53 12.56 13.21 11.68 10.73 10.95 10.16 11.96 14.38 15.20 16.04 14.03 17.19 19.36 22.48 22.94 24.16
11.39 10.88 13.58 15.11 14.31 14.82 13.65 13.58 14.60 14.60 13.43 15.55 15.99 16.06 16.43 6.86 7.59 1.75 0.00 0.00 0.00 0.00 0.00 4.82 5.84 4.89 6.57 9.86 10.51 10.29 10.88 12.05 11.97 14.09 15.26 15.26 14.75 16.35 15.84 16.72 15.62 22.34 23.21 23.36 24.97 24.45 24.82 26.50 23.73 24.24 22.27 21.10 22.92 20.66 19.35 19.64 22.34 27.52 27.01 26.13 26.13 22.85 22.92 20.66 16.86 17.45 14.24 12.26 12.70 11.83 11.90 12.12 11.63 13.00 14.26 13.73 14.28 14.83 17.90 17.90 15.66 16.56 17.82 21.15
11.68 10.59 9.78 12.19 12.26 13.87 13.21 14.89 14.97 14.97 13.80 11.68 6.72 5.69 5.33 0.00 0.00 0.00 0.00 0.00 0.00 7.74 8.10 7.08 7.88 8.10 10.15 9.93 11.02 10.22 10.44 10.66 10.80 10.51 14.24 14.24 17.08 17.89 17.16 21.75 21.75 23.29 22.27 19.35 19.86 21.75 18.61 17.89 17.89 21.75 21.75 20.00 18.18 18.47 19.20 24.89 23.65 29.64 28.32 29.20 29.20 23.36 19.05 19.86 14.97 12.85 13.43 11.53 13.14 11.83 11.83 12.05 11.31 10.60 10.76 12.66 14.84 14.48 14.40 15.34 14.81 16.87 15.00 15.45
11.68 10.59 9.78 12.19 12.26 13.87 13.21 14.89 14.97 14.97 13.80 11.68 6.72 5.69 5.33 0.00 0.00 0.00 0.00 0.00 0.00 7.74 8.10 7.08 7.88 8.10 10.15 9.93 11.02 10.22 10.44 10.66 10.80 10.51 14.24 14.24 17.08 17.89 17.16 21.75 21.75 23.29 22.27 19.35 19.86 21.75 18.61 17.89 17.89 21.75 21.75 20.00 18.18 18.47 19.20 24.89 23.65 29.64 28.32 29.20 29.20 23.36 19.05 19.86 14.97 12.85 13.43 11.53 13.14 11.83 11.83 12.05 11.02 10.44 10.44 11.76 13.22 13.41 15.36 15.92 14.81 16.50 16.48 16.52
14.02 11.10 10.07 9.20 8.98 10.73 11.24 14.75 14.82 14.82 6.20 12.85 2.70 2.77 0.00 0.00 0.00 0.00 0.00 0.00 6.72 8.76 8.18 7.74 7.88 7.74 8.47 9.27 9.27 8.47 8.69 8.69 10.51 13.58 17.59 17.59 17.45 16.50 19.56 19.71 19.35 17.89 21.53 18.10 13.36 14.38 14.38 15.84 14.97 15.84 14.45 19.05 16.79 17.52 17.37 19.05 22.41 27.89 28.47 22.34 22.34 23.80 18.98 15.55 16.21 13.65 12.85 13.80 13.58 14.09 12.99 13.51 11.90 11.17 11.61 13.92 14.37 14.81 15.99 16.34 16.43 16.64 17.86 14.60
10.73 11.46 11.53 10.15 8.98 9.56 6.64 3.58 5.62 5.62 0.00 0.00 0.00 0.00 0.00 0.00 0.00 1.75 3.94 6.42 5.33 7.30 8.91 8.54 8.76 8.76 9.27 9.27 10.29 10.59 9.42 8.83 11.83 11.53 11.10 11.10 13.65 14.02 13.21 16.79 16.79 15.55 10.66 16.64 11.75 10.88 10.51 11.24 12.92 12.92 12.70 11.68 12.12 15.04 16.72 18.47 18.10 18.83 17.01 16.94 16.94 17.74 18.03 17.96 17.45 17.45 15.70 15.18 15.48 15.48 15.33 16.94 14.24 12.95 16.61 16.88 13.81 14.92 16.96 14.42 16.34 15.17 15.60 17.54
13.65 13.94 15.77 13.65 14.16 11.24 8.40 9.78 0.00 0.00 0.00 0.00 0.00 0.00 2.85 3.87 4.16 3.87 5.77 5.26 7.59 7.01 8.76 10.59 9.86 10.07 9.49 10.29 10.15 8.25 8.32 8.47 9.20 10.07 10.15 10.15 9.86 12.05 11.97 9.93 11.75 12.48 8.18 7.88 9.71 10.44 10.44 10.51 9.49 10.15 10.59 10.80 11.61 13.21 13.14 14.67 15.70 15.70 14.89 16.50 16.50 15.99 17.30 17.08 17.01 17.08 16.35 16.57 16.43 18.32 18.32 18.69 17.27 17.32 16.07 17.37 16.85 20.01 16.83 15.44 16.46 15.83 19.60 17.18
14.89 15.62 16.06 14.82 13.51 13.36 13.58 11.97 8.98 8.98 10.95 8.25 6.86 8.47 4.53 4.53 4.60 3.50 2.92 4.82 6.86 9.78 10.37 10.22 11.17 10.73 9.93 10.00 9.56 7.96 8.83 9.13 9.27 8.83 9.27 9.27 9.20 10.15 8.47 8.91 7.52 8.61 7.08 7.96 7.96 7.59 9.71 8.83 8.76 8.83 8.54 9.78 10.80 12.05 13.51 12.70 15.99 13.65 12.12 12.19 12.19 12.92 15.48 15.91 15.91 14.75 15.04 15.33 17.23 17.08 19.05 18.51 19.14 18.10 21.02 17.90 19.68 17.20 17.25 18.67 18.53 20.98 20.38 20.11
14.89 15.62 16.06 14.82 13.51 13.36 13.58 11.97 8.98 8.98 10.95 8.25 6.86 8.47 4.53 4.53 4.60 3.50 2.92 4.82 6.86 9.78 10.37 10.22 11.17 10.73 9.93 10.00 9.56 7.96 8.83 9.13 9.27 8.83 9.27 9.27 9.20 10.15 8.47 8.91 7.52 8.61 7.08 7.96 7.96 7.59 9.71 8.83 8.76 8.83 8.54 9.78 10.80 12.05 13.51 12.70 15.99 13.65 12.12 12.19 12.19 12.92 15.48 15.91 15.91 14.75 15.04 15.33 17.23 17.08 19.05 22.73 17.94 19.68 18.87 22.15 19.97 19.02 17.60 16.84 17.91 18.04 22.17 22.83
12.78 12.56 14.02 12.78 12.92 12.05 10.29 10.51 10.51 10.51 11.02 6.20 6.28 6.35 4.60 3.14 2.99 3.94 6.20 8.32 8.10 9.49 9.49 9.56 10.07 10.29 8.69 8.76 8.76 8.61 8.91 8.91 9.34 8.76 9.13 9.13 9.78 10.00 7.88 7.23 7.23 8.32 9.27 7.37 7.81 7.01 6.50 7.59 8.10 8.18 8.18 8.98 9.78 11.75 13.43 15.48 15.48 13.80 12.05 11.32 11.32 11.24 11.53 10.88 11.02 9.93 10.44 11.10 12.12 15.77 17.78 17.54 21.10 19.65 23.13 23.53 21.72 18.23 17.39 20.50 19.83 21.10 22.64 19.65
10.51 12.05 13.14 12.92 13.29 11.10 9.71 8.18 6.42 6.42 6.72 5.91 6.35 7.96 7.96 6.64 6.64 5.77 7.37 8.98 9.56 9.78 9.71 8.98 8.18 8.32 8.18 8.10 7.74 8.18 8.10 9.34 9.20 8.69 8.91 8.91 8.69 7.66 7.88 8.18 8.61 8.40 7.88 5.69 6.20 6.35 6.50 7.74 7.81 7.52 8.61 8.40 9.27 8.76 9.49 9.20 11.53 12.41 13.07 11.68 11.68 9.78 10.15 9.05 8.61 9.13 8.69 9.86 12.26 10.42 14.67 15.41 19.09 19.41 22.29 21.30 17.32 19.59 18.74 20.00 17.30 20.71 20.11 21.49
9.27 10.80 12.34 11.39 11.17 11.39 10.37 9.42 8.10 8.10 8.10 9.13 9.05 10.07 11.53 7.59 7.88 8.69 8.98 9.56 9.71 9.78 9.27 10.22 8.91 7.88 6.72 6.72 7.59 7.74 10.07 9.42 11.02 9.05 8.76 8.76 8.76 8.54 7.74 7.96 5.84 6.42 5.26 5.40 5.77 7.30 7.23 7.81 7.59 7.59 7.88 8.54 7.45 8.10 6.79 9.34 8.69 11.02 11.61 9.78 9.78 10.22 8.40 8.18 8.25 7.08 7.81 7.74 7.66 8.25 12.78 17.59 16.72 19.49 20.22 21.14 19.29 24.23 24.21 20.69 19.73 18.81 15.95 20.80
8.18 9.49 9.05 11.46 11.68 10.00 9.49 9.64 9.49 9.49 9.71 10.37 13.51 13.21 13.07 10.95 9.71 9.93 9.34 12.26 14.16 12.48 12.41 10.15 10.29 8.32 7.59 8.03 8.32 7.88 12.05 11.90 11.83 10.80 9.56 9.56 9.20 9.34 6.35 3.87 3.50 3.14 4.09 5.11 4.74 5.69 4.45 6.72 6.20 6.28 7.37 6.79 7.37 6.72 4.45 7.37 9.78 9.42 10.22 9.34 9.34 7.74 8.03 6.72 6.20 6.57 6.28 7.74 8.03 8.47 9.20 10.29 15.70 19.42 21.47 23.24 26.38 22.56 23.02 20.24 22.82 17.96 20.00 18.32
6.57 9.93 8.83 11.32 10.29 9.71 10.15 10.51 10.95 10.95 10.44 11.90 12.34 12.85 13.36 10.00 9.34 11.83 11.10 12.70 14.60 11.39 13.36 9.49 7.74 8.61 8.25 8.47 10.44 12.63 12.05 11.90 10.37 10.59 7.59 7.59 7.23 2.77 2.77 2.48 3.14 3.65 3.72 4.74 4.96 5.11 3.72 2.56 3.43 4.23 5.91 7.96 7.74 8.25 7.74 9.93 9.34 9.34 8.18 9.64 9.64 5.04 1.69 2.19 4.45 3.72 5.04 6.64 6.42 8.18 9.34 13.07 11.97 16.13 17.34 19.15 23.60 20.04 21.03 19.23 17.45 19.50 22.20 21.06
6.57 9.93 8.83 11.32 10.29 9.71 10.15 10.51 10.95 10.95 10.44 11.90 12.34 12.85 13.36 10.00 9.34 11.83 11.10 12.70 14.60 11.39 13.36 9.49 7.74 8.61 8.25 8.47 10.44 12.63 12.05 11.90 10.37 10.59 7.59 7.59 7.23 2.77 2.77 2.48 3.14 3.65 3.72 4.74 4.96 5.11 3.72 2.56 3.43 4.23 5.91 7.96 7.74 8.25 7.74 9.93 9.34 9.34 8.18 9.64 9.64 5.04 1.69 2.19 4.45 3.72 5.04 6.64 6.42 8.18 9.34 13.07 11.97 16.13 16.64 19.26 18.33 17.63 17.61 22.38 21.34 19.92 17.39 19.43
5.18 4.38 7.37 8.25 7.96 9.93 10.44 11.53 11.83 11.83 10.22 10.95 10.51 7.66 7.88 8.40 9.13 12.63 13.87 13.94 14.53 11.90 9.42 9.49 10.88 11.61 11.68 11.39 9.64 13.14 11.17 11.61 8.32 3.72 1.17 1.17 1.53 1.02 2.41 2.48 3.29 3.36 4.67 4.09 5.33 3.87 4.53 2.63 3.58 5.77 5.26 9.42 9.20 9.71 8.54 9.93 9.49 9.78 7.23 4.23 4.23 0.00 1.24 0.00 3.36 4.31 4.23 5.11 6.50 6.94 8.10 7.59 12.41 15.84 17.08 17.17 17.67 25.12 24.22 23.77 21.90 17.57 19.92 23.40
0.44 2.04 5.91 8.25 8.54 10.07 10.00 11.02 10.88 10.88 11.17 9.71 7.74 7.37 10.59 11.02 10.66 11.97 13.14 13.21 12.70 13.14 12.05 12.12 11.97 12.26 14.02 15.62 13.14 11.17 11.17 6.28 2.56 3.14 0.44 0.44 1.61 1.31 2.56 2.19 2.26 3.07 3.36 3.80 3.50 1.75 1.46 1.68 1.39 4.09 4.82 4.60 4.89 2.56 3.72 7.96 7.45 4.67 5.18 2.63 2.63 0.00 0.00 0.00 0.00 3.94 4.45 6.57 8.25 8.10 7.45 10.80 14.67 18.32 17.97 19.28 18.65 20.26 21.69 21.53 26.04 18.90 23.49 25.96
1.97 1.39 4.82 4.38 6.50 6.20 8.32 10.88 10.29 10.29 13.51 11.46 11.90 11.02 11.24 11.17 12.41 13.21 13.14 13.51 12.48 12.78 12.78 14.02 13.72 12.92 12.92 11.39 11.39 12.48 7.37 2.19 1.46 1.61 1.90 1.90 2.63 1.39 1.31 1.68 1.10 0.22 2.12 1.83 0.00 0.00 0.00 0.00 0.88 0.58 1.83 2.12 0.58 0.80 0.95 0.29 0.00 0.00 0.00 0.00 0.00 0.00 0.00 0.00 1.75 4.60 3.87 6.06 7.96 9.05 10.15 14.24 13.41 18.36 19.57 20.32 20.61 18.84 21.37 23.25 17.54 18.25 18.25 18.74
3.07 3.14 3.94 3.50 6.20 5.77 8.76 8.25 11.24 11.24 10.88 12.48 10.44 11.02 11.75 11.68 12.99 11.32 13.29 13.58 11.02 12.78 13.29 13.14 10.37 9.93 7.81 7.96 5.62 2.92 1.83 2.26 1.24 1.90 1.90 1.90 2.99 1.39 1.68 1.68 1.10 0.29 0.00 0.00 0.00 0.00 0.00 0.00 0.00 0.00 0.00 0.00 0.00 0.00 0.00 0.00 0.00 0.00 0.00 0.00 0.00 0.00 0.00 0.00 0.00 2.99 4.89 5.04 7.30 6.57 10.88 13.72 18.51 17.43 21.04 24.09 26.43 27.47 26.16 25.41 14.08 14.22 17.86 17.05
2.26 3.14 3.58 3.80 4.09 4.23 2.77 4.31 6.57 6.57 5.77 8.25 8.54 7.45 10.15 5.99 8.47 8.54 6.42 9.20 9.34 8.25 10.15 7.08 6.79 2.63 3.58 3.94 4.02 1.68 0.44 1.31 1.24 2.19 2.70 2.70 2.99 2.92 2.56 1.75 1.68 0.00 0.00 0.00 0.00 0.44 0.00 0.00 0.29 0.00 0.00 0.00 0.00 0.00 0.00 0.00 0.00 0.00 0.00 0.00 0.00 0.00 0.00 0.00 0.00 0.00 3.07 3.80 4.45 5.77 12.35 11.85 17.43 17.30 19.11 19.19 15.05 18.01 14.48 11.08 13.01 13.74 14.39 11.72
2.26 3.14 3.58 3.80 4.09 4.23 2.77 4.31 6.57 6.57 5.77 8.25 8.54 7.45 10.15 5.99 8.47 8.54 6.42 9.20 9.34 8.25 10.15 7.08 6.79 2.63 3.58 3.94 4.02 1.68 0.44 1.31 1.24 2.19 2.70 2.70 2.99 2.92 2.56 1.75 1.68 0.00 0.00 0.00 0.00 0.44 0.00 0.00 0.29 0.00 0.00 0.00 0.00 0.00 0.00 0.00 0.00 0.00 0.00 0.00 0.00 0.00 0.00 0.00 0.00 0.00 3.07 3.80 4.45 5.77 12.42 11.73 15.76 19.27 20.39 22.39 17.47 17.43 15.12 10.77 13.76 16.30 13.13 9.95
1.83 2.04 5.11 4.02 4.16 2.63 3.50 3.14 6.13 6.13 6.42 7.01 5.62 5.62 6.42 4.96 5.62 4.96 4.74 6.06 6.64 5.84 5.91 3.14 0.29 0.58 0.07 2.56 1.53 1.90 0.51 0.00 0.00 1.90 1.83 1.83 1.75 2.12 2.12 2.48 2.41 1.61 1.97 1.10 2.85 4.02 2.92 3.43 1.75 0.00 0.00 0.00 0.00 0.00 0.00 0.00 0.00 0.00 0.00 0.00 0.00 0.00 0.00 0.00 0.00 3.29 3.65 4.45 10.49 11.06 3.91 12.61 19.41 26.34 23.58 20.89 14.73 10.05 11.32 12.18 11.06 14.38 10.86 8.81
8.69 8.91 9.05 5.77 6.13 4.38 6.79 8.03 7.74 7.74 7.52 7.45 4.67 4.45 5.33 5.40 4.45 5.18 8.18 8.32 6.79 4.82 1.97 2.48 0.22 1.17 1.68 1.53 1.68 0.22 0.00 0.00 0.00 0.00 1.61 1.61 1.61 1.90 3.07 2.85 3.65 2.63 2.41 2.85 2.92 2.63 2.48 1.46 1.53 0.88 0.00 0.00 0.00 0.00 0.00 0.00 0.00 0.00 0.00 0.00 0.00 0.00 0.00 0.00 0.37 2.19 3.58 10.44 8.03 4.16 6.50 18.89 21.44 26.97 24.18 18.57 10.66 8.10 8.86 9.73 10.20 11.22 10.55 8.81
10.80 11.39 8.69 6.86 7.08 7.23 6.86 7.15 7.08 7.08 5.84 6.28 2.85 3.07 2.92 4.38 4.23 6.94 10.07 6.79 7.81 5.26 2.70 2.92 0.29 1.10 1.10 0.58 0.73 0.00 0.00 0.00 0.00 0.07 2.34 2.34 4.60 3.07 3.87 5.55 4.82 5.40 3.36 3.43 2.12 2.48 1.46 1.68 0.29 0.00 0.00 0.00 0.00 0.00 0.00 0.00 0.00 0.00 0.00 0.00 0.00 0.00 0.00 0.00 0.00 1.02 1.90 4.82 10.73 12.12 15.62 18.73 21.20 16.82 10.15 7.18 7.41 6.58 4.52 7.14 7.61 8.99 9.53 9.92
10.29 8.25 7.66 8.18 8.69 7.52 6.35 5.99 6.28 6.28 4.09 0.00 0.00 0.00 0.00 3.72 5.33 4.09 8.76 5.69 4.31 3.43 3.29 3.80 4.09 1.97 2.12 0.07 0.00 0.00 0.00 0.00 0.15 0.00 2.19 2.19 4.02 5.40 4.82 5.04 4.16 3.29 3.21 2.99 3.50 2.63 2.56 1.97 1.46 1.02 0.00 0.00 0.73 0.00 0.00 0.00 0.00 0.00 0.00 0.00 0.00 0.00 0.00 0.00 3.29 4.09 4.60 7.96 6.13 11.90 15.70 17.77 18.09 14.18 9.32 5.07 3.87 3.35 3.60 3.02 7.63 7.35 6.81 8.52
6.06 6.13 6.79 8.25 6.64 8.32 3.58 0.00 4.38 4.38 0.00 0.00 0.00 0.00 0.00 0.00 1.83 0.00 0.00 4.38 4.96 5.33 5.40 5.40 4.89 3.94 2.77 1.53 0.00 0.00 0.00 0.00 0.00 2.48 3.65 3.65 3.43 4.53 4.23 3.87 4.09 3.94 3.58 4.67 4.23 4.53 3.94 4.16 3.07 6.79 5.62 5.99 2.77 0.00 0.00 0.66 0.00 0.00 0.00 2.92 2.92 0.00 3.07 3.80 4.96 6.86 6.13 7.59 5.62 8.91 14.38 13.51 13.38 9.66 6.43 3.04 2.73 2.14 2.30 1.81 4.17 4.65 5.48 1.84
4.67 0.00 2.56 6.57 0.00 0.00 0.00 0.00 0.00 0.00 0.00 0.00 0.00 0.00 0.00 0.00 0.00 0.00 1.39 4.45 4.31 4.82 3.58 4.45 4.67 3.58 2.63 1.68 2.12 0.22 0.00 0.15 0.22 1.46 4.16 4.16 4.96 3.94 3.50 4.74 5.62 6.64 6.64 7.37 10.29 10.15 13.29 9.93 10.88 8.61 6.79 5.77 4.09 5.62 4.16 3.43 1.83 1.75 3.87 4.45 4.45 4.74 3.80 3.43 4.74 3.29 6.06 6.28 5.91 11.53 10.07 8.07 8.72 2.91 1.55 2.19 2.35 2.16 0.00 0.00 2.95 0.51 0.22 0.45
4.67 0.00 2.56 6.57 0.00 0.00 0.00 0.00 0.00 0.00 0.00 0.00 0.00 0.00 0.00 0.00 0.00 0.00 1.39 4.45 4.31 4.82 3.58 4.45 4.67 3.58 2.63 1.68 2.12 0.22 0.00 0.15 0.22 1.46 4.16 4.16 4.96 3.94 3.50 4.74 5.62 6.64 6.64 7.37 10.29 10.15 13.29 9.93 10.88 8.61 6.79 5.77 4.09 5.62 4.16 3.43 1.83 1.75 3.87 4.45 4.45 4.74 3.80 3.43 4.74 3.29 6.06 6.28 5.91 11.53 10.07 8.03 8.58 2.86 1.55 2.28 2.10 2.07 0.00 0.00 2.89 0.54 0.22 0.44
3.72 2.63 0.00 0.00 0.00 0.00 0.00 0.00 0.00 0.00 0.00 0.00 0.00 0.00 0.00 0.00 0.00 0.00 0.66 1.46 2.85 2.92 1.90 0.80 2.41 2.41 2.77 2.41 0.58 0.66 0.00 1.31 2.41 5.04 4.60 4.60 6.13 5.69 5.99 7.01 6.64 7.96 8.03 10.59 13.36 12.70 12.78 11.24 8.40 8.91 7.15 6.42 7.01 5.99 5.18 4.53 4.31 4.23 4.82 4.82 4.82 3.58 3.43 4.89 5.55 5.69 5.69 5.40 7.37 6.79 7.01 5.48 3.14 1.99 1.83 1.29 0.16 0.00 0.00 0.00 0.00 0.00 0.00 0.00
