Wansh/Snow_depth/snowdepth-1991/winter/1992035.txt
ncols 321
nrows 161
xllcenter 60
yllcenter 15 
cellsize  0.25 
NODATA_value -1
[rows 0 to 36 of 161, columns 84 to 167 of 321]
18.32 18.47 17.37 17.67 16.35 14.38 13.43 11.61 10.73 11.97 11.32 13.07 11.90 12.48 13.51 13.51 14.97 15.84 15.84 15.55 15.62 15.99 13.21 11.53 4.89 2.12 1.24 0.80 1.02 3.36 2.70 4.96 6.64 11.68 10.07 10.66 11.46 12.19 8.91 9.34 8.98 9.49 8.10 8.10 4.60 4.09 2.99 5.11 5.33 5.26 7.23 8.32 9.64 7.59 7.15 8.40 6.79 6.79 6.79 10.44 6.42 4.60 4.96 2.99 3.14 3.07 3.58 5.62 5.62 6.57 6.06 8.47 10.51 9.93 10.00 9.34 12.85 9.86 13.21 13.29 13.58 11.32 12.05 11.75
17.96 18.25 17.45 16.28 16.72 15.18 13.65 14.02 13.14 12.05 12.41 11.39 10.37 10.51 10.88 6.72 9.27 8.18 8.18 13.29 14.24 14.16 14.38 13.43 6.50 8.47 1.90 0.80 1.39 1.83 1.46 2.63 5.18 7.15 6.06 7.08 7.15 7.37 7.59 9.49 10.15 9.93 10.44 10.44 12.48 10.07 10.59 6.35 4.96 5.69 4.02 4.23 4.09 4.89 4.53 7.23 6.35 7.23 10.22 10.15 8.69 9.13 6.94 6.13 10.51 7.88 7.37 6.50 6.50 8.10 11.24 10.22 10.51 10.29 12.19 11.83 14.16 16.79 14.16 14.97 12.12 13.72 13.94 11.90
16.79 14.45 12.99 13.43 12.34 12.70 12.48 13.29 14.38 14.16 13.80 11.97 12.48 7.66 5.33 5.84 5.18 10.51 10.51 6.72 9.49 11.39 13.58 13.43 11.46 11.61 3.14 1.61 1.53 1.46 1.02 3.50 5.55 3.80 6.06 8.83 12.26 11.68 13.07 13.51 14.24 11.10 11.46 11.46 12.63 12.99 11.17 14.31 12.12 6.94 3.14 4.38 3.50 3.43 4.09 6.64 6.28 7.08 8.10 10.44 12.05 13.87 14.16 14.24 13.72 12.05 16.43 14.02 14.02 14.75 11.97 12.99 10.80 11.39 13.21 15.55 18.25 18.25 17.45 15.99 16.50 15.33 15.48 15.40
16.79 14.45 12.99 13.43 12.34 12.70 12.48 13.29 14.38 14.16 13.80 11.97 12.48 7.66 5.33 5.84 5.18 10.51 10.51 6.72 9.49 11.39 13.58 13.43 11.46 11.61 3.14 1.61 1.53 1.46 1.02 3.50 5.55 3.80 6.06 8.83 12.26 11.68 13.07 13.51 14.24 11.10 11.46 11.46 12.63 12.99 11.17 14.31 12.12 6.94 3.14 4.38 3.50 3.43 4.09 6.64 6.28 7.08 8.10 10.44 12.05 13.87 14.16 14.24 13.72 12.05 16.43 14.02 14.02 14.75 11.97 12.99 10.80 11.39 13.21 15.55 18.25 18.25 17.45 15.99 16.50 15.33 15.48 15.40
13.87 14.24 12.48 11.68 11.61 11.90 11.68 11.75 12.12 12.99 12.92 12.05 11.02 9.27 9.42 8.54 4.96 4.38 4.38 4.31 7.37 4.82 8.54 9.64 12.56 10.66 4.67 2.12 2.19 2.70 2.04 1.31 3.14 5.99 10.80 10.00 12.56 13.29 13.14 13.21 10.51 11.02 9.78 9.78 9.34 13.80 14.31 14.60 13.58 14.82 11.24 5.26 3.36 3.50 3.14 3.14 6.50 5.40 8.10 11.02 9.93 13.14 15.91 18.10 18.98 18.76 18.10 16.57 16.57 14.67 12.85 13.14 12.41 13.29 12.99 13.80 13.80 15.91 16.50 16.21 15.55 15.11 15.91 15.70
15.55 15.55 15.62 15.84 15.40 13.36 12.05 10.44 10.95 11.97 11.75 12.12 9.71 10.07 10.15 11.68 13.80 11.10 11.10 6.57 3.87 4.74 3.36 4.45 9.71 7.30 5.91 6.13 2.41 2.56 1.75 3.36 2.85 5.55 8.54 8.25 9.56 12.26 11.97 12.48 10.59 10.59 9.49 9.49 8.61 10.44 14.16 15.04 14.45 10.29 11.61 6.94 3.50 3.14 3.07 3.07 3.29 5.33 7.52 8.83 11.68 15.26 14.31 17.81 21.10 20.73 18.61 19.27 19.27 13.94 15.91 15.77 15.18 13.58 15.26 11.75 11.75 12.99 12.05 11.97 14.97 17.08 16.72 17.81
17.08 15.99 17.45 16.79 16.64 16.35 14.02 14.16 12.41 12.63 11.68 9.27 10.29 9.93 11.53 10.73 12.99 14.75 14.75 14.97 7.96 9.56 5.18 4.82 5.91 4.02 3.36 3.72 2.85 3.14 2.26 3.14 2.70 4.53 7.30 10.59 9.86 14.16 11.61 9.64 10.66 10.44 9.93 9.93 13.14 10.00 14.53 16.06 11.39 9.05 6.13 4.31 4.45 3.07 3.14 5.26 4.02 4.60 9.20 11.97 13.72 16.35 17.89 20.44 19.86 21.24 19.86 18.18 18.18 18.98 18.32 17.74 18.69 18.61 17.59 17.45 14.75 14.60 12.19 13.43 13.58 15.77 15.91 15.70
17.08 15.99 17.45 16.79 16.64 16.35 14.02 14.16 12.41 12.63 11.68 9.27 10.29 9.93 11.53 10.73 12.99 14.75 14.75 14.97 7.96 9.56 5.18 4.82 5.91 4.02 3.36 3.72 2.85 3.14 2.26 3.14 2.70 4.53 7.30 10.59 9.86 14.16 11.61 9.64 10.66 10.44 9.93 9.93 13.14 10.00 14.53 16.06 11.39 9.05 6.13 4.31 4.45 3.07 3.14 5.26 4.02 4.60 9.20 11.97 13.72 16.35 17.89 20.44 19.86 21.24 19.86 18.18 18.18 18.98 18.32 17.74 18.69 18.61 17.59 17.45 14.75 14.60 12.19 13.43 13.58 15.77 15.91 15.70
15.18 15.04 14.67 15.99 15.55 15.62 14.67 14.97 14.24 12.26 12.85 10.80 6.79 7.37 10.59 10.51 13.72 13.51 13.51 14.82 14.82 13.29 6.72 6.28 4.82 4.53 4.09 3.87 4.74 4.89 4.74 4.82 6.28 7.81 6.94 11.83 14.75 15.26 12.48 9.20 6.35 8.47 10.73 10.73 11.53 6.06 7.52 7.30 7.15 7.59 5.84 7.15 5.33 5.69 4.23 5.99 8.10 9.42 8.91 10.51 11.24 12.92 15.70 17.45 17.16 15.70 17.30 18.40 18.40 16.35 17.59 17.30 18.83 19.20 19.56 17.52 16.57 16.50 16.43 15.11 13.94 14.60 13.87 14.97
12.85 11.83 13.72 13.94 11.75 11.24 11.32 10.80 10.44 10.37 9.56 7.15 7.66 5.91 9.13 11.90 12.70 12.05 12.05 14.16 14.82 13.51 8.32 6.86 4.82 5.40 3.43 4.53 4.45 5.55 4.82 5.26 5.84 11.24 13.29 15.11 15.55 10.88 7.01 8.61 5.77 5.62 6.64 6.64 6.86 4.31 4.67 7.74 6.86 9.13 8.61 8.32 13.80 12.34 9.71 9.56 10.29 11.39 10.95 10.66 10.80 11.75 12.48 12.12 13.36 15.91 16.13 15.99 15.99 16.94 17.45 19.27 19.20 18.76 19.27 18.32 18.18 19.49 20.29 20.66 14.60 12.56 13.36 13.14
10.73 11.61 10.88 10.51 10.51 9.42 9.20 9.05 9.42 9.64 9.93 12.12 10.59 9.86 11.39 15.91 17.30 16.28 16.28 15.91 16.06 13.80 7.37 7.81 4.89 6.35 7.30 5.77 6.06 5.33 4.74 4.67 4.67 6.86 9.20 8.98 10.51 11.61 10.37 5.77 5.91 7.30 6.50 6.50 4.82 8.03 8.54 8.18 9.49 10.29 13.14 16.94 16.35 14.45 13.21 14.09 12.56 12.63 14.16 17.67 13.72 12.63 13.29 11.75 13.43 15.99 17.89 17.37 17.37 18.54 20.88 21.10 21.17 20.73 21.17 19.86 21.39 21.24 19.93 16.57 17.74 14.60 16.21 15.99
10.73 11.61 10.88 10.51 10.51 9.42 9.20 9.05 9.42 9.64 9.93 12.12 10.59 9.86 11.39 15.91 17.30 16.28 16.28 15.91 16.06 13.80 7.37 7.81 4.89 6.35 7.30 5.77 6.06 5.33 4.74 4.67 4.67 6.86 9.20 8.98 10.51 11.61 10.37 5.77 5.91 7.30 6.50 6.50 4.82 8.03 8.54 8.18 9.49 10.29 13.14 16.94 16.35 14.45 13.21 14.09 12.56 12.63 14.16 17.67 13.72 12.63 13.29 11.75 13.43 15.99 17.89 17.37 17.37 18.54 20.88 21.10 21.17 20.73 21.17 19.86 21.39 21.24 19.93 16.57 17.74 14.60 16.21 15.99
10.00 10.22 10.15 9.42 8.61 8.83 8.83 9.05 9.78 11.10 10.73 12.85 16.35 17.96 17.08 17.08 18.69 19.93 19.93 17.37 15.99 12.85 12.48 6.94 8.61 8.54 7.81 5.18 4.89 5.18 5.11 5.40 9.78 9.20 9.49 15.04 10.66 13.21 14.45 9.86 6.86 13.14 12.48 12.48 10.00 8.76 9.27 8.32 11.68 13.43 18.54 20.88 20.15 18.54 15.62 17.16 20.95 20.08 20.81 19.64 17.45 14.82 15.33 15.40 15.26 15.77 17.59 18.61 18.61 21.10 20.44 23.94 24.82 24.02 24.02 24.24 21.97 21.10 21.39 18.18 17.01 16.57 17.23 16.13
10.44 10.15 9.56 9.20 9.34 9.42 10.29 12.05 14.67 14.38 14.09 15.55 14.60 18.47 21.24 21.17 21.10 20.37 20.37 17.37 18.10 11.24 11.32 9.93 7.08 7.59 5.77 6.20 5.48 7.08 12.92 12.63 12.12 19.71 18.61 18.83 16.57 18.40 16.50 15.04 15.33 14.67 12.26 12.26 11.97 15.99 14.45 14.09 15.26 14.24 16.94 17.81 20.37 20.66 22.48 24.31 21.97 20.15 17.96 15.33 14.82 15.04 16.43 17.52 17.59 19.20 18.61 19.35 19.35 21.17 24.75 24.31 25.62 25.04 24.31 24.97 20.00 18.61 10.37 10.15 13.51 13.94 13.14 14.97
9.71 9.34 9.64 9.64 9.42 8.83 11.53 11.02 14.67 15.62 13.58 12.56 13.21 18.83 21.24 20.22 20.51 20.81 20.81 17.08 17.37 15.26 12.56 9.93 10.95 9.05 8.83 12.12 13.29 12.92 16.50 20.73 21.02 21.32 20.44 18.98 18.76 18.83 16.57 15.33 15.55 16.86 18.40 18.40 18.32 18.83 17.37 18.18 17.16 17.96 19.93 18.91 20.73 23.36 23.43 22.70 25.04 25.26 20.37 14.16 12.78 9.78 12.63 11.97 15.48 17.81 17.89 17.16 17.16 19.71 23.51 23.94 23.73 23.73 15.91 17.45 17.96 13.14 2.26 4.53 0.00 14.60 14.75 14.97
8.83 8.91 9.71 10.07 10.15 9.34 7.59 5.04 7.08 7.96 10.88 12.34 11.46 13.07 17.96 15.91 17.81 17.96 17.96 17.52 15.62 14.67 11.17 11.17 11.61 11.97 12.12 12.85 14.75 16.43 15.77 19.56 20.51 17.37 17.37 17.08 16.43 17.59 17.23 17.30 16.28 19.42 19.49 19.49 19.05 15.99 14.75 15.18 15.55 16.86 16.28 18.91 21.10 21.32 24.31 24.82 23.29 24.24 20.88 14.45 10.95 10.44 11.61 11.61 14.89 14.53 17.81 20.59 20.59 22.63 22.48 22.85 17.96 16.28 15.84 18.76 10.44 13.58 1.39 4.45 13.43 13.29 14.16 16.57
8.83 8.91 9.71 10.07 10.15 9.34 7.59 5.04 7.08 7.96 10.88 12.34 11.46 13.07 17.96 15.91 17.81 17.96 17.96 17.52 15.62 14.67 11.17 11.17 11.61 11.97 12.12 12.85 14.75 16.43 15.77 19.56 20.51 17.37 17.37 17.08 16.43 17.59 17.23 17.30 16.28 19.42 19.49 19.49 19.05 15.99 14.75 15.18 15.55 16.86 16.28 18.91 21.10 21.32 24.31 24.82 23.29 24.24 20.88 14.45 10.95 10.44 11.61 11.61 14.89 14.53 17.81 20.59 20.59 22.63 22.48 22.85 17.96 16.28 15.84 18.76 10.44 13.58 1.39 4.45 13.43 13.29 14.16 16.57
8.76 7.81 8.47 9.56 9.49 6.72 3.87 4.09 4.31 3.80 6.06 9.64 8.76 14.89 14.45 14.24 14.45 14.60 14.60 13.36 11.53 11.02 10.37 10.00 11.53 12.78 12.41 13.43 16.21 16.43 16.21 17.81 19.13 17.45 17.59 18.47 15.11 14.24 14.97 15.48 18.03 18.47 13.43 13.43 14.31 13.80 14.16 11.75 11.97 11.97 14.97 16.06 13.80 19.05 21.46 21.10 20.22 16.28 14.38 14.24 14.16 13.07 20.59 16.43 16.06 15.26 19.35 20.66 20.66 23.73 22.85 24.38 19.20 18.54 17.89 17.96 10.80 1.02 2.63 0.00 12.12 11.02 12.99 15.04
7.23 7.08 7.74 9.13 9.42 8.91 8.76 6.13 4.45 5.62 7.52 9.05 9.42 12.78 14.09 14.97 15.70 15.48 15.48 9.86 13.72 11.17 12.05 10.44 10.80 12.26 16.79 17.30 17.08 17.59 18.18 20.51 20.00 21.17 18.69 14.82 12.12 12.41 11.68 13.07 11.53 12.78 11.68 11.68 12.70 14.09 11.68 8.69 7.81 8.61 10.15 9.56 12.41 16.79 18.98 20.00 22.48 21.90 20.51 19.13 25.62 24.53 25.04 21.02 22.85 20.81 21.24 21.53 21.53 27.16 26.35 17.74 16.57 16.57 15.11 9.64 10.59 5.11 6.35 5.40 8.61 10.07 9.78 12.70
6.35 6.13 7.23 8.61 8.76 9.34 7.88 9.13 7.23 6.79 6.79 8.61 9.13 11.68 9.56 10.00 16.21 14.31 14.31 12.85 12.99 12.48 11.10 11.02 12.85 14.53 17.01 16.72 15.40 15.91 17.01 12.41 16.94 16.13 18.83 13.65 9.49 6.13 5.84 7.81 7.15 10.51 12.78 12.78 13.72 12.05 12.48 9.20 11.83 12.70 12.48 19.35 14.60 20.08 21.61 21.17 23.14 24.24 27.74 27.81 28.69 28.18 26.35 23.73 24.38 22.48 26.79 28.91 28.91 28.69 27.45 12.92 11.32 8.61 7.81 7.81 3.80 4.09 5.04 4.74 7.74 7.88 8.40 10.07
5.48 5.18 6.94 8.32 7.81 9.05 11.02 11.02 10.22 12.41 11.53 10.29 13.21 11.53 9.93 9.64 8.83 9.78 9.78 11.02 12.48 12.05 14.45 14.09 14.67 13.94 17.37 18.40 14.24 12.92 9.20 9.71 10.95 10.29 10.00 11.39 2.77 2.12 1.24 3.94 4.45 7.37 10.15 10.15 12.48 12.19 12.12 16.43 15.48 17.67 19.42 20.88 18.69 23.73 25.48 29.35 28.62 26.72 27.45 26.79 24.02 25.33 26.65 25.11 25.70 25.40 25.92 25.77 25.77 16.50 9.13 11.17 5.77 5.48 3.65 3.87 2.63 3.72 3.29 3.43 3.87 7.88 7.23 8.54
6.06 5.84 7.45 7.96 8.03 7.96 10.66 13.51 13.80 13.29 17.37 17.74 16.86 15.62 18.54 13.80 12.56 11.46 11.46 9.93 14.09 13.80 15.62 16.21 20.59 22.19 21.10 20.88 20.66 14.67 8.83 6.72 6.86 6.94 3.72 1.53 2.26 0.29 0.07 0.00 0.00 6.13 8.18 8.18 5.04 5.26 9.34 13.21 8.76 14.09 13.07 18.61 22.41 17.81 21.39 26.50 26.21 25.33 16.57 19.71 18.91 22.78 25.55 22.56 25.77 24.16 20.88 21.90 21.90 15.48 14.97 7.59 7.45 9.20 5.33 6.13 2.56 3.87 2.56 2.92 2.63 3.58 6.13 6.13
6.06 5.84 7.45 7.96 8.03 7.96 10.66 13.51 13.80 13.29 17.37 17.74 16.86 15.62 18.54 13.80 12.56 11.46 11.46 9.93 14.09 13.80 15.62 16.21 20.59 22.19 21.10 20.88 20.66 14.67 8.83 6.72 6.86 6.94 3.72 1.53 2.26 0.29 0.07 0.00 0.00 6.13 8.18 8.18 5.04 5.26 9.34 13.21 8.76 14.09 13.07 18.61 22.41 17.81 21.39 26.50 26.21 25.33 16.57 19.71 18.91 22.78 25.55 22.56 25.77 24.16 20.88 21.90 21.90 15.48 14.97 7.59 7.45 9.20 5.33 6.13 2.56 3.87 2.56 2.92 2.63 3.58 6.13 6.13
4.89 6.64 6.28 7.37 10.73 11.39 12.78 11.90 14.38 17.74 17.16 17.30 17.74 20.44 20.00 19.27 14.67 14.38 14.38 13.36 14.97 17.08 19.13 18.69 20.37 21.75 19.42 18.98 18.98 17.16 11.10 5.04 4.45 3.21 3.72 1.02 0.22 0.44 0.00 0.00 2.77 2.26 2.92 2.92 2.63 0.00 4.96 0.00 4.45 6.35 3.72 8.98 10.88 14.45 12.99 19.05 11.17 10.95 12.41 14.82 14.38 16.57 19.93 18.76 23.94 22.56 20.44 18.54 18.54 19.20 18.03 14.60 13.43 14.67 8.25 6.64 3.94 4.23 2.56 2.41 3.43 3.21 2.41 4.38
5.91 9.34 11.24 12.05 12.92 12.63 13.43 18.32 18.98 18.40 17.30 15.99 13.65 16.79 16.79 13.07 14.09 14.75 14.75 14.97 17.08 17.81 19.64 21.08 20.76 21.21 19.47 16.94 19.42 14.09 15.33 7.59 6.06 2.19 1.39 1.90 0.15 1.02 0.22 3.07 2.77 2.63 2.77 2.77 2.12 2.77 0.00 2.63 0.00 0.00 0.00 6.13 5.62 6.28 6.06 6.42 6.13 7.23 9.05 10.44 13.65 14.53 16.43 18.25 17.37 20.81 14.97 18.03 18.03 21.46 20.59 20.22 15.48 10.73 5.91 7.01 3.58 1.75 1.83 2.85 2.77 1.46 1.75 0.73
10.29 12.34 11.90 14.45 17.74 20.22 19.27 19.56 16.43 17.74 13.29 13.07 9.42 15.40 10.15 10.07 10.66 15.26 15.26 16.86 19.20 18.83 20.00 21.55 24.19 20.04 21.00 22.13 22.85 17.96 14.24 16.50 8.91 10.07 2.63 3.36 4.02 2.92 2.26 1.68 3.58 2.04 1.90 1.90 1.97 2.34 1.61 0.00 0.00 0.00 0.00 0.00 5.04 4.96 5.18 5.55 4.96 7.30 10.51 9.64 13.14 14.60 13.21 14.24 14.38 12.92 13.07 15.33 15.33 19.20 17.08 17.96 15.04 10.73 10.15 5.77 5.11 8.47 5.18 4.16 4.45 1.31 0.80 0.80
12.78 12.56 12.05 16.06 21.02 19.49 19.13 20.37 17.30 11.46 9.86 10.44 6.28 3.94 9.78 10.00 9.42 13.51 13.51 14.02 15.48 13.41 12.19 21.07 21.64 21.64 23.79 22.12 23.93 23.61 19.35 20.51 13.80 13.65 7.23 8.18 9.05 9.64 3.43 2.92 1.46 2.41 1.83 1.83 2.41 1.17 0.00 0.00 0.00 3.43 4.09 3.50 4.60 5.04 5.04 4.09 4.53 6.57 8.76 10.95 13.29 13.36 12.92 16.13 15.77 12.85 21.90 21.90 21.90 20.95 18.18 17.16 18.03 12.92 13.87 11.53 9.34 10.44 5.69 3.94 1.53 1.97 1.61 2.04
12.26 11.39 11.32 10.95 10.80 14.89 18.10 16.50 10.80 10.00 2.70 2.41 0.00 6.13 3.43 7.45 11.10 11.10 11.10 11.85 7.96 7.41 6.62 6.79 13.78 12.99 22.28 26.18 26.44 24.41 22.89 23.58 20.08 19.42 20.22 14.60 12.48 7.96 5.55 3.21 2.99 2.70 1.46 1.46 0.22 0.00 0.00 0.00 3.43 4.02 3.29 3.14 3.58 3.14 0.00 0.00 0.00 5.69 6.64 10.88 15.62 15.84 18.40 17.81 17.74 21.83 24.09 25.11 25.11 23.65 24.31 18.76 15.62 14.53 14.24 13.36 8.03 5.33 5.40 5.69 2.19 2.92 2.99 2.85
12.26 11.39 11.32 10.95 10.80 14.89 18.10 16.50 10.80 10.00 2.70 2.41 0.00 6.13 3.43 7.45 11.10 11.10 11.15 12.23 8.09 7.93 6.46 6.96 13.58 12.99 21.61 24.33 24.70 24.78 23.12 24.56 22.56 20.55 20.74 14.60 12.48 7.96 5.55 3.21 2.99 2.70 1.46 1.46 0.22 0.00 0.00 0.00 3.43 4.02 3.29 3.14 3.58 3.14 0.00 0.00 0.00 5.69 6.64 10.88 15.62 15.84 18.40 17.81 17.74 21.83 24.09 25.11 25.11 23.65 24.31 18.76 15.62 14.53 14.24 13.36 8.03 5.33 5.40 5.69 2.19 2.92 2.99 2.85
12.12 11.90 12.41 10.80 12.63 11.17 16.86 17.23 17.23 9.13 12.99 0.00 4.45 10.59 10.44 13.43 15.62 9.42 9.42 7.01 7.81 5.69 3.45 3.93 7.26 8.77 10.25 24.58 25.11 26.78 25.59 27.01 25.72 25.96 23.48 23.53 18.43 12.48 9.05 5.18 2.63 4.02 1.83 1.83 1.10 0.00 2.77 3.94 3.72 4.67 2.77 5.18 4.31 0.00 0.00 0.00 3.80 6.13 5.26 9.13 13.21 11.61 16.21 20.44 25.11 24.31 24.45 22.34 22.34 22.70 17.96 18.91 16.35 12.63 13.65 13.07 12.56 6.35 7.01 6.86 4.09 2.70 4.02 3.87
12.56 11.75 13.29 11.24 9.71 8.83 11.61 11.83 17.89 18.61 18.98 14.45 16.06 14.89 15.77 15.26 17.23 15.99 15.99 11.89 6.57 0.00 0.00 4.31 6.31 6.23 5.91 15.28 19.37 18.51 19.64 22.19 23.58 23.96 26.02 26.12 20.45 18.56 13.94 7.96 11.02 7.66 4.53 4.53 2.70 2.77 2.70 3.80 2.63 4.16 5.40 5.04 4.89 3.87 3.87 3.21 0.00 4.45 3.50 6.94 8.91 9.20 12.34 18.91 25.55 21.32 21.02 20.81 20.81 21.90 16.35 13.36 14.60 10.37 13.94 10.07 10.29 6.50 8.03 7.88 4.82 4.67 6.06 9.78
13.14 13.94 13.58 13.43 12.12 10.80 10.95 16.28 17.67 18.61 15.48 19.27 11.83 10.59 9.86 10.88 13.58 14.45 14.45 7.81 7.59 7.59 4.38 4.09 3.50 4.60 4.23 7.37 15.91 18.37 16.43 17.81 23.51 23.29 25.59 25.06 25.27 22.05 19.71 15.70 17.16 13.65 4.96 4.96 2.77 3.36 2.56 1.61 1.53 3.14 4.45 5.62 4.60 4.96 4.31 3.65 0.00 0.00 2.70 4.74 7.01 9.49 16.50 15.48 16.35 16.06 17.45 13.72 13.72 13.14 13.65 5.69 7.59 5.91 5.33 7.37 8.69 9.93 9.49 9.42 11.39 9.27 8.83 11.97
11.10 14.31 14.67 14.02 14.60 14.45 17.16 17.96 20.88 19.27 15.99 17.96 15.48 13.87 11.68 10.15 11.46 7.52 7.52 6.57 7.52 7.01 7.15 8.03 8.32 3.65 5.69 11.23 10.59 14.45 15.04 15.33 15.11 22.85 23.65 26.35 27.27 28.37 24.13 19.91 17.52 11.10 7.52 7.52 4.23 5.26 2.26 2.70 1.46 1.83 2.99 0.00 4.02 3.72 3.80 0.00 0.00 0.00 0.00 4.38 5.62 7.08 7.23 10.29 9.64 13.14 6.13 9.78 9.78 3.43 3.80 3.58 4.53 4.02 5.62 5.11 8.10 9.13 10.44 10.22 10.59 11.61 12.56 12.63
1.53 4.89 8.91 14.38 14.53 12.99 14.24 14.97 19.61 16.28 19.64 17.30 14.53 15.40 12.19 4.09 2.63 2.85 2.85 2.56 5.04 3.72 5.69 8.69 9.13 8.61 9.93 9.14 12.41 10.15 11.97 12.56 11.90 11.90 20.00 22.12 26.43 25.92 26.24 22.84 20.54 15.70 12.41 12.41 11.83 7.45 4.09 4.96 2.85 2.56 3.43 2.92 2.92 3.14 0.00 0.00 0.00 0.00 4.45 5.55 5.33 6.35 5.62 6.57 3.43 3.80 3.43 6.13 6.13 2.12 2.41 3.14 2.92 4.16 5.40 7.37 7.08 7.30 4.89 7.74 7.52 8.10 9.20 9.13
3.14 0.00 1.90 9.34 14.75 17.37 14.82 16.57 12.20 11.75 15.91 11.46 10.73 6.50 4.60 1.53 0.00 0.00 0.00 0.00 0.00 0.00 5.48 3.14 8.47 9.56 9.34 10.37 9.34 13.09 12.03 9.76 9.71 8.47 8.32 14.45 21.68 25.96 16.72 19.78 19.69 19.13 14.02 14.02 13.07 9.64 8.25 10.88 7.37 4.53 5.18 2.99 2.70 0.00 0.00 0.00 0.00 0.00 4.23 5.11 5.18 5.48 5.48 5.11 0.00 2.99 0.00 0.00 0.00 0.00 0.00 0.00 0.00 0.00 3.21 3.94 4.74 4.96 0.00 0.00 6.50 8.10 7.45 6.64
3.14 0.00 1.90 9.34 14.75 17.37 14.82 16.57 11.90 11.75 15.91 11.46 10.73 6.50 4.60 1.53 0.00 0.00 0.00 0.00 0.00 0.00 5.48 3.14 8.47 9.56 9.34 10.37 9.20 12.63 11.61 9.71 9.42 8.47 8.36 14.53 21.68 25.83 16.89 19.78 19.49 19.13 14.02 14.02 13.07 9.64 8.25 10.88 7.37 4.53 5.18 2.99 2.70 0.00 0.00 0.00 0.00 0.00 4.23 5.11 5.18 5.48 5.48 5.11 0.00 2.99 0.00 0.00 0.00 0.00 0.00 0.00 0.00 0.00 3.21 3.94 4.74 4.96 0.00 0.00 6.50 8.10 7.45 6.64
11.39 5.48 0.00 0.00 14.82 11.83 18.47 11.19 11.78 8.98 10.37 8.98 8.25 5.84 3.72 0.58 0.00 0.00 0.00 0.00 0.00 0.00 0.00 0.00 4.89 6.50 9.71 9.13 9.42 8.47 10.07 10.07 8.32 7.23 7.37 7.74 9.93 11.83 14.75 13.65 11.83 10.88 11.02 11.02 11.02 11.10 9.27 11.17 10.00 8.69 7.15 5.33 5.84 3.72 1.75 0.00 0.00 3.50 5.04 4.31 4.02 4.23 2.34 0.00 0.00 0.00 0.00 0.00 0.00 0.00 0.00 0.00 0.00 0.00 0.00 0.00 0.00 0.00 0.00 0.00 4.38 6.64 6.13 6.28
