Wansh/Snow_depth/snowdepth-1991/winter/1992009.txt
ncols 321
nrows 161
xllcenter 60
yllcenter 15 
cellsize  0.25 
NODATA_value -1
[rows 0 to 36 of 161, columns 0 to 83 of 321]
12.12 12.12 12.12 11.53 11.75 12.56 13.51 13.36 13.58 14.09 14.38 14.16 14.45 14.24 16.35 14.09 14.89 15.04 14.60 13.43 13.58 13.58 13.14 13.29 11.39 9.34 9.34 10.07 7.08 9.34 9.49 8.76 9.78 9.86 9.34 9.93 10.07 10.00 10.44 10.88 11.75 11.90 9.49 11.68 11.83 11.32 10.00 10.22 11.53 11.68 10.88 10.88 9.42 10.00 8.91 10.44 12.34 12.99 13.14 13.14 13.87 13.87 13.80 13.51 13.58 12.34 11.02 10.95 9.86 0.00 10.22 10.44 0.00 11.02 11.39 11.02 11.02 11.46 0.00 10.59 11.39 10.88 0.00 0.00
9.42 9.42 11.46 11.53 11.10 12.41 13.14 13.29 13.43 13.07 13.21 12.78 10.88 11.68 11.24 12.63 13.87 11.24 10.73 11.68 10.29 12.85 10.00 8.76 6.50 6.20 6.20 5.40 5.55 6.13 8.32 8.25 7.30 8.83 8.69 8.83 9.86 9.86 9.49 8.69 10.95 8.61 7.88 7.88 7.74 9.20 8.54 8.69 8.47 8.61 7.81 7.81 9.86 8.54 8.76 9.05 9.71 9.64 8.98 9.20 9.20 10.15 9.56 9.56 10.15 12.56 10.95 9.86 10.15 8.54 8.98 0.00 9.34 9.27 9.49 10.66 10.66 11.75 10.95 11.32 10.80 9.49 8.98 0.00
8.25 8.25 11.10 11.46 12.26 12.56 12.41 13.14 12.63 12.26 10.15 10.51 10.66 9.56 9.56 9.42 9.49 9.05 8.54 8.32 9.13 8.98 6.72 6.72 5.33 5.04 5.04 5.48 6.20 6.50 5.91 6.42 7.23 7.01 7.96 7.96 8.18 6.20 9.05 7.45 7.23 7.15 6.13 6.42 6.28 6.06 0.00 0.00 7.15 7.08 6.72 6.72 5.11 5.04 5.99 5.91 5.99 5.55 7.08 8.18 8.54 8.40 8.91 9.42 9.42 9.64 9.64 9.64 8.83 8.47 8.69 8.47 8.25 8.47 8.47 9.86 9.86 10.51 10.51 9.56 8.91 7.81 9.34 7.66
8.25 8.25 11.10 11.46 12.26 12.56 12.41 13.14 12.63 12.26 10.15 10.51 10.66 9.56 9.56 9.42 9.49 9.05 8.54 8.32 9.13 8.98 6.72 6.72 5.33 5.04 5.04 5.48 6.20 6.50 5.91 6.42 7.23 7.01 7.96 7.96 8.18 6.20 9.05 7.45 7.23 7.15 6.13 6.42 6.28 6.06 0.00 0.00 7.15 7.08 6.72 6.72 5.11 5.04 5.99 5.91 5.99 5.55 7.08 8.18 8.54 8.40 8.91 9.42 9.42 9.64 9.64 9.64 8.83 8.47 8.69 8.47 8.25 8.47 8.47 9.86 9.86 10.51 10.51 9.56 8.91 7.81 9.34 7.66
9.71 9.71 10.80 11.17 11.17 11.90 12.12 11.97 12.05 11.46 9.71 8.25 8.76 8.61 8.69 7.45 7.96 7.88 8.03 7.15 6.94 7.08 5.77 5.33 5.77 4.74 4.74 4.89 5.11 4.53 0.00 0.00 0.00 6.06 6.20 6.35 5.33 5.62 4.67 5.84 6.13 4.45 4.67 0.00 5.11 5.11 0.00 0.00 0.00 0.00 0.00 0.00 0.00 5.55 0.00 5.62 5.11 5.11 5.18 5.84 5.77 6.64 8.03 7.96 8.18 9.71 9.71 8.83 8.61 8.69 8.76 7.45 7.74 7.96 8.54 8.61 8.61 9.13 10.51 9.56 7.37 7.96 6.64 7.96
11.75 11.75 10.80 10.88 11.83 12.48 12.19 11.75 11.90 8.91 8.91 8.32 8.25 7.59 7.08 7.08 7.52 7.96 7.88 7.15 7.45 6.28 6.57 5.84 6.06 6.20 6.20 5.18 0.00 0.00 4.96 6.79 6.79 6.72 6.64 6.79 6.13 4.23 4.23 4.38 4.45 4.31 0.00 0.00 5.33 5.99 5.91 0.00 0.00 0.00 0.00 0.00 0.00 0.00 5.40 5.84 5.33 4.74 4.89 4.96 5.77 5.69 6.86 7.74 7.74 8.91 8.98 9.27 8.83 9.20 8.61 9.27 8.10 8.25 8.54 8.54 8.54 9.49 9.78 9.56 9.71 7.52 7.37 8.98
12.99 12.99 14.31 13.43 13.65 12.99 12.63 12.99 10.29 10.07 10.80 9.42 9.78 7.81 9.49 8.91 9.20 8.18 9.78 7.52 8.61 8.10 8.98 9.13 7.59 7.59 7.59 8.76 5.91 8.25 8.18 8.25 8.61 9.20 8.10 7.45 7.45 7.37 7.37 5.91 5.04 5.48 5.55 6.28 5.99 6.79 6.06 6.42 5.99 6.79 5.40 5.40 4.53 5.04 4.96 6.06 6.72 6.86 7.15 7.45 7.88 7.37 8.32 8.40 8.83 9.20 9.05 8.98 8.76 8.40 8.32 8.54 7.30 8.40 8.47 7.52 7.52 8.54 8.40 8.91 7.88 8.69 8.91 8.10
12.99 12.99 14.31 13.43 13.65 12.99 12.63 12.99 10.29 10.07 10.80 9.42 9.78 7.81 9.49 8.91 9.20 8.18 9.78 7.52 8.61 8.10 8.98 9.13 7.59 7.59 7.59 8.76 5.91 8.25 8.18 8.25 8.61 9.20 8.10 7.45 7.45 7.37 7.37 5.91 5.04 5.48 5.55 6.28 5.99 6.79 6.06 6.42 5.99 6.79 5.40 5.40 4.53 5.04 4.96 6.06 6.72 6.86 7.15 7.45 7.88 7.37 8.32 8.40 8.83 9.20 9.05 8.98 8.76 8.40 8.32 8.54 7.30 8.40 8.47 7.52 7.52 8.54 8.40 8.91 7.88 8.69 8.91 8.10
15.62 15.62 15.99 15.40 14.75 14.02 12.92 13.51 12.41 12.34 11.24 9.49 9.86 8.54 9.42 10.44 10.66 10.66 10.44 9.27 9.86 9.64 10.73 10.88 11.10 10.00 10.00 9.78 9.71 10.22 12.48 12.48 10.22 8.40 8.83 9.13 8.69 8.69 8.54 8.18 6.35 7.08 9.49 9.27 9.86 8.25 8.47 6.86 7.88 7.96 7.45 7.45 6.94 7.23 7.37 8.47 8.10 9.05 8.47 9.05 8.25 8.32 8.83 8.69 7.23 8.54 8.32 6.79 6.94 6.94 7.23 7.88 8.18 6.79 7.01 6.64 6.64 5.55 5.91 5.69 5.33 6.50 7.01 7.08
15.26 15.26 15.04 14.67 14.67 13.07 12.34 12.26 11.32 12.05 10.80 7.96 8.03 7.88 8.18 9.34 10.07 7.74 10.59 8.61 9.78 10.22 9.93 10.88 9.93 9.71 9.71 10.88 12.48 11.90 13.72 11.24 11.53 9.42 9.20 9.27 7.66 8.91 8.83 8.83 9.05 9.34 10.29 11.10 11.46 9.05 8.18 8.69 8.10 8.32 8.54 8.54 7.88 8.03 8.03 8.83 9.49 9.34 9.56 9.20 9.13 8.25 7.59 6.64 6.64 6.42 5.99 6.13 6.57 6.94 7.01 6.64 6.57 6.57 6.50 6.13 6.13 6.86 5.69 4.96 5.40 5.33 6.13 7.52
13.72 13.72 13.43 12.63 11.68 11.83 11.53 10.66 10.00 8.98 9.20 8.10 6.72 7.23 8.40 8.61 6.79 7.01 7.66 7.74 7.23 8.18 7.37 7.23 9.05 9.13 9.13 8.47 11.68 9.42 9.78 10.07 8.10 7.81 6.64 7.15 7.30 6.57 7.66 8.54 8.25 7.59 7.45 8.98 8.47 9.56 8.91 8.47 8.61 8.32 7.52 7.52 7.88 7.74 8.25 8.61 9.27 9.71 9.93 9.42 8.54 7.08 7.74 6.06 5.55 5.55 5.04 5.40 5.69 5.40 5.99 6.42 6.50 5.77 6.20 6.28 6.28 7.01 6.28 5.84 5.69 5.84 7.81 8.40
13.72 13.72 13.43 12.63 11.68 11.83 11.53 10.66 10.00 8.98 9.20 8.10 6.72 7.23 8.40 8.61 6.79 7.01 7.66 7.74 7.23 8.18 7.37 7.23 9.05 9.13 9.13 8.47 11.68 9.42 9.78 10.07 8.10 7.81 6.64 7.15 7.30 6.57 7.66 8.54 8.25 7.59 7.45 8.98 8.47 9.56 8.91 8.47 8.61 8.32 7.52 7.52 7.88 7.74 8.25 8.61 9.27 9.71 9.93 9.42 8.54 7.08 7.74 6.06 5.55 5.55 5.04 5.40 5.69 5.40 5.99 6.42 6.50 5.77 6.20 6.28 6.28 7.01 6.28 5.84 5.69 5.84 7.81 8.40
13.51 13.51 13.51 11.97 11.61 11.17 10.37 10.59 10.37 8.69 6.06 6.50 6.64 6.79 6.42 6.28 6.28 6.79 6.35 6.94 6.86 6.20 6.64 5.62 5.40 7.74 7.74 7.01 7.08 8.25 6.79 6.64 6.79 5.91 5.69 5.55 6.50 7.23 7.15 7.15 7.52 7.37 8.40 7.96 8.10 7.45 6.72 7.74 7.37 7.23 7.30 7.30 7.81 8.25 8.32 8.32 8.61 8.40 8.61 8.61 8.25 7.96 5.55 5.62 5.62 5.48 5.48 5.40 5.55 6.57 6.20 6.28 6.20 6.42 5.48 4.96 4.96 6.94 6.64 7.08 6.35 5.11 5.18 0.00
12.63 12.63 13.21 12.48 12.05 10.51 9.71 6.86 6.35 6.50 5.55 6.50 7.23 6.86 6.64 7.74 6.57 6.64 6.50 6.06 5.04 5.48 5.18 0.00 0.00 0.00 0.00 5.91 5.18 5.04 5.69 5.77 5.99 5.04 5.84 6.79 6.64 7.01 6.79 7.15 5.62 5.62 5.77 7.37 6.64 6.79 7.01 7.37 7.59 7.52 7.81 7.81 7.88 8.47 8.98 8.40 9.13 10.15 10.29 9.56 8.32 9.71 7.74 6.94 9.20 9.05 9.13 8.69 7.88 6.86 7.15 6.94 5.99 6.13 4.89 5.40 5.40 5.04 4.89 5.55 5.77 3.94 0.00 3.65
12.26 12.26 11.61 11.53 12.26 11.61 9.71 7.08 6.06 7.59 7.23 7.01 7.59 7.81 7.23 7.45 6.57 6.13 5.84 5.84 6.94 6.13 6.06 0.00 0.00 4.67 4.67 5.18 5.55 4.96 5.04 5.69 5.91 6.57 5.91 5.91 5.91 6.28 5.33 5.40 5.77 4.96 5.48 5.40 6.50 7.08 6.94 7.52 7.45 7.45 8.10 8.10 7.96 9.78 9.42 10.51 11.02 11.02 11.68 11.75 11.61 11.53 11.39 11.32 11.61 10.51 9.64 10.88 10.07 10.44 7.59 6.28 6.86 7.52 7.08 6.79 6.79 7.96 6.79 5.84 5.69 3.50 5.62 5.04
12.26 12.26 12.56 11.46 9.86 8.76 8.83 7.23 6.94 8.47 8.54 8.10 8.25 7.66 6.50 6.20 6.06 5.84 6.86 8.03 7.59 6.72 5.99 5.18 5.69 4.67 4.67 4.45 4.89 4.82 5.40 5.62 5.91 5.77 5.84 5.77 5.11 5.48 5.48 4.67 4.45 4.02 5.55 6.86 6.72 7.30 8.32 7.15 7.45 6.94 6.79 6.79 7.88 9.13 11.02 10.88 11.39 11.90 11.75 12.48 12.12 11.17 11.17 11.61 11.53 12.19 11.32 11.24 11.24 9.93 8.40 7.15 7.37 6.94 8.10 7.96 7.96 7.88 6.86 6.20 5.91 5.77 5.99 5.99
12.26 12.26 12.56 11.46 9.86 8.76 8.83 7.23 6.94 8.47 8.54 8.10 8.25 7.66 6.50 6.20 6.06 5.84 6.86 8.03 7.59 6.72 5.99 5.18 5.69 4.67 4.67 4.45 4.89 4.82 5.40 5.62 5.91 5.77 5.84 5.77 5.11 5.48 5.48 4.67 4.45 4.02 5.55 6.86 6.72 7.30 8.32 7.15 7.45 6.94 6.79 6.79 7.88 9.13 11.02 10.88 11.39 11.90 11.75 12.48 12.12 11.17 11.17 11.61 11.53 12.19 11.32 11.24 11.24 9.93 8.40 7.15 7.37 6.94 8.10 7.96 7.96 7.88 6.86 6.20 5.91 5.77 5.99 5.99
12.56 12.56 12.26 10.73 9.42 8.03 6.64 7.74 7.08 7.96 8.61 8.91 8.25 8.10 8.47 7.37 8.03 7.74 7.66 7.74 8.10 8.47 7.30 5.77 6.28 4.60 4.60 4.16 2.56 3.87 3.94 4.45 5.84 5.84 6.06 5.84 5.77 5.40 5.26 5.26 5.55 6.79 7.30 7.01 7.96 8.83 8.61 8.25 6.79 7.08 6.79 6.79 7.96 9.93 9.42 11.24 11.97 11.68 12.41 12.70 11.10 11.17 11.02 10.88 11.02 10.51 9.78 11.02 10.88 9.27 9.64 8.69 8.47 7.96 8.25 7.88 7.88 7.30 6.86 6.28 5.11 4.60 4.89 4.82
10.29 10.29 10.00 10.00 8.91 8.10 7.23 7.30 7.81 8.40 8.10 8.47 8.32 8.69 8.61 8.47 8.54 8.10 8.40 8.40 8.25 8.47 8.61 7.23 6.64 4.67 4.67 5.55 3.43 3.29 4.67 4.23 6.72 7.59 5.77 6.13 5.84 5.33 8.40 7.23 7.08 7.74 8.18 8.47 8.32 9.78 10.73 10.00 7.96 7.08 7.01 7.01 8.10 9.71 10.73 10.59 10.80 11.83 11.61 11.39 11.17 9.93 10.44 10.15 10.73 9.20 9.71 9.42 7.88 8.03 8.98 8.69 7.88 8.47 8.32 8.76 8.76 8.18 5.62 4.89 4.89 4.02 3.58 3.65
8.25 8.25 9.27 8.47 8.32 8.47 7.52 7.66 8.32 8.54 7.37 7.37 7.96 9.05 8.98 8.32 8.69 8.32 8.10 7.37 7.52 8.69 7.66 6.20 7.01 4.45 4.45 3.21 3.43 3.94 7.15 8.03 7.37 8.47 9.56 6.79 7.74 10.80 11.17 11.83 10.59 9.42 9.27 9.56 9.71 9.42 11.24 11.24 10.95 11.02 9.93 9.93 9.42 9.34 9.20 10.73 10.29 10.51 10.07 8.69 9.05 8.98 8.91 9.78 9.71 8.03 7.01 7.59 6.79 6.20 6.06 6.72 6.13 6.28 7.01 7.96 7.96 7.59 6.86 6.50 5.04 5.91 5.33 4.38
7.81 7.81 7.96 8.25 7.96 8.03 8.40 8.10 8.54 7.81 8.03 7.96 8.54 8.47 8.83 8.76 8.18 8.18 8.18 6.86 6.86 7.37 7.23 6.86 4.96 5.40 5.40 5.91 6.28 7.52 7.45 7.45 8.54 8.18 10.22 11.61 11.17 10.80 11.75 10.73 11.10 9.49 9.64 10.22 9.86 10.73 11.97 11.53 11.83 10.00 10.29 10.29 9.42 9.34 10.22 9.86 10.29 9.71 9.27 9.27 8.83 7.45 8.32 7.88 9.56 8.25 6.94 5.99 6.50 6.50 5.69 4.53 4.60 5.69 5.91 6.06 6.06 5.55 6.35 5.62 5.40 6.20 4.60 4.67
7.96 7.96 7.45 7.52 7.96 8.32 9.05 8.83 8.47 8.54 6.57 6.94 8.10 9.05 9.20 9.05 9.34 8.61 8.83 7.96 8.32 8.91 7.45 7.52 6.94 7.01 7.01 6.57 8.10 7.37 6.64 6.94 5.69 9.93 9.27 11.46 10.29 7.52 7.66 8.25 8.25 8.10 8.76 8.98 8.76 8.47 9.93 10.29 11.68 10.51 8.76 8.76 8.10 8.40 8.61 9.13 9.27 8.32 8.18 8.10 7.01 7.30 6.64 7.15 6.64 6.42 5.84 5.91 5.26 4.23 3.72 4.67 4.67 3.87 2.99 5.33 5.33 3.50 5.04 5.33 5.55 4.96 4.96 5.04
7.96 7.96 7.45 7.52 7.96 8.32 9.05 8.83 8.47 8.54 6.57 6.94 8.10 9.05 9.20 9.05 9.34 8.61 8.83 7.96 8.32 8.91 7.45 7.52 6.94 7.01 7.01 6.57 8.10 7.37 6.64 6.94 5.69 9.93 9.27 11.46 10.29 7.52 7.66 8.25 8.25 8.10 8.76 8.98 8.76 8.47 9.93 10.29 11.68 10.51 8.76 8.76 8.10 8.40 8.61 9.13 9.27 8.32 8.18 8.10 7.01 7.30 6.64 7.15 6.64 6.42 5.84 5.91 5.26 4.23 3.72 4.67 4.67 3.87 2.99 5.33 5.33 3.50 5.04 5.33 5.55 4.96 4.96 5.04
3.07 3.07 0.00 7.52 7.45 8.32 9.20 9.49 6.72 6.50 6.35 6.35 8.47 10.15 10.66 9.05 9.71 9.20 9.86 9.27 9.27 8.61 7.81 6.86 6.50 7.81 7.81 7.59 8.03 6.57 5.26 4.82 4.45 7.30 8.76 9.78 9.20 6.79 7.74 7.15 8.25 8.32 7.81 9.13 8.18 8.76 8.54 9.49 9.20 8.83 9.20 9.20 7.23 7.81 8.32 8.10 9.13 8.18 8.03 7.88 7.81 6.13 5.84 6.06 5.77 5.18 5.18 4.53 3.72 4.45 3.87 4.23 3.29 2.48 3.14 0.00 0.00 2.77 4.45 4.67 5.48 5.69 5.04 4.60
2.26 2.26 1.83 8.54 8.98 9.86 9.71 6.72 7.15 6.57 8.76 9.86 9.78 11.24 8.47 8.40 8.18 7.59 8.91 6.72 7.88 7.81 6.20 6.20 6.20 6.06 6.06 6.50 6.13 6.20 6.06 5.99 7.74 7.08 7.59 7.66 7.52 7.52 8.40 8.91 8.61 7.96 8.03 8.40 8.69 8.47 8.32 8.25 8.98 7.96 6.50 6.50 7.23 6.57 8.18 9.34 9.27 8.61 8.47 7.88 7.15 6.28 6.35 6.50 7.81 6.79 6.13 6.72 6.35 6.42 6.28 6.57 5.11 0.00 0.00 3.80 3.80 0.00 4.09 4.82 5.33 5.84 5.55 5.11
1.90 1.90 0.80 1.83 0.00 0.00 0.00 7.52 7.52 7.45 8.76 10.07 7.74 6.72 7.52 5.18 5.18 4.23 5.77 5.84 4.38 4.89 4.67 4.53 4.96 5.11 5.11 5.18 5.48 6.57 7.01 7.08 7.30 8.10 8.10 7.52 7.37 7.81 8.25 8.25 0.00 0.00 0.00 7.37 5.91 5.55 5.62 6.64 6.86 6.94 7.08 7.08 7.52 8.69 9.78 9.20 9.42 8.69 8.61 8.69 8.61 9.49 8.69 8.47 7.59 8.69 7.66 7.74 6.79 7.30 6.86 7.08 7.66 5.77 5.69 5.84 5.84 5.62 5.33 5.69 5.91 5.40 5.91 5.18
2.19 2.19 0.07 0.00 0.80 0.00 0.00 7.30 7.30 8.91 8.69 10.22 7.23 6.06 4.67 4.60 3.94 4.31 3.94 4.23 3.94 4.38 4.23 4.45 3.94 3.94 3.94 5.91 4.96 7.74 7.08 6.86 6.20 6.79 8.10 0.00 7.37 0.00 0.00 0.00 0.00 0.00 0.00 0.00 5.40 4.96 0.00 0.00 6.20 6.06 6.86 6.86 6.94 7.23 10.00 10.37 10.37 9.64 9.71 9.27 10.44 10.29 10.29 10.15 10.37 10.00 7.74 6.94 7.08 6.72 7.23 8.10 7.81 7.01 8.32 7.45 7.45 5.84 6.94 6.42 5.18 6.20 6.28 7.37
0.00 0.00 0.00 0.00 0.00 0.00 0.00 0.00 4.16 3.65 2.04 7.66 8.32 5.69 5.11 5.84 5.77 5.26 6.86 5.11 5.40 5.69 4.60 3.43 3.29 3.14 3.14 5.18 7.45 0.00 6.35 5.33 6.13 5.91 6.28 7.66 0.00 0.00 0.00 0.00 0.00 0.00 4.96 5.40 5.33 5.33 4.16 4.38 6.28 5.33 6.06 6.06 6.20 6.79 7.74 7.23 9.86 10.22 9.42 9.71 9.34 9.78 9.93 10.73 10.07 9.13 7.52 7.52 6.79 7.15 5.40 7.59 7.23 8.10 8.18 7.96 7.96 6.94 7.23 6.64 7.30 7.23 7.30 6.57
0.00 0.00 0.00 0.00 0.00 0.00 0.00 0.00 4.16 3.65 2.04 7.66 8.32 5.69 5.11 5.84 5.77 5.26 6.86 5.11 5.40 5.69 4.60 3.43 3.29 3.14 3.14 5.18 7.45 0.00 6.35 5.33 6.13 5.91 6.28 7.66 0.00 0.00 0.00 0.00 0.00 0.00 4.96 5.40 5.33 5.33 4.16 4.38 6.28 5.33 6.06 6.06 6.20 6.79 7.74 7.23 9.86 10.22 9.42 9.71 9.34 9.78 9.93 10.73 10.07 9.13 7.52 7.52 6.79 7.15 5.40 7.59 7.23 8.10 8.18 7.96 7.96 6.94 7.23 6.64 7.30 7.23 7.30 6.57
0.00 0.00 0.00 0.00 0.00 1.68 2.26 1.31 6.79 9.20 7.81 7.15 6.20 7.52 7.01 8.32 8.40 8.32 8.47 9.34 6.72 6.86 6.86 4.82 2.92 4.82 4.82 3.80 7.59 0.00 0.00 0.00 0.00 0.00 0.00 0.00 0.00 0.00 0.00 0.00 0.00 5.33 6.35 6.50 6.28 6.06 6.06 6.28 5.91 6.35 6.35 6.35 6.72 6.94 6.72 8.69 8.25 9.13 9.05 7.08 8.61 8.98 6.20 6.86 8.03 9.64 7.74 7.66 7.30 6.86 4.89 5.04 6.42 4.74 5.62 6.79 6.79 7.37 7.01 8.18 7.81 7.45 7.15 7.59
0.00 0.00 0.00 0.00 0.00 1.53 3.72 9.64 8.76 10.07 7.30 0.00 0.00 0.00 0.00 0.00 0.00 9.78 10.59 10.88 8.25 7.37 6.06 4.60 4.53 4.60 4.60 7.08 6.50 7.37 0.00 0.00 0.00 0.00 6.79 0.00 5.04 0.00 0.00 5.77 0.00 5.77 6.57 6.57 6.72 6.94 7.01 6.64 6.94 6.79 6.20 6.20 6.57 6.28 6.35 6.20 5.26 6.57 5.55 5.40 5.11 4.89 5.91 5.77 6.28 7.45 7.88 6.50 6.13 5.91 5.62 4.45 3.50 4.82 4.02 5.04 5.04 3.58 5.04 7.23 8.03 8.69 7.81 7.88
0.00 0.00 0.00 0.00 1.46 2.34 2.04 1.75 0.00 6.86 5.62 0.00 0.00 0.00 0.00 0.00 0.00 10.59 10.59 9.20 7.81 8.25 6.20 5.62 3.72 3.80 3.80 5.18 6.50 0.00 0.00 0.00 0.00 0.00 5.18 0.00 0.00 0.00 0.00 0.00 0.00 0.00 6.42 6.50 7.88 7.37 8.69 7.81 7.81 6.72 6.79 6.79 6.72 5.33 4.60 5.48 5.40 4.82 5.48 3.29 4.16 4.23 0.00 0.00 4.45 4.89 6.50 6.42 6.20 6.64 6.28 5.26 4.45 5.26 4.23 0.00 0.00 0.00 3.94 6.42 6.35 8.40 10.00 10.37
0.00 0.00 0.00 0.00 0.00 0.07 0.00 0.00 0.00 0.00 0.00 0.00 0.00 0.00 0.00 0.00 0.00 0.00 0.00 0.00 0.00 0.00 0.00 5.33 4.09 5.33 5.33 4.67 6.57 5.48 0.00 5.55 4.89 0.00 0.00 0.00 0.00 0.00 0.00 0.00 0.00 0.00 6.86 7.74 7.59 7.59 6.86 7.01 6.86 6.94 7.01 7.01 5.99 6.57 4.53 4.31 0.00 0.00 0.00 0.00 0.00 0.00 0.00 0.00 0.00 0.00 0.00 0.00 0.00 0.00 0.07 5.18 6.28 0.00 0.00 0.00 0.00 0.00 0.00 0.00 4.09 7.52 5.55 8.32
0.00 0.00 0.00 0.00 0.00 0.00 0.00 0.00 0.00 0.00 0.00 0.00 0.00 0.00 0.00 0.00 0.00 0.00 0.00 0.00 0.00 0.00 0.00 4.09 4.16 5.33 5.33 6.42 6.35 5.40 5.77 4.96 5.11 0.00 0.00 3.14 3.36 0.00 4.31 0.00 0.00 0.00 7.45 8.03 7.52 7.74 6.79 6.20 5.40 5.84 4.89 4.89 6.86 0.00 0.00 0.00 0.00 0.00 0.00 0.00 0.00 0.00 0.00 0.00 0.00 0.00 0.00 0.00 0.00 0.00 0.00 0.00 0.00 0.00 0.00 0.00 0.00 0.00 0.00 0.00 3.21 3.65 3.43 0.00
0.00 0.00 0.00 0.00 0.00 0.00 0.00 0.00 0.00 0.00 0.00 0.00 0.00 0.00 0.00 0.00 4.38 4.23 0.00 0.00 0.00 0.00 0.00 0.00 0.00 0.00 0.00 0.00 0.00 0.00 0.00 0.00 0.00 0.00 0.00 0.00 0.00 0.00 5.11 5.26 0.00 7.96 8.03 7.59 7.81 6.64 6.86 6.13 5.91 4.74 0.00 0.00 3.65 0.00 0.00 0.00 0.00 0.00 0.00 0.00 0.00 0.00 0.00 0.00 0.00 0.00 0.00 0.00 0.00 0.00 0.00 0.00 0.00 0.00 0.00 0.00 0.00 0.00 0.00 5.91 4.23 4.23 4.16 0.00
0.00 0.00 0.00 0.00 0.00 0.00 0.00 0.00 0.00 0.00 0.00 0.00 0.00 0.00 0.00 0.00 4.38 4.23 0.00 0.00 0.00 0.00 0.00 0.00 0.00 0.00 0.00 0.00 0.00 0.00 0.00 0.00 0.00 0.00 0.00 0.00 0.00 0.00 5.11 5.26 0.00 7.96 8.03 7.59 7.81 6.64 6.86 6.13 5.91 4.74 0.00 0.00 3.65 0.00 0.00 0.00 0.00 0.00 0.00 0.00 0.00 0.00 0.00 0.00 0.00 0.00 0.00 0.00 0.00 0.00 0.00 0.00 0.00 0.00 0.00 0.00 0.00 0.00 0.00 5.91 4.23 4.23 4.16 0.00
0.00 0.00 0.00 0.00 0.00 0.00 0.00 0.00 0.00 0.00 0.00 0.00 0.00 0.00 0.00 0.00 0.00 4.67 0.00 0.00 0.00 0.00 0.00 0.00 0.00 0.00 0.00 0.00 0.00 0.00 4.02 0.00 0.00 0.00 0.00 0.00 0.00 0.00 5.11 5.11 0.00 7.96 8.03 7.59 7.88 7.52 6.86 6.13 5.91 4.74 0.00 0.00 0.00 0.00 0.00 0.00 0.00 0.00 0.00 0.00 0.00 0.00 0.00 0.00 0.00 0.00 0.00 0.00 0.00 0.00 0.00 0.00 0.00 0.66 1.17 2.56 2.56 4.74 0.00 9.86 8.10 8.83 13.72 9.13
