Wansh/Snow_depth/snowdepth-1991/winter/1992017.txt
ncols 321
nrows 161
xllcenter 60
yllcenter 15 
cellsize  0.25 
NODATA_value -1
[rows 0 to 36 of 161, columns 0 to 83 of 321]
11.97 11.97 11.61 11.61 8.76 12.12 12.63 14.45 15.84 15.48 17.30 15.55 16.28 16.43 16.50 16.64 16.21 15.99 16.28 15.18 14.97 15.04 15.11 14.09 14.60 13.72 13.72 11.68 13.87 12.34 13.21 13.51 13.21 12.70 13.29 13.21 13.21 12.92 13.87 13.94 13.36 12.85 13.94 13.72 13.80 13.65 13.21 14.53 13.72 14.02 13.80 13.80 13.65 11.90 13.21 15.04 14.67 16.28 17.08 17.01 17.08 16.64 16.86 15.62 16.06 15.91 14.82 14.09 14.09 13.14 13.29 14.16 14.38 14.16 15.40 15.99 15.99 15.70 16.28 15.11 15.11 14.89 14.67 12.78
11.24 11.24 10.95 11.46 12.12 11.75 12.48 13.43 14.24 14.89 15.18 15.04 15.70 13.36 14.24 13.94 14.82 11.83 12.26 12.19 14.02 13.58 13.29 13.07 10.88 11.02 11.02 11.10 11.97 12.63 12.63 11.90 13.21 12.34 12.70 12.70 12.85 13.65 13.58 13.21 12.92 12.99 11.97 12.19 13.21 12.78 12.92 12.70 12.85 13.07 13.43 13.43 13.58 11.53 11.83 11.53 12.56 11.90 11.75 12.19 12.70 15.40 13.58 14.89 14.89 14.53 14.60 13.21 12.26 12.41 12.78 13.14 13.80 13.36 13.80 14.31 14.31 14.09 14.60 14.38 13.94 14.45 13.21 13.65
11.02 11.02 11.24 10.95 12.56 12.63 13.72 13.51 13.80 14.53 13.07 12.70 12.99 13.21 12.26 10.66 10.95 11.02 10.88 11.90 11.53 11.68 11.02 11.39 10.66 10.66 10.66 11.83 11.90 10.88 11.46 11.39 11.75 11.97 12.12 12.34 11.97 12.99 12.34 12.12 12.05 10.59 11.90 10.95 10.95 11.24 11.24 11.90 12.34 10.15 10.44 10.44 8.83 8.69 8.54 9.49 10.73 10.66 11.10 11.02 11.61 12.34 12.12 13.14 12.78 12.63 12.70 12.41 12.34 12.41 12.70 12.48 13.14 12.92 12.92 13.14 13.14 12.26 12.48 13.80 13.58 14.02 12.19 11.75
11.02 11.02 11.24 10.95 12.56 12.63 13.72 13.51 13.80 14.53 13.07 12.70 12.99 13.21 12.26 10.66 10.95 11.02 10.88 11.90 11.53 11.68 11.02 11.39 10.66 10.66 10.66 11.83 11.90 10.88 11.46 11.39 11.75 11.97 12.12 12.34 11.97 12.99 12.34 12.12 12.05 10.59 11.90 10.95 10.95 11.24 11.24 11.90 12.34 10.15 10.44 10.44 8.83 8.69 8.54 9.49 10.73 10.66 11.10 11.02 11.61 12.34 12.12 13.14 12.78 12.63 12.70 12.41 12.34 12.41 12.70 12.48 13.14 12.92 12.92 13.14 13.14 12.26 12.48 13.80 13.58 14.02 12.19 11.75
10.29 10.29 12.05 10.29 11.83 12.26 13.80 14.38 13.51 13.72 12.85 11.53 10.59 9.78 9.93 9.93 11.24 11.10 11.02 11.32 10.95 11.46 11.39 11.68 10.37 10.51 10.51 10.15 10.73 10.80 9.93 10.95 11.10 10.44 10.51 10.73 9.27 9.20 8.25 10.51 10.59 9.64 7.88 8.25 10.51 10.44 10.29 9.56 9.78 7.88 7.66 7.66 7.88 7.66 9.05 8.69 8.83 8.25 8.40 8.54 9.86 9.42 11.24 12.19 13.07 12.63 11.97 12.19 11.32 10.66 10.88 11.39 11.10 11.17 11.02 11.68 11.68 11.75 11.61 12.48 12.85 12.34 12.63 11.61
12.34 12.34 11.83 12.34 14.16 15.40 15.18 14.97 13.36 12.70 11.17 11.53 10.88 9.78 10.88 10.88 11.61 13.07 12.63 12.78 12.12 11.83 11.97 11.83 11.53 10.22 10.22 10.29 9.20 8.61 8.83 9.56 10.29 10.37 9.56 9.71 8.61 7.30 7.37 7.45 6.72 7.66 7.01 6.72 6.50 8.40 8.76 8.91 7.66 7.01 7.15 7.15 6.42 7.37 7.15 8.40 9.20 8.03 8.25 8.18 9.27 10.66 10.59 11.17 12.19 12.19 12.05 10.95 11.32 10.51 10.00 10.00 9.93 9.93 10.37 11.02 11.02 10.95 11.10 11.24 11.68 12.41 11.53 11.46
15.99 15.99 12.63 16.13 16.57 15.84 15.62 14.67 15.11 13.58 12.19 12.05 11.90 12.12 11.75 13.36 13.80 13.36 13.58 13.80 13.94 12.41 13.43 12.05 12.05 12.12 12.12 9.86 9.86 11.17 10.22 9.56 11.68 10.88 10.00 9.49 9.56 8.03 7.96 6.94 7.15 6.50 6.20 6.94 8.40 8.18 8.83 8.47 7.96 7.88 7.15 7.15 7.66 7.08 9.13 8.98 9.05 9.93 9.86 10.15 10.37 10.37 10.80 11.32 11.68 10.29 11.10 10.73 11.10 9.86 9.49 9.56 9.42 8.32 8.61 8.47 8.47 9.27 10.59 9.78 10.95 11.17 12.12 12.05
15.99 15.99 12.63 16.13 16.57 15.84 15.62 14.67 15.11 13.58 12.19 12.05 11.90 12.12 11.75 13.36 13.80 13.36 13.58 13.80 13.94 12.41 13.43 12.05 12.05 12.12 12.12 9.86 9.86 11.17 10.22 9.56 11.68 10.88 10.00 9.49 9.56 8.03 7.96 6.94 7.15 6.50 6.20 6.94 8.40 8.18 8.83 8.47 7.96 7.88 7.15 7.15 7.66 7.08 9.13 8.98 9.05 9.93 9.86 10.15 10.37 10.37 10.80 11.32 11.68 10.29 11.10 10.73 11.10 9.86 9.49 9.56 9.42 8.32 8.61 8.47 8.47 9.27 10.59 9.78 10.95 11.17 12.12 12.05
14.67 14.67 13.94 16.94 17.37 16.06 15.70 15.26 14.38 13.94 14.24 13.87 12.85 12.78 12.70 13.43 15.40 15.26 15.18 14.67 14.24 14.75 14.02 14.97 13.72 13.72 13.72 13.51 12.26 11.61 14.89 12.70 12.85 11.68 11.32 10.29 10.51 10.15 10.44 7.88 7.37 7.08 10.51 11.53 11.83 9.13 8.76 9.05 8.91 10.07 10.07 10.07 9.20 7.81 8.03 8.98 8.83 9.49 9.86 9.56 10.73 10.80 10.80 11.17 10.29 10.80 10.80 10.73 8.69 7.88 7.96 8.10 7.96 7.96 7.88 7.52 7.52 6.94 5.18 5.77 8.47 8.03 9.86 9.27
15.62 15.62 15.91 15.70 15.55 15.62 13.72 13.72 13.14 12.99 11.68 11.17 11.24 12.70 13.43 12.63 14.75 15.91 14.53 14.75 13.94 12.05 14.09 14.45 12.19 13.14 13.14 13.14 13.65 15.55 15.18 12.85 11.68 11.68 10.51 9.64 10.59 11.02 10.88 10.88 10.66 10.73 10.29 11.83 9.49 10.22 8.54 9.20 9.05 10.59 9.42 9.42 9.78 8.32 8.25 8.32 9.56 10.44 10.44 10.80 10.07 9.05 9.05 8.47 7.96 8.76 7.96 8.03 7.88 7.96 8.03 8.25 8.18 8.03 7.15 7.59 7.59 7.52 4.74 4.38 7.08 6.86 8.03 7.96
14.75 14.75 14.97 13.72 12.70 12.19 12.26 12.63 12.56 11.10 10.15 10.22 10.37 11.17 11.68 11.02 12.48 12.48 12.85 11.46 11.61 11.46 8.91 11.46 11.39 10.59 10.59 13.21 12.92 11.02 11.83 12.05 9.71 7.96 9.78 9.13 9.05 8.69 10.73 10.44 10.59 9.64 9.93 11.53 9.78 9.20 9.42 8.54 8.47 8.32 8.61 8.61 8.40 8.69 9.20 9.56 9.42 10.22 10.44 10.37 10.07 8.69 8.03 8.03 7.74 7.45 6.20 6.57 6.06 7.45 7.81 7.74 8.03 6.57 6.06 5.33 5.33 5.77 6.13 5.91 6.42 5.77 7.66 5.77
14.75 14.75 14.97 13.72 12.70 12.19 12.26 12.63 12.56 11.10 10.15 10.22 10.37 11.17 11.68 11.02 12.48 12.48 12.85 11.46 11.61 11.46 8.91 11.46 11.39 10.59 10.59 13.21 12.92 11.02 11.83 12.05 9.71 7.96 9.78 9.13 9.05 8.69 10.73 10.44 10.59 9.64 9.93 11.53 9.78 9.20 9.42 8.54 8.47 8.32 8.61 8.61 8.40 8.69 9.20 9.56 9.42 10.22 10.44 10.37 10.07 8.69 8.03 8.03 7.74 7.45 6.20 6.57 6.06 7.45 7.81 7.74 8.03 6.57 6.06 5.33 5.33 5.77 6.13 5.91 6.42 5.77 7.66 5.77
14.02 14.02 14.38 13.51 12.19 11.32 11.68 11.53 11.68 10.88 10.95 9.93 10.95 10.88 9.49 9.86 11.68 11.68 11.10 11.24 8.25 7.88 8.10 7.01 8.98 9.05 9.05 7.45 9.42 9.42 8.03 8.47 8.83 6.94 7.01 7.23 8.10 9.27 9.34 9.64 9.13 9.27 9.20 9.71 9.05 9.34 8.47 9.13 7.66 8.61 8.40 8.40 8.47 8.54 9.20 9.34 9.64 10.59 10.51 10.66 10.29 9.05 8.18 6.72 6.42 6.42 6.06 5.11 6.94 6.72 6.94 6.64 7.01 6.94 6.28 4.89 4.89 5.77 6.42 7.66 6.50 6.64 6.13 3.14
14.16 14.16 14.09 11.83 11.83 11.90 11.75 10.51 8.32 8.69 8.47 8.83 8.03 8.32 8.32 9.49 10.59 10.73 10.07 10.22 7.59 7.01 5.91 5.77 5.99 6.35 6.35 6.20 6.28 7.01 7.08 6.94 6.72 6.79 7.15 8.03 9.20 9.05 9.71 8.32 8.83 6.64 7.88 8.10 7.59 7.66 7.74 7.88 8.18 8.10 7.74 7.74 8.32 8.25 8.54 8.98 8.61 10.00 10.59 10.44 10.88 10.07 8.61 8.69 9.05 10.59 9.56 7.30 7.88 6.35 6.64 7.37 7.52 6.72 5.69 7.30 7.30 7.08 7.52 6.72 6.57 4.60 4.23 4.09
12.41 12.41 12.05 11.75 12.12 10.44 9.13 9.34 8.25 6.86 8.03 8.25 8.03 8.61 10.73 11.17 11.24 10.07 9.78 8.76 6.86 7.30 5.62 5.99 6.06 6.72 6.72 6.50 6.42 7.59 6.72 6.57 8.10 7.74 7.96 8.03 7.15 5.99 8.32 7.37 5.91 6.20 5.99 7.08 6.94 7.74 7.88 8.18 7.37 7.88 8.10 8.10 7.37 8.69 11.46 10.88 11.61 11.97 12.48 12.48 12.41 12.78 12.41 12.85 12.85 12.92 12.34 10.00 10.51 9.13 8.25 8.18 8.03 8.91 8.25 9.93 9.93 9.27 9.56 7.74 5.40 6.72 5.69 5.91
12.34 12.34 12.12 12.19 11.10 10.00 7.81 8.03 8.76 8.32 8.47 10.07 9.64 9.34 10.00 9.13 9.56 9.34 9.78 9.42 8.83 8.83 7.81 6.20 6.42 6.50 6.50 6.35 6.50 7.01 7.23 8.10 7.96 8.18 6.50 5.77 5.99 5.55 5.69 5.62 5.48 5.99 5.91 7.08 8.54 8.76 8.69 7.96 8.47 7.66 7.52 7.52 8.61 8.32 11.53 12.56 12.78 12.26 12.99 12.85 12.63 13.36 11.53 12.41 13.72 13.51 14.31 12.12 12.34 11.53 12.05 10.15 9.13 9.56 9.49 9.56 9.56 10.15 9.56 8.25 7.23 5.77 6.57 5.77
12.34 12.34 12.12 12.19 11.10 10.00 7.81 8.03 8.76 8.32 8.47 10.07 9.64 9.34 10.00 9.13 9.56 9.34 9.78 9.42 8.83 8.83 7.81 6.20 6.42 6.50 6.50 6.35 6.50 7.01 7.23 8.10 7.96 8.18 6.50 5.77 5.99 5.55 5.69 5.62 5.48 5.99 5.91 7.08 8.54 8.76 8.69 7.96 8.47 7.66 7.52 7.52 8.61 8.32 11.53 12.56 12.78 12.26 12.99 12.85 12.63 13.36 11.53 12.41 13.72 13.51 14.31 12.12 12.34 11.53 12.05 10.15 9.13 9.56 9.49 9.56 9.56 10.15 9.56 8.25 7.23 5.77 6.57 5.77
12.26 12.26 11.24 11.53 10.95 9.05 8.25 9.05 9.42 9.13 11.10 10.88 10.51 11.68 10.44 10.51 10.51 10.88 11.10 10.80 11.10 8.10 7.88 8.25 6.64 6.35 6.35 7.52 6.13 6.42 5.99 6.06 6.94 6.79 6.35 6.13 5.62 5.69 6.42 7.96 7.59 8.40 7.37 7.30 7.88 8.98 8.47 8.69 6.72 6.13 6.06 6.06 8.25 9.93 11.75 11.53 11.68 12.41 11.75 11.97 11.17 10.22 11.02 11.90 13.43 11.46 12.48 12.41 14.16 13.65 11.02 9.56 9.78 9.71 9.42 9.56 9.56 9.78 9.27 7.59 7.52 6.35 6.06 5.40
10.80 10.80 10.51 9.71 8.69 8.69 8.47 9.05 10.29 10.29 10.51 10.37 11.83 12.48 12.19 12.26 12.70 11.75 13.07 10.95 11.39 10.51 9.34 10.44 11.46 8.18 8.18 5.77 6.35 5.04 6.06 5.33 7.74 8.03 6.57 7.01 5.69 9.05 7.30 9.05 9.93 8.54 9.05 8.32 8.83 8.25 9.34 7.37 7.66 7.01 7.81 7.81 7.45 9.42 11.17 11.83 11.75 11.90 10.95 9.78 9.93 9.86 9.71 10.00 10.22 10.15 11.24 11.75 9.71 9.71 11.68 10.29 6.86 9.05 10.00 9.64 9.64 9.56 7.01 8.40 6.50 6.13 4.53 4.89
9.64 9.64 9.34 9.86 9.13 9.20 9.93 10.59 10.51 10.15 10.95 11.75 11.75 12.19 12.41 12.56 11.46 12.34 12.70 11.02 10.73 10.66 11.32 12.19 8.32 9.13 9.13 6.42 6.86 6.06 6.50 10.00 9.42 9.27 7.74 6.57 6.50 10.22 12.70 12.56 11.61 9.64 9.13 8.83 9.42 8.47 8.32 8.25 8.47 7.74 7.66 7.66 7.74 8.76 9.71 11.32 10.44 9.93 8.98 9.20 8.69 9.05 8.69 9.78 10.15 8.76 7.59 7.01 6.86 7.59 6.06 6.13 7.45 6.79 9.49 7.96 7.96 7.96 8.54 7.37 7.59 7.30 6.57 4.89
9.42 9.42 9.42 9.86 9.13 9.49 9.86 11.02 11.53 10.95 10.88 11.68 10.37 11.10 10.95 10.73 11.10 12.63 11.61 12.05 10.66 11.75 11.24 11.02 8.32 7.37 7.37 7.15 7.74 8.54 8.25 10.15 9.64 9.13 9.56 9.05 11.02 10.59 12.26 12.63 10.15 10.44 9.42 8.69 8.83 7.96 8.40 8.69 8.40 7.88 7.52 7.52 7.30 7.59 9.05 10.22 9.93 10.15 8.54 7.88 7.66 7.66 6.79 7.74 8.47 8.40 7.74 7.30 4.60 5.40 3.72 3.72 5.55 5.48 7.15 6.72 6.72 7.81 7.37 7.88 7.74 6.35 6.42 5.62
9.56 9.56 8.91 9.20 9.64 9.27 10.44 11.68 11.68 12.05 8.25 8.54 8.83 8.76 10.51 10.44 11.83 12.56 12.26 12.48 12.63 12.26 11.75 11.61 8.76 7.81 7.81 8.76 8.83 8.40 7.45 6.20 8.54 8.40 9.42 8.83 10.95 12.19 11.32 11.68 9.49 8.32 8.03 7.45 6.72 5.84 7.66 7.74 7.74 7.88 6.57 6.57 6.64 7.08 6.86 7.96 8.76 7.45 6.79 6.86 6.06 6.72 6.94 6.79 7.37 6.72 5.69 4.60 4.02 3.50 3.58 3.58 3.94 4.45 5.26 5.62 5.62 6.13 6.20 6.50 7.23 7.01 5.40 5.69
9.56 9.56 8.91 9.20 9.64 9.27 10.44 11.68 11.68 12.05 8.25 8.54 8.83 8.76 10.51 10.44 11.83 12.56 12.26 12.48 12.63 12.26 11.75 11.61 8.76 7.81 7.81 8.76 8.83 8.40 7.45 6.20 8.54 8.40 9.42 8.83 10.95 12.19 11.32 11.68 9.49 8.32 8.03 7.45 6.72 5.84 7.66 7.74 7.74 7.88 6.57 6.57 6.64 7.08 6.86 7.96 8.76 7.45 6.79 6.86 6.06 6.72 6.94 6.79 7.37 6.72 5.69 4.60 4.02 3.50 3.58 3.58 3.94 4.45 5.26 5.62 5.62 6.13 6.20 6.50 7.23 7.01 5.40 5.69
7.88 7.88 7.96 9.13 8.40 9.71 11.39 11.10 11.97 6.94 5.40 6.64 9.13 8.32 11.83 12.92 13.21 12.99 14.24 13.51 11.83 11.61 11.46 9.71 8.61 8.54 8.54 8.40 7.45 7.23 7.88 5.69 6.42 6.06 9.13 11.61 11.02 10.73 9.56 8.40 8.10 8.25 7.81 7.15 7.23 5.91 5.18 6.13 5.69 6.64 6.86 6.86 7.01 5.77 7.01 8.10 7.88 7.74 6.50 5.91 6.79 5.04 6.42 6.42 5.99 6.57 6.35 5.11 3.80 3.65 3.87 3.50 3.36 3.94 3.94 4.23 4.23 5.04 6.20 5.77 6.64 7.23 5.69 5.18
7.52 7.52 7.45 7.52 8.10 9.93 10.73 8.25 6.06 6.94 5.18 8.83 10.66 11.83 11.32 11.68 10.29 12.05 11.61 12.48 10.80 8.76 9.20 9.34 7.88 8.03 8.03 8.40 8.03 6.79 6.57 6.64 7.59 9.56 9.05 10.37 10.80 9.27 9.71 8.32 8.25 7.59 7.81 6.42 6.35 6.50 5.69 7.15 7.74 7.96 6.72 6.72 6.13 6.86 6.57 7.59 8.25 8.98 8.76 8.83 7.23 7.01 6.86 9.42 8.98 8.40 7.96 6.50 6.57 5.40 8.32 5.84 7.81 4.31 7.30 5.33 5.33 5.77 5.18 6.50 7.08 7.08 6.79 5.40
7.45 7.45 7.37 7.37 7.66 8.76 7.23 6.94 8.32 10.29 9.64 10.15 9.20 8.32 6.42 8.76 8.03 9.42 9.64 9.13 9.86 7.88 7.37 7.45 7.45 6.79 6.79 7.23 7.52 6.94 7.37 8.91 8.25 10.44 9.56 7.01 10.29 7.74 7.74 7.45 7.81 0.00 0.00 0.00 6.50 0.00 6.50 8.03 6.72 6.28 6.57 6.57 6.94 7.52 8.69 8.98 9.13 8.61 8.91 9.05 10.95 10.88 10.95 10.80 9.64 11.97 10.59 9.20 9.49 9.34 11.24 11.83 6.13 9.56 8.69 6.42 6.42 7.01 7.30 7.08 6.35 6.79 6.72 6.79
7.66 7.66 6.94 6.86 6.72 5.84 6.20 7.08 8.18 10.22 12.34 9.13 9.78 6.79 6.72 7.52 8.69 8.40 8.76 8.25 8.03 8.18 7.15 6.72 6.06 6.50 6.50 6.06 6.79 6.79 6.42 7.23 10.44 10.29 9.42 4.96 2.34 2.63 4.60 0.00 7.37 0.00 0.00 0.00 0.00 0.00 0.00 5.55 6.13 6.06 6.28 6.28 7.23 8.76 8.47 9.78 9.56 10.95 10.37 11.02 10.95 11.75 12.48 14.02 12.85 11.24 11.75 10.00 9.49 10.22 10.29 11.97 11.97 9.78 10.37 9.49 9.49 7.96 8.47 6.72 6.94 6.64 6.86 6.86
8.47 8.47 7.08 5.33 3.87 4.31 5.55 8.47 7.59 11.39 14.82 10.88 10.44 7.88 7.08 9.56 8.83 7.66 7.96 7.74 8.25 7.23 7.08 7.66 5.55 5.69 5.69 5.18 5.99 5.69 6.86 6.28 10.44 10.07 10.29 5.18 2.34 5.84 5.48 7.88 0.00 0.00 0.00 0.00 0.00 5.77 6.06 6.06 5.48 6.35 6.64 6.64 6.35 7.74 8.03 10.29 11.61 11.53 10.95 11.10 11.32 12.19 14.09 13.51 14.67 14.97 13.21 10.95 10.07 10.29 9.78 9.34 10.59 7.30 8.76 8.47 8.47 9.64 8.98 7.45 7.45 7.81 7.23 7.74
8.47 8.47 7.08 5.33 3.87 4.31 5.55 8.47 7.59 11.39 14.82 10.88 10.44 7.88 7.08 9.56 8.83 7.66 7.96 7.74 8.25 7.23 7.08 7.66 5.55 5.69 5.69 5.18 5.99 5.69 6.86 6.28 10.44 10.07 10.29 5.18 2.34 5.84 5.48 7.88 0.00 0.00 0.00 0.00 0.00 5.77 6.06 6.06 5.48 6.35 6.64 6.64 6.35 7.74 8.03 10.29 11.61 11.53 10.95 11.10 11.32 12.19 14.09 13.51 14.67 14.97 13.21 10.95 10.07 10.29 9.78 9.34 10.59 7.30 8.76 8.47 8.47 9.64 8.98 7.45 7.45 7.81 7.23 7.74
5.33 5.33 5.69 4.38 4.16 5.55 6.20 11.02 14.97 15.55 15.48 15.91 13.51 9.13 8.40 7.96 8.18 6.06 7.66 7.74 8.25 8.18 7.37 7.66 5.99 5.26 5.26 6.64 6.57 8.25 0.00 0.00 0.00 11.24 8.76 8.54 4.23 9.13 0.00 0.00 0.00 0.00 0.00 0.00 0.00 7.30 7.30 6.86 6.94 7.23 6.13 6.13 6.42 6.57 7.08 9.05 11.39 11.10 9.42 9.78 10.22 11.02 13.14 12.99 15.04 13.94 13.43 11.53 11.32 9.86 6.79 8.18 6.13 6.13 7.88 6.28 6.28 8.47 8.61 8.03 8.32 8.25 7.74 7.52
2.48 2.48 2.04 3.94 5.55 5.33 6.79 9.78 14.89 14.02 15.70 15.55 14.53 7.30 3.14 0.00 0.00 2.85 5.48 7.88 7.74 7.23 7.08 7.08 6.57 6.57 6.57 7.66 10.44 10.15 10.88 10.80 11.02 11.10 11.61 9.86 8.69 9.27 9.20 0.00 0.00 0.00 0.00 7.74 7.74 7.96 7.96 6.79 7.81 6.79 7.37 7.37 6.06 6.86 8.03 10.29 9.27 9.64 8.69 9.20 9.20 9.78 11.39 10.66 12.63 13.07 13.21 10.44 11.39 6.94 6.06 5.18 5.55 4.89 4.60 5.18 5.18 4.96 7.74 7.52 8.54 8.69 8.61 8.76
1.83 1.83 2.12 3.80 5.40 6.20 9.78 8.76 13.21 10.88 12.78 11.17 7.37 9.05 1.10 0.00 0.00 4.45 2.99 6.50 7.23 7.23 6.64 8.03 6.72 7.59 7.59 7.01 10.59 10.00 9.64 9.71 10.80 11.97 9.71 10.37 7.66 0.00 0.00 0.00 0.00 0.00 0.00 0.00 8.83 9.27 8.91 9.20 8.91 8.18 8.25 8.25 7.59 7.23 6.86 8.91 9.49 8.40 6.20 5.99 7.23 9.05 8.91 8.40 9.71 7.30 10.44 10.37 7.96 7.81 7.59 6.06 5.11 5.18 5.33 4.82 4.82 0.00 6.50 5.91 5.77 8.25 9.71 9.78
4.67 4.67 2.48 3.43 2.34 4.89 6.94 6.20 8.69 9.13 11.24 11.24 7.74 0.66 3.29 0.00 0.00 3.36 4.89 4.09 6.06 5.99 5.84 5.77 6.35 7.37 7.37 8.83 8.25 9.20 0.00 0.00 0.00 0.00 0.00 0.00 0.00 0.00 0.00 0.00 0.00 0.00 0.00 8.76 10.95 11.10 10.15 10.07 8.98 8.32 8.32 8.32 8.69 7.52 7.59 6.42 5.77 5.69 6.06 4.60 0.00 0.00 6.94 0.00 3.72 7.45 5.62 6.64 5.48 6.42 4.74 5.33 0.00 4.09 0.00 0.00 0.00 0.00 0.00 0.00 4.38 9.20 9.13 8.83
3.87 3.87 0.00 0.51 0.00 1.68 0.00 2.99 6.13 7.59 6.94 9.27 8.54 4.60 2.77 0.95 0.00 3.21 2.99 0.00 2.48 3.29 5.18 6.72 7.96 7.59 7.59 8.40 0.00 0.00 0.00 0.00 0.00 0.00 0.00 0.00 0.00 0.00 0.00 0.00 0.00 7.01 0.00 8.10 10.95 10.15 10.00 10.00 9.34 8.32 7.66 7.66 7.45 7.30 6.42 5.18 3.07 3.07 0.00 0.00 0.00 0.00 0.00 0.00 0.00 0.00 0.00 0.00 0.00 0.00 0.00 0.00 0.00 0.00 0.00 0.00 0.00 0.00 0.00 0.00 4.74 5.84 0.00 7.59
0.00 0.00 0.00 0.00 0.00 0.00 0.00 1.46 3.94 6.13 7.23 9.13 8.32 6.35 5.55 4.16 4.16 4.16 2.12 1.31 1.97 4.45 3.65 6.20 4.23 5.77 5.77 5.91 0.00 0.00 0.00 0.00 0.00 0.00 0.00 0.00 0.00 0.00 0.00 0.00 0.00 6.94 8.18 8.03 8.18 9.42 9.20 7.15 7.01 8.40 7.15 7.15 6.50 6.28 4.53 5.18 0.00 0.00 0.00 0.00 0.00 0.00 0.00 0.00 0.00 0.00 0.00 0.00 0.00 0.00 0.00 0.00 0.00 0.00 0.00 0.00 0.00 0.00 5.99 5.18 0.00 7.37 0.00 0.00
0.00 0.00 0.00 0.00 0.00 0.00 0.00 1.46 3.94 6.13 7.23 9.13 8.32 6.35 5.55 4.16 4.16 4.16 2.12 1.31 1.97 4.45 3.65 6.20 4.23 5.77 5.77 5.91 0.00 0.00 0.00 0.00 0.00 0.00 0.00 0.00 0.00 0.00 0.00 0.00 0.00 6.94 8.18 8.03 8.18 9.42 9.20 7.15 7.01 8.40 7.15 7.15 6.50 6.28 4.53 5.18 0.00 0.00 0.00 0.00 0.00 0.00 0.00 0.00 0.00 0.00 0.00 0.00 0.00 0.00 0.00 0.00 0.00 0.00 0.00 0.00 0.00 0.00 5.99 5.18 0.00 7.37 0.00 0.00
0.00 0.00 0.00 0.00 0.00 1.02 3.50 4.38 4.02 5.77 7.08 6.94 6.35 6.50 7.08 2.77 3.87 2.63 2.56 1.83 2.85 5.33 5.77 5.84 2.77 0.00 0.00 0.00 0.00 0.00 0.00 0.00 0.00 0.00 0.00 0.00 0.00 0.00 0.00 0.00 0.00 0.00 0.00 7.45 7.30 6.64 6.20 6.42 5.33 6.20 6.50 6.50 6.50 5.84 4.45 0.00 0.00 0.00 0.00 0.00 0.00 2.34 0.00 0.00 0.00 0.00 0.00 0.00 0.00 0.00 0.00 1.31 1.24 2.04 3.58 3.14 3.14 5.11 9.13 7.15 10.51 11.10 8.61 8.47
