Wansh/Snow_depth/snowdepth-1991/winter/1992027.txt
ncols 321
nrows 161
xllcenter 60
yllcenter 15 
cellsize  0.25 
NODATA_value -1
[rows 0 to 36 of 161, columns 84 to 167 of 321]
15.40 15.40 14.67 14.97 13.58 11.17 11.97 8.10 8.61 8.18 10.07 10.00 10.00 11.02 13.36 12.26 13.43 13.51 13.51 13.07 13.51 13.65 13.36 9.05 9.05 0.00 0.00 0.00 0.00 0.00 0.00 8.61 9.27 9.27 8.18 11.17 9.56 8.69 9.56 8.25 10.07 5.62 7.23 7.23 4.23 2.85 2.85 2.04 3.21 4.53 5.84 7.37 7.01 8.54 4.96 6.86 6.13 7.23 7.23 10.37 5.26 5.33 5.11 4.53 4.89 3.50 5.99 5.84 5.84 7.52 6.94 9.86 10.73 10.88 11.17 10.88 13.36 12.92 13.14 13.36 14.09 11.32 12.56 11.83
14.09 14.38 13.72 12.63 11.32 11.97 11.97 12.26 11.46 10.29 9.56 9.49 7.59 7.88 9.05 5.99 9.05 11.17 11.17 12.92 12.19 13.14 10.66 10.88 6.28 0.00 0.00 0.00 0.00 0.00 0.00 2.12 4.09 5.18 6.06 6.72 6.28 7.30 7.96 8.83 9.64 8.76 9.20 9.20 10.95 11.61 7.45 5.84 4.45 5.33 3.87 3.07 3.21 3.72 3.58 5.40 5.48 6.20 8.32 9.13 9.13 7.23 7.59 11.46 8.69 8.32 8.54 8.10 8.10 13.43 11.39 11.83 11.61 12.41 14.09 13.51 15.70 16.28 17.08 14.53 15.48 15.40 13.07 13.72
11.61 11.32 10.22 10.37 10.66 11.68 11.39 11.68 12.56 11.97 10.66 10.95 8.18 8.03 4.82 4.96 5.69 4.60 4.60 7.30 10.22 6.94 10.29 9.20 7.66 8.10 0.00 0.00 0.00 0.29 0.22 0.66 3.36 3.80 5.26 8.76 10.51 10.80 10.80 10.66 12.34 9.42 9.56 9.56 9.20 12.12 10.73 9.71 10.66 5.18 3.65 4.09 2.99 2.77 3.72 5.26 5.04 7.15 10.07 10.59 11.24 13.87 13.21 12.92 13.36 16.79 15.11 15.48 15.48 14.45 13.21 12.85 13.36 12.26 15.11 18.40 17.59 18.83 18.91 19.05 16.64 16.06 14.60 15.40
11.61 11.32 10.22 10.37 10.66 11.68 11.39 11.68 12.56 11.97 10.66 10.95 8.18 8.03 4.82 4.96 5.69 4.60 4.60 7.30 10.22 6.94 10.29 9.20 7.66 8.10 0.00 0.00 0.00 0.29 0.22 0.66 3.36 3.80 5.26 8.76 10.51 10.80 10.80 10.66 12.34 9.42 9.56 9.56 9.20 12.12 10.73 9.71 10.66 5.18 3.65 4.09 2.99 2.77 3.72 5.26 5.04 7.15 10.07 10.59 11.24 13.87 13.21 12.92 13.36 16.79 15.11 15.48 15.48 14.45 13.21 12.85 13.36 12.26 15.11 18.40 17.59 18.83 18.91 19.05 16.64 16.06 14.60 15.40
11.61 11.32 10.73 10.95 9.93 9.78 9.56 10.07 9.13 10.51 10.80 10.73 11.02 7.88 6.57 9.13 5.18 6.28 6.28 5.69 4.89 6.42 6.13 7.74 8.76 8.83 6.72 1.53 0.00 0.00 0.22 1.68 3.72 5.77 4.67 8.32 10.88 11.32 12.26 10.73 11.02 8.91 9.34 9.34 10.00 12.99 13.07 13.58 12.26 9.64 8.32 4.02 2.85 3.07 2.34 2.63 3.58 5.62 5.11 6.79 10.66 13.43 13.80 16.72 16.06 17.89 18.54 18.03 18.03 15.55 16.28 13.87 14.31 14.97 14.75 16.57 16.64 16.13 18.03 15.26 15.62 16.72 17.45 17.37
12.41 12.70 12.48 13.87 12.63 9.27 9.93 8.83 10.44 10.80 10.07 11.10 10.73 8.61 9.20 12.34 10.00 7.52 7.52 7.30 9.78 6.35 6.28 5.11 5.91 4.74 0.00 2.70 0.00 0.00 0.00 2.19 3.58 5.40 5.84 8.54 10.51 9.64 11.53 12.85 10.88 10.37 10.22 10.22 9.71 11.75 14.02 14.89 12.63 13.87 8.76 4.02 2.99 2.70 2.77 2.34 3.43 5.40 3.43 8.83 8.54 10.59 14.31 17.96 20.08 19.35 19.56 17.23 17.23 14.53 14.89 15.11 15.48 17.52 14.24 15.18 13.43 12.19 12.56 13.58 15.04 18.03 18.03 18.25
14.31 14.09 13.51 13.58 13.80 14.24 13.65 12.12 12.26 11.90 12.26 10.88 9.05 9.20 12.19 9.42 10.66 13.21 13.21 13.80 13.36 12.85 7.01 4.82 4.96 2.85 0.00 0.00 0.00 0.00 1.39 3.07 2.26 3.65 5.99 9.20 13.14 13.72 12.99 13.21 11.97 10.95 11.68 11.68 11.39 10.73 14.89 15.18 12.63 6.79 4.89 5.55 3.21 2.41 3.58 4.60 4.89 6.79 8.91 10.59 12.26 14.60 16.57 15.91 19.27 19.71 18.25 17.81 17.81 17.89 17.23 18.76 18.18 18.18 17.16 16.94 17.23 14.16 14.09 14.09 13.94 13.87 17.16 17.30
14.31 14.09 13.51 13.58 13.80 14.24 13.65 12.12 12.26 11.90 12.26 10.88 9.05 9.20 12.19 9.42 10.66 13.21 13.21 13.80 13.36 12.85 7.01 4.82 4.96 2.85 0.00 0.00 0.00 0.00 1.39 3.07 2.26 3.65 5.99 9.20 13.14 13.72 12.99 13.21 11.97 10.95 11.68 11.68 11.39 10.73 14.89 15.18 12.63 6.79 4.89 5.55 3.21 2.41 3.58 4.60 4.89 6.79 8.91 10.59 12.26 14.60 16.57 15.91 19.27 19.71 18.25 17.81 17.81 17.89 17.23 18.76 18.18 18.18 17.16 16.94 17.23 14.16 14.09 14.09 13.94 13.87 17.16 17.30
13.80 12.05 11.53 12.41 13.43 13.36 11.97 11.61 11.53 12.41 11.10 8.25 5.99 10.66 7.37 11.46 10.29 12.99 12.99 11.97 12.48 12.41 10.15 6.13 2.70 2.77 0.00 0.00 0.00 0.00 2.41 3.94 4.67 6.28 11.17 9.56 13.87 13.51 9.27 9.34 9.27 10.07 11.46 11.46 10.66 11.83 12.78 5.69 5.40 4.89 4.82 7.45 6.06 6.28 5.26 4.82 4.45 5.04 7.66 8.54 9.93 12.34 13.94 12.99 11.53 14.02 16.57 16.64 16.64 15.26 14.89 16.57 16.86 18.54 18.32 17.45 16.86 16.86 15.62 17.67 13.43 13.72 12.26 15.62
10.95 11.02 10.80 9.56 10.95 10.51 11.46 9.20 9.93 10.80 8.32 6.28 6.20 4.60 6.13 7.15 8.54 10.88 10.88 11.02 10.59 9.49 5.69 6.72 0.00 0.00 0.00 0.00 0.00 0.00 3.80 2.92 4.16 6.86 9.86 8.40 8.76 8.32 9.05 6.57 4.74 3.58 6.13 6.13 4.60 4.31 4.82 4.74 5.33 7.01 8.83 9.56 10.07 11.17 9.20 11.17 9.13 9.56 9.13 9.20 8.76 9.49 10.73 10.66 11.83 11.83 12.78 13.80 13.80 14.97 16.43 17.01 17.16 17.81 17.59 18.32 17.23 20.81 19.20 19.20 15.26 11.97 11.90 13.21
8.25 8.61 8.54 7.23 6.86 7.52 8.18 8.91 8.40 8.10 9.20 7.23 4.38 6.42 7.96 7.66 8.32 12.63 12.63 11.24 11.46 9.71 7.01 0.00 0.00 0.00 0.00 0.00 0.00 0.00 4.09 2.70 3.29 2.99 4.67 6.64 7.15 8.32 6.72 7.01 5.69 5.48 7.15 7.15 4.60 6.42 7.59 7.74 9.20 10.00 10.29 10.44 17.74 13.65 10.44 11.53 11.53 11.61 16.72 14.53 12.34 13.29 11.10 10.95 12.70 14.16 13.58 15.18 15.18 16.79 18.76 18.40 18.54 20.95 20.00 20.95 21.17 21.32 20.00 15.18 15.70 16.50 14.75 14.45
8.25 8.61 8.54 7.23 6.86 7.52 8.18 8.91 8.40 8.10 9.20 7.23 4.38 6.42 7.96 7.66 8.32 12.63 12.63 11.24 11.46 9.71 7.01 0.00 0.00 0.00 0.00 0.00 0.00 0.00 4.09 2.70 3.29 2.99 4.67 6.64 7.15 8.32 6.72 7.01 5.69 5.48 7.15 7.15 4.60 6.42 7.59 7.74 9.20 10.00 10.29 10.44 17.74 13.65 10.44 11.53 11.53 11.61 16.72 14.53 12.34 13.29 11.10 10.95 12.70 14.16 13.58 15.18 15.18 16.79 18.76 18.40 18.54 20.95 20.00 20.95 21.17 21.32 20.00 15.18 15.70 16.50 14.75 14.45
6.64 7.08 6.64 6.57 6.64 6.86 7.52 8.47 8.61 9.71 12.78 6.94 6.50 9.05 9.78 12.78 13.07 12.92 12.92 12.70 11.10 7.37 8.10 0.00 0.00 0.00 0.00 0.00 2.85 3.43 6.13 5.69 6.57 6.28 5.33 5.84 9.56 10.66 8.03 10.44 11.75 11.75 10.15 10.15 8.83 8.32 8.61 7.88 11.10 14.16 17.96 19.13 18.91 17.30 17.23 12.12 14.75 19.13 18.25 17.16 14.38 14.02 12.70 12.85 13.14 14.38 15.70 16.50 16.50 15.91 18.47 22.70 22.92 22.41 24.75 23.21 22.12 22.63 20.51 15.55 17.37 17.30 16.06 15.99
6.86 6.72 6.57 6.50 6.35 6.79 9.93 9.27 11.10 13.43 6.64 8.69 10.73 13.29 12.70 13.80 15.18 14.60 14.60 14.75 11.97 9.64 6.20 6.72 5.40 3.50 4.53 2.34 4.45 4.02 8.47 10.44 12.05 16.35 15.48 14.82 15.33 13.07 15.33 13.43 11.97 13.07 11.97 11.97 10.80 10.44 13.43 14.45 14.45 14.02 16.86 18.10 19.49 18.61 18.98 20.22 20.22 20.59 18.91 18.54 15.26 14.24 15.99 15.84 17.01 16.86 16.72 17.37 17.37 20.59 19.71 22.56 23.36 24.02 24.24 20.44 20.66 11.75 19.78 11.10 8.76 14.38 13.80 14.75
6.86 7.30 6.20 7.23 6.64 6.06 6.72 8.54 11.61 11.10 8.61 7.30 9.71 12.34 13.43 12.05 15.04 14.60 14.60 12.85 9.93 10.59 9.05 7.23 7.52 5.69 7.23 6.57 5.84 4.74 4.89 14.82 16.94 17.52 16.94 14.67 14.75 14.60 14.60 13.29 15.91 13.72 12.56 12.56 18.25 18.10 17.45 16.57 15.26 17.16 16.64 18.69 21.61 21.97 21.75 26.13 26.94 23.51 17.81 13.29 14.53 11.02 10.22 13.58 15.26 14.24 16.86 16.28 16.28 18.83 20.88 21.97 22.19 16.64 16.79 16.35 18.76 9.27 2.92 4.53 3.87 14.75 14.75 14.82
6.57 6.72 7.15 7.01 6.13 7.01 5.18 3.58 4.89 8.32 5.04 5.69 6.57 7.52 10.80 12.70 12.78 11.83 11.83 12.63 8.83 9.05 8.76 8.25 8.54 8.40 9.05 9.78 9.27 12.19 15.11 15.99 16.06 13.29 13.07 13.36 14.38 14.89 16.35 17.01 15.26 17.30 16.64 16.64 16.86 17.30 17.59 13.51 13.21 15.55 13.87 15.70 15.40 19.27 20.81 22.70 24.38 23.29 14.45 10.80 8.76 9.49 9.86 10.37 11.90 14.24 17.01 19.20 19.20 18.83 20.73 20.81 15.99 17.45 15.11 17.16 9.05 12.19 0.00 6.72 14.16 12.85 14.75 18.40
6.57 6.72 7.15 7.01 6.13 7.01 5.18 3.58 4.89 8.32 5.04 5.69 6.57 7.52 10.80 12.70 12.78 11.83 11.83 12.63 8.83 9.05 8.76 8.25 8.54 8.40 9.05 9.78 9.27 12.19 15.11 15.99 16.06 13.29 13.07 13.36 14.38 14.89 16.35 17.01 15.26 17.30 16.64 16.64 16.86 17.30 17.59 13.51 13.21 15.55 13.87 15.70 15.40 19.27 20.81 22.70 24.38 23.29 14.45 10.80 8.76 9.49 9.86 10.37 11.90 14.24 17.01 19.20 19.20 18.83 20.73 20.81 15.99 17.45 15.11 17.16 9.05 12.19 0.00 6.72 14.16 12.85 14.75 18.40
6.42 5.84 6.72 6.28 6.79 5.04 4.23 2.63 3.94 1.53 1.83 4.82 3.80 7.01 8.83 10.73 11.32 11.10 11.10 12.19 8.18 7.30 6.28 6.79 7.45 9.34 10.07 9.86 9.86 12.41 12.99 15.18 14.60 15.40 15.18 13.65 14.38 13.21 13.43 9.64 16.72 13.29 12.05 12.05 12.99 12.05 12.48 12.78 12.19 10.07 11.02 13.36 13.21 18.25 19.71 19.27 17.74 15.26 16.35 12.26 11.32 19.49 16.79 14.60 15.18 14.24 18.03 19.05 19.05 24.24 21.75 22.63 17.89 17.59 17.81 17.67 8.54 0.58 1.02 5.99 11.53 11.46 10.80 15.26
7.23 6.42 5.62 5.33 5.84 4.82 3.87 2.12 1.39 1.53 2.12 4.60 7.74 10.07 9.78 10.80 9.13 10.15 10.15 9.34 9.05 9.20 7.01 7.15 7.23 9.78 13.29 12.92 12.85 12.78 14.60 15.70 19.86 18.25 17.30 14.31 11.97 12.48 8.25 7.37 8.54 8.54 10.88 10.88 12.19 12.19 10.15 7.23 6.06 6.06 8.25 10.37 12.63 13.43 18.18 19.56 20.22 18.91 24.16 23.65 23.14 23.65 21.39 24.09 20.37 18.98 18.54 22.85 22.85 27.16 23.80 17.96 19.13 15.77 10.07 7.66 9.13 4.16 5.84 5.11 6.57 10.00 10.29 9.42
6.72 5.48 5.40 6.35 6.94 5.04 4.53 3.21 2.19 2.70 2.70 4.09 6.06 7.37 7.37 7.30 7.30 9.64 9.64 9.49 9.78 10.07 9.49 7.96 11.75 9.34 13.21 15.26 14.38 14.45 13.51 13.94 11.53 13.80 16.57 12.19 6.86 4.53 4.31 5.04 6.20 6.79 10.15 10.15 13.07 13.58 11.61 8.61 7.01 12.63 13.65 14.31 13.80 13.72 15.26 19.86 23.73 26.28 25.70 26.35 27.45 27.23 25.11 25.77 21.90 24.24 26.21 25.26 25.26 28.25 17.67 12.56 6.06 6.20 8.03 3.07 4.02 3.65 3.29 6.06 5.40 4.74 8.83 10.80
5.62 5.62 6.79 6.64 6.50 4.74 4.45 3.58 3.94 7.37 6.64 6.64 6.13 9.64 8.32 6.50 6.79 8.25 8.25 8.18 10.07 10.00 10.15 9.93 13.87 14.89 15.99 14.89 10.80 11.17 7.66 7.66 8.83 7.96 6.94 7.01 5.91 1.53 0.00 2.77 5.18 6.28 9.42 9.42 11.02 10.66 12.41 10.80 14.97 19.56 19.56 20.00 22.78 17.81 26.65 27.89 27.89 27.16 26.43 27.08 24.02 27.01 25.62 25.26 24.89 24.82 25.62 22.12 22.12 14.16 17.01 8.47 4.53 4.09 5.55 2.19 2.34 2.63 2.26 3.58 4.23 5.40 5.40 8.25
5.48 6.35 7.66 5.69 4.23 4.02 4.02 7.59 6.79 8.76 9.56 11.90 12.34 12.41 10.15 11.61 9.05 7.96 7.96 10.51 10.37 12.26 14.45 15.91 15.04 20.00 18.98 17.45 16.86 14.02 9.42 6.28 4.53 4.67 3.72 4.16 0.00 0.00 0.00 0.00 0.00 4.45 6.06 6.06 7.59 4.23 7.23 11.90 10.15 16.64 10.59 16.21 18.69 23.07 24.67 26.21 26.06 20.66 18.91 18.54 21.97 23.94 21.02 24.31 25.48 23.73 24.45 19.42 19.42 13.14 11.17 12.19 5.77 7.45 3.94 3.58 4.31 2.56 2.26 2.48 3.43 3.65 2.99 3.21
5.48 6.35 7.66 5.69 4.23 4.02 4.02 7.59 6.79 8.76 9.56 11.90 12.34 12.41 10.15 11.61 9.05 7.96 7.96 10.51 10.37 12.26 14.45 15.91 15.04 20.00 18.98 17.45 16.86 14.02 9.42 6.28 4.53 4.67 3.72 4.16 0.00 0.00 0.00 0.00 0.00 4.45 6.06 6.06 7.59 4.23 7.23 11.90 10.15 16.64 10.59 16.21 18.69 23.07 24.67 26.21 26.06 20.66 18.91 18.54 21.97 23.94 21.02 24.31 25.48 23.73 24.45 19.42 19.42 13.14 11.17 12.19 5.77 7.45 3.94 3.58 4.31 2.56 2.26 2.48 3.43 3.65 2.99 3.21
4.60 4.45 5.69 6.72 5.26 4.67 6.13 8.25 7.74 9.56 12.19 12.34 12.78 11.39 12.41 12.34 10.66 10.73 10.73 11.75 13.43 13.29 15.33 18.47 20.00 19.86 18.47 21.17 20.51 14.89 5.77 7.08 4.31 3.36 1.39 0.22 0.00 0.00 0.00 0.00 0.00 2.12 1.39 1.39 1.53 0.00 3.65 0.00 2.77 4.96 4.31 8.61 13.36 12.56 14.45 7.81 9.34 11.68 12.48 12.70 16.06 15.26 17.45 21.10 22.12 23.36 23.43 18.10 18.10 18.25 17.45 18.32 10.80 10.95 9.34 4.82 1.97 2.19 1.75 1.83 1.39 2.56 2.34 1.46
6.28 6.28 8.54 8.03 8.25 7.52 8.32 13.94 13.51 13.07 13.51 13.36 9.71 10.29 10.95 9.27 10.59 10.51 10.51 13.43 15.70 17.23 18.69 19.07 18.78 19.36 20.13 17.96 17.23 13.58 9.34 10.59 5.04 2.04 2.56 0.29 0.00 0.66 0.73 0.00 2.19 1.97 1.90 1.90 1.68 0.00 0.00 0.00 0.80 2.34 0.00 3.50 7.74 4.45 3.94 4.67 7.01 7.74 7.08 11.68 14.60 15.55 15.55 14.97 19.64 19.93 16.35 17.74 17.74 17.81 18.25 18.69 13.29 9.05 10.15 4.53 1.97 3.43 1.02 2.12 2.77 1.39 1.68 0.22
7.66 10.29 9.64 9.42 10.51 10.51 15.48 15.77 13.87 13.29 9.27 9.27 9.34 9.34 4.31 6.72 8.40 12.92 12.92 12.12 15.04 15.48 17.52 18.93 19.70 17.51 19.36 19.49 19.27 17.89 15.99 12.12 7.37 4.09 5.11 1.75 2.12 0.95 0.58 2.56 2.12 1.61 1.68 1.68 0.00 0.00 0.00 0.00 0.00 0.00 0.00 0.00 3.58 4.53 3.87 4.38 5.04 7.45 6.35 10.15 13.72 12.78 13.29 13.51 12.48 12.85 13.07 15.55 15.55 17.67 17.45 17.74 13.21 8.83 7.37 8.03 3.72 5.77 5.48 3.72 3.14 0.73 0.07 0.15
8.03 9.27 10.00 10.88 13.58 14.67 15.04 15.04 15.11 10.44 7.88 5.11 0.00 0.00 0.00 2.99 6.50 10.73 10.73 11.32 12.34 13.34 9.26 15.80 15.36 14.83 19.08 18.73 20.62 21.45 19.27 15.11 11.02 14.75 9.13 5.40 4.16 4.02 2.92 2.41 2.41 1.97 2.04 2.04 2.12 0.00 0.00 0.00 0.58 0.00 1.17 0.00 4.23 4.02 3.29 3.65 4.23 5.77 7.08 10.51 9.42 11.83 12.12 15.26 12.63 16.79 17.89 17.37 17.37 19.93 19.78 14.60 14.53 14.09 11.61 12.05 12.26 8.47 4.82 3.65 4.09 1.39 2.12 2.04
7.88 8.54 9.05 9.05 10.51 11.97 13.80 11.75 8.61 9.71 5.26 0.00 0.00 0.00 2.63 7.81 6.72 11.24 11.24 9.63 5.83 5.71 5.34 10.51 10.45 10.51 16.11 20.63 23.12 21.90 21.72 19.93 17.23 18.25 14.89 11.32 12.48 5.91 4.60 2.77 1.97 2.41 1.83 1.83 2.04 0.00 0.00 0.00 1.75 2.41 2.04 2.41 2.70 2.41 0.00 3.50 3.36 3.80 7.01 9.93 13.29 15.70 16.35 16.06 16.72 20.37 22.19 22.41 22.41 22.56 21.10 16.64 12.48 13.72 12.92 11.90 8.40 4.67 4.31 5.48 1.61 2.26 2.19 1.75
7.88 8.54 9.05 9.05 10.51 11.97 13.80 11.75 8.61 9.71 5.26 0.00 0.00 0.00 2.63 7.81 6.72 11.24 11.30 9.94 5.91 6.11 5.21 10.78 10.29 10.51 15.62 19.17 21.61 22.24 21.94 20.76 19.36 19.31 15.27 11.32 12.48 5.91 4.60 2.77 1.97 2.41 1.83 1.83 2.04 0.00 0.00 0.00 1.75 2.41 2.04 2.41 2.70 2.41 0.00 3.50 3.36 3.80 7.01 9.93 13.29 15.70 16.35 16.06 16.72 20.37 22.19 22.41 22.41 22.56 21.10 16.64 12.48 13.72 12.92 11.90 8.40 4.67 4.31 5.48 1.61 2.26 2.19 1.75
9.13 7.81 9.56 8.69 8.61 7.66 9.42 11.68 10.80 13.80 7.66 9.20 1.68 7.15 7.96 9.78 14.60 14.45 14.45 11.90 7.30 4.16 0.00 0.00 4.87 6.05 10.32 14.45 19.42 21.72 17.77 18.76 21.56 21.52 18.66 19.74 16.44 9.93 7.96 3.58 2.34 3.21 1.46 1.46 0.58 0.66 0.00 0.00 4.02 3.65 3.07 3.80 0.00 3.07 0.00 0.00 3.07 0.00 4.74 9.20 8.83 12.85 16.28 21.02 18.91 22.48 22.27 21.46 21.46 19.27 15.77 16.79 13.36 11.75 11.39 11.75 9.34 5.55 5.91 5.99 3.87 2.12 2.19 2.85
8.91 8.91 9.05 7.45 6.57 6.79 7.23 9.49 11.32 15.70 15.70 12.78 11.02 11.17 10.51 10.66 15.40 12.92 12.92 8.80 9.93 5.43 0.00 2.70 4.04 4.00 7.15 9.38 7.75 11.36 15.18 17.01 17.96 22.50 22.76 20.76 18.45 16.14 11.24 7.23 10.07 7.15 2.77 2.77 1.61 1.83 1.83 3.07 2.48 2.92 4.31 4.45 2.99 3.36 2.12 0.00 0.00 0.00 3.65 0.00 5.33 8.40 10.59 19.78 20.59 20.51 21.10 19.71 19.71 16.43 14.97 16.13 10.22 10.44 8.25 8.83 10.00 7.08 6.64 5.48 6.35 6.79 5.18 8.18
10.15 11.83 11.53 9.78 8.03 6.79 9.49 11.32 10.95 13.72 15.18 10.88 8.76 6.50 7.88 7.30 8.32 11.10 11.10 8.54 5.99 6.28 3.36 3.58 3.94 0.00 3.80 7.08 6.41 9.76 12.78 15.40 15.33 18.25 21.82 21.45 22.78 20.59 17.16 17.89 14.67 9.71 6.13 6.13 2.92 1.90 1.31 1.17 1.46 2.99 3.43 3.21 2.85 3.65 3.43 2.19 0.00 0.00 0.00 4.16 4.82 8.69 7.15 16.64 15.40 16.72 11.02 13.87 13.87 14.97 6.64 6.35 4.02 7.59 6.28 5.91 7.59 7.15 8.54 7.96 9.27 9.20 7.01 10.51
8.18 9.42 11.90 11.68 11.17 11.32 11.46 14.38 16.21 16.57 16.79 12.56 12.99 8.83 7.23 6.79 6.79 7.88 7.88 3.58 5.91 4.53 5.48 5.40 3.07 3.65 5.48 7.04 9.34 10.59 11.17 12.19 11.46 16.43 14.97 19.49 22.68 22.77 19.52 16.37 17.08 12.05 5.91 5.91 6.86 3.29 1.39 2.70 1.46 0.00 0.00 0.00 0.00 3.43 3.50 2.19 0.00 0.00 3.14 4.09 4.45 6.79 7.88 7.08 11.75 11.75 7.88 9.27 9.27 3.94 4.16 4.16 2.70 4.16 4.16 5.18 7.23 8.47 7.81 7.88 9.49 10.15 9.49 9.78
7.15 4.53 8.69 9.71 8.54 10.44 12.19 13.43 14.08 15.04 10.95 13.51 12.78 10.51 6.50 4.53 0.15 1.24 1.24 1.10 3.21 3.14 3.72 5.99 5.84 7.01 7.59 8.11 8.32 9.34 8.98 9.86 8.98 12.05 16.35 16.50 21.24 21.10 20.31 17.22 16.51 13.43 10.15 10.15 6.42 5.99 4.16 4.60 2.70 1.31 2.19 1.90 1.90 0.00 0.00 0.00 0.00 0.00 0.00 3.58 4.53 3.65 5.04 5.77 3.14 3.07 5.11 1.83 1.83 1.24 0.00 1.53 1.90 0.00 4.67 4.02 3.50 6.35 5.77 3.07 7.23 8.69 7.96 5.84
0.00 0.00 2.77 5.11 8.83 11.90 14.09 13.65 13.33 12.78 7.88 8.83 5.69 4.53 4.53 2.77 0.00 0.00 0.00 0.00 0.00 0.00 0.00 4.38 5.91 6.72 8.54 8.76 8.67 8.25 8.09 7.48 8.05 8.25 6.13 10.29 15.62 16.44 18.61 14.89 15.41 15.11 12.85 12.85 10.37 8.98 7.59 10.00 7.15 2.92 2.56 1.39 1.75 0.00 0.00 0.00 0.00 0.00 2.92 2.63 3.36 3.50 3.65 0.00 0.00 0.00 0.00 0.00 0.00 0.00 0.00 0.00 0.00 0.00 2.56 2.34 0.00 3.94 0.00 0.00 2.48 5.04 6.28 4.89
0.00 0.00 2.77 5.11 8.83 11.90 14.09 13.65 12.99 12.78 7.88 8.83 5.69 4.53 4.53 2.77 0.00 0.00 0.00 0.00 0.00 0.00 0.00 4.38 5.91 6.72 8.54 8.76 8.54 7.96 7.81 7.45 7.81 8.25 6.16 10.34 15.62 16.36 18.80 14.89 15.26 15.11 12.85 12.85 10.37 8.98 7.59 10.00 7.15 2.92 2.56 1.39 1.75 0.00 0.00 0.00 0.00 0.00 2.92 2.63 3.36 3.50 3.65 0.00 0.00 0.00 0.00 0.00 0.00 0.00 0.00 0.00 0.00 0.00 2.56 2.34 0.00 3.94 0.00 0.00 2.48 5.04 6.28 4.89
10.73 4.89 3.58 3.80 7.52 11.68 13.87 9.34 8.82 7.66 7.74 7.96 6.06 3.21 0.80 0.00 0.07 0.00 0.00 0.00 0.00 0.00 0.00 0.00 4.38 6.94 7.88 7.74 7.45 6.50 7.15 6.79 7.30 6.50 5.69 7.15 11.17 8.91 10.49 11.24 13.58 13.07 9.93 9.93 9.27 10.22 8.10 9.27 9.13 6.64 7.01 5.11 3.29 0.00 0.66 0.00 0.00 0.00 2.77 3.58 3.36 3.29 0.00 0.00 0.00 0.00 0.00 0.00 0.00 0.00 0.00 0.00 0.00 0.00 0.00 0.00 0.00 0.00 0.00 0.00 0.00 2.34 4.02 4.38
