Wansh/Snow_depth/snowdepth-1991/winter/1992013.txt
ncols 321
nrows 161
xllcenter 60
yllcenter 15 
cellsize  0.25 
NODATA_value -1
[rows 0 to 36 of 161, columns 168 to 251 of 321]
6.28 6.28 5.26 5.40 4.23 4.53 4.45 5.48 5.48 5.48 5.33 5.40 5.48 5.69 5.84 5.62 6.28 7.45 8.61 8.40 9.49 8.10 8.40 7.08 7.45 7.08 5.11 6.64 0.00 0.00 0.00 0.00 12.05 8.76 14.09 14.09 14.97 15.62 15.11 17.16 17.01 16.64 16.43 19.64 23.29 19.35 22.27 19.49 20.51 15.91 17.08 16.06 16.21 15.40 17.96 17.23 21.68 22.63 22.85 20.59 20.59 18.47 18.76 19.56 20.51 20.22 20.08 17.96 18.61 15.40 14.89 14.67 15.40 15.48 15.26 18.10 18.25 18.76 18.54 18.76 17.59 17.81 17.37 14.89
8.47 8.25 8.03 5.69 5.04 4.96 4.38 4.60 5.33 5.33 5.55 6.20 5.99 5.99 5.99 5.55 5.40 6.57 9.05 10.80 11.02 8.10 7.52 7.88 7.30 2.12 5.11 0.00 0.00 0.00 0.00 8.61 4.89 13.43 12.99 12.99 13.51 14.60 14.75 18.69 20.88 20.95 21.75 23.58 23.51 21.32 21.24 17.08 16.21 18.18 16.21 16.13 16.64 17.16 16.64 19.20 20.29 22.78 21.75 20.88 20.88 20.73 19.86 19.78 20.15 19.64 19.78 18.61 17.30 16.28 16.21 18.18 16.64 17.30 15.77 16.72 16.28 17.45 15.77 15.40 15.99 14.38 12.99 11.02
11.75 12.05 9.71 7.37 8.32 5.55 4.96 5.91 5.40 5.40 5.69 5.69 5.62 5.91 5.77 5.77 9.20 11.02 10.66 11.17 9.34 9.93 8.91 7.74 8.83 1.02 0.00 0.00 0.00 0.00 0.00 7.23 13.80 12.34 12.92 12.92 14.09 13.51 18.40 17.52 21.10 20.66 20.66 18.76 15.62 18.91 15.11 15.40 15.18 15.48 15.55 15.26 16.06 16.35 17.81 19.20 18.98 20.51 20.00 21.90 21.90 20.51 20.66 19.27 17.45 17.52 17.01 17.01 17.08 16.21 16.94 16.43 17.59 14.60 13.29 12.85 13.58 14.60 14.09 14.82 14.31 12.85 11.24 13.65
11.75 12.05 9.71 7.37 8.32 5.55 4.96 5.91 5.40 5.40 5.69 5.69 5.62 5.91 5.77 5.77 9.20 11.02 10.66 11.17 9.34 9.93 8.91 7.74 8.83 1.02 0.00 0.00 0.00 0.00 0.00 7.23 13.80 12.34 12.92 12.92 14.09 13.51 18.40 17.52 21.10 20.66 20.66 18.76 15.62 18.91 15.11 15.40 15.18 15.48 15.55 15.26 16.06 16.35 17.81 19.20 18.98 20.51 20.00 21.90 21.90 20.51 20.66 19.27 17.45 17.52 17.01 17.01 17.08 16.21 16.94 16.43 17.59 14.60 13.29 12.85 13.58 14.60 14.09 14.82 14.31 12.85 11.24 13.65
14.24 12.70 10.95 8.61 8.18 7.08 7.59 6.35 5.62 5.62 6.94 7.15 6.13 6.42 8.76 8.76 10.00 11.24 10.73 10.95 9.34 7.96 7.96 6.13 0.00 0.00 0.00 0.00 0.00 0.00 6.94 3.29 13.29 12.41 12.92 12.92 14.24 17.08 16.35 17.67 17.52 18.40 18.69 19.13 15.84 15.40 15.70 15.91 15.55 15.62 15.62 15.55 16.28 17.45 17.89 18.10 18.18 18.25 18.91 19.27 19.27 20.66 18.98 19.05 16.79 16.79 14.02 13.72 13.72 13.43 14.75 14.82 14.16 13.29 13.58 12.85 12.70 14.31 14.24 14.89 16.57 15.99 15.26 17.74
14.38 13.87 14.09 11.97 9.71 9.13 9.49 9.93 9.64 9.64 8.91 11.68 11.90 11.75 10.37 11.90 10.88 11.02 10.00 7.37 7.66 5.84 0.00 0.00 0.00 0.00 0.00 0.00 0.29 0.00 7.96 12.12 11.61 12.26 14.97 14.97 14.09 17.89 16.57 16.86 17.37 19.64 18.98 19.49 17.74 16.94 16.50 16.72 16.50 18.47 17.96 20.81 21.83 19.71 18.54 17.89 18.25 17.45 17.81 17.67 17.67 18.69 19.71 19.42 17.59 13.87 14.31 13.36 13.36 12.19 12.19 12.48 12.05 12.78 12.78 12.19 11.32 13.65 14.24 15.84 16.72 17.37 18.61 18.76
15.04 15.40 14.97 14.31 15.33 14.24 12.05 12.56 14.16 14.16 14.60 13.07 12.26 13.07 13.58 12.99 12.63 9.05 9.86 6.94 0.00 0.73 0.00 0.00 0.00 0.00 0.00 0.00 1.83 8.03 6.57 11.39 12.56 12.48 17.45 17.45 19.20 19.13 16.64 14.09 14.31 17.89 20.15 19.56 21.24 21.68 21.75 18.10 18.25 18.69 21.61 21.02 22.48 21.17 21.46 18.10 16.35 17.37 17.01 19.42 19.42 20.73 20.66 20.59 17.74 18.54 15.33 14.02 14.31 12.63 11.46 10.07 11.17 9.49 10.44 10.66 10.51 11.02 12.26 16.43 18.74 20.79 19.60 20.32
15.04 15.40 14.97 14.31 15.33 14.24 12.05 12.56 14.16 14.16 14.60 13.07 12.26 13.07 13.58 12.99 12.63 9.05 9.86 6.94 0.00 0.73 0.00 0.00 0.00 0.00 0.00 0.00 1.83 8.03 6.57 11.39 12.56 12.48 17.45 17.45 19.20 19.13 16.64 14.09 14.31 17.89 20.15 19.56 21.24 21.68 21.75 18.10 18.25 18.69 21.61 21.02 22.48 21.17 21.46 18.10 16.35 17.37 17.01 19.42 19.42 20.73 20.66 20.59 17.74 18.54 15.33 14.02 14.31 12.63 11.46 10.07 11.17 9.49 10.44 12.32 14.50 15.86 16.80 27.91 30.94 27.66 25.22 21.08
13.94 12.56 16.35 16.35 16.21 15.91 14.45 14.24 13.72 13.72 13.72 13.36 14.60 15.99 14.60 12.56 13.14 9.20 0.44 2.77 0.00 0.00 0.00 0.00 0.00 0.00 0.00 6.79 5.33 7.45 10.59 10.29 12.70 17.01 16.06 16.06 17.81 14.97 16.86 13.72 16.64 15.55 20.95 22.48 22.34 23.14 24.82 24.16 25.04 22.92 22.85 23.14 20.59 21.10 17.89 16.06 16.35 17.08 19.71 19.20 19.20 21.53 20.95 21.17 19.49 16.35 14.16 15.33 12.63 11.32 11.02 11.39 9.56 9.18 10.64 12.59 15.20 15.71 12.81 22.84 18.41 19.88 19.61 20.26
8.47 10.66 13.29 11.02 14.09 14.02 13.94 13.58 13.51 13.51 14.38 15.62 15.18 13.72 12.48 10.51 0.29 2.04 0.00 0.00 0.00 0.00 0.00 0.00 0.00 7.52 7.96 7.08 10.59 10.15 10.73 12.41 12.19 12.70 15.84 15.84 14.97 15.48 16.06 17.52 16.35 21.61 21.02 23.29 23.14 23.07 25.19 24.89 25.55 22.56 22.78 23.07 20.51 19.27 19.49 19.56 22.63 25.77 25.55 24.67 24.67 21.68 22.27 18.32 16.13 16.57 14.31 11.90 10.15 10.80 10.29 10.73 9.63 13.53 12.65 11.14 13.86 14.83 16.63 16.60 15.34 16.66 18.57 18.25
11.61 9.20 9.86 9.34 11.97 10.00 13.14 14.38 13.72 13.72 14.09 9.27 9.56 9.78 10.59 0.00 0.00 0.00 0.00 0.00 6.13 0.00 4.16 7.81 8.76 8.47 9.49 11.02 10.88 9.93 10.15 11.17 11.32 13.65 12.63 12.63 16.06 18.61 17.81 21.75 22.78 22.70 23.29 21.46 21.61 19.71 16.94 17.01 18.61 20.15 21.90 19.93 20.37 20.15 20.08 24.24 22.92 28.84 27.67 28.32 28.32 24.60 17.59 14.38 14.97 12.12 11.17 11.02 10.95 10.80 10.00 9.86 9.58 8.97 7.98 11.33 14.13 15.53 13.38 14.71 15.13 12.87 14.20 12.27
11.61 9.20 9.86 9.34 11.97 10.00 13.14 14.38 13.72 13.72 14.09 9.27 9.56 9.78 10.59 0.00 0.00 0.00 0.00 0.00 6.13 0.00 4.16 7.81 8.76 8.47 9.49 11.02 10.88 9.93 10.15 11.17 11.32 13.65 12.63 12.63 16.06 18.61 17.81 21.75 22.78 22.70 23.29 21.46 21.61 19.71 16.94 17.01 18.61 20.15 21.90 19.93 20.37 20.15 20.08 24.24 22.92 28.84 27.67 28.32 28.32 24.60 17.59 14.38 14.97 12.12 11.17 11.02 10.95 10.80 10.00 9.86 9.34 8.83 7.74 10.52 12.59 14.38 14.28 15.26 15.13 12.59 15.60 13.13
12.78 10.59 10.15 8.47 7.96 8.18 10.00 6.86 6.20 6.20 4.74 6.72 0.00 0.00 0.00 0.00 0.00 0.00 5.84 4.16 8.18 7.45 7.59 7.66 8.25 8.76 8.61 8.69 8.47 9.05 7.66 8.91 9.05 13.29 17.08 17.08 16.13 17.23 20.51 20.37 21.39 20.73 20.08 16.50 16.06 16.86 14.24 16.72 15.99 18.18 17.37 17.59 15.55 15.33 18.32 17.45 22.63 24.97 25.11 23.94 23.94 19.56 20.29 16.64 12.34 11.17 11.32 11.24 13.21 12.92 12.34 10.80 10.07 10.51 8.98 11.51 12.65 11.53 13.21 14.16 13.79 13.63 13.14 14.02
11.90 11.75 11.61 10.15 8.40 8.40 5.18 6.50 0.80 0.80 0.00 0.00 0.00 0.00 0.00 0.00 0.00 0.00 5.04 3.87 7.45 7.52 8.40 8.69 8.76 8.76 9.05 8.69 10.44 8.69 8.83 8.98 10.95 10.51 15.11 15.11 14.75 14.82 14.24 13.87 17.81 17.74 14.75 15.70 11.39 11.97 11.46 11.39 10.80 14.38 14.38 13.58 13.87 13.14 15.33 18.54 17.59 20.88 20.51 20.29 20.29 20.15 18.18 17.37 17.01 15.99 15.33 13.51 13.58 13.43 15.40 12.12 10.95 12.13 14.28 15.28 12.13 13.85 13.48 13.14 14.80 11.59 13.30 14.01
14.16 13.65 13.14 16.35 14.09 11.53 6.94 6.50 8.03 8.03 0.00 0.00 0.00 0.00 0.00 3.50 3.36 2.77 4.74 5.69 7.45 7.74 8.54 10.07 10.15 9.49 10.66 10.29 10.59 9.13 8.32 8.98 9.93 10.37 10.15 10.15 12.05 13.07 12.63 12.63 9.42 9.86 8.83 9.78 9.42 11.68 11.10 10.29 10.44 9.20 8.32 8.61 9.20 11.24 13.72 13.07 15.77 13.87 14.09 15.91 15.91 17.67 17.23 17.30 17.01 14.82 14.97 15.62 15.48 16.57 18.10 15.55 12.56 16.82 15.23 15.60 15.46 16.55 13.02 14.04 13.91 13.37 14.60 12.41
13.51 16.50 15.99 14.75 15.04 13.43 12.41 10.80 10.88 10.88 9.93 10.07 7.01 6.06 4.60 4.96 3.87 3.07 2.99 4.74 7.66 9.20 8.69 9.71 10.59 9.93 10.07 9.27 9.05 9.13 8.54 9.27 8.76 9.56 9.78 9.78 9.56 10.15 10.51 10.66 9.13 8.18 8.69 8.69 8.47 7.52 9.93 9.49 8.25 8.69 7.45 8.18 7.88 9.93 12.56 15.04 14.45 14.97 13.14 11.32 11.32 14.45 12.12 13.58 13.80 13.72 13.43 14.75 13.36 17.01 16.57 17.61 18.61 17.33 17.48 15.90 16.50 15.16 14.60 14.60 14.90 16.11 15.09 14.70
13.51 16.50 15.99 14.75 15.04 13.43 12.41 10.80 10.88 10.88 9.93 10.07 7.01 6.06 4.60 4.96 3.87 3.07 2.99 4.74 7.66 9.20 8.69 9.71 10.59 9.93 10.07 9.27 9.05 9.13 8.54 9.27 8.76 9.56 9.78 9.78 9.56 10.15 10.51 10.66 9.13 8.18 8.69 8.69 8.47 7.52 9.93 9.49 8.25 8.69 7.45 8.18 7.88 9.93 12.56 15.04 14.45 14.97 13.14 11.32 11.32 14.45 12.12 13.58 13.80 13.72 13.43 14.75 13.36 17.01 16.57 21.62 17.44 18.83 15.69 19.67 16.75 16.76 14.89 13.17 14.41 13.86 16.41 16.69
11.46 12.78 13.80 12.99 12.48 12.63 12.12 9.49 9.93 9.93 10.15 6.64 6.64 5.77 4.74 4.16 4.60 3.36 6.06 8.25 7.52 8.61 9.34 9.64 9.56 8.61 9.13 9.05 8.40 9.27 9.20 9.42 8.83 9.13 9.05 9.05 10.15 8.61 9.13 8.32 9.13 8.61 10.00 7.96 8.47 6.50 5.99 6.79 6.94 5.69 6.72 6.06 8.10 8.47 11.61 10.88 11.24 11.24 11.17 10.44 10.44 10.66 11.53 11.24 11.61 8.32 9.13 11.32 10.95 14.38 14.45 15.95 16.38 16.90 16.25 19.31 19.51 15.48 14.32 16.32 15.09 16.00 17.35 14.69
11.02 11.97 11.75 13.14 11.97 10.80 8.32 8.83 8.18 8.18 6.57 5.40 5.77 7.74 7.81 5.77 5.55 6.35 5.69 7.45 8.54 8.25 8.91 8.91 8.32 8.18 7.74 8.25 8.18 7.30 8.98 9.05 8.98 9.20 9.13 9.13 8.91 9.05 8.69 8.76 8.69 7.88 9.49 7.23 5.40 5.84 5.11 6.20 5.69 5.91 6.35 8.54 8.54 7.74 8.98 11.10 11.17 9.93 10.29 9.93 9.93 7.88 8.40 6.13 7.08 7.88 6.42 6.64 7.08 12.25 10.99 15.26 15.20 17.16 16.09 15.06 16.78 16.23 16.97 16.40 14.04 16.15 15.08 17.07
9.20 10.66 10.07 11.02 10.80 10.88 10.29 9.42 8.03 8.03 8.25 6.86 9.56 9.05 8.83 10.37 7.30 8.10 8.69 7.59 10.95 9.93 9.78 10.73 7.96 7.66 7.59 7.01 7.08 6.86 9.64 11.97 9.86 10.15 9.13 9.13 9.20 9.13 7.59 8.10 8.03 7.45 5.62 5.40 5.62 5.77 7.52 6.64 7.08 7.15 8.83 8.76 8.25 4.53 5.26 4.31 8.83 9.13 9.49 9.49 9.49 8.54 6.06 5.11 4.82 4.82 5.33 6.20 6.13 8.61 9.78 13.43 17.59 17.67 13.87 17.95 20.44 22.28 22.08 16.18 16.72 14.80 14.51 16.91
8.03 8.10 9.93 11.02 10.80 9.93 9.78 9.71 9.86 9.86 9.42 9.56 10.07 11.90 11.61 9.34 9.42 9.05 11.24 11.97 11.32 13.07 11.61 12.05 9.13 7.01 7.01 7.45 6.94 9.42 8.61 12.34 11.10 9.42 9.34 9.34 9.56 6.79 7.74 3.14 3.50 5.48 4.53 5.40 5.62 5.55 6.86 6.20 6.06 6.13 7.81 8.61 8.83 6.64 4.23 7.74 7.01 8.47 8.32 7.23 7.23 5.40 4.45 5.84 4.74 3.58 4.60 5.55 5.77 7.66 7.23 11.17 13.58 16.28 17.88 18.29 20.44 19.62 21.79 20.79 20.37 15.34 15.17 13.52
3.94 6.42 8.98 10.37 8.98 9.78 9.56 10.07 10.73 10.73 10.66 11.10 10.88 10.95 11.32 8.54 8.83 8.69 11.24 14.24 12.56 12.92 11.10 8.69 8.98 9.34 8.18 8.76 8.91 12.19 12.85 10.88 11.53 7.88 6.06 6.06 9.56 5.84 2.77 3.07 2.63 4.60 4.74 4.89 5.11 6.06 6.06 5.18 4.31 5.04 4.53 7.45 6.94 7.37 7.23 7.08 8.91 8.18 7.01 7.23 7.23 5.40 3.45 1.97 2.99 3.72 3.50 4.16 4.82 5.69 6.42 8.91 10.00 13.14 16.58 16.25 19.50 17.32 19.61 19.12 15.24 14.09 16.02 16.61
3.94 6.42 8.98 10.37 8.98 9.78 9.56 10.07 10.73 10.73 10.66 11.10 10.88 10.95 11.32 8.54 8.83 8.69 11.24 14.24 12.56 12.92 11.10 8.69 8.98 9.34 8.18 8.76 8.91 12.19 12.85 10.88 11.53 7.88 6.06 6.06 9.56 5.84 2.77 3.07 2.63 4.60 4.74 4.89 5.11 6.06 6.06 5.18 4.31 5.04 4.53 7.45 6.94 7.37 7.23 7.08 8.91 8.18 7.01 7.23 7.23 5.40 3.45 1.97 2.99 3.72 3.50 4.16 4.82 5.69 6.42 8.91 10.00 13.14 15.91 16.34 15.14 15.24 16.42 22.26 18.64 14.39 12.55 15.32
4.53 3.58 6.79 5.99 8.03 9.78 11.46 12.41 12.34 12.34 12.56 10.59 9.34 7.08 7.01 7.52 10.44 13.58 12.48 14.09 12.56 10.88 11.61 9.20 10.66 11.02 10.95 11.02 13.29 13.65 12.12 10.00 5.99 6.50 3.80 3.80 2.77 3.43 2.70 3.29 4.31 4.16 5.11 5.69 5.84 5.91 3.87 3.29 3.36 4.16 7.96 8.91 7.88 8.47 7.52 8.32 7.88 8.54 7.66 2.41 2.41 0.22 0.00 0.00 2.19 2.70 3.21 4.09 4.31 5.84 5.69 8.98 13.29 8.91 12.34 12.25 14.45 20.61 20.49 19.58 16.59 13.70 13.92 17.93
1.10 2.99 5.40 4.67 8.47 8.10 9.78 9.64 12.41 12.41 10.80 11.24 10.66 7.45 10.88 10.88 10.29 12.92 13.07 12.92 13.14 11.53 11.46 10.80 11.61 11.97 14.16 13.51 14.97 10.80 5.99 6.64 4.38 2.92 3.14 3.14 2.77 3.29 3.36 3.29 3.58 3.36 4.74 5.18 5.48 3.14 3.65 2.56 3.58 6.28 5.40 8.18 7.52 3.65 3.87 7.30 4.74 4.02 1.75 2.26 2.26 0.00 0.00 0.00 2.26 2.48 3.58 4.31 5.48 5.55 7.15 12.48 9.78 12.41 14.75 15.07 16.43 16.90 19.64 18.80 21.05 13.79 17.78 19.84
0.51 2.48 3.14 5.18 5.99 6.57 9.20 8.40 12.26 12.26 12.34 11.97 12.34 10.29 11.75 11.97 12.92 13.21 12.78 13.07 13.43 12.12 12.63 13.87 13.58 12.70 13.07 11.10 11.17 12.12 5.40 2.26 2.48 2.99 3.65 3.65 3.50 3.87 3.43 3.87 4.09 2.92 1.53 1.10 3.87 0.15 0.00 0.00 0.88 0.00 0.00 1.17 0.73 1.97 1.61 2.41 2.34 2.63 1.39 0.00 0.00 0.00 0.00 0.00 0.00 0.80 3.43 5.18 4.60 7.59 7.30 8.10 13.04 13.13 15.86 18.70 18.11 14.60 17.02 19.43 13.76 15.46 15.43 15.01
1.39 3.43 2.99 3.94 4.96 7.01 9.64 7.37 10.66 10.66 10.00 12.70 11.17 11.97 11.83 12.41 12.85 13.07 11.90 13.87 11.75 11.53 12.99 12.85 9.13 9.27 10.22 7.81 5.33 5.69 5.26 1.61 2.56 2.26 3.65 3.65 5.99 3.72 3.65 3.94 2.19 1.17 1.61 0.00 0.22 0.00 0.00 0.00 0.00 0.00 0.00 0.00 0.07 0.00 0.00 0.00 0.00 0.00 0.00 0.00 0.00 0.00 0.00 0.00 0.00 0.00 2.48 3.14 3.50 5.18 8.18 11.68 10.31 12.96 17.21 19.99 19.61 19.05 11.91 12.88 13.45 12.39 13.36 14.04
2.12 2.56 2.26 3.80 3.50 4.45 2.48 4.16 7.23 7.23 7.23 6.50 8.10 6.86 10.00 9.49 6.28 9.05 7.45 7.81 10.59 8.18 5.26 10.51 6.94 2.12 4.02 4.02 3.72 2.56 1.75 2.12 2.19 3.72 5.69 5.69 5.11 4.23 2.63 2.19 1.97 0.95 0.44 0.66 1.02 0.73 0.07 0.37 0.00 0.00 0.00 0.00 0.00 0.00 0.00 0.00 0.00 0.00 0.00 0.00 0.00 0.00 0.00 0.00 0.00 1.39 2.99 3.65 5.33 10.00 3.14 14.21 18.89 16.17 18.60 21.80 19.77 14.72 12.10 11.62 10.73 10.31 11.49 10.76
2.12 2.56 2.26 3.80 3.50 4.45 2.48 4.16 7.23 7.23 7.23 6.50 8.10 6.86 10.00 9.49 6.28 9.05 7.45 7.81 10.59 8.18 5.26 10.51 6.94 2.12 4.02 4.02 3.72 2.56 1.75 2.12 2.19 3.72 5.69 5.69 5.11 4.23 2.63 2.19 1.97 0.95 0.44 0.66 1.02 0.73 0.07 0.37 0.00 0.00 0.00 0.00 0.00 0.00 0.00 0.00 0.00 0.00 0.00 0.00 0.00 0.00 0.00 0.00 0.00 1.39 2.99 3.65 5.33 10.00 3.16 14.06 17.09 18.02 19.85 25.43 22.94 14.25 12.64 11.29 11.34 12.22 10.48 9.14
2.19 6.42 4.89 3.21 3.72 3.14 2.92 3.50 7.23 7.23 6.79 6.72 6.35 5.55 5.69 5.04 5.18 6.42 5.48 7.52 6.13 6.20 4.16 2.77 0.29 0.58 1.83 3.07 3.07 2.26 0.73 0.15 0.15 2.70 3.50 3.50 3.50 3.65 2.41 2.92 3.29 3.65 1.61 2.99 4.31 4.23 4.53 3.65 0.95 0.00 0.00 0.00 0.00 0.00 0.00 0.00 0.00 0.00 0.00 0.00 0.00 0.00 0.00 0.00 0.00 0.00 3.87 5.48 11.23 4.65 14.01 17.48 22.03 22.69 19.77 16.11 11.93 12.09 11.56 8.06 9.34 11.00 6.11 4.25
9.20 8.98 7.88 5.62 5.91 4.82 7.01 7.88 7.52 7.52 7.88 5.91 4.38 4.53 4.74 5.40 4.74 5.33 4.31 9.20 7.08 3.87 4.53 1.46 0.15 1.46 0.95 2.26 0.73 0.00 0.00 0.00 0.37 1.17 0.95 0.95 2.41 2.77 2.70 3.43 4.31 3.07 3.43 3.29 3.80 3.50 3.87 3.94 3.07 0.44 0.07 0.00 0.00 0.00 0.00 0.00 0.00 0.00 0.00 0.00 0.00 0.00 0.00 0.00 0.00 0.00 2.48 10.51 6.35 5.91 14.09 18.14 22.08 23.18 17.34 11.33 8.63 5.65 8.45 10.49 9.08 7.39 5.08 3.69
11.02 11.17 8.76 9.05 7.08 7.74 6.79 6.79 6.64 6.64 6.86 5.48 1.90 3.72 3.21 3.87 4.53 7.15 8.98 9.13 6.79 3.87 2.34 2.34 3.07 0.66 1.31 1.24 0.29 0.00 0.00 0.00 0.00 1.53 3.65 3.65 3.21 5.40 5.91 6.35 5.40 4.82 4.60 3.94 4.38 2.19 2.04 1.31 0.51 0.00 0.00 0.22 0.00 0.00 0.00 0.00 0.00 0.00 0.00 0.00 0.00 0.00 0.00 0.00 0.00 1.83 3.80 10.15 12.12 5.33 8.83 16.66 20.46 23.06 16.57 11.66 5.95 5.35 7.20 6.39 5.75 5.61 4.92 3.28
10.22 7.52 8.47 8.40 8.10 8.54 6.86 5.04 4.60 4.60 0.00 3.43 0.00 0.00 0.00 0.00 3.80 4.74 7.96 4.38 5.18 3.72 3.72 4.09 4.09 2.99 0.73 0.37 0.22 0.00 0.00 0.00 0.00 1.10 3.58 3.58 5.18 5.48 5.48 5.48 5.18 3.80 4.02 3.65 4.23 2.41 1.46 1.61 1.68 0.37 0.00 0.00 0.07 0.00 0.00 0.00 0.00 0.00 0.00 0.00 0.00 0.00 0.00 0.00 3.14 4.31 8.32 3.94 8.83 12.12 14.82 15.85 17.54 20.52 5.73 3.48 3.67 3.65 4.60 3.73 3.07 2.48 2.10 2.30
6.35 6.42 7.81 5.84 6.50 6.86 3.43 3.21 2.56 2.56 0.00 0.00 0.00 0.00 0.00 0.00 2.12 1.90 2.04 3.72 4.38 4.16 4.09 4.16 3.07 2.63 2.85 0.66 0.22 0.00 1.17 0.00 0.73 4.02 3.50 3.50 5.40 5.11 5.04 5.18 4.89 3.94 4.02 4.60 4.74 4.09 3.14 3.29 3.21 3.80 2.26 3.94 2.12 0.00 0.00 0.00 0.00 0.00 0.00 0.00 0.00 0.00 0.00 0.22 1.97 3.50 5.77 3.07 6.57 11.90 13.87 14.24 8.27 4.56 3.49 2.95 2.11 2.30 2.21 2.14 1.78 0.66 0.73 0.37
4.96 5.18 0.00 0.00 4.09 0.00 0.00 0.00 0.00 0.00 0.00 0.00 0.00 0.00 0.00 0.00 0.00 1.24 1.17 0.00 3.58 3.58 1.97 4.45 2.70 2.34 1.83 1.90 2.12 1.24 0.58 0.95 0.00 1.83 3.36 3.36 5.55 4.45 5.48 5.77 5.69 6.13 6.35 7.66 9.49 9.13 9.49 10.88 8.25 6.06 4.89 4.89 4.60 3.36 4.16 2.70 0.00 2.41 2.77 1.61 1.61 1.75 0.95 1.46 3.14 5.48 7.37 4.38 6.06 7.74 11.83 7.85 5.51 4.54 2.65 1.72 0.94 0.86 1.13 0.00 0.00 0.44 0.22 0.07
4.96 5.18 0.00 0.00 4.09 0.00 0.00 0.00 0.00 0.00 0.00 0.00 0.00 0.00 0.00 0.00 0.00 1.24 1.17 0.00 3.58 3.58 1.97 4.45 2.70 2.34 1.83 1.90 2.12 1.24 0.58 0.95 0.00 1.83 3.36 3.36 5.55 4.45 5.48 5.77 5.69 6.13 6.35 7.66 9.49 9.13 9.49 10.88 8.25 6.06 4.89 4.89 4.60 3.36 4.16 2.70 0.00 2.41 2.77 1.61 1.61 1.75 0.95 1.46 3.14 5.48 7.37 4.38 6.06 7.74 11.83 7.81 5.43 4.48 2.65 1.79 0.84 0.83 1.10 0.00 0.00 0.46 0.22 0.07
3.21 0.00 0.00 0.00 0.00 0.00 0.00 0.00 0.00 0.00 0.00 0.00 0.00 0.00 0.00 0.00 0.00 0.00 0.00 0.00 0.00 2.26 1.02 0.80 2.48 2.56 2.19 1.53 0.00 0.95 0.66 0.66 2.34 1.90 3.72 3.72 5.55 5.04 5.18 5.48 6.94 7.30 6.57 6.42 7.96 10.88 10.88 8.47 8.83 8.18 6.06 6.35 5.62 4.96 3.65 3.36 2.77 2.92 3.29 2.70 2.70 2.04 0.00 0.00 3.87 0.00 2.56 3.29 5.26 7.59 3.65 3.72 3.94 2.95 1.25 1.52 1.45 0.55 0.00 0.00 0.00 0.00 0.00 0.00
