Wansh/Snow_depth/snowdepth-1991/winter/1992008.txt
ncols 321
nrows 161
xllcenter 60
yllcenter 15 
cellsize  0.25 
NODATA_value -1
[rows 0 to 36 of 161, columns 168 to 251 of 321]
7.01 5.33 4.31 4.31 3.36 3.87 3.43 4.74 5.48 5.48 4.96 5.33 4.82 4.45 4.96 5.55 5.84 5.55 6.94 8.91 8.03 8.18 7.59 7.45 6.42 3.21 0.00 0.00 0.00 0.00 0.00 0.00 11.90 11.90 13.43 13.43 13.65 14.75 14.75 14.75 14.75 14.67 16.43 19.64 20.73 20.88 21.17 20.51 18.18 15.70 16.28 13.07 14.38 15.18 15.48 18.10 16.94 20.73 21.68 21.83 21.83 19.64 17.67 18.25 17.96 19.05 17.89 18.54 15.26 15.77 13.58 13.43 13.58 12.48 13.94 13.51 15.40 17.23 17.16 17.01 17.01 14.97 16.35 16.79
9.27 8.25 5.99 5.48 3.36 3.43 3.65 4.67 4.38 4.38 5.04 4.96 5.26 4.60 4.45 5.48 6.72 6.28 8.83 9.34 8.03 8.25 7.37 7.37 3.72 0.00 0.00 0.00 0.00 0.00 0.00 0.00 8.91 13.36 13.07 13.07 12.63 15.48 14.60 13.51 20.66 20.15 20.22 20.51 21.61 16.35 16.86 16.79 16.57 15.26 13.58 13.51 14.02 14.60 15.33 15.99 18.91 17.23 17.52 18.10 18.10 18.03 17.89 19.20 18.76 19.20 16.57 16.35 16.57 14.60 15.26 14.53 15.70 15.77 14.45 14.16 14.45 14.24 13.29 13.51 13.72 10.88 11.53 10.15
11.46 8.98 7.15 5.99 4.02 3.94 5.55 4.38 4.23 4.23 5.04 4.82 4.74 4.45 4.96 6.79 7.08 8.40 9.56 9.05 8.40 8.61 8.03 6.42 0.00 7.37 0.00 0.00 0.00 0.00 0.00 0.00 5.40 11.83 12.63 12.63 12.99 15.48 13.51 18.25 19.35 18.83 17.81 17.45 16.50 14.24 13.21 12.70 12.63 13.36 12.78 13.51 13.21 13.65 14.82 15.70 15.62 16.43 17.96 17.74 17.74 19.27 18.54 18.98 15.48 15.62 15.62 14.75 14.67 14.82 14.53 13.80 13.87 14.09 11.53 11.90 11.46 13.65 12.05 13.14 12.92 11.17 11.68 11.53
11.46 8.98 7.15 5.99 4.02 3.94 5.55 4.38 4.23 4.23 5.04 4.82 4.74 4.45 4.96 6.79 7.08 8.40 9.56 9.05 8.40 8.61 8.03 6.42 0.00 7.37 0.00 0.00 0.00 0.00 0.00 0.00 5.40 11.83 12.63 12.63 12.99 15.48 13.51 18.25 19.35 18.83 17.81 17.45 16.50 14.24 13.21 12.70 12.63 13.36 12.78 13.51 13.21 13.65 14.82 15.70 15.62 16.43 17.96 17.74 17.74 19.27 18.54 18.98 15.48 15.62 15.62 14.75 14.67 14.82 14.53 13.80 13.87 14.09 11.53 11.90 11.46 13.65 12.05 13.14 12.92 11.17 11.68 11.53
11.75 11.02 7.52 8.54 4.09 5.91 5.69 5.69 6.64 6.64 5.91 5.69 6.64 5.33 8.40 5.69 8.69 10.29 8.98 7.15 4.67 6.35 5.69 0.00 0.00 0.00 0.00 0.00 0.00 0.00 0.00 9.64 11.39 11.39 12.19 12.19 14.75 14.02 13.51 14.45 15.48 16.06 15.99 15.99 14.31 15.33 13.36 13.14 14.53 13.80 13.94 14.45 17.23 13.72 17.23 15.91 16.72 16.72 17.16 16.64 16.64 19.49 17.23 17.37 15.48 15.11 13.65 13.94 12.26 10.66 12.92 12.48 12.12 12.48 11.53 11.32 11.32 11.75 11.53 13.14 14.45 14.38 14.97 16.64
13.94 13.36 13.43 11.10 8.98 7.45 7.81 8.10 8.18 8.18 6.94 9.05 10.15 9.13 9.49 8.98 9.93 8.25 6.28 2.41 3.87 0.44 0.00 0.00 0.00 0.00 0.00 0.00 0.00 4.67 2.26 8.83 10.95 12.56 11.75 11.75 15.04 13.21 15.40 13.87 15.70 16.06 16.21 17.01 16.86 16.79 14.82 15.77 14.60 15.33 15.04 17.52 18.91 18.32 18.18 18.76 16.50 15.11 15.40 16.06 16.06 16.57 16.43 18.10 16.64 16.94 13.65 12.56 11.90 10.51 11.53 11.53 11.90 10.07 10.15 9.49 10.80 10.66 12.63 13.58 14.75 15.48 15.11 17.52
13.65 14.38 13.80 14.02 11.61 12.12 11.90 12.99 12.56 12.56 9.64 10.66 12.41 12.78 12.70 10.73 9.64 5.26 6.50 1.75 0.00 0.00 0.00 0.00 0.00 0.00 0.00 0.00 0.00 6.72 9.05 11.83 11.24 14.45 17.59 17.59 17.16 15.04 13.80 12.85 12.63 14.82 14.67 16.06 18.25 19.05 17.59 18.54 15.77 20.15 19.42 19.56 19.93 19.64 17.67 18.40 15.99 15.04 16.43 15.04 15.04 18.98 20.59 18.98 17.67 16.72 14.53 13.07 12.70 11.90 10.80 9.05 9.20 9.42 8.54 8.76 8.10 10.37 10.22 12.55 16.63 15.26 18.41 20.23
13.65 14.38 13.80 14.02 11.61 12.12 11.90 12.99 12.56 12.56 9.64 10.66 12.41 12.78 12.70 10.73 9.64 5.26 6.50 1.75 0.00 0.00 0.00 0.00 0.00 0.00 0.00 0.00 0.00 6.72 9.05 11.83 11.24 14.45 17.59 17.59 17.16 15.04 13.80 12.85 12.63 14.82 14.67 16.06 18.25 19.05 17.59 18.54 15.77 20.15 19.42 19.56 19.93 19.64 17.67 18.40 15.99 15.04 16.43 15.04 15.04 18.98 20.59 18.98 17.67 16.72 14.53 13.07 12.70 11.90 10.80 9.05 9.20 9.42 8.54 10.13 11.18 14.92 14.00 21.32 27.46 20.31 23.69 20.99
9.34 13.36 14.67 14.75 12.99 11.83 11.83 12.05 13.36 13.36 13.14 12.78 13.65 13.14 11.10 9.42 3.29 0.00 0.22 0.00 0.00 0.00 0.00 0.00 0.00 0.00 0.00 4.45 8.61 8.18 8.83 12.34 14.09 13.51 15.70 15.70 16.94 17.16 16.72 12.34 12.85 16.13 18.76 20.37 20.08 20.88 23.36 24.09 22.19 21.90 22.56 20.73 19.05 19.56 17.81 15.11 15.62 15.70 17.30 19.64 19.64 18.91 20.44 18.91 20.22 16.57 14.45 12.19 12.78 9.34 9.56 9.56 9.05 9.63 9.51 12.26 13.04 11.83 11.30 16.01 18.09 19.08 17.10 19.11
7.23 9.86 8.91 11.68 13.07 13.51 13.51 13.07 13.07 13.07 10.88 12.63 12.34 10.51 4.38 0.00 0.15 0.00 0.00 0.00 0.00 0.00 0.00 0.00 1.75 8.25 9.13 8.69 9.78 11.61 11.68 11.97 11.02 14.09 13.29 13.29 14.97 15.55 12.78 15.77 15.11 16.94 20.29 21.32 21.53 23.00 22.70 24.75 19.56 20.51 20.29 20.66 18.61 17.96 18.25 17.30 18.76 26.13 19.78 24.82 24.82 20.73 20.73 17.89 15.40 12.41 12.56 9.42 8.83 8.54 9.93 9.86 10.27 11.62 13.11 11.25 11.11 11.66 14.98 14.72 12.48 12.64 18.57 18.46
9.34 7.15 9.49 8.83 11.39 11.75 11.10 13.07 12.63 12.63 8.69 3.21 4.31 1.83 0.00 0.00 0.00 0.00 0.00 0.00 2.04 5.04 6.50 7.81 8.03 9.20 9.78 10.22 9.86 10.66 7.66 9.86 9.13 12.26 15.04 15.04 12.41 15.91 17.23 19.71 21.68 21.68 21.53 21.02 20.88 15.77 16.64 16.57 17.74 17.08 18.69 18.18 18.47 15.62 18.32 17.89 20.44 26.86 27.38 27.23 27.23 23.87 18.10 12.99 13.36 11.17 9.13 9.42 10.51 9.86 9.49 9.93 8.83 8.89 7.90 10.01 11.63 11.91 11.46 11.74 13.23 13.41 12.89 11.74
9.34 7.15 9.49 8.83 11.39 11.75 11.10 13.07 12.63 12.63 8.69 3.21 4.31 1.83 0.00 0.00 0.00 0.00 0.00 0.00 2.04 5.04 6.50 7.81 8.03 9.20 9.78 10.22 9.86 10.66 7.66 9.86 9.13 12.26 15.04 15.04 12.41 15.91 17.23 19.71 21.68 21.68 21.53 21.02 20.88 15.77 16.64 16.57 17.74 17.08 18.69 18.18 18.47 15.62 18.32 17.89 20.44 26.86 27.38 27.23 27.23 23.87 18.10 12.99 13.36 11.17 9.13 9.42 10.51 9.86 9.49 9.93 8.61 8.76 7.66 9.29 10.37 11.03 12.22 12.18 13.23 13.12 14.16 12.56
10.51 9.78 9.93 8.54 7.96 8.10 7.08 4.60 0.00 0.00 0.00 0.00 0.00 0.00 0.00 0.00 0.00 0.00 8.47 7.59 6.28 8.76 7.59 8.76 8.47 9.34 8.69 8.98 9.42 7.52 7.52 8.69 12.12 11.10 15.33 15.33 11.24 13.36 15.84 15.33 17.81 19.27 15.33 14.75 15.04 14.38 12.26 11.90 15.18 14.53 16.94 12.85 13.80 13.80 17.08 18.98 17.45 24.02 20.88 21.68 21.68 23.43 16.57 13.43 11.90 12.85 12.85 11.75 11.46 12.63 10.15 10.59 9.42 10.44 10.78 9.77 11.38 10.69 11.72 14.60 12.47 13.85 12.58 13.44
10.88 11.10 9.42 10.29 9.49 8.54 5.33 0.00 0.00 0.00 0.00 0.00 0.00 0.00 0.00 0.00 0.00 1.90 1.53 5.84 7.59 8.69 8.47 7.96 8.91 8.83 8.61 10.00 10.73 9.49 9.05 9.34 11.02 11.97 11.83 11.83 11.10 12.48 11.90 14.09 14.82 12.05 11.61 11.53 8.61 10.51 9.78 11.32 11.90 10.15 9.78 11.17 11.83 11.53 10.73 14.60 14.53 16.79 17.67 14.09 14.09 16.72 16.43 16.43 14.60 15.26 15.33 14.60 14.09 14.02 14.45 14.24 11.46 12.37 13.54 15.51 10.85 12.67 12.92 12.04 13.27 12.25 12.90 14.72
13.87 14.02 12.05 12.78 11.02 11.83 7.96 1.61 3.80 3.80 2.92 1.17 0.00 1.46 0.00 0.29 0.44 4.60 5.69 5.18 6.35 8.18 9.20 9.20 9.64 10.29 11.39 10.95 10.15 9.05 9.05 9.34 9.13 10.29 9.78 9.78 9.86 10.51 10.44 8.83 8.76 8.69 9.20 5.91 7.88 9.27 8.98 10.59 7.81 7.96 6.35 7.08 6.64 9.64 11.53 10.59 13.51 13.29 12.63 12.56 12.56 12.99 15.04 15.11 14.60 15.70 13.72 13.72 13.14 15.55 15.26 15.48 14.05 17.42 14.39 14.71 14.49 15.79 13.86 13.20 12.54 13.46 13.78 13.51
13.80 15.04 14.45 12.41 12.48 10.66 10.66 10.29 10.59 10.59 7.96 8.47 4.96 6.06 1.83 5.99 3.29 2.63 2.92 6.06 5.69 7.74 10.22 9.34 10.37 10.07 9.93 8.98 9.34 9.34 8.83 9.05 8.69 8.76 9.56 9.56 8.32 8.91 7.96 7.45 7.01 6.64 7.37 7.01 7.23 7.01 6.42 6.86 6.94 6.06 5.40 6.06 7.52 6.86 9.93 11.39 12.56 12.78 10.95 11.68 11.68 11.61 11.17 13.14 11.46 11.10 11.83 11.75 10.80 12.85 15.55 16.26 16.47 16.35 19.02 14.00 15.87 14.41 14.98 15.20 15.81 16.44 15.29 14.41
13.80 15.04 14.45 12.41 12.48 10.66 10.66 10.29 10.59 10.59 7.96 8.47 4.96 6.06 1.83 5.99 3.29 2.63 2.92 6.06 5.69 7.74 10.22 9.34 10.37 10.07 9.93 8.98 9.34 9.34 8.83 9.05 8.69 8.76 9.56 9.56 8.32 8.91 7.96 7.45 7.01 6.64 7.37 7.01 7.23 7.01 6.42 6.86 6.94 6.06 5.40 6.06 7.52 6.86 9.93 11.39 12.56 12.78 10.95 11.68 11.68 11.61 11.17 13.14 11.46 11.10 11.83 11.75 10.80 12.85 15.55 19.96 15.43 17.77 17.08 17.32 16.10 15.94 15.28 13.70 15.28 14.14 16.62 16.36
11.17 13.72 12.41 11.24 10.44 10.51 9.20 7.30 8.03 8.03 8.25 5.91 5.77 3.21 4.38 1.68 3.94 2.70 5.11 6.94 8.61 9.13 8.98 8.98 8.69 9.20 8.98 9.64 8.47 9.05 8.91 9.13 8.83 9.71 8.69 8.69 7.88 9.20 8.54 7.59 7.45 8.03 8.10 7.52 6.50 6.57 6.13 5.04 5.62 5.48 4.74 4.82 5.69 7.52 7.52 10.37 9.71 10.37 10.51 9.86 9.86 9.27 9.49 7.30 8.10 6.20 5.69 8.91 10.66 10.22 11.80 12.94 17.18 17.26 18.71 21.00 20.79 15.38 15.06 17.18 15.88 15.70 15.98 15.63
9.56 10.37 12.26 12.26 11.68 10.44 7.96 6.57 5.26 5.26 4.82 4.89 4.60 6.06 5.84 7.59 5.77 5.77 4.89 6.64 8.61 8.83 8.69 8.69 8.47 8.61 8.32 8.10 8.32 7.52 9.05 8.76 9.05 7.66 8.47 8.47 8.03 8.03 8.32 8.18 8.47 8.98 7.74 6.28 5.77 5.04 5.33 5.11 4.67 5.55 5.40 5.26 7.59 6.72 4.31 8.32 7.45 9.13 9.27 9.13 9.13 8.54 5.62 4.74 4.45 4.23 5.40 4.82 8.40 9.83 9.66 10.62 13.93 15.45 17.22 18.41 16.41 18.54 15.98 16.93 15.25 15.64 16.15 16.66
9.20 9.27 8.32 10.88 11.10 11.61 8.83 7.08 8.10 8.10 7.52 8.03 7.45 9.20 9.56 8.98 6.86 7.81 8.47 8.03 8.47 11.17 9.93 8.76 8.69 8.40 8.32 7.30 7.66 7.45 9.34 10.80 10.80 9.20 8.61 8.61 7.96 8.18 7.66 6.28 6.72 6.20 6.79 5.33 5.04 5.26 7.30 6.86 7.08 6.57 6.28 8.03 7.88 6.57 2.48 6.06 7.81 6.86 9.13 7.37 7.37 7.30 5.55 4.89 3.80 3.94 4.23 5.11 4.53 5.62 9.05 12.56 11.97 15.26 16.72 18.03 17.70 18.17 20.65 16.70 15.71 14.89 13.43 17.23
8.32 8.32 9.42 9.05 10.15 9.34 9.42 8.61 9.05 9.05 9.42 10.15 11.46 11.32 11.46 10.44 9.78 8.40 9.34 12.63 12.05 12.34 11.17 9.78 7.81 8.18 7.74 8.03 8.25 10.73 10.07 12.26 11.61 9.56 9.56 9.56 8.61 9.56 7.59 5.69 4.31 2.77 3.07 4.16 3.87 5.48 5.91 6.64 3.72 5.18 4.67 6.57 4.96 3.29 3.21 4.96 6.72 7.15 7.01 5.62 5.62 4.82 5.33 5.18 3.07 2.12 1.75 3.58 5.11 4.82 5.69 11.02 13.87 13.36 16.01 17.20 20.94 16.97 19.20 19.25 18.89 15.44 16.32 13.42
5.69 7.59 6.94 8.83 8.69 9.64 9.34 10.51 9.86 9.86 10.59 10.07 11.02 8.69 7.96 7.96 7.96 8.25 10.88 13.51 12.99 11.68 9.20 9.93 8.18 9.34 8.83 8.69 10.29 11.46 12.70 13.29 12.12 9.05 7.59 7.59 5.99 6.28 3.50 3.50 2.70 2.92 4.23 4.31 4.67 4.74 5.11 4.02 2.99 3.80 5.99 5.69 6.20 6.72 5.33 5.48 6.50 6.57 5.99 6.20 6.20 5.04 0.59 1.39 1.31 1.61 2.70 3.80 4.23 4.89 5.77 5.04 10.88 13.80 13.84 15.62 19.30 17.05 20.70 16.66 13.50 14.50 16.97 18.17
5.69 7.59 6.94 8.83 8.69 9.64 9.34 10.51 9.86 9.86 10.59 10.07 11.02 8.69 7.96 7.96 7.96 8.25 10.88 13.51 12.99 11.68 9.20 9.93 8.18 9.34 8.83 8.69 10.29 11.46 12.70 13.29 12.12 9.05 7.59 7.59 5.99 6.28 3.50 3.50 2.70 2.92 4.23 4.31 4.67 4.74 5.11 4.02 2.99 3.80 5.99 5.69 6.20 6.72 5.33 5.48 6.50 6.57 5.99 6.20 6.20 5.04 0.59 1.39 1.31 1.61 2.70 3.80 4.23 4.89 5.77 5.04 10.88 13.80 13.29 15.70 14.99 15.00 17.34 19.39 16.51 14.81 13.30 16.76
5.04 3.65 7.96 8.03 9.56 9.13 10.15 10.88 8.98 8.98 11.24 10.44 8.40 7.01 6.72 7.15 9.86 11.83 11.17 12.99 13.14 11.68 9.93 11.17 11.17 10.80 12.26 12.78 12.78 12.85 11.39 5.99 10.95 4.60 3.58 3.58 2.26 2.19 2.77 3.43 3.43 3.14 3.65 4.31 5.55 5.18 3.72 4.31 3.50 4.31 6.86 6.94 7.01 7.52 6.57 6.20 5.99 6.42 5.26 0.29 0.29 4.45 0.00 0.00 0.00 0.00 2.26 2.99 2.63 3.65 4.45 6.72 5.40 10.59 13.87 12.99 14.91 20.61 19.58 21.05 17.25 14.78 16.05 17.50
0.88 3.43 6.64 6.06 7.81 7.30 9.42 9.27 10.59 10.59 10.66 9.13 9.78 7.52 7.08 10.44 10.73 11.83 12.41 12.56 12.56 12.41 12.48 12.12 13.36 12.92 12.92 14.67 13.07 13.58 11.10 4.45 8.47 7.08 1.97 1.97 2.12 2.63 2.85 3.36 1.90 2.92 4.82 4.53 6.28 3.65 2.85 0.29 2.92 2.26 6.72 5.18 6.06 4.31 4.16 4.96 3.50 2.92 4.16 0.00 0.00 0.00 0.00 0.00 0.00 2.04 1.53 3.29 3.94 4.82 4.31 5.48 10.00 8.83 13.85 16.94 16.27 18.23 19.12 16.70 19.71 14.15 17.78 21.84
0.66 1.24 3.80 5.11 5.77 5.18 10.80 8.54 12.05 12.05 10.88 11.32 11.46 10.88 10.37 10.51 11.10 13.14 12.92 13.51 12.34 12.78 12.56 12.92 13.65 12.92 11.02 10.73 11.90 5.84 3.87 4.67 2.77 2.12 2.77 2.77 2.41 3.21 2.19 2.26 1.61 2.12 0.80 1.31 1.10 1.90 0.00 0.00 1.31 0.07 0.00 1.53 0.00 1.53 0.00 0.00 0.00 0.00 0.00 0.00 0.00 0.00 0.00 0.00 0.00 0.00 1.90 2.99 3.43 4.02 6.42 5.26 10.08 15.12 14.08 19.47 16.73 12.31 12.09 17.30 15.76 16.32 15.64 16.57
2.19 1.97 3.29 3.72 5.33 5.11 5.69 9.27 10.51 10.51 11.39 7.66 10.07 10.51 11.75 12.05 12.05 11.90 12.92 11.24 11.53 12.05 11.24 11.24 13.21 5.33 6.86 3.80 8.25 5.11 1.75 2.92 1.24 1.83 2.70 2.70 3.72 2.92 2.63 2.85 2.34 0.66 0.44 0.00 0.00 0.00 0.00 0.00 0.00 0.00 0.00 0.00 0.00 0.00 0.00 0.00 0.00 0.00 0.00 0.00 0.00 0.00 0.00 0.00 0.00 0.00 1.17 1.61 2.85 2.26 6.50 10.80 9.93 14.15 18.52 15.62 19.93 14.60 13.32 13.80 12.20 11.81 12.35 11.37
1.90 3.14 1.90 2.04 3.94 4.53 5.48 7.59 4.82 4.82 4.16 5.55 7.74 9.05 6.57 6.64 8.54 6.64 8.18 8.03 9.49 6.57 8.18 2.70 2.41 2.56 2.41 2.26 3.14 1.10 1.17 0.73 1.31 2.70 2.04 2.04 3.21 2.70 2.85 0.58 0.00 0.00 0.00 0.00 0.00 0.00 2.34 0.58 1.24 0.00 0.00 0.00 0.00 0.00 0.00 0.00 0.00 0.00 0.00 0.00 0.00 0.00 0.00 0.00 0.00 0.00 0.00 1.46 2.77 7.23 6.36 12.64 20.01 17.37 19.94 18.35 11.46 14.23 11.11 13.00 12.61 12.21 12.24 7.49
1.90 3.14 1.90 2.04 3.94 4.53 5.48 7.59 4.82 4.82 4.16 5.55 7.74 9.05 6.57 6.64 8.54 6.64 8.18 8.03 9.49 6.57 8.18 2.70 2.41 2.56 2.41 2.26 3.14 1.10 1.17 0.73 1.31 2.70 2.04 2.04 3.21 2.70 2.85 0.58 0.00 0.00 0.00 0.00 0.00 0.00 2.34 0.58 1.24 0.00 0.00 0.00 0.00 0.00 0.00 0.00 0.00 0.00 0.00 0.00 0.00 0.00 0.00 0.00 0.00 0.00 0.00 1.46 2.77 7.23 6.40 12.50 18.09 19.36 21.28 21.41 13.30 13.78 11.60 12.63 13.34 14.49 11.17 6.36
4.60 4.02 5.26 3.07 3.50 3.36 3.58 5.11 5.55 5.55 5.84 6.50 5.62 5.33 5.40 5.33 4.96 5.04 4.89 5.84 5.84 5.69 5.11 1.97 0.44 0.00 0.00 1.10 2.04 0.66 0.00 0.29 0.80 0.37 0.51 0.51 1.46 1.68 0.80 0.44 0.44 2.26 0.07 0.22 0.00 3.43 3.36 2.26 1.61 0.07 0.15 0.00 0.00 0.00 0.00 0.00 0.00 0.00 0.00 0.00 0.00 0.00 0.00 0.00 0.00 0.00 1.39 1.17 2.13 8.04 14.53 12.83 21.51 22.59 16.73 21.02 10.28 8.26 11.32 10.47 10.25 10.90 6.30 6.03
10.00 8.61 8.03 6.42 4.74 4.89 5.69 6.94 7.30 7.30 6.28 5.62 5.26 5.48 5.26 4.67 4.89 4.53 6.57 7.45 5.84 2.77 1.68 2.34 0.00 0.22 0.88 0.95 1.02 0.15 0.51 0.00 0.00 0.00 0.51 0.51 1.24 1.61 1.68 1.53 4.82 4.09 2.48 3.43 2.63 2.92 3.36 1.10 1.31 0.00 0.00 0.00 0.00 0.00 0.00 0.00 0.00 0.00 0.00 0.00 0.00 0.00 0.00 0.00 0.00 0.00 0.00 2.56 8.18 6.86 13.21 17.61 22.45 25.19 15.51 8.29 7.74 6.18 8.34 10.17 7.96 7.92 5.16 3.84
11.02 10.44 8.25 4.96 4.60 5.91 5.18 6.35 6.72 6.72 5.84 5.11 4.60 0.00 0.00 4.09 4.23 6.72 6.28 7.66 4.31 2.26 2.19 1.17 1.53 1.10 0.00 0.88 0.00 0.00 0.00 0.00 0.00 1.17 1.31 1.31 3.07 4.09 5.84 5.18 4.60 4.89 4.09 3.50 1.53 0.66 0.07 0.15 0.00 0.00 0.00 0.00 0.00 0.00 0.00 0.00 0.00 0.00 0.00 0.00 0.00 0.00 0.00 0.00 0.00 0.00 0.00 3.29 8.47 12.85 11.75 17.43 19.34 11.32 15.12 6.59 5.73 6.58 5.86 7.46 6.55 5.52 5.30 3.51
6.86 7.45 6.50 8.40 9.05 9.20 8.03 7.52 7.74 7.74 5.99 0.00 0.00 0.00 0.00 0.00 2.19 4.23 1.97 2.56 2.56 1.83 2.56 2.19 2.19 0.73 0.80 0.80 0.00 0.00 0.00 0.00 0.00 0.00 2.26 2.26 3.21 3.65 4.89 4.82 3.80 2.56 2.63 2.99 1.68 1.17 0.00 1.61 0.00 0.00 0.00 0.00 0.00 0.00 0.00 0.00 0.00 0.00 0.00 0.00 0.00 0.00 0.00 0.00 0.00 0.00 4.09 3.36 6.35 13.21 16.21 15.48 20.02 10.58 4.83 2.98 2.98 2.27 3.60 3.25 3.73 4.10 2.47 0.74
4.38 4.89 4.38 7.81 9.93 5.91 5.91 5.04 0.00 0.00 0.00 0.00 0.00 0.00 0.00 0.00 0.00 0.00 0.00 1.17 1.90 2.70 2.63 2.48 1.97 1.90 1.17 1.68 0.00 0.00 0.00 0.00 0.00 0.44 1.61 1.61 2.19 2.12 3.65 3.80 3.94 3.72 5.26 5.04 3.43 2.77 7.88 5.55 2.12 3.58 4.45 1.17 2.04 0.00 0.00 0.00 0.00 0.00 0.00 0.00 0.00 0.00 0.00 0.00 0.00 0.00 3.43 6.35 9.27 8.76 10.59 13.29 7.06 8.42 3.02 2.43 1.23 1.27 0.62 0.41 0.31 0.81 0.73 0.22
3.65 3.80 0.00 2.85 6.28 0.00 0.00 0.00 0.00 0.00 0.00 0.00 0.00 0.00 0.00 0.00 0.00 0.00 0.00 0.00 1.61 2.19 1.75 1.90 1.39 0.73 1.46 0.51 0.66 0.80 0.00 0.00 0.00 0.00 0.80 0.80 2.41 4.31 4.53 4.82 4.82 4.89 6.35 7.08 9.64 11.68 10.07 9.86 8.91 5.48 3.58 2.48 2.56 2.56 0.66 1.83 1.68 0.00 0.00 0.00 0.00 0.00 0.00 0.00 0.00 1.68 2.77 4.74 7.45 8.25 7.45 6.24 4.32 2.61 2.58 2.11 1.51 0.09 0.00 0.00 0.00 0.22 0.37 0.52
3.65 3.80 0.00 2.85 6.28 0.00 0.00 0.00 0.00 0.00 0.00 0.00 0.00 0.00 0.00 0.00 0.00 0.00 0.00 0.00 1.61 2.19 1.75 1.90 1.39 0.73 1.46 0.51 0.66 0.80 0.00 0.00 0.00 0.00 0.80 0.80 2.41 4.31 4.53 4.82 4.82 4.89 6.35 7.08 9.64 11.68 10.07 9.86 8.91 5.48 3.58 2.48 2.56 2.56 0.66 1.83 1.68 0.00 0.00 0.00 0.00 0.00 0.00 0.00 0.00 1.68 2.77 4.74 7.45 8.25 7.45 6.20 4.26 2.57 2.58 2.20 1.34 0.08 0.00 0.00 0.00 0.23 0.37 0.51
0.00 0.00 0.00 0.00 0.00 0.00 0.00 0.00 0.00 0.00 0.00 0.00 0.00 0.00 0.00 0.00 0.00 0.00 0.00 0.00 0.00 0.00 0.58 0.00 0.00 0.00 0.00 0.80 0.00 0.66 0.00 1.10 1.83 1.39 2.26 2.26 3.14 4.02 4.96 5.91 5.26 6.72 6.28 8.03 7.52 10.66 7.66 6.94 7.23 6.06 4.74 4.82 3.29 3.36 3.65 2.19 1.39 0.00 0.00 1.83 1.83 1.68 0.00 0.00 0.00 0.73 1.24 2.56 4.16 5.26 3.94 3.07 3.21 2.14 1.69 0.76 1.29 0.00 0.00 0.00 0.00 0.00 0.00 0.00
