Wansh/Snow_depth/snowdepth-1991/winter/1992032.txt
ncols 321
nrows 161
xllcenter 60
yllcenter 15 
cellsize  0.25 
NODATA_value -1
[rows 0 to 36 of 161, columns 0 to 83 of 321]
8.83 8.83 7.88 13.07 13.87 14.53 15.84 17.81 17.52 17.45 16.72 16.94 18.10 18.25 17.23 16.64 17.96 16.43 14.75 14.82 15.62 15.33 16.94 15.18 15.70 13.36 13.36 13.80 14.67 14.24 14.16 13.72 12.85 12.92 13.07 12.70 12.78 13.21 13.80 13.80 13.80 14.24 13.07 13.43 13.21 13.58 12.63 12.56 12.99 12.99 13.21 13.21 11.61 11.53 11.17 12.78 13.72 16.06 15.70 15.55 14.60 14.97 15.77 15.48 15.99 15.70 16.50 15.48 15.48 15.70 15.84 15.11 15.18 16.28 15.99 17.23 17.23 17.89 18.98 19.56 19.64 19.71 19.71 19.56
12.12 12.12 11.02 12.92 12.92 13.72 14.97 15.55 15.48 16.72 16.21 15.84 15.62 16.28 15.04 15.70 11.61 12.12 12.92 12.85 12.48 13.51 12.41 14.24 12.92 13.07 13.07 12.70 12.70 12.70 12.12 11.68 11.97 12.99 12.70 13.07 12.70 12.63 13.58 13.43 13.51 12.63 12.34 12.34 13.58 12.56 12.78 11.75 11.61 10.59 10.59 10.59 10.44 10.22 10.15 12.34 10.29 11.39 13.14 13.72 12.05 13.21 13.29 13.36 12.48 13.43 13.87 13.72 13.87 13.58 14.53 14.31 15.26 15.62 16.72 16.43 16.43 17.16 18.40 19.27 18.98 19.93 20.59 20.29
10.44 10.44 11.02 10.51 13.21 12.99 12.99 14.31 14.31 13.21 13.36 14.09 12.56 12.34 9.86 10.15 10.66 9.78 9.64 10.07 11.83 11.53 11.24 10.66 10.22 11.10 11.10 10.15 12.05 11.39 11.61 11.61 11.24 11.39 11.83 11.24 11.02 11.39 10.95 10.59 11.53 11.61 11.83 11.83 12.41 12.41 11.61 11.39 11.39 10.73 7.96 7.96 7.37 7.59 8.10 8.32 8.18 8.83 8.10 11.61 11.02 12.85 13.07 13.07 13.21 12.99 14.75 14.82 14.45 14.38 13.87 14.24 14.89 14.82 16.06 15.91 15.91 16.21 18.32 17.89 17.37 17.89 17.96 18.10
10.44 10.44 11.02 10.51 13.21 12.99 12.99 14.31 14.31 13.21 13.36 14.09 12.56 12.34 9.86 10.15 10.66 9.78 9.64 10.07 11.83 11.53 11.24 10.66 10.22 11.10 11.10 10.15 12.05 11.39 11.61 11.61 11.24 11.39 11.83 11.24 11.02 11.39 10.95 10.59 11.53 11.61 11.83 11.83 12.41 12.41 11.61 11.39 11.39 10.73 7.96 7.96 7.37 7.59 8.10 8.32 8.18 8.83 8.10 11.61 11.02 12.85 13.07 13.07 13.21 12.99 14.75 14.82 14.45 14.38 13.87 14.24 14.89 14.82 16.06 15.91 15.91 16.21 18.32 17.89 17.37 17.89 17.96 18.10
12.26 12.26 10.44 10.59 11.90 13.29 12.99 13.72 13.07 13.14 11.32 11.53 10.15 8.98 9.20 8.69 9.71 9.49 10.37 10.00 10.07 10.00 9.93 10.07 10.66 10.95 10.95 9.05 9.20 8.91 9.05 11.02 11.17 10.29 8.98 9.71 7.59 9.34 9.05 7.96 7.30 9.71 6.64 7.96 11.32 9.27 9.05 9.34 8.83 7.96 8.40 8.40 6.64 5.91 7.23 7.45 7.59 7.15 7.15 9.13 10.29 12.56 12.78 13.14 13.21 15.40 15.18 14.45 13.43 13.58 14.02 13.43 13.94 14.09 13.87 15.18 15.18 15.18 16.13 16.79 16.13 15.62 14.02 12.92
13.29 13.29 12.41 12.34 11.75 14.02 13.80 14.09 12.56 12.85 10.73 9.34 9.78 9.13 8.98 8.69 10.15 10.59 10.59 10.22 9.64 9.64 10.44 10.59 10.80 9.42 9.42 8.40 8.10 8.25 8.18 10.00 10.80 10.88 9.42 8.03 8.40 7.30 7.45 7.45 6.86 5.77 5.62 6.13 8.98 8.69 8.98 8.61 7.30 6.13 6.94 6.94 5.91 6.20 6.79 6.94 6.72 7.01 7.59 8.47 10.37 14.02 13.07 13.87 13.87 14.24 14.31 14.60 14.02 14.09 13.36 13.80 13.72 14.24 13.87 14.02 14.02 14.09 13.21 14.16 13.72 14.09 13.87 12.99
13.72 13.72 13.80 14.89 14.45 14.38 14.60 12.85 13.07 11.39 10.59 9.86 9.71 10.15 10.15 11.90 10.44 11.17 9.86 10.15 10.07 11.17 10.15 11.53 10.07 10.73 10.73 8.83 9.93 9.86 11.17 11.46 11.39 11.61 11.32 10.44 11.46 10.00 8.18 8.61 6.28 8.47 8.47 8.69 8.18 7.88 8.18 7.45 7.74 8.25 6.42 6.42 5.77 5.62 6.94 7.52 5.91 8.18 7.59 8.98 12.34 9.93 14.09 12.41 12.34 12.78 13.80 13.51 13.29 12.41 13.21 10.80 11.75 11.75 12.26 12.85 12.85 12.56 13.43 12.99 13.36 12.26 14.67 14.75
13.72 13.72 13.80 14.89 14.45 14.38 14.60 12.85 13.07 11.39 10.59 9.86 9.71 10.15 10.15 11.90 10.44 11.17 9.86 10.15 10.07 11.17 10.15 11.53 10.07 10.73 10.73 8.83 9.93 9.86 11.17 11.46 11.39 11.61 11.32 10.44 11.46 10.00 8.18 8.61 6.28 8.47 8.47 8.69 8.18 7.88 8.18 7.45 7.74 8.25 6.42 6.42 5.77 5.62 6.94 7.52 5.91 8.18 7.59 8.98 12.34 9.93 14.09 12.41 12.34 12.78 13.80 13.51 13.29 12.41 13.21 10.80 11.75 11.75 12.26 12.85 12.85 12.56 13.43 12.99 13.36 12.26 14.67 14.75
13.65 13.65 15.04 15.04 14.09 14.45 14.67 13.72 12.19 12.63 10.51 9.42 9.56 10.51 12.26 11.90 12.70 11.83 11.53 10.15 11.17 10.66 12.85 12.92 12.99 12.70 12.70 11.10 10.73 12.78 12.34 13.21 11.97 12.12 12.12 12.34 12.41 11.83 9.71 10.07 8.61 8.54 12.12 10.51 11.97 9.27 9.27 7.88 7.96 7.23 9.49 9.49 8.32 7.45 7.15 8.83 8.03 8.69 9.34 11.39 10.00 11.02 11.61 11.10 10.80 12.26 11.83 12.34 12.48 9.86 10.00 9.78 10.15 8.83 8.83 11.53 11.53 8.10 8.54 8.54 8.54 10.22 13.29 12.78
12.99 12.99 12.05 13.58 13.87 12.05 13.14 13.36 11.10 10.44 11.02 9.27 9.78 9.20 12.12 12.34 12.48 11.39 10.29 10.59 9.13 12.12 11.90 13.07 13.29 13.21 13.21 13.51 14.16 13.58 14.24 11.75 12.26 10.22 10.73 12.26 10.37 10.29 10.44 10.44 10.88 12.56 12.12 12.92 11.17 11.75 9.64 8.91 7.59 8.32 7.88 7.88 9.05 9.13 8.69 9.71 10.73 10.44 10.95 11.90 11.90 11.10 10.51 10.80 12.26 9.78 7.45 8.10 8.76 9.20 9.34 9.86 8.32 8.83 8.61 7.96 7.96 8.54 8.54 8.18 9.71 9.93 9.64 10.88
11.39 11.39 11.97 11.53 10.73 11.17 9.05 9.86 10.15 8.91 7.74 8.32 9.27 10.59 10.51 9.34 8.98 10.29 9.93 9.27 9.56 9.13 10.80 10.00 13.21 13.36 13.36 13.14 13.72 12.78 12.99 10.73 9.27 9.27 8.98 9.49 8.98 8.98 9.78 10.15 9.93 10.66 10.51 11.10 11.24 10.80 9.56 9.34 8.40 8.40 8.47 8.47 10.15 11.97 10.00 10.37 12.48 12.41 11.97 10.88 10.00 10.07 8.76 7.88 7.52 7.74 7.23 7.88 7.88 9.05 8.98 8.76 7.81 7.52 8.10 8.91 8.91 8.83 9.93 11.32 10.44 10.00 10.44 9.78
11.39 11.39 11.97 11.53 10.73 11.17 9.05 9.86 10.15 8.91 7.74 8.32 9.27 10.59 10.51 9.34 8.98 10.29 9.93 9.27 9.56 9.13 10.80 10.00 13.21 13.36 13.36 13.14 13.72 12.78 12.99 10.73 9.27 9.27 8.98 9.49 8.98 8.98 9.78 10.15 9.93 10.66 10.51 11.10 11.24 10.80 9.56 9.34 8.40 8.40 8.47 8.47 10.15 11.97 10.00 10.37 12.48 12.41 11.97 10.88 10.00 10.07 8.76 7.88 7.52 7.74 7.23 7.88 7.88 9.05 8.98 8.76 7.81 7.52 8.10 8.91 8.91 8.83 9.93 11.32 10.44 10.00 10.44 9.78
11.97 11.97 10.15 10.80 8.98 8.32 8.76 8.47 8.32 8.76 7.81 8.91 8.47 10.00 9.20 9.56 8.54 9.93 11.02 10.66 9.56 9.78 9.93 11.10 9.56 9.34 9.34 8.83 8.61 8.32 8.76 7.59 7.81 6.64 7.23 7.45 7.23 8.10 8.83 8.47 8.61 9.64 9.42 10.51 10.88 10.29 9.78 10.07 9.64 10.88 11.39 11.39 12.92 13.43 13.87 13.36 12.63 14.09 12.85 12.63 10.51 8.76 10.15 8.10 8.83 8.10 9.64 9.64 10.00 9.42 7.08 7.81 7.66 7.81 8.03 9.34 9.34 10.59 10.44 10.95 9.27 10.37 10.37 8.98
12.48 12.48 10.88 9.56 9.86 10.00 8.40 8.83 7.37 7.81 8.40 8.18 8.76 9.71 8.98 8.98 9.78 9.20 11.24 9.78 10.00 9.20 8.10 8.69 8.10 8.25 8.25 7.88 8.61 8.61 8.69 8.03 6.79 6.86 7.15 7.37 8.18 7.88 8.69 8.32 7.45 7.59 6.86 7.66 8.18 9.49 10.66 10.29 11.68 12.05 12.70 12.70 12.85 12.48 14.82 13.21 14.38 13.29 14.16 13.07 12.92 13.14 11.46 9.78 14.24 15.62 13.51 11.97 12.63 9.42 10.07 8.03 8.61 9.42 9.56 9.20 9.20 10.59 12.41 11.32 11.53 10.44 8.76 9.05
11.97 11.97 12.56 10.73 10.95 11.17 9.71 7.59 8.10 7.81 8.54 9.05 8.61 10.07 9.34 9.27 9.05 11.02 10.88 9.93 9.34 9.27 8.18 7.52 7.66 7.88 7.88 8.54 10.44 10.22 10.22 9.86 8.61 9.13 8.47 8.47 8.61 7.66 7.74 7.66 7.96 7.81 7.96 8.54 7.37 8.83 10.44 11.32 12.56 12.34 12.12 12.12 12.26 13.51 16.21 14.82 15.11 15.18 16.50 15.18 15.62 13.43 16.64 13.80 16.64 16.13 17.52 16.64 14.60 11.53 11.68 10.00 9.86 8.69 10.51 9.20 9.20 11.32 11.53 11.61 11.83 11.53 8.98 9.56
12.34 12.34 11.39 11.68 10.95 8.61 9.27 7.08 8.25 8.98 8.83 8.83 9.56 9.27 8.54 8.91 8.47 11.68 12.48 10.95 10.15 8.32 8.61 7.88 7.96 8.54 8.54 8.47 9.78 10.29 10.59 10.59 10.15 9.20 9.71 8.76 7.96 8.91 6.35 6.50 6.57 8.40 7.81 9.27 9.64 10.95 11.17 11.46 10.44 10.66 11.83 11.83 11.46 13.80 14.75 15.99 16.79 17.01 16.64 16.28 16.79 15.55 16.79 15.40 17.23 18.18 17.67 17.52 16.64 15.62 13.43 10.44 11.02 8.61 10.95 9.27 9.27 10.66 9.42 9.71 9.27 9.42 9.49 9.64
12.34 12.34 11.39 11.68 10.95 8.61 9.27 7.08 8.25 8.98 8.83 8.83 9.56 9.27 8.54 8.91 8.47 11.68 12.48 10.95 10.15 8.32 8.61 7.88 7.96 8.54 8.54 8.47 9.78 10.29 10.59 10.59 10.15 9.20 9.71 8.76 7.96 8.91 6.35 6.50 6.57 8.40 7.81 9.27 9.64 10.95 11.17 11.46 10.44 10.66 11.83 11.83 11.46 13.80 14.75 15.99 16.79 17.01 16.64 16.28 16.79 15.55 16.79 15.40 17.23 18.18 17.67 17.52 16.64 15.62 13.43 10.44 11.02 8.61 10.95 9.27 9.27 10.66 9.42 9.71 9.27 9.42 9.49 9.64
12.78 12.78 11.39 9.27 9.34 9.56 8.10 10.29 9.71 10.37 9.34 9.20 10.73 12.70 12.48 10.80 12.48 12.05 13.43 11.75 9.27 10.44 8.32 8.91 7.66 7.81 7.81 5.77 5.91 7.37 8.18 8.69 8.03 9.42 9.27 7.45 7.59 7.45 6.94 6.06 6.20 5.91 8.83 9.71 11.39 11.83 11.61 11.32 10.73 10.95 10.95 10.95 12.34 16.86 14.97 16.21 16.86 16.57 16.86 16.94 16.21 16.06 16.21 15.48 16.50 16.79 14.31 15.70 15.77 15.40 14.24 14.31 14.38 11.61 12.63 10.95 10.95 9.64 7.23 8.40 8.69 8.32 8.18 7.37
9.34 9.34 9.78 8.76 8.69 8.98 8.91 9.49 9.34 9.56 9.78 11.90 11.17 14.31 13.72 12.70 13.07 12.92 13.80 13.72 10.59 9.42 9.34 10.44 8.91 9.56 9.56 7.15 4.60 6.79 6.42 8.32 9.20 9.86 9.78 7.23 7.59 10.37 11.24 11.10 10.22 8.40 10.51 10.15 10.22 10.07 11.61 13.80 12.26 13.21 11.46 11.46 13.51 12.70 13.72 15.91 15.48 16.28 16.64 16.43 15.77 16.06 15.48 15.77 16.28 14.16 13.58 14.67 11.68 13.58 14.16 13.72 14.16 14.31 14.09 11.97 11.97 7.81 6.28 6.94 7.81 7.74 7.08 7.74
8.32 8.32 7.15 7.23 8.61 8.98 9.42 9.42 9.20 9.86 9.64 11.68 12.34 13.87 13.72 12.05 12.26 11.32 13.51 12.48 12.85 11.32 10.44 10.88 9.34 7.59 7.59 7.08 6.79 6.64 9.13 11.97 9.64 12.48 12.63 10.95 9.93 10.73 12.99 13.21 13.58 12.63 11.68 10.80 12.19 11.97 14.38 15.33 14.16 13.29 11.97 11.97 13.07 11.97 13.21 14.16 13.80 15.55 13.58 14.45 14.75 14.60 14.75 15.18 14.45 15.04 14.16 12.19 11.24 11.32 11.02 9.71 10.51 11.61 13.51 6.86 6.86 6.94 5.91 5.77 7.08 7.45 5.91 5.62
8.32 8.32 7.15 7.88 8.61 8.61 9.71 10.07 10.15 11.02 11.02 11.02 10.59 9.64 10.22 10.80 10.66 13.43 13.14 12.99 11.90 10.51 10.73 9.05 7.81 7.74 7.74 8.10 8.98 9.34 9.13 10.22 12.26 13.51 13.29 12.63 13.51 13.87 13.94 14.60 14.38 13.58 12.63 13.36 12.92 13.14 15.48 15.04 13.80 13.94 12.85 12.85 11.61 10.44 11.10 12.56 12.78 12.63 12.70 14.09 13.43 12.63 14.09 13.87 11.61 12.78 11.24 11.17 11.32 11.02 9.64 9.42 8.18 7.88 8.32 7.30 7.30 6.57 6.35 7.81 7.23 7.30 5.84 5.77
6.64 6.64 7.37 7.59 8.61 9.05 10.37 10.07 9.20 9.27 9.78 8.03 8.98 8.69 10.73 13.14 12.85 13.94 14.16 13.87 12.70 10.73 9.93 9.86 9.13 10.37 10.37 10.80 10.88 10.15 9.64 8.47 10.66 13.43 12.78 13.43 13.87 13.65 13.58 11.39 11.61 12.12 11.90 12.34 12.85 13.21 12.26 13.51 12.99 11.83 11.97 11.97 10.59 9.78 9.78 11.24 13.07 12.92 12.92 11.90 12.05 13.72 12.78 10.22 10.59 10.80 9.93 8.76 8.69 7.66 7.88 8.32 6.50 7.30 8.47 7.66 7.66 6.57 7.96 8.91 8.91 8.83 9.13 7.45
6.64 6.64 7.37 7.59 8.61 9.05 10.37 10.07 9.20 9.27 9.78 8.03 8.98 8.69 10.73 13.14 12.85 13.94 14.16 13.87 12.70 10.73 9.93 9.86 9.13 10.37 10.37 10.80 10.88 10.15 9.64 8.47 10.66 13.43 12.78 13.43 13.87 13.65 13.58 11.39 11.61 12.12 11.90 12.34 12.85 13.21 12.26 13.51 12.99 11.83 11.97 11.97 10.59 9.78 9.78 11.24 13.07 12.92 12.92 11.90 12.05 13.72 12.78 10.22 10.59 10.80 9.93 8.76 8.69 7.66 7.88 8.32 6.50 7.30 8.47 7.66 7.66 6.57 7.96 8.91 8.91 8.83 9.13 7.45
6.06 6.06 6.94 8.32 8.32 8.32 7.52 9.71 7.96 6.50 7.08 6.94 9.78 12.12 11.83 12.78 14.02 13.80 13.72 12.12 11.32 11.24 10.88 11.83 11.75 11.39 11.39 11.97 9.71 8.32 8.83 7.08 8.76 11.17 10.80 12.26 11.24 11.61 11.61 11.68 11.61 12.26 12.26 12.34 11.24 11.32 11.90 10.59 10.29 8.03 9.78 9.78 8.03 8.61 10.95 10.51 13.36 13.14 13.14 11.17 9.93 10.59 9.86 10.22 9.34 10.15 10.15 9.64 7.74 9.27 6.72 7.01 6.57 7.88 6.72 6.35 6.35 6.28 8.40 9.78 9.64 9.86 7.45 6.50
6.35 6.35 6.79 6.72 7.88 8.10 6.64 5.11 7.37 5.84 7.01 9.05 8.40 9.64 8.10 11.46 11.46 12.48 11.68 11.90 11.61 11.24 11.61 11.17 11.68 11.61 11.61 10.15 10.73 8.83 7.66 6.79 6.72 8.03 8.61 9.86 9.93 9.78 9.86 9.56 10.80 11.97 11.97 11.32 11.10 10.22 11.10 8.18 12.92 9.71 5.77 5.77 6.28 8.25 11.46 13.21 13.51 13.43 12.70 12.05 11.68 11.61 10.88 12.99 12.12 12.92 12.70 11.53 15.84 13.07 9.64 7.81 10.07 9.93 8.40 8.98 8.98 8.25 8.91 8.69 9.64 10.15 7.96 6.42
6.86 6.86 6.86 6.28 4.89 5.33 5.55 5.18 6.72 8.25 6.72 7.01 5.91 6.28 5.62 7.23 10.44 9.42 11.46 11.83 11.32 12.34 11.17 11.39 11.24 10.95 10.95 9.20 9.49 7.37 7.74 5.91 6.13 7.96 7.74 7.15 7.74 4.82 7.96 9.93 9.13 11.10 10.66 11.90 9.78 12.05 8.76 12.48 6.86 7.74 5.33 5.33 4.89 7.45 12.19 13.58 13.87 14.67 14.45 12.78 13.21 13.36 14.24 15.70 15.84 16.72 18.61 17.01 13.94 14.31 12.78 12.05 13.43 12.99 14.82 12.92 12.92 9.93 9.13 9.34 8.03 8.03 7.96 7.01
7.88 7.88 5.48 4.60 5.18 3.50 5.33 5.18 7.01 10.29 9.56 7.74 4.60 5.04 4.82 6.42 10.37 11.46 11.61 11.10 10.95 11.32 9.93 10.29 8.25 8.32 8.32 9.34 9.05 7.96 5.91 4.31 4.09 4.53 2.99 1.83 0.95 0.29 2.48 4.82 6.86 8.76 10.44 11.75 10.07 10.95 11.53 8.40 7.01 7.74 8.69 8.69 10.37 9.86 11.75 12.56 14.09 14.82 15.40 13.87 14.31 14.82 14.53 15.70 16.79 19.86 18.91 16.21 13.07 12.99 14.31 13.72 13.87 16.50 16.21 14.31 14.31 12.26 10.44 11.02 9.42 8.76 9.42 9.64
8.18 8.18 5.99 5.04 3.21 4.02 4.31 8.91 11.75 11.46 12.26 11.32 12.19 5.04 8.10 11.53 10.51 12.85 11.10 10.00 9.78 10.80 10.88 8.98 9.49 8.40 8.40 8.76 8.03 5.18 6.20 2.04 1.31 1.83 2.04 1.75 0.00 0.00 0.00 3.50 4.89 7.23 7.74 9.64 6.86 10.59 9.49 7.52 7.15 7.88 9.42 9.42 9.64 10.51 11.68 13.58 13.21 14.82 15.26 12.56 12.48 14.31 15.04 18.25 19.71 19.49 18.91 13.94 12.26 11.83 13.43 14.16 15.11 14.97 14.60 13.43 13.43 14.09 14.02 12.12 10.51 9.13 8.69 8.61
8.18 8.18 5.99 5.04 3.21 4.02 4.31 8.91 11.75 11.46 12.26 11.32 12.19 5.04 8.10 11.53 10.51 12.85 11.10 10.00 9.78 10.80 10.88 8.98 9.49 8.40 8.40 8.76 8.03 5.18 6.20 2.04 1.31 1.83 2.04 1.75 0.00 0.00 0.00 3.50 4.89 7.23 7.74 9.64 6.86 10.59 9.49 7.52 7.15 7.88 9.42 9.42 9.64 10.51 11.68 13.58 13.21 14.82 15.26 12.56 12.48 14.31 15.04 18.25 19.71 19.49 18.91 13.94 12.26 11.83 13.43 14.16 15.11 14.97 14.60 13.43 13.43 14.09 14.02 12.12 10.51 9.13 8.69 8.61
4.89 4.89 5.48 5.77 4.53 4.74 4.60 8.32 14.02 14.67 14.38 14.24 12.12 11.39 11.39 11.61 12.92 12.56 12.12 10.22 11.02 12.12 11.61 9.42 10.00 8.61 8.61 6.79 7.01 5.18 0.00 0.00 0.00 0.00 0.00 0.00 0.00 1.39 3.65 5.18 8.25 6.35 7.01 6.42 5.69 10.00 10.59 4.31 5.33 6.79 8.83 8.83 9.27 7.88 9.05 11.68 7.88 9.42 13.87 8.32 8.69 7.74 12.12 15.40 16.86 14.97 12.85 11.17 11.24 11.10 14.24 12.99 13.51 10.88 11.90 12.05 12.05 12.63 12.48 9.71 10.00 8.32 7.74 9.78
5.26 5.26 6.13 6.50 6.13 5.91 9.78 8.54 13.36 14.53 13.21 14.89 13.51 11.83 10.95 11.32 10.73 11.83 11.24 11.75 10.29 11.61 12.05 10.73 11.24 9.42 9.42 6.79 5.48 5.69 2.41 1.46 0.00 0.00 0.00 0.51 4.23 3.94 4.53 7.88 9.34 7.96 8.10 4.53 6.13 3.94 4.31 4.45 4.60 7.08 6.57 6.57 6.79 6.35 6.06 0.95 2.19 4.23 11.61 5.26 2.77 4.67 8.10 11.02 12.48 17.59 15.26 15.26 14.82 14.24 14.60 11.97 10.44 9.27 9.64 9.20 9.20 9.93 6.79 7.23 6.64 9.56 9.78 8.98
4.45 4.45 5.69 6.86 6.20 6.20 9.20 12.85 13.21 13.07 12.78 12.78 12.78 12.41 9.34 7.96 10.80 10.07 11.24 11.17 11.97 11.83 12.12 11.83 10.00 9.71 9.71 9.27 9.20 8.91 4.74 0.29 0.66 0.51 1.10 0.00 2.04 7.96 9.71 10.15 9.42 8.10 7.08 6.94 5.48 4.31 4.09 3.94 1.02 2.92 2.12 2.12 0.58 0.00 0.00 0.00 0.00 0.00 1.97 4.23 3.58 4.67 11.02 15.26 14.45 17.67 13.07 13.51 13.65 10.59 10.51 12.05 10.15 8.83 8.91 4.67 4.67 5.18 6.06 5.84 5.55 9.49 11.46 10.66
3.80 3.80 5.48 5.84 6.13 5.62 5.62 9.42 11.53 12.41 11.83 12.56 12.41 10.66 11.32 8.91 8.76 8.54 6.57 8.91 6.57 7.37 10.29 12.12 12.12 11.46 11.46 10.51 10.37 10.29 10.66 7.88 8.25 4.60 3.36 9.42 10.88 10.66 12.12 9.93 7.74 6.42 7.08 6.20 5.33 5.18 2.19 0.58 0.44 0.58 0.00 0.00 2.41 1.61 0.37 0.00 0.00 0.00 1.46 2.56 0.00 3.80 8.10 11.24 6.79 8.83 10.59 10.07 12.34 12.48 7.23 6.64 6.50 2.99 2.12 2.85 2.85 2.19 3.36 2.19 4.23 8.10 8.10 12.26
2.41 2.41 0.00 3.94 3.43 5.48 6.57 8.91 8.32 11.32 11.68 11.61 12.19 11.39 9.56 10.73 10.59 10.22 7.01 4.09 4.67 4.74 9.42 12.56 12.92 13.14 13.14 11.61 11.39 12.26 12.41 11.53 11.75 12.85 12.78 11.61 11.75 14.16 13.36 11.02 9.20 6.64 6.06 6.35 5.18 6.06 4.09 2.77 1.90 2.41 6.64 6.64 5.33 2.77 0.29 0.00 0.00 0.00 0.44 0.00 0.00 0.00 4.09 5.62 5.77 6.72 7.37 5.26 0.00 8.54 0.00 0.00 0.00 0.00 0.00 0.00 0.00 2.12 3.65 4.89 4.89 6.28 8.10 5.91
2.19 2.19 0.00 1.24 3.94 3.65 6.35 8.25 9.34 8.98 10.95 11.39 12.12 11.97 12.12 11.46 11.83 11.90 9.49 4.96 4.74 8.61 7.74 11.02 13.43 12.05 12.05 13.29 12.70 12.92 13.36 13.51 14.31 14.60 14.16 13.87 14.75 14.97 14.24 11.68 10.00 7.45 7.30 4.60 5.55 4.60 4.60 5.26 6.42 7.37 7.30 7.30 6.72 4.53 1.97 0.00 0.00 0.00 0.00 0.00 0.00 0.00 2.04 5.18 6.06 6.28 4.31 0.00 0.00 3.50 0.00 0.00 0.00 0.00 0.00 1.68 1.68 4.31 5.91 9.34 7.37 7.08 5.18 3.50
2.19 2.19 0.00 1.24 3.94 3.65 6.35 8.25 9.34 8.98 10.95 11.39 12.12 11.97 12.12 11.46 11.83 11.90 9.49 4.96 4.74 8.61 7.74 11.02 13.43 12.05 12.05 13.29 12.70 12.92 13.36 13.51 14.31 14.60 14.16 13.87 14.75 14.97 14.24 11.68 10.00 7.45 7.30 4.60 5.55 4.60 4.60 5.26 6.42 7.37 7.30 7.30 6.72 4.53 1.97 0.00 0.00 0.00 0.00 0.00 0.00 0.00 2.04 5.18 6.06 6.28 4.31 0.00 0.00 3.50 0.00 0.00 0.00 0.00 0.00 1.68 1.68 4.31 5.91 9.34 7.37 7.08 5.18 3.50
0.00 0.00 0.00 0.00 4.45 6.42 5.91 7.96 9.78 11.24 11.97 11.68 11.83 11.17 11.68 11.46 12.48 10.22 11.17 7.52 5.33 9.86 10.29 9.86 9.64 10.00 10.00 12.70 14.67 16.28 16.06 15.11 14.24 15.11 14.89 14.09 15.62 14.75 13.87 12.85 11.75 15.77 12.48 5.91 9.13 7.88 7.30 3.80 5.11 6.79 5.99 5.99 5.18 4.38 4.89 3.21 0.00 0.00 0.00 0.00 0.00 2.63 4.96 4.02 0.00 0.00 0.00 0.00 0.29 0.00 0.00 0.95 1.75 3.29 5.33 4.67 4.67 5.91 10.51 11.53 10.15 14.31 12.26 9.71
