Wansh/Snow_depth/snowdepth-1991/winter/1992059.txt
ncols 321
nrows 161
xllcenter 60
yllcenter 15 
cellsize  0.25 
NODATA_value -1
[rows 0 to 36 of 161, columns 0 to 83 of 321]
11.39 11.39 13.14 15.99 15.55 17.96 17.89 19.93 19.64 20.37 20.29 20.15 20.08 20.37 20.37 20.37 19.13 20.00 19.86 19.86 20.22 20.73 21.61 21.61 20.51 17.96 17.96 17.96 17.96 18.61 18.61 18.10 16.57 17.52 17.45 17.45 17.67 17.37 18.03 17.89 18.18 18.61 17.23 16.79 18.10 17.89 19.27 18.10 19.27 19.71 18.61 18.61 19.13 19.56 17.81 20.88 20.44 20.66 23.00 23.00 22.27 22.34 24.09 22.19 21.97 23.58 23.73 21.24 18.83 19.05 20.51 20.44 21.53 23.14 22.78 23.94 23.94 24.89 24.97 24.53 24.53 25.19 25.92 26.13
13.65 13.65 14.24 13.72 16.06 18.54 18.54 18.54 19.42 19.42 18.03 17.52 18.69 19.05 18.10 18.03 20.15 16.86 18.25 19.13 18.61 19.42 20.08 17.16 16.94 15.62 15.62 16.43 13.43 15.62 15.77 15.48 16.13 15.33 14.09 16.06 15.62 16.79 17.08 14.67 15.40 15.33 14.09 13.21 12.99 15.33 14.75 16.86 16.43 17.89 17.74 17.74 15.70 16.94 17.23 15.77 18.91 18.83 18.03 18.32 20.73 19.78 19.56 20.59 20.15 20.22 19.05 18.98 18.32 18.76 18.18 21.17 21.53 22.56 23.29 23.00 23.00 24.97 25.04 25.19 24.53 25.62 25.92 23.73
14.45 14.45 14.16 13.94 17.23 17.59 18.18 17.52 17.30 16.86 15.11 14.82 16.57 16.64 15.40 15.26 15.40 15.91 15.40 16.43 15.55 15.11 15.48 14.60 12.19 12.05 12.05 12.56 13.51 13.29 12.78 12.05 12.05 11.90 13.36 14.38 11.10 12.56 12.48 13.07 10.88 11.24 11.39 11.61 11.39 13.14 13.14 14.60 14.67 12.63 13.80 13.80 14.60 11.17 14.09 13.87 14.31 16.35 16.57 16.21 15.77 18.61 18.69 18.54 19.35 19.64 19.27 20.51 20.59 19.35 20.44 20.29 20.73 21.39 21.17 22.27 22.27 23.21 24.60 24.02 24.24 22.41 20.59 20.66
14.45 14.45 14.16 13.94 17.23 17.59 18.18 17.52 17.30 16.86 15.11 14.82 16.57 16.64 15.40 15.26 15.40 15.91 15.40 16.43 15.55 15.11 15.48 14.60 12.19 12.05 12.05 12.56 13.51 13.29 12.78 12.05 12.05 11.90 13.36 14.38 11.10 12.56 12.48 13.07 10.88 11.24 11.39 11.61 11.39 13.14 13.14 14.60 14.67 12.63 13.80 13.80 14.60 11.17 14.09 13.87 14.31 16.35 16.57 16.21 15.77 18.61 18.69 18.54 19.35 19.64 19.27 20.51 20.59 19.35 20.44 20.29 20.73 21.39 21.17 22.27 22.27 23.21 24.60 24.02 24.24 22.41 20.59 20.66
15.04 15.04 14.53 14.38 17.23 16.79 17.30 16.57 15.40 14.67 15.04 13.14 13.43 12.92 13.65 14.09 14.31 14.09 14.31 14.82 15.18 14.24 12.26 12.41 12.12 11.10 11.10 9.93 9.56 9.56 9.71 9.71 10.80 9.71 9.49 9.56 8.91 9.27 8.76 8.40 9.34 9.71 10.15 8.40 10.51 10.00 12.05 10.88 11.02 11.61 9.49 9.49 10.37 10.51 10.88 13.43 13.29 12.12 14.38 14.45 14.89 14.45 17.96 20.08 19.64 21.32 21.17 20.88 19.49 20.08 20.08 19.86 20.51 20.59 21.97 21.83 21.83 21.53 21.75 21.75 20.95 21.46 19.35 18.32
15.84 15.84 14.75 15.91 16.94 16.94 17.01 16.13 14.82 14.24 13.21 12.99 12.41 11.75 12.70 13.87 14.16 14.24 14.38 14.53 13.58 12.26 12.05 12.12 11.39 10.88 10.88 9.42 8.69 8.10 8.83 8.32 10.22 10.29 9.71 9.86 10.59 8.69 8.03 8.47 8.47 8.47 7.74 9.42 8.69 9.93 9.64 9.71 9.13 8.91 9.05 9.05 8.91 9.93 9.64 11.53 11.75 11.90 12.41 12.92 13.36 16.86 15.99 18.32 20.95 20.95 20.81 20.29 20.37 20.22 19.05 19.20 19.35 17.59 17.89 20.51 20.51 20.73 20.44 21.24 21.32 20.88 21.32 21.17
17.59 17.59 17.45 17.74 17.16 17.37 17.37 16.43 15.70 14.60 13.21 14.24 12.99 13.94 13.21 13.65 14.24 14.53 14.45 13.51 13.80 13.07 13.07 11.97 11.24 10.44 10.44 11.39 10.29 9.93 10.07 11.24 10.66 13.14 12.99 11.17 9.49 10.07 10.44 9.13 8.32 8.61 8.32 10.22 9.64 10.29 10.80 9.56 9.78 10.66 9.93 9.93 10.00 10.88 11.68 11.46 12.26 11.68 11.61 12.12 12.78 12.19 17.08 17.45 17.08 17.23 19.86 19.20 16.57 17.23 13.58 17.01 17.08 15.48 14.97 14.09 14.09 14.16 13.43 13.51 16.43 20.15 21.83 22.41
17.59 17.59 17.45 17.74 17.16 17.37 17.37 16.43 15.70 14.60 13.21 14.24 12.99 13.94 13.21 13.65 14.24 14.53 14.45 13.51 13.80 13.07 13.07 11.97 11.24 10.44 10.44 11.39 10.29 9.93 10.07 11.24 10.66 13.14 12.99 11.17 9.49 10.07 10.44 9.13 8.32 8.61 8.32 10.22 9.64 10.29 10.80 9.56 9.78 10.66 9.93 9.93 10.00 10.88 11.68 11.46 12.26 11.68 11.61 12.12 12.78 12.19 17.08 17.45 17.08 17.23 19.86 19.20 16.57 17.23 13.58 17.01 17.08 15.48 14.97 14.09 14.09 14.16 13.43 13.51 16.43 20.15 21.83 22.41
18.32 18.32 18.40 18.91 17.37 16.79 16.43 16.50 13.65 14.31 14.24 13.07 14.60 13.21 13.36 14.82 14.45 14.67 14.67 14.09 14.24 14.09 13.94 14.16 13.43 13.65 13.65 13.36 11.39 11.68 15.91 17.16 14.75 15.48 13.51 13.87 12.56 12.05 12.19 10.51 11.53 11.39 10.44 14.53 13.80 14.09 11.90 11.17 11.75 11.32 14.24 14.24 12.34 12.78 11.83 12.26 12.12 11.90 11.90 11.02 12.19 13.51 13.14 15.91 15.33 15.33 14.45 15.11 15.91 11.83 12.26 10.95 9.93 9.93 12.34 12.34 12.34 12.41 11.24 13.58 12.48 16.28 18.18 17.74
17.67 17.67 16.79 17.16 16.43 13.65 12.63 13.94 13.65 11.17 12.48 11.17 13.94 13.21 13.14 14.38 13.36 13.87 12.78 12.99 13.29 12.34 14.97 15.04 15.26 15.18 15.18 15.70 16.28 17.30 17.01 17.74 15.55 12.99 12.99 12.99 13.58 12.85 13.21 13.51 11.97 14.02 15.40 15.18 14.97 13.72 11.97 12.12 13.94 14.60 14.60 14.60 14.38 12.63 13.14 12.92 12.70 12.56 13.36 15.55 12.63 13.43 12.78 12.78 11.68 12.70 12.63 12.12 10.80 11.32 10.07 8.98 9.13 9.34 10.22 10.22 10.22 11.90 10.95 10.00 13.51 12.63 15.84 17.74
16.28 16.28 14.82 14.02 14.02 13.36 10.73 11.75 10.88 10.00 10.44 10.07 11.02 11.46 11.46 12.05 12.41 11.61 11.02 11.17 11.02 11.53 12.63 12.12 13.29 14.02 14.02 14.82 15.77 13.29 13.58 11.90 12.26 11.90 9.93 11.24 11.61 11.68 12.12 12.05 13.36 13.36 14.89 15.26 15.48 14.75 14.60 13.94 14.24 14.45 14.45 14.45 14.53 14.97 13.87 13.43 17.81 19.35 16.35 16.43 15.40 14.24 12.70 11.10 11.68 12.05 11.61 11.83 10.44 9.42 9.56 8.83 8.91 8.47 10.66 12.78 12.78 12.48 12.63 12.48 12.34 13.65 13.94 13.87
16.28 16.28 14.82 14.02 14.02 13.36 10.73 11.75 10.88 10.00 10.44 10.07 11.02 11.46 11.46 12.05 12.41 11.61 11.02 11.17 11.02 11.53 12.63 12.12 13.29 14.02 14.02 14.82 15.77 13.29 13.58 11.90 12.26 11.90 9.93 11.24 11.61 11.68 12.12 12.05 13.36 13.36 14.89 15.26 15.48 14.75 14.60 13.94 14.24 14.45 14.45 14.45 14.53 14.97 13.87 13.43 17.81 19.35 16.35 16.43 15.40 14.24 12.70 11.10 11.68 12.05 11.61 11.83 10.44 9.42 9.56 8.83 8.91 8.47 10.66 12.78 12.78 12.48 12.63 12.48 12.34 13.65 13.94 13.87
14.31 14.31 13.21 12.85 12.34 10.44 11.24 10.73 10.29 9.93 9.27 10.22 10.37 10.07 10.59 10.51 11.46 11.32 11.24 11.68 11.39 10.88 11.02 12.05 11.46 10.51 10.51 10.80 10.51 12.12 11.32 10.73 10.22 9.71 9.78 10.15 10.88 11.46 11.32 11.02 12.12 13.29 13.21 15.18 14.82 14.60 15.11 13.94 14.97 14.89 16.50 16.50 16.13 15.77 18.10 19.20 18.76 20.08 20.73 18.25 16.79 17.01 17.37 13.14 14.24 14.09 14.89 13.94 11.75 8.69 8.40 8.40 8.83 11.83 10.88 15.18 15.18 15.77 13.29 14.16 15.18 15.04 13.80 13.21
13.51 13.51 13.72 13.14 13.07 11.17 9.93 11.39 10.29 9.56 9.42 9.71 10.59 12.34 13.07 12.70 11.97 12.70 12.92 13.21 11.17 10.22 9.93 9.56 9.42 9.05 9.05 9.56 9.27 11.83 11.68 12.48 11.39 10.73 11.83 11.68 11.83 12.26 12.70 11.46 11.97 12.78 12.48 12.26 12.92 13.29 14.24 14.02 16.43 16.86 16.72 16.72 16.06 17.89 17.67 19.71 20.37 20.08 22.48 21.68 19.64 18.83 18.47 19.05 20.22 17.23 17.52 16.57 15.70 12.56 13.51 10.15 9.93 12.34 15.18 14.38 14.38 16.35 16.86 17.08 17.08 16.13 14.45 14.67
13.72 13.72 14.16 13.94 13.43 10.22 11.75 9.49 9.34 9.20 9.56 12.63 13.36 13.14 13.94 13.87 13.87 14.02 13.36 13.80 12.56 12.48 10.59 9.49 9.56 9.64 9.64 11.75 12.19 12.92 13.72 13.58 14.16 13.87 12.26 12.92 12.70 12.78 12.05 12.26 11.97 11.68 11.83 13.07 13.94 13.51 17.16 17.08 16.86 16.43 15.99 15.99 16.28 17.81 21.17 20.51 23.80 23.51 22.56 22.70 22.63 20.95 20.95 21.46 20.29 20.66 19.56 17.89 18.76 14.60 13.43 13.80 13.65 14.60 14.24 16.50 16.50 16.57 16.64 17.30 16.94 17.45 15.26 15.91
13.87 13.87 14.45 13.94 12.34 11.75 11.97 9.93 12.12 12.85 11.24 13.07 14.89 14.82 15.11 15.11 14.75 13.58 15.77 14.89 13.80 14.45 12.41 11.39 12.05 11.90 11.90 11.46 12.56 12.12 13.14 14.38 14.53 14.75 13.14 13.43 11.90 12.34 12.26 12.34 11.17 11.90 11.90 13.29 15.62 17.45 16.94 17.16 15.48 16.06 15.84 15.84 18.76 17.67 21.02 24.60 22.27 22.63 22.85 22.12 22.27 19.27 17.23 19.42 18.54 18.54 18.69 17.89 16.79 17.01 15.18 13.94 14.24 14.09 14.97 15.11 15.11 16.50 17.37 17.89 18.10 17.01 16.35 16.28
13.87 13.87 14.45 13.94 12.34 11.75 11.97 9.93 12.12 12.85 11.24 13.07 14.89 14.82 15.11 15.11 14.75 13.58 15.77 14.89 13.80 14.45 12.41 11.39 12.05 11.90 11.90 11.46 12.56 12.12 13.14 14.38 14.53 14.75 13.14 13.43 11.90 12.34 12.26 12.34 11.17 11.90 11.90 13.29 15.62 17.45 16.94 17.16 15.48 16.06 15.84 15.84 18.76 17.67 21.02 24.60 22.27 22.63 22.85 22.12 22.27 19.27 17.23 19.42 18.54 18.54 18.69 17.89 16.79 17.01 15.18 13.94 14.24 14.09 14.97 15.11 15.11 16.50 17.37 17.89 18.10 17.01 16.35 16.28
14.31 14.31 14.31 12.99 12.48 11.46 12.19 11.97 12.78 14.16 14.31 15.70 16.72 16.64 16.64 19.13 16.86 16.43 16.57 15.62 17.01 14.97 13.51 13.14 11.97 13.87 13.87 11.97 11.39 11.75 11.46 12.70 11.97 12.48 12.70 12.85 11.02 11.46 12.12 11.97 12.41 12.85 14.24 13.87 15.40 16.06 16.57 16.94 15.91 16.86 16.79 16.79 17.96 20.44 19.71 21.17 20.88 19.49 19.27 18.25 17.96 18.69 16.94 16.57 16.64 15.77 16.43 16.50 16.94 17.16 17.45 15.48 13.21 15.26 14.89 15.40 15.40 15.33 16.06 17.23 16.72 16.72 16.28 16.21
14.09 14.09 13.43 13.14 12.41 13.07 13.58 14.09 14.38 15.62 16.28 15.33 17.01 17.89 20.22 19.93 18.61 17.59 18.54 17.89 18.18 15.33 15.55 17.45 17.16 15.33 15.33 12.92 11.10 8.91 9.93 9.56 11.53 11.90 11.61 10.07 10.37 9.42 14.82 14.24 14.60 13.51 14.38 14.38 14.38 14.31 17.30 18.32 17.89 17.45 17.30 17.30 17.74 18.83 19.78 19.35 18.91 18.10 17.23 17.45 16.72 17.23 17.01 17.16 15.62 16.13 14.53 15.40 15.33 16.43 14.89 15.62 13.43 12.26 13.65 13.36 13.36 14.60 15.77 15.18 16.64 16.06 15.40 15.40
12.34 12.34 12.85 13.07 13.14 13.36 13.65 13.43 12.48 15.62 15.48 17.67 19.49 20.44 20.15 20.08 19.35 18.47 18.98 17.16 16.86 16.13 15.99 16.50 17.74 16.28 16.28 12.63 9.86 8.91 10.44 12.70 13.29 13.29 12.48 10.59 13.94 17.01 15.70 18.03 16.43 17.08 14.67 14.53 15.55 15.18 15.48 18.10 17.96 18.10 17.08 17.08 15.70 15.84 17.67 16.79 16.57 16.50 16.94 16.50 16.72 16.13 16.43 18.47 16.64 14.89 15.04 14.24 13.80 12.63 13.43 11.61 11.75 11.75 14.09 15.62 15.62 15.18 15.91 17.67 16.86 16.86 15.84 14.75
11.68 11.68 12.48 12.85 12.99 13.43 13.29 13.72 13.72 15.26 15.70 17.08 17.23 18.18 17.23 17.59 17.37 18.25 18.40 17.59 16.94 16.57 16.43 14.31 12.34 11.24 11.24 11.68 10.44 10.59 12.05 12.85 14.53 13.80 15.62 15.62 17.52 15.91 15.99 16.28 15.55 13.21 14.31 14.38 13.80 14.82 14.45 14.82 16.72 15.18 15.62 15.62 15.04 14.31 14.38 15.33 15.55 14.24 14.45 16.06 15.84 15.77 15.26 15.26 16.28 15.55 15.26 14.53 14.53 12.48 11.24 11.46 10.22 11.24 12.99 16.06 16.06 15.04 16.21 17.23 19.20 16.72 12.41 13.14
11.83 11.83 11.53 11.61 13.07 13.43 14.53 14.24 14.45 15.70 15.04 15.48 13.51 16.06 17.37 18.83 20.08 19.56 19.86 18.47 17.67 16.72 15.91 14.67 12.99 12.70 12.70 14.31 12.78 12.78 12.63 12.92 12.92 14.53 16.43 15.91 17.01 13.72 13.29 11.39 11.46 12.41 12.85 12.92 13.14 13.36 14.31 13.87 15.26 14.67 13.94 13.94 14.16 13.87 14.16 13.72 14.16 13.72 13.80 13.51 12.99 13.80 13.58 14.75 14.24 14.16 13.94 14.31 11.02 12.05 9.05 9.49 9.20 9.20 10.66 13.87 13.87 12.63 16.06 16.86 18.61 18.83 13.87 10.95
11.83 11.83 11.53 11.61 13.07 13.43 14.53 14.24 14.45 15.70 15.04 15.48 13.51 16.06 17.37 18.83 20.08 19.56 19.86 18.47 17.67 16.72 15.91 14.67 12.99 12.70 12.70 14.31 12.78 12.78 12.63 12.92 12.92 14.53 16.43 15.91 17.01 13.72 13.29 11.39 11.46 12.41 12.85 12.92 13.14 13.36 14.31 13.87 15.26 14.67 13.94 13.94 14.16 13.87 14.16 13.72 14.16 13.72 13.80 13.51 12.99 13.80 13.58 14.75 14.24 14.16 13.94 14.31 11.02 12.05 9.05 9.49 9.20 9.20 10.66 13.87 13.87 12.63 16.06 16.86 18.61 18.83 13.87 10.95
10.37 10.37 10.80 10.59 12.70 13.36 14.60 14.16 11.75 12.19 13.14 14.24 13.72 16.13 18.25 19.71 19.35 19.78 18.47 16.43 15.99 16.94 16.94 14.67 13.87 16.64 16.64 15.55 14.31 13.51 12.99 12.48 12.48 13.51 13.65 13.72 12.99 13.36 11.39 11.24 13.80 13.65 13.80 13.21 13.87 14.16 13.65 14.89 14.75 14.97 13.29 13.29 12.48 13.65 13.51 14.09 16.57 14.38 14.09 12.70 13.21 11.90 12.92 12.56 12.99 14.16 15.40 15.18 13.87 11.68 8.18 8.25 8.83 8.83 8.03 8.98 8.98 12.34 11.53 13.94 17.23 16.86 13.29 10.51
10.07 10.07 10.80 12.26 12.56 12.41 13.43 13.87 13.87 11.02 12.48 14.97 14.45 16.50 16.72 16.50 18.18 18.54 15.62 16.13 16.13 16.57 15.99 16.21 16.28 17.37 17.37 16.35 15.55 14.53 14.09 13.21 13.65 13.21 13.29 13.14 12.05 12.05 12.92 12.56 15.04 14.75 14.31 16.57 15.99 16.28 17.16 15.55 14.53 12.99 13.58 13.58 12.34 13.58 14.67 14.09 17.01 17.30 17.89 12.19 12.05 11.68 15.04 18.61 20.51 15.40 16.64 16.43 16.86 15.26 16.43 14.75 15.33 14.09 13.21 10.51 10.51 11.17 10.00 14.24 16.79 17.30 15.04 11.90
11.10 11.10 11.53 11.24 11.10 9.93 9.56 9.86 12.19 11.32 12.05 11.32 11.02 12.56 13.51 10.29 13.07 12.63 14.53 15.62 14.97 16.64 15.84 16.64 17.37 15.91 15.91 15.62 14.31 14.45 14.16 13.94 12.78 12.41 10.80 10.37 10.07 13.65 15.33 15.48 14.97 15.70 16.72 17.37 17.67 16.79 15.62 14.16 14.60 13.36 12.92 12.92 12.92 14.60 16.43 17.45 17.08 18.10 17.45 17.59 13.58 17.96 21.46 20.59 24.82 24.38 20.66 20.00 19.56 19.42 20.22 18.83 16.64 16.94 16.35 13.36 13.36 10.15 10.66 10.59 15.62 16.72 16.64 16.28
12.34 12.34 12.70 11.53 11.02 9.64 9.05 8.98 11.02 11.39 11.24 11.02 10.15 9.64 8.47 9.78 12.48 14.89 15.99 15.77 16.06 16.13 16.57 16.64 15.48 15.18 15.18 15.26 15.04 14.02 12.34 12.56 11.68 8.98 8.40 10.37 9.93 12.56 13.87 12.12 14.02 13.72 16.94 16.28 15.62 16.35 14.89 14.02 13.72 13.65 14.89 14.89 15.04 14.97 16.13 19.78 19.49 19.13 20.95 21.90 21.53 20.66 24.75 27.23 26.50 25.99 23.58 22.34 21.97 24.45 25.99 23.36 22.34 24.60 22.34 19.56 19.56 16.21 17.89 14.45 15.55 14.82 17.67 18.69
13.07 13.07 10.95 10.15 10.66 8.76 8.47 8.54 13.43 14.16 12.78 14.02 11.39 10.59 10.59 10.73 12.92 16.28 16.64 17.01 15.77 17.01 15.84 16.28 15.11 14.82 14.82 14.45 9.64 9.42 9.20 8.32 9.20 8.98 10.37 12.78 11.32 11.61 12.63 9.56 11.97 13.29 12.85 14.89 14.31 15.26 15.40 13.94 14.75 14.89 14.89 14.89 15.11 16.43 15.99 19.86 27.08 25.04 25.11 22.78 23.94 25.19 24.82 28.25 28.03 28.32 25.99 24.16 25.04 24.67 25.40 24.31 23.87 23.73 23.94 24.24 24.24 22.05 22.63 18.47 17.01 17.59 17.45 17.89
13.07 13.07 10.95 10.15 10.66 8.76 8.47 8.54 13.43 14.16 12.78 14.02 11.39 10.59 10.59 10.73 12.92 16.28 16.64 17.01 15.77 17.01 15.84 16.28 15.11 14.82 14.82 14.45 9.64 9.42 9.20 8.32 9.20 8.98 10.37 12.78 11.32 11.61 12.63 9.56 11.97 13.29 12.85 14.89 14.31 15.26 15.40 13.94 14.75 14.89 14.89 14.89 15.11 16.43 15.99 19.86 27.08 25.04 25.11 22.78 23.94 25.19 24.82 28.25 28.03 28.32 25.99 24.16 25.04 24.67 25.40 24.31 23.87 23.73 23.94 24.24 24.24 22.05 22.63 18.47 17.01 17.59 17.45 17.89
10.22 10.22 9.42 9.42 8.69 8.91 8.69 9.27 14.45 15.84 16.35 15.84 14.24 13.65 15.04 16.28 15.99 16.64 16.79 16.72 17.74 17.30 16.57 15.18 12.85 8.40 8.40 9.56 8.10 6.06 11.53 11.17 12.26 13.36 12.70 12.78 10.73 9.34 8.98 8.83 10.80 12.70 13.87 13.87 13.80 13.58 13.58 13.51 14.09 15.40 15.70 15.70 16.28 15.40 21.39 27.38 26.28 24.53 21.53 22.27 21.39 23.87 25.77 24.97 27.74 29.86 27.96 25.55 24.97 24.60 24.82 22.70 21.32 22.78 22.05 24.16 24.16 25.55 22.48 21.39 19.78 20.00 17.67 16.28
9.86 9.86 8.54 8.61 9.20 10.00 11.17 9.56 11.39 16.43 16.43 16.86 16.21 12.99 13.94 15.77 15.84 14.82 15.04 17.16 15.77 16.79 15.04 12.05 10.29 9.64 9.64 9.34 13.80 15.77 15.70 14.09 15.48 14.75 11.68 12.63 10.66 9.71 11.46 12.92 12.19 13.43 14.38 14.02 13.21 13.14 14.31 14.60 14.38 15.04 15.48 15.48 13.51 13.43 13.43 25.33 22.34 23.36 17.08 17.08 18.47 21.90 24.45 27.52 26.35 29.42 28.03 23.73 24.53 22.56 14.02 10.66 15.91 8.98 7.37 9.86 9.86 15.48 13.65 19.05 20.66 18.47 19.05 16.79
8.32 8.32 8.61 8.54 9.13 9.49 10.29 13.51 15.11 14.67 15.48 11.83 12.05 12.05 13.21 12.92 10.95 13.29 14.16 15.99 16.43 13.87 12.85 13.14 12.99 15.33 15.33 17.23 17.74 18.03 18.47 15.70 15.91 14.31 12.56 11.46 11.68 10.59 13.29 15.04 17.23 16.06 16.28 14.24 14.31 15.26 15.48 14.38 13.51 13.36 11.90 11.90 10.59 12.41 10.73 15.84 19.78 16.57 16.72 16.79 18.54 21.61 22.63 27.96 29.05 26.86 26.72 22.19 13.87 11.68 12.34 7.74 5.69 4.16 4.53 3.94 3.94 7.74 14.67 12.92 18.03 19.93 18.54 18.47
8.18 8.18 8.40 6.86 8.69 8.10 9.27 10.80 12.12 10.95 11.61 12.26 12.85 12.63 9.64 9.56 9.20 9.86 11.24 11.24 13.36 12.85 12.92 14.60 14.82 15.26 15.26 16.94 18.61 18.40 17.96 15.99 16.43 13.87 14.02 13.21 16.21 16.57 15.48 16.35 18.69 16.43 14.82 14.67 16.21 15.62 13.58 14.02 12.34 10.95 11.53 11.53 9.78 12.19 15.55 15.11 14.67 15.77 16.64 16.35 16.35 17.16 17.74 23.51 23.87 21.61 16.72 17.96 10.22 6.79 4.31 4.38 4.09 4.02 3.50 3.21 3.21 3.58 1.31 4.23 10.80 16.72 16.43 17.30
6.64 6.64 3.36 4.82 7.08 6.94 8.98 10.00 11.02 11.24 12.34 12.05 13.07 12.26 10.22 8.91 12.26 12.99 10.51 11.24 10.66 11.53 12.56 14.31 17.01 18.98 18.98 18.32 19.49 19.56 19.35 18.40 18.76 16.43 16.94 15.40 17.52 19.05 21.17 20.66 20.00 17.52 16.13 17.08 17.01 15.48 14.53 14.75 14.89 12.92 13.87 13.87 14.82 13.29 14.89 14.89 12.26 12.56 7.96 12.26 12.48 11.75 11.39 8.03 5.99 5.84 4.31 2.56 0.58 2.77 0.00 0.80 0.58 1.90 0.00 2.19 2.19 1.31 1.53 1.10 4.60 11.61 10.00 7.66
2.70 2.70 2.34 3.65 5.26 7.45 10.22 7.59 10.80 11.17 11.83 12.05 12.99 12.48 12.12 15.91 16.64 14.53 12.85 11.83 10.88 14.82 14.82 15.62 17.74 17.67 17.67 19.13 20.44 20.08 20.81 23.43 19.93 17.81 17.74 16.86 17.01 17.37 20.29 19.49 18.98 19.13 18.91 18.32 18.98 19.05 16.94 15.33 14.24 15.40 14.97 14.97 14.75 14.31 14.53 14.16 10.15 4.89 4.09 1.75 8.10 5.62 5.62 3.50 1.97 0.73 0.66 0.00 0.00 0.00 0.00 0.00 0.00 0.00 0.00 0.00 0.00 1.75 1.75 6.50 10.29 13.29 11.61 9.20
2.70 2.70 2.34 3.65 5.26 7.45 10.22 7.59 10.80 11.17 11.83 12.05 12.99 12.48 12.12 15.91 16.64 14.53 12.85 11.83 10.88 14.82 14.82 15.62 17.74 17.67 17.67 19.13 20.44 20.08 20.81 23.43 19.93 17.81 17.74 16.86 17.01 17.37 20.29 19.49 18.98 19.13 18.91 18.32 18.98 19.05 16.94 15.33 14.24 15.40 14.97 14.97 14.75 14.31 14.53 14.16 10.15 4.89 4.09 1.75 8.10 5.62 5.62 3.50 1.97 0.73 0.66 0.00 0.00 0.00 0.00 0.00 0.00 0.00 0.00 0.00 0.00 1.75 1.75 6.50 10.29 13.29 11.61 9.20
0.00 0.00 0.00 2.85 1.39 6.72 9.42 10.00 9.71 11.75 13.87 14.75 14.38 14.16 15.26 15.40 16.28 13.94 14.97 13.94 15.55 16.28 15.62 16.21 17.30 15.77 15.77 17.01 20.59 23.14 21.53 22.19 20.66 16.94 15.70 16.35 18.47 17.89 19.71 19.86 19.35 20.44 20.73 19.86 19.42 17.52 15.55 16.28 13.36 13.43 14.45 14.45 14.38 13.72 9.49 6.42 7.52 1.53 0.00 0.00 0.00 0.00 0.00 0.00 0.00 0.00 0.00 0.00 0.00 0.00 0.00 0.00 0.00 0.00 0.00 0.00 0.00 3.94 8.47 7.59 10.44 14.53 18.54 15.04
