Wansh/Snow_depth/snowdepth-1991/winter/1992053.txt
ncols 321
nrows 161
xllcenter 60
yllcenter 15 
cellsize  0.25 
NODATA_value -1
[rows 0 to 36 of 161, columns 84 to 167 of 321]
21.68 21.10 21.32 20.00 20.37 18.76 15.62 16.43 14.45 14.60 14.31 14.97 14.31 15.04 14.02 19.42 18.47 18.69 18.69 18.91 18.10 18.32 16.43 11.61 0.00 0.00 0.00 0.00 0.00 0.00 0.00 7.81 5.91 10.00 9.42 10.00 11.02 11.02 10.15 9.56 9.05 11.68 8.69 8.69 9.27 5.33 4.16 4.23 3.43 4.74 8.91 8.25 9.05 5.77 7.52 7.45 8.32 8.10 7.59 5.33 7.37 7.15 7.15 7.66 3.65 4.02 4.16 6.50 6.50 7.66 7.23 9.78 12.70 11.97 12.34 10.37 15.11 13.94 14.45 14.82 15.04 9.05 9.05 9.05
21.02 19.42 18.61 20.15 19.20 19.13 17.52 15.26 15.33 16.13 15.40 13.58 12.78 12.92 11.10 9.56 9.86 10.44 10.44 17.81 17.52 18.18 18.18 15.33 9.64 11.02 4.09 1.75 2.19 0.88 0.00 5.04 7.88 7.37 8.61 7.88 8.98 9.93 12.12 9.13 13.21 15.40 14.53 14.53 14.67 10.15 11.90 6.79 5.84 2.77 2.77 3.94 4.96 4.02 6.06 5.91 6.20 8.25 5.62 11.17 9.86 10.22 8.76 6.94 11.97 8.91 9.86 7.37 7.37 14.45 13.21 12.85 12.78 13.80 14.97 14.38 17.52 18.83 18.61 15.55 13.29 13.21 15.33 10.88
18.54 18.69 16.64 13.80 17.52 15.99 17.96 17.08 17.30 18.10 16.50 14.31 14.89 12.05 10.37 8.54 7.37 7.01 7.01 9.05 11.46 11.02 15.11 18.10 14.38 5.69 6.86 2.19 1.39 1.39 1.39 2.70 2.19 6.57 8.61 8.54 10.00 13.07 12.26 14.16 13.58 13.87 12.63 12.63 17.74 20.51 19.35 10.59 12.85 5.55 7.45 2.70 2.56 2.92 3.72 4.38 6.13 11.39 9.27 12.92 12.85 14.97 15.40 15.33 13.58 18.10 17.01 15.99 15.99 16.79 14.89 15.26 14.38 14.53 16.35 20.08 19.56 20.95 21.02 18.91 18.47 17.30 17.01 17.37
18.54 18.69 16.64 13.80 17.52 15.99 17.96 17.08 17.30 18.10 16.50 14.31 14.89 12.05 10.37 8.54 7.37 7.01 7.01 9.05 11.46 11.02 15.11 18.10 14.38 5.69 6.86 2.19 1.39 1.39 1.39 2.70 2.19 6.57 8.61 8.54 10.00 13.07 12.26 14.16 13.58 13.87 12.63 12.63 17.74 20.51 19.35 10.59 12.85 5.55 7.45 2.70 2.56 2.92 3.72 4.38 6.13 11.39 9.27 12.92 12.85 14.97 15.40 15.33 13.58 18.10 17.01 15.99 15.99 16.79 14.89 15.26 14.38 14.53 16.35 20.08 19.56 20.95 21.02 18.91 18.47 17.30 17.01 17.37
16.50 15.84 15.11 14.09 16.28 16.13 14.97 14.75 14.82 14.02 13.80 14.75 12.63 12.99 12.48 12.63 12.41 7.52 7.52 7.66 8.18 10.88 10.15 15.18 15.18 15.18 9.86 4.82 5.26 2.85 2.34 2.12 3.65 6.79 5.99 10.59 12.48 12.26 15.91 15.33 15.99 11.97 15.40 15.40 14.24 18.10 20.88 18.54 19.93 12.78 8.10 4.74 3.07 2.77 2.19 2.85 3.43 6.86 9.05 7.96 10.80 14.60 16.86 19.05 20.51 20.15 19.20 18.83 18.83 17.08 17.45 15.77 16.28 16.35 16.28 18.83 17.67 17.81 19.13 15.26 18.69 17.01 17.74 17.45
17.45 17.30 19.42 16.43 16.79 13.94 15.04 14.24 13.07 12.56 14.97 14.75 15.18 13.72 13.65 14.97 15.91 15.99 15.99 16.43 13.36 13.94 9.13 9.20 12.56 11.32 12.34 6.64 3.50 3.72 2.48 3.80 3.29 6.28 8.69 8.18 10.95 13.72 15.48 15.33 15.55 13.29 13.65 13.65 13.36 18.54 19.42 20.44 20.22 11.39 7.74 4.67 4.89 4.31 4.23 3.87 5.18 6.35 7.66 11.68 12.48 12.12 14.89 18.61 21.90 21.32 21.83 19.71 19.71 16.28 17.01 16.79 16.21 16.86 16.86 16.86 15.26 14.45 14.09 14.09 16.21 17.59 19.35 17.45
19.13 19.93 20.08 17.89 17.96 16.79 15.99 16.21 16.50 15.26 14.82 14.89 13.07 13.58 14.53 19.05 18.32 19.86 19.86 19.86 17.67 12.63 13.94 9.13 8.91 8.91 5.40 4.67 4.45 4.96 5.33 5.33 4.96 8.10 7.45 10.95 14.02 13.51 15.55 16.21 13.87 15.40 14.16 14.16 16.06 18.32 17.08 20.08 14.24 8.83 6.72 4.23 3.29 2.85 3.07 5.26 8.83 6.06 9.56 12.85 14.67 16.06 19.78 18.76 20.88 21.53 20.15 19.93 19.93 20.00 18.98 19.71 20.95 20.88 18.25 18.69 18.69 15.77 15.40 13.58 14.02 15.48 18.32 16.13
19.13 19.93 20.08 17.89 17.96 16.79 15.99 16.21 16.50 15.26 14.82 14.89 13.07 13.58 14.53 19.05 18.32 19.86 19.86 19.86 17.67 12.63 13.94 9.13 8.91 8.91 5.40 4.67 4.45 4.96 5.33 5.33 4.96 8.10 7.45 10.95 14.02 13.51 15.55 16.21 13.87 15.40 14.16 14.16 16.06 18.32 17.08 20.08 14.24 8.83 6.72 4.23 3.29 2.85 3.07 5.26 8.83 6.06 9.56 12.85 14.67 16.06 19.78 18.76 20.88 21.53 20.15 19.93 19.93 20.00 18.98 19.71 20.95 20.88 18.25 18.69 18.69 15.77 15.40 13.58 14.02 15.48 18.32 16.13
18.03 16.79 17.37 17.45 17.52 17.08 17.16 16.79 17.01 16.72 14.16 14.75 12.05 13.94 13.07 18.32 20.95 20.59 20.59 21.17 20.59 18.47 11.32 12.34 8.69 6.57 7.30 4.96 5.40 5.11 5.69 5.11 5.04 6.64 12.63 15.48 14.31 15.04 14.24 12.70 12.92 13.14 8.69 8.69 9.34 10.37 10.73 12.41 7.37 7.88 8.40 9.05 6.28 4.53 4.96 5.40 6.86 5.11 8.32 10.07 9.56 12.85 16.06 12.70 16.13 15.11 18.91 18.18 18.18 16.86 16.28 18.10 19.49 19.78 19.78 19.27 18.18 17.16 17.16 15.70 13.80 13.36 13.21 14.02
16.06 15.99 15.18 16.50 16.50 15.99 13.58 14.09 14.97 15.04 13.07 10.44 11.24 11.53 15.70 15.91 20.08 21.39 21.39 21.39 21.17 17.81 18.76 11.10 7.81 7.81 6.72 7.08 7.15 6.64 5.33 5.55 5.04 9.56 13.80 13.21 13.43 11.68 9.13 9.56 7.30 6.35 6.06 6.06 7.15 6.86 5.40 6.20 10.15 9.78 9.34 12.70 12.41 7.37 12.19 11.61 10.44 9.56 9.27 9.05 9.78 10.37 11.17 11.53 13.36 15.33 15.99 15.70 15.70 16.64 20.37 19.42 19.35 19.42 18.40 18.61 18.10 21.32 19.86 20.59 14.16 15.55 12.85 11.53
13.29 14.53 14.82 12.92 11.75 14.31 11.90 11.61 11.24 12.92 14.24 12.12 13.43 16.94 15.99 21.10 24.38 23.87 23.87 24.89 23.14 20.37 12.05 13.65 8.25 7.23 7.01 7.45 6.13 5.55 5.62 5.18 5.55 7.59 7.08 10.00 10.95 10.88 9.78 7.52 9.56 9.34 8.69 8.69 8.32 8.69 7.08 9.27 14.38 16.86 14.38 19.27 14.31 17.81 12.99 13.21 11.39 11.02 12.12 17.30 13.43 12.78 13.29 11.75 13.07 16.21 18.54 17.89 17.89 19.35 22.05 21.75 21.39 23.73 20.00 22.63 19.71 22.05 19.86 20.37 16.50 14.31 13.43 11.75
13.29 14.53 14.82 12.92 11.75 14.31 11.90 11.61 11.24 12.92 14.24 12.12 13.43 16.94 15.99 21.10 24.38 23.87 23.87 24.89 23.14 20.37 12.05 13.65 8.25 7.23 7.01 7.45 6.13 5.55 5.62 5.18 5.55 7.59 7.08 10.00 10.95 10.88 9.78 7.52 9.56 9.34 8.69 8.69 8.32 8.69 7.08 9.27 14.38 16.86 14.38 19.27 14.31 17.81 12.99 13.21 11.39 11.02 12.12 17.30 13.43 12.78 13.29 11.75 13.07 16.21 18.54 17.89 17.89 19.35 22.05 21.75 21.39 23.73 20.00 22.63 19.71 22.05 19.86 20.37 16.50 14.31 13.43 11.75
11.83 12.41 11.83 12.19 10.66 10.51 10.51 11.17 13.43 12.85 15.18 18.76 17.81 19.93 22.12 21.68 24.60 24.89 24.89 24.89 20.88 14.38 15.55 10.51 9.05 9.05 7.01 6.13 5.55 5.33 6.50 6.42 6.64 7.01 9.13 15.33 10.15 15.84 12.56 11.75 12.26 11.17 12.34 12.34 10.44 12.34 12.19 9.13 10.59 14.82 17.67 22.27 22.85 21.75 15.33 21.90 19.78 19.35 20.15 19.64 16.79 15.18 13.58 14.89 14.38 14.82 17.74 19.93 19.93 19.20 21.24 25.48 25.26 25.48 24.09 24.67 22.85 22.63 20.15 18.61 18.54 14.82 17.30 14.82
12.34 12.26 11.24 10.44 10.80 11.17 13.07 12.41 15.99 17.16 16.57 19.78 23.29 21.02 25.19 24.09 24.45 24.45 24.45 20.73 21.61 14.53 10.95 11.02 9.49 7.01 7.74 5.69 7.96 14.60 9.93 11.75 18.18 17.81 15.18 15.40 16.79 18.98 16.94 17.30 14.82 13.58 17.30 17.30 15.48 15.62 14.97 15.84 15.33 18.76 19.64 20.81 23.73 24.67 23.36 24.53 23.29 21.17 20.22 15.26 14.82 15.04 16.28 16.35 18.83 19.42 18.83 21.39 21.39 22.70 25.62 25.55 26.13 25.11 25.19 24.75 20.22 17.89 19.64 9.56 11.39 11.90 11.39 12.85
12.41 11.53 12.12 12.12 12.41 10.88 12.85 14.75 13.87 15.18 14.89 18.47 18.76 22.27 21.53 23.14 21.90 19.93 19.93 20.37 15.99 13.29 13.80 12.26 10.73 11.10 10.07 10.73 15.48 14.53 19.56 21.53 21.46 20.51 17.81 17.81 18.32 18.10 18.47 18.76 18.18 17.96 17.89 17.89 17.96 18.61 18.54 18.18 20.37 20.00 22.41 21.53 24.02 24.60 24.16 24.45 29.13 26.35 19.71 14.82 12.99 10.00 9.13 12.41 16.13 15.40 18.40 17.74 17.74 20.51 21.68 22.92 22.92 22.92 17.81 17.89 18.76 10.22 3.43 8.18 8.61 12.41 12.34 15.62
10.88 11.39 13.14 12.99 12.12 10.95 7.08 9.78 11.10 11.10 10.95 11.17 13.51 12.85 15.04 15.62 19.27 18.91 18.91 15.77 16.35 13.43 12.63 12.48 12.48 12.19 12.41 11.46 14.60 16.94 20.59 19.78 21.24 18.40 17.08 16.94 18.03 18.25 19.20 18.76 19.05 17.81 18.32 18.32 17.16 16.28 16.79 15.91 16.72 17.52 16.72 18.25 21.24 24.31 23.51 25.26 25.19 25.84 20.37 13.80 9.42 9.13 10.51 12.48 12.41 14.67 17.89 19.93 19.93 21.83 21.32 21.97 16.64 18.40 16.13 18.76 10.44 13.65 0.00 0.00 9.93 10.44 14.16 16.57
10.88 11.39 13.14 12.99 12.12 10.95 7.08 9.78 11.10 11.10 10.95 11.17 13.51 12.85 15.04 15.62 19.27 18.91 18.91 15.77 16.35 13.43 12.63 12.48 12.48 12.19 12.41 11.46 14.60 16.94 20.59 19.78 21.24 18.40 17.08 16.94 18.03 18.25 19.20 18.76 19.05 17.81 18.32 18.32 17.16 16.28 16.79 15.91 16.72 17.52 16.72 18.25 21.24 24.31 23.51 25.26 25.19 25.84 20.37 13.80 9.42 9.13 10.51 12.48 12.41 14.67 17.89 19.93 19.93 21.83 21.32 21.97 16.64 18.40 16.13 18.76 10.44 13.65 0.00 0.00 9.93 10.44 14.16 16.57
11.02 11.24 11.02 13.14 11.39 12.12 6.50 5.26 5.18 7.52 9.27 8.98 12.85 15.33 15.26 15.11 16.13 14.67 14.67 15.26 12.41 10.00 10.44 9.34 12.70 11.97 14.31 14.53 16.50 15.70 18.40 21.39 23.36 20.37 21.61 14.82 16.21 12.41 13.14 15.18 16.50 14.60 13.65 13.65 14.82 15.26 14.89 15.91 14.24 14.67 13.80 15.48 17.89 17.81 20.15 20.73 19.05 15.55 12.19 13.43 10.59 19.49 19.42 14.45 15.62 14.97 17.96 20.15 20.15 22.56 23.00 24.24 18.98 18.32 17.30 18.40 7.81 0.00 0.00 0.00 0.00 8.18 11.39 14.09
10.73 10.80 11.61 11.24 12.99 9.42 9.86 6.57 5.77 6.57 9.20 11.75 11.02 16.50 15.70 16.06 16.13 15.99 15.99 13.51 14.09 10.66 8.54 8.69 10.07 14.67 16.86 16.72 16.57 16.06 19.05 18.83 22.48 22.63 19.42 14.45 10.07 10.73 10.37 7.96 13.80 13.43 15.84 15.84 14.45 11.46 12.92 9.56 8.47 9.42 10.15 9.93 12.05 16.94 14.67 19.71 21.68 20.08 18.76 26.28 25.11 25.55 22.12 19.42 21.24 18.98 19.49 20.22 20.22 27.38 24.89 16.06 18.54 16.13 9.20 7.15 8.18 3.14 1.90 5.99 7.66 9.34 10.59 10.00
8.69 8.76 10.44 12.41 11.97 13.87 14.02 10.80 8.91 10.07 9.42 11.61 13.36 13.94 14.38 11.90 14.38 13.58 13.58 15.55 15.18 13.80 11.02 12.41 14.60 17.23 17.01 16.35 14.67 15.04 15.18 20.44 15.84 15.99 17.96 15.48 11.97 5.04 5.84 4.89 7.88 8.76 15.33 15.33 15.84 13.51 14.31 10.66 7.88 17.23 15.04 14.89 14.38 18.91 14.53 20.95 22.34 27.16 27.59 27.74 28.18 28.25 25.99 26.86 22.78 24.31 25.62 27.38 27.38 27.38 19.86 11.68 5.33 11.39 6.35 6.28 3.58 3.07 2.77 2.34 4.38 5.99 7.88 8.25
8.40 8.98 8.40 10.73 12.85 12.19 14.60 15.55 15.11 12.05 15.84 15.33 16.64 16.28 13.36 14.31 13.21 14.60 14.60 14.53 15.70 15.70 14.67 14.89 15.70 18.18 15.91 16.79 14.89 11.32 7.15 9.93 8.61 12.85 9.05 5.40 0.00 0.00 0.00 0.00 4.96 7.15 8.91 8.91 10.15 15.70 13.07 16.94 16.21 19.56 23.00 22.85 17.52 23.29 29.05 29.27 28.62 27.96 28.11 27.96 25.99 27.30 26.50 27.16 26.06 26.13 26.13 22.34 22.34 13.21 15.99 8.83 4.02 3.80 4.23 2.48 1.31 1.39 1.31 1.83 2.48 4.74 4.38 6.06
7.96 8.18 8.98 8.61 9.64 12.63 12.05 14.75 19.56 24.45 23.65 27.01 28.62 23.29 19.05 22.27 16.72 15.62 15.62 16.13 17.37 17.37 17.96 21.32 23.07 24.53 24.38 20.81 15.18 17.16 9.13 5.18 3.94 6.42 5.18 1.31 0.00 0.15 0.00 0.00 6.57 4.82 5.40 5.40 6.42 5.69 7.37 12.78 18.25 13.65 12.56 17.23 20.37 19.86 27.08 27.81 27.96 18.69 21.10 22.48 21.53 25.48 23.07 24.89 26.79 26.06 21.32 23.07 23.07 15.04 13.65 5.84 5.69 8.54 4.09 4.67 4.45 2.04 0.44 0.66 1.68 1.31 2.19 4.38
7.96 8.18 8.98 8.61 9.64 12.63 12.05 14.75 19.56 24.45 23.65 27.01 28.62 23.29 19.05 22.27 16.72 15.62 15.62 16.13 17.37 17.37 17.96 21.32 23.07 24.53 24.38 20.81 15.18 17.16 9.13 5.18 3.94 6.42 5.18 1.31 0.00 0.15 0.00 0.00 6.57 4.82 5.40 5.40 6.42 5.69 7.37 12.78 18.25 13.65 12.56 17.23 20.37 19.86 27.08 27.81 27.96 18.69 21.10 22.48 21.53 25.48 23.07 24.89 26.79 26.06 21.32 23.07 23.07 15.04 13.65 5.84 5.69 8.54 4.09 4.67 4.45 2.04 0.44 0.66 1.68 1.31 2.19 4.38
6.86 7.01 7.88 9.13 9.05 14.31 19.56 13.65 19.93 25.40 27.67 27.45 27.59 26.13 24.16 24.89 20.59 19.27 19.27 19.49 19.20 20.51 21.90 21.75 22.34 23.80 23.07 19.64 21.10 15.33 7.37 3.87 2.99 1.17 1.61 0.95 0.00 0.00 0.00 0.58 3.29 2.63 0.00 0.00 0.00 3.36 5.11 7.08 3.21 6.72 10.80 8.61 13.14 17.16 18.40 21.39 10.88 11.39 13.36 16.43 18.10 19.86 19.35 22.56 24.67 25.77 22.85 21.53 21.53 21.39 19.49 21.53 12.78 14.16 7.81 5.04 5.77 2.26 0.22 0.00 1.02 1.39 0.73 1.39
8.54 11.10 7.23 11.68 17.89 16.79 23.36 28.32 27.81 25.92 27.01 25.48 26.13 23.07 22.27 20.88 21.17 20.73 20.73 21.39 21.53 21.90 23.43 24.43 22.38 23.23 21.90 20.73 17.52 9.86 11.61 6.13 5.26 1.53 1.17 0.00 0.22 1.10 1.02 2.12 0.00 2.56 2.26 2.26 0.00 0.00 0.00 0.00 2.63 3.14 1.31 8.10 5.40 4.02 4.89 6.28 5.91 7.01 9.27 11.10 16.86 18.03 18.10 22.05 21.02 25.19 19.13 21.10 21.10 20.44 23.73 21.10 15.55 9.64 10.95 3.80 2.19 1.68 1.31 1.02 1.46 0.44 0.00 0.15
10.59 12.12 16.13 15.11 21.02 27.16 29.57 29.35 27.59 22.12 23.21 18.69 13.87 9.20 9.71 11.61 18.25 23.00 23.00 22.27 23.36 23.65 25.62 27.27 27.73 23.76 23.97 26.26 24.38 24.38 14.53 8.32 11.17 5.99 4.60 2.70 1.31 1.24 2.77 2.34 3.94 0.00 3.29 3.29 0.00 0.00 0.00 0.00 0.88 0.80 1.17 1.17 3.94 4.09 3.80 3.87 4.02 7.08 12.48 11.02 15.91 15.62 16.43 17.30 15.99 16.06 16.94 18.47 18.47 20.37 17.37 18.47 15.33 9.78 9.93 9.56 4.38 1.10 0.44 2.12 2.70 1.17 0.00 0.00
12.85 12.85 14.97 19.56 22.12 21.02 29.49 26.43 27.30 20.08 14.60 11.17 12.12 6.72 8.32 15.11 13.29 20.51 20.51 20.66 20.08 20.23 23.10 25.36 24.28 27.23 27.11 27.21 26.57 28.08 20.88 15.48 16.21 12.99 13.87 7.15 8.91 3.07 2.70 2.77 2.48 3.58 3.50 3.50 3.36 2.48 0.00 0.00 2.85 2.63 3.65 1.75 2.26 4.38 4.16 3.21 3.50 5.33 9.56 10.80 13.72 12.85 15.11 17.37 15.84 14.31 21.68 20.59 20.59 21.97 22.63 17.74 18.40 12.92 13.21 13.43 7.01 6.13 3.65 2.63 2.92 0.37 0.73 0.73
13.14 13.51 12.92 15.77 18.76 22.78 21.32 25.48 22.05 17.81 14.02 9.71 8.18 8.47 8.61 14.09 18.61 17.81 17.81 19.49 9.59 6.45 8.50 7.15 16.97 23.73 29.50 31.82 33.94 30.45 27.95 21.17 24.24 17.89 21.17 12.63 6.28 5.48 2.99 4.60 3.50 3.21 3.80 3.80 1.83 0.00 0.00 0.00 3.80 3.87 3.21 3.65 2.92 2.48 2.70 2.48 2.77 3.94 5.18 9.78 13.94 15.70 18.69 18.10 17.96 23.65 24.31 24.97 24.97 23.87 24.16 18.98 15.18 16.28 14.02 13.29 11.24 4.23 3.29 3.21 2.41 0.66 0.88 1.53
13.14 13.51 12.92 15.77 18.76 22.78 21.32 25.48 22.05 17.81 14.02 9.71 8.18 8.47 8.61 14.09 18.61 17.81 17.90 20.12 9.73 6.90 8.29 7.34 16.72 23.73 28.62 29.57 31.71 30.92 28.24 22.05 27.23 18.93 21.71 12.63 6.28 5.48 2.99 4.60 3.50 3.21 3.80 3.80 1.83 0.00 0.00 0.00 3.80 3.87 3.21 3.65 2.92 2.48 2.70 2.48 2.77 3.94 5.18 9.78 13.94 15.70 18.69 18.10 17.96 23.65 24.31 24.97 24.97 23.87 24.16 18.98 15.18 16.28 14.02 13.29 11.24 4.23 3.29 3.21 2.41 0.66 0.88 1.53
14.60 15.04 14.97 14.89 15.11 18.61 23.65 22.70 24.67 23.36 21.17 21.83 17.59 14.24 20.44 18.76 23.58 23.07 23.07 11.83 4.67 5.69 3.89 8.08 6.21 12.76 10.84 23.04 31.10 30.45 30.75 26.10 30.56 30.65 26.57 23.53 10.25 5.62 12.26 5.69 3.87 3.07 3.58 3.58 2.41 3.14 4.09 4.89 4.89 4.96 4.31 5.77 3.65 0.00 0.00 0.00 2.63 4.82 3.87 8.18 8.10 12.63 16.94 21.17 25.77 24.97 26.06 23.94 23.94 22.70 23.36 18.61 15.11 13.43 14.38 13.80 10.15 9.27 6.20 4.45 2.63 1.10 1.02 2.26
16.21 16.06 17.16 16.72 13.14 13.14 17.45 22.85 24.75 24.31 24.45 19.35 14.02 14.31 18.40 23.94 24.31 24.67 24.67 18.64 7.45 6.09 3.50 3.87 3.08 7.34 15.26 16.64 23.09 24.19 29.57 30.30 29.86 30.01 32.46 29.44 28.76 19.59 16.50 9.13 12.48 8.69 6.13 6.13 2.92 3.65 3.14 4.02 5.33 4.82 6.20 5.33 5.04 3.50 4.89 2.92 2.63 3.94 4.45 6.06 5.26 8.91 8.76 20.00 25.33 22.41 22.85 22.63 22.63 17.52 16.43 16.79 14.60 11.61 9.42 13.21 7.74 5.77 5.18 5.69 3.21 4.16 4.89 3.58
18.47 19.56 19.20 19.86 17.01 16.50 16.28 19.49 24.24 23.43 23.65 18.98 12.05 10.51 11.17 14.89 12.05 11.46 11.46 9.49 8.40 8.40 5.18 4.74 6.42 5.99 11.68 10.99 18.00 23.05 26.06 29.78 30.15 31.03 33.20 30.18 27.27 18.10 20.37 17.37 12.41 14.31 8.47 8.47 3.65 4.02 3.14 3.21 2.77 4.45 5.62 6.42 5.99 5.84 5.99 4.23 2.70 0.00 1.97 4.60 4.38 7.66 6.35 15.40 16.13 19.05 13.14 14.97 14.97 14.67 12.85 5.48 7.08 7.66 5.40 9.27 7.37 8.18 7.37 9.13 8.83 8.98 9.13 7.23
13.36 20.51 21.68 19.42 20.44 18.18 21.24 23.43 22.70 23.21 23.14 18.18 19.13 13.72 8.10 7.30 6.64 7.01 7.01 7.08 8.40 8.25 10.95 11.32 10.51 8.10 10.80 13.94 17.45 23.14 20.88 26.94 25.77 28.18 29.42 31.90 29.87 30.49 27.04 21.75 15.18 14.16 8.47 8.47 5.26 6.28 2.85 3.80 3.21 2.48 3.58 4.53 5.33 5.26 5.91 2.19 0.00 0.00 0.00 4.45 4.60 6.06 6.57 10.37 9.64 14.31 7.15 10.29 10.29 4.02 4.23 4.23 2.56 4.53 4.23 5.62 8.18 8.40 9.78 10.66 11.68 10.59 11.24 11.02
8.40 7.30 9.34 20.44 19.42 19.42 20.08 19.05 18.36 18.03 21.53 20.44 13.87 8.18 9.34 4.74 2.48 0.00 0.00 1.75 4.53 2.19 10.07 12.41 12.34 15.91 14.97 14.08 15.18 14.97 17.67 18.69 17.52 22.63 21.46 25.19 31.39 31.24 29.50 22.91 21.13 18.25 12.70 12.70 9.42 8.61 5.04 3.65 3.58 2.77 3.14 3.36 4.23 0.00 2.19 2.34 1.97 2.56 3.80 3.43 4.74 4.89 4.89 5.69 3.14 3.94 4.16 0.00 0.00 1.31 1.39 1.61 1.46 3.94 4.96 4.89 5.11 6.86 7.81 8.54 9.34 7.66 10.44 9.49
6.72 6.64 6.72 6.50 13.29 22.92 23.29 20.00 13.03 14.45 11.02 18.25 15.26 8.47 1.75 0.00 0.15 0.00 0.00 0.00 0.00 4.31 2.99 8.98 7.88 16.94 15.91 15.55 14.90 15.81 13.62 12.91 10.69 14.60 14.38 20.88 26.21 28.39 20.81 20.15 20.28 19.20 16.28 16.28 12.48 10.44 8.54 10.73 8.61 4.09 2.34 3.14 2.48 0.00 0.00 0.00 0.00 0.00 3.80 4.60 4.45 4.60 4.23 3.07 0.00 0.00 0.00 0.00 0.00 0.00 0.00 0.00 0.00 0.00 3.07 3.43 3.58 3.50 0.00 2.70 5.77 4.89 7.52 8.83
6.72 6.64 6.72 6.50 13.29 22.92 23.29 20.00 12.70 14.45 11.02 18.25 15.26 8.47 1.75 0.00 0.15 0.00 0.00 0.00 0.00 4.31 2.99 8.98 7.88 16.94 15.91 15.55 14.67 15.26 13.14 12.85 10.37 14.60 14.45 20.98 26.21 28.25 21.02 20.15 20.08 19.20 16.28 16.28 12.48 10.44 8.54 10.73 8.61 4.09 2.34 3.14 2.48 0.00 0.00 0.00 0.00 0.00 3.80 4.60 4.45 4.60 4.23 3.07 0.00 0.00 0.00 0.00 0.00 0.00 0.00 0.00 0.00 0.00 3.07 3.43 3.58 3.50 0.00 2.70 5.77 4.89 7.52 8.83
12.12 9.20 6.42 9.42 8.03 17.16 21.90 16.97 11.04 11.61 9.71 9.20 6.86 8.03 2.99 0.00 0.00 0.00 0.00 0.00 0.00 0.00 0.00 5.77 15.33 14.60 14.97 15.18 12.26 12.78 12.99 11.24 12.34 10.29 8.47 6.28 10.44 11.97 14.38 14.97 13.94 11.75 9.49 9.49 9.86 10.51 7.37 9.05 10.29 8.18 6.57 7.15 4.89 1.83 0.00 0.00 3.14 3.65 4.53 4.38 4.82 2.92 0.00 0.00 0.00 0.15 0.00 0.00 0.00 0.00 0.00 0.00 0.00 0.00 2.12 0.00 0.00 0.00 0.00 0.00 4.31 5.40 7.23 7.01
