Wansh/Snow_depth/snowdepth-1991/winter/1992051.txt
ncols 321
nrows 161
xllcenter 60
yllcenter 15 
cellsize  0.25 
NODATA_value -1
[rows 0 to 36 of 161, columns 84 to 167 of 321]
19.71 19.05 19.27 17.96 16.94 17.45 13.36 14.38 11.39 12.26 11.75 13.14 14.75 14.31 16.35 15.70 15.70 16.35 16.35 15.11 15.91 15.70 10.29 3.43 4.82 0.00 0.00 0.80 0.58 1.17 2.77 5.84 7.08 10.22 9.86 12.34 12.34 10.29 9.93 10.22 9.93 5.77 5.77 5.77 3.14 3.14 3.14 4.09 5.26 6.94 6.42 7.74 9.56 8.76 10.51 6.35 8.54 8.54 8.54 13.14 8.40 5.84 6.42 4.45 3.65 4.02 4.16 6.50 6.50 7.66 7.23 9.78 12.70 11.97 12.34 10.37 15.11 13.94 14.45 14.82 15.04 12.85 12.85 12.63
17.08 17.16 16.94 15.55 15.99 14.75 15.04 15.04 14.75 12.78 12.78 10.29 10.88 8.03 8.03 7.52 10.88 13.58 13.58 12.78 14.67 14.02 13.87 13.65 9.20 1.97 2.99 1.68 0.73 1.46 2.41 5.91 6.42 8.61 7.15 8.03 7.81 7.74 9.78 9.64 11.24 10.80 11.39 11.39 14.53 15.26 10.29 8.18 5.04 4.38 4.74 5.55 3.87 4.31 4.82 5.04 6.28 7.96 11.32 11.17 9.86 10.22 8.76 6.94 11.97 8.91 9.86 7.37 7.37 14.45 13.21 12.85 12.78 13.80 14.97 14.38 17.52 18.83 18.61 15.55 13.29 13.21 15.33 12.34
16.21 15.48 15.40 13.94 13.36 13.07 15.04 15.70 15.77 13.87 12.63 11.24 8.18 8.32 6.50 5.99 4.82 8.47 8.47 7.30 11.75 10.29 13.80 14.02 13.29 4.82 4.02 5.33 2.12 2.26 2.41 6.35 4.45 3.50 6.20 10.88 12.12 11.90 13.80 15.18 15.62 14.38 13.72 13.72 14.67 15.84 14.97 13.51 15.77 9.42 5.33 3.65 3.72 4.45 4.02 6.64 5.77 8.32 9.27 12.92 12.85 14.97 15.40 15.33 13.58 18.10 17.01 15.99 15.99 16.79 14.89 15.26 14.38 14.53 16.35 20.08 19.56 20.95 21.02 18.91 18.47 17.30 17.01 19.13
16.21 15.48 15.40 13.94 13.36 13.07 15.04 15.70 15.77 13.87 12.63 11.24 8.18 8.32 6.50 5.99 4.82 8.47 8.47 7.30 11.75 10.29 13.80 14.02 13.29 4.82 4.02 5.33 2.12 2.26 2.41 6.35 4.45 3.50 6.20 10.88 12.12 11.90 13.80 15.18 15.62 14.38 13.72 13.72 14.67 15.84 14.97 13.51 15.77 9.42 5.33 3.65 3.72 4.45 4.02 6.64 5.77 8.32 9.27 12.92 12.85 14.97 15.40 15.33 13.58 18.10 17.01 15.99 15.99 16.79 14.89 15.26 14.38 14.53 16.35 20.08 19.56 20.95 21.02 18.91 18.47 17.30 17.01 19.13
12.78 12.99 11.46 11.53 11.24 11.61 9.86 11.02 11.97 12.48 12.48 10.66 8.32 8.69 6.94 10.59 5.40 4.74 4.74 5.40 7.08 6.06 10.15 11.17 14.02 14.45 9.13 6.42 2.41 2.19 2.63 2.19 2.92 6.50 11.46 11.46 13.80 14.60 14.31 14.38 12.34 12.78 12.48 12.48 11.83 16.06 17.96 18.03 18.54 13.94 15.18 7.88 4.60 5.33 3.94 3.87 4.16 6.86 9.05 7.96 10.80 14.60 16.86 19.05 20.51 20.15 19.20 18.83 18.83 17.08 17.45 15.77 16.28 16.35 16.28 18.83 17.67 17.81 19.13 15.26 18.69 17.01 18.91 19.05
13.65 16.21 15.91 12.48 11.97 12.48 10.88 10.66 11.39 10.59 11.46 12.19 12.26 10.88 10.37 10.22 10.59 14.89 14.89 11.39 7.01 5.26 7.01 6.72 9.20 9.27 8.83 5.84 3.14 2.85 2.12 3.94 3.65 6.42 8.32 11.24 10.66 13.72 14.45 14.67 13.36 12.85 11.53 11.53 11.10 13.72 16.86 19.20 18.32 13.21 15.18 8.54 5.18 4.16 4.09 4.09 4.23 6.35 7.66 11.68 12.48 12.12 14.89 18.61 21.90 21.32 21.83 19.71 19.71 16.28 17.01 16.79 16.21 16.86 16.86 16.86 15.26 14.45 14.09 14.09 16.21 15.84 17.67 19.64
16.13 16.13 15.40 15.11 14.97 13.80 12.05 12.34 12.12 11.90 12.34 11.53 11.90 11.68 13.87 13.72 15.48 14.24 14.24 14.82 12.70 11.75 5.69 5.84 5.84 5.77 4.53 3.80 3.29 4.09 4.67 5.18 6.57 6.57 8.10 11.61 16.21 16.06 14.75 13.65 13.72 13.94 11.90 11.90 15.91 17.59 17.16 19.05 16.43 10.37 7.81 5.40 5.84 4.45 5.77 5.77 8.83 6.06 9.56 12.85 14.67 16.06 19.78 18.76 20.88 21.53 20.15 19.93 19.93 20.00 18.98 19.71 20.95 20.88 18.25 18.69 18.69 15.77 15.40 13.58 14.02 15.91 16.79 16.13
16.13 16.13 15.40 15.11 14.97 13.80 12.05 12.34 12.12 11.90 12.34 11.53 11.90 11.68 13.87 13.72 15.48 14.24 14.24 14.82 12.70 11.75 5.69 5.84 5.84 5.77 4.53 3.80 3.29 4.09 4.67 5.18 6.57 6.57 8.10 11.61 16.21 16.06 14.75 13.65 13.72 13.94 11.90 11.90 15.91 17.59 17.16 19.05 16.43 10.37 7.81 5.40 5.84 4.45 5.77 5.77 8.83 6.06 9.56 12.85 14.67 16.06 19.78 18.76 20.88 21.53 20.15 19.93 19.93 20.00 18.98 19.71 20.95 20.88 18.25 18.69 18.69 15.77 15.40 13.58 14.02 15.91 16.79 16.13
14.60 15.48 15.04 14.82 14.82 14.09 14.31 14.02 13.51 12.85 12.70 9.56 9.71 8.98 13.80 15.18 16.94 16.35 16.35 17.16 15.40 15.48 9.13 10.51 7.59 5.55 4.53 3.87 5.11 5.48 5.11 6.94 5.91 9.27 16.21 14.31 17.08 13.87 14.31 13.29 9.34 13.14 13.29 13.29 12.70 13.87 6.57 7.37 7.30 7.30 6.42 9.71 8.10 7.74 6.94 5.40 6.86 5.11 8.32 10.07 9.56 12.85 16.06 12.70 16.13 15.11 18.91 18.18 18.18 16.86 16.28 18.10 19.49 19.78 19.78 19.27 18.18 17.16 17.16 15.70 13.80 14.67 13.94 15.26
14.97 14.97 14.89 14.24 14.16 14.24 13.21 13.43 12.56 12.34 11.02 9.56 9.93 9.71 14.89 13.87 16.06 19.64 19.64 19.93 16.64 15.18 16.64 12.05 6.42 5.77 5.11 5.18 7.88 7.08 6.06 6.50 5.48 9.34 13.80 13.36 11.75 12.70 9.64 10.29 7.88 7.30 8.32 8.32 6.86 6.50 7.01 6.13 10.66 11.90 11.32 12.56 12.34 15.55 12.19 11.61 10.44 9.56 9.27 9.05 9.78 10.37 11.17 11.53 13.36 15.33 15.99 15.70 15.70 16.64 20.37 19.42 19.35 19.42 18.40 18.61 18.10 21.32 19.86 20.59 14.97 12.92 13.21 12.92
14.67 12.63 12.41 13.87 11.10 10.15 9.71 9.86 10.66 11.32 11.53 10.37 10.07 16.72 18.32 17.89 21.02 23.00 23.00 22.48 21.53 17.74 15.70 8.98 6.06 6.64 7.96 7.96 8.03 7.08 5.40 5.11 5.18 6.94 8.61 10.22 9.93 12.19 9.93 11.32 8.10 6.35 9.49 9.49 6.06 8.10 10.73 9.78 11.32 12.85 18.69 19.64 19.35 17.81 12.99 13.21 11.39 11.02 12.12 17.30 13.43 12.78 13.29 11.75 13.07 16.21 18.54 17.89 17.89 19.35 22.05 21.75 21.39 23.73 20.00 22.63 19.71 22.05 19.86 20.37 17.67 14.09 15.26 15.99
14.67 12.63 12.41 13.87 11.10 10.15 9.71 9.86 10.66 11.32 11.53 10.37 10.07 16.72 18.32 17.89 21.02 23.00 23.00 22.48 21.53 17.74 15.70 8.98 6.06 6.64 7.96 7.96 8.03 7.08 5.40 5.11 5.18 6.94 8.61 10.22 9.93 12.19 9.93 11.32 8.10 6.35 9.49 9.49 6.06 8.10 10.73 9.78 11.32 12.85 18.69 19.64 19.35 17.81 12.99 13.21 11.39 11.02 12.12 17.30 13.43 12.78 13.29 11.75 13.07 16.21 18.54 17.89 17.89 19.35 22.05 21.75 21.39 23.73 20.00 22.63 19.71 22.05 19.86 20.37 17.67 14.09 15.26 15.99
12.12 11.53 11.97 10.73 11.17 9.86 9.20 10.66 12.56 12.34 14.45 17.16 16.28 18.10 18.98 22.05 24.16 23.94 23.94 24.02 20.81 14.45 12.26 8.91 5.91 10.44 8.32 6.57 5.91 6.06 5.62 5.55 10.15 10.15 9.13 16.21 14.89 15.04 12.56 14.24 16.57 14.16 13.65 13.65 11.61 9.86 10.59 10.59 10.95 15.40 20.22 23.29 22.85 21.75 15.33 21.90 19.78 19.35 20.15 19.64 16.79 15.18 13.58 14.89 14.38 14.82 17.74 19.93 19.93 19.20 21.24 25.48 25.26 25.48 24.09 24.67 22.85 22.63 20.15 18.61 18.76 17.23 18.25 16.72
10.29 11.39 9.86 10.51 10.51 10.80 11.46 11.39 13.51 15.11 14.53 16.79 17.89 24.53 23.29 23.73 22.34 23.07 23.07 20.81 15.91 11.90 10.73 6.64 9.49 8.91 6.57 6.64 6.35 13.14 14.60 14.38 13.94 21.46 19.20 19.56 17.81 19.86 20.37 17.52 16.21 15.91 15.40 15.40 12.78 14.16 19.42 17.52 18.32 18.25 19.20 20.81 23.73 24.67 23.36 24.53 23.29 21.17 20.22 15.26 14.82 15.04 16.28 16.35 18.83 19.42 18.83 21.39 21.39 22.70 25.62 25.55 26.13 25.11 25.19 24.75 20.22 17.89 19.64 9.56 14.53 14.24 13.51 14.67
12.05 12.34 11.24 11.02 10.88 10.59 11.68 10.07 13.80 13.51 16.79 16.57 15.11 19.13 19.64 22.70 22.05 20.00 20.00 17.52 16.35 12.12 11.61 11.90 12.19 11.17 9.20 13.36 15.26 14.67 18.32 23.58 23.51 23.65 21.90 20.51 20.59 19.93 19.13 17.01 17.01 16.50 20.29 20.29 21.24 21.32 20.66 20.08 18.40 20.00 22.41 21.53 24.02 24.60 24.16 24.45 29.13 26.35 19.71 14.82 12.99 10.00 9.13 12.41 16.13 15.40 18.40 17.74 17.74 20.51 21.68 22.92 22.92 22.92 17.81 17.89 18.76 10.22 3.43 4.74 4.53 15.18 15.11 15.26
10.44 10.88 12.26 13.43 13.36 10.59 8.10 7.81 10.15 14.60 9.93 13.36 13.07 14.16 14.31 17.01 18.47 16.21 16.21 16.28 13.51 12.70 13.80 12.92 12.92 12.92 13.94 14.16 17.16 18.91 18.32 21.68 20.44 19.78 20.08 18.25 17.59 19.71 19.49 19.27 19.93 20.51 20.51 20.51 19.64 15.99 17.45 15.91 16.72 17.52 16.72 18.25 21.24 24.31 23.51 25.26 25.19 25.84 20.37 13.80 9.42 9.13 10.51 12.48 12.41 14.67 17.89 19.93 19.93 21.83 21.32 21.97 16.64 18.40 16.13 18.76 10.44 13.65 0.00 6.72 3.36 12.78 14.82 18.10
10.44 10.88 12.26 13.43 13.36 10.59 8.10 7.81 10.15 14.60 9.93 13.36 13.07 14.16 14.31 17.01 18.47 16.21 16.21 16.28 13.51 12.70 13.80 12.92 12.92 12.92 13.94 14.16 17.16 18.91 18.32 21.68 20.44 19.78 20.08 18.25 17.59 19.71 19.49 19.27 19.93 20.51 20.51 20.51 19.64 15.99 17.45 15.91 16.72 17.52 16.72 18.25 21.24 24.31 23.51 25.26 25.19 25.84 20.37 13.80 9.42 9.13 10.51 12.48 12.41 14.67 17.89 19.93 19.93 21.83 21.32 21.97 16.64 18.40 16.13 18.76 10.44 13.65 0.00 6.72 3.36 12.78 14.82 18.10
11.02 11.32 10.88 13.14 13.51 10.15 10.80 5.69 5.04 7.23 6.42 9.34 10.88 14.53 15.62 14.45 14.97 15.18 15.18 11.75 11.97 12.56 11.68 10.88 12.92 14.09 13.80 14.89 17.37 17.67 20.29 19.86 21.24 20.08 20.08 21.17 16.64 14.97 16.86 17.52 20.59 21.02 17.81 17.81 15.04 16.35 15.62 15.91 14.24 14.67 13.80 15.48 17.89 17.81 20.15 20.73 19.05 15.55 12.19 13.43 10.59 19.49 19.42 14.45 15.62 14.97 17.96 20.15 20.15 22.56 23.00 24.24 18.98 18.32 17.30 18.40 7.81 0.00 1.90 5.84 10.66 9.56 10.51 15.33
11.02 9.71 10.29 13.07 13.14 12.70 8.47 7.59 6.06 6.13 8.47 10.88 12.56 15.11 16.06 14.97 14.89 16.57 16.57 11.02 12.41 12.19 11.46 11.53 12.19 15.18 18.25 18.47 18.25 19.93 20.81 23.94 23.14 24.24 21.68 16.21 12.78 14.09 7.88 11.90 12.41 13.51 12.78 12.78 14.24 15.33 12.92 9.56 8.47 9.42 10.15 9.93 12.05 16.94 14.67 19.71 21.68 20.08 18.76 26.28 25.11 25.55 22.12 19.42 21.24 18.98 19.49 20.22 20.22 27.38 24.89 16.06 18.54 16.13 9.20 7.15 8.18 3.14 5.99 4.89 8.10 10.07 9.71 9.56
8.98 9.05 9.27 10.07 11.97 14.31 13.21 12.34 7.96 12.34 12.56 12.85 11.97 12.48 12.41 12.85 12.34 14.89 14.89 15.48 13.51 14.24 12.41 13.43 13.80 15.33 17.89 18.83 17.67 18.25 19.71 13.80 19.93 19.20 14.67 14.09 10.07 11.46 4.74 8.54 8.69 12.70 13.80 13.80 15.55 13.51 14.31 10.66 7.88 17.23 15.04 14.89 14.38 18.91 14.53 20.95 22.34 27.16 27.59 27.74 28.18 28.25 25.99 26.86 22.78 24.31 25.62 27.38 27.38 27.38 19.86 11.68 5.33 11.39 6.35 6.28 3.58 3.07 4.23 4.82 4.60 7.52 8.40 9.56
8.25 6.72 8.32 10.07 9.34 12.63 14.24 15.77 17.96 15.18 15.26 14.38 18.98 13.94 16.79 11.68 13.58 14.97 14.97 14.75 15.18 14.75 16.72 16.50 17.01 20.22 21.02 19.64 15.55 12.19 9.05 9.71 12.56 10.51 9.49 12.34 3.36 0.00 2.12 4.38 7.74 8.25 12.19 12.19 13.36 14.67 13.07 16.94 16.21 19.56 23.00 22.85 17.52 23.29 29.05 29.27 28.62 27.96 28.11 27.96 25.99 27.30 26.50 27.16 26.06 26.13 26.13 22.34 22.34 13.21 15.99 8.83 4.02 3.80 4.23 2.48 1.31 1.39 1.39 3.36 3.14 2.70 7.01 7.88
6.57 7.74 7.08 9.27 10.15 10.66 15.04 13.87 17.89 21.46 23.21 22.92 28.03 24.75 26.21 20.95 16.64 16.06 16.06 17.81 18.18 18.25 17.96 20.15 23.58 24.60 23.14 23.00 23.51 16.06 9.27 5.91 6.28 7.15 3.94 2.04 3.14 0.00 0.00 0.00 0.00 5.11 8.47 8.47 10.66 5.69 7.37 12.78 18.25 13.65 12.56 17.23 20.37 19.86 27.08 27.81 27.96 18.69 21.10 22.48 21.53 25.48 23.07 24.89 26.79 26.06 21.32 23.07 23.07 15.04 13.65 5.84 5.69 8.54 4.09 4.67 4.45 2.04 0.95 1.24 2.19 2.41 5.04 5.11
6.57 7.74 7.08 9.27 10.15 10.66 15.04 13.87 17.89 21.46 23.21 22.92 28.03 24.75 26.21 20.95 16.64 16.06 16.06 17.81 18.18 18.25 17.96 20.15 23.58 24.60 23.14 23.00 23.51 16.06 9.27 5.91 6.28 7.15 3.94 2.04 3.14 0.00 0.00 0.00 0.00 5.11 8.47 8.47 10.66 5.69 7.37 12.78 18.25 13.65 12.56 17.23 20.37 19.86 27.08 27.81 27.96 18.69 21.10 22.48 21.53 25.48 23.07 24.89 26.79 26.06 21.32 23.07 23.07 15.04 13.65 5.84 5.69 8.54 4.09 4.67 4.45 2.04 0.95 1.24 2.19 2.41 5.04 5.11
7.08 5.99 8.32 10.29 11.46 11.61 11.61 20.22 22.48 25.04 25.92 27.01 26.86 26.13 27.74 20.29 23.51 20.59 20.59 19.93 20.08 21.97 22.92 22.85 23.58 25.99 22.48 21.32 21.83 18.54 11.61 5.77 3.50 4.38 3.29 0.73 0.00 0.00 0.00 0.00 2.85 2.26 0.00 0.00 0.00 3.36 5.11 7.08 3.21 6.72 10.80 8.61 13.14 17.16 18.40 21.39 10.88 11.39 13.36 16.43 18.10 19.86 19.35 22.56 24.67 25.77 22.85 21.53 21.53 21.39 19.49 21.53 12.78 14.16 7.81 5.04 5.77 2.77 0.58 0.88 0.95 1.46 1.02 3.87
7.01 8.83 8.40 10.15 18.47 20.81 22.85 27.08 26.57 26.79 25.84 25.40 23.29 22.56 19.56 22.48 20.66 20.00 20.00 19.93 21.68 23.80 23.73 24.43 22.38 25.41 22.12 18.98 18.98 13.80 14.24 13.51 5.77 5.26 0.73 1.24 0.15 0.29 0.15 3.07 3.36 2.56 2.26 2.26 0.00 0.00 0.00 0.00 2.63 3.14 1.31 8.10 5.40 4.02 4.89 6.28 5.91 7.01 9.27 11.10 16.86 18.03 18.10 22.05 21.02 25.19 19.13 21.10 21.10 20.44 23.73 21.10 15.55 9.64 10.95 3.80 2.19 0.95 0.88 2.34 1.39 0.29 0.58 0.00
11.24 13.72 15.04 20.29 24.31 28.98 28.69 28.76 27.30 21.83 22.12 20.66 14.45 14.82 18.40 19.49 14.31 22.27 22.27 24.82 24.09 25.77 25.62 26.11 29.03 22.94 25.92 25.14 24.09 18.91 15.55 17.74 9.27 9.71 2.26 3.21 3.72 2.56 2.56 1.53 3.94 2.48 3.29 3.29 0.00 0.00 0.00 0.00 0.88 0.80 1.17 1.17 3.94 4.09 3.80 3.87 4.02 7.08 12.48 11.02 15.91 15.62 16.43 17.30 15.99 16.06 16.94 18.47 18.47 20.37 17.37 18.47 15.33 9.78 9.93 9.56 4.38 6.86 3.87 3.72 2.26 0.37 0.00 0.00
14.67 14.53 14.24 17.74 17.81 25.04 28.40 25.77 20.29 17.52 11.68 12.41 8.61 14.09 9.56 9.86 14.97 19.86 19.86 23.29 15.62 19.12 18.74 23.78 25.34 24.06 28.04 25.96 26.11 27.11 19.78 21.68 14.02 13.72 14.31 7.30 8.25 9.64 4.38 4.02 3.72 3.58 3.50 3.50 3.36 2.48 0.00 0.00 2.85 2.63 3.65 1.75 2.26 4.38 4.16 3.21 3.50 5.33 9.56 10.80 13.72 12.85 15.11 17.37 15.84 14.31 21.68 20.59 20.59 21.97 22.63 17.74 18.40 12.92 13.21 13.43 7.23 8.32 4.67 3.07 3.36 0.00 0.37 1.02
13.14 13.65 13.43 16.57 22.34 22.48 25.33 25.55 20.22 18.10 11.61 9.13 9.05 9.13 7.30 9.34 12.12 18.03 18.03 18.12 11.36 11.56 16.48 13.29 12.38 20.29 26.49 29.20 31.17 28.91 29.86 25.70 25.04 18.98 20.29 13.94 11.97 6.79 7.52 4.60 3.50 3.21 3.80 3.80 1.83 0.00 0.00 0.00 3.80 3.87 3.21 3.65 2.92 2.48 2.70 2.48 2.77 3.94 5.18 9.78 13.94 15.70 18.69 18.10 17.96 23.65 24.31 24.97 24.97 23.87 24.16 18.98 15.18 16.28 14.02 13.29 7.81 4.74 4.60 4.16 0.29 0.58 1.53 0.88
13.14 13.65 13.43 16.57 22.34 22.48 25.33 25.55 20.22 18.10 11.61 9.13 9.05 9.13 7.30 9.34 12.12 18.03 18.12 18.70 11.53 12.38 16.07 13.63 12.19 20.29 25.70 27.14 29.13 29.35 30.16 26.77 28.13 20.08 20.81 13.94 11.97 6.79 7.52 4.60 3.50 3.21 3.80 3.80 1.83 0.00 0.00 0.00 3.80 3.87 3.21 3.65 2.92 2.48 2.70 2.48 2.77 3.94 5.18 9.78 13.94 15.70 18.69 18.10 17.96 23.65 24.31 24.97 24.97 23.87 24.16 18.98 15.18 16.28 14.02 13.29 7.81 4.74 4.60 4.16 0.29 0.58 1.53 0.88
14.16 14.16 13.65 12.05 17.96 16.13 21.97 22.63 25.48 24.67 15.99 14.16 13.80 13.21 13.80 13.07 23.73 23.51 23.51 20.73 13.29 7.15 4.40 7.56 13.18 14.23 12.54 22.96 28.76 29.57 28.46 29.88 30.39 27.66 24.46 25.57 18.29 16.43 12.26 5.69 3.87 3.07 3.58 3.58 2.41 3.14 4.09 4.89 4.89 4.96 4.31 5.77 3.65 0.00 0.00 0.00 2.63 4.82 3.87 8.18 8.10 12.63 16.94 21.17 25.77 24.97 26.06 23.94 23.94 22.70 23.36 18.61 15.11 13.43 14.38 13.80 10.29 4.89 4.82 5.62 3.80 1.83 1.53 2.26
17.89 17.08 15.55 13.72 11.61 10.59 18.76 17.81 25.19 24.31 21.24 14.75 19.20 17.96 13.21 19.13 22.78 20.95 20.95 13.50 8.91 10.05 4.96 4.45 4.92 9.49 8.03 18.53 16.16 25.81 25.40 27.16 27.01 31.86 30.42 31.02 21.05 22.60 16.50 9.13 12.48 8.69 6.13 6.13 2.92 3.65 3.14 4.02 5.33 4.82 6.20 5.33 5.04 3.50 4.89 2.92 2.63 3.94 4.45 6.06 5.26 8.91 8.76 20.00 25.33 22.41 22.85 22.63 22.63 17.52 16.43 16.79 14.60 11.61 9.42 8.98 10.51 6.79 7.08 5.55 6.57 3.29 4.45 8.98
19.86 19.20 21.75 18.25 12.41 13.58 18.61 15.40 23.00 22.48 15.40 22.27 12.19 9.42 9.71 12.63 17.45 10.51 10.51 11.10 9.05 6.94 6.28 6.64 4.53 6.28 8.25 15.19 14.06 21.98 23.94 27.89 29.05 27.96 30.81 30.78 34.09 28.69 20.37 17.37 12.41 14.31 8.47 8.47 3.65 4.02 3.14 3.21 2.77 4.45 5.62 6.42 5.99 5.84 5.99 4.23 2.70 0.00 1.97 4.60 4.38 7.66 6.35 15.40 16.13 19.05 13.14 14.97 14.97 14.67 12.85 5.48 7.08 7.66 5.40 8.03 8.69 7.74 7.96 8.98 10.37 9.78 8.32 10.66
16.21 20.73 22.12 21.90 19.27 18.54 19.13 20.73 23.73 26.06 22.05 17.45 15.91 14.02 9.71 10.44 8.47 6.79 6.79 8.32 7.88 6.86 7.96 7.59 10.15 10.29 8.69 14.38 18.83 21.75 21.83 19.86 25.19 24.24 30.00 29.71 29.87 30.49 27.04 21.75 15.18 14.16 8.47 8.47 5.26 6.28 2.85 3.80 3.21 2.48 3.58 4.53 5.33 5.26 5.91 2.19 0.00 0.00 0.00 4.45 4.60 6.06 6.57 10.37 9.64 14.31 7.15 10.29 10.29 4.02 4.23 4.23 2.56 4.53 4.23 5.40 8.10 9.49 8.98 10.88 11.24 11.68 11.46 11.61
8.25 16.86 11.39 19.20 17.67 20.00 19.78 17.16 22.34 24.45 23.80 19.71 16.50 17.16 7.96 4.45 2.26 2.26 2.26 3.80 0.44 3.87 7.74 7.66 11.39 10.80 12.56 15.48 16.57 14.60 15.99 15.55 20.37 19.64 16.06 25.48 29.93 31.24 29.50 22.91 21.13 18.25 12.70 12.70 9.42 8.61 5.04 3.65 3.58 2.77 3.14 3.36 4.23 0.00 2.19 2.34 1.97 2.56 3.80 3.43 4.74 4.89 4.89 5.69 3.14 3.94 4.16 0.00 0.00 1.31 1.39 1.61 1.46 3.94 4.96 3.94 7.30 7.88 5.62 6.06 8.47 9.56 10.07 7.45
7.74 4.23 4.74 10.51 21.02 20.95 23.00 21.83 12.13 12.99 17.16 14.02 9.49 7.74 4.67 2.56 0.07 0.00 0.00 0.00 0.00 0.00 5.40 3.43 10.07 12.78 15.62 15.62 16.45 14.15 13.54 11.37 13.92 14.24 9.78 17.16 26.21 28.39 20.81 20.15 20.28 19.20 16.28 16.28 12.48 10.44 8.54 10.73 8.61 4.09 2.34 3.14 2.48 0.00 0.00 0.00 0.00 0.00 3.80 4.60 4.45 4.60 4.23 3.07 0.00 0.00 0.00 0.00 0.00 0.00 0.00 0.00 0.00 0.00 3.21 2.56 0.00 5.04 0.00 0.00 7.59 6.94 8.76 7.30
7.74 4.23 4.74 10.51 21.02 20.95 23.00 21.83 11.83 12.99 17.16 14.02 9.49 7.74 4.67 2.56 0.07 0.00 0.00 0.00 0.00 0.00 5.40 3.43 10.07 12.78 15.62 15.62 16.21 13.65 13.07 11.32 13.51 14.24 9.83 17.24 26.21 28.25 21.02 20.15 20.08 19.20 16.28 16.28 12.48 10.44 8.54 10.73 8.61 4.09 2.34 3.14 2.48 0.00 0.00 0.00 0.00 0.00 3.80 4.60 4.45 4.60 4.23 3.07 0.00 0.00 0.00 0.00 0.00 0.00 0.00 0.00 0.00 0.00 3.21 2.56 0.00 5.04 0.00 0.00 7.59 6.94 8.76 7.30
15.40 9.71 8.25 6.13 19.64 20.44 25.55 21.05 17.79 9.49 9.20 9.49 9.86 8.40 5.69 1.61 0.00 0.00 0.00 0.00 0.00 0.00 0.00 0.00 1.83 8.83 14.45 12.19 12.26 12.92 10.66 11.02 8.76 8.03 8.47 6.28 10.44 11.97 14.38 14.97 13.94 11.75 9.49 9.49 9.86 10.51 7.37 9.05 10.29 8.18 6.57 7.15 4.89 1.83 0.00 0.00 3.14 3.65 4.53 4.38 4.82 2.92 0.00 0.00 0.00 0.15 0.00 0.00 0.00 0.00 0.00 0.00 0.00 0.00 0.00 0.00 0.00 0.00 0.00 0.00 3.87 7.45 7.01 7.74
