Wansh/Snow_depth/snowdepth-1991/winter/1992004.txt
ncols 321
nrows 161
xllcenter 60
yllcenter 15 
cellsize  0.25 
NODATA_value -1
[rows 0 to 36 of 161, columns 0 to 83 of 321]
6.64 6.64 8.83 8.32 10.37 10.00 10.00 11.53 12.12 11.97 12.41 11.90 12.41 12.99 13.07 12.63 13.07 12.56 12.41 13.14 10.95 11.24 9.86 10.37 9.05 7.23 7.23 7.96 6.72 8.25 7.66 7.81 8.25 8.25 8.18 8.54 9.05 8.98 11.10 11.10 11.10 11.10 11.10 11.53 12.34 11.39 10.37 10.51 11.10 10.95 9.13 9.13 8.91 8.83 9.64 9.34 11.53 11.97 12.26 12.70 10.88 11.61 11.39 11.68 11.68 11.39 12.48 11.02 10.80 10.80 8.98 8.69 10.80 11.68 11.53 13.21 13.21 13.29 13.21 12.78 13.14 11.75 11.68 11.83
8.32 8.32 8.83 8.61 10.37 10.00 11.24 11.46 11.53 11.83 11.68 12.05 11.53 11.75 11.61 12.12 9.93 9.64 9.64 9.93 10.73 8.32 7.37 7.74 6.20 4.82 4.82 5.40 5.62 5.91 6.86 6.72 6.94 4.96 6.42 7.81 7.45 8.40 8.18 7.66 7.52 11.17 9.27 7.23 6.79 7.74 8.03 7.30 6.57 7.96 8.91 8.91 8.76 8.91 8.47 8.76 8.47 10.07 6.94 9.27 9.42 8.61 9.86 9.64 10.59 9.56 9.42 9.56 9.20 9.42 8.61 11.24 10.66 12.12 12.78 12.85 12.85 12.48 12.19 12.63 11.32 11.46 11.24 10.88
9.27 9.27 7.81 7.81 8.91 10.44 10.80 10.37 11.61 10.88 11.02 10.00 8.61 8.83 9.13 8.54 7.52 7.30 7.59 6.57 6.28 4.96 5.77 4.45 4.53 3.21 3.21 4.89 4.74 4.53 4.23 4.16 4.09 4.23 5.69 7.52 6.42 6.72 6.57 5.99 7.52 5.77 5.69 5.84 6.20 5.69 5.11 5.62 5.40 7.08 6.86 6.86 6.79 6.35 7.15 4.60 5.48 5.69 6.13 5.18 7.96 7.30 8.32 9.93 9.78 9.27 9.86 9.93 9.93 9.93 10.00 10.07 10.66 11.10 11.10 12.05 12.05 12.19 11.83 11.39 11.17 10.59 9.71 10.15
9.27 9.27 7.81 7.81 8.91 10.44 10.80 10.37 11.61 10.88 11.02 10.00 8.61 8.83 9.13 8.54 7.52 7.30 7.59 6.57 6.28 4.96 5.77 4.45 4.53 3.21 3.21 4.89 4.74 4.53 4.23 4.16 4.09 4.23 5.69 7.52 6.42 6.72 6.57 5.99 7.52 5.77 5.69 5.84 6.20 5.69 5.11 5.62 5.40 7.08 6.86 6.86 6.79 6.35 7.15 4.60 5.48 5.69 6.13 5.18 7.96 7.30 8.32 9.93 9.78 9.27 9.86 9.93 9.93 9.93 10.00 10.07 10.66 11.10 11.10 12.05 12.05 12.19 11.83 11.39 11.17 10.59 9.71 10.15
8.98 8.98 9.20 8.61 10.51 9.86 11.10 11.61 11.39 11.17 9.42 7.15 6.13 6.42 6.13 7.23 7.23 7.01 7.15 6.50 6.64 6.42 6.50 4.31 3.50 3.72 3.72 0.00 3.87 3.80 3.58 3.65 4.60 4.53 4.67 4.53 4.23 0.00 2.92 2.56 5.99 4.02 0.00 0.00 4.31 4.23 4.67 4.53 4.38 4.67 4.53 4.53 5.11 0.00 0.00 0.00 5.11 4.67 4.89 4.60 6.50 7.96 7.88 9.49 9.05 8.91 9.71 9.13 9.56 9.56 10.29 10.95 11.17 11.02 11.10 11.61 11.61 11.75 11.83 11.10 10.95 11.17 9.64 8.83
11.10 11.10 12.85 11.97 12.70 12.70 12.26 9.56 9.71 8.40 7.08 7.45 6.20 6.13 7.52 6.64 7.15 7.52 8.40 9.42 9.64 8.18 7.96 4.60 4.96 4.60 4.60 4.09 4.23 0.00 4.31 4.82 5.26 5.91 6.28 4.23 4.89 0.00 2.85 4.02 3.94 4.74 0.00 4.02 5.99 5.26 4.53 4.89 0.00 6.50 0.00 0.00 0.00 0.00 5.84 6.20 5.91 5.04 6.86 5.91 5.69 8.18 10.15 9.49 9.20 10.95 11.68 10.80 11.17 11.53 11.02 11.24 10.37 10.59 10.80 10.51 10.51 10.07 10.88 11.75 11.75 11.46 11.46 10.66
14.24 14.24 14.16 14.45 13.21 13.14 13.21 10.37 9.93 7.88 8.25 7.15 6.64 6.57 7.66 10.00 10.95 9.71 10.88 11.24 10.95 8.61 9.78 5.48 5.69 6.13 6.13 5.33 5.91 5.04 6.50 5.69 7.66 8.10 6.42 5.99 7.08 5.40 5.62 4.38 6.86 5.26 6.42 5.99 6.57 7.37 9.78 8.32 7.96 7.59 6.28 6.28 7.59 6.20 6.42 5.91 9.20 7.66 7.45 9.34 10.22 9.42 9.86 11.61 12.34 12.34 12.05 11.75 12.41 11.46 9.86 10.15 9.42 8.83 9.34 9.42 9.42 9.56 9.93 8.03 8.10 11.10 10.73 10.88
14.24 14.24 14.16 14.45 13.21 13.14 13.21 10.37 9.93 7.88 8.25 7.15 6.64 6.57 7.66 10.00 10.95 9.71 10.88 11.24 10.95 8.61 9.78 5.48 5.69 6.13 6.13 5.33 5.91 5.04 6.50 5.69 7.66 8.10 6.42 5.99 7.08 5.40 5.62 4.38 6.86 5.26 6.42 5.99 6.57 7.37 9.78 8.32 7.96 7.59 6.28 6.28 7.59 6.20 6.42 5.91 9.20 7.66 7.45 9.34 10.22 9.42 9.86 11.61 12.34 12.34 12.05 11.75 12.41 11.46 9.86 10.15 9.42 8.83 9.34 9.42 9.42 9.56 9.93 8.03 8.10 11.10 10.73 10.88
17.23 17.23 17.37 15.99 15.48 15.84 14.02 11.10 11.68 9.34 7.52 8.32 8.83 8.54 10.80 10.80 11.24 10.37 10.44 10.37 9.20 10.29 9.13 8.69 9.93 9.13 9.13 7.08 5.91 10.29 12.56 11.53 9.93 11.17 8.91 9.27 8.32 7.37 8.61 7.74 7.45 7.59 8.03 10.00 11.17 10.95 10.51 9.49 9.93 9.34 9.71 9.71 8.69 10.22 9.13 9.05 9.93 10.15 10.22 10.22 11.39 11.46 11.75 12.41 10.51 9.56 11.32 10.88 9.27 10.44 9.13 8.91 8.98 8.40 6.79 7.01 7.01 6.13 6.42 6.42 7.45 7.81 10.07 10.22
16.28 16.28 14.82 14.89 15.11 12.05 11.61 9.34 9.05 7.66 7.88 7.96 8.03 7.52 9.78 9.71 7.74 9.20 8.25 8.54 7.88 10.15 8.98 10.07 9.64 11.02 11.02 11.32 12.26 12.12 13.07 12.99 10.51 9.42 9.27 9.27 8.32 8.47 9.27 8.18 10.07 10.37 10.37 12.05 11.83 9.56 10.15 9.86 9.86 11.39 10.66 10.66 10.37 10.66 8.76 9.86 10.59 10.66 10.59 11.10 11.10 11.53 9.86 8.10 9.49 8.54 9.20 10.00 8.91 8.69 8.69 8.98 7.45 7.88 7.15 6.50 6.50 6.64 6.57 6.42 5.99 7.08 7.81 7.37
14.02 14.02 14.67 12.19 10.80 10.88 10.44 9.20 6.94 5.40 4.67 4.60 6.28 5.48 6.20 6.79 6.64 5.62 6.50 6.13 7.96 6.20 7.37 7.45 8.91 10.22 10.22 10.66 9.49 11.02 10.07 10.15 9.56 8.18 6.72 7.59 7.81 7.74 8.91 9.49 9.78 9.49 10.37 9.42 9.34 8.83 9.27 8.83 9.49 9.20 9.64 9.64 8.32 9.05 8.69 9.05 10.00 10.29 10.22 10.80 10.37 10.29 9.78 7.88 8.61 8.25 8.47 8.32 8.69 8.69 8.47 8.98 7.37 5.77 5.69 6.64 6.64 6.72 6.50 6.94 6.86 6.57 7.37 6.94
14.02 14.02 14.67 12.19 10.80 10.88 10.44 9.20 6.94 5.40 4.67 4.60 6.28 5.48 6.20 6.79 6.64 5.62 6.50 6.13 7.96 6.20 7.37 7.45 8.91 10.22 10.22 10.66 9.49 11.02 10.07 10.15 9.56 8.18 6.72 7.59 7.81 7.74 8.91 9.49 9.78 9.49 10.37 9.42 9.34 8.83 9.27 8.83 9.49 9.20 9.64 9.64 8.32 9.05 8.69 9.05 10.00 10.29 10.22 10.80 10.37 10.29 9.78 7.88 8.61 8.25 8.47 8.32 8.69 8.69 8.47 8.98 7.37 5.77 5.69 6.64 6.64 6.72 6.50 6.94 6.86 6.57 7.37 6.94
14.31 14.31 12.19 10.59 8.03 8.69 8.03 7.66 7.81 7.30 5.77 5.18 5.48 5.40 5.55 6.28 4.74 5.11 5.84 6.13 6.13 6.28 6.28 6.57 7.23 4.82 4.82 8.03 5.84 7.52 7.74 5.77 6.57 6.42 6.57 6.79 6.28 7.37 9.34 8.76 8.76 8.61 8.47 8.83 8.54 8.98 8.47 8.40 7.96 8.25 8.76 8.76 8.69 8.54 8.69 9.20 9.34 8.98 9.71 9.49 9.42 9.20 7.59 7.88 8.10 7.66 7.81 8.69 9.56 8.76 8.10 7.74 7.96 6.06 7.01 6.86 6.86 7.01 7.15 6.94 7.08 6.86 5.84 6.13
11.10 11.10 11.24 10.66 7.66 5.91 4.74 4.89 5.91 6.64 7.08 7.59 8.54 7.30 7.59 7.88 5.91 6.64 6.50 5.77 6.20 5.04 5.33 5.18 5.99 5.84 5.84 5.33 4.60 5.11 5.26 6.57 6.35 7.66 6.20 6.42 6.13 9.42 9.64 8.83 7.96 7.37 6.13 6.06 6.28 6.64 7.08 7.15 8.47 8.54 8.83 8.83 8.32 8.69 8.54 9.71 9.78 9.64 9.56 10.66 11.24 10.29 10.37 8.98 8.61 11.02 9.78 9.71 10.29 11.02 8.54 8.69 8.61 7.96 7.23 7.45 7.45 7.88 7.88 7.30 6.42 6.57 5.84 5.77
9.93 9.93 9.34 8.47 6.42 7.52 4.31 4.31 5.26 7.30 6.64 7.37 8.61 8.03 8.25 7.66 6.79 8.25 6.57 6.50 6.72 5.84 4.74 0.00 6.13 6.35 6.35 5.55 6.13 5.91 6.06 7.52 7.23 8.76 7.88 9.20 7.88 8.91 6.86 8.98 5.77 4.74 5.18 5.40 5.33 8.91 9.34 9.27 9.34 8.32 8.54 8.54 9.05 10.29 9.93 11.32 10.51 11.61 12.05 12.12 13.29 12.26 11.97 12.92 12.41 12.26 12.63 12.05 11.97 12.12 10.80 9.42 9.56 8.25 8.32 7.88 7.88 8.47 7.96 7.81 8.25 7.45 7.01 5.69
8.91 8.91 8.25 8.40 8.03 4.96 4.02 6.13 5.62 6.94 8.10 9.20 8.61 8.32 7.23 6.50 8.10 6.57 6.79 6.50 6.35 6.28 5.91 6.13 7.88 6.20 6.20 5.40 5.55 6.72 7.45 8.54 8.76 9.64 10.73 9.05 6.72 7.37 7.37 6.13 4.82 5.11 7.52 8.54 8.40 8.83 10.07 8.61 7.66 8.03 8.40 8.40 9.56 10.22 11.97 11.68 12.56 12.99 13.36 13.29 13.65 12.56 12.63 12.56 12.70 12.41 12.56 11.24 12.05 12.05 10.80 7.59 8.25 8.18 9.20 9.20 9.20 8.98 8.69 8.76 8.98 7.74 7.59 7.74
8.91 8.91 8.25 8.40 8.03 4.96 4.02 6.13 5.62 6.94 8.10 9.20 8.61 8.32 7.23 6.50 8.10 6.57 6.79 6.50 6.35 6.28 5.91 6.13 7.88 6.20 6.20 5.40 5.55 6.72 7.45 8.54 8.76 9.64 10.73 9.05 6.72 7.37 7.37 6.13 4.82 5.11 7.52 8.54 8.40 8.83 10.07 8.61 7.66 8.03 8.40 8.40 9.56 10.22 11.97 11.68 12.56 12.99 13.36 13.29 13.65 12.56 12.63 12.56 12.70 12.41 12.56 11.24 12.05 12.05 10.80 7.59 8.25 8.18 9.20 9.20 9.20 8.98 8.69 8.76 8.98 7.74 7.59 7.74
8.10 8.10 7.88 7.01 5.77 6.64 3.80 5.04 6.06 7.81 8.10 9.20 9.34 9.42 7.08 7.23 6.13 7.66 6.86 7.59 7.45 8.91 7.15 8.03 8.32 6.94 6.94 7.88 6.64 6.79 6.35 8.83 9.34 10.00 10.59 8.83 8.18 7.66 7.52 6.57 6.50 8.61 8.25 8.98 9.42 9.64 9.56 9.34 8.32 9.93 9.78 9.78 10.00 10.15 10.66 12.26 12.26 12.19 13.29 12.63 11.90 12.19 10.66 11.97 11.97 10.88 10.80 11.10 9.64 8.83 7.88 8.10 8.47 9.42 9.20 8.76 8.76 9.71 9.56 8.91 7.88 7.59 8.10 6.20
7.37 7.37 7.96 6.42 6.57 6.13 4.74 5.69 6.06 7.01 6.57 8.83 8.25 9.78 10.51 8.91 7.96 8.03 7.88 8.47 11.02 11.10 9.86 9.34 11.83 10.80 10.80 9.78 10.73 9.34 9.20 9.49 9.20 9.42 8.54 6.13 6.86 5.62 7.66 9.78 9.42 9.86 8.76 10.22 10.80 10.66 10.80 11.68 11.75 10.29 10.07 10.07 10.29 10.66 10.29 12.19 11.97 12.12 12.41 11.39 10.22 10.15 9.64 10.88 10.51 10.88 10.22 9.13 9.56 9.27 8.98 8.98 9.13 8.69 8.98 10.00 10.00 9.64 9.56 9.56 8.40 7.96 6.94 6.72
4.31 4.31 4.89 5.62 7.01 5.40 6.28 5.62 5.40 7.81 7.52 8.47 9.78 10.15 10.88 7.23 8.76 7.96 9.34 11.17 11.02 11.53 11.32 11.83 13.14 13.29 13.29 11.97 12.26 11.02 11.10 11.39 10.37 10.44 9.49 7.52 5.11 10.80 11.97 11.53 12.48 12.19 12.70 12.41 11.46 12.78 13.58 12.78 12.70 11.61 11.90 11.90 10.51 11.32 11.61 11.46 11.83 10.15 8.98 9.34 9.71 10.88 10.22 9.93 11.17 10.37 10.37 8.61 8.25 7.23 7.30 6.64 7.96 7.96 8.40 9.20 9.20 9.71 9.71 8.18 8.40 8.18 7.30 5.33
0.00 0.00 4.53 5.40 5.26 5.26 5.84 6.50 6.64 6.13 8.83 10.66 10.80 9.93 9.49 8.76 7.01 6.79 8.61 11.24 12.05 12.19 11.97 11.97 10.95 10.73 10.73 11.24 12.12 12.05 9.93 10.00 10.51 10.07 12.05 12.41 9.42 12.70 12.78 11.53 12.12 12.92 13.29 12.34 13.65 13.29 14.53 13.65 12.78 12.34 11.32 11.32 11.32 10.73 10.88 9.56 9.78 9.42 10.00 10.66 10.22 10.66 9.78 9.20 8.47 9.64 8.83 8.69 8.18 7.52 6.64 6.79 5.48 7.52 7.30 8.61 8.61 8.47 7.23 7.15 8.25 6.94 7.37 4.67
2.04 2.04 4.60 3.72 5.62 5.91 7.01 7.59 7.23 7.88 7.96 9.71 9.93 8.18 8.91 7.81 8.10 6.79 10.07 12.34 13.80 14.31 13.21 10.88 10.29 10.07 10.07 10.51 10.00 9.64 9.49 9.34 7.30 9.42 11.46 10.80 11.02 9.86 10.07 9.56 10.66 10.88 9.71 11.10 12.41 8.47 10.07 9.78 12.41 10.22 10.80 10.80 9.56 9.93 9.13 9.20 9.34 9.78 9.56 10.07 9.34 10.15 6.86 7.08 6.28 6.13 6.86 7.15 5.48 6.06 5.48 5.33 5.33 4.67 4.38 7.08 7.08 7.23 6.42 5.62 5.04 5.04 4.09 3.29
2.04 2.04 4.60 3.72 5.62 5.91 7.01 7.59 7.23 7.88 7.96 9.71 9.93 8.18 8.91 7.81 8.10 6.79 10.07 12.34 13.80 14.31 13.21 10.88 10.29 10.07 10.07 10.51 10.00 9.64 9.49 9.34 7.30 9.42 11.46 10.80 11.02 9.86 10.07 9.56 10.66 10.88 9.71 11.10 12.41 8.47 10.07 9.78 12.41 10.22 10.80 10.80 9.56 9.93 9.13 9.20 9.34 9.78 9.56 10.07 9.34 10.15 6.86 7.08 6.28 6.13 6.86 7.15 5.48 6.06 5.48 5.33 5.33 4.67 4.38 7.08 7.08 7.23 6.42 5.62 5.04 5.04 4.09 3.29
0.44 0.44 2.26 4.89 6.35 7.01 7.45 6.86 6.13 6.06 6.86 7.88 8.47 9.13 9.49 9.05 9.71 11.75 14.24 13.51 12.12 11.90 13.51 9.34 7.59 8.69 8.69 10.00 10.80 10.15 7.23 5.84 5.84 7.01 7.96 8.18 8.47 7.88 7.66 7.96 8.91 9.56 9.05 9.93 8.47 7.45 7.96 8.69 10.95 10.44 10.88 10.88 8.69 7.96 8.10 7.96 9.34 10.29 9.56 9.56 6.79 6.72 6.42 5.77 5.84 5.62 5.55 5.77 4.60 4.45 4.67 4.60 3.94 4.09 3.36 0.00 0.00 0.00 5.48 4.53 4.67 4.74 3.94 0.00
2.26 2.26 3.43 4.60 6.42 6.79 7.52 6.86 5.40 5.26 4.23 5.84 6.86 10.07 8.18 7.66 8.32 10.29 6.86 8.76 8.40 9.13 6.28 8.61 6.79 8.61 8.61 9.13 7.96 8.40 7.30 6.57 7.30 8.40 7.81 6.42 6.13 7.30 6.94 8.83 9.20 9.13 8.76 9.56 9.20 9.05 9.05 9.42 11.46 9.93 8.40 8.40 9.05 7.15 8.54 7.96 8.69 9.05 7.74 6.79 6.79 6.28 6.20 5.91 4.82 6.42 6.94 7.01 5.77 4.31 5.04 4.89 4.38 3.43 0.00 0.00 0.00 0.00 0.00 0.00 3.94 3.65 2.85 3.07
3.65 3.65 3.65 3.36 4.23 3.65 5.91 4.67 5.18 4.09 2.77 4.45 7.23 6.42 5.69 6.13 6.06 3.87 4.74 5.77 4.60 6.79 6.20 6.57 5.55 7.45 7.45 8.10 7.66 8.54 8.25 7.81 8.32 7.59 5.77 3.65 5.04 6.06 7.08 8.76 8.91 8.61 9.42 10.73 9.56 8.83 9.05 9.86 7.23 9.42 7.74 7.74 7.66 7.45 8.25 8.40 9.27 9.20 7.88 6.64 8.69 8.69 7.08 6.42 8.76 6.72 7.45 6.79 5.77 5.26 5.26 5.48 5.26 3.72 3.29 2.70 2.70 2.92 0.00 0.00 3.36 3.65 3.65 4.45
4.23 4.23 3.58 2.34 2.41 1.02 4.09 4.23 6.20 4.31 6.86 6.86 6.06 6.35 3.65 3.58 2.12 2.48 2.48 3.80 0.00 5.69 6.94 7.30 7.23 7.96 7.96 8.54 8.32 7.66 7.45 7.45 7.30 4.74 4.82 6.50 7.30 7.15 7.74 8.47 8.18 8.40 8.83 9.20 8.69 8.03 6.13 6.50 6.28 7.08 6.50 6.50 7.08 6.79 6.79 7.74 8.03 8.91 8.61 10.07 9.42 8.18 8.98 8.69 9.71 8.91 8.54 7.52 6.42 4.74 4.96 5.55 6.28 4.45 4.82 4.02 4.02 4.02 3.94 3.87 3.36 3.94 3.94 4.31
0.00 0.00 0.37 0.37 0.00 0.00 4.38 5.91 7.81 4.82 6.13 7.59 6.42 5.69 3.87 0.00 0.00 4.67 0.00 0.00 0.00 0.00 8.03 7.74 7.37 7.52 7.52 6.50 6.42 6.20 6.35 5.04 4.31 4.16 5.48 6.86 5.18 5.69 7.01 0.00 8.10 7.23 7.45 7.37 7.37 6.28 6.42 5.99 6.57 6.57 6.79 6.79 6.13 5.77 7.23 7.59 6.86 9.71 9.05 9.05 9.05 8.03 6.64 9.86 9.86 8.83 8.03 7.01 7.30 4.96 4.89 4.45 5.77 4.45 4.31 4.16 4.16 4.16 5.55 4.45 4.02 5.04 4.31 4.60
0.00 0.00 0.37 0.37 0.00 0.00 4.38 5.91 7.81 4.82 6.13 7.59 6.42 5.69 3.87 0.00 0.00 4.67 0.00 0.00 0.00 0.00 8.03 7.74 7.37 7.52 7.52 6.50 6.42 6.20 6.35 5.04 4.31 4.16 5.48 6.86 5.18 5.69 7.01 0.00 8.10 7.23 7.45 7.37 7.37 6.28 6.42 5.99 6.57 6.57 6.79 6.79 6.13 5.77 7.23 7.59 6.86 9.71 9.05 9.05 9.05 8.03 6.64 9.86 9.86 8.83 8.03 7.01 7.30 4.96 4.89 4.45 5.77 4.45 4.31 4.16 4.16 4.16 5.55 4.45 4.02 5.04 4.31 4.60
0.00 0.00 0.00 0.00 0.00 0.00 1.46 6.50 9.20 4.38 5.77 6.86 5.69 6.20 4.45 3.87 4.89 5.33 4.96 0.00 0.00 0.00 0.00 8.10 6.57 5.91 5.91 5.99 6.28 4.89 3.50 3.29 3.50 3.36 4.60 5.26 4.82 4.74 0.00 0.00 6.57 6.64 6.13 6.57 7.30 7.30 6.13 7.74 6.35 7.23 6.13 6.13 5.99 5.48 5.11 6.50 7.37 7.01 7.96 5.91 5.99 6.35 5.11 4.23 7.66 7.74 5.91 6.20 6.35 6.86 4.89 4.45 2.92 4.31 3.36 4.38 4.38 4.23 4.89 6.57 7.52 7.81 6.72 5.18
0.00 0.00 0.00 0.80 0.58 2.56 6.72 11.39 10.44 9.78 8.25 6.72 5.62 4.23 4.89 4.53 4.60 4.67 4.74 0.00 5.55 0.00 0.00 4.45 5.40 5.04 5.04 4.82 4.45 4.23 4.09 3.58 3.58 3.36 4.38 4.82 4.16 4.16 5.33 5.26 5.48 6.42 5.55 6.06 7.08 7.23 7.74 7.88 7.45 6.94 6.28 6.28 4.16 4.53 4.38 6.06 5.40 4.67 5.69 5.77 3.58 3.58 3.87 0.00 4.45 4.74 4.53 5.11 4.53 4.67 4.74 4.82 3.43 1.53 2.04 0.00 0.00 4.23 6.86 6.42 7.74 8.61 8.91 8.76
0.00 0.00 0.00 0.00 3.43 4.23 10.00 6.79 5.18 7.74 6.79 4.96 4.09 3.65 4.02 3.94 2.85 4.02 4.45 4.31 0.00 0.00 2.48 3.21 4.09 3.07 3.07 3.43 3.36 3.94 3.72 3.36 3.65 4.23 0.00 0.00 0.00 0.00 0.00 4.38 0.00 4.45 4.31 5.55 6.28 6.28 7.30 6.06 6.72 6.50 5.48 5.48 3.87 4.31 4.60 4.53 4.89 4.53 0.00 0.00 0.00 0.00 0.00 0.00 0.00 2.92 3.58 3.58 2.77 1.97 3.94 4.09 3.21 1.75 0.22 0.58 0.58 0.00 5.55 7.37 7.23 7.59 10.07 9.34
0.00 0.00 0.00 0.00 2.34 5.04 5.40 5.11 3.80 7.23 5.26 4.89 4.67 4.31 3.58 4.31 2.85 2.56 2.34 1.39 0.00 0.00 0.00 2.19 2.34 2.41 2.41 3.43 3.87 4.45 4.38 3.65 0.00 4.60 0.00 0.00 0.00 0.00 0.00 0.00 0.00 0.00 0.00 4.16 3.80 6.06 5.40 5.11 5.40 0.00 0.00 0.00 3.58 0.00 4.31 3.14 3.21 0.00 0.00 0.00 0.00 0.00 0.00 0.00 0.00 0.00 1.39 1.31 0.37 0.00 0.00 0.51 0.00 0.29 0.00 0.00 0.00 0.00 0.00 1.61 3.29 4.38 7.74 8.83
0.00 0.00 0.00 0.00 0.00 0.00 0.00 0.00 3.65 3.50 4.31 4.67 4.60 5.62 4.45 4.89 3.14 3.29 1.31 0.00 0.00 0.00 0.80 1.75 1.39 0.00 0.00 2.77 0.00 3.72 3.14 3.14 0.00 0.00 0.00 0.00 0.00 0.00 0.00 0.00 0.00 0.00 0.00 0.00 4.89 4.82 4.89 4.38 3.94 0.00 0.00 0.00 0.00 0.00 0.00 0.00 0.00 0.00 0.00 0.00 0.00 0.00 0.00 0.00 0.00 0.00 0.00 0.00 0.00 0.00 0.00 0.00 0.00 0.00 0.00 0.00 0.00 0.00 0.95 0.29 1.68 2.92 3.21 1.68
0.00 0.00 0.00 0.00 0.00 0.00 0.00 0.00 0.00 3.14 3.87 5.33 6.06 4.96 4.38 3.29 2.48 1.02 1.53 0.15 1.53 1.53 0.00 0.00 1.68 0.00 0.00 0.00 0.00 0.00 3.29 0.00 0.00 0.00 0.00 0.00 0.00 0.00 0.00 3.80 0.00 3.29 0.00 3.87 0.00 4.82 5.18 0.00 0.00 0.00 0.00 0.00 0.00 0.00 0.00 0.00 0.00 0.00 0.00 0.00 0.00 0.00 0.00 0.00 0.00 0.00 0.00 0.00 0.00 0.00 0.00 0.00 0.00 0.00 0.00 0.00 0.00 0.00 2.19 3.14 3.65 3.65 3.72 2.26
0.00 0.00 0.00 0.00 0.00 0.00 0.00 0.00 0.00 3.14 3.87 5.33 6.06 4.96 4.38 3.29 2.48 1.02 1.53 0.15 1.53 1.53 0.00 0.00 1.68 0.00 0.00 0.00 0.00 0.00 3.29 0.00 0.00 0.00 0.00 0.00 0.00 0.00 0.00 3.80 0.00 3.29 0.00 3.87 0.00 4.82 5.18 0.00 0.00 0.00 0.00 0.00 0.00 0.00 0.00 0.00 0.00 0.00 0.00 0.00 0.00 0.00 0.00 0.00 0.00 0.00 0.00 0.00 0.00 0.00 0.00 0.00 0.00 0.00 0.00 0.00 0.00 0.00 2.19 3.14 3.65 3.65 3.72 2.26
0.00 0.00 0.00 0.00 0.00 0.00 0.00 3.07 3.87 3.72 4.67 4.96 4.74 4.31 3.07 3.72 2.41 0.73 0.00 0.00 0.00 0.00 1.24 0.00 0.00 0.00 0.00 0.00 1.90 3.87 4.53 4.53 0.00 0.00 0.00 0.00 0.00 0.00 0.00 3.14 3.50 3.50 3.43 4.38 0.00 0.00 0.00 0.00 0.00 0.00 0.00 0.00 0.00 0.00 0.00 0.00 0.00 0.00 0.00 0.00 0.00 0.00 0.00 0.00 0.00 0.00 0.00 0.00 0.00 0.00 0.00 0.00 0.00 0.00 0.00 0.00 0.00 0.00 0.00 4.53 5.11 6.79 6.79 6.86
