Wansh/Snow_depth/snowdepth-1991/winter/1992040.txt
ncols 321
nrows 161
xllcenter 60
yllcenter 15 
cellsize  0.25 
NODATA_value -1
[rows 0 to 36 of 161, columns 0 to 83 of 321]
11.61 11.61 11.46 13.43 15.70 15.48 17.08 18.47 19.20 19.71 18.91 19.27 16.50 18.47 18.32 18.03 19.05 19.27 18.25 19.42 19.49 18.98 18.83 20.29 18.54 18.32 18.32 16.64 19.27 19.35 19.27 18.83 17.81 17.59 17.81 17.45 17.37 17.23 17.96 18.03 18.47 17.89 18.03 16.79 15.33 15.40 15.33 17.89 15.84 17.16 18.25 18.25 17.16 17.30 17.59 20.88 20.15 22.48 20.95 22.85 22.63 20.44 20.22 20.00 21.02 20.59 20.95 19.13 17.67 17.23 16.94 19.42 20.66 20.44 21.75 22.05 22.05 23.00 22.41 22.05 21.61 21.61 21.39 21.39
13.29 13.29 13.51 13.72 15.33 15.55 15.04 17.45 17.08 18.83 16.57 16.13 16.28 16.79 16.94 17.16 15.62 17.01 17.37 15.04 17.96 17.89 16.13 16.06 16.35 15.48 15.48 15.62 14.31 14.67 17.16 16.72 14.82 15.18 14.60 16.79 16.72 16.94 16.72 16.43 16.13 16.28 14.67 16.28 14.60 14.02 14.16 14.31 16.06 15.62 16.64 16.64 16.72 15.62 16.06 15.48 17.67 18.91 18.54 19.13 19.49 19.42 18.98 16.79 18.25 17.59 18.47 17.59 17.74 16.79 17.16 18.83 20.37 20.29 20.59 21.90 21.90 22.41 21.46 22.34 21.02 21.10 21.24 21.32
12.26 12.26 11.24 12.85 12.12 14.53 14.97 14.60 16.28 15.99 16.35 15.99 16.43 16.64 14.31 15.11 15.48 14.31 13.94 14.09 13.43 12.56 14.45 13.65 14.09 14.16 14.16 13.43 13.58 13.58 12.48 12.78 13.51 12.48 12.63 12.41 11.24 11.32 14.75 14.53 15.04 14.38 14.67 13.94 14.09 14.02 13.29 12.26 12.12 11.97 9.86 9.86 9.86 10.29 12.85 12.85 13.87 13.58 13.58 14.75 16.28 15.99 17.01 16.72 17.30 19.35 18.98 18.98 18.76 18.61 18.91 18.40 18.91 20.08 19.35 20.44 20.44 20.22 19.78 21.46 20.08 20.00 17.67 18.03
12.26 12.26 11.24 12.85 12.12 14.53 14.97 14.60 16.28 15.99 16.35 15.99 16.43 16.64 14.31 15.11 15.48 14.31 13.94 14.09 13.43 12.56 14.45 13.65 14.09 14.16 14.16 13.43 13.58 13.58 12.48 12.78 13.51 12.48 12.63 12.41 11.24 11.32 14.75 14.53 15.04 14.38 14.67 13.94 14.09 14.02 13.29 12.26 12.12 11.97 9.86 9.86 9.86 10.29 12.85 12.85 13.87 13.58 13.58 14.75 16.28 15.99 17.01 16.72 17.30 19.35 18.98 18.98 18.76 18.61 18.91 18.40 18.91 20.08 19.35 20.44 20.44 20.22 19.78 21.46 20.08 20.00 17.67 18.03
10.07 10.07 10.51 10.37 11.83 11.17 15.40 16.35 15.77 15.70 15.77 15.84 14.67 13.72 14.09 14.24 14.89 14.67 15.62 14.16 13.36 12.63 14.38 13.72 14.31 12.85 12.85 13.65 10.59 10.88 11.10 10.59 10.29 10.80 9.20 9.05 8.47 7.88 7.88 7.45 7.45 7.45 8.54 12.63 13.80 13.65 13.94 11.75 11.02 11.24 9.34 9.34 7.81 7.52 10.88 12.63 12.19 12.41 12.26 14.16 13.51 16.64 18.91 18.18 20.22 19.64 20.22 20.37 18.32 18.61 18.47 17.74 18.83 19.05 18.40 20.00 20.00 18.69 18.69 18.03 17.81 18.10 17.01 17.01
11.10 11.10 9.56 9.64 12.26 15.40 15.04 16.06 15.11 14.82 14.67 14.45 14.97 15.55 14.09 15.26 15.04 16.06 15.33 15.70 15.40 13.51 15.26 15.91 16.21 13.36 13.36 10.37 11.02 9.42 11.75 10.15 11.90 11.68 11.17 9.20 9.71 5.99 5.91 5.62 6.13 6.28 6.06 8.54 11.32 10.80 11.24 9.86 10.15 8.54 6.06 6.06 6.57 6.50 9.13 8.47 10.80 12.41 12.41 13.51 16.50 15.91 18.61 19.35 20.95 20.81 20.29 18.98 17.30 18.03 18.10 17.08 18.32 18.32 17.45 18.76 18.76 19.78 19.49 18.18 18.03 17.96 18.25 18.32
12.48 12.48 12.05 15.33 15.40 15.18 16.57 16.06 15.70 14.82 15.70 15.70 15.84 13.80 13.80 15.55 16.86 16.86 17.52 16.43 16.57 17.74 16.86 16.86 15.18 16.35 16.35 13.07 9.78 9.71 12.19 14.09 13.87 12.85 10.66 11.02 8.91 8.91 9.64 8.47 8.18 7.96 9.34 7.30 10.00 10.88 10.73 9.93 8.76 8.83 7.74 7.74 6.28 6.28 8.32 11.17 12.41 12.56 14.60 15.55 15.26 16.72 19.35 17.81 18.18 19.42 18.76 16.72 13.80 14.75 14.60 14.97 13.87 15.18 15.18 14.89 14.89 16.57 16.64 16.43 17.23 18.47 18.83 18.54
12.48 12.48 12.05 15.33 15.40 15.18 16.57 16.06 15.70 14.82 15.70 15.70 15.84 13.80 13.80 15.55 16.86 16.86 17.52 16.43 16.57 17.74 16.86 16.86 15.18 16.35 16.35 13.07 9.78 9.71 12.19 14.09 13.87 12.85 10.66 11.02 8.91 8.91 9.64 8.47 8.18 7.96 9.34 7.30 10.00 10.88 10.73 9.93 8.76 8.83 7.74 7.74 6.28 6.28 8.32 11.17 12.41 12.56 14.60 15.55 15.26 16.72 19.35 17.81 18.18 19.42 18.76 16.72 13.80 14.75 14.60 14.97 13.87 15.18 15.18 14.89 14.89 16.57 16.64 16.43 17.23 18.47 18.83 18.54
14.38 14.38 16.13 16.35 16.13 15.91 16.79 15.40 16.28 14.67 15.04 13.65 13.36 13.80 15.04 14.75 17.59 16.86 17.30 15.11 18.18 17.67 19.05 18.18 17.96 15.04 15.04 15.70 14.45 14.53 13.87 14.97 13.21 13.58 12.92 13.72 11.90 11.46 10.00 10.44 9.64 11.68 11.39 12.85 13.51 13.80 11.61 11.53 11.83 11.90 11.61 11.61 12.19 9.78 10.66 10.15 12.78 14.53 16.94 14.67 16.28 15.70 16.72 16.35 17.23 15.26 15.77 14.67 13.36 12.99 11.75 11.32 10.59 12.92 13.14 14.24 14.24 13.43 13.94 14.75 13.80 15.11 14.75 17.08
15.84 15.84 15.77 15.11 15.62 14.24 16.28 14.53 14.09 14.67 12.63 12.26 12.78 12.70 14.67 15.04 14.45 15.91 13.94 14.24 14.24 17.67 17.74 17.08 16.06 16.06 16.06 15.70 17.67 17.16 16.06 13.07 14.31 12.78 12.56 13.58 13.29 13.14 12.12 12.34 13.14 13.51 14.75 14.75 14.67 11.83 12.34 11.83 11.53 13.14 12.34 12.34 13.29 13.14 12.85 12.85 13.80 17.37 16.72 16.94 14.60 12.99 12.99 13.58 14.45 13.07 13.51 13.36 13.58 12.34 11.39 11.75 11.90 11.46 11.97 12.63 12.63 11.17 12.05 11.10 11.17 12.85 11.39 12.48
13.51 13.51 14.16 14.24 15.48 12.05 13.21 13.58 12.05 11.90 10.66 11.17 12.05 11.68 11.02 12.41 12.05 11.61 12.99 13.43 13.29 13.58 15.11 14.97 15.18 13.58 13.58 13.80 16.21 15.33 15.70 12.12 10.15 10.00 10.00 10.15 12.05 11.53 11.83 11.90 12.19 14.02 13.43 15.26 14.09 14.24 14.24 12.26 12.48 13.29 13.72 13.72 13.51 15.04 14.60 17.59 14.67 14.24 17.59 14.75 15.18 13.65 12.34 12.19 12.05 10.95 9.34 11.68 11.02 10.07 10.22 13.14 10.95 10.95 12.05 11.02 11.02 10.66 10.80 11.10 11.32 11.83 11.02 11.83
13.51 13.51 14.16 14.24 15.48 12.05 13.21 13.58 12.05 11.90 10.66 11.17 12.05 11.68 11.02 12.41 12.05 11.61 12.99 13.43 13.29 13.58 15.11 14.97 15.18 13.58 13.58 13.80 16.21 15.33 15.70 12.12 10.15 10.00 10.00 10.15 12.05 11.53 11.83 11.90 12.19 14.02 13.43 15.26 14.09 14.24 14.24 12.26 12.48 13.29 13.72 13.72 13.51 15.04 14.60 17.59 14.67 14.24 17.59 14.75 15.18 13.65 12.34 12.19 12.05 10.95 9.34 11.68 11.02 10.07 10.22 13.14 10.95 10.95 12.05 11.02 11.02 10.66 10.80 11.10 11.32 11.83 11.02 11.83
12.34 12.34 11.17 10.73 10.80 10.44 10.66 11.24 11.53 10.15 10.66 10.00 9.42 9.64 10.29 10.15 10.80 12.26 12.12 14.82 13.58 13.87 11.83 10.73 13.43 12.05 12.05 11.90 10.88 11.39 10.73 10.88 9.78 9.64 9.49 9.71 10.59 10.22 11.32 10.80 10.66 12.63 11.53 14.02 13.72 13.72 14.02 13.36 12.78 14.97 15.33 15.33 16.35 18.76 18.83 18.91 18.61 18.47 19.93 17.23 15.70 12.85 11.97 13.72 10.44 11.32 9.56 11.61 9.86 10.80 9.64 10.73 11.10 11.90 11.75 11.53 11.53 13.58 13.21 13.36 13.51 12.85 11.68 11.24
10.80 10.80 10.66 10.44 10.29 10.00 9.93 10.15 9.05 9.49 8.18 9.05 9.86 9.42 11.32 12.70 12.78 13.43 14.89 14.60 12.63 11.39 11.68 10.07 10.44 10.29 10.29 10.00 10.80 10.59 10.73 10.95 10.88 9.56 9.93 9.86 10.80 11.90 11.90 11.53 10.59 10.88 10.88 10.73 12.05 11.97 11.90 12.78 12.41 14.97 15.26 15.26 17.01 16.43 18.32 21.39 22.19 21.75 22.12 18.83 18.61 15.91 15.48 15.33 17.52 14.82 10.88 14.97 10.15 11.75 11.53 11.53 11.17 12.85 12.92 12.26 12.26 14.16 15.04 15.33 14.67 13.51 12.34 12.12
10.15 10.15 10.29 10.44 10.66 10.73 10.07 10.59 8.25 8.54 8.10 8.40 9.71 11.10 11.24 12.78 13.36 13.07 13.80 12.92 12.99 12.56 11.10 10.37 10.37 10.66 10.66 10.80 11.02 10.95 11.02 11.02 11.39 10.44 11.61 10.88 11.90 12.12 11.24 10.80 10.15 9.93 10.37 10.44 11.68 12.92 14.75 13.43 13.80 15.26 14.24 14.24 14.45 17.96 21.46 20.73 22.41 23.58 22.78 20.37 20.66 19.20 19.49 19.71 19.35 19.35 16.28 14.38 17.96 14.38 11.68 12.78 12.56 12.70 13.72 12.48 12.48 14.75 15.55 15.62 15.26 14.89 14.09 11.83
9.93 9.93 9.78 10.51 9.86 10.22 9.05 8.32 8.10 8.47 8.47 8.47 8.76 10.29 11.53 11.17 13.43 14.67 14.89 14.24 13.80 14.02 12.92 11.46 10.07 10.29 10.29 9.56 9.86 10.37 9.86 9.27 11.97 10.22 9.78 9.64 11.68 11.10 11.46 10.95 11.32 12.41 12.19 13.43 15.11 14.60 15.18 13.36 13.65 13.29 15.18 15.18 17.59 20.66 23.00 22.92 23.65 22.63 21.97 20.81 21.10 20.37 17.81 18.47 19.93 19.13 16.94 18.47 18.91 17.45 15.91 13.51 13.94 12.41 16.57 15.55 15.55 15.77 15.18 15.48 13.07 14.02 13.14 11.83
9.93 9.93 9.78 10.51 9.86 10.22 9.05 8.32 8.10 8.47 8.47 8.47 8.76 10.29 11.53 11.17 13.43 14.67 14.89 14.24 13.80 14.02 12.92 11.46 10.07 10.29 10.29 9.56 9.86 10.37 9.86 9.27 11.97 10.22 9.78 9.64 11.68 11.10 11.46 10.95 11.32 12.41 12.19 13.43 15.11 14.60 15.18 13.36 13.65 13.29 15.18 15.18 17.59 20.66 23.00 22.92 23.65 22.63 21.97 20.81 21.10 20.37 17.81 18.47 19.93 19.13 16.94 18.47 18.91 17.45 15.91 13.51 13.94 12.41 16.57 15.55 15.55 15.77 15.18 15.48 13.07 14.02 13.14 11.83
10.80 10.80 11.02 10.29 11.10 9.78 9.78 8.54 10.66 10.66 9.78 11.24 14.24 10.95 13.29 16.94 16.50 16.35 17.45 17.59 17.59 13.43 12.48 12.63 12.70 9.49 9.49 9.86 9.27 9.34 9.56 9.05 9.64 9.64 10.00 8.18 10.15 11.10 11.61 11.53 12.19 12.92 13.51 13.51 13.94 14.60 12.85 14.38 11.97 13.14 15.26 15.26 15.33 19.13 23.14 23.07 22.70 23.43 22.27 21.24 18.61 18.03 17.89 16.21 16.86 16.06 17.67 15.91 17.08 16.21 16.28 15.18 16.64 14.16 14.97 15.84 15.84 13.14 12.78 11.90 11.53 12.34 11.39 11.32
11.68 11.68 12.78 11.02 12.56 10.29 11.75 11.83 12.19 12.05 12.26 12.63 14.97 16.43 15.18 17.74 17.52 17.37 18.18 18.25 17.16 17.59 15.84 14.89 15.62 10.80 10.80 7.59 8.18 8.32 9.42 9.34 10.15 11.02 8.76 9.93 8.25 12.56 11.24 15.04 15.48 14.60 14.75 13.94 12.56 12.56 12.56 13.29 13.72 13.51 14.82 14.82 15.70 18.10 20.51 21.32 22.48 20.88 20.37 18.25 18.10 18.03 17.74 17.16 17.37 14.89 15.18 15.62 15.40 13.43 15.70 16.50 16.86 16.57 14.53 14.45 14.45 13.21 12.48 11.02 10.59 11.61 10.00 10.80
11.32 11.32 12.63 12.63 12.63 12.78 12.41 11.90 12.34 12.34 14.24 14.97 14.75 15.04 14.24 16.72 16.94 18.61 18.54 18.91 17.37 17.45 17.45 13.80 10.80 12.05 12.05 8.47 9.20 8.25 10.29 12.85 14.53 11.68 12.05 10.37 10.22 14.02 16.28 15.84 17.89 15.70 16.06 16.28 14.38 13.36 15.04 13.65 14.53 15.33 15.26 15.26 15.62 15.18 17.45 16.79 18.83 20.08 18.98 19.35 19.86 18.32 18.47 18.83 18.03 13.43 15.70 11.53 11.39 12.19 11.90 10.07 11.61 12.12 13.80 12.19 12.19 12.26 9.27 9.71 9.78 11.10 10.22 9.86
9.71 9.71 12.05 13.07 12.85 13.21 13.14 13.07 13.51 13.72 13.65 12.26 12.92 12.99 12.41 14.16 15.55 18.25 18.18 16.79 18.18 16.21 13.36 13.87 10.15 9.71 9.71 8.98 8.32 10.80 12.12 11.90 13.58 16.50 15.84 18.54 17.52 16.43 16.28 15.84 14.24 15.18 14.60 16.50 16.21 16.06 16.06 14.60 14.82 14.67 14.67 14.67 13.21 12.26 14.97 14.60 15.04 15.48 16.43 17.96 17.01 17.89 17.67 17.59 14.53 12.12 11.68 11.39 11.39 10.59 10.51 10.59 11.10 12.05 11.39 11.17 11.17 11.10 10.66 10.88 11.02 10.00 10.37 8.61
10.73 10.73 12.70 12.48 13.43 13.43 13.51 13.51 13.21 11.32 11.83 12.19 11.97 12.70 12.05 15.26 18.32 16.50 18.40 16.21 15.40 15.40 13.94 11.10 11.68 10.29 10.29 11.39 10.88 10.80 11.10 12.26 11.97 15.26 18.47 18.40 18.83 15.99 14.16 14.67 12.63 12.70 14.24 13.94 14.09 14.45 10.88 10.51 10.80 11.10 11.53 11.53 11.53 12.12 15.26 14.97 15.48 16.13 13.87 15.18 11.90 14.53 12.63 12.78 12.78 11.46 11.68 8.47 7.45 7.30 8.25 8.98 8.54 9.93 8.83 9.49 9.49 11.24 11.10 11.17 11.17 9.86 10.22 6.42
10.73 10.73 12.70 12.48 13.43 13.43 13.51 13.51 13.21 11.32 11.83 12.19 11.97 12.70 12.05 15.26 18.32 16.50 18.40 16.21 15.40 15.40 13.94 11.10 11.68 10.29 10.29 11.39 10.88 10.80 11.10 12.26 11.97 15.26 18.47 18.40 18.83 15.99 14.16 14.67 12.63 12.70 14.24 13.94 14.09 14.45 10.88 10.51 10.80 11.10 11.53 11.53 11.53 12.12 15.26 14.97 15.48 16.13 13.87 15.18 11.90 14.53 12.63 12.78 12.78 11.46 11.68 8.47 7.45 7.30 8.25 8.98 8.54 9.93 8.83 9.49 9.49 11.24 11.10 11.17 11.17 9.86 10.22 6.42
11.02 11.02 12.85 13.51 13.51 13.65 13.72 12.26 13.51 10.29 9.93 12.63 11.68 16.86 17.16 16.72 18.18 16.86 16.86 17.30 15.40 15.48 15.40 13.80 11.83 12.12 12.12 11.83 11.24 11.10 11.24 10.80 10.59 14.16 16.13 18.47 16.79 16.50 14.45 11.39 10.22 11.02 10.95 11.10 10.95 9.93 9.56 9.86 8.25 7.96 8.76 8.76 8.91 10.80 14.82 16.72 17.23 13.80 14.16 11.75 11.17 11.75 11.83 12.12 10.95 11.24 8.98 9.20 7.59 7.74 9.93 6.72 8.10 8.10 8.32 8.03 8.03 9.78 9.49 10.66 11.46 9.93 8.32 6.28
11.10 11.10 12.56 13.80 13.65 13.87 13.72 11.83 10.37 10.88 10.80 13.65 15.99 15.62 14.45 16.64 17.01 15.62 14.67 15.18 14.67 15.62 13.87 14.16 14.02 12.78 12.78 11.39 12.05 11.83 12.12 12.41 11.24 12.34 15.70 14.75 16.57 15.91 13.43 14.02 10.51 10.80 11.61 11.83 11.17 10.07 10.73 8.32 7.15 6.64 7.15 7.15 10.80 13.36 16.64 16.06 18.47 18.47 16.79 13.21 13.72 12.99 12.48 12.48 16.21 14.97 13.58 19.27 15.40 16.28 12.26 8.54 10.29 14.09 12.48 9.93 9.93 9.20 9.42 10.00 10.22 10.00 9.20 6.64
13.94 13.94 13.87 13.07 12.70 11.68 11.83 11.90 11.90 11.61 11.46 11.83 12.26 11.53 10.88 9.64 13.72 13.21 13.43 13.65 13.80 15.04 14.02 13.80 12.19 12.70 12.70 10.59 12.34 11.17 13.29 11.97 11.75 11.17 13.72 14.97 15.40 15.70 13.21 11.61 11.97 11.83 12.70 13.51 12.85 11.68 12.70 10.73 8.03 7.37 10.07 10.07 14.31 13.87 14.89 17.16 17.37 18.03 18.83 19.35 18.69 15.99 17.16 17.96 17.81 18.61 22.05 20.00 17.74 17.08 16.94 17.89 15.04 16.79 14.45 13.07 13.07 14.67 10.95 9.20 8.61 8.69 9.42 8.98
13.43 13.43 12.41 12.56 11.97 11.53 10.07 11.97 11.90 12.56 11.39 12.19 10.00 8.47 8.32 7.52 8.69 12.05 12.63 12.12 13.29 12.56 13.14 12.34 10.66 10.00 10.00 9.93 12.26 13.43 14.31 14.31 12.41 11.02 9.05 10.59 7.59 8.98 9.49 10.07 9.27 11.46 12.85 13.07 13.36 11.97 11.53 10.15 9.42 8.03 9.05 9.05 10.95 14.75 17.59 18.76 17.89 18.18 19.13 19.35 17.52 17.23 19.27 18.40 21.75 21.75 21.83 20.00 16.21 15.11 17.01 16.28 16.64 17.52 17.89 18.10 18.10 16.64 12.41 9.64 10.44 10.15 10.22 11.61
13.21 13.21 11.24 11.53 10.80 11.32 8.69 11.32 13.51 13.58 12.99 11.75 10.00 11.24 8.18 10.22 9.34 11.53 11.46 12.70 12.34 12.63 11.90 10.37 10.44 9.93 9.93 11.97 11.39 13.07 13.36 11.83 12.41 9.93 6.50 3.87 4.67 4.74 6.64 6.50 6.42 8.40 11.46 9.78 10.44 10.00 10.29 9.42 10.51 10.66 10.51 10.51 11.83 12.41 17.52 17.08 17.67 17.59 16.72 16.50 13.87 19.05 19.35 19.93 21.17 20.08 20.81 13.87 14.45 14.24 15.40 16.06 14.82 16.94 16.94 15.70 15.70 16.06 14.24 14.82 12.92 10.73 11.61 11.68
13.21 13.21 11.24 11.53 10.80 11.32 8.69 11.32 13.51 13.58 12.99 11.75 10.00 11.24 8.18 10.22 9.34 11.53 11.46 12.70 12.34 12.63 11.90 10.37 10.44 9.93 9.93 11.97 11.39 13.07 13.36 11.83 12.41 9.93 6.50 3.87 4.67 4.74 6.64 6.50 6.42 8.40 11.46 9.78 10.44 10.00 10.29 9.42 10.51 10.66 10.51 10.51 11.83 12.41 17.52 17.08 17.67 17.59 16.72 16.50 13.87 19.05 19.35 19.93 21.17 20.08 20.81 13.87 14.45 14.24 15.40 16.06 14.82 16.94 16.94 15.70 15.70 16.06 14.24 14.82 12.92 10.73 11.61 11.68
11.53 11.53 8.91 10.51 8.91 8.03 8.10 9.13 14.09 15.18 15.40 15.18 13.94 13.07 13.51 11.24 12.34 12.78 13.07 12.12 12.63 12.26 13.21 11.46 10.95 10.95 10.95 11.75 13.65 12.78 13.21 10.95 10.15 7.74 8.91 5.33 5.84 7.37 7.01 8.83 9.64 8.61 8.69 8.91 9.27 9.64 8.32 8.25 10.37 9.71 11.90 11.90 12.05 12.26 11.68 13.58 15.62 10.95 17.89 18.40 11.83 14.82 15.40 18.83 18.83 18.18 16.43 13.58 13.87 13.36 13.87 11.32 10.88 13.07 14.45 14.97 14.97 13.94 14.75 14.24 14.60 10.80 10.88 11.61
7.45 7.45 7.81 7.81 8.18 8.18 9.13 8.18 12.85 15.48 14.89 14.75 16.13 13.94 11.61 12.19 13.07 12.92 12.12 11.83 11.75 13.43 11.97 12.34 11.39 12.26 12.26 13.14 13.14 13.58 11.68 9.05 10.22 7.30 4.23 3.65 2.04 5.69 8.25 10.44 9.42 10.00 8.25 8.47 6.86 5.77 7.81 7.30 8.69 8.18 10.44 10.44 11.46 7.96 9.78 8.18 9.56 5.04 8.69 5.99 9.56 8.32 12.48 14.45 17.59 17.96 18.03 14.97 15.62 11.46 12.12 13.65 9.20 10.15 9.49 9.78 9.78 11.83 12.78 9.42 10.80 10.80 11.61 11.02
6.13 6.13 6.86 8.83 8.47 7.74 8.18 11.24 10.00 14.09 13.51 12.78 13.72 14.53 10.95 8.98 9.05 11.17 11.39 10.88 9.78 10.95 11.53 12.34 12.34 12.70 12.70 13.29 14.31 14.31 13.58 9.56 7.37 8.18 5.91 4.45 6.28 8.76 8.10 10.22 9.93 6.64 5.77 6.35 5.84 6.06 5.26 4.53 6.72 7.59 5.84 5.84 8.61 5.33 4.02 2.12 4.38 5.48 2.41 4.67 6.57 8.47 10.29 12.41 17.45 15.26 17.30 15.48 15.91 10.37 11.46 11.24 7.08 6.57 7.52 6.64 6.64 9.56 5.84 7.74 10.22 10.66 11.75 10.44
5.99 5.99 5.55 4.74 7.45 6.50 6.72 9.05 10.37 11.75 11.61 11.68 10.66 11.10 11.61 9.05 9.13 8.25 9.49 7.74 8.83 10.00 8.91 11.83 13.36 14.53 14.53 13.07 14.97 15.18 15.62 13.58 9.05 8.61 7.81 8.18 8.03 12.12 12.70 10.66 6.79 7.30 4.96 6.50 7.45 3.80 2.92 2.41 5.18 4.67 4.53 4.53 4.23 6.13 0.88 0.00 0.00 1.53 1.68 2.56 3.50 1.97 8.47 11.10 10.22 11.17 9.34 10.66 11.24 11.75 2.92 1.17 2.85 2.70 3.58 0.00 0.00 3.14 5.62 4.74 8.25 6.79 10.51 12.78
4.31 4.31 4.60 0.00 5.40 6.06 5.99 8.25 10.44 9.34 10.29 10.59 9.56 10.44 9.78 9.78 10.51 9.93 6.50 5.91 5.62 7.59 11.02 10.44 12.92 14.53 14.53 15.62 15.62 15.91 14.75 14.53 13.80 14.02 13.29 12.92 12.85 13.07 12.92 11.61 7.59 6.13 4.38 7.45 7.15 6.72 3.94 4.96 5.55 7.81 5.77 5.77 4.31 4.02 3.14 0.51 0.00 0.73 0.88 0.00 0.00 0.00 4.82 8.91 7.96 7.74 7.30 3.87 3.65 5.55 0.00 0.00 0.00 0.00 0.00 0.00 0.00 0.00 3.80 5.18 5.48 5.33 7.88 6.86
0.00 0.00 0.00 0.00 0.00 6.06 7.74 8.61 8.83 7.66 6.57 8.91 8.76 10.22 10.29 11.61 11.46 11.10 8.32 7.59 7.66 6.64 10.66 11.53 11.39 12.85 12.85 14.89 15.48 15.26 15.70 14.82 15.26 14.24 15.40 13.58 13.72 14.02 12.48 12.26 10.73 10.73 6.57 7.15 9.56 8.47 5.26 4.38 6.57 7.88 6.57 6.57 5.11 4.09 0.22 0.29 0.73 0.00 0.00 0.00 2.41 6.28 8.40 7.45 7.74 6.86 4.96 3.80 0.00 3.65 0.00 0.00 0.00 0.00 0.00 0.00 0.00 0.00 7.66 7.81 6.86 11.46 6.13 6.57
0.00 0.00 0.00 0.00 0.00 6.06 7.74 8.61 8.83 7.66 6.57 8.91 8.76 10.22 10.29 11.61 11.46 11.10 8.32 7.59 7.66 6.64 10.66 11.53 11.39 12.85 12.85 14.89 15.48 15.26 15.70 14.82 15.26 14.24 15.40 13.58 13.72 14.02 12.48 12.26 10.73 10.73 6.57 7.15 9.56 8.47 5.26 4.38 6.57 7.88 6.57 6.57 5.11 4.09 0.22 0.29 0.73 0.00 0.00 0.00 2.41 6.28 8.40 7.45 7.74 6.86 4.96 3.80 0.00 3.65 0.00 0.00 0.00 0.00 0.00 0.00 0.00 0.00 7.66 7.81 6.86 11.46 6.13 6.57
0.00 0.00 0.00 0.00 4.31 3.36 6.57 5.99 6.06 5.91 6.35 8.47 10.51 10.44 10.29 10.88 10.59 9.56 10.00 9.34 10.51 11.75 10.37 10.51 10.22 12.48 12.48 11.68 15.48 16.06 14.45 15.04 14.45 13.72 12.56 14.31 14.89 13.65 14.53 13.07 12.41 10.22 12.78 11.83 12.12 10.88 8.54 5.11 3.80 5.04 6.50 6.50 6.86 7.74 5.18 0.44 0.00 0.00 0.00 0.00 0.00 5.26 7.08 6.94 0.00 3.80 3.65 2.99 0.00 0.00 0.00 2.56 3.14 3.80 3.72 10.07 10.07 11.24 10.95 10.44 15.40 15.62 13.43 11.83
