Wansh/Snow_depth/snowdepth-1991/winter/1992023.txt
ncols 321
nrows 161
xllcenter 60
yllcenter 15 
cellsize  0.25 
NODATA_value -1
[rows 0 to 36 of 161, columns 84 to 167 of 321]
15.55 16.06 15.77 15.33 7.96 7.45 7.45 7.45 7.45 6.42 8.18 8.32 8.03 10.00 11.39 8.61 10.80 10.22 10.22 12.78 10.95 10.00 10.66 7.30 0.00 0.00 0.00 0.00 0.00 0.00 0.00 0.00 5.11 7.45 6.64 10.07 9.78 9.49 9.56 6.42 6.86 6.35 4.53 4.53 4.53 5.04 4.67 0.00 0.00 0.00 0.00 4.09 0.00 0.00 0.00 0.00 0.00 0.00 0.00 0.00 0.00 0.00 0.00 2.63 3.29 3.50 3.43 5.40 5.40 4.96 6.72 9.49 8.91 10.88 11.53 11.32 12.63 12.63 12.63 12.26 11.17 11.61 11.10 11.17
15.11 13.80 13.72 14.16 13.21 10.95 11.10 9.20 10.00 9.27 9.13 8.47 8.32 6.42 7.01 6.42 8.03 7.74 7.74 11.24 10.15 11.83 10.66 10.88 6.28 0.00 0.00 0.00 0.00 0.00 0.00 2.12 1.53 5.18 5.33 5.04 7.74 6.94 6.94 8.61 7.88 7.15 9.27 9.27 7.88 7.66 6.42 5.84 5.99 0.00 0.00 2.99 1.83 1.90 3.14 4.53 0.00 5.40 5.40 5.77 7.01 7.23 7.96 8.10 4.82 4.89 5.11 5.91 5.91 8.10 8.10 8.69 10.95 10.66 12.70 14.16 14.16 14.31 16.28 14.53 14.75 14.16 13.43 13.29
14.82 12.85 9.42 8.91 9.13 10.00 9.20 10.88 11.46 11.24 10.07 10.66 7.88 7.23 6.35 4.38 4.96 5.69 5.69 7.30 6.94 6.94 10.29 9.20 7.66 8.10 0.00 0.00 0.00 0.29 0.22 0.66 0.00 3.14 0.00 6.79 6.13 7.88 10.51 10.22 11.24 8.03 8.32 8.32 9.13 11.83 10.95 8.54 5.77 7.59 4.38 2.26 1.83 2.85 2.85 3.43 4.74 4.60 6.42 9.13 8.69 9.71 9.34 11.02 10.88 10.88 12.56 12.85 12.85 12.85 12.12 10.15 10.80 10.88 15.40 14.24 18.61 18.32 18.83 16.21 16.13 15.77 14.67 15.33
14.82 12.85 9.42 8.91 9.13 10.00 9.20 10.88 11.46 11.24 10.07 10.66 7.88 7.23 6.35 4.38 4.96 5.69 5.69 7.30 6.94 6.94 10.29 9.20 7.66 8.10 0.00 0.00 0.00 0.29 0.22 0.66 0.00 3.14 0.00 6.79 6.13 7.88 10.51 10.22 11.24 8.03 8.32 8.32 9.13 11.83 10.95 8.54 5.77 7.59 4.38 2.26 1.83 2.85 2.85 3.43 4.74 4.60 6.42 9.13 8.69 9.71 9.34 11.02 10.88 10.88 12.56 12.85 12.85 12.85 12.12 10.15 10.80 10.88 15.40 14.24 18.61 18.32 18.83 16.21 16.13 15.77 14.67 15.33
9.42 10.07 8.40 8.61 11.39 10.37 10.88 7.30 8.25 9.13 9.78 10.29 9.05 8.98 6.13 4.60 5.40 6.28 6.28 5.69 4.89 6.42 6.13 7.74 8.76 8.83 6.72 1.53 0.00 0.00 0.22 0.00 0.00 2.85 4.96 4.82 8.47 9.56 9.49 10.22 7.30 8.10 7.37 7.37 6.64 10.88 13.14 12.19 10.44 6.42 7.37 2.85 2.19 2.19 2.04 2.19 3.29 4.89 4.45 7.96 10.07 9.78 13.87 17.16 13.72 18.61 16.06 13.94 13.94 11.68 11.75 11.46 12.48 11.02 12.05 10.73 13.94 14.82 17.23 16.57 16.57 16.35 16.06 16.50
10.37 12.41 13.07 12.70 11.61 8.61 9.49 8.61 6.42 8.76 9.42 9.13 9.05 8.98 9.64 9.56 10.00 7.52 7.52 7.30 9.78 6.35 6.28 5.11 5.91 4.74 0.00 2.70 0.00 0.00 0.00 0.00 0.00 0.00 3.50 5.99 5.33 9.64 10.29 10.80 8.32 7.88 7.74 7.74 9.05 12.78 11.32 15.77 14.82 11.10 0.00 3.87 1.90 2.12 2.04 3.21 5.11 4.89 7.23 9.56 9.34 13.07 12.26 16.86 19.64 19.56 18.98 13.51 13.51 14.45 12.12 12.70 12.26 12.70 10.59 10.29 9.93 11.46 9.49 13.21 12.34 18.32 17.45 17.96
11.83 13.51 13.72 13.65 13.43 11.32 12.41 11.53 11.39 11.46 10.15 10.88 9.20 8.25 9.78 9.42 10.66 13.21 13.21 13.80 13.36 12.85 7.01 4.82 4.96 2.85 0.00 0.00 0.00 0.00 0.00 0.00 0.00 0.00 0.00 6.57 12.63 11.90 10.44 9.71 9.93 9.20 9.64 9.64 9.27 10.66 10.44 14.38 10.80 4.67 5.77 3.50 3.72 2.12 3.29 3.21 5.26 7.59 7.37 9.71 12.05 11.46 14.82 16.72 16.43 18.47 17.37 17.89 17.89 16.64 15.99 16.79 16.43 16.72 15.40 14.75 12.05 9.27 9.93 9.93 9.86 12.34 17.81 17.23
11.83 13.51 13.72 13.65 13.43 11.32 12.41 11.53 11.39 11.46 10.15 10.88 9.20 8.25 9.78 9.42 10.66 13.21 13.21 13.80 13.36 12.85 7.01 4.82 4.96 2.85 0.00 0.00 0.00 0.00 0.00 0.00 0.00 0.00 0.00 6.57 12.63 11.90 10.44 9.71 9.93 9.20 9.64 9.64 9.27 10.66 10.44 14.38 10.80 4.67 5.77 3.50 3.72 2.12 3.29 3.21 5.26 7.59 7.37 9.71 12.05 11.46 14.82 16.72 16.43 18.47 17.37 17.89 17.89 16.64 15.99 16.79 16.43 16.72 15.40 14.75 12.05 9.27 9.93 9.93 9.86 12.34 17.81 17.23
11.61 12.34 10.66 11.53 12.34 10.80 11.90 11.90 12.12 11.39 9.78 10.51 8.40 4.96 7.37 11.46 10.29 12.99 12.99 11.97 12.48 12.41 10.15 6.13 2.70 2.77 0.00 0.00 0.00 0.00 0.00 0.00 0.00 0.00 8.76 7.74 13.29 10.51 11.17 9.42 7.23 6.86 5.33 5.33 8.32 8.10 7.08 4.53 4.82 5.26 4.82 4.60 5.91 6.13 7.08 7.45 7.81 7.15 8.83 8.47 10.44 12.85 12.41 13.72 15.84 16.57 16.79 15.55 15.55 15.99 15.70 16.94 17.45 17.59 16.94 15.70 15.70 15.77 14.97 11.97 10.51 9.93 10.07 12.92
10.07 10.07 10.37 10.29 9.20 10.15 9.78 9.64 9.93 9.56 7.37 4.60 4.31 4.60 6.13 7.15 8.54 10.88 10.88 11.02 10.59 9.49 5.69 6.72 0.00 0.00 0.00 0.00 0.00 0.00 0.00 0.00 3.58 0.00 7.59 8.10 7.96 9.42 6.06 7.23 4.82 4.31 4.31 4.31 4.89 5.40 4.67 4.23 6.79 6.20 10.07 12.63 7.59 8.83 9.05 9.20 8.98 8.61 9.64 9.71 10.22 10.15 10.29 9.71 13.36 13.36 15.04 16.13 16.13 15.62 17.45 17.59 17.08 17.16 15.18 15.48 15.62 16.72 18.32 12.99 14.38 10.44 10.66 9.05
8.54 6.86 8.10 7.37 7.96 7.01 6.72 5.84 5.26 5.11 5.40 4.16 4.38 6.42 7.96 7.66 8.32 12.63 12.63 11.24 11.46 9.71 7.01 0.00 0.00 0.00 0.00 0.00 0.00 0.00 2.99 0.00 2.92 5.33 6.42 6.28 8.40 7.96 7.52 6.13 7.08 8.69 6.42 6.42 6.20 7.45 6.57 9.20 7.88 11.61 11.10 14.53 17.59 14.60 15.26 14.16 10.80 11.83 11.75 11.97 11.32 10.15 10.07 9.78 12.99 15.55 15.18 16.64 16.64 18.76 18.47 18.54 20.59 21.02 20.08 18.61 17.45 18.32 18.61 16.79 14.97 12.12 14.45 11.75
8.54 6.86 8.10 7.37 7.96 7.01 6.72 5.84 5.26 5.11 5.40 4.16 4.38 6.42 7.96 7.66 8.32 12.63 12.63 11.24 11.46 9.71 7.01 0.00 0.00 0.00 0.00 0.00 0.00 0.00 2.99 0.00 2.92 5.33 6.42 6.28 8.40 7.96 7.52 6.13 7.08 8.69 6.42 6.42 6.20 7.45 6.57 9.20 7.88 11.61 11.10 14.53 17.59 14.60 15.26 14.16 10.80 11.83 11.75 11.97 11.32 10.15 10.07 9.78 12.99 15.55 15.18 16.64 16.64 18.76 18.47 18.54 20.59 21.02 20.08 18.61 17.45 18.32 18.61 16.79 14.97 12.12 14.45 11.75
5.99 6.79 6.72 5.91 7.15 5.84 3.58 4.16 4.53 4.23 5.26 6.94 6.50 9.05 9.78 12.78 13.07 12.92 12.92 12.70 11.10 7.37 8.10 0.00 0.00 0.00 0.00 0.00 2.85 0.00 4.67 8.25 2.70 6.64 10.80 10.00 9.27 12.99 13.07 8.76 11.10 11.17 12.05 12.05 10.73 7.30 7.23 9.86 12.85 12.19 16.43 18.98 19.27 17.08 16.64 16.79 17.23 18.61 18.69 15.70 13.29 13.58 13.72 15.11 14.89 15.11 15.70 18.69 18.69 18.10 21.68 22.05 22.34 21.24 21.53 21.68 18.83 19.64 17.81 16.28 15.18 14.38 14.97 14.89
7.15 6.35 6.72 5.62 3.29 4.60 3.87 3.72 4.09 5.91 6.64 8.69 10.73 13.29 12.70 13.80 15.18 14.60 14.60 14.75 11.97 9.64 6.20 6.72 5.40 3.50 4.53 2.34 4.45 5.55 4.89 10.80 15.77 13.65 13.36 16.43 14.97 15.11 14.24 14.02 12.99 12.48 12.41 12.41 12.99 14.60 15.48 11.75 13.80 16.94 16.57 17.89 20.22 19.64 19.64 20.00 19.64 19.78 15.26 16.50 12.92 13.43 15.48 14.97 16.28 15.84 15.70 17.74 17.74 21.53 22.12 22.78 22.48 21.61 21.68 21.61 19.35 10.37 7.96 14.02 13.43 12.63 12.78 12.41
7.52 7.01 7.30 4.45 4.16 2.04 3.36 5.26 4.67 6.64 8.61 7.30 9.71 12.34 13.43 12.05 15.04 14.60 14.60 12.85 9.93 10.59 9.05 7.23 7.52 5.69 7.23 6.57 5.84 10.66 14.45 13.21 17.52 15.62 15.62 15.99 14.45 14.60 14.67 14.75 16.50 16.06 15.55 15.55 16.94 17.08 15.77 14.82 15.18 15.99 18.18 17.74 19.71 23.51 25.70 24.82 25.84 18.54 20.73 10.15 7.88 7.59 9.34 11.53 14.82 13.94 16.86 17.74 17.74 21.24 20.81 21.17 19.78 14.67 18.32 16.06 10.44 3.58 0.00 7.96 9.56 13.21 13.51 12.99
8.03 6.72 7.59 3.80 1.83 0.00 2.04 3.36 3.58 4.89 5.04 5.69 6.57 7.52 10.80 12.70 12.78 11.83 11.83 12.63 8.83 9.05 8.76 8.25 8.54 8.40 9.05 9.78 10.88 10.51 13.51 16.79 14.97 15.18 14.38 13.80 13.65 15.04 14.67 16.28 16.79 15.62 15.62 15.62 16.50 14.09 14.60 13.21 13.43 13.65 13.36 14.31 15.48 19.56 23.29 24.24 24.02 19.13 10.59 11.90 8.32 9.42 10.44 10.22 12.12 16.28 15.55 17.45 17.45 21.10 21.75 18.32 18.47 15.84 15.26 13.72 7.15 8.18 0.00 1.02 10.37 13.43 12.12 15.91
8.03 6.72 7.59 3.80 1.83 0.00 2.04 3.36 3.58 4.89 5.04 5.69 6.57 7.52 10.80 12.70 12.78 11.83 11.83 12.63 8.83 9.05 8.76 8.25 8.54 8.40 9.05 9.78 10.88 10.51 13.51 16.79 14.97 15.18 14.38 13.80 13.65 15.04 14.67 16.28 16.79 15.62 15.62 15.62 16.50 14.09 14.60 13.21 13.43 13.65 13.36 14.31 15.48 19.56 23.29 24.24 24.02 19.13 10.59 11.90 8.32 9.42 10.44 10.22 12.12 16.28 15.55 17.45 17.45 21.10 21.75 18.32 18.47 15.84 15.26 13.72 7.15 8.18 0.00 1.02 10.37 13.43 12.12 15.91
6.64 6.13 7.01 3.80 3.07 2.12 2.48 2.70 1.24 1.53 1.83 4.82 3.80 7.01 8.83 10.73 11.32 11.10 11.10 12.19 8.18 7.30 6.28 6.79 7.45 9.34 10.07 9.86 12.34 12.92 12.85 15.04 16.35 16.13 17.45 14.97 13.36 13.36 10.95 9.56 14.67 13.14 11.75 11.75 12.26 11.32 10.44 11.68 10.95 11.10 11.61 11.46 13.29 16.06 15.11 19.64 19.35 16.21 16.64 16.28 18.83 12.56 18.25 15.77 15.99 15.70 17.81 20.73 20.73 23.43 23.36 22.34 17.08 15.48 13.72 14.45 10.73 5.69 1.10 8.25 8.98 10.37 10.22 15.91
5.62 5.91 6.57 3.65 4.60 4.09 4.74 3.94 1.39 1.53 2.12 4.60 7.74 10.07 9.78 10.80 9.13 10.15 10.15 9.34 9.05 9.20 7.01 7.15 7.23 9.78 13.29 12.92 12.85 12.99 15.62 15.26 17.67 19.71 15.91 17.23 10.29 8.25 8.91 6.86 6.50 6.50 12.19 12.19 12.48 11.61 12.56 6.64 7.59 7.59 8.03 11.10 10.51 13.72 19.13 20.73 20.88 19.49 19.93 19.78 21.17 22.56 19.05 20.44 17.01 18.10 21.97 21.02 21.02 25.92 21.46 17.16 14.53 14.97 13.58 8.40 6.20 4.16 4.53 8.40 7.45 9.56 10.22 10.59
7.23 5.48 0.00 3.94 5.04 5.33 4.53 3.21 2.19 2.70 2.70 4.09 6.06 7.37 7.37 7.30 7.30 9.64 9.64 9.49 9.78 10.07 9.49 7.96 11.75 9.34 13.21 14.38 12.12 12.78 9.64 15.26 15.04 13.43 15.26 8.76 10.37 2.12 3.72 4.09 3.94 7.88 11.46 11.46 13.07 12.99 8.03 8.98 9.71 14.16 14.09 15.18 18.10 20.51 17.74 22.63 25.55 23.07 23.43 23.94 26.06 24.89 26.65 23.14 20.44 20.66 20.44 25.92 25.92 21.02 22.92 16.06 6.79 7.96 6.94 3.58 2.34 2.99 4.16 4.16 5.04 9.49 7.59 7.45
6.42 5.40 0.00 2.99 4.96 4.74 4.45 3.58 3.94 7.37 6.64 6.64 6.13 9.64 8.32 6.50 6.79 8.25 8.25 8.18 10.07 10.00 10.15 9.93 13.87 14.89 15.99 16.64 11.61 8.32 9.78 6.13 9.78 8.83 8.76 6.50 0.80 1.68 0.00 0.00 6.72 5.91 8.98 8.98 9.56 8.69 8.25 13.07 11.53 17.16 16.79 19.78 19.20 22.48 25.33 26.57 26.86 23.21 21.75 21.83 24.38 25.84 24.97 25.70 23.07 20.88 20.73 17.74 17.74 18.83 11.68 5.11 3.43 3.29 2.41 2.77 2.70 1.83 2.26 2.99 3.36 4.09 8.91 6.72
4.96 0.00 3.80 3.50 4.23 4.02 4.02 7.59 6.79 8.76 9.56 11.90 12.34 12.41 10.15 11.61 9.05 7.96 7.96 10.51 10.37 12.26 14.45 15.91 15.04 20.00 18.98 17.45 18.40 10.95 6.79 7.74 6.06 6.20 1.83 2.56 0.00 0.00 0.00 0.00 2.12 4.82 4.89 4.89 5.99 5.91 4.89 4.96 7.01 7.96 16.28 17.37 21.10 20.08 22.85 24.38 21.53 22.48 19.42 20.81 17.89 22.56 23.87 23.00 24.16 21.53 22.27 18.03 18.03 12.85 14.24 8.83 5.84 3.36 3.14 3.72 2.48 2.48 1.39 1.31 3.87 4.31 5.04 4.16
4.96 0.00 3.80 3.50 4.23 4.02 4.02 7.59 6.79 8.76 9.56 11.90 12.34 12.41 10.15 11.61 9.05 7.96 7.96 10.51 10.37 12.26 14.45 15.91 15.04 20.00 18.98 17.45 18.40 10.95 6.79 7.74 6.06 6.20 1.83 2.56 0.00 0.00 0.00 0.00 2.12 4.82 4.89 4.89 5.99 5.91 4.89 4.96 7.01 7.96 16.28 17.37 21.10 20.08 22.85 24.38 21.53 22.48 19.42 20.81 17.89 22.56 23.87 23.00 24.16 21.53 22.27 18.03 18.03 12.85 14.24 8.83 5.84 3.36 3.14 3.72 2.48 2.48 1.39 1.31 3.87 4.31 5.04 4.16
5.48 2.26 3.87 3.65 5.26 4.67 6.13 8.25 7.74 9.56 12.19 12.34 12.78 11.39 12.41 12.34 10.66 10.73 10.73 11.75 13.43 13.29 15.33 18.47 20.00 19.86 18.47 17.08 13.58 14.16 6.79 3.87 4.89 3.65 1.17 0.00 0.15 0.00 0.00 1.31 0.51 1.53 0.73 0.73 2.63 0.00 0.00 0.00 2.48 2.92 3.87 3.29 5.55 7.45 8.98 8.69 9.27 8.98 11.24 10.22 14.38 16.21 19.49 18.18 23.21 22.05 18.76 17.37 17.37 19.05 19.20 17.16 13.43 7.23 4.60 3.58 2.56 1.31 1.53 1.97 1.68 2.34 2.56 3.29
4.74 2.12 2.99 5.77 8.25 7.52 8.32 13.94 13.51 13.07 13.51 13.36 9.71 10.29 10.95 9.27 10.59 10.51 10.51 13.43 15.70 17.23 18.69 19.07 18.78 19.36 18.21 16.86 16.21 15.18 15.99 6.57 4.31 3.07 1.46 0.15 0.00 0.00 0.51 1.17 1.31 1.53 0.29 0.29 0.88 0.00 0.00 0.00 0.00 0.00 1.68 4.23 4.74 4.74 5.48 6.28 6.86 6.79 9.13 13.51 12.70 13.65 13.72 13.72 15.62 17.74 17.52 16.86 16.86 17.30 17.45 15.77 10.44 8.54 4.38 5.26 2.56 2.34 1.68 2.63 2.26 2.56 2.04 1.97
8.40 8.91 9.64 9.42 10.51 10.51 15.48 15.77 13.87 13.29 9.27 9.27 9.34 9.34 4.31 6.72 8.40 12.92 12.92 12.12 15.04 15.48 17.52 18.93 19.70 17.51 19.21 18.21 18.61 17.67 14.75 15.62 6.94 5.62 4.53 0.73 0.88 1.75 2.41 2.56 2.04 1.17 1.53 1.53 0.00 0.00 0.00 0.00 0.00 0.00 2.19 0.00 4.60 4.16 3.43 3.72 4.67 4.23 8.54 7.15 12.85 11.53 12.05 11.46 12.63 12.92 14.09 16.94 16.94 15.91 15.84 11.90 12.41 10.44 7.59 7.45 4.82 4.67 3.43 2.12 1.75 1.10 0.00 0.00
6.72 9.27 10.29 10.88 13.58 14.67 15.04 15.04 15.11 10.44 7.88 5.11 0.00 0.00 0.00 2.99 6.50 10.73 10.73 11.32 12.34 13.34 9.26 15.80 15.36 14.83 18.46 19.17 20.92 21.23 17.89 17.89 10.66 10.88 8.69 9.20 9.20 3.36 2.56 1.75 2.19 1.97 0.00 0.00 0.00 0.00 0.00 0.00 0.00 1.24 1.61 4.16 3.50 4.23 2.56 3.36 3.80 3.72 6.50 11.68 12.78 13.07 12.12 15.77 13.29 13.51 12.63 17.45 17.45 19.20 18.32 13.29 13.21 11.39 10.29 10.29 6.20 5.99 5.11 4.16 2.48 1.61 0.15 1.10
7.66 8.54 9.05 9.05 10.51 11.97 13.80 11.75 8.61 9.71 5.26 0.00 0.00 0.00 2.63 7.81 6.72 11.24 11.24 9.63 5.83 5.71 5.34 10.51 10.45 10.51 15.35 18.96 20.91 21.31 21.20 19.49 18.54 14.24 14.31 13.51 11.46 12.41 3.72 2.41 1.61 1.61 2.04 2.04 0.00 0.00 0.00 0.00 2.63 0.00 0.00 3.65 0.00 0.00 0.00 0.00 3.72 4.96 4.67 7.52 10.59 13.14 16.94 16.72 17.45 14.31 18.54 22.41 22.41 20.59 17.81 14.02 11.61 11.53 10.59 9.93 4.60 9.71 4.31 3.21 4.02 2.34 1.53 2.04
7.66 8.54 9.05 9.05 10.51 11.97 13.80 11.75 8.61 9.71 5.26 0.00 0.00 0.00 2.63 7.81 6.72 11.24 11.30 9.94 5.91 6.11 5.21 10.78 10.29 10.51 14.89 17.62 19.54 21.64 21.42 20.30 20.83 15.06 14.67 13.51 11.46 12.41 3.72 2.41 1.61 1.61 2.04 2.04 0.00 0.00 0.00 0.00 2.63 0.00 0.00 3.65 0.00 0.00 0.00 0.00 3.72 4.96 4.67 7.52 10.59 13.14 16.94 16.72 17.45 14.31 18.54 22.41 22.41 20.59 17.81 14.02 11.61 11.53 10.59 9.93 4.60 9.71 4.31 3.21 4.02 2.34 1.53 2.04
10.51 7.81 9.56 8.69 8.61 7.66 9.42 11.68 10.80 13.80 7.66 9.20 1.68 7.15 7.96 9.78 14.60 14.45 14.45 11.90 7.30 4.16 0.00 0.00 4.87 7.23 13.72 13.57 15.70 15.99 18.73 19.74 20.97 22.45 18.36 18.84 15.63 12.34 7.01 4.16 1.83 1.68 1.17 1.17 1.61 0.00 0.00 3.14 2.92 3.72 4.09 4.16 3.21 0.00 0.00 0.00 0.00 0.00 4.16 6.42 11.17 10.88 13.14 19.56 22.12 19.35 20.59 19.71 19.71 17.96 19.27 15.99 13.51 11.02 11.75 11.97 8.40 6.50 4.53 3.72 2.63 1.90 1.61 2.12
8.91 8.91 9.05 7.45 6.57 6.79 7.23 9.49 11.32 15.70 15.70 12.78 11.02 11.17 10.51 10.66 15.40 12.92 12.92 8.80 9.93 5.43 0.00 2.70 4.04 4.30 2.92 11.20 12.66 12.54 12.41 17.16 18.98 20.33 23.25 21.70 20.97 17.17 12.34 9.42 9.86 3.21 1.68 1.68 1.31 1.46 1.24 2.04 2.92 2.63 4.09 3.87 3.58 3.65 2.56 0.00 0.00 3.87 0.00 4.45 7.96 6.28 12.41 21.17 19.86 21.61 17.23 17.59 17.59 17.81 12.05 12.12 7.59 8.98 9.56 9.86 11.53 5.55 5.04 6.06 5.40 3.80 3.87 8.47
10.15 11.83 11.53 9.78 8.03 6.79 9.49 11.32 10.95 13.72 15.18 10.88 8.76 6.50 7.88 7.30 8.32 11.10 11.10 8.54 5.99 6.28 3.36 3.58 3.94 1.39 1.17 5.53 10.43 11.60 10.59 15.55 17.59 19.35 19.21 20.85 21.58 16.50 17.52 12.92 11.32 7.88 8.98 8.98 3.43 1.83 1.97 1.39 1.10 2.99 3.43 3.87 3.14 3.21 0.00 1.90 0.00 0.00 3.21 3.50 4.45 4.16 7.23 12.85 14.45 14.97 14.24 10.44 10.44 10.80 5.62 4.09 5.84 4.23 8.61 5.55 9.13 8.76 6.35 7.37 6.86 5.69 6.06 10.15
8.18 9.42 11.90 11.68 11.17 11.32 11.46 14.38 16.21 16.57 16.79 12.56 12.99 8.83 7.23 6.79 6.79 7.88 7.88 3.58 5.91 4.53 5.48 5.40 5.55 3.50 5.91 5.43 8.40 9.93 9.56 9.20 9.42 15.91 18.18 16.72 19.34 22.32 16.69 17.77 13.36 10.29 6.06 6.06 8.25 4.82 2.41 2.92 1.17 1.83 2.34 0.00 0.00 4.23 3.94 0.00 0.00 2.70 0.00 4.16 3.50 3.80 5.11 10.29 9.20 5.55 5.77 8.10 8.10 8.10 5.33 3.72 3.36 4.67 2.92 4.16 6.42 6.57 8.47 8.03 9.05 9.49 9.49 9.93
7.15 4.53 8.69 9.71 8.54 10.44 12.19 13.43 14.08 15.04 10.95 13.51 12.78 10.51 6.50 4.53 0.15 1.24 1.24 1.10 3.21 3.14 3.72 5.99 5.69 7.08 6.42 7.96 7.88 9.56 8.47 8.25 7.81 8.18 14.24 16.94 16.13 17.16 18.97 16.47 16.14 12.78 10.66 10.66 6.35 4.45 4.74 5.40 3.21 2.48 2.56 1.97 0.00 0.00 2.48 2.77 0.00 2.34 4.09 4.67 3.80 3.80 4.09 5.04 3.50 3.87 4.02 2.04 2.04 2.12 0.00 1.90 0.00 0.00 2.12 3.87 4.60 6.42 2.92 4.02 5.55 7.81 8.61 6.20
0.00 0.00 2.77 5.11 8.83 11.90 14.09 13.65 13.33 12.78 7.88 8.83 5.69 4.53 4.53 2.77 0.00 0.00 0.00 0.00 0.00 0.00 0.00 4.38 6.50 5.62 8.18 7.74 7.26 7.41 8.78 7.56 6.92 5.77 5.77 11.24 13.43 16.22 15.48 14.60 11.95 11.68 12.99 12.99 10.15 8.10 7.81 7.88 7.01 4.89 2.63 0.66 0.95 0.00 0.00 0.00 0.00 3.87 3.94 4.82 4.38 3.21 0.00 2.77 0.00 0.00 0.00 0.00 0.00 0.00 0.00 0.00 3.07 0.00 0.00 2.70 3.14 2.56 0.00 0.00 3.65 5.48 4.96 4.09
0.00 0.00 2.77 5.11 8.83 11.90 14.09 13.65 12.99 12.78 7.88 8.83 5.69 4.53 4.53 2.77 0.00 0.00 0.00 0.00 0.00 0.00 0.00 4.38 6.50 5.62 8.18 7.74 7.15 7.15 8.47 7.52 6.72 5.77 5.80 11.30 13.43 16.14 15.63 14.60 11.83 11.68 12.99 12.99 10.15 8.10 7.81 7.88 7.01 4.89 2.63 0.66 0.95 0.00 0.00 0.00 0.00 3.87 3.94 4.82 4.38 3.21 0.00 2.77 0.00 0.00 0.00 0.00 0.00 0.00 0.00 0.00 3.07 0.00 0.00 2.70 3.14 2.56 0.00 0.00 3.65 5.48 4.96 4.09
10.73 4.89 3.58 3.80 7.52 11.68 13.87 9.34 8.82 7.66 7.74 7.96 6.06 3.21 0.80 0.00 0.07 0.00 0.00 0.00 0.00 0.00 0.00 0.00 5.33 8.03 6.72 8.25 6.64 5.99 5.99 7.59 6.50 5.69 5.55 6.79 8.47 12.26 12.84 13.21 10.07 9.20 7.96 7.96 6.64 6.72 9.13 7.81 9.05 8.40 6.28 2.12 2.70 1.10 0.00 0.00 0.00 3.43 4.53 3.58 0.00 0.00 0.00 0.00 0.00 0.00 0.00 0.00 0.00 0.00 0.00 0.00 0.00 0.00 0.00 0.00 0.00 0.00 0.00 0.00 0.00 0.00 3.58 3.94
