Wansh/Snow_depth/snowdepth-1991/winter/1992055.txt
ncols 321
nrows 161
xllcenter 60
yllcenter 15 
cellsize  0.25 
NODATA_value -1
[rows 0 to 36 of 161, columns 0 to 83 of 321]
14.16 14.16 13.80 15.99 17.16 16.79 17.89 19.35 19.35 19.93 20.15 18.61 18.98 20.15 20.59 19.35 19.64 19.35 19.78 18.47 19.20 18.98 19.35 20.81 18.83 17.16 17.16 17.52 15.84 16.50 16.50 15.70 17.30 16.43 16.35 16.35 16.06 16.13 15.84 16.43 15.70 15.18 14.97 14.97 16.06 16.50 16.64 16.57 17.74 17.16 18.40 18.40 18.61 16.86 15.84 17.81 19.64 20.08 20.44 20.22 21.61 20.66 21.32 19.56 19.20 19.64 19.78 18.54 18.98 18.98 18.98 17.08 17.67 17.45 19.05 18.61 18.61 20.44 21.90 21.90 21.68 21.39 21.97 22.92
14.97 14.97 15.40 15.48 16.50 18.32 17.67 19.56 17.81 17.89 17.59 17.96 18.03 17.74 18.03 18.25 16.86 17.45 15.48 17.45 18.25 18.32 18.47 15.91 13.80 14.09 14.09 14.97 15.04 15.04 14.75 14.97 13.36 13.58 13.58 14.24 15.40 14.31 14.16 14.82 14.31 11.97 13.36 11.46 12.70 14.67 13.65 14.67 14.31 14.97 15.62 15.62 15.70 14.97 16.21 15.48 14.24 16.35 18.40 18.25 18.76 17.30 18.47 16.94 17.30 17.96 18.47 17.08 15.04 15.91 15.55 16.86 16.64 18.03 19.13 20.15 20.15 19.49 20.73 21.39 21.68 22.19 21.97 22.19
14.67 14.67 14.97 15.04 14.38 17.16 17.52 17.30 17.81 16.72 17.08 14.82 16.35 16.72 14.45 14.53 13.21 14.97 14.89 14.67 14.82 14.82 15.26 15.62 12.78 11.17 11.17 11.17 11.02 10.66 10.66 10.66 12.05 11.90 13.21 12.92 13.07 12.56 12.63 12.56 12.56 11.61 11.32 11.39 11.24 12.85 12.85 12.92 11.83 11.02 11.10 11.10 10.44 13.07 12.48 13.36 13.14 13.58 15.55 15.33 16.43 16.64 17.16 17.23 18.03 17.89 17.59 15.33 15.33 16.13 16.06 17.52 17.52 17.45 17.74 18.91 18.91 19.56 21.32 21.75 20.95 18.98 18.54 18.54
14.67 14.67 14.97 15.04 14.38 17.16 17.52 17.30 17.81 16.72 17.08 14.82 16.35 16.72 14.45 14.53 13.21 14.97 14.89 14.67 14.82 14.82 15.26 15.62 12.78 11.17 11.17 11.17 11.02 10.66 10.66 10.66 12.05 11.90 13.21 12.92 13.07 12.56 12.63 12.56 12.56 11.61 11.32 11.39 11.24 12.85 12.85 12.92 11.83 11.02 11.10 11.10 10.44 13.07 12.48 13.36 13.14 13.58 15.55 15.33 16.43 16.64 17.16 17.23 18.03 17.89 17.59 15.33 15.33 16.13 16.06 17.52 17.52 17.45 17.74 18.91 18.91 19.56 21.32 21.75 20.95 18.98 18.54 18.54
14.31 14.31 14.75 14.16 15.62 15.18 17.08 16.50 16.72 14.60 13.80 14.16 12.48 12.78 13.51 13.14 13.36 13.94 14.09 13.94 14.45 13.80 13.87 12.05 12.26 10.59 10.59 10.00 10.07 9.49 9.71 9.71 10.15 9.56 9.93 8.69 7.96 7.96 7.59 7.96 7.96 7.66 8.54 8.54 9.86 10.37 10.44 10.29 10.07 10.29 9.34 9.34 8.10 9.34 10.00 12.19 12.63 11.83 12.05 12.48 16.13 16.79 17.59 18.76 15.70 18.69 16.21 15.84 16.21 16.50 16.43 16.57 17.08 17.30 18.61 18.10 18.10 19.42 19.13 18.18 18.25 18.40 17.89 15.91
14.89 14.89 14.89 15.11 16.21 17.37 17.52 16.64 14.31 14.75 12.99 12.05 12.26 12.48 13.36 13.14 14.09 13.94 14.67 13.65 13.87 12.56 11.90 11.83 10.88 9.34 9.34 9.86 9.13 9.42 9.42 10.44 10.00 10.51 8.83 9.05 7.52 6.79 6.64 7.01 7.23 6.86 7.66 9.56 9.34 9.56 9.34 8.61 8.69 7.52 7.08 7.08 6.79 8.10 9.42 9.64 10.95 11.53 10.73 11.53 15.62 15.91 18.32 17.37 17.89 15.84 17.74 16.64 16.57 15.55 15.62 15.77 14.67 16.21 17.81 17.67 17.67 18.25 18.18 18.32 17.74 17.74 17.16 17.45
18.10 18.10 17.37 19.35 19.71 18.10 16.94 17.45 16.79 14.31 14.53 14.45 13.80 13.14 13.36 14.53 14.53 14.97 14.67 13.72 13.43 13.51 13.65 14.16 12.12 9.93 9.93 10.15 10.07 10.95 12.12 12.05 11.02 10.66 10.59 11.02 9.56 9.93 9.05 8.76 8.25 7.66 8.83 8.91 9.78 9.71 9.86 9.27 9.93 9.71 9.34 9.34 7.59 8.03 10.37 10.88 11.68 11.75 10.73 10.80 11.61 16.64 14.38 14.60 15.40 16.06 16.06 16.28 16.06 11.68 11.53 12.34 11.17 13.51 11.17 13.58 13.58 14.53 14.89 14.31 16.50 17.59 18.10 17.67
18.10 18.10 17.37 19.35 19.71 18.10 16.94 17.45 16.79 14.31 14.53 14.45 13.80 13.14 13.36 14.53 14.53 14.97 14.67 13.72 13.43 13.51 13.65 14.16 12.12 9.93 9.93 10.15 10.07 10.95 12.12 12.05 11.02 10.66 10.59 11.02 9.56 9.93 9.05 8.76 8.25 7.66 8.83 8.91 9.78 9.71 9.86 9.27 9.93 9.71 9.34 9.34 7.59 8.03 10.37 10.88 11.68 11.75 10.73 10.80 11.61 16.64 14.38 14.60 15.40 16.06 16.06 16.28 16.06 11.68 11.53 12.34 11.17 13.51 11.17 13.58 13.58 14.53 14.89 14.31 16.50 17.59 18.10 17.67
19.78 19.78 19.64 20.29 18.69 18.98 17.81 16.79 17.16 15.48 14.97 15.33 13.36 12.70 12.48 14.67 15.40 14.97 14.31 13.21 13.87 14.75 15.40 15.48 14.24 14.09 14.09 14.09 15.91 13.29 14.45 14.89 13.51 11.61 11.68 11.53 11.02 10.15 10.44 9.78 11.83 8.98 10.37 13.51 12.12 12.92 9.93 10.15 9.93 10.37 12.99 12.99 10.15 9.56 9.71 9.93 11.61 11.02 11.17 11.32 12.63 11.68 15.77 13.21 13.65 11.32 12.34 10.51 10.00 9.56 10.00 7.30 7.88 9.05 9.49 12.99 12.99 10.22 10.73 8.91 11.61 10.73 14.09 16.43
18.61 18.61 18.03 18.10 18.25 16.57 16.86 13.58 14.38 14.97 12.34 12.05 12.48 12.34 14.09 13.29 14.53 13.14 13.72 12.05 12.85 12.70 12.34 13.80 14.89 14.38 14.38 16.57 15.99 16.94 14.97 15.55 12.19 11.61 11.10 11.68 11.02 11.75 12.05 12.48 12.26 13.21 14.16 13.72 14.38 12.70 12.19 11.61 11.10 12.78 13.07 13.07 12.70 12.70 11.90 12.05 13.29 12.41 13.58 11.68 13.07 12.48 10.00 9.05 10.59 8.91 9.56 8.54 8.91 7.52 6.20 6.64 7.23 5.18 6.86 11.61 11.61 8.47 9.34 9.64 10.59 12.70 12.41 12.70
15.33 15.33 17.23 15.26 15.26 15.18 11.24 10.59 10.80 10.88 9.93 10.07 10.66 11.97 11.68 11.39 11.17 10.15 10.44 10.80 11.97 11.32 11.53 12.26 12.41 12.26 12.26 12.48 13.65 15.70 13.43 9.64 11.46 10.22 10.15 10.00 10.37 9.86 9.64 10.88 11.10 12.19 13.65 14.24 13.36 12.78 13.21 12.26 13.51 13.72 13.80 13.80 13.87 14.60 13.80 13.65 16.35 15.40 13.43 14.38 12.70 13.58 9.93 7.88 8.98 8.18 9.13 8.98 9.05 7.59 5.62 4.74 4.89 4.09 5.69 8.18 8.18 7.74 9.64 10.73 11.39 10.88 12.48 13.51
15.33 15.33 17.23 15.26 15.26 15.18 11.24 10.59 10.80 10.88 9.93 10.07 10.66 11.97 11.68 11.39 11.17 10.15 10.44 10.80 11.97 11.32 11.53 12.26 12.41 12.26 12.26 12.48 13.65 15.70 13.43 9.64 11.46 10.22 10.15 10.00 10.37 9.86 9.64 10.88 11.10 12.19 13.65 14.24 13.36 12.78 13.21 12.26 13.51 13.72 13.80 13.80 13.87 14.60 13.80 13.65 16.35 15.40 13.43 14.38 12.70 13.58 9.93 7.88 8.98 8.18 9.13 8.98 9.05 7.59 5.62 4.74 4.89 4.09 5.69 8.18 8.18 7.74 9.64 10.73 11.39 10.88 12.48 13.51
14.45 14.45 13.72 14.09 11.83 11.24 11.10 10.88 9.27 9.56 9.71 10.15 10.00 9.86 10.51 9.93 9.49 10.66 10.15 11.53 10.22 10.15 10.88 10.80 10.29 10.15 10.15 9.93 10.88 12.05 10.07 10.44 8.69 8.54 8.40 9.42 9.86 9.78 9.34 9.71 9.71 10.59 12.92 13.21 14.16 13.94 13.29 13.21 14.67 15.11 14.60 14.60 14.89 16.64 17.37 17.08 18.83 15.11 17.08 15.48 16.28 14.02 12.92 13.43 10.95 10.37 9.56 10.59 8.40 9.13 6.13 4.09 5.40 4.60 4.74 11.39 11.39 13.14 12.63 12.92 13.14 13.14 12.63 11.46
14.16 14.16 12.92 11.97 12.12 11.32 9.56 10.22 8.76 9.13 8.69 10.44 10.66 10.44 11.75 12.63 12.48 11.90 11.53 11.68 10.07 8.98 9.20 8.10 8.10 8.18 8.18 9.71 10.51 10.00 11.02 10.15 10.44 8.91 9.27 9.05 9.42 11.39 10.80 10.51 9.78 9.34 10.80 10.29 12.41 13.29 13.87 14.89 14.82 14.97 15.55 15.55 15.26 16.86 18.76 17.30 19.93 20.66 17.45 19.93 17.81 17.16 15.18 14.38 14.53 16.35 16.64 12.85 10.88 11.53 8.10 9.42 6.42 10.51 9.42 12.99 12.99 13.65 14.67 14.45 13.58 13.21 13.51 11.97
13.51 13.51 13.65 13.21 11.24 11.68 10.07 8.47 8.47 9.20 10.80 10.66 12.19 12.99 12.70 13.21 12.70 13.14 12.78 12.56 10.95 9.27 8.47 8.47 8.47 8.91 8.91 8.54 10.44 10.95 12.05 12.12 12.63 12.05 11.61 11.83 12.12 12.05 11.90 10.44 10.00 11.46 11.24 12.26 13.58 13.14 14.45 15.48 15.77 15.84 15.48 15.48 16.79 16.35 21.39 20.73 20.95 20.00 20.37 21.90 21.02 19.27 19.71 19.27 18.91 18.98 18.25 17.59 18.03 14.89 11.61 12.34 8.40 13.58 10.80 10.37 10.37 13.80 14.60 14.31 13.80 13.72 13.87 12.78
13.51 13.51 13.29 13.51 11.83 10.51 11.10 9.05 11.61 10.80 11.90 12.63 12.41 13.36 14.45 13.36 13.21 12.92 12.85 13.43 12.85 10.73 11.24 10.22 10.07 9.93 9.93 11.10 10.73 12.34 12.26 12.34 12.56 12.78 12.05 11.17 11.39 10.80 9.86 9.93 10.66 12.05 12.92 12.99 15.40 15.99 16.28 15.48 13.87 14.97 14.75 14.75 18.32 18.32 20.00 21.68 21.97 22.05 21.90 21.83 22.48 20.15 18.32 18.69 18.54 17.45 18.32 18.47 18.10 17.23 15.40 13.58 11.61 13.21 14.31 14.75 14.75 14.38 14.89 14.45 13.65 14.02 13.14 11.75
13.51 13.51 13.29 13.51 11.83 10.51 11.10 9.05 11.61 10.80 11.90 12.63 12.41 13.36 14.45 13.36 13.21 12.92 12.85 13.43 12.85 10.73 11.24 10.22 10.07 9.93 9.93 11.10 10.73 12.34 12.26 12.34 12.56 12.78 12.05 11.17 11.39 10.80 9.86 9.93 10.66 12.05 12.92 12.99 15.40 15.99 16.28 15.48 13.87 14.97 14.75 14.75 18.32 18.32 20.00 21.68 21.97 22.05 21.90 21.83 22.48 20.15 18.32 18.69 18.54 17.45 18.32 18.47 18.10 17.23 15.40 13.58 11.61 13.21 14.31 14.75 14.75 14.38 14.89 14.45 13.65 14.02 13.14 11.75
13.29 13.29 12.19 11.53 11.68 10.88 11.24 10.00 12.34 13.21 13.58 12.70 13.87 13.80 15.77 17.37 17.59 14.16 14.38 14.24 14.02 11.75 11.24 11.17 11.39 10.15 10.15 10.80 7.81 8.25 9.49 9.49 10.51 10.51 10.80 10.80 10.07 10.29 9.93 9.42 11.02 11.39 12.34 12.56 14.16 15.48 15.40 15.40 14.31 13.87 13.58 13.58 15.18 17.52 19.86 20.59 20.37 19.86 19.78 20.73 18.61 19.86 20.29 16.28 17.16 16.79 16.79 16.72 15.70 15.77 15.62 14.02 13.07 14.67 14.60 14.24 14.24 12.41 11.39 12.48 11.97 12.78 12.41 11.24
12.05 12.05 12.26 11.17 11.68 11.75 11.68 12.19 12.19 12.56 12.34 12.26 14.16 16.86 16.28 18.54 16.86 15.99 15.91 15.11 14.16 13.94 12.26 12.63 12.85 10.29 10.29 6.94 7.96 6.28 8.10 9.34 9.05 10.29 10.22 7.88 7.37 8.91 10.73 11.90 11.53 11.10 11.75 12.12 13.72 12.78 15.62 16.21 15.70 14.82 14.31 14.31 16.35 19.05 18.32 19.56 19.93 18.83 19.05 17.52 17.16 16.94 17.45 17.52 16.94 15.77 14.53 13.21 13.87 14.75 13.07 11.97 12.05 15.33 13.58 12.70 12.70 11.97 11.02 10.44 10.51 11.17 10.29 10.73
10.88 10.88 11.24 11.02 10.95 11.53 11.53 11.53 9.13 9.78 11.24 13.07 15.48 14.60 16.35 15.77 18.18 15.99 14.45 14.75 13.80 14.16 13.94 13.51 10.88 8.40 8.40 8.83 6.64 7.52 9.93 9.27 11.39 11.24 10.88 9.42 10.22 13.51 12.70 14.16 15.55 13.72 12.99 12.92 13.58 14.02 15.91 16.28 16.79 15.55 16.06 16.06 17.89 18.40 18.69 17.16 18.18 17.74 18.76 17.16 16.64 17.23 16.72 15.48 15.70 14.31 15.11 13.14 11.90 10.59 10.15 10.44 9.86 11.97 12.63 12.12 12.12 12.12 10.29 10.00 9.93 10.37 10.29 9.86
9.05 9.05 8.47 9.78 10.07 6.94 8.76 9.20 8.18 7.23 7.88 10.88 13.14 15.40 15.33 14.60 14.67 15.62 14.16 13.21 13.36 13.72 13.07 10.73 11.32 8.69 8.69 7.37 7.37 7.45 9.71 11.83 11.17 12.70 13.21 14.31 14.97 14.75 15.55 16.06 13.87 13.43 13.36 13.87 13.87 14.02 15.62 13.72 14.24 16.21 14.31 14.31 17.45 16.57 13.80 14.89 16.57 15.70 16.28 15.84 16.86 16.06 13.80 14.38 14.31 13.58 11.24 10.88 10.37 10.66 9.56 8.54 9.27 10.44 9.20 9.27 9.27 10.66 10.22 10.15 10.07 9.93 10.00 9.05
6.86 6.86 6.50 7.96 5.77 6.28 5.26 5.40 7.01 6.86 6.79 8.69 8.47 14.38 14.38 14.38 14.67 14.24 13.14 13.43 12.78 13.51 13.80 12.70 11.24 10.51 10.51 10.22 10.07 8.98 9.93 9.64 11.39 14.38 14.38 15.77 13.94 13.43 11.24 11.53 12.48 13.29 13.87 11.61 12.78 12.70 12.05 12.85 13.80 12.63 13.36 13.36 13.36 12.70 12.70 13.51 14.97 14.24 14.45 12.56 11.24 13.14 11.17 12.92 11.17 10.73 10.44 10.66 8.03 6.94 7.30 7.74 9.20 8.40 7.01 8.69 8.69 9.05 8.98 9.64 10.29 10.15 10.29 9.27
6.86 6.86 6.50 7.96 5.77 6.28 5.26 5.40 7.01 6.86 6.79 8.69 8.47 14.38 14.38 14.38 14.67 14.24 13.14 13.43 12.78 13.51 13.80 12.70 11.24 10.51 10.51 10.22 10.07 8.98 9.93 9.64 11.39 14.38 14.38 15.77 13.94 13.43 11.24 11.53 12.48 13.29 13.87 11.61 12.78 12.70 12.05 12.85 13.80 12.63 13.36 13.36 13.36 12.70 12.70 13.51 14.97 14.24 14.45 12.56 11.24 13.14 11.17 12.92 11.17 10.73 10.44 10.66 8.03 6.94 7.30 7.74 9.20 8.40 7.01 8.69 8.69 9.05 8.98 9.64 10.29 10.15 10.29 9.27
4.53 4.53 5.33 4.82 5.33 4.74 4.82 4.53 1.97 5.84 5.40 8.03 10.88 9.05 11.46 13.94 13.80 14.09 12.92 12.92 12.63 13.80 13.58 13.51 12.85 11.97 11.97 11.24 11.53 9.49 9.71 10.73 10.66 12.26 14.97 13.36 11.83 11.90 11.53 11.10 11.46 11.83 12.26 12.48 11.02 11.53 11.24 10.22 10.29 9.78 11.10 11.10 11.75 10.88 13.14 12.41 14.97 15.18 15.33 11.61 10.07 10.37 10.88 11.61 10.44 10.80 9.86 11.83 10.73 7.45 6.42 7.01 6.35 7.08 5.84 6.13 6.13 7.59 8.54 10.00 11.10 9.56 7.74 6.13
3.65 3.65 4.45 4.31 4.53 5.04 2.70 3.87 0.22 1.46 2.99 6.20 6.72 8.18 7.66 6.42 7.30 9.13 11.39 11.97 11.90 11.75 11.61 11.97 12.63 12.56 12.56 11.32 10.29 10.15 10.59 10.66 10.59 11.24 12.48 12.19 12.26 11.97 12.56 11.68 11.90 11.10 11.17 12.12 10.80 10.29 10.00 8.69 9.13 13.94 12.34 12.34 8.54 10.73 12.63 14.97 16.43 15.70 15.91 14.09 15.77 15.04 12.92 12.92 20.22 20.51 17.16 18.18 13.72 11.24 15.99 7.88 8.91 13.36 10.88 9.20 9.20 8.98 9.64 9.20 8.69 9.71 6.86 6.64
5.55 5.55 5.62 3.58 2.48 2.48 0.00 0.00 0.00 0.00 0.44 0.00 2.70 2.63 3.07 2.85 4.09 7.59 9.56 8.83 11.75 11.83 10.29 10.29 10.37 9.49 9.49 9.49 9.49 10.07 11.17 11.83 12.05 11.39 12.12 11.75 11.02 12.05 12.78 12.12 10.51 10.66 11.61 10.66 10.15 10.00 8.83 6.50 9.34 7.81 8.18 8.18 8.25 10.59 13.07 17.23 17.67 17.81 21.17 15.62 14.89 17.96 16.43 20.22 23.07 24.16 22.41 21.24 19.93 20.22 17.96 16.86 18.40 16.79 14.75 12.92 12.92 13.36 9.93 6.28 7.08 6.86 7.30 9.34
5.69 5.69 3.14 4.23 0.58 0.00 0.00 0.00 0.00 0.15 0.00 0.00 0.00 0.00 0.00 2.19 5.62 4.60 9.42 11.17 12.05 11.90 10.59 9.71 9.78 8.98 8.98 9.42 10.29 10.37 10.51 10.80 11.02 11.68 10.66 10.73 9.78 9.05 10.00 8.83 7.88 7.30 9.27 10.73 8.25 9.05 6.06 7.59 9.34 8.91 10.80 10.80 12.92 15.33 14.75 16.86 18.25 22.78 17.45 18.32 19.35 21.53 23.73 22.92 25.04 25.55 24.09 20.59 18.91 18.76 19.71 18.25 17.89 19.20 18.61 19.49 19.49 15.70 11.32 7.66 11.17 9.56 11.10 10.44
7.08 7.08 3.21 0.15 0.66 0.00 0.00 0.00 1.75 1.46 1.53 1.83 0.00 1.61 7.15 6.13 10.51 10.88 8.54 10.73 11.10 11.24 11.39 10.15 9.34 9.27 9.27 9.56 9.49 9.78 8.32 10.22 9.86 10.51 10.44 5.40 5.40 8.69 8.10 6.28 5.84 5.62 5.11 6.42 7.88 5.33 5.62 6.64 9.86 11.24 11.90 11.90 12.34 13.94 17.52 21.39 24.38 23.51 22.27 19.35 19.86 21.75 23.87 25.99 26.06 24.82 25.40 21.10 20.00 19.56 21.02 17.89 19.20 20.95 18.98 19.49 19.49 17.16 14.45 16.06 13.51 12.05 12.26 11.46
7.08 7.08 3.21 0.15 0.66 0.00 0.00 0.00 1.75 1.46 1.53 1.83 0.00 1.61 7.15 6.13 10.51 10.88 8.54 10.73 11.10 11.24 11.39 10.15 9.34 9.27 9.27 9.56 9.49 9.78 8.32 10.22 9.86 10.51 10.44 5.40 5.40 8.69 8.10 6.28 5.84 5.62 5.11 6.42 7.88 5.33 5.62 6.64 9.86 11.24 11.90 11.90 12.34 13.94 17.52 21.39 24.38 23.51 22.27 19.35 19.86 21.75 23.87 25.99 26.06 24.82 25.40 21.10 20.00 19.56 21.02 17.89 19.20 20.95 18.98 19.49 19.49 17.16 14.45 16.06 13.51 12.05 12.26 11.46
2.34 2.34 2.92 0.73 0.88 0.00 0.00 4.02 8.61 8.03 10.59 10.95 6.57 6.06 9.27 11.39 10.80 11.97 11.02 10.59 10.29 11.97 11.53 10.37 10.88 9.34 9.34 9.78 9.64 9.93 8.10 6.35 5.91 5.84 2.77 4.82 4.60 2.34 4.82 6.20 5.18 3.29 3.50 2.26 1.53 1.46 10.29 8.98 10.66 10.66 11.97 11.97 12.26 15.99 18.32 21.97 23.58 19.27 22.56 22.41 18.18 20.44 19.64 22.34 25.70 25.19 22.19 20.22 20.73 19.49 20.29 14.82 16.06 17.89 18.10 15.84 15.84 16.50 15.33 15.62 15.26 12.19 12.34 11.68
1.83 1.83 2.04 1.75 3.14 4.09 3.72 6.28 10.88 12.26 12.41 11.61 11.02 10.15 10.07 11.53 12.34 11.46 11.83 10.73 12.05 11.61 11.68 11.17 9.86 9.93 9.93 9.78 9.13 8.40 6.28 3.14 3.29 3.87 1.46 0.66 1.24 2.85 3.94 3.94 5.62 1.10 2.19 0.37 0.00 8.10 8.10 9.27 10.73 11.75 11.24 11.24 15.55 14.89 17.59 21.02 16.79 15.70 20.51 20.88 14.67 16.57 15.91 18.47 22.56 21.90 22.27 22.34 20.15 18.98 16.57 17.67 14.53 15.40 11.75 12.26 12.26 13.14 13.65 11.75 11.97 11.75 12.70 0.00
3.07 3.07 5.11 5.40 5.26 5.62 7.88 10.51 11.53 12.70 11.39 11.68 10.00 8.83 6.35 6.79 5.18 7.45 7.59 10.00 10.88 8.83 9.49 9.56 9.71 8.91 8.91 7.74 7.52 8.54 7.45 6.28 2.04 2.85 1.17 1.61 1.90 4.96 4.96 4.23 0.00 0.07 0.00 0.00 0.00 0.00 8.61 9.20 10.51 7.81 10.37 10.37 12.78 12.26 13.87 12.99 13.43 10.15 7.52 9.27 11.53 13.43 12.34 16.50 19.93 19.20 21.68 21.46 15.99 12.12 15.40 15.33 8.47 8.25 8.91 11.02 11.02 11.24 7.30 11.68 14.24 14.31 15.33 0.00
4.23 4.23 4.96 6.06 6.28 6.57 6.42 9.34 10.80 10.37 10.51 9.93 7.59 8.47 3.80 3.50 4.60 4.23 4.89 5.04 5.62 5.26 7.01 9.49 8.76 9.05 9.05 7.96 6.79 5.77 7.37 4.23 4.89 3.87 4.67 4.96 4.89 2.04 0.00 0.00 0.00 0.00 0.00 0.00 0.00 8.18 8.47 8.76 6.13 5.91 7.52 7.52 12.05 10.22 9.71 8.18 6.13 7.23 5.91 6.35 7.59 6.64 10.73 14.31 16.35 12.85 14.67 14.45 14.31 9.34 4.16 1.75 2.99 4.23 0.00 2.48 2.48 4.89 3.58 8.83 9.93 11.83 14.60 0.00
3.94 3.94 4.16 3.21 4.82 6.86 6.72 8.25 10.66 9.42 9.49 9.20 5.04 1.02 1.83 0.22 2.70 3.07 2.92 2.77 2.99 5.91 5.18 8.40 10.66 11.17 11.17 12.48 11.17 10.59 8.98 5.84 3.94 7.74 5.18 3.50 0.00 0.00 0.00 0.00 0.00 0.00 0.00 7.15 8.69 7.15 6.28 5.48 5.69 5.48 7.08 7.08 7.96 8.83 6.20 5.91 5.04 5.33 5.99 3.72 0.00 4.02 8.47 11.61 8.76 8.47 10.59 9.20 2.12 5.55 0.00 0.00 0.00 0.00 0.00 0.00 0.00 4.45 11.46 10.37 10.51 10.73 5.91 4.45
3.58 3.58 3.14 4.67 4.31 6.13 9.05 9.49 9.42 8.91 7.23 5.62 5.91 4.53 3.07 1.17 0.88 1.97 1.83 4.31 2.63 4.89 8.47 9.20 11.24 10.51 10.51 14.67 14.02 13.14 13.72 12.05 11.17 11.90 10.07 9.42 3.14 0.95 0.00 0.00 0.00 0.00 0.00 7.30 7.52 8.91 7.74 6.50 6.13 6.42 6.50 6.50 6.42 7.08 6.35 6.64 3.21 4.09 0.00 0.22 5.26 3.87 7.81 7.23 7.15 7.66 5.33 2.70 0.00 2.56 0.00 0.00 0.00 0.00 0.00 4.09 4.09 14.82 14.75 14.38 14.09 17.96 7.74 0.00
3.58 3.58 3.14 4.67 4.31 6.13 9.05 9.49 9.42 8.91 7.23 5.62 5.91 4.53 3.07 1.17 0.88 1.97 1.83 4.31 2.63 4.89 8.47 9.20 11.24 10.51 10.51 14.67 14.02 13.14 13.72 12.05 11.17 11.90 10.07 9.42 3.14 0.95 0.00 0.00 0.00 0.00 0.00 7.30 7.52 8.91 7.74 6.50 6.13 6.42 6.50 6.50 6.42 7.08 6.35 6.64 3.21 4.09 0.00 0.22 5.26 3.87 7.81 7.23 7.15 7.66 5.33 2.70 0.00 2.56 0.00 0.00 0.00 0.00 0.00 4.09 4.09 14.82 14.75 14.38 14.09 17.96 7.74 0.00
0.00 0.00 0.00 2.34 4.45 2.85 6.64 4.45 7.81 7.88 7.52 7.45 7.08 7.52 6.86 3.80 3.21 5.11 4.82 7.45 8.98 11.39 10.51 10.29 9.78 14.02 14.02 15.70 16.50 15.40 14.45 12.48 12.99 14.09 11.17 7.23 10.00 5.91 4.89 0.00 0.00 0.00 0.00 7.15 10.00 9.78 8.47 8.10 7.08 5.91 5.77 5.77 7.30 7.81 5.62 6.50 1.68 0.00 0.00 1.97 5.55 2.56 4.74 4.67 4.38 4.82 1.31 1.10 0.00 0.00 0.00 0.00 0.00 0.00 6.06 16.94 16.94 16.43 16.43 15.91 23.07 22.70 9.56 9.13
