Wansh/Snow_depth/snowdepth-1991/winter/1992011.txt
ncols 321
nrows 161
xllcenter 60
yllcenter 15 
cellsize  0.25 
NODATA_value -1
[rows 0 to 36 of 161, columns 84 to 167 of 321]
0.00 0.00 0.00 6.13 6.35 5.99 2.99 3.58 3.07 4.67 4.23 6.20 7.08 6.86 8.40 8.61 10.00 10.29 10.29 10.44 10.51 9.05 10.44 6.35 7.66 2.12 1.31 1.75 0.73 0.58 3.72 3.50 5.33 5.18 7.15 7.37 7.37 7.81 7.23 5.55 5.04 4.09 4.89 4.89 3.43 3.43 3.43 3.21 3.65 4.38 4.38 5.77 7.15 8.10 6.13 5.55 6.35 7.74 5.48 5.55 4.74 3.80 4.09 4.45 3.29 3.65 3.94 4.89 4.89 6.72 6.28 9.71 10.15 10.37 9.78 9.86 9.34 12.41 12.05 11.46 11.32 11.39 10.66 9.05
0.00 0.00 0.00 5.91 5.69 5.91 4.45 3.29 3.36 3.50 5.18 4.82 5.69 6.94 6.64 7.01 4.74 8.47 8.47 7.74 9.93 10.15 10.15 9.64 7.81 3.29 1.24 1.61 1.10 1.39 2.48 2.19 5.84 4.31 5.33 5.77 6.79 6.57 6.64 5.55 8.18 8.47 8.25 8.25 8.76 6.35 7.59 5.69 3.36 3.21 2.70 3.29 3.14 3.43 3.72 4.89 6.64 6.20 6.42 8.76 5.69 8.61 6.20 6.94 4.82 6.72 10.37 5.40 5.40 9.49 9.56 9.56 9.34 10.07 9.86 12.56 13.80 13.21 13.51 14.02 11.75 10.95 11.53 10.80
3.21 2.70 2.92 2.26 2.04 3.87 6.42 5.77 7.15 6.57 6.13 5.84 5.18 5.55 4.02 3.65 3.94 4.67 4.67 8.47 6.50 9.71 9.13 8.91 9.27 5.91 5.04 2.63 1.83 1.68 1.39 3.43 2.63 4.45 2.77 5.77 7.30 10.95 11.75 11.32 11.53 9.64 6.35 6.35 7.15 9.20 8.18 6.42 9.93 7.37 4.45 3.50 3.72 3.14 3.07 4.60 6.94 7.30 6.06 8.83 10.15 9.71 12.34 12.19 14.38 9.49 12.99 11.10 11.10 10.73 12.19 9.78 9.93 10.15 13.14 12.26 15.04 15.70 14.24 14.02 13.72 13.87 12.12 12.19
3.21 2.70 2.92 2.26 2.04 3.87 6.42 5.77 7.15 6.57 6.13 5.84 5.18 5.55 4.02 3.65 3.94 4.67 4.67 8.47 6.50 9.71 9.13 8.91 9.27 5.91 5.04 2.63 1.83 1.68 1.39 3.43 2.63 4.45 2.77 5.77 7.30 10.95 11.75 11.32 11.53 9.64 6.35 6.35 7.15 9.20 8.18 6.42 9.93 7.37 4.45 3.50 3.72 3.14 3.07 4.60 6.94 7.30 6.06 8.83 10.15 9.71 12.34 12.19 14.38 9.49 12.99 11.10 11.10 10.73 12.19 9.78 9.93 10.15 13.14 12.26 15.04 15.70 14.24 14.02 13.72 13.87 12.12 12.19
4.23 3.58 2.12 0.00 2.92 4.16 3.87 6.13 5.26 6.57 5.99 7.45 6.28 6.86 5.48 5.69 6.57 2.77 2.77 4.02 3.14 4.16 7.81 9.64 8.83 6.57 6.72 3.87 2.12 2.19 2.70 0.44 2.26 3.87 7.08 8.98 8.25 10.66 11.75 9.56 7.88 6.57 6.57 6.57 6.72 8.54 10.51 10.51 10.59 8.83 9.34 5.62 3.07 2.26 2.48 2.34 2.85 4.96 6.50 7.74 9.34 12.56 12.26 13.87 16.21 18.47 15.04 15.18 15.18 12.63 12.92 11.83 10.73 10.51 11.17 14.24 13.94 14.31 12.12 15.18 13.72 13.21 13.21 12.41
4.82 2.99 3.43 4.31 5.33 5.26 5.40 5.69 5.84 5.91 7.08 6.64 7.66 7.45 7.30 7.23 10.29 9.34 9.34 10.51 6.64 3.43 3.07 6.94 6.20 7.96 5.18 3.72 2.41 1.61 0.00 0.73 2.92 2.12 6.13 5.91 7.74 9.64 9.42 9.56 9.64 8.40 7.74 7.74 7.66 7.08 11.97 13.07 11.83 8.98 10.29 6.06 3.65 3.07 2.70 2.70 2.77 4.38 6.50 8.10 7.74 10.88 14.38 13.51 17.30 18.91 16.50 17.01 17.01 14.16 11.90 11.53 14.02 11.53 11.39 11.97 11.68 10.88 10.51 10.51 10.29 13.58 13.94 14.09
3.87 3.87 3.21 2.77 5.77 9.20 9.27 9.56 9.49 8.76 8.98 7.74 7.23 7.23 7.23 9.20 11.83 14.02 14.02 14.09 10.29 4.74 4.82 3.50 3.58 4.38 3.29 2.92 2.19 0.00 0.00 2.34 3.80 4.45 3.87 5.69 8.03 11.32 10.66 9.56 9.93 9.20 8.10 8.10 9.34 9.20 9.71 13.65 12.48 6.42 5.11 3.36 3.72 3.43 3.21 3.94 5.77 5.26 6.42 9.20 11.32 10.73 13.36 16.94 15.40 18.91 17.52 15.48 15.48 15.77 15.26 15.91 15.18 17.45 14.02 14.02 13.43 12.05 9.49 9.49 10.15 10.07 12.78 13.21
3.87 3.87 3.21 2.77 5.77 9.20 9.27 9.56 9.49 8.76 8.98 7.74 7.23 7.23 7.23 9.20 11.83 14.02 14.02 14.09 10.29 4.74 4.82 3.50 3.58 4.38 3.29 2.92 2.19 0.00 0.00 2.34 3.80 4.45 3.87 5.69 8.03 11.32 10.66 9.56 9.93 9.20 8.10 8.10 9.34 9.20 9.71 13.65 12.48 6.42 5.11 3.36 3.72 3.43 3.21 3.94 5.77 5.26 6.42 9.20 11.32 10.73 13.36 16.94 15.40 18.91 17.52 15.48 15.48 15.77 15.26 15.91 15.18 17.45 14.02 14.02 13.43 12.05 9.49 9.49 10.15 10.07 12.78 13.21
4.09 2.85 2.85 4.09 7.52 6.86 8.69 8.69 8.69 8.69 7.15 4.96 4.96 4.96 8.25 10.07 9.56 11.24 11.24 12.70 12.92 7.96 9.64 7.59 3.36 2.56 2.99 2.34 0.00 2.99 2.63 2.63 3.87 5.26 8.10 11.68 11.61 11.83 10.51 8.32 6.35 6.86 6.13 6.13 10.00 10.00 4.31 5.40 5.26 4.82 4.60 4.16 5.84 5.48 5.77 4.82 8.10 7.59 7.66 8.18 8.76 11.24 10.73 13.65 13.29 15.70 15.84 13.14 13.14 14.89 15.11 14.45 16.94 16.35 16.64 15.55 13.80 13.65 15.84 10.66 10.59 9.71 10.00 8.76
3.50 3.43 3.43 3.94 3.80 5.18 6.72 6.57 7.01 7.23 5.11 5.69 3.87 6.13 7.37 7.01 9.71 11.90 11.90 11.02 11.24 11.68 9.56 4.23 3.36 2.56 3.07 0.00 0.00 3.58 2.34 2.85 2.77 4.02 7.23 8.83 9.13 6.86 5.99 6.20 4.67 4.16 3.21 3.21 4.89 4.60 4.38 4.60 7.59 7.88 8.83 8.61 8.76 12.05 9.86 8.76 8.76 7.81 8.76 8.03 8.25 8.91 8.54 8.69 9.56 10.88 12.26 12.26 12.26 13.58 14.31 16.79 16.50 16.79 16.13 16.64 16.64 17.67 17.01 15.91 11.46 10.15 8.32 8.69
3.94 3.65 3.50 3.94 4.23 3.87 5.18 5.91 5.99 6.42 6.94 6.86 7.45 6.64 8.03 10.15 12.19 12.92 12.92 12.70 12.34 11.24 7.08 4.16 3.94 3.50 0.00 1.17 0.00 2.19 2.77 2.26 3.21 2.70 4.60 4.82 5.77 7.45 5.84 5.33 6.35 6.20 5.99 5.99 4.89 3.87 6.94 7.01 8.10 9.78 10.37 16.21 14.82 15.77 10.95 13.65 11.61 12.26 11.24 14.89 10.29 11.46 8.91 10.15 11.61 10.95 12.70 14.97 14.97 14.45 16.13 18.03 19.27 19.64 17.67 17.45 17.16 19.20 15.99 17.08 12.70 14.24 13.80 10.88
3.94 3.65 3.50 3.94 4.23 3.87 5.18 5.91 5.99 6.42 6.94 6.86 7.45 6.64 8.03 10.15 12.19 12.92 12.92 12.70 12.34 11.24 7.08 4.16 3.94 3.50 0.00 1.17 0.00 2.19 2.77 2.26 3.21 2.70 4.60 4.82 5.77 7.45 5.84 5.33 6.35 6.20 5.99 5.99 4.89 3.87 6.94 7.01 8.10 9.78 10.37 16.21 14.82 15.77 10.95 13.65 11.61 12.26 11.24 14.89 10.29 11.46 8.91 10.15 11.61 10.95 12.70 14.97 14.97 14.45 16.13 18.03 19.27 19.64 17.67 17.45 17.16 19.20 15.99 17.08 12.70 14.24 13.80 10.88
3.80 4.09 3.36 3.29 3.50 3.29 4.16 5.91 5.33 7.59 8.40 8.10 9.05 12.92 11.61 12.56 12.56 12.85 12.85 14.16 11.90 9.27 6.94 5.69 3.29 4.09 0.00 0.44 1.39 1.39 2.99 3.29 7.01 6.42 6.42 6.64 6.42 6.94 11.53 9.34 9.49 10.66 11.10 11.10 8.69 7.74 8.10 8.18 8.47 11.90 15.18 17.74 17.89 17.16 17.37 15.18 15.70 18.32 16.35 16.50 13.29 12.78 12.78 11.24 14.24 12.41 12.34 14.45 14.45 16.43 15.99 19.35 21.46 22.19 22.56 21.53 19.42 19.71 15.40 14.45 14.45 14.67 12.99 13.14
3.43 2.77 2.85 3.50 3.58 3.58 4.67 5.84 8.03 8.98 9.56 10.59 13.51 11.97 12.34 12.41 11.90 13.14 13.14 12.05 9.49 8.61 6.20 4.31 4.67 3.43 2.99 0.88 2.63 6.72 5.18 3.80 8.91 12.19 15.33 14.75 14.60 14.38 13.72 14.38 12.19 11.46 11.32 11.32 9.86 10.66 14.31 11.97 12.92 14.97 14.38 16.21 17.96 18.40 18.54 21.10 21.17 20.15 17.81 13.14 13.87 13.51 14.38 15.04 15.18 14.53 14.75 14.53 14.53 16.43 20.22 21.24 20.88 23.00 20.08 19.86 15.70 12.99 14.75 4.53 8.76 12.78 11.39 10.88
4.60 4.96 4.82 5.33 5.26 5.26 6.72 8.03 7.74 8.91 8.54 8.18 10.22 9.49 12.12 11.24 13.51 12.34 12.34 11.39 9.78 8.76 6.35 7.81 6.28 4.89 7.23 5.84 5.69 5.91 5.99 5.48 15.62 15.33 15.70 15.70 14.67 13.07 13.58 12.19 12.34 11.61 16.13 16.13 17.23 17.23 15.77 15.55 14.38 15.40 17.45 16.86 18.61 18.83 22.56 24.09 23.87 17.96 19.71 12.12 9.49 9.05 11.32 10.59 13.21 13.51 13.51 16.21 16.21 15.84 17.96 20.66 17.81 18.54 16.13 14.53 14.67 5.55 0.00 0.00 6.28 12.26 11.75 11.24
5.69 5.48 5.77 5.69 5.55 4.31 2.99 2.77 3.87 6.06 6.72 6.50 6.79 7.23 9.86 10.00 12.26 11.97 11.97 12.26 8.47 9.64 7.96 6.72 7.01 7.08 7.52 7.30 9.13 9.93 11.90 13.43 14.02 14.09 12.56 12.48 12.63 13.07 14.16 14.31 16.13 14.75 15.40 15.40 15.62 14.45 11.83 11.97 11.90 13.58 15.55 13.29 16.64 15.77 20.51 19.86 21.46 17.16 10.22 11.53 7.74 11.39 10.29 10.22 12.26 13.72 13.36 15.77 15.77 18.61 18.10 19.56 15.33 13.58 13.72 14.31 6.57 9.78 0.00 4.60 1.17 11.32 10.29 12.85
5.69 5.48 5.77 5.69 5.55 4.31 2.99 2.77 3.87 6.06 6.72 6.50 6.79 7.23 9.86 10.00 12.26 11.97 11.97 12.26 8.47 9.64 7.96 6.72 7.01 7.08 7.52 7.30 9.13 9.93 11.90 13.43 14.02 14.09 12.56 12.48 12.63 13.07 14.16 14.31 16.13 14.75 15.40 15.40 15.62 14.45 11.83 11.97 11.90 13.58 15.55 13.29 16.64 15.77 20.51 19.86 21.46 17.16 10.22 11.53 7.74 11.39 10.29 10.22 12.26 13.72 13.36 15.77 15.77 18.61 18.10 19.56 15.33 13.58 13.72 14.31 6.57 9.78 0.00 4.60 1.17 11.32 10.29 12.85
4.74 5.11 5.69 6.20 5.11 4.45 2.19 2.77 2.48 3.07 2.85 4.96 7.45 9.34 9.42 9.20 10.80 9.64 9.64 8.98 6.50 7.01 5.84 5.69 7.23 7.45 8.69 8.69 9.64 10.29 10.29 12.48 15.91 16.21 14.09 12.41 10.88 11.46 11.39 12.19 12.48 15.11 12.41 12.41 11.02 10.44 10.59 9.71 7.15 9.78 8.91 11.97 13.65 12.05 16.79 15.62 17.96 15.70 11.17 15.70 14.24 14.02 18.61 13.51 14.67 14.16 16.13 16.06 16.06 17.89 21.10 18.69 19.86 14.82 13.58 13.29 8.03 0.00 0.00 1.68 7.52 9.34 8.98 10.95
5.33 4.74 5.91 5.91 5.77 6.86 4.89 3.07 2.48 3.07 4.23 5.69 7.81 8.03 8.69 8.91 9.05 9.64 9.64 9.13 7.88 5.91 7.45 5.62 6.72 9.49 10.29 11.02 10.59 11.32 15.26 16.94 16.43 17.23 16.13 12.99 10.66 8.61 4.89 6.28 6.06 10.44 10.00 10.00 9.64 10.22 8.03 5.40 4.45 5.77 6.94 7.88 7.23 10.59 14.16 16.79 17.37 17.01 20.81 19.78 20.15 17.74 23.07 17.52 17.89 18.47 16.79 21.61 21.61 20.88 22.48 18.03 9.71 10.73 10.66 6.86 7.88 3.14 4.09 6.20 5.26 6.42 7.74 8.47
4.45 5.04 5.11 5.99 7.37 7.15 6.79 4.31 5.11 3.94 5.33 5.04 6.20 6.72 8.10 6.79 8.54 8.32 8.32 8.25 7.59 7.96 8.54 8.98 8.69 9.64 11.97 12.99 13.07 11.46 12.26 14.45 9.05 11.90 11.24 11.53 10.07 2.99 2.77 2.92 6.50 7.30 6.13 6.13 10.73 8.76 9.56 6.50 3.21 11.24 10.15 10.22 10.37 14.67 14.60 18.25 22.56 21.90 22.19 21.97 25.11 25.19 25.19 23.51 18.40 19.86 19.93 23.80 23.80 19.78 21.68 16.79 6.94 5.69 5.62 5.69 2.77 2.41 2.19 4.31 4.96 4.74 6.94 7.74
5.04 5.55 6.57 6.50 6.79 6.64 7.96 6.94 6.94 5.40 5.69 5.04 5.91 7.52 6.28 6.72 7.45 8.69 8.69 7.74 7.96 8.69 9.86 10.00 13.43 14.02 13.80 13.14 12.34 8.40 7.59 5.84 6.57 7.66 8.03 4.38 1.83 2.19 1.17 1.02 0.15 4.67 7.74 7.74 7.96 9.64 8.47 11.46 14.45 13.65 14.38 15.26 17.08 18.54 22.27 21.68 23.29 23.21 21.75 21.75 23.21 21.75 23.21 23.14 22.05 21.61 19.64 20.15 20.15 18.83 7.23 4.82 4.23 4.45 2.99 3.21 1.46 2.12 2.19 2.12 3.65 5.33 4.89 6.64
5.26 5.69 5.69 6.79 6.13 7.59 7.01 6.50 8.47 7.30 5.48 6.72 8.61 10.51 10.07 10.22 7.74 7.66 7.66 8.18 8.18 8.47 9.78 13.21 15.11 16.43 17.67 14.89 12.63 9.27 10.66 6.57 5.33 3.72 2.41 1.68 0.37 0.00 0.00 0.00 0.00 2.19 5.11 5.11 5.26 3.36 5.04 8.25 11.32 9.34 11.90 10.73 15.18 12.92 20.08 22.41 23.07 17.96 17.96 13.72 18.98 17.89 21.39 21.17 20.15 21.61 18.61 14.53 14.53 9.05 9.71 8.40 8.98 3.94 4.16 4.09 3.29 2.19 1.68 1.31 0.95 2.70 2.85 4.45
5.26 5.69 5.69 6.79 6.13 7.59 7.01 6.50 8.47 7.30 5.48 6.72 8.61 10.51 10.07 10.22 7.74 7.66 7.66 8.18 8.18 8.47 9.78 13.21 15.11 16.43 17.67 14.89 12.63 9.27 10.66 6.57 5.33 3.72 2.41 1.68 0.37 0.00 0.00 0.00 0.00 2.19 5.11 5.11 5.26 3.36 5.04 8.25 11.32 9.34 11.90 10.73 15.18 12.92 20.08 22.41 23.07 17.96 17.96 13.72 18.98 17.89 21.39 21.17 20.15 21.61 18.61 14.53 14.53 9.05 9.71 8.40 8.98 3.94 4.16 4.09 3.29 2.19 1.68 1.31 0.95 2.70 2.85 4.45
3.65 5.26 5.62 6.50 6.42 6.79 6.72 8.76 8.83 8.25 7.08 7.15 8.76 9.78 12.70 12.78 10.37 8.40 8.40 9.78 11.10 12.12 13.94 13.58 15.48 16.43 15.18 17.16 11.53 8.03 9.05 3.50 2.26 2.77 1.61 1.39 0.00 0.00 0.00 1.10 0.00 0.00 0.00 0.00 1.39 0.00 0.00 3.21 0.00 2.48 4.96 2.63 7.88 6.79 14.45 7.52 11.39 11.02 13.51 11.17 15.04 13.43 13.29 17.59 18.91 17.16 20.00 14.89 14.89 15.84 14.38 14.16 12.34 9.13 7.08 5.04 2.92 1.83 2.26 1.53 2.26 2.19 1.53 1.97
5.91 6.72 6.42 7.45 7.74 7.45 8.10 7.96 7.37 8.18 8.18 7.59 6.86 8.25 10.07 11.97 10.22 10.29 10.29 9.64 11.46 12.78 14.75 14.30 14.01 15.49 14.67 15.91 11.53 14.53 11.24 6.28 2.92 1.31 0.88 0.00 0.00 0.00 0.73 1.24 1.83 1.97 2.34 2.34 0.00 0.00 0.00 0.00 0.00 0.00 0.00 0.00 4.45 4.45 4.09 4.82 5.55 4.23 8.69 7.81 10.51 11.24 10.88 10.80 15.11 13.58 14.60 15.11 15.11 14.82 15.26 13.51 14.24 8.61 5.62 5.69 2.41 1.97 3.36 1.17 2.12 1.02 0.73 0.80
7.01 6.86 8.25 10.37 11.39 11.75 10.15 8.83 6.42 6.57 4.60 5.91 7.08 5.18 11.10 8.47 7.37 7.08 7.08 8.40 10.44 12.41 12.34 13.75 16.67 13.56 14.99 14.30 14.67 16.57 13.36 9.42 9.64 7.08 1.83 1.17 1.61 2.26 2.26 1.68 2.19 1.68 1.68 1.68 1.90 0.00 0.00 0.00 0.00 0.00 0.00 0.00 0.00 0.00 3.72 0.00 0.00 3.72 5.69 10.29 9.27 11.61 10.29 10.29 10.15 10.73 9.78 12.99 12.99 12.41 14.60 13.21 8.18 8.76 7.96 8.25 4.31 3.94 4.89 3.65 4.16 1.83 0.37 1.17
8.40 8.32 8.61 8.54 10.95 10.73 11.32 7.15 4.38 0.00 3.43 0.00 3.87 4.67 0.00 0.00 5.48 7.96 7.96 7.52 7.15 8.89 8.50 11.14 9.76 10.67 14.37 17.11 15.43 17.13 15.04 13.36 14.24 11.46 5.91 9.05 5.55 3.50 3.07 2.56 2.56 1.90 2.12 2.12 0.00 0.00 0.00 0.00 0.00 1.10 0.00 3.29 2.99 4.53 0.00 0.00 0.00 4.89 4.67 8.91 10.95 10.29 10.44 11.46 13.14 10.66 9.34 18.18 18.18 16.13 14.60 15.62 10.51 9.42 9.34 9.86 7.59 5.11 5.11 4.09 1.83 1.24 1.39 1.46
7.88 8.76 8.18 6.86 6.94 11.32 10.88 8.61 8.03 0.00 2.63 0.00 0.00 0.00 0.00 0.00 3.87 8.18 8.18 6.27 4.13 3.71 3.91 5.33 4.67 8.03 12.79 16.66 16.42 18.73 19.00 17.08 15.11 15.26 13.14 13.72 8.83 8.69 3.72 2.70 2.56 2.48 2.77 2.77 0.00 0.00 0.00 0.00 0.00 0.00 0.00 0.00 0.00 0.00 0.00 0.00 0.00 3.80 6.57 5.69 10.95 12.05 13.51 12.99 15.91 14.09 18.54 18.40 18.40 18.98 15.70 12.92 13.80 9.42 9.78 7.96 8.61 5.04 4.45 3.94 2.77 1.31 0.88 1.31
7.88 8.76 8.18 6.86 6.94 11.32 10.88 8.61 8.03 0.00 2.63 0.00 0.00 0.00 0.00 0.00 3.87 8.18 8.22 6.47 4.19 3.97 3.82 5.47 4.60 8.03 12.41 15.48 15.34 19.02 19.19 17.79 16.98 16.14 13.48 13.72 8.83 8.69 3.72 2.70 2.56 2.48 2.77 2.77 0.00 0.00 0.00 0.00 0.00 0.00 0.00 0.00 0.00 0.00 0.00 0.00 0.00 3.80 6.57 5.69 10.95 12.05 13.51 12.99 15.91 14.09 18.54 18.40 18.40 18.98 15.70 12.92 13.80 9.42 9.78 7.96 8.61 5.04 4.45 3.94 2.77 1.31 0.88 1.31
8.47 8.69 8.03 7.37 6.13 5.18 10.22 10.37 11.97 5.99 11.17 2.34 0.00 3.58 0.00 1.83 10.37 11.24 11.24 8.03 5.33 0.00 0.00 0.00 0.00 5.90 6.05 7.70 11.17 15.04 15.26 13.54 16.38 17.93 15.95 14.52 11.95 12.63 7.01 4.31 2.85 1.90 2.41 2.41 1.02 0.00 0.00 0.00 0.00 0.00 0.00 3.80 0.00 0.00 0.00 0.00 0.00 0.00 6.35 5.55 9.42 10.88 9.42 17.23 15.91 20.22 19.13 17.52 17.52 17.45 15.99 12.56 9.27 9.86 8.98 9.20 5.69 6.20 4.96 4.09 3.50 2.12 1.83 2.85
8.83 8.25 8.54 8.25 5.18 6.57 6.35 11.97 11.90 11.75 11.02 5.18 6.72 7.66 8.76 10.59 9.93 11.24 11.24 7.92 0.00 5.80 0.00 3.43 0.00 0.00 0.00 5.75 8.34 11.28 9.93 11.32 13.21 16.13 17.94 17.76 14.97 13.21 11.24 8.03 8.61 6.28 4.60 4.60 1.83 2.48 2.34 2.99 0.00 0.00 4.53 4.31 0.00 0.00 0.00 0.00 0.00 0.00 0.00 4.74 5.84 6.42 6.86 17.23 19.93 19.71 16.50 16.13 16.13 14.38 14.24 12.92 8.98 8.10 7.59 7.15 6.50 5.48 5.11 5.77 5.99 6.72 3.50 4.38
8.40 10.00 8.83 8.91 8.10 8.25 6.13 11.32 10.73 11.90 10.29 9.49 9.71 6.28 6.42 8.03 7.88 8.10 8.10 7.52 6.06 5.62 4.38 4.89 0.00 0.00 0.00 0.00 6.64 8.15 10.29 9.56 12.41 15.18 15.21 16.33 17.89 15.33 15.18 11.68 12.05 9.78 6.28 6.28 2.92 3.43 2.12 2.19 2.77 0.00 0.00 0.00 0.00 0.00 0.00 0.00 0.00 0.00 0.00 0.00 0.00 6.42 5.77 10.07 17.45 13.21 9.05 13.21 13.21 11.32 5.69 0.00 7.08 5.62 5.33 5.91 5.55 6.20 6.94 8.03 7.74 9.13 9.64 10.29
6.86 9.49 11.24 10.37 8.25 8.69 9.86 11.46 13.14 13.87 13.72 8.91 6.79 6.42 5.62 5.91 5.33 5.62 5.62 5.77 3.80 5.99 5.26 0.00 0.00 0.00 2.63 3.15 5.11 7.01 8.83 8.47 10.00 12.85 14.31 16.72 16.45 17.40 16.16 13.20 10.37 10.07 6.64 6.64 4.67 2.41 2.77 3.21 3.21 2.70 3.50 3.80 0.00 0.00 0.00 0.00 0.00 0.00 0.00 0.00 0.00 3.72 8.10 7.30 7.45 8.69 7.37 5.33 5.33 9.13 4.53 0.00 0.00 0.00 0.00 4.53 5.11 4.74 6.28 7.88 8.83 8.47 9.13 8.98
6.50 0.00 10.15 9.42 10.44 9.13 10.07 9.86 9.44 12.92 9.71 8.32 7.01 7.59 5.69 4.16 4.96 3.58 3.58 0.66 1.61 3.72 4.67 3.50 3.80 4.16 0.00 3.32 4.38 5.91 6.28 6.72 8.32 7.15 11.61 14.67 11.17 17.67 16.38 14.08 13.57 11.75 9.34 9.34 7.45 6.86 5.40 3.72 4.38 3.72 4.02 3.50 2.41 0.00 0.00 0.00 0.00 0.00 0.00 4.31 0.00 4.89 4.96 0.00 0.00 6.28 4.74 0.00 0.00 0.00 0.00 0.00 0.00 0.00 0.00 3.87 0.00 5.18 4.09 4.16 4.09 5.11 7.74 7.30
0.88 0.37 4.74 1.83 8.54 11.24 12.70 10.88 10.33 6.28 8.47 7.30 4.96 3.36 4.45 0.73 0.00 0.73 0.73 0.00 0.00 0.00 0.00 0.00 2.63 3.94 3.87 3.80 4.67 4.69 4.54 5.58 5.79 5.04 6.94 9.42 6.72 15.71 16.43 12.05 12.76 12.41 11.61 11.61 10.00 8.40 7.74 6.94 7.96 5.40 5.11 1.97 2.56 2.19 1.75 2.63 3.36 0.00 0.00 0.00 5.11 0.00 0.00 0.00 0.00 0.00 0.00 0.00 0.00 0.00 0.00 0.00 0.00 0.00 0.00 0.00 0.00 0.00 0.00 0.00 0.00 0.00 2.77 0.00
0.88 0.37 4.74 1.83 8.54 11.24 12.70 10.88 10.07 6.28 8.47 7.30 4.96 3.36 4.45 0.73 0.00 0.73 0.73 0.00 0.00 0.00 0.00 0.00 2.63 3.94 3.87 3.80 4.60 4.53 4.38 5.55 5.62 5.04 6.97 9.46 6.72 15.63 16.59 12.05 12.63 12.41 11.61 11.61 10.00 8.40 7.74 6.94 7.96 5.40 5.11 1.97 2.56 2.19 1.75 2.63 3.36 0.00 0.00 0.00 5.11 0.00 0.00 0.00 0.00 0.00 0.00 0.00 0.00 0.00 0.00 0.00 0.00 0.00 0.00 0.00 0.00 0.00 0.00 0.00 0.00 0.00 2.77 0.00
2.26 5.18 1.24 5.40 6.20 14.38 11.75 10.38 9.56 7.01 6.13 5.33 5.55 2.92 0.80 0.00 0.73 0.00 0.00 0.00 0.00 0.00 0.00 0.00 0.00 0.00 2.85 3.87 3.80 4.02 3.50 4.60 4.31 4.23 4.67 4.02 5.04 8.03 9.02 9.49 9.34 8.18 7.66 7.66 7.59 8.47 8.98 7.37 8.83 7.74 6.50 3.72 4.45 1.97 2.41 3.21 3.43 3.87 4.02 3.72 3.72 1.97 0.00 0.00 0.00 0.00 0.00 0.00 0.00 0.00 0.00 0.00 0.00 0.00 0.00 0.00 0.00 0.00 0.00 0.00 0.00 0.00 0.00 0.00
