Wansh/Snow_depth/snowdepth-1991/winter/1992021.txt
ncols 321
nrows 161
xllcenter 60
yllcenter 15 
cellsize  0.25 
NODATA_value -1
[rows 0 to 36 of 161, columns 84 to 167 of 321]
0.00 0.00 0.00 0.00 0.00 0.00 0.00 0.00 0.00 0.00 0.00 0.00 0.00 0.00 0.00 0.00 0.00 0.00 0.00 0.00 8.69 9.20 0.00 0.00 0.00 0.00 0.00 0.00 0.00 0.00 0.00 0.00 0.00 6.79 6.35 7.96 8.03 7.88 7.81 6.57 5.55 6.64 6.57 6.57 4.16 4.23 1.83 0.00 0.00 0.00 0.00 0.00 0.00 0.00 0.00 4.96 6.06 0.00 3.07 0.00 0.00 6.06 3.87 3.36 3.14 2.77 3.58 3.36 3.36 7.96 7.96 7.96 7.96 7.37 8.25 7.01 9.20 9.93 9.93 10.15 10.15 7.15 6.79 6.79
0.00 0.00 0.00 0.00 7.66 0.00 7.45 0.00 0.00 0.00 0.00 0.00 0.00 0.00 0.00 0.00 0.00 0.00 0.00 0.00 0.00 0.00 0.00 0.00 0.00 0.00 0.00 0.00 0.00 0.00 0.00 0.00 0.00 4.96 4.53 5.99 5.84 6.06 4.67 4.74 5.33 7.37 9.86 9.86 6.72 9.05 5.55 2.04 2.26 1.53 1.31 1.68 2.26 2.77 2.34 3.94 4.96 5.55 5.69 3.36 8.54 6.72 5.77 6.79 3.72 8.25 6.64 6.57 6.57 7.81 6.79 7.45 8.83 8.69 10.22 9.78 10.29 11.53 14.31 11.68 11.02 10.66 12.26 10.15
0.00 0.00 0.00 0.00 0.00 0.00 7.74 0.00 0.00 0.00 0.00 0.00 0.00 0.00 0.00 0.00 0.00 0.00 0.00 0.00 0.00 0.00 8.61 0.00 0.00 0.00 0.00 0.00 0.00 0.00 0.00 0.00 0.00 2.34 5.62 7.74 7.45 9.05 9.49 9.42 6.86 8.61 7.59 7.59 11.24 12.56 11.90 12.99 4.45 2.12 2.34 1.39 1.31 1.68 1.97 4.45 6.72 6.20 6.35 7.66 9.34 9.13 12.12 12.34 12.12 12.26 9.42 13.72 13.72 12.56 8.98 9.71 8.32 8.76 11.90 13.36 15.40 15.99 15.55 16.94 14.97 13.87 13.94 10.51
0.00 0.00 0.00 0.00 0.00 0.00 7.74 0.00 0.00 0.00 0.00 0.00 0.00 0.00 0.00 0.00 0.00 0.00 0.00 0.00 0.00 0.00 8.61 0.00 0.00 0.00 0.00 0.00 0.00 0.00 0.00 0.00 0.00 2.34 5.62 7.74 7.45 9.05 9.49 9.42 6.86 8.61 7.59 7.59 11.24 12.56 11.90 12.99 4.45 2.12 2.34 1.39 1.31 1.68 1.97 4.45 6.72 6.20 6.35 7.66 9.34 9.13 12.12 12.34 12.12 12.26 9.42 13.72 13.72 12.56 8.98 9.71 8.32 8.76 11.90 13.36 15.40 15.99 15.55 16.94 14.97 13.87 13.94 10.51
4.31 3.21 3.50 6.72 6.50 6.06 0.00 0.00 0.00 0.00 0.00 8.03 7.23 0.00 0.00 0.00 0.00 0.00 0.00 0.00 0.00 0.00 5.69 8.40 6.57 7.01 0.00 0.00 0.00 0.00 0.00 0.00 2.41 5.48 4.45 7.88 9.13 9.05 9.20 9.49 7.08 8.03 6.64 6.64 11.68 10.51 13.94 14.82 11.32 3.50 4.45 2.92 1.90 1.02 1.46 5.11 3.36 5.55 4.96 7.52 10.80 12.26 11.61 14.24 17.74 16.86 16.21 15.84 15.84 14.31 12.70 11.24 10.80 12.19 11.68 13.43 12.56 14.31 16.43 15.99 15.77 14.09 14.75 14.53
6.06 5.18 7.81 7.08 7.88 0.00 0.00 0.00 6.28 5.99 7.88 7.74 8.54 7.08 7.45 7.74 10.07 6.79 6.79 4.53 0.00 3.43 2.99 5.26 4.45 5.69 2.56 2.92 0.00 1.10 0.00 0.00 3.36 2.99 4.89 7.45 6.79 8.40 9.20 8.98 9.05 6.57 9.05 9.05 10.80 10.00 14.67 14.24 11.61 4.45 5.99 2.77 1.31 1.17 2.41 2.85 3.72 2.77 4.31 6.42 9.78 11.68 15.84 18.83 18.03 19.64 18.40 15.33 15.33 16.13 12.63 10.80 10.22 13.29 10.80 10.22 10.44 11.75 10.51 10.73 13.87 12.99 15.48 16.43
7.59 7.15 7.88 7.88 8.10 6.86 7.96 5.69 7.37 8.32 8.10 8.18 5.77 7.96 8.18 10.80 10.29 12.99 12.99 12.48 12.85 9.86 4.89 4.31 5.77 5.84 3.07 1.90 1.90 1.83 0.00 1.75 3.21 4.89 7.88 6.13 10.66 10.80 9.71 10.29 9.64 10.15 9.78 9.78 10.80 11.75 15.04 14.53 8.03 8.91 4.23 1.75 0.80 2.48 2.70 3.07 3.72 6.94 8.40 11.02 10.07 11.17 16.72 16.06 18.54 18.10 18.76 16.64 16.64 14.09 15.77 16.06 16.06 15.18 14.16 16.06 12.41 10.88 11.32 10.80 11.02 13.07 13.14 15.33
7.59 7.15 7.88 7.88 8.10 6.86 7.96 5.69 7.37 8.32 8.10 8.18 5.77 7.96 8.18 10.80 10.29 12.99 12.99 12.48 12.85 9.86 4.89 4.31 5.77 5.84 3.07 1.90 1.90 1.83 0.00 1.75 3.21 4.89 7.88 6.13 10.66 10.80 9.71 10.29 9.64 10.15 9.78 9.78 10.80 11.75 15.04 14.53 8.03 8.91 4.23 1.75 0.80 2.48 2.70 3.07 3.72 6.94 8.40 11.02 10.07 11.17 16.72 16.06 18.54 18.10 18.76 16.64 16.64 14.09 15.77 16.06 16.06 15.18 14.16 16.06 12.41 10.88 11.32 10.80 11.02 13.07 13.14 15.33
6.72 7.45 6.94 6.57 7.30 7.15 8.10 8.32 8.18 8.83 7.59 8.10 4.74 6.06 5.33 10.44 13.21 12.78 12.78 13.80 12.12 12.48 8.18 4.31 4.67 3.50 2.63 2.70 2.63 3.07 2.92 3.14 3.72 7.08 6.72 11.53 11.32 11.61 9.78 8.03 6.06 7.01 7.66 7.66 9.64 6.57 6.64 7.30 8.18 5.18 4.74 6.50 2.99 8.03 6.06 5.99 5.40 6.50 7.74 9.93 9.42 11.53 10.51 13.72 14.89 12.26 14.75 14.31 14.31 15.62 15.40 16.21 16.35 16.79 16.72 16.35 14.60 15.40 13.72 11.75 11.53 10.73 11.75 11.10
5.18 6.50 5.91 4.38 3.72 5.11 6.42 7.88 7.88 7.23 7.30 5.55 4.89 4.74 8.40 7.30 11.97 13.36 13.36 13.29 13.65 11.90 11.17 5.55 3.21 3.29 2.99 3.14 2.92 3.36 3.14 3.07 3.14 6.42 7.88 9.64 10.29 8.83 7.01 7.15 5.99 4.60 4.53 4.53 5.18 5.11 5.91 3.94 4.60 8.83 7.59 10.88 10.29 10.29 8.47 10.07 5.62 7.23 8.25 8.40 8.69 9.27 8.98 8.83 8.76 10.00 11.90 13.87 13.87 13.14 15.70 16.06 15.84 16.43 17.16 16.06 16.43 16.79 16.94 15.62 11.39 11.68 8.98 9.71
5.62 5.26 4.31 2.41 3.80 3.50 4.23 6.57 6.64 7.59 7.66 7.74 9.05 11.68 7.23 12.63 12.05 14.31 14.31 14.97 12.63 12.99 8.40 5.04 5.04 4.31 3.43 3.36 3.29 2.70 2.92 2.63 3.94 5.84 5.33 6.86 8.40 8.25 6.94 6.42 5.69 7.88 7.08 7.08 6.06 6.50 5.33 7.37 8.76 13.65 11.61 13.21 18.10 13.14 14.67 9.49 10.73 9.78 10.15 9.05 13.72 11.46 9.42 9.56 11.75 13.80 13.36 13.43 13.43 13.51 14.31 17.01 17.23 20.15 18.61 18.03 18.91 17.81 18.32 15.11 11.68 13.36 9.56 9.34
5.62 5.26 4.31 2.41 3.80 3.50 4.23 6.57 6.64 7.59 7.66 7.74 9.05 11.68 7.23 12.63 12.05 14.31 14.31 14.97 12.63 12.99 8.40 5.04 5.04 4.31 3.43 3.36 3.29 2.70 2.92 2.63 3.94 5.84 5.33 6.86 8.40 8.25 6.94 6.42 5.69 7.88 7.08 7.08 6.06 6.50 5.33 7.37 8.76 13.65 11.61 13.21 18.10 13.14 14.67 9.49 10.73 9.78 10.15 9.05 13.72 11.46 9.42 9.56 11.75 13.80 13.36 13.43 13.43 13.51 14.31 17.01 17.23 20.15 18.61 18.03 18.91 17.81 18.32 15.11 11.68 13.36 9.56 9.34
5.26 3.14 0.00 0.00 2.19 3.72 3.36 6.13 8.18 7.59 10.07 10.88 10.44 13.51 14.82 14.97 15.62 16.72 16.72 16.13 13.43 9.86 10.44 6.20 4.89 4.96 3.14 2.56 4.31 2.77 3.72 7.59 8.40 8.40 6.57 8.47 8.18 8.91 7.45 10.95 9.71 10.44 7.88 7.88 10.88 7.81 8.18 10.07 12.26 18.61 19.13 18.47 18.69 16.86 18.10 11.39 15.40 18.61 17.59 16.06 16.72 13.14 10.66 11.97 12.99 13.36 14.16 15.33 15.33 18.18 19.56 20.81 21.24 21.02 20.22 22.34 19.64 18.25 18.91 15.40 15.77 15.40 15.11 12.85
4.23 4.02 0.00 0.00 0.00 3.21 6.28 5.84 8.61 10.51 9.86 10.95 14.82 14.02 15.70 15.55 15.18 16.28 16.28 14.60 11.17 11.68 7.59 6.79 6.79 4.45 3.87 3.29 4.74 8.10 10.29 10.29 11.24 11.02 14.09 14.53 14.75 13.51 11.75 14.09 13.65 13.14 11.24 11.24 14.53 12.63 11.53 13.80 16.64 15.70 16.94 16.43 17.89 19.49 19.71 19.86 17.52 19.20 16.86 13.14 12.48 13.43 15.04 14.31 14.67 15.70 15.84 14.45 14.45 19.42 21.24 23.29 23.21 23.29 22.05 22.27 20.95 18.32 13.14 12.92 16.13 12.05 12.56 12.41
4.31 3.07 3.65 1.68 2.85 2.41 4.74 6.13 8.18 10.73 10.29 10.59 9.20 11.97 13.72 13.21 14.75 14.60 14.60 14.67 11.39 8.69 9.27 7.23 5.62 6.28 4.89 6.42 10.22 8.54 11.24 16.57 16.28 17.08 15.91 15.48 14.38 15.26 15.26 15.26 15.18 16.28 16.13 16.13 16.35 16.57 15.48 16.28 16.86 16.86 17.59 19.20 21.17 20.73 21.39 25.19 21.61 20.22 14.45 16.21 12.12 11.02 9.20 12.19 14.45 14.67 16.35 14.97 14.97 16.64 17.96 19.56 21.83 20.51 18.76 14.45 12.26 13.14 9.13 0.00 12.85 13.29 11.39 13.07
3.87 3.21 3.80 3.72 3.58 3.72 3.72 0.00 4.38 4.38 8.03 8.03 9.56 8.91 11.39 13.36 12.99 13.29 13.29 10.88 9.71 9.78 8.47 8.47 8.32 9.64 8.47 9.86 9.64 13.29 15.84 15.40 16.28 14.82 13.21 14.31 14.09 15.48 14.53 15.91 15.62 14.97 14.82 14.82 14.97 12.78 14.02 14.02 12.92 15.33 14.60 17.59 18.91 19.49 19.86 20.88 21.68 18.47 13.72 9.05 8.18 8.25 8.61 10.22 11.90 13.72 13.80 17.96 17.96 19.20 20.29 19.86 15.11 15.99 14.38 14.16 11.17 1.46 0.00 1.24 8.76 12.19 11.53 13.51
3.87 3.21 3.80 3.72 3.58 3.72 3.72 0.00 4.38 4.38 8.03 8.03 9.56 8.91 11.39 13.36 12.99 13.29 13.29 10.88 9.71 9.78 8.47 8.47 8.32 9.64 8.47 9.86 9.64 13.29 15.84 15.40 16.28 14.82 13.21 14.31 14.09 15.48 14.53 15.91 15.62 14.97 14.82 14.82 14.97 12.78 14.02 14.02 12.92 15.33 14.60 17.59 18.91 19.49 19.86 20.88 21.68 18.47 13.72 9.05 8.18 8.25 8.61 10.22 11.90 13.72 13.80 17.96 17.96 19.20 20.29 19.86 15.11 15.99 14.38 14.16 11.17 1.46 0.00 1.24 8.76 12.19 11.53 13.51
3.14 2.99 4.82 5.55 5.33 4.82 0.00 0.00 0.00 2.56 3.87 3.87 6.28 9.93 9.78 11.02 12.19 12.19 12.19 10.59 8.54 8.10 8.25 8.18 9.64 9.34 10.15 10.51 12.78 13.43 13.07 15.91 16.13 13.07 13.94 11.75 10.73 12.78 14.89 11.46 13.80 13.94 11.61 11.61 10.88 11.90 12.26 12.12 11.53 12.63 9.93 12.70 11.90 15.91 16.57 20.51 19.35 14.16 14.24 11.39 12.48 12.34 14.97 15.91 12.85 14.67 13.80 17.96 17.96 18.91 21.83 19.35 16.86 16.28 15.99 9.93 11.46 2.19 0.15 0.00 8.40 10.44 10.44 11.83
3.07 4.16 3.94 5.04 5.26 3.07 4.16 2.34 2.70 1.75 3.65 5.99 5.26 8.83 9.42 9.49 9.20 11.46 11.46 10.59 11.02 9.34 6.79 7.45 7.01 10.95 11.53 12.34 12.70 13.36 16.06 16.43 18.40 18.18 15.33 10.51 7.96 5.84 8.03 7.66 9.49 11.10 12.12 12.12 12.48 11.10 9.49 9.86 9.27 5.84 7.66 10.07 12.41 15.40 15.62 18.76 19.13 19.35 16.94 15.84 21.90 23.65 20.44 21.17 18.32 18.91 13.87 17.37 17.37 23.00 24.60 21.75 17.81 11.90 11.46 7.88 9.49 3.94 3.58 2.70 2.77 8.03 9.27 10.59
2.34 3.36 5.18 5.84 6.28 6.20 4.38 4.60 4.23 5.40 6.35 5.18 8.10 8.10 8.47 7.81 10.59 9.86 9.86 11.53 10.37 8.91 9.64 7.52 10.80 9.93 12.92 12.78 11.32 9.20 13.51 12.34 16.57 16.43 10.44 6.64 8.54 5.26 2.04 3.21 7.15 7.66 13.36 13.36 12.63 9.86 10.15 7.45 7.45 7.52 6.79 15.33 14.38 12.99 18.18 20.59 21.90 24.97 24.60 25.77 25.55 25.40 23.29 22.41 19.27 18.91 23.43 25.48 25.48 25.40 25.99 9.93 10.73 9.86 7.81 4.31 3.87 4.02 3.94 3.80 4.60 7.15 7.96 7.45
2.63 5.18 4.53 6.57 6.94 6.86 6.13 5.84 5.48 6.50 6.50 8.10 7.96 8.98 8.03 6.06 7.59 8.40 8.40 9.64 10.66 9.78 12.05 12.85 12.70 15.48 15.62 11.68 12.85 8.10 7.15 3.87 6.57 9.78 10.37 7.74 0.73 0.00 0.00 2.19 4.89 4.60 13.72 13.72 11.46 9.64 10.44 11.75 13.80 18.10 17.81 18.03 16.94 15.70 22.41 23.58 25.92 25.11 24.45 25.19 22.48 24.97 24.89 23.36 21.90 20.15 23.07 19.27 19.27 14.09 8.61 5.69 6.42 2.77 3.21 2.41 1.68 1.75 3.21 3.21 3.58 6.20 6.79 6.72
3.29 4.53 6.86 6.35 6.72 6.42 6.13 7.45 8.40 8.03 8.54 9.42 10.66 10.73 10.37 9.05 8.98 8.98 8.98 9.20 11.17 13.29 12.99 14.53 16.21 18.18 18.32 17.45 14.82 9.34 3.36 4.16 3.07 2.19 2.48 1.31 0.00 0.00 0.37 1.31 4.02 3.72 4.96 4.96 6.20 5.62 8.91 10.95 8.25 13.21 16.57 12.26 19.05 18.03 22.27 21.46 23.80 25.11 23.36 17.74 19.27 22.27 19.13 22.85 22.05 23.87 22.85 20.08 20.08 14.97 8.54 12.63 8.25 3.58 2.85 3.50 2.99 3.36 1.31 2.04 2.92 4.31 5.04 4.16
3.29 4.53 6.86 6.35 6.72 6.42 6.13 7.45 8.40 8.03 8.54 9.42 10.66 10.73 10.37 9.05 8.98 8.98 8.98 9.20 11.17 13.29 12.99 14.53 16.21 18.18 18.32 17.45 14.82 9.34 3.36 4.16 3.07 2.19 2.48 1.31 0.00 0.00 0.37 1.31 4.02 3.72 4.96 4.96 6.20 5.62 8.91 10.95 8.25 13.21 16.57 12.26 19.05 18.03 22.27 21.46 23.80 25.11 23.36 17.74 19.27 22.27 19.13 22.85 22.05 23.87 22.85 20.08 20.08 14.97 8.54 12.63 8.25 3.58 2.85 3.50 2.99 3.36 1.31 2.04 2.92 4.31 5.04 4.16
3.94 3.50 5.91 7.15 5.91 6.13 8.03 10.59 10.44 11.02 10.88 9.93 11.68 13.07 12.92 13.80 10.44 10.44 10.44 10.59 10.73 14.31 16.43 16.64 17.37 17.67 17.74 16.35 17.45 11.97 8.03 3.72 1.46 1.24 0.00 0.00 0.00 0.00 0.00 0.00 2.41 1.39 1.83 1.83 3.50 2.92 0.00 3.58 4.23 6.64 2.63 6.72 12.63 11.02 13.87 15.91 10.59 9.86 11.17 10.44 15.48 13.65 16.57 20.44 22.63 22.19 23.07 20.00 20.00 16.86 17.45 17.08 11.97 7.81 9.27 5.48 2.63 1.53 2.19 2.12 1.68 2.34 2.56 3.29
4.53 6.28 5.84 8.18 11.24 7.37 8.69 11.17 11.32 11.53 11.10 9.93 8.61 8.76 9.93 11.68 11.75 11.68 11.68 13.36 14.97 17.08 16.79 17.13 16.95 18.23 16.74 16.86 16.50 11.90 5.69 5.91 3.21 3.72 1.31 0.00 0.00 0.00 1.31 1.46 1.53 0.00 1.83 1.83 1.31 0.00 0.00 0.00 0.00 0.00 0.00 2.77 5.99 5.04 5.77 4.60 5.11 6.42 9.05 11.46 12.78 12.26 14.02 13.72 20.95 18.83 14.67 16.21 16.21 18.69 18.10 18.32 12.12 12.92 10.00 5.91 2.19 1.39 1.61 2.63 2.26 2.56 2.04 1.97
6.94 7.15 9.20 8.61 12.63 14.75 14.24 12.85 12.05 10.88 11.24 9.93 7.37 6.86 6.57 8.18 11.17 12.78 12.78 12.48 14.09 16.72 17.37 17.23 20.04 17.43 19.05 18.81 15.77 17.08 11.83 10.66 6.06 1.75 2.34 0.80 1.61 0.66 1.24 1.31 2.34 1.90 2.12 2.12 1.75 0.00 1.53 0.00 0.00 0.00 0.00 0.00 2.12 0.00 3.65 3.87 4.16 3.72 6.20 10.73 12.41 11.46 11.24 11.32 12.05 10.44 11.75 13.21 13.21 15.62 15.99 12.92 10.07 6.79 6.72 4.60 5.40 2.77 4.09 2.77 1.75 1.10 0.00 0.00
8.25 8.32 9.56 11.75 11.10 14.16 15.04 11.90 12.63 8.69 0.00 0.00 6.20 4.60 3.14 6.72 8.98 11.83 11.83 9.56 8.61 10.08 9.78 13.25 16.87 17.17 17.07 18.66 20.62 20.04 13.51 16.50 13.51 5.18 7.81 4.74 3.80 2.41 1.75 2.12 1.83 1.97 1.90 1.90 0.00 0.00 0.00 0.00 0.00 0.00 0.00 0.00 3.58 3.72 3.87 0.00 3.80 3.29 4.89 7.66 9.49 11.02 11.46 13.58 10.51 11.46 10.07 11.90 11.90 19.42 18.47 13.87 11.61 12.56 10.66 9.13 7.81 6.42 4.89 4.16 2.48 1.61 0.15 1.10
8.03 8.10 8.40 8.69 8.61 14.02 13.51 12.48 7.23 0.00 2.56 0.00 0.00 3.29 1.75 7.52 9.49 8.91 8.91 9.94 6.86 6.23 9.18 8.10 11.93 10.00 15.80 21.66 23.52 22.86 20.62 20.22 17.74 15.62 13.51 9.34 8.83 5.04 3.72 2.34 2.56 2.70 2.56 2.56 0.00 0.00 0.00 0.00 0.00 0.00 0.00 1.75 2.48 2.92 0.00 0.00 3.58 4.53 6.42 10.29 9.13 11.02 12.48 15.33 12.48 20.51 21.17 21.83 21.83 22.12 21.24 14.31 14.82 12.63 11.02 10.29 7.52 9.71 4.31 3.21 4.02 2.34 1.53 2.04
8.03 8.10 8.40 8.69 8.61 14.02 13.51 12.48 7.23 0.00 2.56 0.00 0.00 3.29 1.75 7.52 9.49 8.91 8.95 10.26 6.96 6.67 8.95 8.31 11.75 10.00 15.33 20.13 21.97 23.21 20.83 21.06 19.93 16.53 13.85 9.34 8.83 5.04 3.72 2.34 2.56 2.70 2.56 2.56 0.00 0.00 0.00 0.00 0.00 0.00 0.00 1.75 2.48 2.92 0.00 0.00 3.58 4.53 6.42 10.29 9.13 11.02 12.48 15.33 12.48 20.51 21.17 21.83 21.83 22.12 21.24 14.31 14.82 12.63 11.02 10.29 7.52 9.71 4.31 3.21 4.02 2.34 1.53 2.04
8.03 9.56 9.05 7.66 7.59 7.66 9.78 13.07 11.10 5.91 3.14 3.94 1.46 3.65 9.42 8.61 10.59 9.93 9.93 5.55 4.23 3.72 3.52 0.00 6.74 10.77 9.59 15.41 18.32 19.88 21.97 20.73 21.65 21.26 20.32 14.15 14.97 8.83 4.38 4.09 4.38 2.77 2.34 2.34 0.95 0.00 0.00 0.00 2.92 3.94 3.58 0.00 0.00 0.00 0.00 0.00 0.00 0.00 5.77 8.69 7.08 11.10 10.07 13.80 19.42 22.19 20.81 20.88 20.88 17.96 16.79 13.87 14.89 11.24 10.95 11.46 8.40 6.50 4.53 3.72 2.63 1.90 1.61 2.12
10.15 8.83 8.69 6.72 6.13 5.91 7.52 10.29 14.31 13.58 10.44 11.83 8.10 4.96 7.37 11.53 14.09 12.05 12.05 13.13 7.45 0.00 0.00 0.00 2.42 5.48 3.07 10.89 15.34 12.61 18.83 18.47 19.27 21.70 22.76 20.76 11.78 15.55 10.59 6.64 4.82 5.33 3.36 3.36 1.90 2.34 1.46 0.00 2.19 2.77 3.72 3.65 4.09 3.29 0.00 0.00 0.00 0.00 3.72 3.50 5.40 8.25 11.32 11.68 14.45 21.83 21.53 17.30 17.30 16.21 16.06 13.72 7.96 9.78 10.66 6.94 11.53 5.55 5.04 6.06 5.40 3.80 3.87 8.47
10.73 10.66 10.95 8.91 6.42 6.57 6.28 9.05 13.65 14.53 11.17 11.90 8.18 7.08 7.74 7.37 10.51 10.80 10.80 7.45 8.25 4.60 0.00 3.87 2.26 2.26 3.29 7.67 9.89 9.30 11.90 11.39 17.01 19.35 21.13 19.79 23.18 18.32 15.11 11.90 13.36 8.98 5.33 5.33 2.19 2.26 1.97 1.39 1.46 2.26 2.99 3.07 2.70 3.36 2.85 0.00 0.00 0.00 0.00 0.00 4.23 6.28 10.00 9.71 14.67 13.29 12.78 12.99 12.99 13.94 13.72 6.20 6.06 6.13 4.09 5.55 9.13 8.76 6.35 7.37 6.86 5.69 6.06 10.15
10.22 10.44 11.24 11.17 9.78 7.88 10.80 14.53 13.72 16.13 12.41 10.07 10.22 8.61 7.15 7.37 2.92 6.94 6.94 6.64 4.31 6.28 5.18 2.92 3.29 2.12 3.94 5.43 8.98 8.32 8.91 8.18 13.72 18.25 18.18 20.88 22.01 20.27 17.95 17.84 14.97 9.64 5.99 5.99 3.72 4.31 2.41 1.53 2.04 0.00 0.00 2.41 0.00 3.29 2.85 0.00 0.00 0.00 2.56 2.19 4.02 3.94 6.72 6.94 8.40 9.05 9.56 4.45 4.45 4.31 2.70 3.07 2.99 0.00 2.92 4.16 6.42 6.57 8.47 8.03 9.05 9.49 9.49 9.93
6.72 6.28 9.27 10.59 10.37 11.97 11.53 11.83 11.36 11.32 14.31 12.48 8.98 4.96 2.70 2.85 0.51 0.44 0.44 2.63 4.60 4.09 6.20 5.48 7.37 5.69 7.59 6.49 7.30 7.45 7.52 8.76 7.96 14.45 17.52 14.67 17.89 17.96 18.08 18.34 16.14 12.48 10.15 10.15 10.88 6.50 3.50 5.91 3.50 0.00 2.12 2.19 0.00 0.00 3.21 0.00 0.00 0.00 0.00 4.67 5.04 4.38 5.55 4.53 4.02 3.72 2.34 2.12 2.12 0.88 1.46 0.00 0.00 2.12 2.12 3.87 4.60 6.42 2.92 4.02 5.55 7.81 8.61 6.20
4.23 3.87 6.20 5.77 9.20 12.92 13.14 13.29 11.08 8.54 9.86 7.96 8.91 4.60 2.12 0.29 0.00 0.00 0.00 0.00 0.00 0.00 2.85 7.15 6.50 8.47 8.54 7.45 7.26 7.19 7.87 6.60 6.47 8.40 9.78 8.98 14.97 14.53 16.72 15.33 14.45 12.85 11.61 11.61 12.12 9.13 8.40 8.83 5.91 8.10 3.87 3.58 1.75 0.00 0.00 0.00 0.00 0.00 0.00 4.16 4.96 0.00 4.74 4.38 3.43 0.00 0.00 1.39 1.39 0.00 0.00 0.00 0.00 0.00 0.00 2.70 3.14 2.56 0.00 0.00 3.65 5.48 4.96 4.09
4.23 3.87 6.20 5.77 9.20 12.92 13.14 13.29 10.80 8.54 9.86 7.96 8.91 4.60 2.12 0.29 0.00 0.00 0.00 0.00 0.00 0.00 2.85 7.15 6.50 8.47 8.54 7.45 7.15 6.94 7.59 6.57 6.28 8.40 9.83 9.02 14.97 14.45 16.89 15.33 14.31 12.85 11.61 11.61 12.12 9.13 8.40 8.83 5.91 8.10 3.87 3.58 1.75 0.00 0.00 0.00 0.00 0.00 0.00 4.16 4.96 0.00 4.74 4.38 3.43 0.00 0.00 1.39 1.39 0.00 0.00 0.00 0.00 0.00 0.00 2.70 3.14 2.56 0.00 0.00 3.65 5.48 4.96 4.09
10.22 7.81 5.48 4.96 5.33 10.95 15.33 11.26 12.23 8.54 7.52 7.01 3.43 4.09 1.31 0.07 0.00 0.00 0.00 0.00 0.00 0.00 0.00 2.77 3.65 8.18 7.30 6.50 7.08 6.42 6.50 6.06 5.40 5.11 6.28 6.79 9.56 10.44 12.18 9.05 9.71 10.07 10.15 10.15 7.52 9.42 9.42 8.54 9.27 6.64 5.18 5.77 3.36 2.04 0.00 0.00 0.00 3.07 2.85 3.87 3.58 0.00 3.65 0.00 0.00 0.00 0.00 0.00 0.00 0.00 0.00 0.00 0.00 0.00 0.00 0.00 0.00 0.00 0.00 0.00 0.00 0.00 3.58 3.94
