Wansh/Snow_depth/snowdepth-1991/winter/1992001.txt
ncols 321
nrows 161
xllcenter 60
yllcenter 15 
cellsize  0.25 
NODATA_value -1
[rows 0 to 37 of 161, columns 84 to 167 of 321]
9.71 9.27 8.83 8.98 9.34 9.05 7.01 5.33 5.77 6.13 6.50 6.50 7.23 7.52 7.37 6.79 7.15 9.05 9.05 9.86 9.27 8.69 9.05 5.84 4.53 4.67 1.53 0.88 0.80 1.31 1.10 6.86 6.86 6.86 6.86 5.62 7.81 8.18 5.48 4.45 3.94 3.80 3.21 3.21 4.89 2.63 3.21 1.90 3.29 3.65 3.43 4.45 3.36 5.91 4.23 5.33 5.33 5.18 5.55 6.35 4.23 2.63 2.85 3.29 2.56 2.41 3.36 3.72 3.72 4.23 6.72 6.13 7.88 7.96 8.10 8.83 11.17 10.88 9.42 9.49 9.56 9.93 10.00 8.18
8.32 8.25 8.83 8.76 8.54 8.76 7.59 7.66 6.86 6.13 8.18 7.01 7.37 5.62 5.62 5.55 5.99 6.13 6.13 8.83 9.27 9.49 8.25 8.10 6.13 2.77 2.92 2.04 1.24 0.88 0.95 1.02 1.68 4.60 4.53 6.06 6.57 6.20 5.48 5.77 8.54 7.59 7.74 7.74 6.06 4.96 6.79 4.02 3.94 2.77 2.85 3.29 2.26 2.63 2.99 3.43 4.82 4.67 5.91 5.91 5.69 7.23 5.18 5.04 7.30 4.89 4.60 6.72 6.72 9.20 8.98 7.74 7.88 8.25 11.17 9.27 11.90 11.61 12.41 11.46 9.71 10.37 8.61 9.13
7.45 8.03 7.15 7.37 6.94 8.03 8.54 8.10 9.42 8.76 8.69 8.32 5.69 5.69 5.33 6.13 4.82 4.74 4.74 4.89 5.18 8.18 8.10 8.18 6.86 7.01 2.48 2.70 1.31 1.24 1.10 0.88 2.92 1.75 4.09 6.50 7.88 8.98 9.49 9.20 9.20 6.13 4.74 4.74 8.54 7.59 8.83 9.20 5.99 6.86 3.07 2.99 3.21 2.48 2.41 4.09 3.72 5.69 5.48 7.15 9.13 8.69 11.53 10.07 9.78 10.88 13.43 8.83 8.83 10.66 10.29 10.59 9.05 10.73 10.22 13.29 12.78 13.80 12.92 13.21 11.75 11.24 11.39 9.27
7.45 8.03 7.15 7.37 6.94 8.03 8.54 8.10 9.42 8.76 8.69 8.32 5.69 5.69 5.33 6.13 4.82 4.74 4.74 4.89 5.18 8.18 8.10 8.18 6.86 7.01 2.48 2.70 1.31 1.24 1.10 0.88 2.92 1.75 4.09 6.50 7.88 8.98 9.49 9.20 9.20 6.13 4.74 4.74 8.54 7.59 8.83 9.20 5.99 6.86 3.07 2.99 3.21 2.48 2.41 4.09 3.72 5.69 5.48 7.15 9.13 8.69 11.53 10.07 9.78 10.88 13.43 8.83 8.83 10.66 10.29 10.59 9.05 10.73 10.22 13.29 12.78 13.80 12.92 13.21 11.75 11.24 11.39 9.27
7.88 7.45 6.06 7.66 7.66 7.66 6.42 8.61 8.47 8.54 8.69 8.76 8.76 7.30 7.23 6.72 6.94 4.67 4.67 4.45 4.67 5.11 6.13 7.74 7.45 5.62 6.20 3.14 2.19 1.39 1.02 1.02 1.75 1.10 6.28 5.48 7.23 8.47 8.69 7.01 5.26 5.69 5.55 5.55 8.83 10.15 9.86 10.29 7.88 6.72 8.18 3.50 1.17 1.75 1.75 2.56 3.07 2.85 6.42 7.81 7.01 11.68 13.87 13.43 18.03 14.75 15.70 14.31 14.31 14.67 11.17 10.29 10.51 10.88 11.90 11.61 12.26 11.61 11.75 11.32 12.85 12.48 12.34 12.34
7.15 8.25 8.54 8.18 8.10 6.72 6.79 8.18 7.88 7.37 9.78 9.34 9.42 9.42 7.96 7.66 9.71 11.90 11.90 11.32 6.28 6.42 5.40 5.62 5.40 6.20 3.29 3.50 2.19 1.31 1.10 1.31 1.10 3.50 5.04 4.02 6.42 6.35 7.15 7.23 6.72 7.59 7.66 7.66 7.66 9.56 11.02 10.66 11.10 8.40 3.36 4.53 1.02 1.83 2.26 2.26 2.70 4.89 4.45 6.86 9.93 9.86 14.45 18.18 17.81 17.81 16.13 16.64 16.64 13.72 14.09 11.68 12.34 12.19 12.19 11.46 9.27 10.00 9.56 9.56 10.95 13.29 14.09 12.92
9.71 8.98 9.56 9.49 9.27 11.39 9.20 8.91 10.88 10.80 10.59 8.83 7.96 8.54 7.30 9.20 9.56 13.51 13.51 13.51 13.80 10.73 4.74 4.82 4.16 4.02 2.26 2.12 2.12 1.17 1.90 1.68 1.46 3.21 3.94 6.35 9.27 8.10 8.69 9.20 6.86 7.96 8.32 8.32 9.64 8.98 11.10 11.53 6.50 7.01 3.29 2.34 1.90 1.61 2.85 4.02 3.80 5.18 7.59 7.52 10.66 13.51 12.63 13.87 16.79 17.01 16.13 14.60 14.60 14.82 14.45 14.31 15.40 14.45 14.38 13.72 12.41 12.85 10.80 9.42 9.27 11.02 12.63 12.56
9.71 8.98 9.56 9.49 9.27 11.39 9.20 8.91 10.88 10.80 10.59 8.83 7.96 8.54 7.30 9.20 9.56 13.51 13.51 13.51 13.80 10.73 4.74 4.82 4.16 4.02 2.26 2.12 2.12 1.17 1.90 1.68 1.46 3.21 3.94 6.35 9.27 8.10 8.69 9.20 6.86 7.96 8.32 8.32 9.64 8.98 11.10 11.53 6.50 7.01 3.29 2.34 1.90 1.61 2.85 4.02 3.80 5.18 7.59 7.52 10.66 13.51 12.63 13.87 16.79 17.01 16.13 14.60 14.60 14.82 14.45 14.31 15.40 14.45 14.38 13.72 12.41 12.85 10.80 9.42 9.27 11.02 12.63 12.56
8.83 8.47 8.69 10.07 11.61 11.61 9.86 11.24 11.24 10.07 8.40 8.98 5.48 5.84 6.50 8.83 9.56 9.56 9.56 13.58 12.19 12.41 7.81 3.58 3.65 2.12 1.68 1.46 2.34 2.70 1.83 2.48 2.99 2.63 3.80 6.50 9.34 8.40 7.88 7.81 6.42 4.31 5.18 5.18 6.72 6.13 3.58 3.94 4.53 4.09 3.43 3.36 7.74 5.91 6.94 4.74 7.08 7.30 8.40 9.42 8.98 11.24 11.83 11.97 9.86 14.53 14.75 11.97 11.97 12.12 13.72 14.97 15.55 15.11 15.18 14.97 13.94 12.48 12.41 13.14 10.15 8.61 9.64 12.12
7.96 7.66 7.37 9.13 8.18 8.98 9.20 7.45 8.98 8.91 7.74 4.96 5.62 5.69 6.94 7.15 8.32 9.34 9.34 8.61 10.22 8.40 8.91 4.23 2.41 2.04 1.53 2.12 1.75 2.70 2.19 2.12 2.77 4.31 6.20 7.01 6.86 7.88 5.69 4.38 3.07 2.99 3.58 3.58 2.99 3.36 3.36 3.14 4.60 5.99 9.34 5.84 9.56 8.83 8.47 9.42 8.32 8.40 8.61 7.88 7.88 8.32 8.61 8.25 7.96 9.71 11.39 11.32 11.32 12.48 14.09 14.09 15.04 15.18 15.55 14.38 16.28 15.70 15.04 11.46 12.56 7.96 8.18 8.40
5.99 6.79 5.04 7.15 7.01 6.42 6.50 6.86 7.74 8.32 8.18 8.18 8.61 6.28 7.15 8.47 7.74 8.61 8.61 10.07 9.13 8.83 4.74 5.33 3.07 2.56 2.77 1.90 2.26 2.19 2.19 2.41 2.48 3.14 3.50 4.96 5.69 5.62 5.62 4.96 6.79 5.91 5.84 5.84 5.91 4.45 5.55 6.06 5.48 9.56 11.53 17.30 11.68 15.55 10.59 11.46 11.75 11.17 12.56 13.51 9.64 8.54 9.27 9.20 9.86 9.05 11.32 12.48 12.48 12.78 14.53 16.43 16.50 16.43 16.06 16.06 16.79 16.13 16.50 14.24 12.70 10.44 10.29 9.56
5.99 6.79 5.04 7.15 7.01 6.42 6.50 6.86 7.74 8.32 8.18 8.18 8.61 6.28 7.15 8.47 7.74 8.61 8.61 10.07 9.13 8.83 4.74 5.33 3.07 2.56 2.77 1.90 2.26 2.19 2.19 2.41 2.48 3.14 3.50 4.96 5.69 5.62 5.62 4.96 6.79 5.91 5.84 5.84 5.91 4.45 5.55 6.06 5.48 9.56 11.53 17.30 11.68 15.55 10.59 11.46 11.75 11.17 12.56 13.51 9.64 8.54 9.27 9.20 9.86 9.05 11.32 12.48 12.48 12.78 14.53 16.43 16.50 16.43 16.06 16.06 16.79 16.13 16.50 14.24 12.70 10.44 10.29 9.56
3.58 3.43 4.96 6.35 6.13 6.35 7.37 7.81 7.74 8.69 9.49 9.20 9.56 10.51 9.49 9.49 8.91 8.47 8.47 9.56 9.27 6.28 6.72 4.89 4.16 4.09 1.68 2.04 1.68 3.14 5.04 3.14 2.34 6.35 6.35 5.99 7.15 6.72 9.13 9.13 9.27 8.10 10.15 10.15 7.81 8.47 7.23 9.34 10.59 10.66 12.63 16.79 17.37 17.59 16.72 14.02 16.21 16.57 15.40 13.43 14.38 10.59 10.88 10.29 12.63 10.80 10.88 12.48 12.48 15.91 14.75 17.74 18.91 19.13 20.00 18.76 17.01 16.57 14.09 14.60 13.07 12.99 11.97 12.12
4.02 5.55 6.42 6.28 8.47 7.96 8.10 8.03 9.56 8.83 10.15 9.78 9.42 9.49 8.76 9.20 8.98 9.64 9.64 9.49 9.56 6.42 4.82 4.82 3.72 3.29 3.72 2.34 4.16 3.94 4.82 9.49 10.73 10.07 10.37 8.47 13.94 13.14 12.48 11.39 11.75 10.66 11.02 11.02 10.07 13.14 10.59 11.39 11.39 14.02 15.70 15.70 17.23 17.89 17.30 20.44 19.20 17.67 18.76 13.14 11.39 11.10 12.26 13.21 12.99 12.63 12.63 12.48 12.48 14.75 18.03 17.89 20.22 20.00 20.51 18.25 14.45 4.67 12.34 10.73 10.15 11.97 10.73 11.02
5.55 5.40 7.81 9.05 8.76 7.52 7.88 7.66 7.23 9.34 8.98 7.88 7.81 7.81 7.74 8.32 9.56 9.42 9.42 9.56 8.69 9.20 7.08 5.11 5.48 4.53 4.67 5.18 6.35 10.00 6.42 12.12 14.82 14.45 13.65 13.21 13.07 13.29 12.12 12.48 11.90 11.83 16.13 16.13 15.84 14.45 13.72 14.09 13.94 13.80 15.48 17.96 17.67 17.59 22.48 23.58 23.21 18.91 12.56 13.94 9.49 8.83 8.10 11.68 11.83 11.68 12.48 14.02 14.02 16.86 16.64 17.45 14.97 16.13 15.70 13.29 14.31 2.56 0.00 0.00 6.13 10.88 10.51 11.24
6.50 8.10 7.52 8.47 7.23 7.52 6.20 4.74 4.45 3.14 5.69 4.67 4.38 6.50 7.81 7.59 8.91 10.29 10.29 9.56 8.40 7.37 7.37 7.15 6.57 6.20 6.06 6.42 6.28 9.27 7.08 11.61 12.85 12.78 12.85 11.97 12.26 13.51 13.94 13.58 13.87 14.02 15.77 15.77 11.10 11.53 11.61 11.39 11.02 14.38 14.09 12.34 15.70 14.67 16.06 21.46 17.30 18.18 12.12 8.03 8.61 8.03 9.49 9.64 10.59 12.48 14.82 14.38 14.38 16.50 17.23 17.52 13.58 11.83 12.26 12.99 5.77 6.42 0.00 3.87 0.73 9.93 11.10 13.87
6.50 8.10 7.52 8.47 7.23 7.52 6.20 4.74 4.45 3.14 5.69 4.67 4.38 6.50 7.81 7.59 8.91 10.29 10.29 9.56 8.40 7.37 7.37 7.15 6.57 6.20 6.06 6.42 6.28 9.27 7.08 11.61 12.85 12.78 12.85 11.97 12.26 13.51 13.94 13.58 13.87 14.02 15.77 15.77 11.10 11.53 11.61 11.39 11.02 14.38 14.09 12.34 15.70 14.67 16.06 21.46 17.30 18.18 12.12 8.03 8.61 8.03 9.49 9.64 10.59 12.48 14.82 14.38 14.38 16.50 17.23 17.52 13.58 11.83 12.26 12.99 5.77 6.42 0.00 3.87 0.73 9.93 11.10 13.87
6.42 7.52 7.52 7.45 8.32 6.50 6.72 3.21 2.56 2.99 2.70 3.87 6.57 5.77 8.18 8.54 8.03 10.00 10.00 8.03 8.54 6.13 6.35 6.42 6.13 7.59 8.98 8.91 10.15 9.86 10.59 11.32 11.24 13.14 12.70 12.92 11.53 11.32 8.47 10.66 11.53 12.05 10.07 10.07 10.51 9.64 8.40 9.20 9.49 6.64 10.51 9.64 12.70 13.58 12.78 17.89 16.50 14.60 13.07 10.51 15.18 14.24 11.97 12.41 15.11 14.82 15.26 16.94 16.94 16.35 19.93 15.84 15.26 13.51 12.92 13.21 6.72 0.00 1.97 0.66 7.01 8.40 9.13 10.95
6.50 6.64 7.74 8.69 8.18 7.59 6.64 7.52 3.58 2.77 4.02 3.65 5.99 8.18 8.10 6.64 9.20 9.34 9.34 7.96 7.15 5.84 6.13 5.99 8.03 7.45 10.00 10.44 10.44 10.80 12.41 13.36 15.55 15.04 13.14 10.07 8.83 8.98 7.59 6.86 5.55 8.61 8.03 8.03 9.64 10.07 7.88 4.53 6.64 5.18 7.37 8.69 8.76 12.70 15.77 14.89 16.43 17.08 20.44 13.94 17.67 21.10 21.46 17.08 16.43 16.50 16.64 18.54 18.54 21.32 21.24 15.77 9.05 10.00 10.15 6.20 7.52 2.19 2.12 5.69 4.82 6.72 8.40 8.03
6.28 6.42 5.48 7.59 8.47 8.40 9.05 6.28 6.28 2.99 3.87 4.09 3.65 6.72 5.48 5.69 5.99 7.15 7.15 7.74 8.32 7.37 7.23 7.15 8.98 11.10 10.73 10.37 9.93 12.48 11.75 10.88 12.78 13.07 9.34 8.61 6.06 6.94 1.46 1.61 3.58 7.08 9.42 9.42 9.93 10.22 7.59 5.55 6.42 5.48 11.90 11.10 13.87 14.16 14.75 19.27 19.93 19.20 21.97 22.12 20.66 22.92 22.27 20.29 18.25 17.96 21.10 20.08 20.08 18.54 13.43 15.91 6.42 5.40 3.43 3.87 1.46 2.26 3.14 4.74 5.69 5.26 6.86 8.69
4.74 5.62 5.11 6.42 8.10 6.35 6.13 6.42 4.60 5.18 2.99 3.72 5.91 5.48 4.89 4.74 4.60 6.50 6.50 6.28 8.03 8.40 7.66 9.56 9.05 11.90 13.58 11.46 11.46 8.40 10.59 6.50 6.28 6.20 6.57 7.30 1.46 0.51 0.00 0.00 4.23 3.21 7.15 7.15 5.55 7.08 6.86 7.45 10.73 14.75 14.38 12.99 15.84 17.74 17.08 20.08 21.75 21.83 22.27 20.73 20.08 22.63 22.92 20.81 20.59 20.66 20.22 16.28 16.28 17.81 8.61 4.74 3.87 3.14 2.63 1.39 1.53 1.68 2.26 2.34 1.90 4.02 5.69 5.40
4.31 5.11 6.64 6.35 7.30 5.18 5.04 4.31 6.13 5.04 5.04 3.58 5.69 6.35 5.99 7.59 6.42 6.42 6.42 5.91 7.37 10.07 9.56 11.61 14.24 13.72 15.55 13.51 12.41 11.68 8.03 5.26 5.04 4.38 1.75 0.95 1.02 0.22 0.00 0.00 2.34 0.00 3.87 3.87 3.43 5.55 2.85 7.96 7.88 4.16 9.64 7.66 12.92 15.33 13.87 20.08 20.44 14.24 17.23 17.81 17.52 15.99 20.00 20.08 20.44 18.91 19.35 15.04 15.04 10.29 11.24 7.74 6.94 5.55 3.50 2.70 1.90 2.04 1.90 2.12 3.36 3.14 4.09 4.89
4.31 5.11 6.64 6.35 7.30 5.18 5.04 4.31 6.13 5.04 5.04 3.58 5.69 6.35 5.99 7.59 6.42 6.42 6.42 5.91 7.37 10.07 9.56 11.61 14.24 13.72 15.55 13.51 12.41 11.68 8.03 5.26 5.04 4.38 1.75 0.95 1.02 0.22 0.00 0.00 2.34 0.00 3.87 3.87 3.43 5.55 2.85 7.96 7.88 4.16 9.64 7.66 12.92 15.33 13.87 20.08 20.44 14.24 17.23 17.81 17.52 15.99 20.00 20.08 20.44 18.91 19.35 15.04 15.04 10.29 11.24 7.74 6.94 5.55 3.50 2.70 1.90 2.04 1.90 2.12 3.36 3.14 4.09 4.89
5.18 4.74 5.69 4.38 4.82 4.67 5.04 7.45 5.99 6.28 5.40 4.02 4.82 6.28 7.96 7.45 7.88 6.50 6.50 7.15 6.86 9.86 12.56 12.34 12.92 14.97 13.80 15.62 16.13 15.55 8.61 4.60 3.65 2.19 1.46 0.37 0.00 0.00 0.00 0.00 2.63 2.12 2.12 2.12 2.04 2.99 0.00 0.00 0.00 0.00 3.94 4.02 4.38 9.27 8.54 6.28 9.64 10.95 6.57 13.29 12.56 13.87 11.02 18.91 18.32 18.54 14.53 15.40 15.40 12.34 12.85 10.59 11.17 7.81 5.33 5.77 4.09 2.19 2.12 2.04 2.77 3.07 2.26 4.16
4.38 5.69 5.77 5.55 7.01 5.48 4.53 7.01 7.15 5.77 6.20 3.87 4.96 4.60 7.01 7.74 7.52 7.30 7.30 6.57 8.98 8.98 12.48 12.66 13.87 14.92 13.42 13.29 13.87 13.36 7.96 9.86 5.77 2.99 1.68 1.90 0.15 0.80 3.21 2.99 3.21 2.99 1.68 1.68 2.77 2.56 2.56 0.00 0.00 0.00 0.00 0.00 0.00 5.26 5.55 4.09 0.00 5.04 4.67 8.61 10.88 9.64 9.42 10.95 10.44 15.91 13.14 12.85 12.85 15.11 14.45 13.65 9.42 10.37 6.64 3.80 2.85 2.92 2.92 2.99 3.43 3.65 1.61 1.90
5.11 7.88 8.54 8.54 8.10 9.49 8.25 8.32 7.15 5.11 4.45 4.67 3.87 0.00 1.97 5.04 5.99 5.69 5.69 5.84 6.72 9.13 8.91 12.05 14.08 13.18 13.66 14.22 15.55 14.31 11.10 7.74 8.83 4.96 2.92 3.50 1.10 3.50 2.99 2.34 2.41 2.12 2.12 2.12 2.26 1.24 0.00 0.00 0.00 0.00 0.00 0.00 0.00 0.00 0.00 0.00 0.00 4.02 7.52 6.64 8.91 9.27 9.05 8.69 9.27 7.66 9.78 10.59 10.59 14.16 12.78 13.65 9.71 8.03 7.66 5.04 4.74 3.87 3.80 4.02 3.14 1.90 2.12 1.39
7.74 8.03 7.96 9.42 9.78 9.56 8.40 7.88 8.47 4.60 0.00 0.00 0.00 0.00 0.00 0.00 4.02 4.23 4.23 4.82 4.53 5.85 5.57 6.85 6.28 8.62 10.58 11.95 16.41 15.42 13.07 14.75 11.90 9.05 5.99 6.35 5.11 5.55 3.94 3.65 2.63 2.77 2.12 2.12 2.70 0.88 0.00 0.00 0.00 0.00 0.00 0.00 0.00 0.00 0.00 0.00 0.00 0.00 5.84 8.18 7.59 9.05 9.34 10.29 10.51 10.00 14.53 19.27 19.27 15.70 14.09 11.17 11.83 8.91 9.42 8.61 8.83 6.35 4.16 4.45 4.67 2.34 3.14 3.65
7.74 7.96 7.96 7.15 7.66 7.81 7.30 6.28 0.00 0.00 0.00 0.00 0.00 0.00 0.00 2.92 5.18 4.82 4.82 0.00 0.00 0.00 0.00 0.00 5.41 6.64 7.15 11.11 14.76 15.93 14.53 15.77 14.45 12.56 13.36 11.39 7.74 8.40 4.53 5.11 2.92 2.56 2.48 2.48 0.00 0.00 0.00 0.00 0.00 0.00 0.00 0.00 0.00 0.00 0.00 0.00 3.58 4.16 3.80 7.08 9.05 11.02 10.66 12.99 13.29 13.14 15.11 18.91 18.91 17.23 17.74 12.41 9.27 9.42 9.05 9.05 6.13 4.16 4.23 4.38 2.85 3.21 3.07 3.50
7.74 7.96 7.96 7.15 7.66 7.81 7.30 6.28 0.00 0.00 0.00 0.00 0.00 0.00 0.00 2.92 5.18 4.82 4.84 0.00 0.00 0.00 0.00 0.00 5.33 6.64 6.94 10.32 13.79 16.17 14.67 16.43 16.24 13.29 13.70 11.39 7.74 8.40 4.53 5.11 2.92 2.56 2.48 2.48 0.00 0.00 0.00 0.00 0.00 0.00 0.00 0.00 0.00 0.00 0.00 0.00 3.58 4.16 3.80 7.08 9.05 11.02 10.66 12.99 13.29 13.14 15.11 18.91 18.91 17.23 17.74 12.41 9.27 9.42 9.05 9.05 6.13 4.16 4.23 4.38 2.85 3.21 3.07 3.50
7.59 6.94 7.23 7.52 5.48 6.13 5.84 5.48 6.42 2.26 0.00 0.00 1.68 2.85 5.04 3.80 7.88 7.52 7.52 8.47 5.04 0.00 0.00 0.00 0.00 4.20 7.67 7.63 8.91 11.23 10.62 11.27 15.02 15.97 13.92 14.52 14.31 11.02 6.13 5.55 2.77 2.99 1.90 1.90 1.31 0.00 2.70 2.19 0.00 0.00 0.00 0.00 0.00 0.00 0.00 0.00 0.00 0.00 0.00 0.00 6.86 9.13 11.90 10.00 18.61 17.37 17.59 17.23 17.23 16.28 13.29 9.34 10.15 7.96 8.69 9.64 8.18 4.96 4.31 4.45 3.21 2.77 4.02 5.77
7.45 7.15 6.13 5.18 5.33 4.53 4.60 6.50 6.13 8.61 7.01 5.69 6.20 4.82 4.89 8.47 7.45 9.78 9.78 5.21 0.00 3.45 0.00 0.00 0.00 0.00 0.00 0.00 5.44 7.23 6.13 7.66 10.00 13.95 14.60 16.02 14.67 13.35 11.24 7.45 3.87 5.26 2.77 2.77 2.85 2.41 2.04 1.90 0.00 0.00 0.00 0.00 0.00 0.00 0.00 0.00 0.00 0.00 0.00 0.00 0.00 5.77 10.29 17.96 15.84 17.23 11.46 14.09 14.09 14.38 11.83 8.47 6.50 6.50 6.28 6.06 5.62 5.62 5.55 5.69 5.77 5.84 5.91 6.20
8.32 7.74 7.59 6.06 5.77 5.99 5.91 5.77 8.54 9.05 9.49 7.01 4.89 5.26 3.94 5.40 5.04 8.61 8.61 6.79 4.38 3.43 3.80 2.56 0.00 0.00 0.00 0.00 4.56 2.92 4.53 6.50 8.10 8.03 11.22 12.57 13.72 12.48 12.85 10.07 9.13 6.13 4.02 4.02 3.29 3.50 2.12 1.31 2.63 2.48 2.99 0.00 0.00 0.00 0.00 0.00 0.00 0.00 0.00 0.00 0.00 4.96 6.57 14.31 13.51 9.86 9.93 6.94 6.94 8.69 9.42 5.91 3.65 3.58 3.43 4.09 5.26 6.20 6.20 6.13 7.15 7.01 7.81 7.59
5.69 8.40 8.98 8.69 8.40 7.30 9.56 5.99 9.27 9.20 8.10 8.25 5.55 4.23 4.31 4.31 3.43 2.12 2.12 2.41 4.96 4.31 0.00 0.00 0.00 0.00 0.00 0.00 0.00 0.00 3.43 4.82 4.16 5.62 7.81 10.88 11.26 13.16 11.55 9.51 10.15 7.81 7.30 7.30 4.67 4.16 4.31 1.61 2.99 2.41 2.56 2.56 0.00 0.00 0.00 0.00 0.00 0.00 0.00 0.00 0.00 3.65 5.04 8.54 9.05 6.57 4.96 4.89 4.89 3.14 0.00 0.00 0.00 2.12 2.41 2.77 2.77 3.65 4.60 6.13 5.40 7.15 5.99 6.20
0.00 6.13 7.88 5.77 6.20 8.18 10.37 10.44 9.59 9.93 8.69 7.37 7.74 5.18 3.43 2.48 2.70 1.97 1.97 1.61 0.00 0.00 0.00 0.00 0.00 0.00 2.12 2.51 0.00 0.00 0.00 4.09 4.23 3.80 5.69 5.55 9.34 11.02 10.52 10.03 8.51 8.40 8.32 8.32 6.42 5.40 3.21 4.45 4.89 2.70 3.21 0.00 0.00 0.00 0.00 0.00 0.00 0.00 0.00 0.00 3.87 3.65 0.00 0.00 0.00 4.53 3.50 0.00 0.00 0.00 0.00 0.00 0.00 1.97 1.61 2.63 0.00 0.00 0.00 2.12 3.58 4.60 4.96 5.18
0.00 3.21 4.02 3.14 3.58 11.02 9.93 10.95 7.94 9.27 7.37 7.45 4.45 2.26 2.85 1.10 1.17 1.53 1.53 0.73 0.00 0.00 0.00 0.00 0.00 0.00 0.00 0.00 0.00 0.00 3.33 3.37 3.09 3.43 4.23 3.87 6.50 5.46 8.54 9.13 7.96 8.54 7.15 7.15 7.30 5.84 6.35 6.57 5.91 6.42 4.45 3.36 2.04 2.12 0.00 0.00 0.00 0.00 0.00 0.00 0.00 0.00 0.00 0.00 0.00 0.00 0.00 0.00 0.00 0.00 0.00 0.00 0.00 0.00 0.00 0.00 0.00 0.00 0.00 3.14 2.70 4.02 4.89 0.00
0.00 3.21 4.02 3.14 3.58 11.02 9.93 10.95 7.74 9.27 7.37 7.45 4.45 2.26 2.85 1.10 1.17 1.54 1.53 0.73 0.00 0.00 0.00 0.00 0.00 0.00 0.00 0.00 0.00 0.00 3.21 3.36 2.99 3.43 4.26 3.89 6.50 5.43 8.63 9.13 7.88 8.54 7.15 7.15 7.30 5.84 6.35 6.57 5.91 6.42 4.45 3.36 2.04 2.12 0.00 0.00 0.00 0.00 0.00 0.00 0.00 0.00 0.00 0.00 0.00 0.00 0.00 0.00 0.00 0.00 0.00 0.00 0.00 0.00 0.00 0.00 0.00 0.00 0.00 3.14 2.70 4.02 4.89 0.00
5.33 5.62 0.00 0.00 2.41 10.80 11.39 11.64 7.26 4.82 5.40 5.62 4.31 2.41 0.44 0.88 0.22 0.00 0.00 0.00 0.00 0.00 0.00 0.00 0.00 0.00 0.00 0.00 0.00 0.00 3.50 2.92 2.77 0.00 3.58 3.80 4.31 3.94 5.87 6.35 6.72 5.40 5.69 5.69 4.74 5.33 5.26 6.86 6.86 5.84 6.57 5.04 3.58 2.26 0.00 2.48 0.00 0.00 3.36 3.36 0.00 2.99 0.00 0.00 0.00 0.00 0.00 0.00 0.00 0.00 0.00 0.00 0.00 0.00 0.00 0.00 0.00 0.00 0.00 0.00 0.00 0.00 0.00 0.00
11.02 7.59 7.52 0.00 0.00 4.89 4.31 5.48 5.69 4.31 3.36 3.72 5.04 3.29 0.58 0.00 0.00 0.00 0.00 0.00 0.00 0.00 0.00 0.00 0.00 0.00 0.00 1.75 0.00 0.00 0.00 2.56 2.56 2.63 0.00 3.07 3.36 4.23 5.77 5.77 5.62 5.04 4.09 4.09 3.36 4.31 4.09 3.80 4.82 5.11 4.16 3.65 3.94 0.00 1.68 0.00 0.00 0.00 0.00 0.00 0.00 0.00 0.00 0.00 0.00 0.00 0.00 0.00 0.00 0.00 0.00 0.00 0.00 0.00 0.00 0.00 0.00 0.00 0.00 0.00 0.00 0.00 0.00 0.00
