Wansh/Snow_depth/snowdepth-1986/winter/1986337.txt
ncols 321
nrows 161
xllcenter 60
yllcenter 15 
cellsize  0.25 
NODATA_value -1
[rows 0 to 36 of 161, columns 168 to 251 of 321]
0.58 1.02 2.04 2.48 1.97 0.00 0.44 0.73 0.58 0.58 2.19 3.14 3.14 3.07 3.14 0.00 0.00 3.50 4.09 4.60 3.87 0.00 0.00 2.77 0.29 0.00 0.00 0.00 0.00 0.00 0.00 0.00 0.00 5.04 4.89 4.89 5.33 6.86 8.10 7.81 6.50 7.52 9.27 10.44 11.53 15.55 15.70 13.87 10.44 8.18 6.28 6.28 8.32 8.18 8.69 8.76 8.98 9.64 8.03 8.25 8.25 8.47 9.49 12.63 12.70 12.19 10.37 8.91 8.76 8.25 7.96 8.03 7.52 8.83 8.98 9.13 9.49 9.71 10.07 9.71 9.13 9.05 8.91 9.27
3.21 1.97 1.61 1.61 0.22 0.00 0.00 1.83 3.36 3.36 4.16 3.50 3.43 1.61 2.19 3.43 2.56 2.04 1.46 2.99 4.53 4.09 1.75 0.00 0.00 0.00 0.00 0.00 0.00 0.00 0.00 0.00 4.02 8.54 7.59 7.59 7.52 7.96 9.64 9.71 11.24 11.61 13.58 15.11 15.33 15.62 14.02 11.02 11.02 9.20 9.34 7.66 8.25 9.64 8.54 8.91 9.27 10.80 10.66 10.51 10.51 10.22 11.32 12.48 13.14 12.26 11.75 11.90 10.73 10.37 10.37 8.61 8.98 8.32 8.47 10.44 11.53 10.29 9.64 8.61 8.10 7.37 6.94 7.59
3.87 2.19 2.34 2.70 1.90 0.37 0.15 1.53 3.65 3.65 3.29 2.48 2.19 2.41 2.34 2.41 3.29 3.50 5.26 4.53 2.56 1.39 0.51 0.00 0.00 0.00 0.00 0.00 0.00 0.00 0.00 0.00 8.91 6.35 7.01 7.01 6.86 9.64 11.83 12.41 12.26 12.19 12.48 11.68 12.26 11.53 11.97 10.22 9.49 9.27 9.20 8.98 9.42 9.93 9.49 8.69 9.64 9.34 10.59 11.32 11.32 12.05 12.12 11.53 10.95 11.90 13.51 13.21 12.12 11.46 12.12 11.17 9.78 8.47 8.03 8.18 8.54 9.49 9.13 7.01 6.13 4.89 5.40 6.13
3.87 2.19 2.34 2.70 1.90 0.37 0.15 1.53 3.65 3.65 3.29 2.48 2.19 2.41 2.34 2.41 3.29 3.50 5.26 4.53 2.56 1.39 0.51 0.00 0.00 0.00 0.00 0.00 0.00 0.00 0.00 0.00 8.91 6.35 7.01 7.01 6.86 9.64 11.83 12.41 12.26 12.19 12.48 11.68 12.26 11.53 11.97 10.22 9.49 9.27 9.20 8.98 9.42 9.93 9.49 8.69 9.64 9.34 10.59 11.32 11.32 12.05 12.12 11.53 10.95 11.90 13.51 13.21 12.12 11.46 12.12 11.17 9.78 8.47 8.03 8.18 8.54 9.49 9.13 7.01 6.13 4.89 5.40 6.13
5.55 4.53 4.02 5.62 2.19 0.00 0.66 1.10 2.41 2.41 4.45 4.16 2.92 4.09 4.74 6.20 5.40 4.89 3.94 3.80 1.31 0.00 0.00 0.00 0.00 0.00 0.00 0.00 0.00 0.00 0.00 3.94 3.87 4.38 6.94 6.94 9.05 10.88 12.48 14.89 13.07 11.32 9.64 8.91 10.59 8.25 9.86 9.13 8.69 8.83 8.10 9.71 10.15 10.80 9.71 10.22 9.42 9.86 11.75 12.05 12.05 12.34 14.31 14.82 13.07 12.41 11.53 11.24 10.44 11.24 11.61 11.32 10.80 9.56 8.03 7.30 7.08 6.94 5.62 5.26 4.89 5.26 5.48 5.91
6.06 5.69 3.36 0.88 3.14 3.21 2.85 2.04 3.94 3.94 4.74 4.45 4.31 5.55 6.50 6.72 4.67 1.53 0.00 0.00 0.00 0.00 0.00 0.00 0.00 0.00 0.00 0.00 0.00 0.00 0.00 4.67 4.89 8.61 8.91 8.91 9.56 9.64 10.07 8.91 9.05 9.78 8.32 6.94 8.32 8.25 10.07 10.07 9.20 10.22 12.05 13.43 12.12 10.37 9.93 11.02 11.02 11.61 11.90 12.41 12.41 12.70 14.38 14.67 12.48 10.15 9.78 9.27 9.86 11.68 12.85 11.24 9.34 8.47 6.50 5.40 4.96 5.40 6.06 6.35 6.06 5.33 5.18 4.45
0.00 0.00 5.48 4.60 4.23 3.94 3.36 4.16 4.23 4.23 4.16 5.26 6.35 6.94 6.64 5.11 1.90 0.00 0.00 0.00 0.00 0.00 0.00 0.00 0.00 0.00 0.00 0.00 0.00 0.00 6.86 2.99 4.89 8.32 10.29 10.29 10.73 7.81 7.15 6.13 5.04 4.16 3.14 3.94 4.60 5.55 7.74 9.86 11.17 11.53 12.78 12.19 10.59 9.78 9.56 9.27 9.49 10.80 10.29 11.10 11.10 13.07 13.43 12.70 9.34 8.18 8.32 8.47 8.76 9.13 7.08 7.81 7.15 5.18 5.18 5.91 4.89 5.91 5.69 6.92 8.19 6.43 5.40 6.95
0.00 0.00 5.48 4.60 4.23 3.94 3.36 4.16 4.23 4.23 4.16 5.26 6.35 6.94 6.64 5.11 1.90 0.00 0.00 0.00 0.00 0.00 0.00 0.00 0.00 0.00 0.00 0.00 0.00 0.00 6.86 2.99 4.89 8.32 10.29 10.29 10.73 7.81 7.15 6.13 5.04 4.16 3.14 3.94 4.60 5.55 7.74 9.86 11.17 11.53 12.78 12.19 10.59 9.78 9.56 9.27 9.49 10.80 10.29 11.10 11.10 13.07 13.43 12.70 9.34 8.18 8.32 8.47 8.76 9.13 7.08 7.81 7.15 5.18 5.18 6.84 6.75 8.51 7.80 11.76 13.53 8.56 6.94 7.21
8.54 8.40 6.86 5.69 5.77 5.40 4.89 4.89 5.04 5.04 5.26 0.00 8.25 8.54 5.84 1.90 0.00 0.00 0.00 0.00 0.00 0.00 0.00 0.00 0.00 0.00 0.00 0.00 0.00 2.48 2.77 2.77 5.11 7.15 7.45 7.45 7.30 5.62 3.94 2.48 2.56 3.72 4.53 4.53 5.33 4.82 5.04 7.37 10.51 11.97 11.02 8.69 7.23 7.01 6.72 6.42 7.37 7.08 8.40 9.27 9.27 9.49 8.83 8.61 8.40 8.10 8.91 7.66 6.35 7.01 6.42 6.20 6.94 5.87 5.56 4.35 5.50 6.30 6.12 9.18 9.10 7.61 7.51 8.76
5.62 7.88 8.18 7.23 5.55 5.33 4.89 5.40 4.31 4.31 4.82 4.96 4.45 1.39 0.00 0.00 0.00 0.00 0.00 0.00 0.00 0.00 0.00 0.00 0.00 0.00 0.00 1.02 0.58 2.99 2.56 0.00 2.56 3.80 3.36 3.36 0.88 1.53 1.90 1.68 3.65 5.26 5.84 5.26 4.96 4.74 5.18 7.01 8.03 8.98 7.59 5.33 4.60 5.62 4.67 4.45 4.02 5.11 6.35 7.01 7.01 7.37 8.25 8.69 7.81 8.25 7.30 6.20 5.18 5.91 5.91 4.53 4.97 6.39 7.59 7.14 7.30 8.49 9.65 9.30 8.89 7.94 8.70 8.37
4.23 4.67 4.60 5.40 6.13 4.82 5.33 4.60 2.70 2.70 0.00 0.00 0.00 0.00 0.00 0.00 0.00 0.00 0.00 0.00 0.00 0.00 0.00 0.00 0.00 1.61 0.00 0.00 0.00 0.00 0.00 0.00 1.31 0.00 2.04 2.04 2.41 2.92 3.58 2.99 4.96 4.23 5.11 3.29 2.99 4.53 4.45 4.53 5.18 4.16 4.67 4.53 3.72 3.65 3.65 2.34 1.17 2.63 4.82 5.55 5.55 7.52 6.13 6.50 6.79 7.01 6.50 5.18 4.96 5.26 4.09 3.36 3.97 4.15 4.52 7.45 9.14 6.66 7.00 9.10 8.82 9.52 6.65 8.78
4.23 4.67 4.60 5.40 6.13 4.82 5.33 4.60 2.70 2.70 0.00 0.00 0.00 0.00 0.00 0.00 0.00 0.00 0.00 0.00 0.00 0.00 0.00 0.00 0.00 1.61 0.00 0.00 0.00 0.00 0.00 0.00 1.31 0.00 2.04 2.04 2.41 2.92 3.58 2.99 4.96 4.23 5.11 3.29 2.99 4.53 4.45 4.53 5.18 4.16 4.67 4.53 3.72 3.65 3.65 2.34 1.17 2.63 4.82 5.55 5.55 7.52 6.13 6.50 6.79 7.01 6.50 5.18 4.96 5.26 4.09 3.36 3.87 4.09 4.38 6.92 8.15 6.16 7.46 9.44 8.82 9.31 7.30 9.39
6.50 4.31 3.50 3.36 2.70 1.02 0.00 0.00 0.00 0.00 0.00 0.00 0.00 0.00 0.00 0.00 0.00 0.00 0.00 0.00 0.00 0.00 0.00 0.00 0.00 0.00 0.00 0.00 0.00 0.00 0.00 0.00 0.00 1.75 2.41 2.41 2.92 4.74 4.89 4.23 5.84 5.33 4.96 2.12 2.26 2.92 2.26 1.53 2.63 2.99 2.92 4.23 3.80 2.63 2.26 2.12 2.48 3.43 3.94 4.96 4.96 6.20 6.42 5.99 5.91 5.91 5.48 4.82 3.87 3.72 3.36 3.07 3.65 5.04 4.27 6.57 7.93 8.25 6.50 6.97 6.08 6.87 6.18 5.56
5.26 5.26 5.11 5.18 2.48 0.00 0.00 0.00 0.00 0.00 0.00 0.00 0.00 0.00 0.00 0.00 0.00 0.00 0.00 0.00 0.00 0.00 0.00 0.00 0.00 0.00 0.00 0.00 0.00 0.00 0.00 0.00 0.00 0.00 2.92 2.92 4.23 4.89 0.00 0.00 4.74 4.23 3.21 1.75 1.97 3.43 2.77 2.56 2.12 2.56 3.21 2.70 2.34 2.19 1.02 1.75 1.75 1.24 2.04 2.85 2.85 2.92 4.60 5.40 5.48 5.69 6.13 5.26 5.33 5.40 4.96 3.87 4.31 4.29 5.29 6.16 4.93 4.51 5.28 6.02 7.96 6.50 6.30 6.12
13.43 13.14 10.22 8.98 7.01 2.12 0.80 0.00 0.00 0.00 0.00 0.00 0.00 0.00 0.00 0.00 0.00 0.00 0.00 0.00 0.00 0.00 0.00 0.00 0.00 0.00 0.00 0.00 0.00 0.00 0.00 0.00 0.00 0.00 0.00 0.00 0.00 0.00 0.00 2.19 2.56 3.07 2.56 3.14 2.92 3.65 3.21 2.26 1.75 2.63 2.04 1.83 0.95 1.90 3.29 2.70 3.58 3.21 3.72 3.94 3.94 4.31 5.26 5.33 4.74 5.91 5.55 5.04 4.45 4.09 4.38 5.48 5.26 5.74 6.20 5.75 6.44 6.27 6.04 6.46 6.37 5.88 6.84 5.76
14.16 11.24 10.51 10.51 8.76 6.86 3.94 1.97 0.00 0.00 0.00 0.00 0.00 0.00 0.00 0.00 0.44 2.34 1.24 0.37 0.00 0.00 0.00 0.00 0.00 0.00 0.00 0.00 0.00 0.00 0.00 0.00 0.00 0.00 0.00 0.00 0.00 0.00 0.00 2.63 3.21 3.72 3.58 4.02 4.38 2.99 2.92 2.12 2.12 2.34 2.19 1.97 0.00 0.00 1.83 2.77 4.38 3.94 2.48 2.99 2.99 4.89 5.62 5.40 4.23 4.09 3.36 2.63 3.94 4.60 5.33 4.82 4.63 5.65 6.97 6.10 6.14 7.35 7.21 6.16 5.64 7.14 6.76 4.35
14.16 11.24 10.51 10.51 8.76 6.86 3.94 1.97 0.00 0.00 0.00 0.00 0.00 0.00 0.00 0.00 0.44 2.34 1.24 0.37 0.00 0.00 0.00 0.00 0.00 0.00 0.00 0.00 0.00 0.00 0.00 0.00 0.00 0.00 0.00 0.00 0.00 0.00 0.00 2.63 3.21 3.72 3.58 4.02 4.38 2.99 2.92 2.12 2.12 2.34 2.19 1.97 0.00 0.00 1.83 2.77 4.38 3.94 2.48 2.99 2.99 4.89 5.62 5.40 4.23 4.09 3.36 2.63 3.94 4.60 5.33 5.91 4.34 6.14 6.26 7.55 6.23 8.12 7.35 5.55 5.45 6.14 7.35 4.94
10.29 9.56 7.59 5.99 5.77 5.99 6.94 5.91 3.94 3.94 5.84 3.94 3.21 2.48 1.17 1.46 0.66 1.46 0.37 0.73 0.66 0.37 0.00 0.00 0.00 0.00 0.00 0.00 0.00 0.00 0.00 0.00 0.00 0.00 0.00 0.00 0.00 0.00 3.50 4.16 4.38 5.48 4.67 2.34 2.19 2.99 2.77 2.12 1.68 2.48 0.00 0.00 0.00 0.95 3.36 5.33 6.79 5.84 3.94 2.92 2.92 3.29 3.36 3.58 3.14 1.31 0.44 2.34 4.16 5.04 4.61 4.82 5.25 6.61 6.99 6.64 6.66 5.78 5.11 6.76 6.81 6.50 4.66 3.37
8.32 10.07 9.86 8.25 7.45 5.04 4.67 4.16 3.87 3.87 3.43 3.80 3.80 4.09 4.02 3.43 2.63 0.07 1.75 1.83 1.31 2.04 2.04 0.00 2.04 0.00 0.00 0.00 0.00 0.00 0.00 0.00 0.00 0.00 0.00 0.00 0.00 0.00 4.23 4.96 4.53 3.87 3.29 1.75 1.31 2.12 1.97 2.19 1.75 1.39 0.00 0.00 0.00 0.00 3.72 4.89 5.40 4.74 4.89 3.87 3.87 1.83 1.75 1.97 1.83 1.53 1.24 1.68 3.21 3.01 2.65 3.61 5.32 6.06 4.81 4.18 4.81 2.50 4.54 6.35 5.77 4.76 4.06 5.35
9.13 7.81 7.23 8.40 8.18 6.42 4.96 4.38 3.50 3.50 3.14 2.77 2.77 3.21 2.63 2.99 3.94 2.92 2.92 3.50 4.23 3.80 3.21 2.99 2.19 1.24 0.00 0.00 0.00 0.00 0.22 1.10 0.00 0.00 0.00 0.00 0.00 2.63 4.82 4.23 5.40 3.14 1.83 2.41 2.19 2.19 0.00 1.90 2.48 1.90 0.00 0.00 0.00 0.00 0.00 0.00 0.00 0.00 3.50 3.87 3.87 3.80 3.80 2.56 0.00 2.70 2.56 2.34 2.04 1.75 2.70 3.36 6.13 6.35 5.18 5.74 6.02 5.41 7.36 6.41 7.02 3.92 3.24 5.25
7.66 7.08 6.35 5.84 5.69 5.91 5.84 4.96 2.92 2.92 1.83 1.24 3.36 0.00 0.00 2.85 2.70 1.83 0.51 1.75 4.31 0.00 0.00 3.36 3.50 2.77 1.68 0.00 2.92 3.14 2.99 2.56 1.90 0.88 2.04 2.04 2.12 4.45 5.33 3.58 2.56 2.12 2.99 1.61 0.95 2.92 0.00 0.00 2.70 3.36 0.00 0.00 0.00 0.00 0.00 0.00 0.00 0.00 2.56 2.70 2.70 2.70 3.72 3.29 2.04 1.02 1.31 0.95 2.12 2.77 3.14 3.80 4.23 4.89 4.53 6.63 5.14 3.13 4.27 5.09 4.78 3.99 3.45 3.43
10.44 10.37 9.56 6.57 6.72 8.98 7.37 5.04 3.50 3.50 2.99 2.99 0.00 0.00 2.77 2.63 0.00 0.00 0.00 2.77 3.80 3.58 0.00 0.00 1.97 1.75 1.68 1.97 0.00 4.67 4.45 3.43 3.14 3.58 4.02 4.02 2.99 3.36 3.36 4.53 2.19 2.70 1.83 1.68 2.70 2.77 3.14 2.34 0.00 0.00 0.00 0.00 0.00 0.00 0.00 0.00 0.00 0.00 0.00 0.22 0.22 0.44 0.00 0.00 0.00 0.00 0.00 0.00 1.39 0.00 2.26 2.34 3.65 6.20 5.02 4.40 3.40 2.81 5.67 6.37 5.78 3.78 6.88 7.91
10.44 10.37 9.56 6.57 6.72 8.98 7.37 5.04 3.50 3.50 2.99 2.99 0.00 0.00 2.77 2.63 0.00 0.00 0.00 2.77 3.80 3.58 0.00 0.00 1.97 1.75 1.68 1.97 0.00 4.67 4.45 3.43 3.14 3.58 4.02 4.02 2.99 3.36 3.36 4.53 2.19 2.70 1.83 1.68 2.70 2.77 3.14 2.34 0.00 0.00 0.00 0.00 0.00 0.00 0.00 0.00 0.00 0.00 0.00 0.22 0.22 0.44 0.00 0.00 0.00 0.00 0.00 0.00 1.39 0.00 2.26 2.34 3.65 6.20 4.82 4.42 2.64 2.47 4.74 7.42 7.08 3.86 5.39 7.30
11.53 10.44 8.25 8.03 8.18 8.40 7.01 5.55 4.96 4.96 3.29 1.68 2.48 2.85 2.92 0.00 2.92 4.09 0.00 0.00 0.00 2.04 1.46 2.70 3.29 3.50 4.02 4.02 4.02 4.45 4.60 0.00 0.00 1.17 1.24 1.24 2.48 3.21 3.72 3.29 2.26 2.92 1.61 0.00 0.00 1.68 1.90 0.00 0.00 0.00 0.44 0.00 0.00 0.00 0.00 0.00 0.00 0.00 0.00 0.00 0.00 0.00 0.00 0.00 0.00 0.00 0.00 0.73 1.17 1.31 1.17 1.53 4.53 4.31 4.89 5.14 5.07 7.51 8.49 7.47 7.30 6.49 7.25 8.37
7.15 8.47 9.27 8.54 8.18 9.49 11.24 12.78 6.50 6.50 3.94 2.48 2.26 0.00 0.00 4.09 3.87 0.00 0.00 3.14 3.87 3.14 3.72 4.23 3.58 4.38 5.48 5.18 3.72 2.56 1.39 1.17 0.00 0.00 0.00 0.00 4.02 5.04 4.09 0.51 2.92 3.43 3.14 0.00 0.00 0.00 2.41 2.19 0.00 0.00 0.00 0.00 0.00 0.00 0.00 0.00 0.00 0.00 0.00 0.00 0.00 0.00 0.00 0.00 0.00 0.00 0.00 0.00 0.00 0.00 0.00 3.87 5.04 5.77 7.41 8.35 8.41 8.85 10.49 8.30 10.83 7.52 9.22 10.61
5.77 5.84 6.64 6.42 8.18 9.13 8.83 6.86 4.45 4.45 1.46 1.83 1.83 2.26 2.85 3.65 4.38 3.14 4.53 3.29 2.77 3.14 4.74 4.45 3.80 0.00 5.40 6.57 6.20 2.34 2.26 2.48 0.00 0.00 0.00 0.00 4.53 3.72 4.38 0.00 3.58 0.00 2.56 0.00 0.00 1.24 0.00 0.00 0.00 0.00 0.00 0.00 0.00 0.00 0.00 0.00 0.00 0.00 0.00 0.00 0.00 0.00 0.00 0.00 1.61 0.00 1.83 1.97 2.04 0.00 0.00 3.21 5.63 7.37 8.45 8.71 10.44 7.05 8.12 7.41 7.35 9.02 9.70 9.53
7.81 7.74 6.94 6.28 5.33 7.59 7.30 5.69 6.35 6.35 1.83 1.61 0.00 2.04 1.46 3.29 4.38 4.89 5.62 4.53 3.36 3.29 3.50 3.72 3.07 3.58 4.31 3.87 3.36 2.19 2.48 2.04 2.56 2.63 0.00 0.00 0.00 0.00 0.00 0.00 0.00 1.90 2.12 1.75 0.00 0.00 0.00 0.00 0.00 0.00 0.00 0.00 0.00 0.00 0.00 0.00 0.00 0.00 0.00 0.00 0.00 0.00 0.00 0.00 0.00 0.00 0.00 0.00 0.00 0.00 3.80 4.96 6.55 7.67 8.07 7.07 9.16 10.76 8.18 4.71 6.67 5.09 6.51 8.58
6.72 5.62 4.96 4.74 5.69 4.31 3.72 4.82 3.65 3.65 0.00 0.00 0.00 2.85 2.56 4.16 5.99 4.96 5.55 4.02 2.34 1.02 0.07 2.26 4.31 3.65 4.02 3.36 2.63 3.14 3.43 3.50 3.65 0.00 0.00 0.00 0.00 0.00 0.00 0.00 0.00 0.00 0.00 0.00 0.00 0.00 0.00 0.00 0.00 0.00 0.00 0.00 0.00 0.00 0.00 0.00 0.00 0.00 0.00 0.00 0.00 0.00 0.00 0.00 0.00 0.00 0.00 0.00 2.48 2.85 4.27 5.42 7.04 7.94 8.34 8.45 9.66 8.03 7.11 5.12 5.46 5.06 5.69 2.50
6.72 5.62 4.96 4.74 5.69 4.31 3.72 4.82 3.65 3.65 0.00 0.00 0.00 2.85 2.56 4.16 5.99 4.96 5.55 4.02 2.34 1.02 0.07 2.26 4.31 3.65 4.02 3.36 2.63 3.14 3.43 3.50 3.65 0.00 0.00 0.00 0.00 0.00 0.00 0.00 0.00 0.00 0.00 0.00 0.00 0.00 0.00 0.00 0.00 0.00 0.00 0.00 0.00 0.00 0.00 0.00 0.00 0.00 0.00 0.00 0.00 0.00 0.00 0.00 0.00 0.00 0.00 0.00 2.48 2.85 4.29 5.36 6.37 8.84 8.90 9.86 11.21 7.77 7.43 4.97 5.78 6.00 5.19 2.12
5.91 5.33 5.04 4.60 0.00 0.00 0.00 0.00 0.00 0.00 0.00 0.00 2.56 3.72 4.09 4.23 5.62 5.69 6.79 5.26 4.82 4.23 4.38 5.69 8.25 8.76 7.74 5.77 5.40 5.77 5.40 3.58 0.00 0.00 0.00 0.00 2.77 0.00 0.00 0.00 0.00 0.00 0.00 0.00 0.00 0.00 0.00 0.00 0.00 0.00 0.00 0.00 0.00 0.00 0.00 0.00 0.00 0.00 0.00 0.00 0.00 0.00 0.00 0.00 0.00 0.00 0.00 3.58 3.82 5.68 5.24 6.42 9.00 8.98 10.67 8.81 7.87 6.34 4.99 0.00 0.00 4.69 2.19 0.85
7.74 7.01 5.18 3.43 1.97 0.00 0.00 0.00 0.00 0.00 0.00 0.00 0.00 0.00 0.00 6.13 7.37 8.10 8.61 7.23 6.79 7.15 8.91 8.98 9.05 9.78 10.37 8.91 9.71 9.34 8.47 5.18 5.55 5.33 4.60 4.60 0.00 0.00 3.07 3.07 1.46 0.00 0.00 0.00 0.00 0.00 0.00 0.00 0.00 0.00 0.00 0.00 0.00 0.00 0.00 0.00 0.00 0.00 0.00 0.00 0.00 0.00 0.00 0.00 0.00 0.00 0.00 0.00 5.33 7.74 7.08 7.07 9.76 9.25 9.01 6.54 5.59 3.20 3.44 0.00 0.00 1.69 0.71 1.05
13.36 11.10 7.37 4.82 3.80 0.00 0.00 0.00 0.00 0.00 0.00 0.00 0.00 0.00 2.56 4.53 5.62 7.01 6.42 5.33 4.09 5.04 5.18 5.33 0.00 0.00 5.04 7.01 8.40 7.96 7.74 7.59 9.78 9.05 7.52 7.52 8.10 6.79 5.99 5.62 5.77 6.28 6.28 5.04 4.09 3.21 0.00 0.00 0.00 0.00 0.00 0.00 0.00 0.00 0.00 0.00 0.00 0.00 0.00 0.00 0.00 0.00 0.00 0.00 0.00 0.00 0.00 4.53 6.06 5.91 7.01 6.88 8.00 8.68 6.32 4.12 2.58 2.45 0.00 0.00 0.00 0.00 0.00 0.00
13.21 12.05 8.61 6.72 5.99 4.82 5.69 6.28 0.00 0.00 0.00 0.00 0.00 3.65 0.00 0.00 2.04 0.00 0.00 0.00 0.00 2.41 3.14 0.00 0.00 0.00 0.00 3.80 3.21 5.48 3.80 3.72 6.35 5.40 5.55 5.55 7.01 6.20 4.60 0.00 2.41 1.83 2.56 2.12 2.41 0.00 0.00 0.00 0.00 0.00 0.00 0.00 0.00 0.00 0.00 0.00 0.00 0.00 0.00 0.00 0.00 0.00 0.00 0.00 4.53 2.34 3.29 5.04 6.28 7.01 8.03 7.74 8.26 6.35 3.37 3.77 4.07 0.00 0.00 0.00 0.00 0.00 0.00 0.00
9.56 8.32 7.15 5.84 5.62 4.89 4.96 0.00 0.00 0.00 0.00 0.00 0.00 0.00 0.00 0.00 0.00 0.00 5.26 9.05 10.95 9.20 6.28 4.38 0.00 4.45 4.53 4.53 5.18 4.53 3.94 3.50 5.99 5.18 3.87 3.87 0.00 4.53 0.00 0.00 0.00 0.00 0.00 0.00 0.00 0.00 0.00 0.00 0.00 0.07 0.00 0.00 0.00 0.00 0.00 0.00 0.00 0.00 0.00 0.00 0.00 0.58 0.88 2.70 2.77 2.12 3.07 5.77 5.69 7.08 7.96 6.94 6.41 3.17 3.09 2.43 2.11 0.00 0.00 0.00 0.00 0.00 0.00 0.00
0.00 0.00 0.00 4.96 0.00 0.00 3.94 0.00 4.16 4.16 4.16 3.87 4.38 0.00 0.00 0.00 0.00 0.00 0.00 8.47 13.72 12.78 10.66 7.45 0.00 4.45 6.06 6.42 4.74 3.14 0.00 0.00 0.00 4.02 0.00 0.00 0.00 0.00 0.00 0.00 0.00 0.00 0.00 0.00 0.00 0.00 0.00 0.00 0.00 0.00 0.00 0.00 0.00 0.00 0.00 0.00 0.00 0.00 0.00 0.00 0.00 0.00 0.00 0.00 0.00 0.00 0.00 4.82 6.50 6.06 5.84 7.12 3.35 1.49 1.62 1.17 2.35 2.25 2.35 0.00 0.00 0.00 0.00 0.00
0.00 0.00 0.00 4.96 0.00 0.00 3.94 0.00 4.16 4.16 4.16 3.87 4.38 0.00 0.00 0.00 0.00 0.00 0.00 8.47 13.72 12.78 10.66 7.45 0.00 4.45 6.06 6.42 4.74 3.14 0.00 0.00 0.00 4.02 0.00 0.00 0.00 0.00 0.00 0.00 0.00 0.00 0.00 0.00 0.00 0.00 0.00 0.00 0.00 0.00 0.00 0.00 0.00 0.00 0.00 0.00 0.00 0.00 0.00 0.00 0.00 0.00 0.00 0.00 0.00 0.00 0.00 4.82 6.50 6.06 5.84 7.08 3.30 1.47 1.62 1.22 2.10 2.16 2.29 0.00 0.00 0.00 0.00 0.00
0.00 0.00 0.00 0.00 3.94 3.94 4.09 4.74 4.74 4.74 4.82 5.77 5.77 5.99 3.07 0.00 0.00 0.00 0.00 0.00 3.72 5.77 7.37 8.54 8.83 5.69 3.50 3.21 0.00 0.00 0.00 0.00 0.00 0.00 0.00 0.00 0.00 0.00 0.00 0.00 0.00 0.00 0.00 0.00 3.50 3.29 2.92 0.00 1.53 0.00 0.00 0.00 0.00 1.24 0.88 0.80 0.44 0.15 0.00 0.00 0.00 0.00 0.00 0.00 0.00 0.00 2.77 3.72 3.65 2.92 3.65 3.21 1.53 3.02 2.49 0.91 0.56 0.83 0.17 0.00 0.00 0.00 0.00 0.00
