Wansh/Snow_depth/snowdepth-1986/winter/1986343.txt
ncols 321
nrows 161
xllcenter 60
yllcenter 15 
cellsize  0.25 
NODATA_value -1
[rows 0 to 36 of 161, columns 168 to 251 of 321]
0.58 0.00 0.00 0.51 1.39 0.51 0.00 1.39 1.68 1.68 3.43 2.99 2.19 1.10 0.00 3.21 3.80 4.89 5.77 5.77 5.55 5.26 3.87 2.70 0.95 0.00 0.00 0.00 0.00 0.00 0.00 0.00 7.52 19.05 7.23 7.23 5.91 6.06 10.15 10.00 9.20 9.56 10.00 11.02 12.63 13.87 14.16 13.36 10.95 8.98 7.15 6.79 7.30 7.08 8.18 8.91 8.54 9.64 8.03 8.25 8.25 8.47 9.49 12.63 12.70 12.19 10.37 8.91 8.76 8.25 7.96 8.03 7.52 8.83 8.98 8.47 9.27 10.37 10.07 10.15 9.71 9.27 9.34 9.71
1.97 1.53 1.02 1.75 1.31 0.22 0.00 1.10 2.56 2.56 2.70 2.99 2.41 2.63 3.72 3.43 3.58 3.94 5.18 5.91 6.20 5.33 4.23 1.17 0.00 0.00 0.00 0.00 0.00 0.00 0.00 2.34 10.66 9.49 5.69 5.69 5.33 7.88 10.51 11.24 13.72 14.16 15.18 16.64 17.37 15.18 13.14 11.90 10.29 8.61 7.81 8.98 8.54 7.08 8.54 9.42 9.27 10.80 10.66 10.51 10.51 10.22 11.32 12.48 13.14 12.26 11.75 11.90 10.73 10.37 10.37 8.61 8.98 8.32 8.47 11.17 11.17 10.80 10.29 7.81 7.96 7.15 6.79 7.59
0.00 0.29 1.68 2.77 0.58 0.00 0.37 2.04 2.85 2.85 3.36 2.56 1.53 2.19 1.53 2.99 2.85 4.38 5.77 7.01 6.86 2.85 0.00 0.00 0.00 0.00 0.00 0.00 0.00 0.00 0.00 6.06 8.83 6.86 8.40 8.40 9.49 12.19 14.60 15.33 15.48 17.59 17.81 15.77 14.16 12.41 10.80 10.51 9.93 9.27 9.49 10.73 10.51 11.02 9.93 8.69 9.64 9.34 10.59 11.32 11.32 12.05 12.12 11.53 10.95 11.90 13.51 13.21 12.12 11.46 12.12 11.17 9.78 8.47 6.72 8.32 9.93 9.56 7.45 6.72 5.33 4.96 4.53 6.13
0.00 0.29 1.68 2.77 0.58 0.00 0.37 2.04 2.85 2.85 3.36 2.56 1.53 2.19 1.53 2.99 2.85 4.38 5.77 7.01 6.86 2.85 0.00 0.00 0.00 0.00 0.00 0.00 0.00 0.00 0.00 6.06 8.83 6.86 8.40 8.40 9.49 12.19 14.60 15.33 15.48 17.59 17.81 15.77 14.16 12.41 10.80 10.51 9.93 9.27 9.49 10.73 10.51 11.02 9.93 8.69 9.64 9.34 10.59 11.32 11.32 12.05 12.12 11.53 10.95 11.90 13.51 13.21 12.12 11.46 12.12 11.17 9.78 8.47 6.72 8.32 9.93 9.56 7.45 6.72 5.33 4.96 4.53 6.13
4.67 4.89 7.15 4.45 0.00 1.31 1.02 0.95 0.00 0.00 2.92 1.97 2.04 4.16 5.33 6.06 6.35 4.67 6.79 5.84 3.72 0.00 0.00 0.00 0.00 0.00 0.00 0.00 0.00 0.00 0.00 2.77 3.50 6.06 7.15 7.15 10.51 13.43 14.24 14.67 14.82 14.75 12.85 10.44 9.34 9.42 9.78 9.34 9.34 10.15 9.49 11.17 10.59 11.10 9.71 10.22 9.42 9.86 11.75 12.05 12.05 12.34 14.31 14.82 13.07 12.41 11.53 11.24 10.44 11.24 11.61 11.32 10.80 9.56 6.79 6.79 6.13 6.57 5.48 4.67 3.65 4.09 4.45 5.77
6.35 5.48 3.65 3.87 4.67 0.00 0.00 0.00 0.00 0.00 0.00 0.00 6.42 7.59 5.84 8.10 8.91 6.13 4.67 3.80 0.00 0.00 0.00 0.00 0.00 0.00 0.00 0.00 0.00 0.00 13.21 3.80 4.74 5.77 9.13 9.13 11.39 12.26 12.12 11.17 9.78 8.47 7.01 7.52 9.13 8.54 8.98 9.34 10.29 12.19 12.99 12.63 10.88 10.37 9.93 11.02 11.02 11.61 11.90 12.41 12.41 12.70 14.38 14.67 12.48 10.15 9.78 9.27 9.86 11.68 12.85 11.24 9.34 4.60 6.20 5.62 4.45 5.11 5.40 4.60 1.68 2.77 3.72 4.31
0.00 8.03 6.50 5.40 4.74 4.60 0.00 0.00 0.00 0.00 0.00 0.00 7.45 8.40 8.10 8.32 6.42 2.34 0.00 0.00 0.00 0.00 0.00 0.00 0.00 0.00 0.00 0.00 0.00 5.40 5.33 4.23 5.55 8.03 11.46 11.46 10.66 8.76 7.23 6.86 4.60 3.87 4.09 3.36 4.53 4.60 6.57 8.76 11.24 12.78 11.68 13.36 10.59 9.78 9.56 9.27 9.49 10.80 10.29 11.10 11.10 13.07 13.43 12.70 9.34 8.18 8.32 8.47 8.76 9.13 7.08 7.81 7.15 4.09 2.70 4.02 5.33 5.18 5.26 4.56 4.79 5.61 5.00 2.90
0.00 8.03 6.50 5.40 4.74 4.60 0.00 0.00 0.00 0.00 0.00 0.00 7.45 8.40 8.10 8.32 6.42 2.34 0.00 0.00 0.00 0.00 0.00 0.00 0.00 0.00 0.00 0.00 0.00 5.40 5.33 4.23 5.55 8.03 11.46 11.46 10.66 8.76 7.23 6.86 4.60 3.87 4.09 3.36 4.53 4.60 6.57 8.76 11.24 12.78 11.68 13.36 10.59 9.78 9.56 9.27 9.49 10.80 10.29 11.10 11.10 13.07 13.43 12.70 9.34 8.18 8.32 8.47 8.76 9.13 7.08 7.81 7.15 4.09 2.70 4.64 7.35 7.46 7.20 7.75 7.90 7.46 6.43 3.01
9.42 9.86 8.91 7.74 0.00 0.00 0.00 0.00 0.00 0.00 0.00 0.00 10.73 9.93 9.93 4.16 0.29 0.00 0.00 0.00 0.00 0.00 0.00 0.00 0.00 0.00 0.00 0.00 1.75 0.95 3.36 4.09 5.11 7.66 9.27 9.27 7.30 5.11 3.65 3.29 2.92 3.07 4.38 4.74 4.74 4.23 6.13 10.44 11.24 10.44 9.86 8.69 7.23 7.01 6.72 6.42 7.37 7.08 8.40 9.27 9.27 9.49 8.83 8.61 8.40 8.10 8.91 7.66 6.35 7.01 6.42 6.20 6.64 5.72 6.12 6.91 7.42 7.96 7.54 9.77 9.20 7.08 6.09 9.38
0.00 0.00 0.00 7.23 5.99 5.48 0.00 0.00 0.00 0.00 0.00 0.00 7.66 6.35 0.88 0.00 0.00 0.00 0.00 0.00 0.00 0.00 0.00 0.00 0.00 0.00 0.00 3.87 8.54 4.53 3.80 5.33 4.23 5.26 5.18 5.18 3.80 1.75 1.46 2.56 3.14 4.09 5.48 4.89 3.80 4.31 6.35 8.32 8.40 8.32 9.34 5.33 4.60 5.62 4.67 4.45 4.02 5.11 6.35 7.01 7.01 7.37 8.25 8.69 7.81 8.25 7.30 6.20 5.18 5.91 5.91 4.53 4.97 6.39 9.08 7.89 6.98 9.96 10.03 8.60 7.62 9.99 8.70 8.70
0.00 0.00 0.00 0.00 0.00 0.00 0.00 0.00 5.99 5.99 1.75 0.00 0.44 1.46 0.00 0.00 0.00 0.00 0.00 0.00 0.00 0.00 0.00 0.00 0.00 10.95 4.89 4.60 4.31 3.36 2.92 3.65 1.83 3.43 3.36 3.36 1.83 2.19 3.21 3.87 4.23 4.23 3.94 3.50 3.07 3.43 4.60 4.45 4.31 5.48 4.67 4.53 3.72 3.65 3.65 2.34 1.17 2.63 4.82 5.55 5.55 7.52 6.13 6.50 6.79 7.01 6.50 5.18 4.96 5.26 4.09 4.38 4.12 4.22 4.74 8.07 10.68 7.48 8.52 8.46 6.30 7.35 6.75 7.41
0.00 0.00 0.00 0.00 0.00 0.00 0.00 0.00 5.99 5.99 1.75 0.00 0.44 1.46 0.00 0.00 0.00 0.00 0.00 0.00 0.00 0.00 0.00 0.00 0.00 10.95 4.89 4.60 4.31 3.36 2.92 3.65 1.83 3.43 3.36 3.36 1.83 2.19 3.21 3.87 4.23 4.23 3.94 3.50 3.07 3.43 4.60 4.45 4.31 5.48 4.67 4.53 3.72 3.65 3.65 2.34 1.17 2.63 4.82 5.55 5.55 7.52 6.13 6.50 6.79 7.01 6.50 5.18 4.96 5.26 4.09 4.38 4.02 4.16 4.60 7.49 9.52 6.92 9.08 8.78 6.30 7.19 7.41 7.92
0.00 0.00 0.00 0.00 0.00 0.00 0.00 0.00 0.00 0.00 0.00 0.00 0.00 0.00 0.00 0.00 0.00 0.00 0.00 0.00 0.00 0.00 4.38 4.23 4.16 3.80 2.70 1.83 1.97 2.26 2.48 2.34 1.90 1.90 2.63 2.63 4.23 4.38 5.33 4.60 5.84 6.72 6.79 4.23 2.04 1.53 1.68 2.99 2.26 2.99 2.92 4.23 3.80 2.63 2.26 2.12 2.48 3.43 3.94 4.96 4.96 6.20 6.42 5.99 5.91 5.91 5.48 4.82 3.87 3.72 3.36 4.09 5.62 4.74 4.42 7.45 7.82 7.51 5.01 7.95 8.11 8.48 7.30 7.18
4.31 5.40 0.00 0.00 0.00 0.00 0.00 0.00 0.00 0.00 0.00 0.00 0.00 0.00 0.00 0.00 0.00 0.00 0.00 8.61 3.80 4.53 4.38 4.31 4.82 4.23 3.21 3.07 3.14 2.41 1.97 2.34 3.21 3.58 3.21 3.21 4.09 4.45 4.67 5.18 5.91 3.94 2.92 1.97 2.63 1.39 0.37 1.31 2.12 2.56 3.21 2.70 2.34 2.19 1.02 1.75 1.75 1.24 2.04 2.85 2.85 2.92 4.60 5.40 5.48 5.69 6.13 5.26 5.33 5.40 5.18 4.74 4.60 4.70 5.29 7.98 5.33 6.87 7.30 5.75 8.58 8.57 8.50 7.18
9.05 8.98 7.66 6.42 5.55 1.02 1.68 7.88 0.00 0.00 0.00 0.00 0.00 0.00 0.00 0.00 0.00 0.00 3.43 5.40 4.60 4.23 3.72 3.72 4.45 4.96 5.26 5.48 5.04 3.87 3.14 3.80 4.53 4.23 3.50 3.50 3.29 5.11 4.89 4.60 4.16 3.65 2.41 2.63 5.18 3.14 2.56 2.26 1.75 2.63 2.04 1.83 0.95 1.90 3.29 2.70 3.58 3.21 3.72 3.94 3.94 4.31 5.26 5.33 4.74 5.91 5.55 5.04 4.45 4.09 5.55 4.82 5.02 7.25 7.67 7.19 5.47 6.49 6.88 6.83 7.84 7.96 8.07 6.06
15.99 12.34 9.78 8.47 8.18 7.45 4.74 3.36 0.00 0.00 0.00 0.00 0.00 0.00 0.00 0.22 2.70 3.07 3.29 3.65 4.53 4.60 5.62 5.99 4.82 4.23 4.89 4.74 3.50 4.60 4.89 5.11 5.40 5.62 4.23 4.23 3.65 2.92 4.31 3.94 2.77 3.87 3.87 3.36 0.95 2.99 4.09 2.12 2.12 2.34 2.19 1.97 0.00 0.00 1.83 2.77 4.38 3.94 2.48 2.99 2.99 4.89 5.62 5.40 4.23 4.09 3.36 2.63 3.94 3.36 4.31 4.59 5.88 6.62 8.41 8.80 6.98 5.95 8.06 7.75 7.65 7.14 6.57 7.54
15.99 12.34 9.78 8.47 8.18 7.45 4.74 3.36 0.00 0.00 0.00 0.00 0.00 0.00 0.00 0.22 2.70 3.07 3.29 3.65 4.53 4.60 5.62 5.99 4.82 4.23 4.89 4.74 3.50 4.60 4.89 5.11 5.40 5.62 4.23 4.23 3.65 2.92 4.31 3.94 2.77 3.87 3.87 3.36 0.95 2.99 4.09 2.12 2.12 2.34 2.19 1.97 0.00 0.00 1.83 2.77 4.38 3.94 2.48 2.99 2.99 4.89 5.62 5.40 4.23 4.09 3.36 2.63 3.94 3.36 4.31 5.64 5.51 7.19 7.55 10.89 7.09 6.58 8.22 6.99 7.40 6.14 7.14 8.56
8.91 8.40 6.50 3.50 4.67 7.08 8.91 6.20 4.53 4.53 4.38 4.89 4.53 4.60 2.70 2.70 1.53 2.34 1.31 2.19 2.56 2.26 4.53 5.84 5.40 4.53 4.38 4.23 3.29 4.38 4.74 5.55 5.40 5.11 5.99 5.99 5.62 3.87 3.50 3.50 3.87 5.04 5.33 3.72 1.68 1.02 2.77 2.12 1.68 2.48 0.00 0.00 0.00 0.95 3.36 5.33 6.79 5.84 3.94 2.92 2.92 3.29 3.36 3.58 3.14 1.31 0.44 2.34 4.16 3.14 4.92 4.89 6.77 6.34 6.48 6.40 7.12 6.37 5.95 6.87 7.00 5.60 5.92 4.31
8.76 10.29 9.86 6.64 6.20 5.26 4.31 4.60 4.31 4.31 3.21 3.65 3.29 3.36 3.87 3.65 3.21 3.21 5.18 4.60 4.45 4.53 5.11 4.96 3.50 3.50 3.65 3.50 3.43 3.80 4.09 3.80 3.72 4.31 4.23 4.23 4.38 3.50 3.50 4.16 2.92 4.09 3.80 0.95 1.68 2.12 1.97 2.19 1.75 1.39 0.00 0.00 0.00 0.00 3.72 4.89 5.40 4.74 4.89 3.87 3.87 1.83 1.75 1.97 1.83 1.53 1.24 1.68 0.80 4.26 4.28 3.98 5.32 5.67 5.51 6.88 6.80 7.68 6.81 6.56 5.95 4.35 3.38 4.52
9.49 7.52 7.01 8.03 8.10 7.15 4.67 6.50 5.33 5.33 3.58 1.90 3.50 4.38 5.62 3.87 2.19 3.29 4.60 5.40 4.74 3.29 3.43 3.87 3.72 3.36 3.50 3.50 2.85 2.70 3.50 4.67 4.60 4.31 2.77 2.77 3.21 4.09 4.38 3.80 3.29 2.77 1.68 1.61 2.19 2.19 0.00 1.90 2.48 1.90 0.00 0.00 0.00 0.00 0.00 0.00 0.00 0.00 3.50 3.87 3.87 3.80 3.80 2.56 0.00 2.70 2.56 2.34 2.41 2.26 4.02 5.40 6.42 6.13 6.06 7.66 6.81 8.44 8.07 5.15 5.35 6.27 5.68 5.88
9.05 6.57 5.04 4.53 6.06 6.57 7.30 6.64 4.96 4.96 3.65 2.85 3.94 4.96 4.09 4.38 5.77 4.67 4.31 4.60 4.60 4.60 3.94 3.29 2.41 3.36 3.72 3.50 4.16 4.89 3.94 5.69 5.69 4.82 4.67 4.67 5.26 5.40 5.26 3.50 2.26 2.48 2.56 3.65 0.95 2.92 0.00 0.00 2.70 3.36 0.00 0.00 0.00 0.00 0.00 0.00 0.00 0.00 2.56 2.70 2.70 2.70 3.72 3.29 2.04 1.02 1.31 0.95 0.00 2.92 5.04 6.06 6.28 7.08 6.56 6.29 7.45 7.30 7.86 5.64 4.29 3.68 4.94 4.70
11.83 10.29 7.81 5.99 5.55 6.20 6.72 5.33 5.48 5.48 4.74 4.60 5.55 5.69 4.16 3.65 4.31 6.35 5.84 5.33 5.69 5.11 4.82 4.09 4.60 4.82 4.82 4.23 3.94 4.96 5.26 5.04 4.09 5.77 6.42 6.42 5.33 3.80 2.63 2.77 1.97 2.48 1.46 1.68 2.70 2.77 3.14 2.34 0.00 0.00 0.00 0.00 0.00 0.00 0.00 0.00 0.00 0.00 0.00 0.22 0.22 0.44 0.00 0.00 0.00 0.00 0.00 2.77 3.07 2.41 2.48 5.62 4.82 5.69 5.86 6.12 8.00 7.98 8.50 6.89 5.42 4.29 5.46 7.69
11.83 10.29 7.81 5.99 5.55 6.20 6.72 5.33 5.48 5.48 4.74 4.60 5.55 5.69 4.16 3.65 4.31 6.35 5.84 5.33 5.69 5.11 4.82 4.09 4.60 4.82 4.82 4.23 3.94 4.96 5.26 5.04 4.09 5.77 6.42 6.42 5.33 3.80 2.63 2.77 1.97 2.48 1.46 1.68 2.70 2.77 3.14 2.34 0.00 0.00 0.00 0.00 0.00 0.00 0.00 0.00 0.00 0.00 0.00 0.22 0.22 0.44 0.00 0.00 0.00 0.00 0.00 2.77 3.07 2.41 2.48 5.62 4.82 5.69 5.62 6.16 6.21 7.02 7.12 8.02 6.63 4.38 4.28 7.09
9.93 9.56 8.54 6.64 6.72 7.52 7.88 8.40 5.99 5.99 4.23 3.50 3.14 4.23 4.02 3.29 3.50 4.53 4.82 5.18 4.53 4.38 4.96 5.62 6.06 5.62 5.84 5.40 5.55 5.26 4.31 4.31 3.43 3.87 4.53 4.53 4.45 4.02 5.04 5.99 3.43 0.95 1.61 0.00 0.00 1.68 1.90 0.00 0.00 0.00 0.44 0.00 0.00 0.00 0.00 0.00 0.00 0.00 0.00 0.00 0.00 0.00 0.00 0.00 0.00 0.00 0.00 1.24 2.48 0.00 2.99 3.72 2.99 5.26 4.89 5.43 6.69 9.66 8.49 7.13 4.76 7.03 8.41 9.34
7.74 5.77 6.57 7.23 8.83 11.17 12.78 12.19 8.61 8.61 5.99 4.96 3.58 3.94 5.04 4.60 4.96 4.09 4.09 4.23 4.60 4.89 4.09 4.74 5.26 6.13 6.35 6.50 6.28 6.13 4.23 3.58 3.14 2.99 4.16 4.16 4.60 4.02 3.58 3.50 3.43 1.97 3.14 0.00 0.00 0.00 2.41 2.19 0.00 0.00 0.00 0.00 0.00 0.00 0.00 0.00 0.00 0.00 0.00 0.00 0.00 0.00 0.00 0.00 0.00 0.00 3.07 2.48 1.75 0.00 0.00 4.89 3.94 6.06 7.34 8.28 10.24 11.59 12.54 11.03 12.04 7.88 10.54 13.48
6.64 6.79 7.23 8.10 8.83 9.93 10.44 10.07 6.13 6.13 5.77 6.57 6.13 4.89 5.26 4.96 4.96 4.67 4.45 4.31 4.60 5.62 6.06 6.94 6.86 5.33 6.13 7.01 6.86 5.62 3.94 3.94 4.16 2.92 3.36 3.36 3.80 3.58 3.21 4.02 3.72 0.00 2.56 0.00 0.00 1.24 0.00 0.00 0.00 0.00 0.00 0.00 0.00 0.00 0.00 0.00 0.00 0.00 0.00 0.00 0.00 0.00 0.00 0.00 1.61 0.00 0.00 0.00 0.00 0.00 3.87 5.84 6.82 7.74 8.97 10.59 12.20 11.37 11.70 11.01 9.14 8.48 8.24 9.94
9.49 8.76 7.88 8.47 7.30 8.10 7.45 6.79 4.60 4.60 4.96 3.50 3.29 3.72 5.48 5.40 4.60 4.89 4.31 3.65 4.60 6.50 7.30 7.23 6.35 5.48 6.06 7.23 5.26 2.85 2.99 2.34 4.23 0.00 0.00 0.00 2.77 2.99 3.65 4.31 0.00 1.90 2.12 1.75 0.00 0.00 0.00 0.00 0.00 0.00 0.00 0.00 0.00 0.00 0.00 0.00 0.00 0.00 0.00 0.00 0.00 0.00 0.00 0.00 0.00 0.00 0.00 0.00 0.00 0.00 6.64 5.26 6.92 8.27 8.89 8.37 8.21 11.51 9.11 8.74 7.51 5.38 6.74 8.25
10.80 8.10 7.52 5.84 3.94 4.38 0.00 3.43 4.02 4.02 2.77 2.70 0.00 3.94 5.04 4.45 5.48 6.86 5.69 5.33 4.60 4.82 5.77 5.77 5.04 3.50 4.02 4.45 3.94 4.09 3.65 3.43 0.00 4.02 0.00 0.00 2.85 0.00 0.00 0.00 0.00 0.00 0.00 0.00 0.00 0.00 0.00 0.00 0.00 0.00 0.00 0.00 0.00 0.00 0.00 0.00 0.00 0.00 0.00 0.00 0.00 0.00 0.00 0.00 0.00 0.00 0.00 0.00 1.83 2.41 6.29 7.38 9.36 9.13 8.51 7.93 7.52 8.88 8.11 0.00 0.00 0.00 0.00 4.80
10.80 8.10 7.52 5.84 3.94 4.38 0.00 3.43 4.02 4.02 2.77 2.70 0.00 3.94 5.04 4.45 5.48 6.86 5.69 5.33 4.60 4.82 5.77 5.77 5.04 3.50 4.02 4.45 3.94 4.09 3.65 3.43 0.00 4.02 0.00 0.00 2.85 0.00 0.00 0.00 0.00 0.00 0.00 0.00 0.00 0.00 0.00 0.00 0.00 0.00 0.00 0.00 0.00 0.00 0.00 0.00 0.00 0.00 0.00 0.00 0.00 0.00 0.00 0.00 0.00 0.00 0.00 0.00 1.83 2.41 6.32 7.30 8.46 10.18 9.08 9.25 8.73 8.60 8.47 0.00 0.00 0.00 0.00 4.08
8.10 8.40 5.18 0.00 3.65 2.56 0.00 0.00 0.00 0.00 0.00 0.00 3.07 3.58 4.23 0.00 6.42 7.37 7.08 5.33 6.06 5.55 5.69 6.50 7.59 6.72 7.88 6.13 5.48 6.13 6.50 0.00 0.00 4.38 0.00 0.00 0.00 0.66 0.00 0.00 0.00 0.00 0.00 0.00 0.00 0.00 0.00 0.00 0.00 0.00 0.00 0.00 0.00 0.00 0.00 0.00 0.00 0.00 0.00 0.00 0.00 0.00 0.00 0.00 0.00 0.00 0.00 0.00 4.70 5.53 7.89 8.18 11.98 11.94 9.66 8.43 8.89 5.74 0.00 3.93 0.00 0.00 2.55 0.31
8.76 6.86 5.69 5.11 4.02 0.00 3.65 0.00 0.00 0.00 0.00 0.00 0.00 2.56 4.09 7.08 8.32 10.22 9.42 8.40 8.10 9.05 10.88 11.97 11.10 9.78 10.29 10.22 8.10 7.45 7.08 6.72 5.48 4.31 4.45 4.45 5.26 2.85 3.07 3.07 1.46 0.00 0.00 0.00 0.00 0.00 0.00 0.00 0.00 0.00 0.00 0.00 0.00 0.00 0.00 0.00 0.00 0.00 0.00 0.00 0.00 0.00 0.00 0.00 3.50 3.50 0.00 5.69 7.30 7.08 7.88 9.18 11.41 9.81 6.73 5.02 5.59 0.00 0.00 0.00 0.00 0.00 1.19 0.00
12.05 10.29 7.88 5.62 4.38 0.00 0.00 3.29 3.65 3.65 0.00 0.00 0.00 0.00 3.80 5.55 5.18 6.06 7.74 7.30 5.62 5.04 6.50 6.57 4.89 3.07 4.53 7.59 8.83 7.37 8.18 7.52 6.42 8.25 8.69 8.69 9.49 9.64 5.99 5.62 5.77 6.28 6.28 5.04 4.09 3.21 0.00 0.00 0.00 0.00 0.00 0.00 0.00 0.00 0.00 0.00 0.00 0.00 0.00 0.00 0.00 0.00 0.00 0.00 4.31 0.00 0.00 5.91 5.69 7.74 10.29 11.62 12.83 11.53 5.38 3.30 3.93 0.00 0.00 0.00 0.00 0.00 0.00 0.00
14.31 12.26 10.29 8.18 6.64 7.37 6.42 5.77 3.94 3.94 0.00 0.00 3.50 3.36 4.38 0.00 2.63 1.90 3.21 5.04 5.11 4.67 0.00 2.41 1.10 1.68 0.51 2.63 3.36 3.80 5.33 4.96 6.06 7.01 6.35 6.35 8.47 6.20 4.60 0.00 2.41 1.83 2.56 2.12 2.41 0.00 0.00 0.00 0.00 0.00 0.00 0.00 0.00 0.00 0.00 0.00 0.00 0.00 0.00 0.00 0.00 0.00 0.00 0.00 5.04 0.00 0.00 7.81 7.15 7.66 10.66 9.66 6.61 6.03 3.14 3.38 0.00 0.00 1.44 0.00 0.00 0.00 0.00 0.00
10.22 8.91 8.61 7.59 5.69 4.67 5.84 6.13 4.74 4.74 4.38 4.09 4.53 4.16 0.00 0.00 0.00 1.02 5.11 9.78 11.39 11.32 6.57 2.70 2.77 5.99 6.06 5.18 5.04 3.72 5.55 6.13 7.23 6.57 5.18 5.18 5.84 4.53 0.00 0.00 0.00 0.00 0.00 0.00 0.00 0.00 0.00 0.00 0.00 0.07 0.00 0.00 0.00 0.00 0.00 0.00 0.00 0.00 0.00 0.00 0.00 0.58 0.88 0.00 4.74 0.00 4.09 6.35 7.52 7.52 8.47 8.18 4.70 3.17 3.25 4.78 0.00 0.00 0.00 0.00 0.00 0.00 0.00 0.00
3.87 0.00 0.00 5.84 4.82 4.02 5.77 5.77 5.18 5.18 5.18 4.60 4.96 5.11 0.00 0.00 2.48 2.92 5.48 9.64 12.70 13.43 11.53 9.42 5.84 4.45 5.55 7.15 8.10 4.67 3.43 3.87 5.84 5.91 0.00 0.00 0.00 0.00 0.00 0.00 0.00 0.00 0.00 0.00 0.00 0.00 0.00 0.00 0.00 0.00 0.00 0.00 0.00 0.00 0.00 0.00 0.00 0.00 0.00 0.00 0.00 0.00 0.00 0.00 0.00 0.00 0.00 3.94 4.38 4.96 5.11 3.96 3.43 3.58 2.80 0.00 0.00 0.00 0.00 0.00 0.00 0.00 0.00 0.00
3.87 0.00 0.00 5.84 4.82 4.02 5.77 5.77 5.18 5.18 5.18 4.60 4.96 5.11 0.00 0.00 2.48 2.92 5.48 9.64 12.70 13.43 11.53 9.42 5.84 4.45 5.55 7.15 8.10 4.67 3.43 3.87 5.84 5.91 0.00 0.00 0.00 0.00 0.00 0.00 0.00 0.00 0.00 0.00 0.00 0.00 0.00 0.00 0.00 0.00 0.00 0.00 0.00 0.00 0.00 0.00 0.00 0.00 0.00 0.00 0.00 0.00 0.00 0.00 0.00 0.00 0.00 3.94 4.38 4.96 5.11 3.94 3.37 3.52 2.80 0.00 0.00 0.00 0.00 0.00 0.00 0.00 0.00 0.00
3.14 0.00 5.26 0.00 0.00 6.79 6.72 6.79 6.28 6.28 5.99 5.55 5.99 5.91 4.60 2.63 3.43 3.29 4.09 2.48 3.94 6.28 8.32 9.71 9.05 5.62 4.82 4.23 4.16 4.82 0.00 0.00 0.00 0.00 4.31 4.31 0.00 0.00 0.00 0.00 0.00 0.00 0.00 0.00 3.50 3.29 2.92 0.00 1.53 0.00 0.00 0.00 0.00 1.24 0.88 0.80 0.44 0.15 0.00 0.00 0.00 0.00 0.00 0.00 0.00 0.00 0.00 1.97 4.23 5.62 5.62 3.14 2.12 2.65 2.35 3.19 0.00 0.00 0.00 0.00 0.00 0.00 0.00 0.00
