Wansh/Snow_depth/snowdepth-1986/winter/1986356.txt
ncols 321
nrows 161
xllcenter 60
yllcenter 15 
cellsize  0.25 
NODATA_value -1
[rows 0 to 36 of 161, columns 168 to 251 of 321]
4.38 4.23 3.65 3.94 4.23 3.72 1.46 4.31 3.50 3.50 3.21 3.14 4.38 4.67 3.21 3.94 4.31 5.69 8.03 9.34 8.40 7.45 6.57 5.18 1.46 0.00 0.00 0.00 0.00 0.00 0.00 0.00 5.48 8.61 8.18 8.18 9.78 10.44 10.95 10.07 10.51 11.32 12.19 13.29 16.28 18.47 20.95 18.40 15.70 11.90 8.98 9.86 10.51 11.24 10.88 13.14 13.14 13.07 11.97 11.10 11.10 11.02 12.26 14.45 16.28 14.97 14.60 15.62 14.45 12.99 12.41 11.53 11.39 11.39 11.46 11.68 11.10 13.36 13.94 13.72 12.70 12.12 11.53 12.70
6.20 5.48 5.18 4.45 3.65 3.07 3.50 3.21 5.04 5.04 4.96 5.40 4.89 2.99 4.02 3.72 3.80 5.55 7.52 7.30 7.52 7.23 5.69 0.29 0.00 0.00 0.00 0.00 0.00 0.00 0.00 0.00 8.69 8.18 9.20 9.20 9.42 10.44 11.75 13.43 16.13 16.64 22.27 21.61 22.05 20.44 18.98 17.74 16.64 14.60 12.99 12.85 11.97 11.68 12.05 12.78 13.87 14.60 14.24 14.53 14.53 15.11 16.28 16.21 15.91 14.60 13.87 15.77 15.55 14.16 14.53 13.87 13.43 12.92 13.07 13.87 15.55 15.77 14.45 13.51 12.70 10.95 9.42 8.47
11.61 7.74 6.72 5.77 3.72 2.85 4.09 2.77 4.82 4.82 5.33 4.38 5.48 5.62 5.62 5.48 6.42 7.01 8.25 5.77 5.33 4.89 4.16 0.00 0.00 0.00 0.00 0.00 0.00 0.00 0.00 2.04 9.05 9.56 9.93 9.93 11.10 14.02 17.08 19.20 19.35 19.71 18.69 18.83 18.47 17.45 15.62 14.97 13.80 13.87 14.24 15.26 14.60 14.60 14.53 14.53 14.24 14.24 15.84 15.77 15.77 16.13 17.37 15.70 15.91 16.43 17.74 16.94 16.50 16.21 16.43 14.02 13.94 12.34 12.19 12.26 13.14 12.63 10.95 8.69 8.98 8.54 7.23 6.64
11.61 7.74 6.72 5.77 3.72 2.85 4.09 2.77 4.82 4.82 5.33 4.38 5.48 5.62 5.62 5.48 6.42 7.01 8.25 5.77 5.33 4.89 4.16 0.00 0.00 0.00 0.00 0.00 0.00 0.00 0.00 2.04 9.05 9.56 9.93 9.93 11.10 14.02 17.08 19.20 19.35 19.71 18.69 18.83 18.47 17.45 15.62 14.97 13.80 13.87 14.24 15.26 14.60 14.60 14.53 14.53 14.24 14.24 15.84 15.77 15.77 16.13 17.37 15.70 15.91 16.43 17.74 16.94 16.50 16.21 16.43 14.02 13.94 12.34 12.19 12.26 13.14 12.63 10.95 8.69 8.98 8.54 7.23 6.64
10.44 9.49 8.83 7.45 7.37 2.77 2.85 2.26 3.50 3.50 4.67 3.94 5.33 6.86 8.32 9.42 10.59 9.93 8.03 6.42 5.26 0.00 0.00 0.00 0.00 0.00 0.00 0.00 0.00 0.00 0.00 10.15 8.25 8.25 7.88 7.88 12.78 15.48 18.03 19.05 19.64 18.91 16.50 13.14 12.26 13.21 13.80 13.51 14.09 13.43 14.38 15.70 15.33 14.97 14.45 14.82 16.28 16.50 17.08 17.37 17.37 17.52 17.89 18.18 20.66 20.88 19.13 18.91 16.72 17.01 16.35 16.79 14.38 10.73 8.98 9.05 8.32 8.40 7.37 6.42 6.86 7.37 7.30 6.50
11.02 8.83 8.32 8.25 7.96 2.19 3.14 3.36 6.57 6.57 6.57 7.96 8.83 8.98 8.91 10.37 10.66 8.61 4.67 0.29 0.00 0.00 0.00 0.00 0.00 0.00 0.00 0.00 0.00 0.00 5.55 7.81 6.72 8.18 10.80 10.80 11.90 13.14 14.38 13.36 12.41 12.56 11.24 9.71 9.64 11.53 12.78 11.83 12.78 13.80 15.18 17.16 16.35 14.31 13.80 14.97 15.62 15.77 16.86 17.30 17.30 17.52 19.13 20.29 18.54 16.35 17.01 17.59 15.70 14.53 14.89 14.45 11.46 10.29 8.47 7.23 6.94 5.84 6.35 6.64 6.42 4.45 5.26 5.48
14.02 12.12 10.59 8.69 6.86 5.48 7.88 8.40 5.99 5.99 6.42 8.47 10.22 10.59 10.88 10.00 7.74 3.29 0.80 0.00 0.00 0.00 0.00 0.00 0.00 0.00 0.00 0.00 0.00 4.23 6.57 6.20 8.69 10.15 14.67 14.67 14.89 11.02 10.29 8.69 6.79 7.08 6.86 4.89 6.79 6.50 9.64 12.78 13.80 13.72 15.62 13.21 13.58 13.21 13.36 13.29 12.85 13.80 15.33 15.91 15.91 17.81 19.64 18.32 12.99 11.02 12.26 12.85 12.85 10.73 11.24 12.41 8.91 7.96 6.86 7.81 7.74 8.69 8.91 8.44 8.35 8.50 8.01 8.18
14.02 12.12 10.59 8.69 6.86 5.48 7.88 8.40 5.99 5.99 6.42 8.47 10.22 10.59 10.88 10.00 7.74 3.29 0.80 0.00 0.00 0.00 0.00 0.00 0.00 0.00 0.00 0.00 0.00 4.23 6.57 6.20 8.69 10.15 14.67 14.67 14.89 11.02 10.29 8.69 6.79 7.08 6.86 4.89 6.79 6.50 9.64 12.78 13.80 13.72 15.62 13.21 13.58 13.21 13.36 13.29 12.85 13.80 15.33 15.91 15.91 17.81 19.64 18.32 12.99 11.02 12.26 12.85 12.85 10.73 11.24 12.41 8.91 7.96 6.86 9.03 10.67 12.50 12.20 14.34 13.80 11.31 10.31 8.49
14.16 15.70 15.40 11.02 7.81 6.86 7.45 8.32 10.29 10.29 7.23 9.42 10.15 11.39 10.73 6.79 1.24 0.00 0.00 0.00 0.00 0.00 0.00 0.00 0.00 0.00 0.00 0.00 1.61 5.11 7.66 7.96 7.96 9.13 12.05 12.05 11.61 6.86 5.62 6.13 4.23 4.09 5.55 7.81 7.74 7.88 8.61 12.05 15.33 14.24 12.19 11.02 10.15 8.76 8.61 10.37 9.71 9.56 13.07 14.24 14.24 14.82 14.31 13.07 11.61 10.51 10.07 11.24 11.17 10.15 10.00 10.15 9.05 8.35 9.33 11.37 13.52 11.06 9.80 13.54 13.12 11.38 11.26 10.80
12.41 14.45 12.05 11.68 9.34 8.18 5.99 4.02 7.96 7.96 9.42 8.98 7.23 4.53 3.50 0.00 0.00 0.00 0.00 0.00 0.00 0.00 0.00 0.00 0.00 0.00 0.22 6.13 7.59 9.05 9.56 8.76 9.93 8.54 8.47 8.47 5.11 4.16 4.67 4.89 4.74 5.91 7.30 8.83 8.18 6.64 8.03 10.66 12.26 11.32 10.15 7.74 7.01 5.99 6.42 6.50 5.99 7.08 8.32 8.47 8.47 8.25 10.51 12.34 12.05 12.48 11.83 9.49 9.71 11.39 10.51 9.27 7.54 11.62 12.19 12.11 12.80 12.79 14.47 13.42 13.33 10.88 11.16 11.59
8.83 5.91 8.47 11.97 12.05 12.63 8.76 8.47 6.28 6.28 3.65 2.77 0.73 0.00 0.00 0.00 0.00 0.00 0.00 0.00 0.00 0.00 0.00 2.48 2.34 4.82 7.15 8.54 7.59 6.79 5.84 4.09 4.53 5.99 4.96 4.96 3.36 2.63 3.36 5.33 5.99 5.77 6.35 6.94 6.35 6.72 6.72 6.94 6.94 5.91 5.33 4.89 5.55 5.69 5.11 4.38 3.58 4.09 5.11 9.42 9.42 11.97 13.43 11.32 11.46 11.39 10.29 9.49 8.47 8.61 8.25 7.37 5.17 5.71 6.62 10.31 13.89 13.55 9.83 11.00 11.45 12.00 9.87 10.69
8.83 5.91 8.47 11.97 12.05 12.63 8.76 8.47 6.28 6.28 3.65 2.77 0.73 0.00 0.00 0.00 0.00 0.00 0.00 0.00 0.00 0.00 0.00 2.48 2.34 4.82 7.15 8.54 7.59 6.79 5.84 4.09 4.53 5.99 4.96 4.96 3.36 2.63 3.36 5.33 5.99 5.77 6.35 6.94 6.35 6.72 6.72 6.94 6.94 5.91 5.33 4.89 5.55 5.69 5.11 4.38 3.58 4.09 5.11 9.42 9.42 11.97 13.43 11.32 11.46 11.39 10.29 9.49 8.47 8.61 8.25 7.37 5.04 5.62 6.42 9.58 12.38 12.55 10.49 11.42 11.45 11.74 10.84 11.43
8.40 7.01 5.77 4.96 7.59 10.66 3.29 0.80 0.00 0.00 0.00 0.00 0.00 0.00 0.00 0.00 0.00 0.00 0.00 0.00 0.07 2.92 6.13 6.50 6.06 6.50 6.06 5.69 4.45 5.18 3.58 3.43 3.43 3.94 5.11 5.11 6.50 6.28 6.72 7.52 6.50 6.42 6.28 5.69 4.74 4.53 3.58 3.58 3.36 3.80 4.89 4.89 4.53 4.89 3.65 3.14 3.94 3.94 6.28 9.34 9.34 10.15 10.22 5.99 9.56 9.27 9.20 10.00 7.59 7.23 7.52 7.23 6.94 6.57 6.74 9.57 11.27 10.05 11.94 13.18 12.27 9.77 9.77 10.31
7.01 6.86 6.64 8.25 4.67 1.68 6.06 0.00 0.00 0.00 0.00 0.00 0.00 0.00 0.00 0.00 0.00 0.00 0.73 3.80 6.20 5.84 6.42 5.26 4.60 4.53 4.96 5.62 5.55 4.74 2.99 3.21 4.23 6.50 6.13 6.13 6.50 8.03 8.61 7.08 7.88 7.08 6.06 3.72 4.02 4.16 3.94 3.80 3.43 3.80 4.09 3.87 4.31 3.29 2.41 3.58 4.60 5.26 6.50 7.81 7.81 7.81 9.20 11.10 7.96 9.78 9.27 8.98 7.23 8.69 7.37 6.57 8.18 7.92 9.63 9.92 9.96 10.84 12.80 10.40 11.33 9.14 7.90 9.77
12.05 12.70 10.00 8.54 7.52 3.14 0.00 0.00 0.00 0.00 0.00 0.00 0.00 0.00 0.00 0.00 0.00 4.89 5.48 6.28 6.06 7.88 6.79 6.86 5.04 5.69 6.50 6.94 6.35 6.72 6.72 7.15 7.81 8.83 8.32 8.32 7.96 9.34 9.93 7.81 6.20 6.72 6.50 5.55 5.33 4.60 5.18 4.16 4.60 4.16 3.65 3.29 3.07 2.04 2.99 4.82 5.48 5.11 5.18 5.55 5.55 7.88 8.83 7.66 7.88 9.78 12.05 9.05 8.69 8.98 8.54 6.64 6.59 8.06 9.35 10.40 11.59 13.19 10.88 8.61 8.52 9.39 8.98 8.04
16.43 14.02 13.07 10.73 12.41 9.42 4.74 1.31 0.00 0.00 0.00 0.00 0.00 0.00 0.66 2.19 4.16 7.15 3.87 3.87 5.40 6.57 9.13 7.52 7.37 7.01 7.88 7.52 7.30 8.18 8.76 8.32 8.83 9.56 7.59 7.59 7.15 6.72 5.91 4.96 4.23 4.89 5.04 6.28 5.55 4.96 4.16 3.36 4.16 4.23 3.07 2.63 0.00 0.44 2.34 5.40 8.54 8.98 7.88 9.20 9.20 7.81 6.50 5.84 7.01 7.96 5.91 5.77 7.15 7.37 6.79 7.83 9.79 10.80 10.95 9.60 9.84 10.14 11.47 9.73 8.56 9.41 8.52 10.64
16.43 14.02 13.07 10.73 12.41 9.42 4.74 1.31 0.00 0.00 0.00 0.00 0.00 0.00 0.66 2.19 4.16 7.15 3.87 3.87 5.40 6.57 9.13 7.52 7.37 7.01 7.88 7.52 7.30 8.18 8.76 8.32 8.83 9.56 7.59 7.59 7.15 6.72 5.91 4.96 4.23 4.89 5.04 6.28 5.55 4.96 4.16 3.36 4.16 4.23 3.07 2.63 0.00 0.44 2.34 5.40 8.54 8.98 7.88 9.20 9.20 7.81 6.50 5.84 7.01 7.96 5.91 5.77 7.15 7.37 6.79 9.61 9.18 11.74 9.83 11.88 9.98 11.21 11.70 8.78 8.27 8.09 9.27 12.08
13.51 11.68 11.61 7.81 7.01 7.52 7.37 8.40 8.47 8.47 5.62 5.33 3.65 2.99 3.94 3.80 3.29 3.58 3.29 3.80 7.59 5.11 6.64 6.50 7.01 7.30 7.74 8.03 6.57 7.96 7.45 7.01 7.74 5.91 6.79 6.79 8.18 6.86 5.40 5.33 7.01 8.03 7.66 6.72 5.18 4.45 4.53 3.07 3.36 3.14 2.63 0.00 0.00 3.07 4.82 6.50 9.05 8.83 6.86 4.96 4.96 5.33 5.11 4.38 4.96 4.53 4.38 4.38 4.89 6.06 6.81 8.43 10.86 10.84 11.10 11.70 12.38 10.78 10.51 11.38 10.26 9.40 10.69 11.32
11.83 14.02 13.94 11.39 7.15 5.48 5.33 5.91 6.13 6.13 5.62 4.31 4.23 4.16 5.18 4.53 3.80 3.58 5.77 5.55 4.74 6.64 5.04 5.55 6.72 6.57 6.50 6.79 8.10 8.47 8.32 7.81 7.66 7.52 8.32 8.32 7.37 6.28 5.91 6.57 7.88 7.74 6.86 3.87 4.16 4.74 3.94 3.36 0.00 3.07 3.21 3.94 4.16 3.87 3.94 4.74 5.18 6.79 9.27 7.96 7.96 3.58 2.77 3.07 3.87 2.56 2.92 3.43 2.99 5.65 6.56 8.77 9.58 10.10 11.89 12.09 11.52 12.39 11.94 12.91 9.76 9.42 10.15 12.95
11.61 10.44 10.73 11.10 8.91 6.06 5.91 5.69 5.69 5.69 4.45 4.67 3.87 4.02 4.31 3.80 4.67 5.69 6.28 6.57 5.84 4.82 3.50 4.38 6.35 7.96 7.96 7.59 6.28 5.26 6.35 6.28 6.64 6.79 6.72 6.72 5.62 5.69 6.72 6.13 5.62 5.33 5.69 5.18 5.11 5.11 4.09 3.14 3.72 4.16 3.80 2.77 2.48 0.00 0.00 0.00 0.00 3.50 3.14 5.91 5.91 4.67 4.82 3.43 5.62 3.94 4.60 5.91 5.91 5.55 5.84 7.88 9.78 12.26 11.83 11.65 12.74 14.06 13.77 9.77 9.81 9.70 10.27 12.29
12.85 9.42 6.72 8.76 8.54 7.66 6.28 5.18 4.16 4.16 3.43 4.02 5.26 4.82 5.40 5.62 5.55 6.42 7.01 8.47 9.42 9.34 6.94 6.13 4.74 3.43 4.53 6.50 7.30 6.57 7.30 8.61 7.74 6.50 6.57 6.57 6.28 4.96 5.62 5.69 4.67 3.80 4.60 4.38 4.74 4.38 3.80 4.02 4.09 4.89 5.40 5.69 4.38 0.00 0.00 0.00 0.00 1.61 0.00 2.04 2.04 3.50 4.02 4.53 0.00 0.00 0.00 0.00 5.99 7.45 7.59 7.81 8.32 8.83 9.99 9.57 11.58 10.14 11.12 11.83 12.15 9.24 10.12 9.90
13.21 11.53 9.56 7.96 8.10 7.96 7.15 6.64 4.74 4.74 4.45 5.18 0.00 4.53 3.72 5.55 5.40 5.84 6.42 7.23 7.37 7.81 5.33 3.80 2.92 4.23 5.99 6.50 7.45 8.32 8.61 7.81 7.08 8.47 8.40 8.40 6.57 4.45 4.53 3.94 4.31 4.89 5.04 4.45 5.33 6.06 3.94 3.87 4.53 5.26 0.00 0.00 2.48 1.53 0.00 1.46 0.00 2.12 1.02 0.00 0.00 1.75 0.00 0.00 0.00 0.00 0.00 3.36 4.38 3.65 4.67 5.91 5.84 6.86 8.52 9.65 11.20 10.07 11.33 9.25 7.90 8.98 11.51 14.49
13.21 11.53 9.56 7.96 8.10 7.96 7.15 6.64 4.74 4.74 4.45 5.18 0.00 4.53 3.72 5.55 5.40 5.84 6.42 7.23 7.37 7.81 5.33 3.80 2.92 4.23 5.99 6.50 7.45 8.32 8.61 7.81 7.08 8.47 8.40 8.40 6.57 4.45 4.53 3.94 4.31 4.89 5.04 4.45 5.33 6.06 3.94 3.87 4.53 5.26 0.00 0.00 2.48 1.53 0.00 1.46 0.00 2.12 1.02 0.00 0.00 1.75 0.00 0.00 0.00 0.00 0.00 3.36 4.38 3.65 4.67 5.91 5.84 6.86 8.18 9.71 8.70 8.86 9.49 10.77 9.66 9.18 9.02 13.37
12.41 11.17 9.56 8.54 8.91 9.42 9.42 7.37 4.96 4.96 0.00 0.00 0.00 3.43 0.00 0.00 0.00 0.00 8.03 6.94 7.59 6.50 5.26 6.79 4.96 6.28 8.03 7.45 7.88 9.20 9.49 8.40 6.42 6.28 4.38 4.38 4.16 4.82 5.77 5.48 4.89 3.65 3.94 4.74 5.62 4.96 3.58 3.43 0.00 3.94 3.50 3.50 2.48 2.77 3.36 3.43 0.00 0.00 0.44 0.00 0.00 0.00 0.00 0.00 0.00 0.00 0.00 0.00 0.00 2.41 3.58 4.60 5.18 4.89 7.08 8.66 10.83 15.57 14.60 12.45 10.51 9.37 12.57 15.35
7.96 8.40 8.47 8.69 9.20 11.83 12.99 13.21 9.86 9.86 4.82 2.56 1.97 2.41 0.00 0.00 0.00 0.00 6.72 7.01 7.96 8.03 6.94 6.86 6.35 6.42 9.05 10.07 8.47 7.59 7.59 6.42 4.96 3.94 4.02 4.02 5.18 4.96 4.89 4.96 3.72 4.16 4.60 4.67 5.69 5.18 4.31 5.18 0.00 0.00 2.92 1.97 3.14 3.65 3.21 3.43 0.66 0.00 0.00 0.00 0.00 0.00 0.00 0.00 0.00 0.00 0.00 0.00 0.00 0.00 0.00 4.74 6.06 9.13 11.75 14.60 15.39 15.84 17.58 15.97 15.45 10.75 15.15 17.59
4.74 6.20 8.61 6.86 7.37 9.42 7.88 6.20 5.77 5.77 3.94 0.00 2.56 2.99 0.00 4.09 3.50 1.31 6.94 6.20 6.86 6.50 6.35 7.15 6.42 7.45 8.98 9.49 9.05 6.20 5.91 6.86 5.69 5.04 4.45 4.45 4.74 5.33 5.48 4.74 4.23 4.16 0.00 0.00 0.00 0.00 0.00 3.43 4.89 0.00 0.66 2.48 2.41 3.07 2.99 0.00 3.43 0.00 0.00 0.00 0.00 0.00 0.00 0.00 0.00 0.00 0.00 0.00 0.00 2.63 3.72 5.11 7.71 11.65 15.12 17.25 17.37 14.77 15.95 15.84 13.44 12.35 13.24 13.56
7.96 7.88 7.01 6.50 5.62 8.83 8.83 4.45 2.41 2.41 1.24 1.61 0.00 0.00 0.00 0.00 0.00 6.79 6.86 5.18 5.91 4.67 7.59 8.76 8.10 8.91 7.66 7.01 6.86 4.31 4.45 6.06 6.50 5.99 4.82 4.82 3.58 2.63 4.09 4.60 3.58 2.56 0.00 0.00 0.00 0.00 0.00 0.00 0.00 0.00 0.00 0.00 0.00 0.00 0.00 0.00 0.00 2.99 3.14 0.00 0.00 0.00 0.00 0.00 0.00 0.00 0.00 0.00 0.00 4.23 5.40 6.79 8.58 10.88 12.56 14.60 16.09 17.94 14.60 12.07 12.20 11.24 13.14 13.93
6.86 7.88 6.86 7.23 5.33 3.87 4.23 1.68 0.00 0.00 2.26 3.07 2.63 2.63 3.14 4.96 4.96 7.37 6.72 4.23 5.40 5.48 5.33 6.86 6.79 6.86 6.64 5.04 5.48 4.82 4.23 6.86 6.42 5.11 5.04 5.04 0.00 4.02 3.36 2.92 0.00 0.00 0.00 0.00 0.00 0.00 0.00 0.00 0.00 0.00 0.00 0.00 0.00 0.00 0.00 0.00 0.00 0.00 0.00 0.00 0.00 0.00 0.00 0.00 0.00 0.00 0.00 0.00 4.02 5.48 6.29 7.14 10.74 12.35 14.68 16.06 14.94 13.14 10.86 8.21 7.55 6.78 7.41 6.34
6.86 7.88 6.86 7.23 5.33 3.87 4.23 1.68 0.00 0.00 2.26 3.07 2.63 2.63 3.14 4.96 4.96 7.37 6.72 4.23 5.40 5.48 5.33 6.86 6.79 6.86 6.64 5.04 5.48 4.82 4.23 6.86 6.42 5.11 5.04 5.04 0.00 4.02 3.36 2.92 0.00 0.00 0.00 0.00 0.00 0.00 0.00 0.00 0.00 0.00 0.00 0.00 0.00 0.00 0.00 0.00 0.00 0.00 0.00 0.00 0.00 0.00 0.00 0.00 0.00 0.00 0.00 0.00 4.02 5.48 6.32 7.07 9.71 13.77 15.67 18.74 17.34 12.72 11.34 7.97 7.98 8.04 6.76 5.38
5.84 5.55 6.42 4.96 3.21 0.00 0.00 2.48 0.00 0.00 3.65 3.43 0.00 2.77 4.23 6.57 10.66 8.18 9.20 6.57 6.94 7.88 7.15 7.96 10.07 12.34 12.19 9.05 7.59 7.15 6.28 7.15 8.10 5.04 3.94 3.94 0.00 3.29 0.00 0.00 0.00 0.00 0.00 0.00 0.00 0.00 0.00 0.00 0.00 0.00 0.00 0.00 0.00 0.00 0.00 0.00 0.00 0.00 0.00 0.00 0.00 0.00 0.00 0.00 2.19 0.00 5.04 5.99 6.24 5.97 8.11 10.40 14.69 15.19 13.93 12.08 11.68 10.65 9.49 7.15 4.62 5.01 3.83 1.70
8.83 7.74 5.04 4.16 0.00 0.00 2.41 0.00 0.00 0.00 3.50 0.00 4.16 3.80 6.28 8.61 9.56 11.75 12.41 10.66 10.66 11.32 11.90 12.56 13.14 12.26 12.63 13.07 12.19 10.00 8.10 6.28 5.77 4.89 4.89 4.89 5.55 5.33 4.60 4.74 4.74 3.36 4.53 4.53 3.87 3.07 2.56 2.70 2.41 0.00 0.00 0.00 0.00 0.00 0.00 0.00 0.73 0.00 0.00 1.17 1.17 0.00 0.00 1.83 3.87 5.99 6.64 7.88 8.69 8.10 10.00 12.49 16.70 17.72 11.63 7.94 8.00 7.57 5.21 3.68 2.99 2.85 2.78 1.05
13.58 12.26 7.01 4.74 3.50 0.00 0.00 0.00 1.31 1.31 0.00 0.00 1.46 3.36 4.67 6.50 5.77 7.74 8.40 8.10 8.69 8.18 9.20 8.03 6.13 5.40 4.96 7.01 9.34 8.69 7.52 8.32 8.91 9.78 10.29 10.29 10.59 9.64 8.25 6.79 6.64 7.88 9.78 9.71 7.81 5.55 2.63 0.00 0.00 0.00 2.04 3.07 2.41 0.00 0.00 0.00 2.48 0.00 0.00 0.00 0.00 1.24 2.70 4.23 5.99 6.06 6.86 9.20 10.88 11.02 11.68 12.99 16.46 15.76 9.42 6.24 4.94 4.46 2.78 1.60 1.15 0.62 0.00 0.70
14.89 11.75 9.27 8.25 6.72 5.11 5.11 4.96 0.00 0.00 0.00 0.00 2.56 3.94 0.00 0.00 5.04 5.55 6.50 7.08 7.45 7.45 7.30 3.50 3.94 4.60 5.18 6.64 5.04 5.18 6.94 8.25 7.96 7.45 8.32 8.32 8.61 8.40 7.66 5.11 3.36 3.14 4.23 4.60 4.45 3.65 2.48 2.77 3.58 2.48 2.63 2.70 0.00 0.00 0.00 0.00 1.97 3.43 0.00 3.29 3.29 4.74 5.04 7.37 8.10 7.08 6.72 8.61 9.86 11.02 13.07 12.54 12.21 12.38 7.64 4.67 3.08 1.87 1.53 1.19 0.66 0.00 0.60 0.00
9.86 8.54 7.88 7.15 5.18 3.65 4.31 5.40 0.00 0.00 0.00 2.41 3.80 3.07 2.41 4.09 0.00 4.60 6.13 10.29 13.51 15.70 13.43 9.71 7.01 7.30 7.15 6.57 5.77 5.04 7.52 7.81 8.54 8.40 7.08 7.08 6.20 5.62 4.96 4.38 0.00 0.00 0.00 1.97 2.70 2.99 1.61 1.90 0.00 2.12 0.00 1.02 0.00 0.00 0.00 0.00 2.12 4.82 6.86 7.59 7.59 7.52 7.23 7.59 7.15 5.40 6.72 7.37 8.69 10.07 10.59 8.32 5.35 4.09 4.21 4.17 2.99 0.63 0.35 0.66 2.16 0.00 0.07 0.00
0.00 3.94 3.87 4.89 4.67 0.00 4.67 5.18 4.96 4.96 3.29 2.70 3.07 3.72 3.50 4.09 4.96 5.33 6.42 8.61 12.70 13.14 14.24 12.19 11.39 6.86 6.64 7.88 7.74 4.38 5.33 4.89 5.18 5.04 5.18 5.18 5.48 2.34 0.00 0.00 0.00 0.00 0.00 4.02 2.77 1.90 2.99 3.36 3.43 3.43 4.74 5.04 5.18 3.80 4.82 4.74 5.18 7.37 8.69 6.94 6.94 6.64 5.77 0.00 5.40 5.18 6.28 9.56 9.34 8.03 7.81 6.09 3.58 3.95 3.39 2.89 0.47 0.00 0.00 0.00 0.00 0.00 0.00 0.00
0.00 3.94 3.87 4.89 4.67 0.00 4.67 5.18 4.96 4.96 3.29 2.70 3.07 3.72 3.50 4.09 4.96 5.33 6.42 8.61 12.70 13.14 14.24 12.19 11.39 6.86 6.64 7.88 7.74 4.38 5.33 4.89 5.18 5.04 5.18 5.18 5.48 2.34 0.00 0.00 0.00 0.00 0.00 4.02 2.77 1.90 2.99 3.36 3.43 3.43 4.74 5.04 5.18 3.80 4.82 4.74 5.18 7.37 8.69 6.94 6.94 6.64 5.77 0.00 5.40 5.18 6.28 9.56 9.34 8.03 7.81 6.06 3.52 3.89 3.39 3.02 0.42 0.00 0.00 0.00 0.00 0.00 0.00 0.00
0.00 0.00 0.00 4.45 0.00 5.04 0.00 5.62 5.26 5.26 4.96 5.26 4.60 4.60 4.60 3.80 0.00 4.96 4.09 0.00 5.18 5.18 7.88 10.29 11.39 8.47 6.06 4.09 4.31 3.50 3.87 4.89 4.45 2.63 3.21 3.21 4.60 3.65 3.58 4.31 4.16 4.31 4.96 7.01 6.94 7.01 6.79 5.99 4.38 5.04 4.23 4.02 5.04 5.33 7.01 6.06 3.14 2.12 3.94 3.80 3.80 4.60 5.62 4.67 4.16 5.84 6.28 7.15 8.03 8.61 6.94 4.67 3.36 3.54 1.98 0.46 0.16 0.18 0.00 0.15 0.00 0.00 0.00 0.00
