Wansh/Snow_depth/snowdepth-1986/winter/1986359.txt
ncols 321
nrows 161
xllcenter 60
yllcenter 15 
cellsize  0.25 
NODATA_value -1
[rows 0 to 36 of 161, columns 0 to 83 of 321]
7.74 7.74 10.80 13.29 14.24 11.24 10.00 9.49 8.69 7.52 7.37 8.18 7.59 7.96 9.71 10.51 9.05 7.88 8.98 6.50 7.52 8.83 9.34 9.56 9.34 8.98 8.98 10.00 10.22 9.56 9.78 9.93 8.83 8.32 8.83 9.05 7.08 7.96 7.45 7.74 7.74 7.81 7.81 8.76 8.69 8.76 8.54 8.91 8.76 9.56 9.93 9.93 10.29 10.44 8.83 7.59 7.45 6.72 7.59 8.40 8.61 10.44 10.80 10.44 9.86 9.27 9.20 7.08 5.62 6.35 8.10 9.93 10.59 10.37 13.87 14.89 14.89 14.53 14.24 14.45 13.87 13.21 13.07 12.26
11.83 11.83 12.85 13.80 14.31 12.63 10.22 9.13 9.05 7.23 5.62 5.69 6.06 6.64 7.96 9.78 9.78 7.66 7.96 6.86 8.32 8.32 10.80 13.14 10.66 8.83 8.83 8.69 8.25 9.27 8.83 9.71 9.27 8.54 7.37 6.79 7.01 7.30 7.15 6.72 6.42 5.69 7.37 7.45 8.03 7.88 7.96 9.05 9.78 9.71 8.61 8.61 8.10 8.54 9.20 8.76 7.74 8.18 9.13 8.98 10.00 11.02 10.95 9.86 12.41 10.51 7.59 0.00 6.06 5.99 8.76 11.24 12.99 14.24 16.06 17.52 17.52 16.50 14.89 13.94 14.09 14.60 14.31 13.94
12.63 12.63 13.87 15.18 14.38 14.45 12.56 10.73 10.29 10.07 8.47 7.30 6.50 6.94 7.88 8.54 9.05 7.96 8.83 7.23 8.54 11.24 13.65 13.65 10.73 8.32 8.32 7.30 6.94 7.08 6.79 6.86 6.28 6.42 6.64 6.86 7.30 7.30 7.52 6.50 6.64 6.28 6.28 6.35 6.64 6.50 6.94 7.88 8.32 8.69 7.45 7.45 6.94 7.81 9.34 9.34 7.96 7.66 7.96 9.13 8.69 10.07 10.51 10.29 9.27 11.17 11.02 11.02 11.90 12.56 13.43 14.60 14.75 14.09 13.21 12.85 12.85 13.07 13.80 13.72 12.85 12.41 13.43 14.02
12.63 12.63 13.87 15.18 14.38 14.45 12.56 10.73 10.29 10.07 8.47 7.30 6.50 6.94 7.88 8.54 9.05 7.96 8.83 7.23 8.54 11.24 13.65 13.65 10.73 8.32 8.32 7.30 6.94 7.08 6.79 6.86 6.28 6.42 6.64 6.86 7.30 7.30 7.52 6.50 6.64 6.28 6.28 6.35 6.64 6.50 6.94 7.88 8.32 8.69 7.45 7.45 6.94 7.81 9.34 9.34 7.96 7.66 7.96 9.13 8.69 10.07 10.51 10.29 9.27 11.17 11.02 11.02 11.90 12.56 13.43 14.60 14.75 14.09 13.21 12.85 12.85 13.07 13.80 13.72 12.85 12.41 13.43 14.02
0.00 0.00 9.42 11.53 13.51 11.68 10.66 9.93 9.34 9.13 7.88 7.37 7.23 9.05 7.74 10.07 7.01 6.86 7.37 7.37 8.40 9.27 11.46 10.44 7.88 6.06 6.06 5.77 6.06 7.96 10.00 9.49 8.61 7.96 7.59 7.74 7.01 7.37 7.66 7.96 7.23 6.28 7.15 6.35 6.72 6.57 7.01 7.66 7.88 5.84 5.77 5.77 6.20 6.42 6.64 8.10 8.40 8.32 8.61 8.32 9.56 10.37 11.75 11.32 13.80 14.16 14.45 16.43 14.89 14.31 14.16 13.29 12.48 12.05 11.61 11.39 11.39 10.80 10.88 10.73 10.15 10.59 11.75 12.12
9.64 9.64 8.69 9.71 9.42 10.15 9.56 9.64 9.86 8.54 6.94 5.48 4.16 0.00 4.96 7.74 0.00 7.59 7.45 11.02 10.51 10.66 11.24 9.86 7.59 7.74 7.74 9.13 10.37 11.24 12.70 12.78 11.39 8.91 7.01 6.28 5.91 5.77 6.13 8.18 7.59 5.62 4.89 5.84 5.69 4.67 4.45 0.00 0.00 0.00 2.92 2.92 3.65 4.31 5.84 4.82 4.74 5.77 7.96 9.64 10.51 10.29 10.80 13.72 12.41 13.14 13.21 11.46 10.66 11.10 10.29 9.34 8.69 7.74 8.98 9.20 9.20 10.51 10.07 9.78 9.27 11.10 12.26 11.61
8.47 8.47 9.93 8.76 6.86 7.30 8.03 8.03 8.18 8.18 8.10 8.83 9.20 7.74 6.79 8.61 9.05 10.07 9.71 10.59 9.93 11.17 10.29 11.24 11.32 10.07 10.07 11.10 10.73 9.49 8.54 8.32 6.64 7.01 7.45 7.01 7.15 7.74 6.86 5.33 0.00 0.00 3.65 0.00 0.00 0.00 3.50 3.43 0.00 0.00 0.00 0.00 0.00 0.00 5.18 6.72 4.89 5.55 7.15 8.03 8.32 8.40 9.71 8.61 8.47 9.93 9.64 8.25 8.40 8.76 9.49 8.83 8.03 8.10 7.96 9.20 9.20 9.49 8.98 9.56 10.73 9.49 8.18 7.15
8.47 8.47 9.93 8.76 6.86 7.30 8.03 8.03 8.18 8.18 8.10 8.83 9.20 7.74 6.79 8.61 9.05 10.07 9.71 10.59 9.93 11.17 10.29 11.24 11.32 10.07 10.07 11.10 10.73 9.49 8.54 8.32 6.64 7.01 7.45 7.01 7.15 7.74 6.86 5.33 0.00 0.00 3.65 0.00 0.00 0.00 3.50 3.43 0.00 0.00 0.00 0.00 0.00 0.00 5.18 6.72 4.89 5.55 7.15 8.03 8.32 8.40 9.71 8.61 8.47 9.93 9.64 8.25 8.40 8.76 9.49 8.83 8.03 8.10 7.96 9.20 9.20 9.49 8.98 9.56 10.73 9.49 8.18 7.15
8.83 8.83 8.32 7.96 8.61 9.20 10.22 10.37 9.56 9.27 9.93 10.29 10.44 9.78 7.74 7.66 8.47 10.07 8.98 9.05 11.53 12.56 11.46 11.39 13.72 12.34 12.34 13.07 12.56 9.27 7.59 6.06 7.37 7.01 7.01 5.69 5.84 5.84 5.40 0.00 4.53 4.89 0.00 0.00 0.00 0.00 0.00 0.00 0.00 2.41 0.00 0.00 0.00 1.90 2.34 4.02 4.82 4.38 4.89 7.52 7.74 8.10 8.61 7.81 7.45 7.88 7.15 7.08 5.91 6.64 9.93 11.61 10.00 10.59 10.22 10.88 10.88 6.28 5.77 7.52 10.51 8.47 7.15 6.06
10.80 10.80 10.51 11.83 12.26 10.44 9.78 10.37 9.49 8.83 8.91 9.78 10.29 10.22 7.74 8.32 10.15 9.20 7.74 8.91 10.22 11.17 12.34 13.58 13.72 13.29 13.29 12.12 11.90 8.25 5.99 5.62 6.86 7.23 6.06 5.62 6.13 6.06 6.64 5.91 5.33 5.77 4.96 4.67 4.31 5.04 4.53 4.31 4.60 3.87 3.65 3.65 3.58 2.41 0.00 0.00 0.00 4.67 5.11 5.48 5.91 6.06 6.79 0.00 6.57 6.13 6.50 5.69 6.86 7.52 8.54 9.78 9.49 9.05 9.71 10.22 10.22 8.54 8.54 9.93 8.91 7.88 9.64 9.56
10.15 10.15 10.95 11.90 10.29 11.32 11.46 10.73 10.44 9.13 10.15 10.37 10.88 5.55 7.74 8.83 7.74 9.05 10.15 9.56 9.20 11.17 12.34 11.46 10.95 9.20 9.20 8.61 7.08 5.99 4.02 0.00 5.11 7.23 8.10 6.72 6.06 6.13 6.28 5.91 7.81 7.88 5.69 4.67 4.31 4.96 4.23 0.00 4.16 3.65 3.50 3.50 3.43 0.00 0.00 0.00 0.00 4.89 5.91 5.26 4.09 3.80 3.94 5.77 5.69 5.62 5.33 4.60 6.35 8.03 9.93 9.71 9.64 9.05 9.42 9.13 9.13 6.28 5.18 6.20 8.91 12.41 11.61 9.34
10.15 10.15 10.95 11.90 10.29 11.32 11.46 10.73 10.44 9.13 10.15 10.37 10.88 5.55 7.74 8.83 7.74 9.05 10.15 9.56 9.20 11.17 12.34 11.46 10.95 9.20 9.20 8.61 7.08 5.99 4.02 0.00 5.11 7.23 8.10 6.72 6.06 6.13 6.28 5.91 7.81 7.88 5.69 4.67 4.31 4.96 4.23 0.00 4.16 3.65 3.50 3.50 3.43 0.00 0.00 0.00 0.00 4.89 5.91 5.26 4.09 3.80 3.94 5.77 5.69 5.62 5.33 4.60 6.35 8.03 9.93 9.71 9.64 9.05 9.42 9.13 9.13 6.28 5.18 6.20 8.91 12.41 11.61 9.34
11.97 11.97 11.75 12.19 11.53 10.44 11.24 11.32 10.44 9.56 10.37 11.68 12.26 11.17 11.46 11.53 10.29 10.44 10.00 10.07 9.13 10.88 8.91 5.69 5.62 7.01 7.01 7.52 7.01 8.03 6.13 4.45 3.94 5.18 6.06 7.52 8.18 6.94 5.84 7.30 7.88 8.25 7.08 5.91 5.40 4.60 0.00 0.00 3.43 2.04 3.29 3.29 0.00 0.00 3.36 0.00 4.53 4.23 6.28 3.29 0.00 3.58 3.87 4.02 0.00 0.00 0.00 3.65 6.86 8.76 8.18 8.25 7.52 6.28 6.35 4.96 4.96 0.00 0.00 0.00 8.40 7.88 5.55 4.96
13.58 13.58 12.34 13.14 12.78 11.90 11.75 12.05 13.29 11.90 11.75 12.78 12.56 11.61 12.92 10.00 9.56 8.91 6.50 10.15 8.69 7.66 7.15 7.52 8.10 8.10 8.10 7.66 7.52 8.32 8.25 6.28 5.04 5.18 5.69 6.28 0.00 0.00 0.00 0.00 0.00 6.94 6.79 5.77 0.00 0.00 0.00 4.31 5.84 5.26 4.16 4.16 3.94 0.00 0.00 5.33 6.28 4.45 5.77 5.40 5.33 0.00 0.00 0.00 0.00 0.00 0.00 6.72 7.23 8.83 8.83 9.78 6.57 5.69 5.33 4.23 4.23 2.34 0.00 0.00 3.21 2.41 2.85 0.00
13.21 13.21 11.90 11.68 11.24 10.88 10.51 10.51 11.61 10.88 10.80 10.29 10.29 10.15 9.05 8.61 7.45 7.81 8.18 7.01 7.45 7.08 7.30 7.59 6.64 7.08 7.08 7.01 7.15 7.52 0.00 0.00 4.60 5.18 5.18 0.00 0.00 0.00 0.00 0.00 0.00 7.66 7.59 7.23 6.50 6.50 6.35 5.77 5.26 5.11 5.18 5.18 0.00 0.00 2.99 4.53 4.89 4.45 4.60 3.87 4.38 4.38 4.09 2.99 2.92 2.19 4.02 8.10 10.44 10.66 9.56 8.54 6.86 4.38 0.00 0.00 0.00 1.46 2.12 2.77 3.43 3.80 3.21 0.00
13.80 13.80 11.90 10.29 8.69 7.30 7.15 7.74 8.61 8.83 8.91 9.20 10.88 11.68 12.12 14.38 11.90 10.07 9.05 8.25 7.15 7.88 8.25 7.08 0.00 6.28 6.28 5.62 0.00 0.00 5.33 5.40 4.89 0.00 0.00 0.00 6.86 7.88 8.25 9.20 9.34 8.98 9.78 10.51 8.83 7.52 7.23 6.13 4.67 3.87 0.00 0.00 0.00 0.00 2.41 0.00 4.53 3.94 3.94 3.87 3.14 3.21 0.00 2.41 1.39 1.10 3.07 5.18 6.86 7.81 7.37 7.59 6.57 5.04 3.80 0.00 0.00 4.74 5.33 4.45 4.31 4.16 0.00 2.19
13.80 13.80 11.90 10.29 8.69 7.30 7.15 7.74 8.61 8.83 8.91 9.20 10.88 11.68 12.12 14.38 11.90 10.07 9.05 8.25 7.15 7.88 8.25 7.08 0.00 6.28 6.28 5.62 0.00 0.00 5.33 5.40 4.89 0.00 0.00 0.00 6.86 7.88 8.25 9.20 9.34 8.98 9.78 10.51 8.83 7.52 7.23 6.13 4.67 3.87 0.00 0.00 0.00 0.00 2.41 0.00 4.53 3.94 3.94 3.87 3.14 3.21 0.00 2.41 1.39 1.10 3.07 5.18 6.86 7.81 7.37 7.59 6.57 5.04 3.80 0.00 0.00 4.74 5.33 4.45 4.31 4.16 0.00 2.19
12.19 12.19 9.78 7.45 7.15 7.30 8.03 8.76 9.49 9.71 10.51 12.48 12.56 12.56 14.09 14.09 13.21 11.68 9.64 7.81 6.42 5.62 7.88 9.13 7.37 6.28 6.28 0.00 0.00 6.20 5.69 5.77 4.82 6.13 6.86 6.86 8.32 9.20 10.80 11.68 12.12 9.93 6.94 7.45 8.69 8.69 7.74 5.84 4.38 0.00 0.00 0.00 0.00 0.00 0.00 0.00 5.18 6.86 5.91 5.33 0.00 0.00 2.34 3.87 3.65 1.90 2.04 3.36 4.89 0.00 5.84 6.79 7.15 7.52 6.42 4.82 4.82 3.80 3.58 3.87 4.74 5.62 5.33 6.57
10.51 10.51 10.22 9.42 7.96 9.05 10.37 10.66 10.22 10.07 11.24 12.99 12.12 12.56 14.09 13.80 12.99 12.78 7.88 5.69 0.00 0.00 0.00 6.50 7.52 7.88 7.88 5.91 5.04 4.38 0.00 4.45 4.31 4.96 5.26 5.84 10.59 9.42 8.25 7.45 6.86 7.08 8.03 8.47 8.69 9.05 8.83 6.72 4.23 1.17 2.12 2.12 3.21 4.09 0.00 6.72 7.01 5.62 5.55 0.00 0.00 0.00 4.31 4.23 0.00 3.14 0.00 0.00 5.11 6.50 7.88 6.64 7.37 0.00 0.00 0.00 0.00 0.00 0.00 0.00 4.38 5.91 6.72 6.50
4.53 4.53 5.11 7.01 8.32 8.76 7.45 7.15 10.66 11.46 11.17 11.17 13.51 11.75 11.61 10.07 7.59 7.30 0.00 0.00 0.00 0.00 0.00 0.00 5.11 5.55 5.55 5.04 0.00 4.74 5.18 5.69 6.06 4.74 3.65 5.26 8.25 7.96 7.37 7.81 8.03 9.27 10.59 8.98 7.81 7.30 6.72 5.77 5.55 6.28 5.40 5.40 4.74 4.67 9.42 10.00 10.73 9.49 9.64 10.22 8.10 7.52 7.52 5.84 4.16 5.11 0.00 0.00 4.16 5.91 5.69 5.91 6.06 5.40 0.00 5.18 5.18 5.33 4.74 4.60 4.53 5.33 0.00 0.00
0.00 0.00 6.86 8.91 10.59 9.13 7.15 6.13 7.08 8.18 11.24 11.53 9.71 7.81 5.40 4.02 5.18 5.99 5.69 0.00 0.00 0.00 0.00 0.00 4.23 5.69 5.69 6.64 6.79 6.42 6.06 6.20 5.69 5.18 4.74 4.82 6.50 8.83 10.44 9.20 7.52 6.50 5.77 4.74 5.62 5.62 4.89 5.62 5.84 3.72 2.19 2.19 0.00 0.00 8.54 9.86 9.93 10.95 11.75 11.61 10.22 8.25 6.64 6.86 7.30 5.55 6.13 6.13 4.82 3.80 3.58 3.80 4.89 5.26 6.13 6.86 6.86 5.77 5.62 6.72 7.01 0.00 0.00 3.29
7.15 7.15 9.49 10.51 9.71 7.81 6.13 5.99 7.08 8.54 8.91 7.96 5.84 2.48 0.00 0.00 4.45 7.66 0.00 0.00 0.00 0.00 0.00 5.69 4.89 6.57 6.57 8.32 7.96 6.20 7.23 7.37 4.82 5.26 8.18 6.79 6.35 7.30 6.64 6.64 5.91 4.31 4.45 5.26 6.50 6.79 4.38 4.02 3.43 0.00 0.00 0.00 0.00 8.76 9.64 8.69 6.28 7.30 8.61 8.76 7.08 6.50 3.80 5.77 5.55 3.50 5.33 4.53 3.58 0.00 3.43 3.80 4.23 3.29 5.62 7.23 7.23 6.72 6.50 4.82 3.80 0.00 0.00 0.00
7.15 7.15 9.49 10.51 9.71 7.81 6.13 5.99 7.08 8.54 8.91 7.96 5.84 2.48 0.00 0.00 4.45 7.66 0.00 0.00 0.00 0.00 0.00 5.69 4.89 6.57 6.57 8.32 7.96 6.20 7.23 7.37 4.82 5.26 8.18 6.79 6.35 7.30 6.64 6.64 5.91 4.31 4.45 5.26 6.50 6.79 4.38 4.02 3.43 0.00 0.00 0.00 0.00 8.76 9.64 8.69 6.28 7.30 8.61 8.76 7.08 6.50 3.80 5.77 5.55 3.50 5.33 4.53 3.58 0.00 3.43 3.80 4.23 3.29 5.62 7.23 7.23 6.72 6.50 4.82 3.80 0.00 0.00 0.00
6.79 6.79 8.54 9.34 8.32 6.79 8.10 9.20 9.71 4.96 5.33 4.23 0.00 0.00 0.00 0.07 4.53 9.78 0.00 0.00 0.00 0.00 7.37 7.52 7.74 8.25 8.25 10.07 10.37 9.13 9.56 10.15 9.27 9.27 9.13 7.66 6.64 5.18 4.02 4.38 5.26 5.04 5.33 6.42 4.82 3.94 3.80 2.92 2.19 1.02 0.00 0.00 9.64 10.88 10.80 10.95 11.46 8.54 7.08 5.18 4.67 4.74 6.42 5.84 4.89 4.89 3.94 0.00 4.45 4.89 4.16 2.48 2.34 3.58 3.50 4.02 4.02 4.89 5.33 4.53 3.94 0.00 4.16 4.74
7.66 7.66 8.54 8.03 7.52 9.20 11.68 10.59 7.37 6.28 4.96 3.14 0.29 0.00 0.00 3.14 8.69 9.20 9.71 0.00 9.93 9.71 8.25 9.71 10.44 8.40 8.40 10.07 9.78 9.86 10.00 11.24 10.73 10.07 8.47 7.08 5.11 3.65 4.74 5.33 5.99 5.33 5.40 5.40 3.65 3.43 4.31 5.18 2.70 0.58 0.00 0.00 10.51 10.88 13.21 14.53 12.78 9.64 8.83 7.08 7.30 7.15 7.45 7.66 7.81 8.61 6.20 6.50 7.74 8.61 6.64 5.04 5.69 5.26 4.23 3.43 3.43 3.14 4.31 5.62 5.99 5.99 5.40 4.96
6.20 6.20 4.60 2.99 3.14 7.74 8.54 7.66 10.07 8.83 7.23 4.53 4.60 2.56 2.85 8.10 10.59 11.46 10.00 9.78 11.10 9.49 11.32 12.92 12.56 7.30 7.30 7.96 8.98 9.20 10.00 10.51 9.64 8.83 5.91 3.50 1.39 1.10 2.99 4.45 3.94 4.60 5.62 6.13 5.33 7.37 7.30 7.01 2.63 0.44 11.75 11.75 13.07 13.58 14.53 15.62 15.55 13.58 11.61 10.73 9.93 10.59 11.75 11.68 11.68 11.68 10.44 9.78 9.42 10.44 9.34 7.37 8.76 9.05 7.88 5.48 5.48 2.99 2.70 5.33 7.52 7.23 6.28 7.88
9.34 9.34 7.01 6.13 5.99 6.28 6.64 7.88 5.04 4.16 4.96 0.66 1.02 5.48 5.55 9.27 13.29 14.45 12.26 11.32 12.99 10.66 9.64 10.07 6.57 5.77 5.77 6.79 10.22 11.46 11.90 9.86 7.01 4.89 5.04 3.87 1.90 1.46 0.00 0.00 2.92 6.64 6.50 5.55 6.57 5.26 4.89 4.16 4.31 10.15 10.88 10.88 12.19 13.43 14.38 14.82 13.80 14.38 13.87 11.46 9.05 8.54 11.75 13.65 13.36 12.70 12.85 12.19 10.51 9.56 7.59 8.61 10.29 10.29 9.56 9.93 9.93 6.72 4.23 2.99 5.11 8.69 11.10 12.56
10.88 10.88 6.79 4.67 5.33 5.99 6.72 6.42 3.72 3.14 0.07 0.00 0.00 0.37 5.99 9.71 12.85 10.51 9.20 9.93 10.59 10.15 8.10 6.42 3.50 5.26 5.26 11.32 12.56 13.87 12.63 10.29 7.88 6.72 6.86 5.77 4.16 2.12 2.26 3.50 4.96 6.72 5.91 5.77 5.69 3.87 1.83 1.17 2.48 9.05 8.10 8.10 10.44 12.34 15.04 16.06 15.77 15.18 13.65 13.65 12.12 12.41 13.29 14.53 13.51 12.63 11.17 10.88 11.24 11.90 10.88 10.66 10.44 9.86 10.29 11.24 11.24 12.34 8.91 7.74 8.25 10.51 11.10 9.86
10.88 10.88 6.79 4.67 5.33 5.99 6.72 6.42 3.72 3.14 0.07 0.00 0.00 0.37 5.99 9.71 12.85 10.51 9.20 9.93 10.59 10.15 8.10 6.42 3.50 5.26 5.26 11.32 12.56 13.87 12.63 10.29 7.88 6.72 6.86 5.77 4.16 2.12 2.26 3.50 4.96 6.72 5.91 5.77 5.69 3.87 1.83 1.17 2.48 9.05 8.10 8.10 10.44 12.34 15.04 16.06 15.77 15.18 13.65 13.65 12.12 12.41 13.29 14.53 13.51 12.63 11.17 10.88 11.24 11.90 10.88 10.66 10.44 9.86 10.29 11.24 11.24 12.34 8.91 7.74 8.25 10.51 11.10 9.86
8.69 8.69 5.99 5.26 7.23 10.80 8.40 9.56 8.10 3.65 0.00 0.00 0.00 0.00 1.02 5.91 8.18 9.56 8.03 8.54 10.00 9.93 7.88 6.06 3.80 3.36 3.36 4.89 6.94 8.32 7.15 6.79 7.59 7.15 5.91 4.89 4.45 5.04 5.77 7.15 7.37 6.35 4.09 3.14 4.16 2.48 1.97 1.39 10.29 10.07 10.29 10.29 11.75 12.26 13.14 16.35 15.84 14.89 13.58 15.62 15.70 15.91 13.72 14.38 16.64 17.74 16.79 12.99 12.63 12.92 12.70 11.97 12.85 11.02 10.59 11.17 11.17 12.56 11.17 8.98 9.42 11.75 9.86 8.98
7.37 7.37 4.96 6.79 10.29 8.83 5.04 10.44 9.05 2.63 0.00 0.00 0.00 0.00 0.00 0.22 4.31 6.79 7.15 8.32 10.15 9.93 9.71 9.20 6.57 4.96 4.96 3.43 2.56 2.70 1.97 2.85 5.18 5.55 5.26 5.91 7.45 8.47 8.18 7.23 6.64 4.74 2.48 1.02 2.04 1.61 1.24 10.80 11.53 11.32 10.88 10.88 10.80 13.87 16.28 17.23 14.67 14.60 16.35 16.28 15.77 12.19 11.53 12.56 12.12 13.65 15.84 14.38 13.29 14.38 14.02 13.94 13.36 12.78 11.46 12.85 12.85 13.14 9.27 8.03 9.05 9.34 7.37 7.30
8.03 8.03 8.03 10.66 10.80 6.86 6.06 6.13 6.20 2.77 6.94 6.50 5.26 3.07 2.48 0.80 1.02 3.43 5.55 7.08 7.74 9.49 9.78 8.18 4.89 3.07 3.07 0.00 0.00 1.39 3.29 2.41 2.48 6.28 6.94 8.61 10.22 7.96 6.86 7.01 5.91 3.50 1.97 2.41 3.80 3.80 1.75 11.75 11.68 10.80 14.53 14.53 16.57 14.09 13.43 11.02 5.18 6.64 9.27 7.08 7.96 5.55 4.89 6.50 7.15 12.12 12.56 10.00 10.88 13.72 14.24 15.18 16.35 16.28 11.75 10.00 10.00 9.78 8.98 8.54 8.18 8.18 6.35 5.62
7.59 7.59 7.88 10.07 10.51 5.62 2.04 4.45 6.06 7.66 8.47 6.72 5.62 2.85 2.70 1.83 2.12 1.02 0.22 0.88 0.73 3.58 6.42 3.72 1.61 0.00 0.00 0.00 0.66 1.10 0.88 0.51 2.99 4.60 6.42 9.13 7.52 5.33 4.82 4.31 4.31 7.96 8.10 9.64 10.73 8.54 11.90 11.68 11.75 10.22 9.86 9.86 10.07 7.96 0.00 2.34 0.00 0.00 0.00 0.00 0.66 0.00 0.00 1.10 3.43 7.08 6.35 7.30 9.42 10.95 12.41 12.78 13.21 13.65 10.88 10.15 10.15 6.50 5.40 5.91 9.56 13.43 11.90 11.39
3.72 3.72 1.97 2.70 6.28 5.33 6.06 8.10 8.47 8.61 8.10 5.26 3.14 2.48 3.87 5.40 6.94 0.00 0.00 0.00 0.00 1.02 1.83 1.31 0.22 0.66 0.66 1.39 2.70 1.90 1.46 1.02 2.12 2.12 3.94 7.81 9.78 9.86 9.64 9.05 10.59 11.17 12.85 13.51 11.97 11.24 12.34 10.66 9.71 8.40 5.40 5.40 0.00 0.00 0.00 0.00 0.00 0.00 0.00 0.00 0.00 0.00 0.00 0.00 0.00 0.00 2.41 2.77 3.50 5.62 7.08 7.01 6.13 4.60 4.96 4.82 4.82 0.00 0.73 3.50 6.42 11.97 14.53 5.91
0.00 0.00 0.00 0.00 5.04 9.27 10.66 11.75 9.56 9.34 7.88 5.40 3.21 1.31 1.46 4.23 4.74 2.56 0.00 0.00 0.00 0.00 0.00 0.00 0.00 0.00 0.00 1.61 1.39 1.24 0.22 0.00 0.00 0.00 0.00 0.00 1.46 4.23 5.91 5.69 6.35 8.03 8.40 9.20 11.83 4.96 5.11 4.82 6.50 7.37 3.14 3.14 0.73 0.00 0.00 0.00 0.00 0.00 0.00 0.00 0.00 0.00 0.00 0.00 0.00 0.00 0.00 0.00 0.00 0.00 0.00 0.00 0.00 0.00 0.00 0.00 0.00 0.00 4.09 5.55 7.23 8.69 4.96 0.00
0.00 0.00 0.00 0.00 5.04 9.27 10.66 11.75 9.56 9.34 7.88 5.40 3.21 1.31 1.46 4.23 4.74 2.56 0.00 0.00 0.00 0.00 0.00 0.00 0.00 0.00 0.00 1.61 1.39 1.24 0.22 0.00 0.00 0.00 0.00 0.00 1.46 4.23 5.91 5.69 6.35 8.03 8.40 9.20 11.83 4.96 5.11 4.82 6.50 7.37 3.14 3.14 0.73 0.00 0.00 0.00 0.00 0.00 0.00 0.00 0.00 0.00 0.00 0.00 0.00 0.00 0.00 0.00 0.00 0.00 0.00 0.00 0.00 0.00 0.00 0.00 0.00 0.00 4.09 5.55 7.23 8.69 4.96 0.00
0.00 0.00 0.00 0.00 3.58 4.82 4.67 6.94 6.42 7.23 6.94 4.23 0.73 0.00 0.00 0.07 0.00 0.00 1.24 0.00 0.00 0.00 0.00 0.00 0.00 0.00 0.00 0.51 2.56 0.00 0.00 0.00 0.00 0.00 0.00 0.00 0.00 0.00 0.00 0.00 0.00 0.00 0.00 0.00 0.00 0.00 0.00 0.00 0.00 0.00 0.00 0.00 0.00 0.00 0.00 0.00 0.00 0.00 0.00 0.00 0.00 0.00 0.00 0.00 0.00 0.00 0.00 0.00 0.00 0.00 0.00 0.00 0.00 0.00 0.00 0.00 0.00 3.80 7.37 8.03 8.10 7.74 4.38 1.24
