Wansh/Snow_depth/snowdepth-1986/winter/1986345.txt
ncols 321
nrows 161
xllcenter 60
yllcenter 15 
cellsize  0.25 
NODATA_value -1
[rows 0 to 36 of 161, columns 0 to 83 of 321]
4.96 4.96 0.00 0.00 0.00 0.00 0.00 0.00 6.79 6.57 6.35 0.00 0.00 0.00 0.00 0.00 0.00 0.00 0.00 0.00 0.00 0.58 0.80 0.00 5.84 5.55 5.55 5.84 0.00 4.96 0.00 0.00 0.00 0.00 0.00 0.00 0.00 0.00 0.00 0.00 0.00 0.00 0.00 0.00 0.00 0.00 0.00 0.00 0.00 0.00 0.00 0.00 0.00 0.00 0.00 0.00 0.00 0.00 0.00 0.00 0.00 0.00 0.00 0.00 0.00 0.00 0.00 7.81 7.01 6.50 7.66 7.52 9.20 10.22 11.39 13.43 13.43 13.21 12.85 12.19 12.41 12.41 13.65 12.56
0.00 0.00 0.00 0.00 0.00 5.33 4.74 7.45 7.01 6.64 0.00 0.00 0.00 0.00 0.00 0.00 0.00 0.00 0.00 0.00 1.97 2.48 0.00 5.77 6.86 4.60 4.60 6.50 0.00 0.00 0.00 4.74 0.00 0.00 0.00 0.00 0.00 0.00 0.00 0.00 0.00 0.00 0.00 0.00 0.00 0.00 0.00 0.00 0.00 0.00 0.00 0.00 0.00 0.00 0.00 0.00 0.00 0.00 0.00 0.00 0.00 0.00 0.00 0.00 0.00 10.00 10.66 8.83 8.32 8.98 9.64 11.46 13.80 14.67 14.67 15.11 15.11 15.48 14.97 13.51 13.36 13.65 14.31 13.58
0.00 0.00 0.00 7.52 8.69 10.80 9.34 8.10 9.20 5.48 4.45 0.00 0.00 0.00 0.00 0.00 0.00 0.00 0.00 0.00 5.04 6.50 10.07 10.80 7.96 4.74 4.74 4.23 0.00 3.58 0.00 0.00 0.00 0.00 0.00 0.00 0.00 0.00 0.00 0.00 0.00 0.00 0.00 0.00 0.00 0.00 0.00 0.00 0.00 0.00 0.00 0.00 0.00 0.00 0.00 0.00 0.00 0.00 0.00 0.00 0.00 0.00 11.61 11.83 12.85 11.68 10.80 11.24 10.37 12.85 14.24 14.97 15.18 14.82 13.80 14.24 14.24 13.94 13.36 12.56 12.99 12.99 12.85 13.36
0.00 0.00 0.00 7.52 8.69 10.80 9.34 8.10 9.20 5.48 4.45 0.00 0.00 0.00 0.00 0.00 0.00 0.00 0.00 0.00 5.04 6.50 10.07 10.80 7.96 4.74 4.74 4.23 0.00 3.58 0.00 0.00 0.00 0.00 0.00 0.00 0.00 0.00 0.00 0.00 0.00 0.00 0.00 0.00 0.00 0.00 0.00 0.00 0.00 0.00 0.00 0.00 0.00 0.00 0.00 0.00 0.00 0.00 0.00 0.00 0.00 0.00 11.61 11.83 12.85 11.68 10.80 11.24 10.37 12.85 14.24 14.97 15.18 14.82 13.80 14.24 14.24 13.94 13.36 12.56 12.99 12.99 12.85 13.36
8.54 8.54 6.50 9.71 10.80 9.20 8.03 8.83 6.64 6.20 5.99 0.00 0.00 0.00 0.00 0.00 0.00 0.00 0.00 0.00 3.21 6.86 9.42 7.96 5.11 0.00 0.00 0.00 0.00 0.00 0.00 0.00 0.00 0.00 0.00 0.00 0.00 0.00 0.00 0.00 0.00 0.00 0.00 0.00 0.00 0.00 0.00 0.00 0.00 0.00 0.00 0.00 0.00 0.00 0.00 0.00 0.00 0.00 0.00 7.66 10.80 11.83 12.92 14.09 13.80 14.24 13.65 15.70 14.38 13.80 15.04 14.24 13.36 13.51 11.24 11.53 11.53 12.56 13.43 11.68 9.64 9.13 7.96 9.64
4.82 4.82 6.13 8.25 7.81 7.66 7.59 8.32 5.99 5.62 4.67 3.29 0.00 0.00 0.00 0.00 0.00 0.00 0.00 5.91 7.01 8.54 7.52 5.26 0.00 0.00 0.00 0.00 0.00 7.52 9.05 8.76 6.57 0.00 0.00 0.00 0.00 0.00 0.00 0.00 0.00 0.00 0.00 0.00 0.00 0.00 0.00 0.00 0.00 0.00 0.00 0.00 0.00 0.00 0.00 0.00 0.00 0.00 0.00 5.91 9.05 11.61 12.99 12.99 11.90 14.53 14.02 13.94 10.51 9.86 10.44 11.90 12.34 12.19 10.44 9.78 9.78 9.93 7.96 9.27 8.69 9.34 9.86 10.80
5.18 5.18 5.99 5.62 2.48 2.48 6.35 5.99 6.28 0.00 0.00 0.00 0.00 0.00 0.00 0.00 0.00 0.00 5.62 6.72 7.74 8.69 4.74 0.00 0.00 2.04 2.04 2.70 3.50 3.29 0.00 0.00 0.00 0.00 0.00 0.00 0.00 0.00 0.00 0.00 0.00 0.00 0.00 0.00 0.00 0.00 0.00 0.00 0.00 0.00 0.00 0.00 0.00 0.00 0.00 9.27 0.00 0.00 6.50 8.40 9.86 8.32 8.32 8.69 8.83 8.83 8.76 8.03 8.18 10.22 9.78 10.15 10.00 10.00 10.37 9.86 9.86 8.83 9.20 10.15 9.86 9.27 9.56 8.10
5.18 5.18 5.99 5.62 2.48 2.48 6.35 5.99 6.28 0.00 0.00 0.00 0.00 0.00 0.00 0.00 0.00 0.00 5.62 6.72 7.74 8.69 4.74 0.00 0.00 2.04 2.04 2.70 3.50 3.29 0.00 0.00 0.00 0.00 0.00 0.00 0.00 0.00 0.00 0.00 0.00 0.00 0.00 0.00 0.00 0.00 0.00 0.00 0.00 0.00 0.00 0.00 0.00 0.00 0.00 9.27 0.00 0.00 6.50 8.40 9.86 8.32 8.32 8.69 8.83 8.83 8.76 8.03 8.18 10.22 9.78 10.15 10.00 10.00 10.37 9.86 9.86 8.83 9.20 10.15 9.86 9.27 9.56 8.10
9.05 9.05 9.49 9.71 9.34 6.06 4.53 4.67 0.00 0.00 0.00 0.00 0.00 0.00 0.00 0.00 0.00 0.00 0.00 4.96 6.72 0.00 0.00 0.00 0.00 0.00 0.00 0.00 0.00 0.00 0.00 0.00 0.00 0.00 0.00 0.00 0.00 0.00 0.00 0.00 0.00 0.00 0.00 0.00 0.00 0.00 0.00 0.00 0.00 0.00 0.00 0.00 0.00 0.00 0.00 0.00 0.00 0.00 6.20 6.72 7.45 7.81 6.94 6.94 6.94 8.40 8.83 7.74 6.86 7.88 9.78 8.54 9.34 10.07 10.59 10.59 10.59 7.30 4.60 6.79 9.34 8.91 7.59 7.15
11.53 11.53 12.12 12.48 11.46 3.72 0.00 0.00 0.00 0.00 0.00 0.00 0.00 0.00 0.00 0.00 0.00 0.00 0.00 0.00 0.00 0.00 0.00 0.00 0.00 0.00 0.00 0.00 0.00 0.00 0.00 0.00 0.00 0.00 0.00 0.00 0.00 0.00 0.00 0.00 0.00 0.00 0.00 0.00 0.00 0.00 0.00 0.00 0.00 0.00 0.00 0.00 4.38 0.00 0.00 0.00 0.00 3.65 5.11 5.91 6.28 6.20 0.00 0.00 0.00 9.64 8.61 7.81 7.23 6.86 9.49 10.59 9.56 10.07 10.37 10.00 10.00 7.30 6.13 8.10 7.74 9.05 8.98 7.81
10.59 10.59 11.83 12.05 0.00 0.00 0.00 0.00 0.00 0.00 0.00 0.00 0.00 0.00 0.00 0.00 0.00 0.00 0.00 0.00 0.00 0.00 0.00 0.00 0.00 0.00 0.00 0.00 0.00 0.00 0.00 0.00 0.00 0.00 0.00 0.00 0.00 0.00 0.00 0.00 0.00 0.00 0.00 0.00 0.00 0.00 0.00 0.00 0.00 0.00 0.00 0.00 0.00 0.00 0.00 0.00 3.29 4.89 6.06 4.60 4.60 4.67 6.42 6.20 0.00 7.08 7.37 7.30 7.96 8.10 9.13 10.22 9.34 8.83 10.22 9.27 9.27 5.18 4.60 4.16 7.52 11.10 11.83 8.76
10.59 10.59 11.83 12.05 0.00 0.00 0.00 0.00 0.00 0.00 0.00 0.00 0.00 0.00 0.00 0.00 0.00 0.00 0.00 0.00 0.00 0.00 0.00 0.00 0.00 0.00 0.00 0.00 0.00 0.00 0.00 0.00 0.00 0.00 0.00 0.00 0.00 0.00 0.00 0.00 0.00 0.00 0.00 0.00 0.00 0.00 0.00 0.00 0.00 0.00 0.00 0.00 0.00 0.00 0.00 0.00 3.29 4.89 6.06 4.60 4.60 4.67 6.42 6.20 0.00 7.08 7.37 7.30 7.96 8.10 9.13 10.22 9.34 8.83 10.22 9.27 9.27 5.18 4.60 4.16 7.52 11.10 11.83 8.76
13.36 13.36 12.26 0.00 0.00 0.00 0.00 0.00 0.00 0.00 0.00 0.00 0.00 0.00 0.00 0.00 0.00 0.00 0.00 0.00 0.00 0.00 0.00 0.00 0.00 0.00 0.00 0.00 0.00 0.00 0.00 0.00 0.00 0.00 0.00 0.00 0.00 0.00 0.00 0.00 0.00 0.00 0.00 0.00 0.00 0.00 0.00 0.00 0.00 0.00 0.00 0.00 3.50 0.00 0.00 0.00 0.00 0.00 4.23 5.26 6.64 3.50 5.48 0.00 5.18 6.86 6.42 5.11 6.20 7.01 7.66 7.15 7.08 7.15 5.84 4.16 4.16 0.00 0.00 0.00 7.59 9.34 7.66 5.18
14.16 14.16 0.00 0.00 0.00 0.00 0.00 0.00 0.00 0.00 0.00 0.00 0.00 0.00 0.00 0.00 0.00 0.00 0.00 0.00 0.00 0.00 0.00 0.00 0.00 0.00 0.00 0.00 0.00 0.00 0.00 0.00 0.00 0.00 0.00 0.00 0.00 0.00 0.00 0.00 0.00 0.00 0.00 0.00 0.00 0.00 0.00 0.00 0.00 0.00 0.00 0.00 0.00 0.00 0.00 0.00 0.00 0.00 1.97 3.14 3.65 2.04 0.00 0.00 0.00 5.11 6.06 8.10 9.34 8.91 9.49 9.34 7.96 7.96 6.72 4.74 4.74 4.31 0.00 0.00 1.90 0.58 1.02 0.00
14.89 14.89 0.00 0.00 0.00 0.00 0.00 0.00 0.00 0.00 0.00 0.00 0.00 0.00 0.00 0.00 0.00 0.00 0.00 0.00 0.00 0.00 0.00 0.00 8.03 8.54 8.54 0.00 0.00 0.00 0.00 0.00 0.00 0.00 0.00 0.00 0.00 0.00 0.00 0.00 0.00 0.00 0.00 0.00 0.00 0.00 0.00 0.00 0.00 0.00 0.00 0.00 0.00 0.00 0.00 0.00 0.00 2.56 2.56 3.14 7.01 5.55 0.00 0.00 0.00 0.00 0.00 5.18 9.56 9.86 11.02 10.15 7.30 4.31 0.00 0.00 0.00 1.90 1.10 1.10 2.19 3.21 2.63 0.00
0.00 0.00 0.00 0.00 0.00 0.00 0.00 0.00 0.00 0.00 0.00 0.00 0.00 0.00 0.00 0.00 0.00 0.00 0.00 0.00 0.00 0.00 0.00 0.00 0.00 0.00 0.00 0.00 0.00 0.00 0.00 0.00 0.00 0.00 0.00 0.00 0.00 0.00 0.00 0.00 5.99 6.72 7.37 8.10 6.57 0.00 0.00 0.00 0.00 0.00 0.00 0.00 0.00 0.00 0.00 0.00 0.00 4.09 0.00 2.92 5.48 4.82 0.00 0.00 0.00 0.00 0.00 0.00 6.13 10.07 9.71 7.59 5.77 0.00 0.00 5.04 5.04 3.94 3.65 2.04 0.00 2.48 2.19 0.00
0.00 0.00 0.00 0.00 0.00 0.00 0.00 0.00 0.00 0.00 0.00 0.00 0.00 0.00 0.00 0.00 0.00 0.00 0.00 0.00 0.00 0.00 0.00 0.00 0.00 0.00 0.00 0.00 0.00 0.00 0.00 0.00 0.00 0.00 0.00 0.00 0.00 0.00 0.00 0.00 5.99 6.72 7.37 8.10 6.57 0.00 0.00 0.00 0.00 0.00 0.00 0.00 0.00 0.00 0.00 0.00 0.00 4.09 0.00 2.92 5.48 4.82 0.00 0.00 0.00 0.00 0.00 0.00 6.13 10.07 9.71 7.59 5.77 0.00 0.00 5.04 5.04 3.94 3.65 2.04 0.00 2.48 2.19 0.00
0.00 0.00 0.00 0.00 0.00 0.00 0.00 0.00 0.00 0.00 0.00 0.00 0.00 0.00 0.00 0.00 0.00 0.00 0.00 0.00 0.00 0.00 0.00 0.00 0.00 0.00 0.00 0.00 0.00 0.00 0.00 0.00 0.00 0.00 0.00 0.00 0.00 0.00 3.72 4.60 4.96 5.84 5.99 6.42 5.26 5.26 4.02 0.00 0.00 0.00 0.00 0.00 0.00 0.00 0.00 0.00 2.85 2.92 4.96 6.42 0.00 0.00 0.00 0.00 0.00 1.68 0.00 0.00 3.72 4.23 5.40 6.94 6.94 7.08 6.28 5.33 5.33 4.82 4.02 3.21 4.89 5.91 4.74 0.00
0.00 0.00 0.00 0.00 0.00 0.00 0.00 0.00 0.00 0.00 0.00 0.00 0.00 0.00 0.00 0.00 0.00 0.00 0.00 0.00 0.00 0.00 0.00 0.00 0.00 0.00 0.00 0.00 0.00 0.00 0.00 0.00 0.00 0.00 0.00 0.00 2.70 3.07 1.68 1.02 2.85 3.07 5.11 4.45 3.50 6.06 6.13 4.96 0.00 0.00 0.00 0.00 0.00 0.00 0.00 3.94 4.45 4.23 3.50 0.00 0.00 0.00 0.00 3.29 2.92 0.00 0.00 0.00 0.00 4.02 5.69 6.13 6.64 0.00 6.50 4.96 4.96 0.00 0.00 4.16 6.13 6.06 4.53 5.69
0.00 0.00 0.00 0.00 0.00 0.00 0.00 0.00 0.00 0.00 0.00 0.00 0.00 0.00 0.00 0.00 0.00 0.00 0.00 0.00 0.00 0.00 0.00 0.00 0.00 0.00 0.00 0.00 0.00 0.00 0.00 4.16 3.14 1.17 0.73 0.73 2.34 0.58 0.00 0.00 1.02 3.29 5.91 6.86 6.35 0.00 0.00 6.86 6.28 6.79 0.00 0.00 0.00 0.00 0.00 8.76 9.49 9.64 8.69 9.05 6.94 0.00 5.84 5.91 4.53 0.00 4.16 4.74 4.74 0.00 4.16 3.65 0.00 0.00 0.00 3.87 3.87 4.60 4.82 4.45 3.80 3.87 0.00 2.99
0.00 0.00 0.00 0.00 0.00 0.00 0.00 0.00 0.00 0.00 0.00 0.00 0.00 0.00 0.00 0.00 0.00 0.00 0.00 0.00 0.00 0.00 0.00 0.00 0.00 0.00 0.00 0.00 5.11 5.91 6.28 4.82 4.38 3.07 2.99 0.95 0.00 0.00 0.44 3.50 3.80 4.45 5.55 5.04 5.33 0.00 0.00 7.52 6.72 4.09 2.63 2.63 0.00 0.00 5.84 7.45 6.57 4.74 9.34 9.20 10.95 7.96 0.00 0.00 0.00 0.00 0.00 5.84 3.80 3.21 1.97 1.53 1.68 0.00 3.58 4.53 4.53 4.89 5.33 7.81 8.25 6.13 3.65 3.36
0.00 0.00 0.00 0.00 0.00 0.00 0.00 0.00 0.00 0.00 0.00 0.00 0.00 0.00 0.00 0.00 0.00 0.00 0.00 0.00 0.00 0.00 0.00 0.00 0.00 0.00 0.00 3.87 4.45 4.82 6.13 5.84 3.58 1.68 1.83 0.00 0.00 0.00 0.07 2.56 1.75 2.34 3.94 6.86 8.47 6.64 4.45 4.23 4.45 3.36 1.17 1.17 0.00 0.00 0.00 0.00 0.00 0.00 0.00 0.00 5.40 0.00 0.00 5.99 0.00 0.00 4.67 4.23 0.00 1.90 0.00 2.04 2.48 2.41 4.60 6.86 6.86 7.01 6.28 5.18 5.26 3.87 2.56 3.50
0.00 0.00 0.00 0.00 0.00 0.00 0.00 0.00 0.00 0.00 0.00 0.00 0.00 0.00 0.00 0.00 0.00 0.00 0.00 0.00 0.00 0.00 0.00 0.00 0.00 0.00 0.00 3.87 4.45 4.82 6.13 5.84 3.58 1.68 1.83 0.00 0.00 0.00 0.07 2.56 1.75 2.34 3.94 6.86 8.47 6.64 4.45 4.23 4.45 3.36 1.17 1.17 0.00 0.00 0.00 0.00 0.00 0.00 0.00 0.00 5.40 0.00 0.00 5.99 0.00 0.00 4.67 4.23 0.00 1.90 0.00 2.04 2.48 2.41 4.60 6.86 6.86 7.01 6.28 5.18 5.26 3.87 2.56 3.50
0.00 0.00 0.00 0.00 0.00 0.00 0.00 0.00 0.00 0.00 0.00 0.00 0.00 0.00 0.00 0.00 0.00 0.00 0.00 0.00 0.00 0.00 0.00 0.00 0.00 0.00 0.00 1.90 0.00 2.04 0.00 4.23 0.00 2.56 1.75 1.90 0.29 0.00 0.95 0.73 2.34 3.80 4.96 8.69 8.76 5.55 5.33 3.07 0.80 1.10 1.46 1.46 1.46 0.00 0.00 0.00 0.00 7.30 6.20 0.00 0.00 0.00 0.00 0.00 4.96 0.00 0.00 0.00 0.00 0.00 0.00 0.00 4.67 2.92 3.14 4.38 4.38 4.60 3.29 1.90 2.12 3.07 0.00 0.00
0.00 0.00 0.00 0.00 0.00 0.00 0.00 0.00 0.00 0.00 0.00 0.00 0.00 0.00 0.00 0.00 0.00 0.00 0.00 0.00 0.00 0.00 0.00 0.00 14.38 0.00 0.00 0.15 0.00 0.00 3.65 2.70 2.41 1.17 0.15 0.00 0.00 0.00 0.00 2.12 5.77 7.88 7.37 8.25 8.40 8.25 8.40 7.01 3.65 2.63 3.29 3.29 3.36 0.00 0.00 0.00 9.20 9.34 8.61 0.00 6.06 5.18 0.00 0.00 5.40 6.42 7.23 6.42 0.00 4.67 0.00 5.77 5.77 5.33 5.04 2.56 2.56 0.00 4.38 5.84 4.96 4.67 5.26 4.96
0.00 0.00 0.00 0.00 0.00 0.00 0.00 0.00 0.00 0.00 0.00 0.00 0.00 0.00 0.00 0.00 0.00 0.00 0.00 0.00 0.00 0.00 15.04 15.84 14.75 0.00 0.00 0.00 2.34 4.67 4.31 1.83 1.02 1.10 2.34 0.00 0.00 0.00 0.00 2.77 7.01 6.86 7.74 9.27 10.51 13.58 13.36 11.39 7.37 4.38 4.09 4.09 4.67 6.20 0.00 0.00 12.05 11.68 10.80 10.37 10.37 0.00 0.00 5.77 6.35 7.74 8.61 8.83 8.40 10.44 8.32 6.64 7.15 8.10 7.88 5.69 5.69 0.00 4.31 3.80 4.38 5.69 5.33 6.13
0.00 0.00 0.00 0.00 0.00 0.00 0.00 0.00 0.00 0.00 2.63 0.00 0.00 0.00 0.00 0.00 0.00 0.00 0.00 15.62 17.23 16.50 14.89 13.07 11.61 0.00 0.00 0.00 0.73 2.99 3.50 4.96 3.50 1.46 0.22 0.00 0.00 0.00 0.00 3.43 3.14 3.43 4.67 6.94 7.01 8.69 9.56 6.94 3.80 3.07 1.39 1.39 0.00 0.95 0.00 0.00 12.85 12.48 12.05 10.22 10.59 9.34 8.03 9.34 7.66 7.96 8.69 8.69 7.59 8.69 7.81 6.06 5.99 7.45 8.10 7.30 7.30 5.62 4.02 3.50 5.04 7.52 9.86 10.22
0.00 0.00 0.00 0.00 0.00 0.00 0.00 0.00 0.00 0.00 0.00 0.00 0.00 0.00 0.00 0.00 0.00 0.00 13.07 16.72 18.69 17.52 13.51 10.73 0.00 0.00 0.00 2.41 3.58 5.69 4.16 6.50 6.35 3.43 2.92 1.68 1.53 2.04 3.58 2.56 2.77 2.70 0.80 0.58 0.80 0.95 3.29 1.24 0.07 2.19 1.90 1.90 0.00 0.00 0.00 2.85 14.31 12.41 13.07 12.34 10.88 10.95 10.80 12.48 10.66 9.78 9.56 11.17 9.64 10.15 10.29 7.88 7.45 6.28 5.26 6.42 6.42 7.15 6.50 5.99 10.59 11.75 12.26 10.37
0.00 0.00 0.00 0.00 0.00 0.00 0.00 0.00 0.00 0.00 0.00 0.00 0.00 0.00 0.00 0.00 0.00 0.00 13.07 16.72 18.69 17.52 13.51 10.73 0.00 0.00 0.00 2.41 3.58 5.69 4.16 6.50 6.35 3.43 2.92 1.68 1.53 2.04 3.58 2.56 2.77 2.70 0.80 0.58 0.80 0.95 3.29 1.24 0.07 2.19 1.90 1.90 0.00 0.00 0.00 2.85 14.31 12.41 13.07 12.34 10.88 10.95 10.80 12.48 10.66 9.78 9.56 11.17 9.64 10.15 10.29 7.88 7.45 6.28 5.26 6.42 6.42 7.15 6.50 5.99 10.59 11.75 12.26 10.37
0.00 0.00 0.00 0.00 2.77 2.85 0.88 0.00 0.00 0.00 0.00 0.00 0.00 0.00 0.00 0.00 0.00 13.29 14.97 15.55 15.62 13.14 10.88 8.83 0.00 0.00 0.00 4.45 4.74 3.87 3.87 5.48 6.42 8.18 5.69 5.62 4.74 6.64 6.42 3.58 1.83 1.02 0.58 0.95 1.10 0.51 1.10 0.15 0.80 2.41 2.63 2.63 2.34 3.43 4.82 19.64 18.32 15.40 13.80 15.62 16.72 17.16 15.40 14.60 17.01 16.94 17.08 13.21 11.39 11.68 11.83 11.61 11.17 8.54 4.60 6.35 6.35 6.42 7.23 7.23 9.78 11.97 11.17 9.27
0.00 0.00 0.00 4.60 6.42 3.80 0.00 0.00 0.00 0.00 0.00 4.45 5.33 6.13 0.00 0.00 9.78 12.05 12.78 12.99 13.65 10.95 7.59 2.70 3.29 3.87 3.87 4.53 2.77 3.36 4.60 4.96 5.99 6.86 6.35 7.30 10.00 10.15 10.88 9.56 7.15 2.99 0.00 0.95 1.53 0.00 0.07 1.24 2.34 1.61 2.48 2.48 3.50 4.31 6.50 13.80 14.75 16.57 15.91 17.16 18.18 15.11 12.34 13.07 14.97 15.48 17.81 16.72 14.75 14.67 13.21 13.58 14.82 12.56 9.71 10.15 10.15 10.07 7.23 5.11 5.77 7.88 8.10 8.18
0.00 0.00 0.00 3.72 4.02 1.39 0.00 0.00 0.00 2.56 6.72 9.20 6.64 8.40 9.05 7.59 6.79 8.10 10.07 9.78 9.49 8.25 7.08 3.36 3.58 5.55 5.55 5.04 3.80 2.41 2.56 4.53 5.18 9.78 11.39 12.34 10.88 9.13 7.74 8.69 8.98 6.86 4.02 2.04 1.10 0.73 3.36 6.28 5.69 3.58 4.23 4.23 6.42 7.45 6.35 9.71 6.06 7.45 9.27 9.27 8.61 5.62 4.16 5.48 4.96 11.17 13.43 11.39 12.12 13.58 13.87 14.53 15.99 15.40 9.78 7.74 7.74 7.81 6.86 5.26 4.67 6.28 6.64 5.69
0.00 0.00 0.00 0.07 0.00 0.00 0.00 0.00 3.43 7.66 10.51 9.20 7.88 8.18 8.10 6.86 4.60 2.56 2.34 3.29 3.50 4.31 5.18 7.74 8.91 10.00 10.00 9.05 9.27 8.10 7.74 10.22 10.29 12.41 12.70 15.62 14.67 11.97 7.01 4.67 3.43 4.60 3.36 4.60 6.64 7.81 8.98 10.80 10.44 9.56 9.49 9.49 7.88 4.74 2.70 3.50 0.00 1.39 0.00 0.66 0.00 0.00 1.68 3.36 6.28 9.27 9.05 10.44 11.24 9.56 9.13 9.20 8.61 6.50 4.96 4.67 4.67 4.16 2.99 4.38 8.83 12.99 12.70 11.53
0.00 0.00 0.00 0.00 0.00 0.00 0.00 3.72 6.50 6.42 5.99 3.94 4.02 4.82 7.37 6.86 5.26 0.51 0.00 1.31 2.92 3.29 11.02 10.80 11.46 12.48 12.48 13.72 12.99 13.07 13.51 12.78 14.24 14.75 16.21 19.27 19.56 16.64 12.48 8.98 8.10 9.93 11.61 12.34 12.85 13.07 13.80 12.34 10.66 9.42 6.57 6.57 0.00 0.00 0.00 0.00 0.00 0.00 0.00 0.00 0.00 0.00 0.00 0.00 0.00 3.58 4.38 4.89 4.45 6.06 5.91 2.56 3.87 8.03 0.00 0.00 0.00 0.00 0.00 3.94 6.64 12.99 14.97 8.47
0.00 0.00 0.00 0.00 0.00 0.00 4.53 5.04 4.31 3.14 2.77 2.12 0.00 0.88 2.56 4.89 5.62 3.36 2.19 0.80 0.58 0.58 1.17 2.99 10.22 11.24 11.24 15.18 15.18 16.21 14.89 11.75 10.44 10.29 9.71 7.88 9.78 11.61 13.58 13.65 11.97 13.80 13.65 11.75 10.22 7.66 6.86 6.79 7.74 9.20 4.23 4.23 0.00 0.00 0.00 0.00 0.00 0.00 0.00 0.00 0.00 0.00 0.00 0.00 0.00 0.00 0.00 0.00 0.00 0.00 0.00 0.00 0.00 0.00 0.00 0.00 0.00 0.00 3.07 6.94 8.25 10.95 9.86 2.34
0.00 0.00 0.00 0.00 0.00 0.00 4.53 5.04 4.31 3.14 2.77 2.12 0.00 0.88 2.56 4.89 5.62 3.36 2.19 0.80 0.58 0.58 1.17 2.99 10.22 11.24 11.24 15.18 15.18 16.21 14.89 11.75 10.44 10.29 9.71 7.88 9.78 11.61 13.58 13.65 11.97 13.80 13.65 11.75 10.22 7.66 6.86 6.79 7.74 9.20 4.23 4.23 0.00 0.00 0.00 0.00 0.00 0.00 0.00 0.00 0.00 0.00 0.00 0.00 0.00 0.00 0.00 0.00 0.00 0.00 0.00 0.00 0.00 0.00 0.00 0.00 0.00 0.00 3.07 6.94 8.25 10.95 9.86 2.34
0.00 0.00 0.00 0.00 0.00 0.00 3.14 1.97 1.53 0.00 0.00 0.00 0.00 0.00 0.00 0.00 1.61 2.92 2.92 1.90 0.00 0.00 0.00 0.00 0.00 0.00 0.00 10.15 15.11 12.12 8.83 2.92 1.02 0.66 0.00 0.00 0.00 0.00 0.00 0.00 1.83 2.48 1.53 0.37 0.00 0.00 0.95 1.75 0.44 1.24 0.00 0.00 0.00 0.00 0.00 0.00 0.00 0.00 0.00 0.00 0.00 3.14 0.00 0.00 0.00 0.00 0.00 0.00 0.00 0.00 0.00 0.00 0.00 0.00 0.00 0.00 0.00 4.89 12.12 13.29 12.41 9.86 4.74 0.00
