Wansh/Snow_depth/snowdepth-1986/winter/1986365.txt
ncols 321
nrows 161
xllcenter 60
yllcenter 15 
cellsize  0.25 
NODATA_value -1
[rows 0 to 36 of 161, columns 0 to 83 of 321]
10.00 10.00 13.21 14.16 13.36 11.61 10.51 9.56 7.88 8.54 9.42 11.61 9.56 10.88 11.75 0.00 0.00 10.80 9.05 0.00 0.00 7.88 8.69 9.64 10.15 9.34 9.34 9.56 10.66 11.46 10.95 10.51 10.29 9.34 9.20 8.54 7.88 7.88 7.81 7.88 7.59 5.99 5.91 6.06 7.08 8.40 8.91 0.00 0.00 0.00 9.64 9.64 8.98 8.69 0.00 9.93 9.42 10.73 9.71 0.00 11.61 10.44 10.80 10.44 9.86 9.27 9.20 7.08 5.62 6.35 8.10 9.93 10.59 10.37 13.87 14.89 14.89 14.53 14.24 14.45 13.87 13.21 15.33 16.72
15.33 15.33 15.48 15.55 14.89 14.09 12.26 11.17 11.10 9.56 6.42 7.81 8.40 9.71 11.17 12.48 10.59 9.34 7.59 6.86 6.50 7.01 10.22 11.90 11.90 10.44 10.44 9.71 9.42 9.71 9.56 8.54 7.52 7.96 7.01 7.23 7.59 7.96 7.37 7.01 7.01 6.42 6.13 5.11 4.82 5.91 6.06 0.00 0.00 7.01 7.37 7.37 7.08 7.45 9.56 10.80 10.51 8.91 10.15 0.00 12.70 11.46 10.80 10.73 13.07 10.51 7.59 0.00 6.06 5.99 8.76 11.24 12.99 14.24 16.06 17.52 17.52 16.50 14.89 13.94 14.09 14.60 14.31 13.94
14.31 14.31 13.72 14.38 15.55 14.38 12.70 11.46 11.61 10.15 8.18 7.88 8.98 9.49 9.27 11.02 9.20 8.91 7.66 7.52 8.40 10.73 12.70 11.83 10.29 9.05 9.05 7.59 7.59 7.23 6.28 6.86 6.06 6.79 7.01 6.86 6.64 6.79 7.23 6.64 5.84 6.28 4.45 4.23 5.26 5.84 5.11 5.33 6.64 7.23 6.86 6.86 7.08 6.64 7.01 9.05 9.93 10.22 10.37 11.17 11.39 11.17 11.75 12.78 13.14 15.04 14.16 14.75 16.57 17.23 15.70 14.60 14.75 14.09 13.21 12.85 12.85 13.07 13.80 13.72 12.85 12.41 13.43 14.02
14.31 14.31 13.72 14.38 15.55 14.38 12.70 11.46 11.61 10.15 8.18 7.88 8.98 9.49 9.27 11.02 9.20 8.91 7.66 7.52 8.40 10.73 12.70 11.83 10.29 9.05 9.05 7.59 7.59 7.23 6.28 6.86 6.06 6.79 7.01 6.86 6.64 6.79 7.23 6.64 5.84 6.28 4.45 4.23 5.26 5.84 5.11 5.33 6.64 7.23 6.86 6.86 7.08 6.64 7.01 9.05 9.93 10.22 10.37 11.17 11.39 11.17 11.75 12.78 13.14 15.04 14.16 14.75 16.57 17.23 15.70 14.60 14.75 14.09 13.21 12.85 12.85 13.07 13.80 13.72 12.85 12.41 13.43 14.02
14.82 14.82 14.02 13.80 12.85 11.97 11.02 9.93 10.15 9.34 6.94 7.08 7.66 0.00 0.00 0.00 0.00 7.23 7.23 6.42 8.83 11.24 13.21 11.39 7.81 7.08 7.08 5.91 6.20 7.30 9.49 10.22 9.64 9.27 8.47 8.03 8.10 7.88 7.37 7.23 7.74 4.53 4.31 4.89 4.89 4.53 3.36 4.16 5.99 5.18 2.70 2.70 5.11 6.20 6.50 6.13 7.74 8.47 8.83 9.34 11.17 12.63 14.53 15.18 15.18 15.33 15.55 15.62 16.43 16.43 13.87 13.65 14.09 14.89 12.78 12.12 12.12 12.85 12.92 11.10 9.34 10.22 10.80 12.12
10.88 10.88 11.61 12.92 11.97 10.88 9.93 8.47 8.83 8.69 1.83 2.85 4.38 0.00 0.00 0.00 6.86 6.64 7.88 8.54 9.34 9.64 10.88 9.56 8.76 7.66 7.66 7.15 7.30 9.05 12.19 12.99 11.32 10.73 9.64 8.47 6.86 5.77 4.96 5.33 5.48 4.53 4.60 4.38 4.09 3.29 2.63 2.85 0.00 0.00 0.00 0.00 0.00 0.00 0.00 4.53 4.60 7.01 8.32 9.93 11.75 13.51 14.53 14.09 12.19 12.26 13.51 12.34 11.02 10.29 10.15 9.42 9.78 10.66 11.17 12.34 12.34 12.78 12.63 11.02 11.75 12.34 10.37 10.07
11.61 11.61 11.39 8.91 9.86 10.51 10.59 11.10 10.44 6.57 0.00 4.31 5.99 4.02 2.77 2.99 6.35 8.69 9.49 10.59 10.95 11.02 10.29 10.51 10.51 9.34 9.34 8.83 9.64 10.88 9.56 9.13 8.03 7.74 7.15 5.18 4.16 4.74 4.53 4.74 4.67 4.74 4.16 3.58 3.14 2.34 2.04 2.19 0.00 0.00 0.00 0.00 0.00 0.00 0.00 3.43 2.92 7.59 7.74 9.71 10.95 10.95 10.80 10.15 9.86 9.05 8.76 8.54 8.69 9.71 10.22 8.25 8.10 7.96 9.27 9.27 9.27 10.29 10.44 10.07 10.37 11.02 9.71 9.42
11.61 11.61 11.39 8.91 9.86 10.51 10.59 11.10 10.44 6.57 0.00 4.31 5.99 4.02 2.77 2.99 6.35 8.69 9.49 10.59 10.95 11.02 10.29 10.51 10.51 9.34 9.34 8.83 9.64 10.88 9.56 9.13 8.03 7.74 7.15 5.18 4.16 4.74 4.53 4.74 4.67 4.74 4.16 3.58 3.14 2.34 2.04 2.19 0.00 0.00 0.00 0.00 0.00 0.00 0.00 3.43 2.92 7.59 7.74 9.71 10.95 10.95 10.80 10.15 9.86 9.05 8.76 8.54 8.69 9.71 10.22 8.25 8.10 7.96 9.27 9.27 9.27 10.29 10.44 10.07 10.37 11.02 9.71 9.42
11.24 11.24 10.29 10.15 11.02 11.61 11.97 11.17 10.66 6.57 5.91 3.50 2.99 3.72 1.83 2.04 4.45 6.64 8.25 8.10 10.73 11.61 10.29 10.95 10.73 10.37 10.37 9.27 8.69 9.78 8.69 7.37 0.00 0.00 0.00 5.84 0.00 5.77 5.26 3.80 2.85 3.29 3.36 2.77 0.00 4.09 3.36 3.80 5.18 4.38 3.50 3.50 0.00 0.00 0.00 0.00 7.96 6.28 7.15 8.03 9.05 8.61 8.69 6.42 6.20 6.72 7.59 7.52 6.28 7.15 9.56 10.88 9.42 8.98 10.29 10.15 10.15 6.72 4.53 6.79 6.94 5.91 6.57 6.86
11.46 11.46 11.83 12.34 11.61 11.32 9.71 9.05 8.32 7.45 4.96 3.14 0.00 4.16 3.21 3.65 3.14 2.63 4.16 7.96 8.91 8.47 8.76 10.80 11.39 10.37 10.37 10.29 10.22 8.47 6.20 6.64 7.08 0.00 5.04 4.38 4.31 4.96 5.55 4.31 5.62 5.26 4.82 0.00 0.00 0.00 5.48 5.84 5.69 6.35 3.94 3.94 3.80 2.26 0.00 0.00 6.28 6.06 6.64 7.01 7.52 7.01 7.08 5.55 5.99 7.66 8.10 5.77 5.11 5.26 7.96 9.49 10.07 9.71 10.00 9.42 9.42 8.25 8.03 9.34 8.32 7.96 8.18 7.15
11.46 11.46 10.37 10.37 10.66 10.95 10.88 8.61 9.49 8.61 6.79 5.91 4.45 3.21 2.92 2.99 3.50 0.00 5.11 7.15 8.10 8.32 11.32 10.07 7.15 6.20 6.20 6.72 8.18 7.96 6.72 5.55 5.48 5.55 4.74 5.91 0.00 0.00 7.08 6.64 6.50 6.86 5.84 4.38 5.04 5.69 4.89 4.38 4.60 0.00 3.21 3.21 4.16 4.82 2.92 0.00 3.72 4.82 5.77 4.74 5.84 5.91 6.57 6.42 6.50 6.86 6.42 6.20 8.10 7.52 7.74 8.83 9.49 9.42 9.20 8.25 8.25 5.69 4.67 5.84 8.18 10.88 11.75 9.86
11.46 11.46 10.37 10.37 10.66 10.95 10.88 8.61 9.49 8.61 6.79 5.91 4.45 3.21 2.92 2.99 3.50 0.00 5.11 7.15 8.10 8.32 11.32 10.07 7.15 6.20 6.20 6.72 8.18 7.96 6.72 5.55 5.48 5.55 4.74 5.91 0.00 0.00 7.08 6.64 6.50 6.86 5.84 4.38 5.04 5.69 4.89 4.38 4.60 0.00 3.21 3.21 4.16 4.82 2.92 0.00 3.72 4.82 5.77 4.74 5.84 5.91 6.57 6.42 6.50 6.86 6.42 6.20 8.10 7.52 7.74 8.83 9.49 9.42 9.20 8.25 8.25 5.69 4.67 5.84 8.18 10.88 11.75 9.86
11.68 11.68 10.15 10.88 10.44 10.73 10.37 10.66 10.51 11.39 10.95 9.78 9.93 5.99 5.99 7.01 5.62 4.02 4.38 5.26 5.77 5.99 4.74 0.00 5.33 5.18 5.18 5.40 7.30 7.81 0.00 0.00 0.00 0.00 5.33 0.00 0.00 6.94 7.37 7.74 8.47 9.49 8.40 5.62 3.50 2.85 3.94 2.04 0.00 3.14 4.67 4.67 5.40 3.29 0.00 3.58 0.00 5.69 6.86 5.77 5.62 5.11 5.40 5.99 5.62 7.08 6.50 6.13 7.59 7.74 8.61 7.66 7.66 7.59 8.18 5.91 5.91 0.00 0.00 5.40 10.22 10.88 7.96 6.57
14.82 14.82 13.58 12.05 11.46 10.51 10.07 10.44 10.51 9.93 10.59 11.02 10.88 10.07 7.30 7.45 5.18 4.67 5.62 5.91 5.18 4.16 0.00 0.00 0.00 5.55 5.55 6.64 6.06 4.31 0.00 2.85 2.92 0.00 5.04 5.69 6.20 5.91 5.77 6.06 6.94 7.15 6.79 5.69 5.11 4.45 3.58 3.43 4.09 4.02 5.33 5.33 7.23 5.33 0.00 0.00 6.06 6.28 5.99 6.06 5.55 2.41 0.00 0.00 0.00 0.00 5.84 7.59 10.80 9.93 10.73 10.44 8.32 5.84 7.74 6.64 6.64 5.26 0.00 4.89 5.26 5.55 5.11 4.96
15.40 15.40 13.80 11.75 11.02 9.78 8.91 8.18 8.10 8.47 9.27 8.76 9.20 9.13 7.96 6.20 5.33 5.40 6.42 4.53 4.16 0.00 0.00 0.00 0.00 0.00 0.00 7.45 5.84 0.00 0.00 0.00 0.00 0.00 0.00 0.00 0.00 0.00 5.18 6.64 8.03 7.15 7.01 6.94 5.11 6.28 6.50 6.20 5.62 4.82 2.99 2.99 5.69 5.26 0.00 5.62 5.77 5.26 5.18 5.33 5.04 4.38 3.80 2.85 0.00 0.00 0.00 7.52 11.39 11.39 11.46 11.97 10.44 6.94 0.00 0.00 0.00 4.74 4.16 3.36 4.96 4.67 4.16 0.00
12.99 12.99 11.61 10.29 9.20 8.18 7.81 8.83 8.10 8.10 9.34 9.78 10.07 10.37 9.42 9.56 9.27 8.47 7.59 6.20 6.28 0.00 0.00 0.00 0.00 0.00 0.00 0.00 0.00 0.00 0.00 1.97 0.00 0.00 0.00 0.00 0.00 4.74 5.26 6.13 6.94 6.94 7.15 7.88 7.52 8.10 7.81 7.15 5.48 3.87 6.13 6.13 7.23 7.59 5.84 5.77 5.91 6.20 5.48 5.11 5.18 4.02 0.00 2.41 0.00 2.48 3.72 5.33 8.03 7.88 7.88 7.74 7.15 6.86 5.99 0.00 0.00 4.82 4.09 0.00 2.26 0.00 0.00 0.00
12.99 12.99 11.61 10.29 9.20 8.18 7.81 8.83 8.10 8.10 9.34 9.78 10.07 10.37 9.42 9.56 9.27 8.47 7.59 6.20 6.28 0.00 0.00 0.00 0.00 0.00 0.00 0.00 0.00 0.00 0.00 1.97 0.00 0.00 0.00 0.00 0.00 4.74 5.26 6.13 6.94 6.94 7.15 7.88 7.52 8.10 7.81 7.15 5.48 3.87 6.13 6.13 7.23 7.59 5.84 5.77 5.91 6.20 5.48 5.11 5.18 4.02 0.00 2.41 0.00 2.48 3.72 5.33 8.03 7.88 7.88 7.74 7.15 6.86 5.99 0.00 0.00 4.82 4.09 0.00 2.26 0.00 0.00 0.00
12.48 12.48 9.78 6.28 5.99 7.08 8.83 10.29 9.64 9.56 9.93 10.66 12.05 11.17 11.75 11.10 10.22 9.42 7.81 6.42 0.00 0.00 0.00 6.06 5.69 0.00 0.00 0.00 0.00 0.00 0.00 0.00 0.00 0.00 0.00 0.00 2.34 3.58 5.04 5.69 6.64 6.06 6.06 8.03 9.34 9.71 10.37 8.47 7.45 6.86 7.59 7.59 7.81 7.23 6.06 4.67 5.77 8.18 7.37 6.28 4.74 0.00 0.00 3.21 2.99 3.36 4.31 3.87 0.00 5.91 6.79 7.88 8.03 7.15 6.06 5.40 5.40 4.38 5.77 6.64 5.77 4.96 6.50 5.84
12.99 12.99 11.02 8.61 7.96 6.72 7.88 10.22 10.22 8.03 8.25 10.66 11.90 11.32 12.34 10.59 9.93 8.69 0.00 0.00 0.00 0.00 0.00 0.00 3.14 2.04 2.04 0.00 0.00 0.00 0.00 0.80 1.10 0.00 0.00 0.00 0.58 0.95 0.07 0.80 1.24 1.39 3.94 5.48 6.86 9.05 10.95 11.53 9.78 7.66 9.13 9.13 9.86 9.05 7.37 8.10 7.59 7.01 6.42 5.62 0.00 3.14 2.56 0.00 0.00 3.80 3.58 4.31 5.69 6.64 6.13 6.72 7.66 7.08 0.00 0.00 0.00 3.72 4.74 5.77 5.40 6.35 7.23 7.37
7.59 7.59 7.81 8.69 8.76 6.42 7.30 6.64 8.40 8.18 6.94 7.30 9.56 9.56 8.32 6.64 5.18 5.11 0.00 0.00 0.00 0.00 0.00 0.00 0.00 0.07 0.07 0.00 0.00 1.10 3.07 1.68 1.10 1.17 0.00 0.00 0.37 0.58 1.24 2.48 2.56 4.09 3.87 4.16 7.52 8.98 10.00 11.32 12.85 12.92 10.22 10.22 8.47 9.13 9.49 9.78 10.44 9.64 8.10 5.62 6.35 5.69 5.04 4.09 3.29 3.87 0.00 3.94 5.55 5.99 4.96 4.31 4.53 0.00 4.31 0.00 0.00 4.89 5.77 5.11 3.94 3.80 3.21 4.02
5.18 5.18 6.50 9.20 5.91 6.06 4.45 0.00 5.48 6.28 7.66 7.81 7.88 5.77 3.80 2.41 0.00 0.00 0.00 0.00 0.00 0.00 3.58 0.22 0.00 0.00 0.00 2.92 4.16 4.31 4.31 4.16 3.43 2.92 1.53 1.17 2.19 4.09 5.77 5.84 3.58 2.41 1.97 2.19 4.53 4.82 7.01 10.22 8.91 6.42 4.45 4.45 3.21 5.91 7.74 7.37 7.88 10.73 10.88 10.59 9.49 8.69 5.91 4.60 0.00 3.72 4.74 5.11 5.33 4.38 3.43 3.43 0.00 4.96 7.30 6.35 6.35 5.26 5.91 5.69 5.11 4.53 4.02 3.65
0.00 0.00 0.00 8.03 4.96 5.11 0.00 5.91 5.84 5.99 5.11 3.50 1.90 0.00 0.00 0.00 0.00 0.00 2.48 0.00 0.00 4.16 4.31 0.00 0.00 1.24 1.24 5.26 6.57 7.23 7.52 7.23 6.06 4.82 5.84 6.72 5.33 6.28 8.69 7.81 3.43 0.00 3.94 6.64 7.37 4.67 6.28 5.84 5.40 3.14 0.00 0.00 0.00 4.96 6.72 7.30 5.69 6.79 6.79 6.50 5.91 5.33 0.00 0.00 0.00 4.02 4.45 3.29 0.00 0.00 3.80 3.43 3.87 5.33 6.94 7.30 7.30 7.88 7.66 4.74 4.53 0.00 0.00 0.00
0.00 0.00 0.00 8.03 4.96 5.11 0.00 5.91 5.84 5.99 5.11 3.50 1.90 0.00 0.00 0.00 0.00 0.00 2.48 0.00 0.00 4.16 4.31 0.00 0.00 1.24 1.24 5.26 6.57 7.23 7.52 7.23 6.06 4.82 5.84 6.72 5.33 6.28 8.69 7.81 3.43 0.00 3.94 6.64 7.37 4.67 6.28 5.84 5.40 3.14 0.00 0.00 0.00 4.96 6.72 7.30 5.69 6.79 6.79 6.50 5.91 5.33 0.00 0.00 0.00 4.02 4.45 3.29 0.00 0.00 3.80 3.43 3.87 5.33 6.94 7.30 7.30 7.88 7.66 4.74 4.53 0.00 0.00 0.00
0.00 0.00 8.69 8.98 7.59 6.06 7.37 7.37 6.35 5.04 3.21 0.00 0.00 0.00 0.00 0.00 0.00 2.12 0.00 2.99 2.12 0.73 1.02 1.10 0.95 3.21 3.21 6.57 6.20 7.66 8.98 9.93 10.37 6.94 5.91 5.55 5.26 6.28 5.91 3.87 3.50 3.21 4.38 6.42 7.01 6.79 4.45 4.89 5.04 4.23 3.58 3.58 3.80 5.55 7.08 8.10 8.40 7.45 6.13 6.42 0.00 0.00 5.40 3.72 3.50 3.29 3.87 4.96 3.21 0.00 2.63 0.00 3.80 0.00 0.00 6.79 6.79 6.86 5.33 0.00 5.62 0.00 4.45 0.00
8.98 8.98 8.83 4.53 4.82 5.04 6.64 6.79 5.11 2.99 2.34 0.00 0.00 0.00 0.00 0.00 1.46 4.02 3.50 4.38 2.34 0.00 1.31 3.43 4.02 3.94 3.94 3.72 5.18 7.23 9.34 9.34 8.76 6.79 4.96 3.43 4.31 6.28 4.96 1.46 2.04 3.14 5.40 5.48 6.13 9.56 7.30 7.45 7.74 8.40 5.77 5.77 4.02 4.96 7.23 9.86 0.00 0.00 0.00 0.00 7.45 6.79 5.91 4.02 5.48 5.33 5.11 4.09 4.89 5.33 5.26 5.69 4.67 4.74 4.31 4.16 4.16 0.00 0.00 6.13 6.94 7.23 0.00 0.00
5.18 5.18 4.16 0.80 2.12 0.73 2.85 5.11 6.50 5.99 6.57 3.36 0.51 1.46 2.19 2.70 7.37 7.88 6.20 4.31 1.68 0.88 0.00 0.44 2.63 3.50 3.50 1.31 5.69 8.91 8.03 8.54 8.25 6.50 5.40 3.07 2.04 5.55 3.07 1.31 0.44 3.80 7.15 7.66 9.86 8.98 8.40 7.37 7.37 7.08 7.37 7.37 8.10 8.40 10.66 10.29 0.00 0.00 0.00 0.00 0.00 0.00 8.32 8.10 7.74 6.35 5.40 4.96 4.89 5.91 7.37 7.37 7.59 7.74 7.74 6.28 6.28 0.00 3.29 5.55 6.35 0.00 0.00 0.00
9.42 9.42 4.02 3.43 0.88 1.61 2.41 1.61 0.95 1.68 2.34 1.83 0.00 1.53 4.16 6.79 8.10 6.28 4.82 2.77 0.00 1.83 1.24 0.00 1.39 1.97 1.97 4.53 8.54 8.32 8.25 8.54 8.40 8.03 6.13 3.50 2.41 2.19 0.44 0.00 0.80 4.82 7.37 8.54 8.91 7.96 7.23 5.99 5.84 5.91 7.37 7.37 8.25 8.69 0.00 10.73 10.73 11.75 0.00 0.00 10.22 9.49 10.22 11.10 10.73 8.25 5.18 4.38 4.02 5.18 5.26 4.53 6.28 7.30 8.83 8.61 8.61 6.13 4.60 4.31 4.38 0.00 8.98 8.61
8.40 8.40 2.48 5.04 4.02 4.96 4.53 2.77 0.80 0.29 0.00 0.00 0.00 0.00 1.61 4.82 6.79 6.13 4.60 1.31 0.37 1.46 0.58 0.00 0.66 1.97 1.97 5.69 9.20 7.45 7.52 11.02 9.05 5.48 4.31 3.43 2.77 2.26 0.00 0.00 3.21 6.42 7.59 9.71 9.34 6.20 4.89 5.48 5.69 5.40 5.11 5.11 6.79 8.61 9.71 12.63 13.43 12.99 12.26 11.53 10.44 9.86 10.88 12.05 11.46 9.71 7.01 5.62 5.62 6.72 5.33 3.36 4.45 3.94 5.18 6.50 6.50 6.06 6.20 4.23 0.00 0.00 0.00 7.59
8.40 8.40 2.48 5.04 4.02 4.96 4.53 2.77 0.80 0.29 0.00 0.00 0.00 0.00 1.61 4.82 6.79 6.13 4.60 1.31 0.37 1.46 0.58 0.00 0.66 1.97 1.97 5.69 9.20 7.45 7.52 11.02 9.05 5.48 4.31 3.43 2.77 2.26 0.00 0.00 3.21 6.42 7.59 9.71 9.34 6.20 4.89 5.48 5.69 5.40 5.11 5.11 6.79 8.61 9.71 12.63 13.43 12.99 12.26 11.53 10.44 9.86 10.88 12.05 11.46 9.71 7.01 5.62 5.62 6.72 5.33 3.36 4.45 3.94 5.18 6.50 6.50 6.06 6.20 4.23 0.00 0.00 0.00 7.59
7.81 7.81 4.82 3.58 5.99 5.48 3.94 5.77 6.13 3.43 0.00 0.00 0.00 0.00 0.00 0.00 2.85 4.60 4.31 0.66 0.00 0.00 0.00 0.00 0.00 0.22 0.22 3.50 3.80 1.90 3.72 5.91 4.89 2.85 1.68 1.53 2.56 2.26 1.75 4.89 6.86 7.52 9.49 7.66 6.20 5.04 5.69 6.13 6.94 5.99 6.06 6.06 7.52 9.13 10.95 12.78 11.97 10.00 9.42 9.78 10.66 10.66 10.15 10.51 11.46 11.10 9.49 7.15 6.86 8.61 6.86 4.09 3.72 4.82 5.33 5.91 5.91 4.74 5.26 6.94 5.48 0.00 0.00 0.00
4.82 4.82 4.38 3.36 4.16 3.65 4.53 7.30 7.88 4.89 0.00 0.00 0.00 0.00 0.00 0.00 1.24 2.34 1.53 0.15 0.00 0.00 0.00 0.00 0.00 2.48 2.48 2.99 1.97 0.73 1.02 2.26 2.04 2.48 2.12 2.41 2.99 0.66 3.43 7.45 6.57 6.72 9.56 7.74 6.72 4.82 4.02 5.33 8.25 7.15 6.42 6.42 8.54 9.78 11.10 10.88 8.18 6.72 8.10 8.69 8.25 6.06 6.57 7.30 7.88 8.91 9.64 8.76 7.08 7.96 8.98 7.66 6.35 6.20 6.28 5.91 5.91 3.72 3.21 3.80 4.67 5.33 0.00 0.00
0.07 0.07 0.44 1.24 0.00 0.00 0.51 5.33 5.18 3.50 4.53 3.36 2.99 1.68 0.37 0.00 0.07 2.19 4.67 1.68 3.58 3.29 0.07 0.00 0.00 0.66 0.66 0.00 0.00 0.00 0.29 0.15 0.29 0.29 0.00 2.19 1.61 0.00 1.68 4.67 6.20 8.47 8.10 4.82 3.87 6.06 4.82 5.99 7.15 6.35 6.06 6.06 6.28 7.59 5.77 2.34 0.00 0.00 0.00 2.04 1.31 0.51 0.29 1.68 0.00 5.84 8.03 5.33 5.91 9.05 10.88 11.53 10.51 9.20 4.09 1.68 1.68 1.46 3.58 3.87 2.19 6.57 8.32 7.08
2.41 2.41 0.00 0.00 0.00 0.00 0.00 3.21 6.79 7.08 6.94 5.48 4.60 2.12 2.34 1.10 0.66 2.34 2.92 0.66 1.46 4.45 3.36 0.51 0.00 0.00 0.00 0.00 0.00 0.00 0.00 0.00 0.00 0.00 0.00 1.39 1.75 2.77 0.37 5.40 5.91 6.35 5.26 5.11 4.60 6.06 6.06 6.06 5.33 2.56 3.07 3.07 4.89 3.80 0.00 0.00 0.00 0.00 0.00 0.00 0.00 0.00 0.00 0.00 0.00 3.58 5.26 7.23 7.81 5.77 5.62 5.11 7.15 6.06 0.88 1.10 1.10 0.00 3.21 4.02 7.01 12.19 13.36 11.90
0.00 0.00 0.00 0.00 0.00 0.00 1.83 4.74 5.55 7.01 6.79 4.74 2.70 1.90 4.96 7.15 6.57 3.94 0.07 0.00 0.00 1.10 0.95 0.44 0.00 0.00 0.00 0.00 0.00 0.00 0.00 0.00 0.00 0.00 0.00 3.50 4.96 6.50 7.59 6.20 5.91 8.61 10.15 7.96 6.50 7.08 8.47 5.55 2.41 0.00 0.00 0.00 0.00 0.00 0.00 0.00 0.00 0.00 0.00 0.00 0.00 0.00 0.00 0.00 0.00 0.00 0.00 0.80 0.00 0.00 1.97 0.00 0.80 0.00 0.00 0.00 0.00 0.00 0.00 0.00 4.74 7.23 8.10 7.01
0.00 0.00 0.00 0.00 0.00 3.29 7.59 6.57 4.60 5.33 5.33 5.18 3.80 2.34 2.85 3.87 6.28 5.33 1.10 0.73 1.83 0.00 0.00 0.00 0.00 0.00 0.00 0.00 0.00 0.00 0.00 0.00 0.00 0.00 0.00 0.00 3.07 7.45 8.98 6.50 5.91 7.01 7.23 4.82 4.38 5.33 4.23 2.48 1.02 1.02 0.00 0.00 0.00 0.00 0.00 0.00 0.00 0.00 0.00 0.00 0.00 0.00 0.00 0.00 0.00 0.00 0.00 0.00 0.00 0.00 0.00 0.00 0.00 0.00 0.00 0.00 0.00 0.00 0.00 0.00 5.18 5.40 4.96 0.00
0.00 0.00 0.00 0.00 0.00 3.29 7.59 6.57 4.60 5.33 5.33 5.18 3.80 2.34 2.85 3.87 6.28 5.33 1.10 0.73 1.83 0.00 0.00 0.00 0.00 0.00 0.00 0.00 0.00 0.00 0.00 0.00 0.00 0.00 0.00 0.00 3.07 7.45 8.98 6.50 5.91 7.01 7.23 4.82 4.38 5.33 4.23 2.48 1.02 1.02 0.00 0.00 0.00 0.00 0.00 0.00 0.00 0.00 0.00 0.00 0.00 0.00 0.00 0.00 0.00 0.00 0.00 0.00 0.00 0.00 0.00 0.00 0.00 0.00 0.00 0.00 0.00 0.00 0.00 0.00 5.18 5.40 4.96 0.00
0.00 0.00 0.00 0.00 2.41 5.69 3.43 4.02 4.38 5.40 6.06 7.30 4.67 2.48 0.80 1.10 1.97 2.19 3.14 2.77 0.29 0.00 0.00 0.00 0.00 0.00 0.00 0.00 1.75 1.46 0.00 0.00 0.00 0.29 1.61 2.77 6.06 6.20 8.03 0.88 3.80 4.09 3.94 1.90 1.75 2.92 4.82 4.67 0.00 0.00 0.00 0.00 0.00 0.00 0.00 0.00 0.00 0.00 0.00 0.00 0.00 0.00 0.00 0.37 0.00 0.00 1.31 0.22 0.00 0.00 0.00 0.00 0.00 0.00 0.00 0.00 0.00 0.00 0.00 0.00 0.00 0.00 0.00 0.00
