Wansh/Snow_depth/snowdepth-1986/winter/1986358.txt
ncols 321
nrows 161
xllcenter 60
yllcenter 15 
cellsize  0.25 
NODATA_value -1
[rows 0 to 36 of 161, columns 84 to 167 of 321]
12.78 12.99 12.26 10.80 10.15 7.45 7.37 6.86 9.13 11.75 12.92 13.21 13.87 15.99 15.04 14.16 16.86 17.74 17.74 14.53 16.28 14.97 11.53 7.01 4.89 4.23 2.77 0.00 0.00 0.00 0.00 7.01 7.66 6.79 6.64 5.33 4.67 5.26 6.42 7.08 7.45 6.79 4.38 4.38 2.12 0.66 0.00 0.00 0.00 0.00 0.00 0.00 0.00 0.00 0.00 0.00 9.05 7.08 7.08 5.11 3.65 2.63 4.38 4.82 4.45 4.53 5.26 5.55 5.55 7.01 8.32 9.56 8.10 7.59 6.86 10.73 11.02 11.46 11.83 10.80 9.78 7.52 7.01 6.64
13.51 13.43 11.83 10.66 8.25 7.15 6.57 9.56 11.97 14.38 14.89 13.07 11.02 9.64 9.13 10.51 13.80 16.28 16.28 15.91 15.55 14.09 15.48 10.66 6.35 4.74 0.00 0.00 0.00 0.00 0.00 0.00 5.26 4.53 5.55 5.62 0.00 0.00 5.26 4.96 5.77 5.91 6.57 6.57 5.62 0.00 0.00 0.00 0.00 0.00 0.00 0.00 0.00 0.00 0.00 6.86 7.08 6.94 5.77 5.91 5.69 5.62 5.04 6.86 7.81 6.94 6.86 7.37 7.37 8.98 9.34 9.49 8.98 9.71 14.16 13.51 13.72 13.51 12.70 12.19 11.46 8.54 10.29 9.86
13.87 12.26 9.78 9.05 11.39 13.87 15.26 16.86 17.16 17.89 17.37 17.23 14.82 13.65 9.78 6.94 8.54 8.32 8.32 9.13 12.78 15.70 17.37 15.77 11.46 6.50 4.74 4.23 5.40 5.91 5.48 4.31 5.55 5.99 6.42 0.00 0.00 9.05 10.00 9.27 7.74 7.01 9.71 9.71 0.00 0.00 0.00 0.00 0.00 0.00 0.00 0.00 0.00 0.00 6.72 8.83 8.76 10.22 9.56 9.05 9.20 9.27 8.61 9.49 9.86 9.05 8.98 9.20 9.20 9.49 8.98 9.42 9.05 10.15 14.45 14.38 14.97 14.31 12.78 13.65 14.89 16.43 16.06 15.11
13.87 12.26 9.78 9.05 11.39 13.87 15.26 16.86 17.16 17.89 17.37 17.23 14.82 13.65 9.78 6.94 8.54 8.32 8.32 9.13 12.78 15.70 17.37 15.77 11.46 6.50 4.74 4.23 5.40 5.91 5.48 4.31 5.55 5.99 6.42 0.00 0.00 9.05 10.00 9.27 7.74 7.01 9.71 9.71 0.00 0.00 0.00 0.00 0.00 0.00 0.00 0.00 0.00 0.00 6.72 8.83 8.76 10.22 9.56 9.05 9.20 9.27 8.61 9.49 9.86 9.05 8.98 9.20 9.20 9.49 8.98 9.42 9.05 10.15 14.45 14.38 14.97 14.31 12.78 13.65 14.89 16.43 16.06 15.11
9.20 7.66 8.25 12.70 13.65 12.70 14.09 15.48 16.64 17.52 17.23 17.01 17.45 17.01 15.18 12.63 8.47 6.13 6.13 4.31 6.57 10.66 15.48 17.23 15.84 9.64 6.35 5.40 0.00 0.00 0.00 5.40 6.50 6.42 8.83 8.40 8.18 7.81 6.42 0.00 0.00 6.06 8.76 8.76 11.53 0.00 0.00 0.00 0.00 0.00 0.00 0.00 0.00 4.09 4.09 6.13 6.86 8.10 7.66 9.71 10.37 11.39 12.34 13.07 14.75 16.64 15.91 14.24 14.24 12.78 12.26 11.83 10.15 12.12 12.48 14.09 14.89 14.31 13.14 12.63 14.31 13.94 14.60 15.11
10.66 9.20 8.40 7.01 6.28 6.86 8.76 8.25 8.76 8.47 12.19 15.62 16.79 17.08 17.67 16.72 16.21 14.38 14.38 8.10 5.77 4.38 6.06 11.75 14.24 13.14 7.37 6.13 6.79 0.00 0.00 0.00 0.00 0.00 0.00 6.42 5.33 4.23 4.31 5.40 0.00 8.32 9.78 9.78 9.49 12.12 0.00 0.00 0.00 0.00 0.00 0.00 4.96 4.60 4.60 5.33 6.13 6.57 8.03 9.20 11.83 13.07 15.70 17.37 17.74 17.23 17.37 16.35 16.35 13.94 12.78 12.99 15.91 14.09 12.05 11.61 10.22 10.22 10.66 12.12 12.99 13.14 12.12 12.78
7.88 8.32 7.88 8.32 8.32 7.45 6.94 5.99 6.20 7.01 6.50 8.61 11.46 13.72 13.65 14.75 17.23 18.54 18.54 19.27 15.91 10.00 6.42 7.45 8.76 4.82 3.36 4.74 0.00 0.00 0.00 0.00 5.91 5.84 4.89 6.57 4.53 2.77 0.00 6.06 7.74 11.97 14.53 14.53 14.09 0.00 0.00 0.00 0.00 0.00 0.00 0.00 5.11 5.62 6.06 7.66 9.86 11.90 12.63 13.14 14.45 15.77 16.94 17.89 18.03 17.52 18.10 16.86 16.86 15.77 16.28 16.86 18.83 17.45 14.24 13.94 13.07 10.73 9.13 9.34 11.53 12.78 12.56 12.26
7.88 8.32 7.88 8.32 8.32 7.45 6.94 5.99 6.20 7.01 6.50 8.61 11.46 13.72 13.65 14.75 17.23 18.54 18.54 19.27 15.91 10.00 6.42 7.45 8.76 4.82 3.36 4.74 0.00 0.00 0.00 0.00 5.91 5.84 4.89 6.57 4.53 2.77 0.00 6.06 7.74 11.97 14.53 14.53 14.09 0.00 0.00 0.00 0.00 0.00 0.00 0.00 5.11 5.62 6.06 7.66 9.86 11.90 12.63 13.14 14.45 15.77 16.94 17.89 18.03 17.52 18.10 16.86 16.86 15.77 16.28 16.86 18.83 17.45 14.24 13.94 13.07 10.73 9.13 9.34 11.53 12.78 12.56 12.26
7.45 9.86 8.98 8.91 9.93 10.07 8.61 6.79 5.55 0.00 5.62 8.61 8.69 8.91 12.70 14.16 14.89 14.53 14.53 17.23 18.18 15.33 10.95 7.74 7.37 6.57 5.18 6.57 7.81 7.15 6.57 5.33 4.74 6.86 9.71 10.29 8.76 6.86 7.66 7.88 7.81 9.49 10.66 10.66 9.64 0.00 0.00 5.18 5.84 0.00 0.00 4.23 5.99 5.91 7.52 8.40 10.00 10.73 11.97 11.39 11.53 13.07 12.70 12.26 14.45 14.53 14.89 14.82 14.82 14.31 14.89 15.55 18.18 15.55 14.31 14.02 14.24 13.36 11.32 10.95 10.07 9.64 11.53 12.05
9.34 8.54 9.05 9.78 8.25 6.64 4.96 0.00 0.00 2.12 3.72 7.81 9.13 8.03 13.14 17.45 15.18 15.18 15.18 16.06 17.16 15.26 11.61 6.57 8.03 7.74 6.42 7.01 7.01 7.15 5.55 5.26 7.81 10.80 11.83 11.46 9.05 7.15 4.82 6.28 5.55 5.69 6.42 6.42 4.96 6.57 5.91 6.42 6.86 5.77 11.90 14.53 12.70 11.24 10.15 9.93 10.73 10.07 9.71 8.83 8.54 8.76 9.78 10.66 12.41 13.87 11.97 11.32 11.32 12.78 12.26 14.97 15.33 14.16 12.48 14.16 17.23 18.98 16.86 14.16 10.80 10.44 10.15 10.00
8.61 8.10 8.98 7.52 4.96 0.00 0.00 0.00 1.53 2.63 2.41 3.87 4.09 6.57 9.56 12.41 11.75 15.11 15.11 18.40 19.35 15.84 8.18 6.94 7.88 7.66 6.86 6.42 5.33 4.60 4.31 4.89 5.55 5.77 6.35 7.45 7.88 6.50 5.26 5.55 5.48 6.86 6.86 6.86 7.08 7.08 6.79 8.25 9.27 9.13 12.34 13.29 12.78 10.88 10.80 10.37 11.24 10.80 7.88 7.37 8.32 8.54 8.69 8.98 13.21 15.70 17.08 20.22 20.22 19.35 15.77 18.03 17.45 16.72 15.26 15.26 17.96 19.86 19.42 15.55 13.14 12.85 12.34 11.17
8.61 8.10 8.98 7.52 4.96 0.00 0.00 0.00 1.53 2.63 2.41 3.87 4.09 6.57 9.56 12.41 11.75 15.11 15.11 18.40 19.35 15.84 8.18 6.94 7.88 7.66 6.86 6.42 5.33 4.60 4.31 4.89 5.55 5.77 6.35 7.45 7.88 6.50 5.26 5.55 5.48 6.86 6.86 6.86 7.08 7.08 6.79 8.25 9.27 9.13 12.34 13.29 12.78 10.88 10.80 10.37 11.24 10.80 7.88 7.37 8.32 8.54 8.69 8.98 13.21 15.70 17.08 20.22 20.22 19.35 15.77 18.03 17.45 16.72 15.26 15.26 17.96 19.86 19.42 15.55 13.14 12.85 12.34 11.17
6.13 0.00 0.00 0.00 1.61 0.44 0.00 0.00 3.14 0.00 2.70 3.07 6.72 10.29 12.56 14.38 16.94 17.52 17.52 17.89 14.89 11.17 8.69 8.10 8.18 7.59 6.72 5.48 5.18 5.55 5.26 5.55 4.74 6.20 7.96 10.51 10.44 8.47 8.47 9.71 10.80 10.59 9.27 9.27 7.96 8.03 7.81 8.18 12.78 13.29 13.51 14.45 12.12 10.95 11.32 11.97 13.72 15.04 14.09 10.00 8.98 9.27 9.49 10.15 11.32 12.26 15.18 17.45 17.45 17.37 20.08 18.03 17.81 17.37 17.74 18.47 19.71 20.29 17.52 15.33 13.58 12.56 13.65 13.72
0.00 0.00 0.00 0.00 0.00 0.00 0.00 4.09 6.79 6.13 0.00 0.00 0.00 0.00 13.72 12.48 13.21 13.21 13.21 0.00 0.00 0.00 9.20 9.05 6.28 5.84 5.99 5.33 6.42 10.00 11.83 12.19 13.14 13.29 13.80 14.82 16.13 15.48 14.31 14.16 15.48 14.75 12.63 12.63 12.48 13.87 12.34 15.77 15.91 16.43 15.18 14.02 12.48 11.53 10.59 11.10 13.29 13.51 12.19 11.97 12.48 12.85 12.78 13.36 12.99 13.72 16.28 17.16 17.16 18.32 21.24 20.81 18.32 16.72 15.77 15.55 17.23 17.67 13.65 12.26 11.75 10.51 11.39 10.37
0.00 0.00 0.00 0.00 3.07 0.00 3.29 3.65 6.06 0.00 0.00 0.00 0.00 0.00 0.00 0.00 0.00 0.00 0.00 0.00 0.00 0.00 11.75 8.98 5.91 4.53 9.42 9.71 12.92 15.62 17.81 19.93 19.49 18.32 18.25 15.77 15.55 15.04 14.02 13.21 14.89 17.30 19.35 19.35 18.83 18.47 19.71 18.40 18.40 19.64 19.42 16.72 14.24 12.99 12.99 13.14 12.48 11.10 10.00 10.15 10.29 11.97 12.34 13.43 14.75 15.77 14.09 13.72 13.72 16.13 15.62 14.31 11.97 9.05 9.93 10.44 7.81 0.00 0.00 11.46 15.55 14.89 14.53 16.43
0.00 3.80 4.45 6.13 8.18 4.82 4.38 5.69 6.86 6.50 0.00 9.27 9.56 8.83 8.18 10.73 0.00 0.00 0.00 0.00 0.00 0.00 10.88 11.90 12.48 11.24 9.93 10.51 14.24 16.86 20.51 21.32 16.13 11.75 10.37 9.27 9.42 10.00 10.00 10.51 12.85 16.79 17.16 17.16 12.99 14.45 13.72 14.02 14.45 18.69 19.49 15.91 14.02 14.53 16.06 17.96 16.94 12.78 9.20 8.10 8.54 8.54 8.47 9.64 11.17 15.18 15.26 14.82 14.82 16.79 15.77 10.88 6.72 6.35 9.34 9.20 6.64 0.00 0.00 13.65 17.08 17.67 18.47 22.70
0.00 3.80 4.45 6.13 8.18 4.82 4.38 5.69 6.86 6.50 0.00 9.27 9.56 8.83 8.18 10.73 0.00 0.00 0.00 0.00 0.00 0.00 10.88 11.90 12.48 11.24 9.93 10.51 14.24 16.86 20.51 21.32 16.13 11.75 10.37 9.27 9.42 10.00 10.00 10.51 12.85 16.79 17.16 17.16 12.99 14.45 13.72 14.02 14.45 18.69 19.49 15.91 14.02 14.53 16.06 17.96 16.94 12.78 9.20 8.10 8.54 8.54 8.47 9.64 11.17 15.18 15.26 14.82 14.82 16.79 15.77 10.88 6.72 6.35 9.34 9.20 6.64 0.00 0.00 13.65 17.08 17.67 18.47 22.70
6.13 6.72 10.29 10.37 10.00 5.11 2.77 3.07 5.04 7.23 0.00 0.00 11.10 0.00 9.86 8.91 11.32 11.39 11.39 11.39 10.80 9.71 8.91 10.29 12.19 13.07 11.10 10.00 10.88 12.48 13.80 14.53 16.06 14.24 9.86 7.23 6.57 7.08 8.76 11.24 13.21 15.26 15.33 15.33 14.16 14.24 15.04 14.45 14.60 15.04 16.57 15.11 15.84 15.70 15.48 14.75 13.14 10.73 8.76 9.34 11.90 11.32 9.78 9.71 10.59 11.68 12.78 18.18 18.18 18.03 12.56 9.56 7.30 11.83 11.97 11.02 0.00 0.00 10.95 13.51 13.21 13.80 13.51 15.18
5.84 7.01 9.49 12.56 15.33 12.34 7.74 4.96 3.58 6.28 8.76 9.71 13.87 15.91 14.16 13.80 13.21 13.29 13.29 13.65 12.63 10.15 7.81 10.73 14.89 14.24 13.36 11.32 11.75 14.60 17.30 19.20 20.88 19.71 15.70 11.17 9.42 7.96 9.05 11.53 13.65 16.28 17.59 17.59 13.51 11.46 8.03 7.01 10.73 15.04 17.01 17.74 18.47 18.03 17.59 16.35 15.11 12.19 12.12 13.51 15.40 14.02 11.97 9.93 10.37 11.39 13.14 18.76 18.76 17.23 13.21 11.02 10.29 10.00 7.15 7.37 8.25 10.73 12.34 11.61 12.85 14.31 13.21 13.43
3.29 0.00 6.28 11.53 12.26 14.31 11.39 7.59 0.00 8.03 11.10 11.75 12.56 12.99 11.46 12.26 14.82 17.01 17.01 16.79 16.21 11.97 10.66 10.22 12.41 15.48 15.91 15.48 12.19 11.90 14.67 16.35 18.03 16.43 13.51 11.02 7.88 5.99 6.13 8.10 11.46 15.18 17.59 17.59 16.35 10.44 5.91 7.81 11.39 16.35 20.08 20.81 20.81 19.56 18.18 18.03 17.30 15.84 14.75 15.70 20.29 18.69 15.33 13.94 12.99 15.26 20.88 18.83 18.83 14.24 8.54 5.48 6.20 6.57 7.81 9.78 11.97 15.40 14.24 12.63 12.63 12.92 13.87 14.53
2.34 0.00 0.00 6.57 2.92 8.76 6.79 7.30 8.40 10.07 11.17 9.93 9.49 9.42 9.13 12.78 14.97 15.99 15.99 15.84 15.04 14.97 16.57 13.14 13.36 15.62 15.26 13.29 10.80 10.37 10.07 12.99 16.64 15.40 8.98 7.01 7.23 6.06 5.91 7.52 10.88 13.07 16.35 16.35 20.66 23.58 17.23 18.32 18.54 19.78 21.24 22.19 23.73 20.95 19.49 21.90 21.46 20.00 17.96 16.13 15.40 16.28 15.26 17.59 17.30 18.03 16.79 12.34 12.34 7.15 3.07 2.92 3.14 0.00 8.18 10.22 11.24 13.07 11.90 11.10 11.53 13.51 16.72 16.57
0.00 0.00 3.21 0.00 0.00 0.00 3.72 5.33 7.15 11.39 11.97 12.05 13.94 14.24 13.36 14.09 15.55 18.25 18.25 19.42 20.95 18.47 18.91 18.91 17.74 17.52 17.52 16.35 13.36 10.88 9.93 11.46 13.51 13.65 8.47 4.74 0.00 0.00 5.33 8.03 11.02 7.15 9.78 9.78 13.72 15.70 17.16 19.78 18.69 18.69 22.05 24.89 29.13 32.56 32.34 27.08 23.43 20.95 19.93 18.76 18.25 18.18 18.47 18.18 17.59 18.10 21.39 15.04 15.04 8.83 6.35 5.33 5.69 7.01 7.52 8.54 10.15 10.29 10.95 11.10 14.53 15.40 15.91 18.18
0.00 0.00 3.21 0.00 0.00 0.00 3.72 5.33 7.15 11.39 11.97 12.05 13.94 14.24 13.36 14.09 15.55 18.25 18.25 19.42 20.95 18.47 18.91 18.91 17.74 17.52 17.52 16.35 13.36 10.88 9.93 11.46 13.51 13.65 8.47 4.74 0.00 0.00 5.33 8.03 11.02 7.15 9.78 9.78 13.72 15.70 17.16 19.78 18.69 18.69 22.05 24.89 29.13 32.56 32.34 27.08 23.43 20.95 19.93 18.76 18.25 18.18 18.47 18.18 17.59 18.10 21.39 15.04 15.04 8.83 6.35 5.33 5.69 7.01 7.52 8.54 10.15 10.29 10.95 11.10 14.53 15.40 15.91 18.18
0.00 0.00 0.00 0.00 3.94 6.28 9.93 10.07 6.86 4.16 6.20 7.23 9.71 12.26 13.94 15.77 16.64 17.23 17.23 17.67 19.05 17.81 17.45 19.27 20.29 18.40 16.86 16.57 14.16 10.88 8.69 7.23 5.77 5.99 4.16 0.00 3.36 0.00 0.00 0.00 7.15 4.60 4.60 4.60 6.35 5.69 4.31 5.48 8.03 9.20 11.61 14.67 18.32 20.73 21.39 20.95 20.95 15.77 16.57 17.30 17.89 18.18 19.64 18.98 17.16 18.54 18.54 20.00 20.00 17.96 17.81 12.92 11.75 10.44 8.83 8.83 8.32 8.32 9.86 10.00 10.66 12.05 15.18 15.33
4.16 0.00 3.14 0.00 7.52 9.20 0.00 9.34 7.88 4.96 4.60 5.91 8.18 11.17 13.43 15.18 17.81 18.25 18.25 18.25 17.52 17.81 17.59 18.25 19.30 17.75 14.75 14.09 11.53 8.10 5.33 5.26 4.96 0.00 0.00 0.00 0.00 3.29 3.80 5.40 6.28 4.53 4.74 4.74 4.45 4.31 4.16 4.02 0.00 0.00 0.00 6.13 9.42 10.51 9.86 10.73 10.66 11.02 13.58 16.64 16.72 17.23 19.71 19.56 17.08 16.79 18.25 19.56 19.56 19.93 18.83 14.31 12.19 10.95 9.20 8.40 7.81 7.37 8.69 10.22 12.48 9.64 9.64 10.59
7.01 6.06 5.48 6.86 6.57 6.42 5.48 4.96 5.26 4.60 3.94 3.14 4.31 5.62 8.25 10.66 12.70 14.09 14.09 14.45 17.89 16.57 14.24 17.23 25.66 20.04 19.83 17.31 15.26 10.73 6.50 5.04 6.86 5.04 2.41 0.00 4.23 0.00 4.02 6.72 8.83 7.88 8.69 8.69 9.64 6.79 4.67 2.04 0.00 0.00 3.94 5.18 6.35 7.23 7.96 8.98 9.42 9.05 11.75 13.58 14.16 14.31 12.85 11.61 11.24 13.07 16.06 14.45 14.45 15.04 11.10 9.71 9.20 7.37 8.18 10.07 10.51 10.07 11.10 9.71 8.18 8.98 9.05 8.10
10.95 8.54 6.72 4.96 0.00 5.55 3.36 0.00 0.00 0.00 2.34 0.00 0.00 2.04 1.97 2.41 4.45 5.18 5.18 8.69 9.86 11.78 13.85 17.16 18.99 18.61 21.32 20.50 17.61 13.41 9.78 8.83 9.20 4.67 3.43 5.04 0.00 5.04 4.16 7.30 12.48 13.29 7.88 7.88 5.77 4.82 5.40 5.40 4.89 5.18 7.45 8.47 9.20 8.69 8.18 7.30 7.30 6.42 7.37 10.59 11.97 11.90 12.05 11.17 13.94 16.28 19.35 19.42 19.42 17.96 14.24 13.21 12.70 12.34 12.85 12.48 9.71 9.27 10.66 9.56 8.47 10.15 11.90 10.80
12.12 11.83 9.93 7.30 5.99 6.79 6.42 3.72 0.00 0.00 0.00 0.00 0.00 0.00 0.00 0.00 0.00 0.00 0.00 0.00 5.16 5.78 7.22 11.02 12.38 15.91 17.69 19.76 21.47 20.13 15.33 13.29 13.51 11.53 9.42 8.98 6.35 4.31 4.53 2.77 11.02 18.47 12.85 12.85 2.48 0.00 0.00 3.80 0.00 0.00 0.00 5.84 6.86 8.69 11.02 10.73 8.47 6.50 7.30 8.61 9.56 11.39 13.87 13.29 17.16 18.91 21.61 20.59 20.59 19.42 17.08 12.92 10.73 12.85 14.24 12.41 10.59 10.07 11.75 9.13 10.51 10.95 10.80 12.41
12.12 11.83 9.93 7.30 5.99 6.79 6.42 3.72 0.00 0.00 0.00 0.00 0.00 0.00 0.00 0.00 0.00 0.00 0.00 0.00 5.24 6.19 7.04 11.31 12.19 15.91 17.16 18.36 20.06 20.44 15.49 13.84 15.17 12.21 9.66 8.98 6.35 4.31 4.53 2.77 11.02 18.47 12.85 12.85 2.48 0.00 0.00 3.80 0.00 0.00 0.00 5.84 6.86 8.69 11.02 10.73 8.47 6.50 7.30 8.61 9.56 11.39 13.87 13.29 17.16 18.91 21.61 20.59 20.59 19.42 17.08 12.92 10.73 12.85 14.24 12.41 10.59 10.07 11.75 9.13 10.51 10.95 10.80 12.41
9.78 10.95 9.27 9.34 9.93 11.24 11.24 8.98 7.88 6.94 1.83 0.00 0.00 0.00 0.00 7.88 8.40 4.89 4.89 0.00 4.45 0.00 0.00 0.00 5.54 6.12 8.04 10.34 13.65 17.31 14.97 13.24 15.70 19.64 16.71 13.62 11.13 8.18 6.64 4.53 9.49 16.35 15.77 15.77 6.20 3.50 9.05 11.32 7.37 4.53 5.99 8.47 6.72 5.55 5.84 6.50 6.28 5.99 7.30 7.01 8.32 9.13 11.39 18.83 18.32 18.03 16.35 16.21 16.21 12.56 11.68 11.24 11.46 14.24 17.74 17.74 13.80 13.80 14.89 11.02 10.80 11.68 11.10 11.46
9.34 9.86 8.76 6.79 7.23 8.25 9.42 10.44 11.46 11.32 8.69 4.23 1.83 4.53 9.78 11.39 11.24 9.42 9.42 6.38 5.11 0.00 0.00 0.00 0.00 0.00 0.00 4.39 6.78 8.48 9.56 8.69 10.51 15.57 19.98 21.62 16.97 9.46 7.08 5.84 4.89 7.23 9.34 9.34 9.13 5.26 7.08 13.29 14.67 11.32 11.10 10.73 8.54 6.35 5.99 5.33 5.04 0.00 4.89 0.00 5.26 8.03 12.70 19.42 19.42 14.82 9.78 12.12 12.12 9.78 8.54 9.78 12.70 15.48 14.60 13.21 12.56 14.45 15.26 14.60 14.16 9.71 9.42 10.44
8.18 9.05 9.05 7.37 7.01 4.74 4.38 6.20 7.23 5.33 5.62 4.82 5.18 5.69 5.91 7.88 6.28 5.26 5.26 3.94 0.00 0.00 3.50 3.87 0.00 0.00 0.00 0.00 5.64 6.92 6.20 6.94 8.54 12.99 14.45 17.84 17.17 12.41 9.20 8.76 8.32 5.77 4.60 4.60 6.20 6.28 4.89 6.94 11.10 13.58 16.50 13.80 8.25 5.69 6.42 6.50 7.01 6.94 6.13 4.89 6.06 9.05 16.43 19.20 15.18 12.12 10.00 9.42 9.42 7.15 5.69 5.40 8.83 7.74 9.64 11.39 14.53 15.70 16.64 19.71 21.17 19.71 17.01 17.81
10.80 11.46 9.49 9.56 7.96 8.69 9.71 10.80 12.48 11.90 9.86 7.37 6.94 7.01 7.81 9.05 7.74 5.91 5.91 3.72 0.00 0.00 2.12 2.41 0.00 0.00 0.00 0.00 4.16 3.50 2.92 3.58 5.48 6.94 8.18 9.27 16.16 17.40 15.27 11.65 9.34 7.23 4.31 4.31 5.55 6.72 7.23 9.27 10.44 10.80 11.68 10.73 6.42 4.96 7.37 7.37 7.23 6.86 6.28 4.45 4.96 8.54 11.46 12.85 9.34 10.00 10.22 8.10 8.10 6.06 6.50 5.77 6.86 6.94 7.74 9.64 12.85 15.91 16.72 17.59 19.35 21.10 20.44 19.71
7.30 10.22 10.22 10.80 10.07 9.13 9.93 10.44 11.95 14.09 16.50 14.02 10.29 7.45 3.80 4.16 0.00 2.12 2.12 2.92 5.04 4.09 1.83 1.31 0.00 0.00 0.00 0.44 2.77 0.00 0.00 0.00 3.94 4.89 5.40 10.88 9.56 10.95 12.60 10.11 6.31 6.64 6.06 6.06 7.15 6.94 7.01 7.52 7.08 9.42 11.02 10.00 8.25 8.03 8.69 8.40 7.81 7.81 6.35 6.06 6.72 7.81 8.10 8.10 6.28 8.03 6.72 5.26 5.26 0.00 4.45 5.26 6.28 6.13 5.40 6.79 8.98 12.56 12.70 11.90 12.26 14.60 13.94 12.78
0.00 0.00 3.21 4.96 9.20 12.34 11.75 9.86 5.47 7.45 9.78 10.37 7.59 4.67 0.00 2.04 0.00 0.00 0.00 3.50 3.87 5.11 3.36 2.19 2.41 0.00 0.00 0.00 1.93 0.00 1.51 0.00 3.61 0.00 0.00 7.01 5.62 0.00 7.23 7.23 5.24 6.20 8.40 8.40 7.45 6.79 5.04 5.99 6.35 6.13 7.01 3.80 0.00 3.65 0.00 0.00 0.00 0.00 6.06 6.94 5.84 5.48 0.00 6.13 6.28 0.00 5.48 0.00 0.00 0.00 0.00 0.00 3.29 3.14 4.53 6.42 6.06 6.94 8.76 8.76 8.83 8.32 7.01 5.55
0.00 0.00 3.21 4.96 9.20 12.34 11.75 9.86 5.33 7.45 9.78 10.37 7.59 4.67 0.00 2.04 0.00 0.00 0.00 3.50 3.87 5.11 3.36 2.19 2.41 0.00 0.00 0.00 1.90 0.00 1.46 0.00 3.50 0.00 0.00 7.04 5.62 0.00 7.30 7.23 5.18 6.20 8.40 8.40 7.45 6.79 5.04 5.99 6.35 6.13 7.01 3.80 0.00 3.65 0.00 0.00 0.00 0.00 6.06 6.94 5.84 5.48 0.00 6.13 6.28 0.00 5.48 0.00 0.00 0.00 0.00 0.00 3.29 3.14 4.53 6.42 6.06 6.94 8.76 8.76 8.83 8.32 7.01 5.55
0.00 0.00 0.00 0.00 9.13 12.34 10.37 9.26 7.34 5.40 4.23 4.38 5.11 3.72 3.07 2.34 0.00 0.00 0.00 0.00 0.00 2.41 0.00 0.00 1.39 0.00 0.00 0.00 2.19 0.00 0.00 0.00 3.36 0.00 0.00 0.00 5.18 3.58 4.33 4.96 3.36 0.00 3.87 3.87 0.00 0.00 4.23 6.64 7.96 7.52 5.55 0.00 0.00 3.07 3.43 3.50 3.65 4.16 5.69 6.79 5.40 0.00 0.00 4.38 6.06 2.77 3.80 3.65 3.65 2.70 2.12 0.00 3.21 3.80 5.62 6.57 6.28 4.89 7.59 8.03 8.40 6.06 4.53 4.16
