Wansh/Snow_depth/snowdepth-1986/winter/1986339.txt
ncols 321
nrows 161
xllcenter 60
yllcenter 15 
cellsize  0.25 
NODATA_value -1
[rows 0 to 36 of 161, columns 84 to 167 of 321]
0.00 0.00 0.00 0.00 0.00 0.00 0.00 0.00 0.00 0.00 0.00 0.00 0.00 0.00 0.00 0.00 0.00 0.00 0.00 0.00 0.00 0.00 0.00 0.00 0.00 0.00 0.00 0.00 0.00 0.00 0.00 0.00 0.00 0.00 0.00 0.00 0.00 0.00 0.00 0.00 0.00 0.00 1.97 1.97 0.00 0.00 0.00 0.00 0.00 0.00 0.00 0.00 0.00 0.00 0.00 0.00 0.00 0.00 0.00 0.00 0.00 0.00 0.00 0.00 0.00 0.00 0.00 0.00 0.00 0.00 0.00 0.00 0.00 0.00 3.14 3.36 4.02 4.23 4.74 3.72 2.77 2.04 1.10 0.88
0.00 0.00 0.00 7.15 6.86 0.00 4.09 0.00 4.96 0.00 0.00 0.00 0.00 0.00 0.00 0.00 0.00 0.00 0.00 0.00 0.00 0.00 0.00 0.00 0.00 0.00 0.00 0.00 0.00 0.00 0.00 0.00 0.00 0.00 0.00 0.00 0.00 3.87 6.35 8.25 0.00 0.00 0.00 0.00 0.00 0.00 0.00 0.00 0.00 0.00 0.00 0.00 0.00 0.00 0.00 0.00 0.00 0.00 0.00 0.00 0.00 0.00 0.00 0.00 0.00 0.00 0.00 0.00 0.00 0.00 0.00 0.00 0.00 5.26 6.20 4.96 5.48 5.48 5.40 3.94 4.67 4.74 3.65 4.53
0.00 0.00 0.00 0.00 0.00 7.01 7.45 0.00 0.00 0.00 0.00 0.00 0.00 0.00 0.00 0.00 0.00 0.00 0.00 0.00 0.00 0.00 0.00 0.00 0.00 0.00 0.00 0.00 0.00 0.00 0.00 0.00 0.00 0.00 0.00 0.00 0.00 0.00 0.00 0.00 0.00 0.00 0.00 0.00 0.00 0.00 0.00 0.00 0.00 0.00 0.00 0.00 0.00 0.00 0.00 0.00 0.00 0.00 0.00 0.00 0.00 0.00 0.00 0.00 0.00 0.00 0.00 0.00 0.00 0.00 0.00 0.00 4.31 5.62 7.66 7.59 6.86 6.57 6.79 6.79 6.79 7.96 7.96 6.42
0.00 0.00 0.00 0.00 0.00 7.01 7.45 0.00 0.00 0.00 0.00 0.00 0.00 0.00 0.00 0.00 0.00 0.00 0.00 0.00 0.00 0.00 0.00 0.00 0.00 0.00 0.00 0.00 0.00 0.00 0.00 0.00 0.00 0.00 0.00 0.00 0.00 0.00 0.00 0.00 0.00 0.00 0.00 0.00 0.00 0.00 0.00 0.00 0.00 0.00 0.00 0.00 0.00 0.00 0.00 0.00 0.00 0.00 0.00 0.00 0.00 0.00 0.00 0.00 0.00 0.00 0.00 0.00 0.00 0.00 0.00 0.00 4.31 5.62 7.66 7.59 6.86 6.57 6.79 6.79 6.79 7.96 7.96 6.42
0.00 0.00 0.00 0.00 0.00 0.00 0.00 0.00 0.00 0.00 0.00 0.00 0.00 0.00 0.00 0.00 0.00 0.00 0.00 0.00 0.00 0.00 0.00 0.00 0.00 0.00 0.00 0.00 0.00 0.00 0.00 0.00 0.00 0.00 0.00 0.00 0.00 0.00 2.34 2.77 0.00 4.31 0.00 0.00 0.00 0.00 0.00 0.00 0.00 0.00 0.00 0.00 0.00 0.00 0.00 0.00 0.00 0.00 0.00 0.00 0.00 0.00 9.42 10.15 10.66 10.88 0.00 0.00 0.00 0.00 0.00 7.52 6.50 5.99 5.18 6.50 9.42 8.47 7.08 6.42 6.94 7.30 7.01 6.50
0.00 0.00 0.00 0.00 0.00 0.00 0.00 0.00 0.00 0.00 0.00 0.00 0.00 0.00 0.00 14.24 0.00 0.00 0.00 0.00 0.00 0.00 0.00 0.00 0.00 0.00 0.00 0.00 0.00 0.00 0.00 0.00 0.00 0.00 0.00 0.00 0.00 0.00 0.00 1.10 0.00 3.58 0.00 0.00 0.00 0.00 0.00 0.00 0.00 0.00 0.00 0.00 0.00 0.00 0.00 0.00 0.00 0.00 4.31 5.04 6.20 8.40 11.83 14.45 15.18 13.58 11.46 9.78 9.78 7.37 10.07 8.76 7.45 7.30 5.62 5.04 3.29 3.72 4.53 6.20 8.10 8.91 7.01 6.94
0.00 0.00 0.00 0.00 0.00 0.00 0.00 0.00 0.00 0.00 0.00 0.00 0.00 0.00 0.00 0.00 10.29 11.39 11.39 0.00 0.00 0.00 0.00 0.00 0.00 0.00 0.00 0.00 0.00 0.00 0.00 0.00 0.00 0.00 0.00 0.00 0.00 0.00 0.00 0.00 0.00 0.00 0.00 0.00 0.00 0.00 0.00 0.00 0.00 0.00 0.00 0.00 0.00 0.00 0.00 0.00 0.00 0.00 5.62 7.08 9.71 11.61 13.65 15.99 13.51 13.43 14.75 12.56 12.56 11.53 12.41 12.92 13.07 11.46 10.44 9.78 7.37 4.74 2.77 3.50 4.89 6.72 7.30 7.74
0.00 0.00 0.00 0.00 0.00 0.00 0.00 0.00 0.00 0.00 0.00 0.00 0.00 0.00 0.00 0.00 10.29 11.39 11.39 0.00 0.00 0.00 0.00 0.00 0.00 0.00 0.00 0.00 0.00 0.00 0.00 0.00 0.00 0.00 0.00 0.00 0.00 0.00 0.00 0.00 0.00 0.00 0.00 0.00 0.00 0.00 0.00 0.00 0.00 0.00 0.00 0.00 0.00 0.00 0.00 0.00 0.00 0.00 5.62 7.08 9.71 11.61 13.65 15.99 13.51 13.43 14.75 12.56 12.56 11.53 12.41 12.92 13.07 11.46 10.44 9.78 7.37 4.74 2.77 3.50 4.89 6.72 7.30 7.74
0.00 0.00 0.00 0.00 0.00 0.00 0.00 0.00 0.00 0.00 0.00 0.00 0.00 0.00 0.00 7.37 9.49 10.66 10.66 11.10 11.61 9.34 6.57 5.04 0.00 0.00 0.00 0.00 0.00 0.00 0.00 0.00 0.00 0.00 0.00 0.00 0.00 0.00 0.00 0.00 0.00 0.00 0.00 0.00 0.00 0.00 0.00 0.00 0.00 0.00 0.00 0.00 0.00 0.00 0.00 3.87 3.87 3.65 4.74 5.33 6.86 8.40 10.15 7.81 8.40 9.78 11.39 10.07 10.07 9.13 10.00 10.88 11.02 11.39 11.02 10.15 9.49 9.49 8.18 6.42 4.74 4.74 5.40 7.08
0.00 0.00 0.00 0.00 0.00 0.00 0.00 0.00 8.25 0.00 0.00 0.00 0.00 0.00 0.00 9.49 8.83 9.64 9.64 12.63 13.14 11.68 7.23 4.82 0.00 0.00 0.00 0.00 0.00 0.00 0.00 0.00 0.00 0.00 0.00 0.00 0.00 0.00 0.00 0.00 0.00 0.00 0.00 0.00 0.00 0.00 0.00 0.00 0.00 8.47 9.49 9.86 0.00 0.00 4.82 5.48 5.18 3.94 5.26 4.89 6.06 5.99 6.13 4.60 5.55 6.06 4.67 8.40 8.40 9.93 9.71 10.22 9.86 8.54 7.15 9.27 9.86 12.63 11.68 8.18 5.26 4.23 3.14 3.94
0.00 0.00 0.00 0.00 0.00 0.00 0.00 0.00 0.00 0.00 0.00 0.00 0.00 0.00 0.00 0.00 10.66 13.36 13.36 15.33 16.79 13.21 7.08 0.00 0.00 0.00 0.00 0.00 0.00 0.00 0.00 0.00 0.00 0.00 0.00 0.00 0.00 0.00 0.00 0.00 0.00 4.67 4.74 4.74 4.31 4.09 5.04 7.08 7.52 6.28 7.01 9.56 8.18 6.35 5.69 6.06 6.64 5.33 3.80 5.40 5.62 5.40 4.53 4.53 6.42 7.23 12.99 15.26 15.26 15.26 12.56 13.36 12.34 13.14 9.13 8.47 10.00 11.90 10.88 8.98 7.81 7.08 5.33 4.31
0.00 0.00 0.00 0.00 0.00 0.00 0.00 0.00 0.00 0.00 0.00 0.00 0.00 0.00 0.00 0.00 10.66 13.36 13.36 15.33 16.79 13.21 7.08 0.00 0.00 0.00 0.00 0.00 0.00 0.00 0.00 0.00 0.00 0.00 0.00 0.00 0.00 0.00 0.00 0.00 0.00 4.67 4.74 4.74 4.31 4.09 5.04 7.08 7.52 6.28 7.01 9.56 8.18 6.35 5.69 6.06 6.64 5.33 3.80 5.40 5.62 5.40 4.53 4.53 6.42 7.23 12.99 15.26 15.26 15.26 12.56 13.36 12.34 13.14 9.13 8.47 10.00 11.90 10.88 8.98 7.81 7.08 5.33 4.31
0.00 0.00 0.00 0.00 0.00 0.00 0.00 0.00 0.00 0.00 0.00 0.00 0.00 0.00 0.00 0.00 13.51 15.55 15.55 15.62 12.12 9.13 0.00 0.00 0.00 0.00 0.00 0.00 0.00 0.00 0.00 0.00 0.00 0.00 0.00 0.00 0.00 0.00 0.00 0.00 6.86 6.86 6.35 6.35 5.69 5.48 6.35 8.40 9.56 7.88 6.57 7.45 8.18 7.23 6.79 7.81 10.15 12.34 11.10 8.32 4.74 2.85 4.16 4.89 6.28 8.98 11.02 13.72 13.72 13.21 11.90 14.16 13.21 13.36 12.56 11.83 12.63 13.51 13.58 11.32 10.22 10.37 10.37 8.98
0.00 0.00 0.00 0.00 0.00 0.00 0.00 0.00 0.00 0.00 0.00 0.00 0.00 0.00 0.00 0.00 0.00 0.00 0.00 0.00 0.00 0.00 0.00 0.00 0.00 0.00 0.00 0.00 0.00 0.00 0.00 0.00 0.00 0.00 0.00 12.12 11.61 9.86 8.47 8.76 9.20 9.34 10.15 10.15 9.71 9.93 10.15 10.73 10.88 10.80 9.27 7.74 7.15 7.30 7.08 7.30 8.18 8.76 7.81 7.66 7.74 8.47 8.18 7.15 10.07 10.29 11.61 12.85 12.85 14.02 13.36 11.90 11.68 10.44 10.22 10.88 9.93 8.54 5.33 3.94 6.57 6.13 4.23 7.23
0.00 0.00 0.00 0.00 0.00 0.00 0.00 0.00 0.00 0.00 0.00 0.00 0.00 0.00 0.00 0.00 0.00 0.00 0.00 0.00 0.00 0.00 0.00 0.00 0.00 0.00 0.00 0.00 0.00 0.00 0.00 0.00 0.00 14.45 12.56 12.85 12.48 10.66 8.91 9.13 11.17 12.34 12.78 12.78 13.36 14.16 13.65 12.63 13.21 14.24 14.38 12.05 8.76 7.52 9.71 10.15 9.05 7.88 5.69 5.04 5.84 6.35 8.61 10.59 11.53 9.78 9.71 8.61 8.61 8.18 11.17 9.49 7.08 4.89 4.53 4.89 7.59 0.00 2.56 0.00 11.97 15.26 12.26 12.34
0.00 0.00 0.00 0.00 0.00 0.00 0.00 0.00 0.00 0.00 0.00 0.00 0.00 0.00 0.00 0.00 0.00 0.00 0.00 0.00 0.00 0.00 0.00 0.00 0.00 0.00 0.00 0.00 0.00 9.56 11.32 13.65 12.70 10.66 8.10 7.59 8.69 8.54 7.81 8.61 11.10 13.29 10.44 10.44 9.27 9.27 8.83 7.88 8.54 11.10 10.88 7.08 7.15 8.10 10.73 12.63 11.24 8.47 4.89 5.11 5.04 6.72 3.29 6.13 8.03 9.93 9.27 11.32 11.32 11.24 11.17 8.54 5.69 2.99 1.75 2.41 9.71 12.92 2.19 3.94 8.69 10.95 12.48 15.62
0.00 0.00 0.00 0.00 0.00 0.00 0.00 0.00 0.00 0.00 0.00 0.00 0.00 0.00 0.00 0.00 0.00 0.00 0.00 0.00 0.00 0.00 0.00 0.00 0.00 0.00 0.00 0.00 0.00 9.56 11.32 13.65 12.70 10.66 8.10 7.59 8.69 8.54 7.81 8.61 11.10 13.29 10.44 10.44 9.27 9.27 8.83 7.88 8.54 11.10 10.88 7.08 7.15 8.10 10.73 12.63 11.24 8.47 4.89 5.11 5.04 6.72 3.29 6.13 8.03 9.93 9.27 11.32 11.32 11.24 11.17 8.54 5.69 2.99 1.75 2.41 9.71 12.92 2.19 3.94 8.69 10.95 12.48 15.62
0.00 0.00 0.00 0.00 0.00 0.00 0.00 0.00 0.00 0.00 0.00 0.00 0.00 0.00 0.00 0.00 0.00 0.00 0.00 0.00 0.00 0.00 0.00 0.00 0.00 0.00 0.00 0.00 6.35 6.20 9.05 9.42 10.44 9.27 7.08 5.18 5.77 4.09 3.94 6.94 8.47 9.27 9.34 9.34 10.29 10.51 10.00 10.22 11.02 11.02 10.15 9.05 8.76 9.05 8.18 8.40 7.81 6.50 3.94 4.60 8.18 7.66 6.35 5.40 6.86 8.03 9.27 11.97 11.97 12.41 10.22 5.99 4.31 5.26 6.94 6.94 7.74 8.32 0.44 3.65 4.82 7.23 8.98 9.56
0.00 0.00 0.00 0.00 0.00 0.00 0.00 0.00 0.00 0.00 0.00 0.00 0.00 0.00 0.00 0.00 0.00 0.00 0.00 0.00 0.00 0.00 0.00 0.00 0.00 0.00 8.69 6.42 7.15 6.79 8.32 11.17 12.12 10.80 8.69 8.25 7.08 5.69 6.57 9.49 11.75 13.36 11.53 11.53 10.66 7.15 4.82 4.89 7.37 10.07 10.59 11.24 11.90 11.46 11.46 11.24 8.91 7.15 8.47 9.86 9.20 12.85 8.98 7.45 6.86 7.59 10.00 12.99 12.99 11.32 9.05 7.08 5.40 5.99 8.10 5.69 7.66 3.36 2.70 4.23 5.62 7.45 7.45 7.15
0.00 0.00 0.00 0.00 0.00 0.00 0.00 0.00 0.00 0.00 0.00 0.00 0.00 0.00 0.00 0.00 0.00 0.00 0.00 12.34 11.17 7.45 0.00 0.00 8.40 10.66 11.61 11.24 8.69 8.18 10.44 11.61 11.97 10.95 9.49 8.54 6.06 4.67 6.13 7.45 10.59 12.34 12.26 12.26 7.08 0.00 0.00 0.00 5.48 10.95 12.19 14.60 15.04 13.21 13.43 12.63 12.34 11.97 10.73 9.42 15.70 13.36 11.32 9.20 8.76 9.86 10.66 11.46 11.46 8.32 4.38 1.68 1.17 1.90 2.56 3.14 4.09 4.74 5.33 6.06 6.50 8.18 8.32 9.64
0.00 0.00 0.00 0.00 0.00 0.00 0.00 0.00 3.72 8.03 7.23 5.91 0.00 0.00 0.00 0.00 0.00 0.00 0.00 11.90 11.83 12.41 11.53 9.64 9.78 13.07 14.60 10.29 8.10 7.74 9.49 11.46 13.51 12.05 8.10 5.91 5.04 5.55 6.35 7.59 9.49 9.78 9.93 9.93 12.19 11.68 10.44 11.90 14.02 13.51 14.67 17.37 17.74 17.59 16.79 16.50 16.35 14.45 12.70 8.83 12.34 10.29 10.80 11.39 11.97 12.85 11.39 8.98 8.98 5.04 2.56 2.19 1.31 1.46 3.07 4.31 4.38 5.40 5.84 6.28 6.20 7.52 8.91 9.05
0.00 0.00 0.00 0.00 0.00 0.00 0.00 0.00 4.23 9.42 8.61 5.77 0.00 0.00 0.00 0.00 0.00 0.00 0.00 15.11 15.40 15.70 16.72 15.77 13.14 12.34 11.02 10.66 10.37 8.69 8.25 8.98 10.88 9.93 5.40 2.48 2.26 1.97 0.00 7.59 8.32 6.72 6.57 6.57 10.00 10.37 9.20 9.71 9.56 10.07 15.84 18.25 20.95 23.00 23.36 19.71 15.48 14.89 15.84 15.26 14.09 13.65 12.34 11.17 11.61 11.97 11.24 9.13 9.13 7.23 5.11 3.50 3.14 3.50 4.74 4.23 4.23 5.11 6.20 6.64 7.37 7.74 10.07 13.51
0.00 0.00 0.00 0.00 0.00 0.00 0.00 0.00 4.23 9.42 8.61 5.77 0.00 0.00 0.00 0.00 0.00 0.00 0.00 15.11 15.40 15.70 16.72 15.77 13.14 12.34 11.02 10.66 10.37 8.69 8.25 8.98 10.88 9.93 5.40 2.48 2.26 1.97 0.00 7.59 8.32 6.72 6.57 6.57 10.00 10.37 9.20 9.71 9.56 10.07 15.84 18.25 20.95 23.00 23.36 19.71 15.48 14.89 15.84 15.26 14.09 13.65 12.34 11.17 11.61 11.97 11.24 9.13 9.13 7.23 5.11 3.50 3.14 3.50 4.74 4.23 4.23 5.11 6.20 6.64 7.37 7.74 10.07 13.51
0.00 0.00 0.00 0.00 0.00 0.00 0.00 0.00 3.07 3.43 5.18 0.00 5.91 8.18 0.00 0.00 0.00 0.00 0.00 0.00 13.94 13.72 13.58 14.67 15.70 14.09 10.00 9.78 9.34 8.18 7.15 6.20 6.64 7.01 0.00 0.00 0.00 0.00 0.00 3.80 5.26 4.74 5.48 5.48 5.84 0.00 0.00 8.76 8.47 0.00 0.00 7.23 11.17 13.29 12.34 13.29 10.88 11.90 13.29 13.29 11.32 11.68 12.34 13.36 12.63 11.97 12.63 13.65 13.65 14.02 13.07 11.32 8.03 6.79 6.06 5.55 4.38 3.72 4.96 5.33 6.57 7.30 8.76 10.59
0.00 0.00 0.00 0.00 0.00 0.00 0.00 0.00 0.00 1.53 2.92 6.57 8.76 0.00 0.00 0.00 0.00 11.24 11.24 11.61 0.00 0.00 15.40 15.20 15.70 16.37 13.94 12.26 7.96 4.89 4.16 4.53 0.00 0.00 0.00 0.00 0.00 4.60 3.65 3.87 3.72 3.94 4.38 4.38 4.45 2.85 0.00 0.00 0.00 0.00 0.00 2.04 5.18 6.35 6.28 7.15 7.74 14.16 11.10 11.68 12.05 11.97 12.63 11.10 10.15 11.02 13.43 12.63 12.63 12.41 12.12 9.49 7.45 6.35 5.04 5.33 4.82 4.96 3.65 5.18 5.99 5.99 5.55 8.47
0.00 0.00 0.00 0.00 0.00 0.00 0.00 0.00 0.00 0.73 0.00 0.00 0.00 0.00 0.00 0.00 0.00 11.75 11.75 12.41 11.75 11.68 11.32 12.82 19.44 15.42 14.68 13.55 9.20 0.00 0.00 0.00 4.09 0.00 0.00 0.00 0.00 5.84 6.20 6.57 6.94 7.88 10.44 10.44 10.00 6.86 3.36 0.95 0.00 0.00 0.00 3.43 4.45 5.62 2.56 4.31 5.40 6.64 7.66 10.29 12.78 11.24 9.49 8.10 7.96 10.44 11.24 11.24 11.24 9.86 8.83 6.86 5.62 3.50 3.87 4.82 3.80 4.23 4.02 5.55 4.96 6.13 7.37 7.08
0.00 0.00 0.00 0.00 0.00 0.00 0.00 0.00 0.00 0.00 0.00 0.00 0.00 0.00 0.00 0.00 0.00 3.36 3.36 6.20 0.00 0.00 0.00 0.00 0.00 0.00 14.06 13.79 11.97 9.31 6.57 5.77 6.13 5.55 0.00 0.00 0.00 4.53 4.45 7.45 9.86 9.71 7.30 7.30 4.74 0.00 0.00 0.00 0.00 0.00 3.65 4.74 5.18 4.31 0.00 0.00 6.06 5.18 5.55 8.18 9.42 10.00 9.78 9.56 8.03 10.51 12.26 11.46 11.46 10.73 10.88 9.20 7.66 6.79 7.01 6.72 6.35 5.48 4.82 4.96 5.18 5.40 9.05 8.76
0.00 0.00 0.00 0.00 0.00 0.00 3.58 0.00 0.00 0.00 0.00 0.00 0.00 0.00 0.00 0.00 0.00 0.00 0.00 0.00 0.00 0.00 0.00 0.00 0.00 0.00 0.00 11.19 14.84 14.97 10.56 10.29 10.80 8.32 6.13 4.96 4.60 4.60 2.99 4.89 10.80 12.56 7.30 7.30 0.00 0.00 0.00 0.00 0.00 0.00 0.00 0.00 0.00 5.40 9.13 10.44 6.64 4.89 5.48 5.62 6.79 8.54 9.78 9.56 9.42 11.39 12.85 12.70 12.70 12.19 11.24 9.42 7.74 7.81 7.23 9.49 8.54 9.86 9.42 5.62 5.99 10.37 9.93 9.56
0.00 0.00 0.00 0.00 0.00 0.00 3.58 0.00 0.00 0.00 0.00 0.00 0.00 0.00 0.00 0.00 0.00 0.00 0.00 0.00 0.00 0.00 0.00 0.00 0.00 0.00 0.00 10.40 13.86 15.20 10.67 10.72 12.14 8.81 6.29 4.96 4.60 4.60 2.99 4.89 10.80 12.56 7.30 7.30 0.00 0.00 0.00 0.00 0.00 0.00 0.00 0.00 0.00 5.40 9.13 10.44 6.64 4.89 5.48 5.62 6.79 8.54 9.78 9.56 9.42 11.39 12.85 12.70 12.70 12.19 11.24 9.42 7.74 7.81 7.23 9.49 8.54 9.86 9.42 5.62 5.99 10.37 9.93 9.56
0.00 0.00 10.66 9.49 10.07 9.86 9.13 7.88 6.20 3.43 1.17 0.00 0.00 0.00 0.00 0.00 0.00 0.00 0.00 0.00 0.00 0.00 0.00 0.00 0.00 0.00 0.00 0.00 0.00 13.50 12.39 8.47 11.20 14.51 11.29 4.08 4.06 4.67 5.04 5.40 8.83 13.80 11.75 11.75 0.00 0.00 7.74 10.22 0.00 0.00 2.99 5.11 0.00 0.00 5.18 4.02 4.09 2.85 4.74 0.00 4.60 0.00 6.86 10.00 10.88 10.66 10.51 11.32 11.32 9.86 8.40 7.23 7.52 10.73 11.68 11.75 11.53 11.39 10.44 8.54 6.64 9.93 9.71 8.54
0.00 0.00 0.00 0.00 0.00 8.03 6.86 9.56 10.59 9.13 8.10 4.82 2.48 4.02 8.83 0.00 14.67 0.00 0.00 0.00 0.00 0.00 0.00 0.00 0.00 0.00 0.00 0.00 0.00 0.00 0.00 4.82 6.57 10.32 12.89 12.71 9.71 6.16 5.77 5.18 5.40 5.55 7.15 7.15 4.89 2.48 5.91 9.78 9.64 7.08 5.18 5.04 0.00 0.00 0.00 0.00 4.38 0.00 0.00 0.00 0.00 6.28 9.34 10.22 10.66 9.56 7.59 7.37 7.37 7.59 7.52 8.03 8.76 10.95 11.02 9.27 10.15 11.75 10.88 9.64 7.66 8.25 7.37 8.98
7.45 0.00 0.00 0.00 0.00 2.85 3.29 6.20 7.15 6.42 5.69 3.94 3.36 5.62 6.79 7.08 7.88 2.48 2.48 0.00 0.00 0.00 0.00 0.00 0.00 0.00 0.00 0.00 0.00 0.00 0.00 0.00 6.64 0.00 0.00 11.82 15.72 12.05 8.25 6.20 5.91 4.45 3.14 3.14 4.74 6.13 0.00 4.31 5.99 8.03 10.29 9.27 5.99 2.99 0.00 5.26 6.13 5.48 0.00 0.00 0.00 6.28 10.07 10.51 9.49 7.37 5.99 4.82 4.82 4.31 0.00 0.00 5.40 6.28 7.45 8.83 11.10 13.51 13.87 13.72 15.70 12.26 13.58 14.38
9.71 7.23 6.50 0.00 0.00 0.00 0.00 0.00 0.00 0.00 0.00 0.00 0.00 0.00 5.84 6.57 5.84 6.35 6.35 0.00 0.00 0.00 0.58 0.00 0.00 0.00 0.58 0.22 0.00 0.66 0.58 2.26 3.65 3.87 4.45 6.64 10.38 12.94 10.65 7.96 6.28 5.18 4.02 4.02 4.02 4.60 5.62 6.72 7.30 8.40 10.22 9.56 8.83 0.00 0.00 6.20 6.42 6.57 6.28 4.82 4.89 6.72 7.52 6.42 5.40 4.38 5.26 4.82 4.82 4.09 0.00 0.00 3.14 4.09 5.48 7.59 9.56 11.24 10.95 12.48 14.97 15.26 18.25 15.91
9.64 10.73 6.86 5.69 4.31 0.00 0.00 0.00 0.00 0.00 0.00 0.00 0.00 5.48 3.80 5.33 2.77 2.99 2.99 3.58 3.80 2.77 0.00 0.00 0.00 0.00 0.00 0.00 0.00 0.00 0.00 0.00 0.00 0.00 3.21 3.80 4.23 6.42 6.82 6.29 3.96 5.55 6.57 6.57 6.06 5.04 4.60 4.53 4.38 6.20 9.49 8.25 7.88 7.81 7.96 7.15 4.96 3.43 3.87 5.18 6.06 6.06 4.16 3.36 0.00 3.36 0.00 0.00 0.00 0.00 0.00 0.00 3.07 0.00 0.00 0.00 4.16 6.13 7.30 8.91 10.66 12.12 12.70 13.07
0.00 0.00 2.70 0.44 0.80 5.11 8.76 0.00 0.00 0.00 0.00 0.00 5.04 3.07 3.07 2.99 3.21 0.00 0.00 0.00 0.00 2.04 0.00 0.00 0.00 0.00 0.00 0.00 0.00 0.00 0.00 0.00 0.00 0.00 0.00 0.00 0.73 1.55 2.56 2.99 2.65 3.80 6.28 6.28 4.67 0.00 0.00 0.00 0.00 5.55 6.86 4.82 0.00 2.63 0.00 3.80 0.00 0.00 0.00 0.00 4.09 0.00 3.29 4.31 0.00 0.00 0.00 0.00 0.00 0.00 0.00 0.00 0.00 1.68 3.29 3.80 0.00 2.77 0.00 7.15 8.25 8.18 6.72 5.04
0.00 0.00 2.70 0.44 0.80 5.11 8.76 0.00 0.00 0.00 0.00 0.00 5.04 3.07 3.07 2.99 3.21 0.00 0.00 0.00 0.00 2.04 0.00 0.00 0.00 0.00 0.00 0.00 0.00 0.00 0.00 0.00 0.00 0.00 0.00 0.00 0.73 1.54 2.58 2.99 2.63 3.80 6.28 6.28 4.67 0.00 0.00 0.00 0.00 5.55 6.86 4.82 0.00 2.63 0.00 3.80 0.00 0.00 0.00 0.00 4.09 0.00 3.29 4.31 0.00 0.00 0.00 0.00 0.00 0.00 0.00 0.00 0.00 1.68 3.29 3.80 0.00 2.77 0.00 7.15 8.25 8.18 6.72 5.04
0.00 0.00 14.75 6.50 0.00 8.47 11.24 0.00 0.00 0.00 0.00 0.00 2.12 2.26 1.75 0.00 0.00 0.00 0.00 0.00 0.00 0.00 0.00 0.00 0.00 0.00 0.00 0.00 0.00 0.00 0.00 0.00 0.00 0.00 0.00 0.00 0.00 0.00 0.00 0.00 0.00 0.00 2.77 2.77 0.00 0.00 3.07 0.00 0.00 0.00 0.00 0.00 0.00 0.00 3.58 0.00 0.00 0.00 0.00 4.02 5.04 0.00 0.00 0.00 0.00 0.00 0.00 0.00 0.00 3.43 0.00 0.00 1.97 0.00 0.00 0.00 0.00 0.00 0.00 5.18 5.04 3.65 3.50 3.43
