Wansh/Snow_depth/snowdepth-1986/winter/1987020.txt
ncols 321
nrows 161
xllcenter 60
yllcenter 15 
cellsize  0.25 
NODATA_value -1
[rows 0 to 36 of 161, columns 84 to 167 of 321]
11.97 11.75 9.64 9.42 10.07 7.88 7.08 8.69 11.02 13.14 15.26 14.82 15.40 14.97 14.53 15.99 17.81 16.94 16.94 16.72 18.40 16.35 12.48 9.34 6.79 0.00 0.00 0.00 0.00 0.00 0.00 8.61 8.69 10.15 8.98 9.05 9.34 8.76 9.13 8.03 7.66 7.37 5.99 5.99 5.40 4.02 3.29 0.00 0.00 0.00 0.00 0.00 0.00 0.00 0.00 0.00 0.00 0.00 0.00 0.00 0.00 0.00 0.00 2.04 4.16 4.96 5.62 7.59 7.59 7.52 11.61 12.85 11.39 11.90 11.24 10.22 11.02 12.92 14.31 14.45 12.26 10.66 0.00 0.00
11.24 10.29 8.76 9.27 0.00 0.00 0.00 0.00 6.20 8.91 8.03 6.79 5.84 3.72 0.00 0.00 0.00 14.89 14.89 15.33 16.28 16.72 17.01 0.00 7.45 5.91 0.00 0.00 0.00 0.00 0.00 0.00 0.00 0.00 6.06 5.69 5.77 6.20 6.57 9.64 12.78 12.70 13.58 13.58 9.93 6.35 3.87 0.00 0.00 0.00 0.00 0.00 0.00 6.28 5.69 6.42 6.35 6.79 7.08 0.00 0.00 5.55 6.42 6.50 7.08 6.94 5.91 8.47 8.47 11.02 12.12 12.85 13.51 13.43 14.09 14.38 14.97 14.82 16.06 15.48 14.89 13.51 0.00 0.00
10.66 10.22 5.04 0.00 4.16 3.29 5.77 6.35 7.37 9.34 10.22 8.76 7.01 4.74 0.00 0.00 0.00 0.00 0.00 4.02 6.06 10.15 11.46 10.95 9.42 0.00 0.00 0.00 0.00 0.00 0.00 0.00 0.00 6.72 7.15 7.37 8.98 12.26 11.46 9.93 10.59 11.53 14.53 14.53 16.35 16.64 13.58 0.00 0.00 0.00 3.58 3.07 5.40 6.94 9.05 10.44 12.63 12.41 13.72 12.56 8.91 7.59 13.72 12.26 10.51 11.46 12.12 12.99 12.99 13.51 12.48 12.34 12.41 14.67 15.33 15.04 14.82 17.59 19.27 18.54 18.91 18.98 0.00 0.00
10.66 10.22 5.04 0.00 4.16 3.29 5.77 6.35 7.37 9.34 10.22 8.76 7.01 4.74 0.00 0.00 0.00 0.00 0.00 4.02 6.06 10.15 11.46 10.95 9.42 0.00 0.00 0.00 0.00 0.00 0.00 0.00 0.00 6.72 7.15 7.37 8.98 12.26 11.46 9.93 10.59 11.53 14.53 14.53 16.35 16.64 13.58 0.00 0.00 0.00 3.58 3.07 5.40 6.94 9.05 10.44 12.63 12.41 13.72 12.56 8.91 7.59 13.72 12.26 10.51 11.46 12.12 12.99 12.99 13.51 12.48 12.34 12.41 14.67 15.33 15.04 14.82 17.59 19.27 18.54 18.91 18.98 0.00 0.00
0.00 0.00 0.00 0.00 6.57 7.45 3.58 4.23 3.94 5.84 10.95 11.32 9.34 8.47 9.34 12.48 6.72 2.63 2.63 0.00 0.00 8.18 5.77 0.00 17.96 0.00 0.00 0.00 0.00 0.00 4.53 0.00 0.00 10.51 14.45 15.40 13.87 12.12 10.88 8.47 6.94 8.32 10.80 10.80 13.87 16.79 17.96 16.64 12.48 0.00 0.00 0.00 5.11 4.23 4.02 4.82 6.42 7.96 11.10 11.61 9.42 16.06 16.13 17.01 18.10 18.83 18.10 17.45 17.45 16.57 14.97 14.38 13.87 12.85 14.09 16.64 16.06 15.55 16.21 16.43 16.21 16.79 17.67 18.91
0.00 0.00 0.00 0.00 0.00 0.00 0.00 0.00 0.00 0.00 73.58 6.35 7.23 0.00 0.00 7.45 7.88 7.52 7.52 0.58 0.00 0.00 0.00 13.58 17.16 0.00 0.00 0.00 0.00 0.00 0.00 0.00 0.00 7.74 9.93 11.53 10.88 8.98 8.03 6.35 6.79 7.30 9.05 9.05 10.80 13.94 17.23 0.00 0.00 0.00 0.00 3.80 3.50 4.09 4.31 5.33 4.67 5.26 8.10 9.86 12.99 15.62 17.74 19.35 19.71 19.93 19.27 16.72 16.72 15.62 16.35 16.79 16.28 12.48 10.51 9.34 8.91 8.32 11.17 13.80 15.55 17.01 16.79 18.25
0.00 0.00 0.00 0.00 0.00 0.00 0.00 0.00 0.00 0.00 0.00 0.00 0.00 0.00 0.00 0.00 7.45 8.98 8.98 8.03 0.00 0.00 5.99 7.45 9.56 0.00 0.00 0.00 0.00 0.00 0.00 0.00 7.23 7.66 7.66 8.18 9.05 6.86 5.69 6.50 8.47 11.24 16.06 16.06 15.55 16.50 18.32 17.89 0.00 0.00 6.13 5.62 5.69 6.86 7.88 8.76 9.49 10.51 8.40 14.38 16.28 18.54 20.95 21.61 22.48 21.24 19.64 19.71 19.71 17.96 18.40 20.44 20.81 18.18 16.06 12.48 12.34 10.59 9.27 9.05 12.78 15.18 15.40 17.08
0.00 0.00 0.00 0.00 0.00 0.00 0.00 0.00 0.00 0.00 0.00 0.00 0.00 0.00 0.00 0.00 7.45 8.98 8.98 8.03 0.00 0.00 5.99 7.45 9.56 0.00 0.00 0.00 0.00 0.00 0.00 0.00 7.23 7.66 7.66 8.18 9.05 6.86 5.69 6.50 8.47 11.24 16.06 16.06 15.55 16.50 18.32 17.89 0.00 0.00 6.13 5.62 5.69 6.86 7.88 8.76 9.49 10.51 8.40 14.38 16.28 18.54 20.95 21.61 22.48 21.24 19.64 19.71 19.71 17.96 18.40 20.44 20.81 18.18 16.06 12.48 12.34 10.59 9.27 9.05 12.78 15.18 15.40 17.08
5.77 6.86 0.00 7.01 7.37 0.00 0.00 0.00 0.00 0.00 0.00 0.00 0.00 0.00 0.00 0.00 5.69 8.25 8.25 9.78 9.93 8.98 10.95 7.81 0.00 0.00 0.00 0.00 0.00 0.00 0.00 0.00 6.42 10.00 15.04 13.80 12.12 10.51 9.78 8.25 9.42 11.53 11.75 11.75 11.90 10.73 8.32 7.59 0.00 4.53 3.72 5.11 6.50 7.15 8.47 7.74 7.45 10.29 10.51 12.05 13.94 15.48 14.75 16.21 16.43 17.67 17.52 18.25 18.25 18.69 19.35 19.13 18.69 17.67 16.06 15.11 14.60 13.58 12.78 12.05 10.80 11.97 14.38 15.77
6.42 6.79 6.94 6.72 6.86 6.50 6.13 0.00 0.00 3.50 2.77 0.00 0.00 5.26 11.68 15.18 13.80 15.55 15.55 17.01 17.74 17.08 11.90 6.42 3.94 0.00 0.00 6.72 7.59 6.94 6.50 0.00 9.13 11.53 14.24 14.02 12.48 10.15 9.05 8.18 7.66 7.01 6.35 6.35 6.06 6.64 6.28 7.01 9.49 10.00 10.51 12.85 12.26 11.17 10.73 10.22 8.61 9.78 10.37 10.73 11.02 9.86 10.29 10.59 13.14 14.38 14.38 15.55 15.55 16.64 15.18 14.24 15.11 14.31 13.94 14.67 17.08 19.49 17.89 14.16 10.88 9.71 10.51 12.63
7.37 6.28 5.84 5.84 6.06 0.00 0.00 0.00 0.00 0.00 5.33 5.48 0.00 5.48 9.27 11.97 12.99 16.06 16.06 16.43 18.54 16.86 8.40 4.89 5.40 5.99 6.50 7.15 0.00 0.00 0.00 5.18 6.35 7.81 7.37 9.34 10.15 9.34 7.96 7.74 7.37 8.32 8.83 8.83 6.64 7.37 8.83 11.97 14.02 12.85 12.12 13.87 13.87 12.48 12.26 12.99 11.90 12.78 11.02 11.02 12.85 13.43 12.85 13.43 14.60 16.35 19.20 22.48 22.48 23.00 19.35 17.67 17.52 18.03 15.04 16.21 18.98 21.61 20.81 15.84 12.05 13.80 14.24 11.10
7.37 6.28 5.84 5.84 6.06 0.00 0.00 0.00 0.00 0.00 5.33 5.48 0.00 5.48 9.27 11.97 12.99 16.06 16.06 16.43 18.54 16.86 8.40 4.89 5.40 5.99 6.50 7.15 0.00 0.00 0.00 5.18 6.35 7.81 7.37 9.34 10.15 9.34 7.96 7.74 7.37 8.32 8.83 8.83 6.64 7.37 8.83 11.97 14.02 12.85 12.12 13.87 13.87 12.48 12.26 12.99 11.90 12.78 11.02 11.02 12.85 13.43 12.85 13.43 14.60 16.35 19.20 22.48 22.48 23.00 19.35 17.67 17.52 18.03 15.04 16.21 18.98 21.61 20.81 15.84 12.05 13.80 14.24 11.10
0.00 0.00 0.00 0.00 0.00 0.00 0.00 0.00 0.00 0.00 8.54 9.20 10.29 12.41 13.36 13.65 16.35 18.25 18.25 18.47 16.86 12.92 7.23 6.86 0.00 0.00 6.42 6.42 0.00 0.00 0.00 5.26 6.06 7.52 8.54 9.78 11.53 9.64 10.51 11.90 14.38 15.11 14.02 14.02 13.43 12.70 12.63 13.94 15.62 15.99 18.10 18.10 16.21 10.80 10.73 13.43 17.81 20.59 18.83 16.06 14.60 13.21 12.63 12.78 13.36 13.21 17.89 20.29 20.29 20.73 20.44 19.13 17.30 17.89 19.05 21.10 23.21 24.16 26.06 24.82 14.16 14.45 14.97 13.51
0.00 0.00 0.00 0.00 0.00 0.00 0.00 0.00 0.00 0.00 0.00 0.00 0.00 9.27 10.51 12.05 11.46 16.79 16.79 0.00 0.00 0.00 0.00 0.00 0.00 6.20 6.06 6.50 7.30 10.95 12.56 12.85 12.19 12.63 15.91 18.83 20.15 18.40 17.81 18.18 18.69 18.18 17.45 17.45 16.21 17.59 19.49 19.05 19.71 20.37 19.35 17.08 15.33 13.94 11.53 11.68 14.53 15.26 13.94 13.94 15.18 15.77 19.05 18.32 17.16 16.43 17.89 18.98 18.98 20.73 21.17 19.42 18.54 17.96 18.10 18.83 20.22 16.50 19.35 22.19 14.02 0.00 0.00 10.80
0.00 0.00 0.00 0.00 0.00 0.00 0.00 0.00 0.00 0.00 0.00 0.00 0.00 0.00 8.25 8.83 11.46 0.00 0.00 0.00 0.00 0.00 0.00 0.00 0.00 7.59 9.20 12.34 12.05 14.31 19.13 22.70 20.73 19.71 20.95 20.37 19.20 19.56 19.78 18.40 20.29 23.07 23.21 23.21 22.85 26.43 27.08 25.77 25.99 27.67 29.78 23.43 21.32 18.91 19.13 16.94 14.53 13.14 11.61 11.61 13.36 12.99 15.48 16.94 17.37 16.13 15.18 15.70 15.70 16.72 17.81 16.28 12.92 11.32 11.97 13.14 9.78 5.40 6.42 15.04 0.00 0.00 0.00 0.00
0.00 0.00 0.00 0.00 0.00 0.00 0.00 0.00 0.00 0.00 0.00 0.00 0.00 0.00 0.00 0.00 0.00 13.65 13.65 13.72 0.00 0.00 0.00 11.83 12.34 12.48 10.22 12.26 15.40 17.81 20.51 21.68 18.54 14.53 14.75 13.21 12.26 13.29 13.65 15.91 19.49 22.56 22.41 22.41 19.86 19.42 19.42 18.25 17.67 23.14 25.26 20.81 20.08 21.39 25.55 25.70 20.22 15.70 10.95 10.00 10.59 11.39 11.02 12.19 14.02 15.11 15.77 15.18 15.18 14.24 13.94 13.14 11.68 9.34 10.73 12.34 0.00 0.00 0.00 0.00 0.00 0.00 0.00 0.00
0.00 0.00 0.00 0.00 0.00 0.00 0.00 0.00 0.00 0.00 0.00 0.00 0.00 0.00 0.00 0.00 0.00 13.65 13.65 13.72 0.00 0.00 0.00 11.83 12.34 12.48 10.22 12.26 15.40 17.81 20.51 21.68 18.54 14.53 14.75 13.21 12.26 13.29 13.65 15.91 19.49 22.56 22.41 22.41 19.86 19.42 19.42 18.25 17.67 23.14 25.26 20.81 20.08 21.39 25.55 25.70 20.22 15.70 10.95 10.00 10.59 11.39 11.02 12.19 14.02 15.11 15.77 15.18 15.18 14.24 13.94 13.14 11.68 9.34 10.73 12.34 0.00 0.00 0.00 0.00 0.00 0.00 0.00 0.00
0.00 0.00 0.00 0.00 0.00 0.00 0.00 0.00 0.00 0.00 0.00 0.00 4.23 6.79 3.29 0.00 0.00 12.12 12.12 11.32 11.68 9.20 7.15 9.05 11.61 12.12 10.15 8.91 9.93 13.21 16.13 16.06 15.99 13.07 10.07 8.54 9.49 11.83 13.72 15.40 17.23 19.78 19.64 19.64 18.98 19.42 21.02 21.39 21.75 24.38 23.14 19.35 20.51 20.44 20.95 20.15 15.77 13.07 11.68 12.78 15.26 14.16 11.46 10.95 13.29 14.16 14.45 15.62 15.62 15.70 13.87 9.42 9.05 11.68 16.43 15.40 0.00 0.00 0.00 0.00 0.00 0.00 0.00 0.00
5.11 0.00 0.00 10.59 9.86 7.96 4.89 2.92 2.92 5.04 7.59 9.78 16.79 17.16 0.00 0.00 0.00 13.43 13.43 11.75 11.75 9.86 8.54 9.56 12.92 14.75 14.53 12.63 13.36 15.48 17.96 19.27 20.08 19.56 15.62 11.10 8.91 9.42 12.26 16.13 19.27 22.48 23.65 23.65 25.26 25.33 22.34 21.10 20.88 23.73 26.43 24.53 25.48 25.19 24.09 21.83 18.18 15.62 16.28 18.18 19.71 20.08 16.86 15.62 15.33 16.06 16.57 17.59 17.59 17.16 16.43 14.82 12.99 12.70 13.29 6.50 7.59 11.75 19.20 0.00 0.00 0.00 0.00 0.00
0.00 0.00 0.00 2.99 9.34 10.80 8.76 0.00 4.02 7.45 9.86 11.61 14.89 13.29 11.02 11.24 14.16 16.79 16.79 17.01 15.48 12.26 10.15 10.66 13.51 16.28 16.86 15.40 14.24 12.85 16.79 18.76 18.40 17.96 15.91 11.90 8.40 7.30 8.18 7.23 11.68 20.00 25.26 25.26 27.67 24.75 18.10 17.16 22.63 25.84 28.69 30.51 31.17 28.76 27.74 27.01 24.89 21.02 20.08 21.90 23.51 22.41 20.08 17.96 16.28 18.10 22.56 20.08 20.08 15.84 12.70 11.46 10.22 10.73 11.10 0.00 0.00 20.08 20.81 0.00 0.00 0.00 0.00 0.00
0.00 0.00 0.00 0.00 0.00 0.00 6.79 3.87 3.80 6.50 6.72 5.48 6.64 6.50 4.74 8.18 11.61 13.36 13.36 15.48 15.70 13.65 16.06 14.67 15.40 16.72 14.02 10.00 7.59 8.76 11.46 15.48 18.83 17.45 9.93 6.20 7.66 7.08 6.06 7.96 11.75 16.28 22.48 22.48 27.52 30.88 29.13 32.63 30.00 27.38 29.20 32.12 34.97 30.66 29.64 30.30 28.62 25.40 22.85 21.02 20.29 21.10 20.44 20.15 21.17 21.53 22.92 17.59 17.59 9.49 5.26 3.94 4.89 6.72 8.32 0.00 0.00 0.00 0.00 0.00 0.00 0.00 0.00 0.00
0.00 0.00 0.00 0.00 0.00 0.00 8.40 7.88 5.91 8.83 9.86 10.15 10.66 10.15 9.56 9.78 11.02 13.21 13.21 15.18 17.23 15.40 15.40 16.21 16.79 17.16 15.84 13.51 11.02 7.52 8.91 13.87 17.74 16.79 10.88 5.33 4.31 6.13 9.93 12.99 11.75 7.52 11.75 11.75 20.15 20.44 22.27 25.62 27.38 25.40 31.39 34.75 38.18 40.00 38.18 34.53 29.71 27.38 26.86 24.89 23.43 22.92 22.63 21.53 21.83 21.39 21.39 17.52 17.52 11.53 7.59 5.99 5.91 6.79 0.00 0.00 0.00 0.00 0.00 0.00 0.00 0.00 0.00 0.00
0.00 0.00 0.00 0.00 0.00 0.00 8.40 7.88 5.91 8.83 9.86 10.15 10.66 10.15 9.56 9.78 11.02 13.21 13.21 15.18 17.23 15.40 15.40 16.21 16.79 17.16 15.84 13.51 11.02 7.52 8.91 13.87 17.74 16.79 10.88 5.33 4.31 6.13 9.93 12.99 11.75 7.52 11.75 11.75 20.15 20.44 22.27 25.62 27.38 25.40 31.39 34.75 38.18 40.00 38.18 34.53 29.71 27.38 26.86 24.89 23.43 22.92 22.63 21.53 21.83 21.39 21.39 17.52 17.52 11.53 7.59 5.99 5.91 6.79 0.00 0.00 0.00 0.00 0.00 0.00 0.00 0.00 0.00 0.00
0.00 4.60 0.00 0.00 0.00 0.00 0.00 0.00 0.00 0.00 10.29 10.15 12.26 13.51 13.80 14.53 14.82 15.04 15.04 14.82 15.84 15.84 16.13 18.32 19.71 21.17 18.98 17.01 13.43 11.39 9.27 8.61 8.47 7.66 0.00 0.00 3.50 4.67 5.18 7.96 8.98 5.55 5.62 5.62 8.69 7.52 7.81 10.88 15.55 15.33 19.20 20.44 24.82 28.69 27.59 24.16 21.97 19.93 21.10 21.68 20.66 20.66 24.31 24.38 22.56 21.24 22.34 23.73 23.73 24.53 20.59 14.67 12.12 12.19 0.00 0.00 0.00 0.00 0.00 0.00 0.00 0.00 0.00 0.00
0.00 4.53 0.00 0.00 0.00 0.00 0.00 0.00 0.00 13.51 10.22 8.10 9.34 10.22 12.85 13.36 15.55 15.26 15.26 16.28 18.32 17.23 15.77 15.94 15.48 16.37 14.97 13.21 8.61 5.11 6.64 5.18 3.43 2.92 0.00 0.00 0.00 4.89 5.26 6.57 5.26 5.77 5.26 5.26 3.21 4.96 5.48 6.20 5.69 5.33 8.25 12.56 12.99 12.78 14.31 14.38 12.34 13.21 16.94 21.32 21.24 20.81 23.58 24.31 21.61 20.22 19.86 21.17 21.17 23.00 22.41 18.61 15.48 15.18 0.00 0.00 0.00 0.00 8.61 12.34 14.16 13.07 12.12 0.00
7.01 4.89 5.33 6.64 5.91 0.00 0.00 0.00 6.42 5.77 5.84 6.28 7.01 6.42 6.86 7.74 10.00 11.32 11.32 13.94 17.52 15.40 13.58 15.14 20.04 16.31 15.15 15.65 13.43 10.66 7.15 5.33 6.28 5.62 0.00 0.00 3.50 4.53 4.89 7.15 8.76 8.18 8.83 8.83 11.17 7.45 4.38 3.29 6.42 5.62 7.15 9.05 10.44 12.56 11.10 10.29 11.75 12.41 13.58 18.83 19.20 16.79 13.72 13.94 15.26 17.52 18.18 18.25 18.25 16.13 15.04 12.99 10.51 8.40 0.00 0.00 0.00 0.00 11.68 9.78 9.42 10.15 9.56 9.42
10.80 8.25 0.00 0.00 5.11 6.13 5.77 5.62 4.31 0.00 0.00 0.00 4.53 0.00 0.00 0.00 4.89 6.42 6.42 7.23 8.83 11.78 13.17 15.05 14.83 15.66 17.46 17.99 15.88 13.63 10.66 11.97 10.95 7.30 5.77 6.13 5.33 5.40 4.60 5.91 12.63 14.67 9.86 9.86 6.13 5.99 7.37 7.52 8.10 7.66 9.49 11.39 10.29 10.80 9.86 8.40 8.61 10.22 10.51 14.31 15.99 12.56 11.39 8.91 11.24 18.18 21.32 20.37 20.37 17.23 15.55 14.38 12.56 0.00 0.00 0.00 0.00 0.00 0.00 10.37 8.47 14.89 15.91 10.80
0.00 8.54 5.62 2.56 9.56 10.37 8.69 5.77 2.85 0.00 0.00 0.00 0.00 0.00 0.00 0.00 0.00 4.09 4.09 0.00 0.00 7.41 8.96 0.00 0.00 12.48 14.52 17.14 19.18 18.73 16.21 14.75 15.55 13.80 11.97 12.12 9.49 7.96 4.45 0.00 7.96 21.10 19.13 19.13 5.99 2.19 7.81 8.47 6.50 6.79 8.83 9.27 8.18 11.90 12.19 9.93 8.25 6.42 8.47 12.05 12.99 14.24 16.06 14.97 13.80 19.86 23.87 23.43 23.43 20.73 18.83 15.77 0.00 0.00 0.00 0.00 68.99 0.00 0.00 9.05 9.05 11.68 12.78 12.78
0.00 8.54 5.62 2.56 9.56 10.37 8.69 5.77 2.85 0.00 0.00 0.00 0.00 0.00 0.00 0.00 0.00 4.09 4.11 0.00 0.00 7.93 8.73 0.00 0.00 12.48 14.09 15.93 17.92 19.02 16.38 15.36 17.47 14.60 12.28 12.12 9.49 7.96 4.45 0.00 7.96 21.10 19.13 19.13 5.99 2.19 7.81 8.47 6.50 6.79 8.83 9.27 8.18 11.90 12.19 9.93 8.25 6.42 8.47 12.05 12.99 14.24 16.06 14.97 13.80 19.86 23.87 23.43 23.43 20.73 18.83 15.77 0.00 0.00 0.00 0.00 68.99 0.00 0.00 9.05 9.05 11.68 12.78 12.78
0.00 9.78 8.61 6.35 12.78 13.65 14.97 13.58 9.34 6.86 3.14 0.00 0.00 0.00 6.42 9.34 10.07 8.18 8.18 6.28 5.26 5.62 5.58 6.08 7.94 0.00 12.61 11.59 12.92 15.11 13.94 11.88 17.32 21.52 18.89 14.83 10.91 9.05 9.27 6.13 5.77 16.79 21.39 21.39 10.73 3.65 13.07 15.11 11.68 9.34 9.42 8.83 4.67 4.67 7.74 6.79 5.69 5.18 6.64 7.96 9.56 11.24 14.97 20.37 20.44 19.35 20.15 19.35 19.35 15.11 15.11 13.80 14.60 0.00 0.00 0.00 0.00 0.00 0.00 10.15 9.49 10.80 11.39 12.63
0.00 0.00 6.94 6.86 9.27 11.32 15.55 16.21 17.23 15.70 13.07 8.69 6.06 9.93 14.16 16.57 16.50 12.92 12.92 8.44 5.55 4.40 0.00 5.26 5.06 6.23 0.00 9.68 11.99 14.16 14.75 12.70 12.26 16.37 18.92 18.70 14.16 10.27 8.83 6.79 4.09 4.16 9.42 9.42 16.35 5.84 5.62 12.19 15.84 15.11 15.18 12.56 8.54 5.91 6.72 7.45 5.69 5.18 4.89 5.69 7.37 11.02 16.21 20.37 20.88 18.18 14.31 15.40 15.40 13.80 13.14 12.92 0.00 0.00 0.00 0.00 0.00 0.00 0.00 0.00 0.00 0.00 0.00 11.39
7.15 7.88 7.81 5.33 3.58 4.31 4.31 6.28 8.98 7.59 8.10 9.42 8.69 7.88 10.00 11.97 10.44 9.27 9.27 8.61 5.91 4.53 4.89 5.04 5.11 5.62 6.64 8.77 12.82 15.75 15.70 14.31 14.97 15.77 18.37 18.81 18.93 12.92 10.15 9.34 8.98 4.89 3.58 3.58 6.42 5.48 5.40 6.20 9.49 13.29 18.76 18.47 12.78 9.42 9.34 11.10 11.46 8.91 6.50 4.38 7.45 11.02 17.96 19.13 16.57 13.51 10.95 12.12 12.12 11.17 9.71 9.49 0.00 0.00 0.00 0.00 0.00 0.00 0.00 0.00 0.00 0.00 0.00 18.40
7.81 5.40 4.45 7.74 6.72 8.25 8.32 12.12 13.07 8.83 8.47 8.98 8.32 7.66 8.25 9.20 7.01 6.72 6.72 6.35 5.04 3.58 2.41 5.33 5.04 5.84 6.94 8.73 10.66 11.83 12.92 13.51 12.70 14.38 15.40 17.74 17.86 17.17 14.08 10.69 10.66 7.81 4.45 4.45 0.00 5.84 6.79 8.18 10.88 11.17 13.14 12.26 9.20 7.37 7.59 7.30 6.50 7.66 8.25 8.18 8.03 9.71 12.41 13.87 11.61 9.13 8.69 10.37 10.37 9.42 7.45 7.74 8.32 8.76 9.13 0.00 0.00 0.00 0.00 0.00 0.00 0.00 0.00 22.92
2.19 0.15 0.00 6.86 7.23 9.34 12.56 13.72 14.38 17.37 19.27 16.72 11.83 6.86 6.28 7.37 3.14 2.77 2.77 3.43 4.96 5.84 6.86 7.08 7.88 8.10 8.25 9.07 8.83 9.42 9.93 10.51 10.59 12.56 14.67 14.75 13.87 13.87 15.04 11.75 7.92 8.54 9.05 9.05 7.52 5.40 4.67 5.77 9.13 10.15 10.80 11.32 8.98 9.34 9.20 8.61 6.20 7.88 9.34 10.00 9.27 8.47 8.61 7.37 5.26 4.31 5.18 5.91 5.91 5.11 5.33 5.48 5.91 6.35 6.86 9.64 12.48 15.48 0.00 0.00 0.00 0.00 0.00 16.06
0.00 0.00 2.41 4.31 4.74 13.80 15.70 13.43 10.78 10.73 13.58 12.48 7.59 4.31 2.56 1.53 0.00 2.92 2.92 4.82 7.30 7.52 8.32 8.40 7.96 8.47 9.42 9.34 9.04 6.43 8.02 8.14 6.10 6.86 8.40 8.69 7.88 8.55 11.02 11.61 9.14 7.96 8.61 8.61 9.71 9.13 6.64 4.74 5.26 7.74 5.69 4.89 3.80 4.16 4.74 6.42 5.40 6.64 8.91 8.47 6.13 4.96 5.48 5.62 6.20 5.62 4.38 3.72 3.72 4.31 5.11 2.77 2.04 1.75 3.94 6.79 8.32 9.42 9.13 9.86 9.71 9.78 10.22 8.03
0.00 0.00 2.41 4.31 4.74 13.80 15.70 13.43 10.51 10.73 13.58 12.48 7.59 4.31 2.56 1.53 0.00 2.93 2.92 4.82 7.30 7.52 8.32 8.40 7.96 8.47 9.42 9.34 8.91 6.20 7.74 8.10 5.91 6.86 8.44 8.73 7.88 8.51 11.13 11.61 9.05 7.96 8.61 8.61 9.71 9.13 6.64 4.74 5.26 7.74 5.69 4.89 3.80 4.16 4.74 6.42 5.40 6.64 8.91 8.47 6.13 4.96 5.48 5.62 6.20 5.62 4.38 3.72 3.72 4.31 5.11 2.77 2.04 1.75 3.94 6.79 8.32 9.42 9.13 9.86 9.71 9.78 10.22 8.03
0.00 0.00 0.00 0.00 15.91 16.35 18.69 19.27 18.01 10.37 8.47 7.96 4.89 0.00 0.00 1.68 0.00 0.00 0.00 0.00 0.00 0.00 6.50 8.10 9.20 10.29 10.59 9.42 10.15 8.03 6.06 5.69 6.72 5.69 4.89 4.45 4.82 6.79 7.34 8.32 8.32 7.08 9.64 9.64 9.49 9.64 9.71 9.20 9.49 8.18 6.35 4.38 0.00 0.00 0.00 4.23 4.02 4.16 6.94 8.54 5.26 3.80 3.94 4.74 4.89 4.53 3.87 3.80 3.80 3.87 0.00 0.00 0.00 0.66 2.99 4.23 4.60 4.96 6.94 7.81 7.52 5.18 3.94 0.00
