Wansh/Snow_depth/snowdepth-1986/winter/1987055.txt
ncols 321
nrows 161
xllcenter 60
yllcenter 15 
cellsize  0.25 
NODATA_value -1
[rows 74 to 110 of 161, columns 84 to 167 of 321]
0.00 0.00 0.00 0.00 0.00 0.00 0.00 0.00 0.00 0.00 0.88 1.68 3.21 4.96 6.79 5.26 3.07 2.04 2.04 2.48 2.92 0.00 0.00 3.14 3.58 5.69 0.00 0.00 0.00 0.00 0.00 0.00 4.02 4.89 0.00 1.24 2.41 0.00 0.00 5.55 3.80 0.00 0.29 0.29 1.68 1.90 0.00 0.00 0.00 2.04 0.00 0.00 0.00 0.00 2.98 0.00 0.00 0.00 2.12 0.00 3.14 0.00 0.00 0.00 0.00 0.00 0.00 0.00 0.00 0.00 4.48 4.23 4.96 0.00 0.00 0.00 0.00 0.00 0.00 0.00 0.00 0.00 0.00 0.00
0.00 0.00 0.00 0.00 3.72 7.23 4.60 3.87 5.40 4.74 4.74 5.91 6.06 4.38 3.43 2.92 3.80 4.02 4.02 4.38 4.23 3.29 3.14 3.65 7.52 8.91 6.86 0.00 5.55 0.00 0.00 0.00 0.00 0.00 0.00 0.00 3.65 0.00 0.00 0.00 3.50 1.46 2.41 2.41 1.68 0.00 0.00 0.51 0.37 0.00 0.00 0.00 0.00 0.00 0.00 0.00 1.90 0.00 0.00 0.00 0.00 0.00 0.00 0.00 0.00 0.00 0.00 0.00 0.00 4.33 8.40 7.59 3.14 0.00 0.00 0.00 0.00 0.00 0.00 0.00 0.00 0.00 0.00 0.00
0.00 0.37 0.15 4.96 8.98 7.59 8.40 6.50 5.69 4.74 4.96 5.26 4.67 4.16 4.74 4.74 4.89 6.13 6.13 6.13 5.62 4.23 3.72 0.00 5.62 6.94 0.00 0.00 3.14 2.92 0.00 0.00 0.00 0.00 0.00 0.00 0.00 0.00 5.99 7.88 0.00 3.29 5.40 5.40 3.21 0.80 1.17 3.14 4.09 0.00 0.00 0.00 0.00 0.00 0.15 0.73 0.51 0.00 0.00 4.16 0.00 2.19 1.17 1.68 2.70 0.00 0.00 0.88 0.88 4.89 10.07 12.70 7.59 2.77 0.37 0.00 0.00 0.00 0.00 0.00 0.00 0.00 0.00 0.00
7.37 6.35 6.94 6.57 5.04 4.89 0.00 5.26 4.23 4.09 3.58 4.74 4.60 5.04 5.04 4.74 5.11 5.62 5.62 5.26 3.94 3.43 0.00 0.00 0.00 0.00 3.50 3.50 0.00 0.00 1.17 0.00 0.00 0.00 3.29 0.00 0.00 0.00 6.20 4.09 0.00 4.96 0.00 0.00 0.00 3.94 4.67 0.00 5.48 0.00 1.97 0.00 1.31 1.75 0.00 0.00 1.90 3.65 2.19 4.89 4.09 2.70 1.10 2.19 1.46 0.00 0.00 1.97 1.97 4.89 6.42 5.48 7.59 4.67 0.88 0.00 0.00 0.00 0.00 0.00 0.00 0.00 0.00 0.00
8.91 7.45 4.82 6.94 8.32 9.05 6.64 5.62 4.82 4.96 4.23 4.82 4.82 4.31 5.62 5.99 5.26 6.35 6.35 7.30 6.42 6.28 7.01 5.33 5.18 5.11 5.91 4.45 0.00 0.00 0.00 0.00 0.00 2.99 5.77 3.36 0.00 0.00 1.83 0.00 0.00 0.00 0.00 0.00 0.00 0.00 4.23 5.55 5.48 5.84 5.91 3.21 0.00 4.45 4.45 3.21 3.14 3.21 2.70 0.00 6.20 5.48 6.35 4.31 4.60 4.53 3.94 3.14 3.14 3.21 3.29 3.43 5.40 4.53 1.17 0.00 0.95 0.00 0.00 0.00 0.00 0.00 0.00 0.00
20.95 16.72 13.87 10.80 8.03 5.33 0.00 4.60 3.87 4.02 4.96 5.55 5.69 5.26 5.04 6.42 5.55 5.99 5.99 6.42 5.33 5.18 6.28 4.96 4.38 0.00 3.29 5.11 0.00 0.00 0.00 0.00 7.96 0.00 0.00 0.00 0.00 0.00 0.00 0.00 0.00 0.00 0.00 0.00 0.00 0.00 0.00 0.00 0.00 5.33 5.26 0.00 0.00 2.92 0.00 0.00 4.53 4.45 4.38 0.00 4.74 4.31 0.00 4.53 0.00 4.60 3.94 3.94 3.94 3.07 2.70 3.07 3.50 3.07 0.73 0.44 2.64 2.26 0.00 0.00 0.00 0.00 0.00 0.00
6.28 8.32 7.66 7.23 6.13 5.18 4.31 0.00 5.55 5.26 5.62 3.43 5.04 5.48 5.40 5.91 6.13 6.13 6.13 5.11 5.69 5.18 5.69 6.64 7.08 1.90 0.00 0.00 0.00 2.56 2.26 0.00 0.00 0.00 0.00 0.00 0.00 7.88 0.00 0.00 1.10 2.19 0.00 0.00 0.00 0.00 0.00 0.00 0.00 0.00 0.00 0.00 0.00 0.00 0.00 0.00 0.00 0.00 0.00 2.70 3.72 4.31 3.94 0.00 0.00 0.00 0.00 0.00 0.00 0.00 0.00 0.37 2.26 1.24 0.51 0.15 1.27 2.68 3.36 0.00 0.00 0.00 0.00 0.00
0.00 0.00 0.00 0.00 4.89 6.13 0.00 5.11 6.28 7.59 7.15 5.99 5.69 5.91 7.23 6.94 5.84 5.11 5.11 5.77 5.55 5.33 7.74 5.62 0.00 4.16 1.46 0.00 0.00 6.64 0.00 0.00 0.00 0.00 0.00 0.00 0.00 0.00 0.00 0.00 2.56 3.07 4.96 4.96 5.48 0.00 0.00 0.29 0.00 0.00 0.00 0.00 0.00 0.00 0.00 0.00 0.00 2.63 3.29 2.34 3.21 4.45 3.72 0.00 0.00 0.00 0.00 0.00 0.00 0.00 0.00 3.72 7.15 7.01 5.04 1.32 1.03 2.14 0.00 0.00 0.00 0.00 0.00 0.00
3.14 3.43 3.07 0.00 4.67 8.98 4.96 5.18 4.82 5.62 5.18 4.60 5.62 7.30 6.79 8.03 8.40 6.42 6.42 3.72 0.00 4.96 4.53 5.18 3.36 0.00 3.14 0.00 0.00 0.00 0.00 0.00 0.00 0.00 3.50 0.00 0.00 0.00 0.00 0.00 2.48 1.53 3.50 3.50 0.00 0.00 0.00 0.00 0.00 0.00 0.00 0.00 0.00 1.46 1.75 0.80 0.00 2.41 3.65 4.67 3.80 3.50 2.34 3.14 0.00 0.00 1.53 2.92 2.92 0.00 0.00 4.31 6.50 7.45 5.55 0.58 0.51 0.00 0.00 0.00 0.00 0.00 0.00 0.00
9.27 9.78 8.98 7.08 4.53 0.00 4.82 5.55 4.96 4.23 4.23 0.00 6.20 6.13 4.38 6.50 7.59 7.37 7.37 0.00 4.45 4.09 0.00 0.00 3.50 3.29 3.21 0.00 0.00 0.00 2.04 0.00 0.00 0.00 3.50 4.02 0.00 0.00 0.00 0.00 0.00 0.00 0.00 0.00 0.00 0.00 3.07 4.53 0.00 0.00 0.00 0.00 0.00 0.29 0.00 0.00 1.46 2.92 2.63 2.99 3.72 4.38 3.58 3.29 1.31 0.15 0.37 3.50 3.50 0.00 0.00 0.00 2.70 4.96 6.64 5.04 2.48 0.00 0.00 0.00 0.00 0.00 0.00 0.00
9.34 6.72 6.57 10.15 7.52 0.00 0.00 4.82 4.82 4.38 3.58 5.04 7.01 6.50 5.99 5.69 0.00 0.00 0.00 5.18 5.40 3.80 0.00 3.58 5.18 6.28 0.00 0.00 3.07 3.50 1.68 0.00 0.00 0.00 0.00 0.00 3.50 0.00 0.00 0.00 0.44 0.00 0.00 0.00 0.00 1.39 0.73 0.00 0.00 0.00 0.00 2.48 1.39 2.26 0.00 0.00 0.00 1.68 0.51 2.04 3.14 3.21 2.77 2.56 1.10 0.80 1.10 1.39 1.39 2.12 1.90 1.75 2.56 1.39 3.50 4.82 2.77 0.00 0.00 0.00 0.00 0.00 0.00 0.00
7.52 5.04 3.94 4.89 4.31 0.00 5.33 5.33 5.77 5.18 3.94 6.64 7.74 5.91 6.28 5.33 6.06 5.40 5.40 4.67 8.03 6.72 6.50 0.00 0.00 5.04 3.43 3.65 3.87 3.14 0.00 5.48 7.23 0.00 2.56 0.00 3.58 4.38 2.41 0.00 0.00 0.00 0.00 0.00 0.00 3.87 0.00 0.00 0.00 0.00 0.00 0.00 0.00 1.61 2.04 2.70 0.00 2.56 1.24 0.95 4.11 2.76 1.58 2.77 2.41 2.56 2.26 1.53 1.53 1.31 1.17 2.48 2.48 2.34 2.77 2.56 3.36 3.94 0.00 0.00 0.00 0.00 0.00 0.00
7.30 6.06 6.94 7.74 6.35 6.20 5.62 7.45 9.49 6.28 5.40 5.91 4.23 4.02 3.80 3.72 4.82 4.89 4.89 0.00 3.43 3.58 5.11 3.07 0.00 3.94 2.48 3.14 5.18 2.41 2.48 3.94 3.21 3.36 0.00 0.00 0.00 3.72 5.11 6.64 5.62 4.02 4.53 4.53 2.92 2.12 2.85 4.67 3.36 2.70 1.31 1.10 0.88 0.15 5.69 17.74 14.97 13.80 14.67 3.29 0.00 1.75 3.05 4.16 2.48 3.43 3.94 3.72 3.72 4.82 6.42 7.81 7.52 4.96 3.43 5.18 5.18 4.67 3.80 0.00 0.00 0.00 0.00 0.00
2.77 4.09 4.16 5.84 7.66 6.28 4.74 5.91 6.64 6.42 6.06 6.64 4.96 5.18 4.60 5.77 6.64 5.69 5.69 2.99 4.23 3.43 3.58 4.45 4.67 5.99 3.80 3.07 3.65 0.00 0.00 0.00 4.67 4.45 3.65 3.43 0.00 4.23 7.45 8.10 7.23 7.96 5.62 5.62 4.09 3.21 4.45 4.31 3.36 1.90 2.34 3.21 1.24 0.07 1.61 6.86 11.24 16.13 17.59 7.74 1.68 0.15 1.17 1.68 1.56 2.77 3.07 4.74 4.74 6.94 9.42 11.02 7.81 4.74 4.60 5.69 5.62 4.31 0.00 0.00 5.99 0.00 0.00 0.00
2.48 0.00 0.00 0.00 0.00 4.67 4.38 3.58 0.00 4.60 5.55 7.30 5.48 5.55 6.42 5.91 7.01 5.91 5.91 5.33 4.74 4.31 2.70 5.40 4.96 4.96 5.18 4.53 5.18 4.89 0.00 5.99 4.45 4.16 5.04 2.92 2.41 2.77 4.45 5.99 5.62 5.48 6.28 6.28 6.42 7.15 6.42 4.67 2.85 2.85 3.07 2.63 1.10 1.10 1.53 0.80 5.04 5.62 8.76 8.54 3.43 0.00 1.02 2.70 3.24 5.64 5.84 4.89 4.89 4.23 3.80 5.55 5.69 5.69 3.72 3.50 0.00 0.00 0.00 0.00 0.00 0.00 0.00 0.00
7.01 5.99 0.00 0.00 0.00 0.00 0.00 1.90 1.24 0.00 4.82 5.26 4.96 7.66 8.40 7.15 6.13 0.00 0.00 5.69 8.03 4.74 5.69 5.48 4.09 4.31 5.04 6.79 5.33 4.89 6.20 6.06 7.08 8.40 7.01 5.55 5.33 6.20 4.67 0.00 4.60 5.55 6.64 6.64 6.35 9.42 12.56 10.95 7.37 5.40 3.21 2.48 0.95 0.00 0.66 0.80 2.70 2.70 4.89 4.57 3.43 4.45 5.74 9.27 8.67 9.03 9.99 8.76 8.76 5.33 1.97 2.41 3.14 3.58 1.53 0.88 1.68 0.00 0.00 0.00 0.00 0.00 0.00 0.00
5.18 4.82 0.00 0.00 0.00 0.00 2.12 0.00 0.00 0.00 0.00 4.23 3.65 2.56 4.23 5.62 6.20 5.18 5.18 5.84 7.74 4.60 6.28 5.69 4.09 5.26 0.00 3.50 3.72 2.48 4.09 6.35 5.69 4.45 6.72 6.42 8.83 6.72 4.89 4.16 4.38 3.43 4.09 4.09 2.85 7.45 7.88 6.94 8.32 7.45 7.01 7.08 7.37 6.06 4.23 9.71 4.74 1.75 2.92 1.75 3.01 3.14 5.97 11.97 15.99 11.75 11.17 12.30 11.91 6.75 2.99 0.00 2.04 3.87 3.07 3.58 0.00 0.00 0.00 0.00 0.00 0.00 0.00 0.00
0.00 0.00 4.82 3.07 0.00 0.00 0.00 0.00 3.50 1.75 0.00 2.63 0.00 0.00 0.00 3.14 0.00 3.14 3.14 3.07 0.00 0.00 0.00 0.00 2.70 5.11 3.43 1.83 2.77 3.14 4.74 5.40 4.02 3.21 4.38 4.67 4.96 5.33 4.31 2.48 1.53 0.00 0.00 0.00 0.00 1.17 1.46 2.48 4.31 5.77 6.57 9.42 14.53 15.26 8.98 11.97 8.83 5.99 4.35 3.54 3.72 4.16 3.72 5.17 10.34 12.66 14.24 14.02 14.09 7.01 3.37 2.56 3.43 4.02 0.00 0.00 2.63 0.00 0.00 0.00 0.00 0.00 0.00 0.00
0.00 0.00 4.89 0.00 0.00 3.65 4.89 5.04 4.96 3.43 0.00 0.00 3.14 2.92 0.00 0.00 0.00 0.00 0.00 2.26 0.00 0.00 0.00 0.00 0.00 0.00 0.00 0.00 0.00 2.99 4.82 5.48 4.23 3.36 0.00 2.41 4.38 5.33 2.56 0.00 0.00 0.00 0.00 0.00 0.00 1.39 1.10 1.83 5.11 4.74 3.80 6.72 11.75 15.77 18.25 15.91 14.24 17.67 6.13 3.22 4.13 0.00 0.00 1.87 6.03 8.81 11.98 11.75 11.75 7.11 6.52 8.87 9.32 4.97 0.00 0.00 0.00 1.70 0.00 0.00 0.00 0.00 0.00 0.00
0.00 0.00 1.53 0.00 0.00 0.95 3.58 3.72 0.00 4.53 0.00 0.00 4.38 2.92 0.00 4.16 0.00 1.39 1.39 2.99 3.21 3.29 0.00 1.61 0.00 0.00 0.00 0.00 0.00 0.00 0.00 0.00 0.00 4.74 4.89 0.00 0.00 0.00 0.00 0.00 0.00 0.00 0.00 0.00 3.43 2.70 1.97 1.17 4.02 10.95 7.08 4.31 7.59 10.80 18.61 21.61 25.46 22.34 18.47 14.89 6.13 4.28 3.71 4.61 10.89 10.63 5.80 5.40 5.40 4.87 6.10 12.10 14.60 9.68 0.00 0.00 0.00 0.00 0.00 0.00 0.00 0.00 0.00 0.00
3.94 2.41 0.00 0.00 2.19 0.00 0.00 0.00 0.00 6.86 0.00 0.00 0.00 0.00 0.00 5.62 3.29 3.87 3.87 3.94 3.87 4.09 0.00 1.83 0.00 0.00 3.58 0.00 0.00 0.00 0.00 0.00 0.00 0.00 0.00 0.00 0.00 0.00 0.00 0.00 2.34 0.00 0.00 0.00 2.26 2.26 3.43 1.75 4.23 10.29 8.76 8.76 11.25 10.84 11.47 20.31 17.76 22.41 23.87 19.27 13.72 9.46 5.30 3.63 7.61 11.78 11.51 5.04 5.06 0.00 0.00 6.57 8.63 11.40 10.12 5.62 3.95 3.18 0.00 0.00 0.00 0.00 0.00 0.00
5.99 4.45 4.45 4.02 4.09 3.07 0.00 0.00 0.00 0.00 0.00 0.00 0.00 0.00 0.00 0.00 0.00 0.00 0.00 2.34 0.00 0.00 0.00 9.05 0.00 4.09 3.58 0.00 3.94 3.72 0.00 0.00 4.60 0.00 4.67 0.00 0.00 0.00 2.56 0.00 0.00 0.00 0.00 0.00 0.00 0.00 4.82 6.50 7.52 10.95 12.26 12.48 11.39 10.55 22.91 22.88 18.47 19.04 16.97 20.28 17.61 10.20 8.05 5.75 5.63 9.58 11.16 3.37 3.37 0.00 0.00 0.00 0.00 5.30 6.60 8.29 6.93 7.90 0.00 0.00 0.00 0.00 0.00 0.00
8.10 7.15 7.88 6.57 5.33 5.55 4.82 1.46 1.02 0.00 0.22 0.00 0.00 0.00 0.00 0.00 0.00 0.00 0.00 0.00 0.00 0.00 0.00 0.00 0.00 0.00 1.61 0.00 0.00 0.00 0.00 0.00 0.00 5.62 3.50 0.00 0.00 0.00 0.00 0.00 0.00 0.00 2.12 2.12 1.02 2.70 6.57 7.88 9.78 14.24 16.72 15.91 13.43 9.90 14.45 10.14 10.33 16.51 20.70 17.89 19.34 13.08 11.06 6.57 3.20 9.98 9.43 4.82 4.74 3.56 0.00 0.00 0.00 0.00 4.60 6.09 5.56 4.28 0.00 0.00 0.00 0.00 0.00 0.00
9.42 5.40 7.08 6.57 7.52 8.91 8.91 7.08 4.09 5.11 0.00 0.00 0.00 0.00 0.00 0.00 0.00 0.00 0.00 0.00 0.00 0.00 0.00 0.00 0.00 0.00 0.00 0.00 0.00 2.77 0.00 0.00 0.00 4.89 5.04 0.00 0.00 0.00 0.00 0.00 5.77 9.86 10.07 10.07 7.88 5.33 5.26 6.42 10.22 14.45 19.12 20.90 23.31 25.03 13.48 15.26 12.26 11.32 14.37 16.51 14.97 19.59 19.95 10.29 3.56 6.90 8.60 0.00 0.00 0.00 0.00 5.00 6.26 0.00 3.15 4.89 4.89 0.00 0.00 0.00 0.00 10.28 6.76 0.00
9.20 5.77 5.18 8.32 11.02 11.61 16.21 18.61 15.77 15.99 10.15 6.64 4.23 0.00 2.04 0.00 0.00 0.00 0.00 0.00 0.00 4.53 3.87 0.00 4.23 6.86 5.18 3.65 3.14 4.74 4.02 0.00 4.02 3.80 4.45 2.92 0.00 8.18 12.92 11.61 10.37 12.26 16.28 16.28 20.51 17.08 12.63 14.89 18.18 19.78 22.05 19.55 14.51 13.67 9.46 8.92 17.32 21.20 22.53 21.28 14.23 7.72 15.54 18.36 13.65 8.88 0.00 0.00 0.00 0.00 0.00 7.41 11.88 12.61 14.60 6.64 2.87 0.00 0.00 3.25 0.00 0.00 0.00 0.00
11.61 11.83 12.85 14.09 14.02 13.80 18.54 23.73 23.29 20.95 11.39 7.88 7.45 5.18 5.18 3.72 0.00 2.56 2.56 0.00 0.00 0.00 0.00 0.00 4.67 4.74 6.42 4.74 3.36 5.84 6.35 9.42 10.73 13.43 11.02 7.37 10.15 13.43 6.57 4.23 7.37 12.12 16.79 16.79 19.42 18.98 18.69 16.50 15.95 19.24 19.12 15.14 13.20 5.58 2.49 3.49 7.96 11.76 15.00 19.12 18.80 14.90 16.13 17.54 9.86 10.73 9.24 0.00 0.00 0.00 0.00 0.00 9.23 9.55 15.45 8.91 0.00 0.00 0.00 0.00 0.00 0.00 7.00 0.00
13.65 13.58 11.32 9.56 10.95 12.85 15.70 21.39 24.60 17.08 8.25 0.00 7.37 9.20 9.42 8.47 7.88 2.77 2.77 0.00 1.68 3.14 3.36 0.00 2.41 2.70 2.92 2.04 2.56 5.40 6.86 9.13 12.34 16.79 16.28 13.94 15.40 7.74 3.72 5.26 4.60 4.89 7.59 7.59 13.36 14.60 14.09 11.21 12.82 14.68 11.73 12.65 17.03 14.44 12.42 3.65 0.99 6.74 8.72 15.03 23.63 26.07 18.18 9.13 2.99 6.11 10.28 3.45 3.83 0.00 0.00 0.00 6.59 19.31 22.99 15.56 9.27 0.00 0.00 0.00 0.00 0.00 0.00 0.00
9.56 10.66 9.71 2.77 3.65 10.29 12.56 15.48 21.46 17.81 6.64 0.00 0.00 8.83 9.56 9.42 4.23 3.87 3.87 2.41 2.85 2.77 4.31 3.87 2.26 1.68 1.75 2.56 4.38 5.18 6.13 8.83 8.61 11.61 14.82 15.18 14.09 11.53 8.54 3.65 3.08 2.92 5.62 5.62 9.05 11.24 10.29 12.55 15.26 13.41 11.92 12.03 12.63 20.15 11.76 9.40 0.00 0.00 4.73 9.02 15.03 24.60 21.50 19.56 13.43 5.72 8.58 8.24 7.94 0.00 0.00 0.00 12.17 20.59 20.18 14.53 13.64 0.00 0.00 0.00 0.00 0.00 3.83 9.27
0.00 0.00 0.00 0.00 3.14 8.18 10.80 13.72 14.45 12.12 5.99 0.00 0.00 0.00 0.00 5.26 4.23 3.36 3.36 0.00 2.70 2.34 0.00 0.00 2.04 3.07 2.70 4.23 5.18 2.99 4.89 9.13 6.50 7.08 9.56 13.36 8.54 12.99 10.80 4.60 5.62 9.42 12.85 12.85 13.65 9.71 14.24 18.32 18.61 18.25 18.16 17.96 8.51 8.85 0.00 10.64 0.00 0.00 0.00 10.40 12.18 14.29 20.04 25.22 20.91 10.01 11.57 13.45 13.52 7.17 0.00 0.00 0.00 11.30 8.78 8.19 12.51 0.00 0.00 0.00 0.00 8.37 6.49 11.03
0.00 0.00 0.00 0.00 0.00 8.83 13.36 15.26 13.94 10.15 7.45 4.38 3.65 0.00 0.00 0.00 0.00 0.00 0.00 0.88 0.00 1.97 0.00 0.00 0.95 2.56 1.83 3.14 1.83 1.53 2.48 3.43 3.30 4.18 6.06 7.30 3.36 4.09 2.34 0.73 4.23 7.45 8.47 8.47 9.17 7.45 14.53 15.33 16.08 15.80 14.96 17.75 0.00 0.00 0.00 0.00 0.00 0.00 0.00 9.39 11.31 13.14 17.34 18.66 22.91 19.69 12.77 13.34 15.61 12.22 5.11 0.00 0.00 0.00 0.00 0.00 5.52 4.74 0.00 0.00 0.00 8.45 10.46 10.17
0.00 0.00 0.00 0.00 0.00 0.00 9.42 12.99 13.94 10.07 8.91 2.63 8.32 7.66 0.00 0.00 4.67 0.00 0.00 1.83 0.00 1.39 2.56 0.00 2.04 3.58 0.73 0.00 0.00 1.02 0.15 0.44 1.90 1.75 2.05 2.34 1.97 0.95 0.00 0.00 0.44 1.83 2.63 2.63 1.68 4.31 6.31 7.60 10.32 10.81 8.78 9.38 0.00 0.00 0.00 0.00 0.00 0.00 0.00 0.00 11.56 10.67 12.86 17.24 17.18 19.99 19.07 10.58 11.85 19.78 13.40 0.00 0.00 0.00 0.00 0.00 3.98 0.00 0.00 0.00 0.00 13.48 0.00 0.00
0.00 0.00 0.00 0.00 0.00 0.00 0.00 12.12 13.72 11.61 9.13 9.05 16.21 16.79 15.26 15.27 12.68 10.88 10.88 7.37 6.06 0.00 0.00 0.00 3.94 5.18 1.97 1.68 2.12 1.75 1.46 0.95 0.00 0.15 1.83 2.77 3.50 0.00 0.00 0.00 0.00 0.15 1.61 1.61 3.29 4.02 0.00 2.40 6.04 11.44 14.52 12.86 0.00 0.00 0.00 0.00 0.00 0.00 0.00 0.00 0.00 15.31 8.48 11.54 16.04 16.86 26.63 12.61 12.88 13.03 15.11 0.00 0.00 0.00 0.00 0.00 8.24 0.00 0.00 0.00 0.00 0.00 8.72 0.00
0.00 0.00 0.00 0.00 0.00 0.00 0.00 0.00 11.39 8.32 5.55 13.65 13.58 16.43 17.08 16.73 17.81 17.02 15.88 11.68 8.18 0.00 0.00 1.61 0.88 2.77 0.00 0.00 0.00 0.00 4.96 4.02 1.75 1.61 2.41 2.34 2.48 0.00 0.00 0.00 2.99 2.41 3.87 3.87 4.45 1.46 1.69 9.35 15.62 19.79 20.70 19.75 0.00 0.00 0.00 0.00 0.00 0.00 0.00 0.00 0.00 15.64 11.68 7.04 13.77 24.51 27.96 20.92 25.57 15.21 11.34 0.00 0.00 0.00 0.00 0.00 11.73 0.00 0.00 0.00 0.00 0.00 0.00 0.00
0.00 0.00 0.00 0.00 0.00 0.00 0.00 0.00 0.00 0.00 0.00 0.00 0.00 0.00 0.00 0.00 4.23 7.11 7.22 17.45 16.72 13.87 14.82 9.27 12.41 8.47 7.23 6.06 0.00 0.00 0.00 2.92 0.00 0.00 7.30 7.96 9.71 9.64 7.52 8.44 11.97 13.13 8.54 8.54 10.07 4.74 1.39 8.80 9.15 0.00 0.00 0.00 0.00 0.00 0.00 0.00 0.00 0.00 0.00 0.00 0.00 0.00 0.00 0.00 0.00 15.78 12.75 14.01 15.67 15.08 0.00 0.00 0.00 0.00 0.00 0.00 0.00 0.00 0.00 0.00 0.00 0.00 0.00 0.00
0.00 0.00 0.00 0.00 0.00 0.00 0.00 0.00 0.00 0.00 0.00 0.00 0.00 0.00 0.00 0.00 0.00 0.00 0.00 7.08 11.62 9.76 13.36 14.75 18.25 11.18 13.85 13.65 13.07 9.93 8.03 9.34 6.72 5.62 7.37 10.59 17.74 18.03 17.30 10.00 13.09 20.92 16.35 18.27 17.30 12.48 11.90 16.62 10.89 0.00 0.00 0.00 0.00 0.00 0.00 0.00 0.00 0.00 0.00 0.00 0.00 0.00 0.00 0.00 0.00 0.00 0.00 0.00 0.00 0.00 0.00 0.00 0.00 0.00 0.00 0.00 0.00 0.00 0.00 0.00 0.00 0.00 0.00 0.00
0.00 0.00 0.00 0.00 0.00 0.00 0.00 0.00 0.00 0.00 0.00 0.00 0.00 0.00 0.00 0.00 0.00 0.00 0.00 0.00 0.00 2.56 7.01 10.07 10.73 5.14 11.69 14.82 17.01 9.64 10.37 15.18 10.15 10.44 6.64 5.37 11.53 13.21 10.59 5.55 4.42 8.98 12.10 15.37 23.50 22.98 16.04 11.41 0.00 0.00 0.00 0.00 0.00 0.00 0.00 0.00 0.00 0.00 0.00 0.00 0.00 0.00 0.00 0.00 0.00 0.00 0.00 0.00 0.00 0.00 0.00 0.00 0.00 0.00 0.00 0.00 0.00 0.00 0.00 0.00 0.00 0.00 0.00 0.00
0.00 0.00 0.00 0.00 0.00 0.00 0.00 0.00 0.00 0.00 0.00 0.00 0.00 0.00 0.00 0.00 0.00 0.00 0.00 0.00 0.00 0.00 0.00 0.00 0.00 0.00 0.00 2.63 7.81 1.02 4.31 0.00 8.32 0.00 0.00 0.00 0.00 0.00 0.00 0.00 0.00 0.00 0.00 0.00 6.28 11.25 4.95 0.00 0.00 0.00 0.00 0.00 0.00 0.00 0.00 0.00 0.00 0.00 0.00 0.00 0.00 0.00 0.00 0.00 0.00 0.00 0.00 0.00 0.00 0.00 0.00 0.00 0.00 0.00 0.00 0.00 0.00 0.00 0.00 0.00 0.00 0.00 0.00 0.00
