Wansh/Snow_depth/snowdepth-1986/winter/1987048.txt
ncols 321
nrows 161
xllcenter 60
yllcenter 15 
cellsize  0.25 
NODATA_value -1
[rows 0 to 36 of 161, columns 83 to 165 of 321]
24.53 25.92 25.70 24.31 22.92 22.27 18.10 12.99 13.94 16.50 19.64 19.71 20.88 20.73 21.53 21.61 21.39 22.85 23.29 23.29 22.19 23.07 20.95 17.16 11.10 7.01 6.50 5.84 6.35 6.20 6.13 8.69 12.41 14.60 15.77 15.77 13.21 13.21 12.26 12.12 12.92 14.02 13.58 11.32 11.32 10.51 9.49 8.25 9.34 11.24 13.21 16.28 16.86 14.24 12.19 14.16 15.55 16.06 15.40 14.75 11.32 8.76 7.66 6.86 6.57 7.74 8.61 9.93 12.05 12.05 13.21 16.79 17.01 19.27 18.10 16.06 16.86 18.76 21.39 22.19 21.24 20.00 17.74
23.36 23.07 22.56 21.17 20.81 19.86 15.84 14.24 14.89 17.16 18.98 18.98 17.52 15.33 13.21 14.24 15.48 17.74 19.20 19.20 19.78 20.08 20.66 20.66 16.06 11.17 8.61 6.13 5.48 5.48 5.18 6.79 10.59 12.48 14.02 8.47 8.25 9.13 8.54 9.78 12.19 17.30 19.78 17.52 17.52 14.89 10.51 9.27 7.59 7.37 8.47 9.64 10.59 10.44 9.93 11.02 11.32 12.05 13.51 14.38 13.29 12.41 11.02 11.17 10.44 10.00 9.78 11.24 13.87 13.87 13.87 14.60 16.13 18.47 20.08 20.44 21.90 22.63 23.21 22.63 21.61 20.88 20.08
20.08 20.59 20.37 18.25 15.77 14.97 15.04 15.91 18.40 21.83 22.19 21.32 20.00 17.89 15.18 12.78 9.13 10.88 14.31 14.31 16.35 18.32 21.10 22.48 20.08 14.09 10.51 8.25 4.96 4.82 6.57 6.28 7.30 11.97 10.15 10.73 10.80 11.39 13.94 15.99 14.67 16.06 16.64 20.00 20.00 23.58 22.85 17.74 11.24 7.52 6.20 6.50 5.62 6.94 8.18 10.59 12.12 14.24 16.43 17.89 16.94 17.30 17.67 17.23 15.48 15.11 14.97 18.10 17.81 17.81 17.16 17.16 15.99 18.03 20.59 22.34 23.87 25.19 25.55 24.31 23.94 25.19 25.04
20.08 20.59 20.37 18.25 15.77 14.97 15.04 15.91 18.40 21.83 22.19 21.32 20.00 17.89 15.18 12.78 9.13 10.88 14.31 14.31 16.35 18.32 21.10 22.48 20.08 14.09 10.51 8.25 4.96 4.82 6.57 6.28 7.30 11.97 10.15 10.73 10.80 11.39 13.94 15.99 14.67 16.06 16.64 20.00 20.00 23.58 22.85 17.74 11.24 7.52 6.20 6.50 5.62 6.94 8.18 10.59 12.12 14.24 16.43 17.89 16.94 17.30 17.67 17.23 15.48 15.11 14.97 18.10 17.81 17.81 17.16 17.16 15.99 18.03 20.59 22.34 23.87 25.19 25.55 24.31 23.94 25.19 25.04
17.37 18.03 16.50 14.24 12.92 16.06 18.69 18.47 19.42 22.05 22.63 20.81 19.86 19.27 18.25 15.70 13.51 10.00 7.88 7.88 7.88 10.44 15.91 20.59 22.63 20.81 14.31 9.05 5.84 4.96 5.91 5.69 5.40 8.54 14.24 18.61 19.35 17.23 17.59 13.87 11.17 8.10 11.02 16.50 16.50 21.61 26.13 26.06 22.27 16.21 11.53 9.13 7.74 5.77 6.79 6.86 7.66 8.69 11.61 13.58 15.55 16.06 16.64 16.43 17.30 21.39 22.27 21.39 21.17 21.17 20.88 18.98 17.67 17.59 18.18 17.37 20.66 24.97 24.53 23.43 23.51 23.51 24.02
17.81 16.72 17.74 17.45 15.99 13.65 11.97 11.02 10.37 13.43 15.48 17.59 20.37 19.27 18.91 19.49 20.08 18.54 14.09 14.09 9.27 7.96 9.27 14.16 18.18 20.15 16.72 11.53 8.32 7.08 5.84 5.55 5.99 9.13 11.02 14.38 13.36 11.39 8.25 7.81 7.08 7.74 10.00 14.60 14.60 17.37 23.07 25.62 24.45 19.93 12.56 8.91 6.57 5.33 6.06 7.37 8.10 8.03 9.13 11.75 14.45 15.55 16.64 19.05 18.61 20.22 21.17 23.14 21.90 21.90 19.71 18.91 19.93 20.59 19.86 17.74 15.40 15.77 16.79 17.37 21.17 22.56 22.41
16.21 15.99 15.55 14.24 13.07 13.87 12.34 12.56 13.14 12.63 11.83 11.97 13.58 15.04 17.45 19.13 20.29 21.24 23.14 23.14 22.78 17.59 10.80 7.52 10.59 14.02 10.44 8.40 7.15 6.28 5.69 7.66 8.25 10.22 10.51 11.46 13.65 11.53 6.64 5.55 6.13 12.48 16.64 18.69 18.69 20.59 22.48 26.94 24.09 16.72 11.32 8.61 7.74 6.72 7.15 9.13 11.61 13.43 15.40 14.60 14.75 17.74 22.41 24.75 23.07 22.70 20.29 21.39 21.61 21.61 21.17 20.81 21.17 21.97 21.61 19.42 16.13 15.62 15.11 12.99 14.60 18.10 21.02
16.21 15.99 15.55 14.24 13.07 13.87 12.34 12.56 13.14 12.63 11.83 11.97 13.58 15.04 17.45 19.13 20.29 21.24 23.14 23.14 22.78 17.59 10.80 7.52 10.59 14.02 10.44 8.40 7.15 6.28 5.69 7.66 8.25 10.22 10.51 11.46 13.65 11.53 6.64 5.55 6.13 12.48 16.64 18.69 18.69 20.59 22.48 26.94 24.09 16.72 11.32 8.61 7.74 6.72 7.15 9.13 11.61 13.43 15.40 14.60 14.75 17.74 22.41 24.75 23.07 22.70 20.29 21.39 21.61 21.61 21.17 20.81 21.17 21.97 21.61 19.42 16.13 15.62 15.11 12.99 14.60 18.10 21.02
13.72 15.33 14.60 15.48 14.31 12.26 12.48 12.19 11.83 11.39 11.17 10.59 10.15 8.47 12.41 16.50 16.13 16.64 20.22 20.22 21.83 22.85 19.42 13.21 9.78 9.05 6.57 7.45 7.08 5.62 8.98 10.51 8.69 9.42 12.56 16.21 17.01 14.75 13.58 10.88 12.12 12.99 16.21 18.03 18.03 18.47 16.35 12.26 11.97 11.90 8.98 8.98 8.40 7.45 7.23 8.47 8.47 10.59 10.44 13.51 16.28 18.10 19.05 20.22 20.22 22.34 23.36 22.41 22.05 22.05 22.12 22.27 21.53 21.17 20.08 19.71 18.32 17.59 16.94 16.21 14.97 14.45 14.97
12.05 13.87 13.87 14.24 13.94 13.36 12.78 10.95 9.05 9.05 8.98 8.69 9.42 9.42 11.53 15.55 18.91 20.22 20.88 20.88 21.75 23.00 21.53 17.08 10.59 8.03 7.74 6.13 6.35 9.93 9.56 8.47 7.81 9.93 15.40 19.27 18.83 15.77 12.99 11.39 10.00 8.76 8.18 7.88 7.88 9.71 9.49 8.91 8.61 9.42 11.17 13.14 15.99 15.84 14.45 12.78 13.36 12.78 12.48 12.56 13.51 14.24 14.24 14.89 16.21 17.08 19.20 18.76 19.64 19.64 19.27 18.61 18.76 18.18 15.33 14.38 16.64 19.93 21.90 19.86 16.72 14.38 13.36
14.24 12.63 11.75 12.05 10.95 9.05 6.94 7.15 6.86 6.50 7.59 8.18 9.05 10.15 11.61 15.04 17.30 17.67 19.93 19.93 21.02 23.14 20.59 10.66 7.45 6.64 5.26 5.91 7.96 8.61 7.66 7.30 6.86 8.18 10.59 12.34 13.87 14.02 11.61 9.64 8.40 10.37 10.51 10.59 10.59 11.10 10.51 11.24 13.29 14.53 13.72 14.75 15.91 16.72 15.70 14.60 14.31 14.75 15.48 14.67 14.53 15.91 16.28 16.35 14.82 18.61 20.37 20.44 26.43 26.43 27.01 20.51 19.35 18.91 18.69 17.59 19.20 21.46 23.00 21.83 18.54 15.04 16.43
14.24 12.63 11.75 12.05 10.95 9.05 6.94 7.15 6.86 6.50 7.59 8.18 9.05 10.15 11.61 15.04 17.30 17.67 19.93 19.93 21.02 23.14 20.59 10.66 7.45 6.64 5.26 5.91 7.96 8.61 7.66 7.30 6.86 8.18 10.59 12.34 13.87 14.02 11.61 9.64 8.40 10.37 10.51 10.59 10.59 11.10 10.51 11.24 13.29 14.53 13.72 14.75 15.91 16.72 15.70 14.60 14.31 14.75 15.48 14.67 14.53 15.91 16.28 16.35 14.82 18.61 20.37 20.44 26.43 26.43 27.01 20.51 19.35 18.91 18.69 17.59 19.20 21.46 23.00 21.83 18.54 15.04 16.43
9.56 9.71 10.07 9.20 7.81 6.35 6.06 5.62 7.23 8.98 12.56 15.62 16.72 17.67 17.96 19.78 20.37 21.53 23.65 23.65 23.29 21.39 16.13 9.34 8.25 9.34 6.13 4.74 7.37 6.86 7.74 7.74 5.84 6.94 10.29 13.07 16.21 16.06 14.02 14.24 15.26 16.21 16.79 14.89 14.89 14.60 13.43 14.45 16.06 18.18 19.71 23.43 23.94 19.93 17.16 16.13 17.16 19.78 23.51 21.24 16.72 17.45 15.70 16.43 17.89 19.13 19.35 19.42 20.88 20.88 23.14 22.63 21.39 19.20 19.13 21.46 23.87 25.11 25.99 22.92 19.86 17.45 16.64
9.71 9.49 8.83 6.06 6.72 7.59 7.74 9.05 10.15 11.61 11.90 12.63 14.09 18.54 20.81 21.53 20.08 21.97 21.68 21.68 18.10 15.62 13.51 11.61 11.61 9.56 6.72 9.13 8.47 8.61 10.66 13.36 15.77 17.37 17.23 19.42 21.90 23.29 22.85 20.08 21.83 21.61 20.00 18.61 18.61 17.96 18.40 21.32 22.41 23.29 22.41 22.12 20.88 20.88 20.51 18.47 18.18 18.98 19.27 17.23 17.74 19.13 16.72 19.78 21.53 21.39 19.64 21.61 21.24 21.24 22.85 25.04 23.58 21.97 20.81 20.00 21.61 21.75 20.08 19.27 18.40 15.84 13.94
10.80 9.71 7.52 6.79 6.50 6.86 7.23 9.20 11.10 13.29 14.82 14.38 14.97 18.54 21.90 23.14 23.29 21.61 19.27 19.27 18.03 17.37 13.87 13.21 12.12 9.86 10.29 12.70 15.48 16.13 15.40 19.35 22.05 21.97 24.02 23.29 22.19 21.97 21.53 20.95 20.81 21.97 24.45 27.16 27.16 27.08 28.11 28.69 28.40 27.96 28.54 27.23 24.02 23.94 25.84 27.81 26.13 20.51 18.76 13.29 12.92 18.47 16.50 15.62 18.69 19.05 19.27 17.59 17.16 17.16 17.67 19.42 18.83 16.13 16.06 16.79 15.55 11.97 6.06 0.00 12.34 21.10 18.91
9.71 8.47 7.45 7.96 10.59 8.10 4.74 7.37 10.29 11.90 12.78 12.85 14.24 15.26 14.82 16.57 17.96 18.25 17.52 17.52 16.86 14.53 13.80 15.55 14.67 14.53 14.75 13.80 15.99 18.83 21.02 23.07 23.87 18.54 16.57 17.01 15.26 14.24 14.89 15.40 19.27 23.07 26.13 25.04 25.04 22.85 22.27 21.90 20.59 22.41 25.77 26.86 22.34 24.38 27.67 30.30 30.81 25.48 19.78 14.53 12.05 9.86 10.59 10.22 11.32 12.92 15.91 17.52 17.67 17.67 17.45 16.21 14.89 13.87 13.65 15.91 17.01 9.56 0.00 0.00 14.89 23.14 20.95
9.71 8.47 7.45 7.96 10.59 8.10 4.74 7.37 10.29 11.90 12.78 12.85 14.24 15.26 14.82 16.57 17.96 18.25 17.52 17.52 16.86 14.53 13.80 15.55 14.67 14.53 14.75 13.80 15.99 18.83 21.02 23.07 23.87 18.54 16.57 17.01 15.26 14.24 14.89 15.40 19.27 23.07 26.13 25.04 25.04 22.85 22.27 21.90 20.59 22.41 25.77 26.86 22.34 24.38 27.67 30.30 30.81 25.48 19.78 14.53 12.05 9.86 10.59 10.22 11.32 12.92 15.91 17.52 17.67 17.67 17.45 16.21 14.89 13.87 13.65 15.91 17.01 9.56 0.00 0.00 14.89 23.14 20.95
10.44 10.66 9.71 11.39 10.95 9.93 8.18 3.58 3.14 4.16 6.94 10.15 12.05 13.51 14.09 9.64 10.22 15.91 16.50 16.50 15.33 15.48 15.26 15.04 14.38 14.60 14.38 13.21 13.58 13.36 15.77 19.49 19.27 17.67 15.40 11.39 8.10 11.32 14.60 17.23 20.15 21.39 22.78 24.09 24.09 23.43 23.51 23.80 24.60 25.04 25.92 25.48 22.27 23.14 22.27 23.65 23.73 20.44 15.26 12.19 11.68 17.16 16.21 13.14 10.95 12.48 15.48 16.28 17.45 17.45 19.20 17.16 13.43 12.12 15.55 17.37 16.43 10.44 0.00 12.34 18.69 18.98 17.16
10.51 10.07 10.95 13.14 13.51 13.72 12.19 8.69 6.28 5.26 6.72 9.42 12.05 17.74 20.00 17.23 17.52 19.56 16.64 16.64 14.09 14.31 13.87 13.94 14.09 16.57 18.91 18.91 18.32 19.78 20.08 21.17 23.36 23.29 21.24 16.79 12.48 11.68 13.43 15.62 18.76 21.75 25.40 28.47 28.47 29.27 29.49 26.65 25.04 26.21 28.84 29.78 29.35 29.20 27.89 27.16 25.55 20.44 16.64 14.16 20.66 21.32 20.08 18.25 16.72 17.16 18.40 18.18 20.73 20.73 21.10 19.27 17.67 16.28 15.91 13.51 10.59 9.56 13.14 16.28 17.01 16.50 17.16
11.61 10.59 9.93 10.88 13.94 15.26 14.60 13.14 9.27 7.15 9.56 12.26 12.05 14.82 15.91 14.89 15.11 17.96 21.17 21.17 21.97 19.64 15.70 12.78 12.34 17.74 19.27 19.20 21.17 20.44 17.96 19.13 22.70 23.00 18.54 16.64 14.02 9.49 7.96 7.37 9.27 14.67 24.24 31.39 31.39 33.51 30.51 24.24 23.43 29.64 36.06 36.14 37.23 36.57 33.22 32.49 32.34 30.15 25.33 22.70 23.07 24.53 27.01 21.68 21.17 21.10 20.88 23.87 24.82 24.82 19.35 13.43 10.22 8.69 11.68 11.97 10.88 14.02 18.54 17.45 16.86 16.43 16.94
9.27 8.83 8.91 9.27 11.53 13.21 13.58 12.12 7.74 6.64 7.66 8.32 8.47 8.32 8.47 8.25 11.53 16.43 17.52 17.52 17.16 18.03 16.35 16.94 16.57 17.59 19.05 17.52 15.04 13.21 11.68 12.78 15.62 19.35 18.25 11.02 8.10 7.88 8.76 8.18 8.76 13.43 18.32 24.53 24.53 31.61 34.53 31.54 34.46 34.97 31.83 34.31 37.52 39.27 36.21 33.29 35.92 33.58 28.11 25.70 23.00 23.36 24.75 24.38 23.73 22.85 22.70 23.07 18.47 18.47 12.26 6.28 4.60 5.62 6.13 8.32 7.88 11.61 13.80 14.09 13.51 13.80 16.35
7.96 8.83 9.78 9.71 8.47 7.81 8.69 8.47 12.85 14.89 14.02 13.80 14.75 15.62 14.09 11.68 12.78 13.94 14.60 14.60 14.67 15.62 16.21 17.67 18.61 20.15 21.97 20.81 17.67 14.82 10.66 8.91 12.19 16.86 18.25 8.25 2.70 0.00 7.45 12.70 16.06 16.57 10.51 12.34 12.34 19.78 22.85 24.31 28.47 29.42 26.79 30.88 37.01 40.59 42.85 41.10 39.49 37.23 28.69 26.43 26.65 25.48 26.35 27.38 26.79 24.24 23.51 23.58 20.37 20.37 11.32 5.84 3.29 4.53 5.33 4.82 4.96 8.98 12.78 11.75 13.65 17.23 18.91
7.96 8.83 9.78 9.71 8.47 7.81 8.69 8.47 12.85 14.89 14.02 13.80 14.75 15.62 14.09 11.68 12.78 13.94 14.60 14.60 14.67 15.62 16.21 17.67 18.61 20.15 21.97 20.81 17.67 14.82 10.66 8.91 12.19 16.86 18.25 8.25 2.70 0.00 7.45 12.70 16.06 16.57 10.51 12.34 12.34 19.78 22.85 24.31 28.47 29.42 26.79 30.88 37.01 40.59 42.85 41.10 39.49 37.23 28.69 26.43 26.65 25.48 26.35 27.38 26.79 24.24 23.51 23.58 20.37 20.37 11.32 5.84 3.29 4.53 5.33 4.82 4.96 8.98 12.78 11.75 13.65 17.23 18.91
8.25 8.32 8.25 7.37 7.88 8.10 8.10 10.80 13.80 14.38 14.97 16.28 17.37 17.37 18.18 18.32 17.74 17.01 15.77 15.77 13.80 17.89 19.20 18.25 19.56 23.29 24.09 23.21 21.24 18.69 14.45 10.73 9.34 10.51 9.78 7.88 4.89 3.50 4.23 6.57 10.22 10.51 7.52 7.08 7.08 10.37 10.22 10.88 13.94 15.48 17.37 20.00 22.34 25.70 28.03 28.84 35.11 22.19 20.44 19.35 23.21 24.97 24.09 27.23 29.20 27.45 25.11 23.00 24.97 24.97 24.75 19.86 13.72 9.71 10.73 10.66 11.02 10.51 9.78 10.44 12.34 14.02 20.88
9.34 7.74 7.74 7.74 9.20 10.51 12.26 15.11 16.06 14.60 14.09 14.45 12.26 12.26 14.38 16.50 18.10 18.54 17.67 17.67 18.69 19.35 22.05 19.42 19.07 19.22 20.00 17.48 16.43 12.85 9.20 8.47 7.52 4.45 5.18 5.77 6.64 5.18 4.45 4.16 4.45 5.26 4.74 3.58 3.58 3.58 3.72 4.82 5.91 7.15 9.42 12.05 14.89 15.55 15.40 16.06 21.17 16.06 15.04 15.77 21.61 21.97 22.05 25.62 28.91 24.38 22.92 21.17 22.85 22.85 25.33 24.16 17.37 15.70 12.34 9.49 8.32 6.94 6.79 8.69 12.85 12.92 12.19
10.29 9.93 10.59 11.17 13.07 14.24 14.53 14.67 14.60 15.26 15.11 14.45 13.87 10.51 11.61 12.12 14.16 16.21 17.23 17.23 19.27 19.64 18.54 16.79 17.92 23.93 19.74 18.50 17.46 17.37 13.58 9.05 8.03 7.30 5.84 4.96 4.67 5.26 6.20 6.13 6.79 7.59 8.03 9.13 9.13 10.44 7.08 5.26 6.50 5.84 6.35 8.98 10.51 13.58 15.99 16.72 13.29 15.40 16.21 15.91 20.08 19.20 16.13 14.97 15.26 17.67 18.91 21.32 19.78 19.78 17.45 16.72 14.97 13.58 10.44 10.07 12.41 11.97 10.29 9.93 9.13 10.22 12.19
15.40 15.33 13.72 11.39 12.12 14.09 14.38 13.72 13.36 14.31 13.43 11.97 10.88 9.05 6.86 6.94 9.05 10.66 11.97 11.97 14.02 15.84 16.23 16.71 19.27 18.53 18.16 19.08 19.47 19.87 18.55 15.77 13.87 12.56 8.76 8.40 7.88 8.03 8.32 6.57 7.66 12.92 14.38 10.95 10.95 7.08 7.96 10.07 9.64 8.03 7.74 11.02 13.43 13.36 13.14 11.90 9.42 10.37 10.80 8.98 14.53 16.64 12.63 11.75 11.02 10.73 17.67 24.02 24.97 24.97 21.39 19.42 19.35 17.30 16.13 15.77 15.70 13.14 9.71 9.49 9.86 13.51 14.24
16.06 15.91 16.21 14.75 13.80 14.53 14.45 13.29 12.99 12.41 7.08 5.18 4.16 4.74 5.18 5.91 6.79 9.71 11.02 11.02 12.15 12.46 13.04 14.45 15.18 15.86 16.50 18.51 19.92 20.20 20.87 19.81 19.78 20.22 17.01 14.97 12.85 10.59 9.56 6.86 4.23 10.29 21.90 18.76 18.76 8.03 6.72 11.02 11.61 7.08 8.91 12.78 10.22 5.62 13.72 12.26 10.22 6.86 4.23 6.42 11.46 14.09 15.62 18.32 18.10 16.35 20.08 25.11 24.31 24.31 21.46 18.76 17.01 13.65 14.89 15.77 13.43 9.71 11.75 15.70 9.20 12.85 13.29
16.06 15.91 16.21 14.75 13.80 14.53 14.45 13.29 12.99 12.41 7.08 5.18 4.16 4.74 5.18 5.91 6.79 9.71 11.02 11.08 12.55 12.65 13.97 14.09 15.57 15.62 16.50 17.96 18.51 18.88 21.19 20.01 20.61 22.72 18.00 15.35 12.85 10.59 9.56 6.86 4.23 10.29 21.90 18.76 18.76 8.03 6.72 11.02 11.61 7.08 8.91 12.78 10.22 5.62 13.72 12.26 10.22 6.86 4.23 6.42 11.46 14.09 15.62 18.32 18.10 16.35 20.08 25.11 24.31 24.31 21.46 18.76 17.01 13.65 14.89 15.77 13.43 9.71 11.75 15.70 9.20 12.85 13.29
14.97 16.64 17.01 16.43 15.99 17.23 18.69 19.27 18.61 15.04 11.39 7.01 4.96 5.84 8.32 10.88 9.20 14.24 14.97 14.97 11.53 8.91 8.69 6.90 8.89 12.35 14.31 15.85 16.58 17.08 19.15 18.66 17.93 21.65 27.07 19.12 15.13 12.54 10.66 10.22 6.86 8.32 20.15 23.00 23.00 12.41 8.61 14.09 18.83 15.48 13.58 14.31 10.44 6.20 5.04 8.54 9.78 9.20 6.86 7.15 9.86 11.90 12.26 16.94 22.05 23.29 20.81 21.39 20.59 20.59 17.16 15.62 14.97 13.36 14.97 17.74 16.94 14.38 15.62 12.99 8.47 10.15 13.36
13.58 13.65 15.04 14.24 12.41 12.99 15.11 18.83 22.70 24.02 22.56 21.02 17.52 15.11 16.43 18.54 21.61 21.90 18.98 18.98 12.62 9.42 5.58 6.64 8.03 10.05 12.08 15.33 19.06 21.45 21.16 18.40 15.84 16.50 20.41 21.61 20.20 16.97 13.06 10.00 9.05 5.99 3.50 7.30 7.30 9.34 9.27 9.42 12.70 18.18 19.93 21.75 18.10 11.53 9.49 9.13 10.07 10.66 9.20 8.25 9.56 12.26 14.53 20.29 26.57 25.04 19.71 17.23 17.30 17.30 14.97 14.09 14.45 14.02 17.67 16.72 13.07 10.37 12.85 12.85 13.72 14.09 12.12
7.74 6.50 7.52 8.54 8.47 7.96 7.30 8.03 12.41 12.34 10.44 12.34 7.74 9.86 10.59 18.25 14.82 14.38 12.78 12.78 8.76 6.13 5.91 5.99 7.52 9.78 12.19 13.58 16.66 21.48 23.05 21.53 20.08 21.75 20.81 22.59 21.37 22.38 16.13 13.36 13.94 11.61 6.42 3.21 3.21 4.31 5.11 5.18 6.28 9.56 17.16 24.45 24.45 10.44 14.82 14.60 12.34 10.73 11.17 9.05 8.10 8.32 12.63 20.66 23.43 20.15 13.72 13.58 13.80 13.80 11.32 9.64 10.29 11.02 11.46 12.85 13.43 14.24 14.53 15.55 20.22 23.65 20.66
9.64 8.91 9.42 10.00 11.17 11.75 11.32 11.90 15.26 15.99 13.80 9.56 9.20 10.15 9.27 11.02 11.75 9.42 9.93 9.93 9.56 7.66 5.77 4.53 6.79 8.83 13.72 14.53 15.70 17.23 18.76 19.56 20.29 21.83 20.88 19.49 21.32 22.53 20.95 18.25 14.53 13.94 9.42 5.33 5.33 4.67 3.87 5.26 9.13 10.07 9.13 15.18 10.59 8.98 9.49 9.93 7.74 4.31 6.35 8.32 7.30 6.13 9.93 13.94 16.35 12.70 11.24 10.37 9.42 9.42 7.88 5.99 6.06 7.23 8.69 10.73 12.78 15.33 17.01 18.25 21.75 23.65 24.45
9.49 10.51 9.86 8.47 8.40 9.34 12.63 16.06 19.56 22.49 25.62 24.16 21.32 17.81 11.90 8.69 8.40 6.28 6.79 6.79 6.72 8.69 9.56 8.03 8.40 11.24 11.61 14.31 15.56 14.24 13.51 13.29 15.40 18.32 19.27 19.86 20.44 20.81 20.81 20.90 17.07 12.62 10.44 8.18 8.18 7.08 6.64 7.30 7.45 6.79 5.62 4.02 10.22 9.64 10.07 11.02 10.29 6.94 6.42 7.74 7.88 6.64 7.30 6.42 6.35 5.62 5.11 5.33 3.43 3.43 2.70 4.67 4.96 5.99 6.79 7.74 10.22 14.02 16.06 12.92 14.53 13.72 18.25
7.52 5.26 10.07 10.73 10.95 11.75 14.24 18.83 18.69 15.50 19.78 23.73 20.88 16.57 8.25 5.40 4.38 3.87 6.13 6.13 7.30 8.91 9.86 9.20 10.80 11.32 12.78 15.18 15.48 15.42 13.92 11.95 10.93 11.29 11.75 13.58 12.70 13.14 15.19 15.91 15.99 12.09 12.92 13.58 13.58 12.19 11.24 10.88 9.34 7.66 6.94 6.64 5.18 4.23 4.60 4.60 6.50 7.23 5.62 8.98 9.27 5.62 2.41 4.82 6.28 6.57 5.04 3.29 0.00 0.00 0.00 0.00 0.00 0.00 1.97 4.38 5.26 5.26 5.26 6.86 11.10 11.32 12.05
7.52 5.26 10.07 10.73 10.95 11.75 14.24 18.83 18.69 15.11 19.78 23.73 20.88 16.57 8.25 5.40 4.38 3.87 6.16 6.13 7.30 8.91 9.86 9.20 10.80 11.32 12.78 15.18 15.48 15.18 13.43 11.53 10.88 10.95 11.75 13.65 12.77 13.14 15.11 16.07 15.99 11.97 12.92 13.58 13.58 12.19 11.24 10.88 9.34 7.66 6.94 6.64 5.18 4.23 4.60 4.60 6.50 7.23 5.62 8.98 9.27 5.62 2.41 4.82 6.28 6.57 5.04 3.29 0.00 0.00 0.00 0.00 0.00 0.00 1.97 4.38 5.26 5.26 5.26 6.86 11.10 11.32 12.05
3.50 2.26 6.72 6.35 7.23 17.59 22.63 22.92 23.94 19.71 16.13 13.65 12.70 8.10 7.15 0.00 2.85 0.00 3.36 3.36 4.45 5.69 7.81 8.91 10.59 12.70 15.33 17.67 16.79 17.16 16.57 11.10 11.97 10.15 8.83 8.69 9.20 8.40 8.98 8.80 9.34 9.86 9.56 11.24 11.24 13.72 12.92 12.63 15.62 13.43 8.25 6.13 0.00 0.00 1.90 0.00 0.00 3.14 3.94 7.59 10.66 8.76 4.67 0.00 4.23 2.63 1.75 1.97 2.12 2.12 0.00 0.00 0.00 0.00 0.00 1.46 1.17 2.04 4.60 4.23 7.74 10.73 9.42
