Wansh/Snow_depth/snowdepth-1986/winter/1987026.txt
ncols 321
nrows 161
xllcenter 60
yllcenter 15 
cellsize  0.25 
NODATA_value -1
[rows 37 to 73 of 161, columns 83 to 165 of 321]
10.00 8.10 7.96 5.77 6.06 11.02 15.11 8.54 11.86 10.88 8.83 7.52 6.13 4.60 4.96 4.45 2.92 2.19 0.00 0.00 2.48 0.00 0.00 4.74 5.55 7.15 9.93 11.02 12.19 13.43 11.97 7.37 9.71 9.86 8.40 7.66 6.72 5.77 5.91 7.52 7.66 6.72 6.86 7.08 7.08 8.76 10.29 11.97 13.94 14.53 12.85 8.40 5.99 3.36 0.00 3.58 0.00 7.01 7.08 7.52 7.81 7.88 6.28 4.60 0.00 0.00 0.00 0.00 1.24 1.24 0.00 0.00 0.00 0.00 0.00 3.21 2.77 3.87 5.91 6.57 7.15 7.45 7.74
17.08 15.18 11.75 7.59 5.55 8.69 8.54 8.91 13.07 10.44 10.07 8.69 9.56 4.53 3.50 0.00 0.00 0.00 0.00 0.00 0.00 0.00 0.00 3.94 6.35 7.30 7.81 8.47 10.22 12.41 11.46 10.80 11.24 11.24 10.00 8.40 7.08 7.45 7.59 9.34 8.83 8.69 6.64 6.42 6.42 7.74 10.07 11.17 12.12 13.07 13.58 12.85 10.29 6.06 2.99 2.48 2.85 4.82 7.23 8.10 5.33 4.82 6.06 0.00 0.00 0.00 0.00 0.00 0.00 0.00 0.00 0.00 0.00 0.00 0.00 0.00 0.00 0.00 0.00 0.00 1.61 0.00 0.00
23.29 24.31 20.73 20.40 14.16 11.72 12.56 10.22 9.42 12.19 12.41 12.92 13.14 9.64 6.35 4.96 5.40 6.64 6.35 6.35 4.67 2.48 3.58 4.45 5.91 7.30 9.05 10.51 10.88 9.71 9.71 10.22 11.53 11.39 11.17 8.03 8.47 9.20 11.24 9.42 7.23 6.79 7.45 7.01 7.01 8.91 9.49 9.93 10.44 10.80 10.95 10.15 9.86 7.08 5.04 4.09 2.56 0.00 0.07 2.63 0.00 0.00 2.19 0.00 0.00 4.82 4.82 0.00 0.00 0.00 0.00 0.00 0.00 0.00 0.00 0.00 0.00 0.00 0.00 0.00 0.00 0.00 0.00
19.05 23.00 28.69 29.71 27.23 25.04 18.54 12.19 10.44 13.87 16.50 17.39 14.89 10.44 9.05 8.98 8.83 8.32 7.52 7.52 6.42 4.82 0.00 5.11 7.08 9.42 10.95 11.17 11.02 9.86 10.29 10.66 11.68 11.24 9.42 9.34 7.66 6.64 6.72 6.13 4.74 0.00 3.14 4.74 4.74 4.96 4.67 5.84 6.35 6.35 6.64 6.57 5.77 4.38 2.99 0.00 0.00 0.00 0.00 0.00 0.00 0.00 0.00 0.00 0.00 0.00 0.00 2.92 0.00 0.00 0.00 0.00 0.00 0.00 0.00 0.00 0.00 0.00 0.00 0.00 0.00 0.00 0.00
18.76 13.78 16.59 18.19 21.83 20.88 14.31 9.71 6.79 8.54 10.59 10.12 9.39 10.71 11.53 12.76 11.15 9.27 8.58 8.63 7.52 6.06 4.82 4.53 5.55 8.18 9.56 10.15 12.99 12.85 12.85 11.90 14.89 17.01 11.61 10.73 8.61 6.35 5.04 5.33 5.91 4.31 0.00 3.87 3.87 0.00 0.00 3.07 3.43 4.89 5.26 4.89 4.53 4.23 3.94 2.92 2.63 2.04 0.00 1.61 0.00 0.00 0.00 0.00 0.00 0.00 0.00 0.00 0.00 0.00 0.00 0.00 2.12 1.90 0.00 0.00 0.00 0.00 2.63 0.00 0.00 0.00 2.92
18.01 15.99 13.85 11.06 11.65 11.02 10.66 11.68 14.67 14.53 12.07 12.68 13.87 15.33 18.32 19.71 19.22 17.45 14.75 14.60 13.94 12.68 9.02 7.59 6.86 8.54 11.32 14.60 15.70 15.55 14.67 14.45 13.43 11.90 12.99 13.29 10.88 9.27 6.64 5.91 6.06 5.26 4.67 3.36 3.36 4.45 3.94 2.34 2.26 3.80 5.55 5.04 3.58 3.50 2.19 3.14 3.72 3.72 3.94 0.00 3.14 3.07 0.00 0.00 0.00 0.00 0.00 0.00 0.00 0.00 0.00 0.00 2.41 0.00 1.39 0.00 0.00 2.26 0.00 0.00 0.00 0.00 0.00
15.26 15.56 16.20 12.17 12.63 11.58 8.93 11.41 12.92 14.45 10.67 7.15 12.78 19.44 18.87 18.19 19.35 20.22 20.88 21.64 19.56 18.32 17.99 16.80 16.29 13.50 12.91 16.29 16.86 16.13 15.79 15.34 13.94 12.26 13.29 12.47 10.95 13.29 13.29 9.93 7.30 6.94 6.20 5.91 5.91 4.31 4.31 4.16 2.77 2.48 4.31 5.33 4.45 3.29 2.99 3.50 3.21 0.00 3.36 4.16 0.00 2.85 0.00 2.19 3.36 0.00 2.85 0.00 0.00 0.00 0.00 0.00 0.00 0.00 0.00 1.90 0.00 2.63 0.00 0.00 1.02 0.00 0.00
11.89 14.09 13.72 12.78 11.96 11.77 12.24 12.66 14.37 19.24 18.47 14.60 13.65 12.56 10.95 9.63 10.03 12.87 16.82 16.56 16.43 18.98 18.98 20.51 20.51 17.30 14.23 15.99 14.16 10.41 10.09 11.28 13.57 14.82 15.99 15.92 15.18 13.72 11.97 8.98 6.86 6.72 6.72 7.66 7.66 7.88 7.08 5.33 3.29 4.60 6.64 6.64 5.69 3.87 3.21 2.77 0.00 0.00 0.00 2.92 3.07 2.34 3.36 4.31 0.00 0.00 0.00 0.00 0.00 0.00 0.00 0.00 0.00 0.00 0.00 2.41 2.04 0.00 0.00 0.00 0.00 0.00 0.00
13.65 13.80 14.75 12.47 9.13 6.64 9.36 13.13 14.67 16.57 18.54 23.80 25.66 22.41 18.69 14.97 11.83 11.02 11.50 11.99 10.61 13.51 12.57 10.85 9.48 11.32 10.00 9.27 5.91 7.22 11.67 11.10 14.07 13.46 14.37 15.04 12.85 10.27 7.22 7.41 5.55 6.42 7.66 7.15 7.15 6.57 6.42 4.67 5.18 9.20 12.11 10.42 7.92 5.18 3.65 3.58 2.77 3.14 2.12 1.17 1.68 0.00 0.00 0.00 0.00 2.48 0.00 0.00 0.00 0.00 0.00 0.00 0.00 0.00 0.00 1.31 0.00 0.00 0.00 3.87 1.02 0.00 0.00
13.79 14.22 15.77 12.99 9.31 6.68 9.32 12.99 14.67 16.57 18.54 23.80 25.66 22.41 18.69 14.97 11.83 11.02 11.39 11.39 10.29 12.63 11.75 10.13 9.84 12.17 10.70 9.71 6.00 6.94 11.61 11.10 13.51 12.92 13.94 15.52 13.38 10.32 7.04 7.49 5.58 6.42 7.66 7.15 7.15 6.57 6.46 4.72 5.29 9.29 12.35 10.47 7.92 5.21 3.65 3.58 2.77 3.14 2.12 1.17 1.68 0.00 0.00 0.00 0.00 2.48 0.00 0.00 0.00 0.00 0.00 0.00 0.00 0.00 0.00 1.31 0.00 0.00 0.00 3.87 1.02 0.00 0.00
13.33 13.93 13.35 11.74 10.93 9.86 8.82 11.19 13.33 16.35 14.91 18.09 20.07 25.51 32.21 27.61 21.64 16.35 11.97 11.97 11.17 15.40 11.17 7.81 7.26 11.17 10.18 6.75 4.38 5.77 6.50 7.66 7.59 6.94 7.59 9.34 8.32 5.91 3.58 2.77 0.00 0.00 0.00 4.16 4.16 3.94 2.70 2.92 3.65 7.88 11.75 12.46 12.41 8.15 4.38 3.50 4.31 4.31 3.36 3.07 0.00 3.07 2.70 0.00 0.00 0.00 0.00 0.00 2.70 2.70 0.00 0.00 0.00 2.19 2.12 0.00 0.00 0.00 0.00 0.00 0.00 0.00 0.00
17.16 15.70 16.21 17.01 14.67 12.80 14.60 14.68 15.89 15.74 18.25 19.17 18.83 19.93 23.43 23.29 19.20 15.18 13.21 13.21 12.99 15.91 17.23 16.57 15.84 13.43 7.08 5.18 4.53 3.87 2.70 3.65 0.00 0.00 0.00 0.00 0.00 4.09 4.09 0.00 5.69 4.09 0.00 0.00 0.00 0.00 3.94 0.00 3.14 3.50 6.09 7.70 8.61 7.41 6.79 4.55 4.79 0.00 1.75 2.34 0.00 4.67 4.96 0.80 0.00 2.48 0.00 0.00 3.94 3.94 4.82 3.65 2.41 3.21 0.00 0.00 0.00 0.00 0.00 0.00 0.00 0.00 0.00
16.55 16.03 18.52 18.44 16.34 17.34 21.00 23.17 29.20 25.04 19.20 17.23 19.35 21.61 24.38 25.19 18.10 12.92 12.99 12.99 14.89 11.39 10.66 16.15 16.94 12.05 7.30 3.96 4.77 4.38 0.00 0.00 0.00 0.00 0.00 0.00 0.00 0.00 0.00 3.07 4.96 4.31 3.43 0.00 0.00 0.00 0.00 0.00 0.00 0.00 0.00 5.66 5.69 7.01 7.45 5.77 3.87 3.50 3.50 4.16 0.00 0.00 3.43 0.00 2.77 2.34 3.21 3.65 4.02 4.02 3.36 2.41 1.90 1.97 2.77 0.00 0.00 0.00 0.00 0.00 1.17 0.00 0.00
18.66 20.40 21.90 23.73 19.05 15.65 14.82 15.41 22.42 23.33 20.44 18.91 19.86 22.93 25.55 26.21 23.42 19.08 15.33 15.33 10.00 3.36 3.01 9.86 12.18 11.21 6.50 6.02 4.23 4.53 0.00 0.00 0.00 0.00 0.00 0.00 0.00 0.00 0.00 3.72 3.65 0.00 0.00 1.90 1.90 2.41 2.63 0.00 0.00 0.00 0.00 0.00 5.04 6.50 9.49 8.76 7.52 6.86 7.30 6.50 4.09 4.53 3.58 0.00 0.00 2.04 0.00 2.56 0.00 0.00 3.65 3.07 2.63 3.65 2.12 2.34 2.26 2.34 2.56 2.19 2.41 2.92 2.92
21.24 23.36 22.52 21.35 14.89 11.52 10.05 7.92 9.27 7.66 12.26 13.56 14.99 18.05 17.89 13.93 7.30 5.55 4.67 4.67 4.67 4.09 0.00 6.09 8.83 9.42 8.61 13.51 12.19 6.72 3.50 5.62 4.67 0.00 0.00 0.00 1.39 5.84 6.50 7.45 8.03 5.33 2.70 1.90 1.90 2.92 2.12 0.00 0.00 0.00 3.87 4.96 4.89 5.69 6.86 6.35 5.48 4.74 6.42 6.50 6.79 8.10 5.26 0.00 0.00 2.92 3.36 3.50 0.00 0.00 0.00 1.75 0.00 0.00 0.00 0.44 1.31 3.58 4.23 3.58 2.04 1.96 2.95
13.29 19.86 17.09 12.57 9.49 8.32 8.83 7.81 5.62 5.33 7.45 11.02 7.37 4.31 3.87 3.58 2.41 1.39 3.07 3.07 5.04 5.18 0.00 1.02 0.00 5.04 8.03 12.56 13.51 8.25 4.67 5.40 5.77 6.20 7.45 4.38 4.96 7.88 6.86 6.35 6.72 4.96 5.11 4.45 4.45 4.45 4.16 4.31 0.00 0.00 3.14 4.31 5.11 4.96 4.74 4.96 5.48 0.00 5.99 6.64 6.79 6.72 4.82 4.02 2.77 1.61 3.07 3.43 3.21 3.21 3.65 3.50 0.00 0.00 0.00 0.00 0.58 0.80 0.00 0.00 0.00 0.00 0.00
16.98 15.12 10.66 7.66 4.96 4.45 4.67 4.38 4.38 5.40 6.20 7.96 7.23 4.53 3.21 2.79 2.63 3.50 5.48 5.48 4.89 4.82 4.53 1.61 0.00 0.00 7.23 10.59 7.81 7.30 6.35 5.04 3.14 3.80 5.26 3.94 4.38 7.81 7.52 7.15 6.28 4.45 5.62 5.33 5.33 4.67 4.60 4.16 2.92 0.00 2.99 3.29 4.89 5.62 5.48 6.13 5.11 5.18 5.33 6.28 6.13 5.04 4.09 3.94 3.87 0.00 0.00 0.00 0.00 0.00 2.85 3.65 1.90 2.48 0.00 1.90 0.88 0.66 1.02 0.00 0.00 0.00 0.00
7.70 7.15 4.45 0.00 0.00 0.00 0.00 0.00 0.73 0.00 0.00 0.00 0.00 0.00 0.00 0.00 2.99 5.69 7.74 7.78 6.16 3.87 5.18 5.40 0.00 0.00 4.67 8.18 0.00 3.14 5.84 8.25 5.48 4.74 7.23 3.87 4.67 5.40 4.82 4.16 3.36 3.94 4.96 4.31 4.31 3.50 3.94 4.02 3.43 2.77 2.77 3.43 4.31 5.55 5.69 5.40 4.67 5.40 0.00 0.00 4.23 0.00 0.00 3.65 4.09 0.00 0.00 0.00 0.00 0.00 0.00 0.00 0.00 0.00 3.72 3.65 0.00 2.63 0.00 3.27 2.18 0.00 0.00
2.42 0.00 0.00 0.00 0.00 0.00 0.00 0.00 0.00 0.00 0.00 0.00 0.00 0.00 0.00 0.00 0.00 0.00 0.00 0.00 0.00 0.00 0.00 0.00 4.55 0.00 0.00 2.04 0.00 0.00 4.23 6.13 4.74 2.99 4.60 4.53 3.94 3.14 2.70 0.00 0.00 0.00 2.99 0.00 0.00 2.41 3.65 4.31 3.65 0.00 0.00 0.00 0.00 3.36 4.16 3.94 4.60 4.53 0.00 0.00 0.00 1.83 0.00 0.00 0.00 0.00 3.14 2.56 0.95 0.95 0.44 1.17 0.00 0.00 0.00 2.19 2.26 0.00 0.00 1.69 2.99 0.00 0.00
0.00 3.14 1.53 0.00 0.00 0.00 0.00 0.00 0.00 0.00 0.00 0.00 0.00 0.00 0.00 0.00 0.00 0.00 0.00 0.00 0.00 0.00 0.00 0.00 0.00 0.00 0.00 0.00 0.00 2.77 4.09 4.53 3.43 2.48 4.60 5.99 5.91 3.80 0.00 0.00 0.00 0.00 3.80 0.00 0.00 0.00 2.48 3.58 2.56 0.00 0.00 0.00 2.19 3.58 4.89 4.38 3.87 3.94 5.11 5.62 4.31 3.94 2.56 0.00 5.40 3.80 0.00 0.00 0.00 0.00 0.00 0.00 0.00 0.00 1.24 0.00 0.00 0.95 1.17 2.85 3.07 0.00 0.00
0.00 0.00 0.00 0.00 0.00 0.00 0.00 0.00 0.00 0.00 0.00 0.00 0.00 0.00 0.00 0.00 0.00 0.00 0.00 0.00 0.00 0.00 0.00 0.00 0.00 0.00 0.00 0.00 0.00 0.00 2.12 2.34 0.00 2.99 1.31 0.00 0.00 0.00 0.00 0.00 0.00 2.77 2.99 0.00 0.00 3.80 3.58 3.07 1.97 0.00 2.99 2.99 2.12 2.77 3.58 3.65 2.48 0.00 3.29 3.94 5.40 4.60 3.50 4.53 4.96 3.65 2.92 2.41 0.00 0.00 0.00 0.00 0.00 0.00 0.00 0.00 0.00 1.17 1.10 1.02 1.10 0.00 0.00
0.00 0.00 0.00 0.00 0.00 0.00 0.00 0.00 0.00 0.00 0.00 0.00 0.00 0.00 0.00 0.00 0.00 0.00 0.00 0.00 0.00 0.00 0.00 0.00 0.00 0.00 0.00 0.00 0.00 0.00 0.00 0.00 0.00 0.00 0.00 0.00 0.00 0.00 0.00 0.00 0.00 2.70 2.34 1.75 1.75 2.19 0.00 0.00 0.00 0.00 1.61 1.68 2.34 0.00 1.17 0.00 0.00 3.58 3.29 0.00 4.23 0.00 0.00 0.00 0.00 0.00 2.04 2.63 0.00 0.00 0.00 0.00 0.00 0.58 0.00 1.53 0.44 0.00 0.00 0.00 0.00 0.00 0.00
0.00 0.00 0.00 0.00 0.00 0.00 0.00 0.00 0.00 0.00 0.00 0.00 0.00 0.00 0.00 0.00 0.00 0.00 0.00 0.00 0.00 0.00 0.00 0.00 0.00 0.00 0.00 0.00 0.00 0.00 0.00 0.00 0.00 0.00 0.00 0.00 0.00 0.00 0.00 0.00 0.00 0.00 0.00 0.00 0.00 0.00 0.00 0.00 0.00 0.00 0.00 0.66 0.00 0.95 2.70 0.00 0.00 0.00 0.00 0.00 0.00 0.00 0.00 0.00 0.00 0.00 0.00 0.00 0.00 0.00 0.00 0.00 0.00 0.00 0.00 0.00 0.00 0.00 0.00 0.00 0.00 0.00 0.00
0.00 0.00 0.00 0.00 0.00 0.00 0.00 0.00 0.00 0.00 0.00 0.00 0.00 0.00 0.00 0.00 0.00 0.00 0.00 0.00 0.00 0.00 0.00 0.00 0.00 0.00 0.00 0.00 0.00 0.00 0.00 0.00 0.00 0.00 0.00 0.00 0.00 0.00 0.00 0.00 0.00 0.00 0.00 0.00 0.00 0.00 0.00 0.00 0.00 0.00 0.00 0.00 0.00 2.20 1.83 0.00 0.00 0.00 6.72 0.00 3.36 0.00 0.00 0.00 0.00 0.00 2.04 0.00 0.00 0.00 0.00 0.00 0.00 0.00 0.00 0.00 0.00 0.00 0.00 0.00 0.00 0.00 0.00
0.00 0.00 0.00 0.00 0.00 0.00 0.00 0.00 0.00 0.00 0.00 0.00 0.00 0.00 0.00 0.00 0.00 0.00 0.00 0.00 0.00 0.00 0.00 0.00 0.00 0.00 0.00 0.00 0.00 0.00 0.00 0.00 0.00 0.00 0.00 0.00 0.00 0.00 0.00 0.00 0.00 0.00 0.00 0.00 0.00 0.00 0.00 0.00 0.00 0.00 0.00 0.00 0.00 0.00 0.00 0.00 0.00 0.00 2.77 0.00 0.00 0.00 0.00 0.95 1.24 3.94 0.00 0.00 0.00 0.00 0.00 0.00 0.00 0.00 0.00 0.00 0.00 0.00 0.00 0.00 0.00 0.00 0.00
0.00 0.00 0.00 0.00 0.00 0.00 0.00 0.00 0.00 0.00 0.00 0.00 0.00 0.00 0.00 0.00 0.00 0.00 0.00 0.00 0.00 0.00 0.00 0.00 0.00 0.00 0.00 0.00 0.00 0.00 0.00 0.00 0.00 0.00 0.00 0.00 0.00 0.00 0.00 0.00 0.00 0.00 0.00 0.00 0.00 0.00 0.00 1.31 0.00 0.00 0.00 0.00 0.00 0.00 0.00 0.00 0.00 3.43 9.13 7.37 0.00 4.53 6.28 3.65 4.96 9.71 7.88 4.89 2.41 2.41 0.88 1.17 0.00 0.00 0.00 0.00 0.00 0.00 0.00 0.00 0.00 0.00 0.00
0.00 0.00 0.00 0.00 0.00 0.00 0.00 0.00 0.00 0.00 0.00 0.00 0.00 0.00 0.00 0.00 0.00 0.00 0.00 0.00 0.00 0.00 0.00 0.00 0.00 0.00 0.00 0.00 0.00 0.00 0.00 0.00 0.00 0.00 3.29 0.00 0.00 0.00 0.00 0.00 0.00 0.00 0.00 0.00 0.00 0.00 1.83 0.00 0.00 0.00 1.24 2.92 2.12 1.61 3.21 3.21 6.64 7.74 7.81 5.84 7.88 7.74 9.78 7.96 6.13 11.68 13.72 5.77 4.45 4.45 5.48 5.84 3.07 0.73 0.00 0.00 0.00 0.00 0.00 0.00 0.22 0.00 0.00
0.00 0.00 0.00 0.00 0.00 0.00 0.00 0.00 0.00 0.00 0.00 0.00 0.00 0.00 0.00 0.00 0.00 0.00 0.00 0.00 0.00 0.00 0.00 0.00 0.00 0.00 0.00 0.00 0.00 0.00 0.00 0.00 0.00 0.00 0.00 0.00 0.00 0.00 0.00 0.00 0.00 0.00 0.00 0.00 0.00 0.00 0.00 0.00 0.00 1.61 3.94 6.42 5.33 0.00 4.82 6.28 6.42 7.45 11.53 9.42 4.89 0.00 4.45 6.50 8.25 8.91 9.78 6.64 3.21 3.21 4.16 4.89 5.18 4.60 3.36 1.97 1.68 0.00 0.00 0.00 0.00 0.00 0.00
0.00 0.00 0.00 0.00 0.00 0.00 0.00 0.00 0.00 0.00 0.00 0.00 0.00 0.00 0.00 0.00 0.00 0.00 0.00 0.00 0.00 0.00 0.00 0.00 0.00 0.00 0.00 0.00 0.00 0.00 2.12 0.73 0.00 0.00 0.00 3.65 3.50 0.00 5.48 7.66 9.42 5.91 4.38 4.16 4.16 3.14 0.00 1.90 0.66 0.00 0.00 4.89 3.72 2.12 3.43 0.00 0.00 0.00 7.37 10.88 10.51 6.35 3.72 4.09 14.24 10.59 6.42 6.13 3.72 3.72 2.56 3.14 3.72 5.11 5.48 5.30 6.08 3.69 2.12 0.00 0.00 0.00 0.00
0.00 0.00 0.00 0.00 0.00 0.00 0.00 0.00 0.00 0.00 0.00 0.00 0.00 0.00 0.00 0.00 0.00 0.00 0.00 0.00 0.00 0.00 0.00 0.00 0.00 0.00 0.00 0.00 0.00 0.66 2.48 3.07 2.19 2.34 0.00 6.64 6.64 0.00 0.00 4.67 4.31 0.00 0.00 1.39 1.39 0.44 0.00 0.00 0.00 0.00 0.00 0.00 4.23 3.58 3.14 0.00 0.00 0.00 7.08 10.37 9.71 8.03 6.20 5.91 8.10 8.40 6.28 7.52 5.26 5.26 3.94 5.77 6.64 5.99 6.79 7.37 7.86 7.11 6.96 3.24 0.00 1.75 2.02
0.00 0.00 0.00 0.00 0.00 0.00 0.00 0.00 0.00 0.00 0.00 0.00 0.00 0.00 0.00 0.00 0.00 0.00 0.00 0.00 0.00 0.00 0.00 0.00 0.00 0.00 0.00 0.00 0.07 1.39 0.15 3.72 4.96 6.42 5.91 0.00 2.48 2.48 0.00 0.00 0.00 0.00 0.00 0.00 0.00 0.88 0.00 0.00 0.00 0.00 0.00 0.00 0.00 0.00 0.22 3.65 0.00 5.40 7.15 10.07 11.10 9.71 8.10 6.20 4.96 4.53 0.00 0.00 9.42 9.42 5.77 8.76 11.90 9.05 8.47 10.00 8.83 8.04 11.52 12.34 7.45 2.99 1.46
0.00 0.00 0.00 0.00 0.00 0.00 0.00 0.00 0.00 0.00 0.00 0.00 0.00 0.00 0.00 0.00 0.00 0.00 0.00 0.00 0.00 0.00 0.00 0.00 0.00 0.00 4.31 1.83 2.56 2.99 0.00 0.00 0.00 0.00 0.00 0.00 0.00 0.00 0.00 0.00 0.00 0.00 0.00 0.00 0.00 0.00 0.00 0.00 0.00 0.00 0.00 0.00 0.00 0.00 0.00 4.89 4.23 3.94 5.55 6.57 8.91 8.61 9.64 5.62 4.89 6.20 7.81 5.26 5.84 5.84 6.64 9.20 8.61 7.88 7.23 9.49 6.50 5.99 9.05 10.07 11.46 10.22 4.74
0.00 0.00 0.00 0.00 0.00 0.00 0.00 0.00 0.00 0.00 0.00 0.00 0.00 0.00 0.00 0.00 0.00 0.00 0.00 0.00 0.00 0.00 0.00 1.68 5.26 5.40 4.23 0.00 3.21 0.00 0.00 0.00 0.00 0.00 0.00 0.00 0.00 0.00 0.00 0.00 0.00 0.00 5.55 3.87 3.87 0.00 0.00 1.83 2.41 0.00 0.00 0.00 0.00 0.00 0.00 0.00 0.00 2.34 3.43 4.31 3.14 4.23 6.72 7.66 5.04 4.82 5.33 5.11 7.96 7.96 5.77 3.36 4.82 5.11 3.80 5.77 4.60 4.67 6.28 7.08 9.56 9.56 9.78
0.00 0.00 0.00 0.00 0.00 0.00 0.00 0.00 0.00 0.00 0.00 0.00 0.00 0.00 2.99 0.00 0.00 0.00 0.00 0.00 0.00 0.00 0.00 1.83 3.07 2.34 2.34 0.00 4.82 7.52 6.35 5.33 4.23 0.00 11.53 6.13 1.02 3.65 4.96 4.38 0.00 0.00 0.00 0.00 0.00 0.00 0.00 0.00 3.14 3.50 0.00 0.00 0.00 0.00 0.00 0.00 0.00 2.12 4.38 0.00 1.75 0.00 3.87 0.00 0.00 4.89 4.45 5.91 8.69 8.69 6.79 2.63 2.26 1.83 0.66 1.17 0.00 0.00 1.31 3.72 6.35 3.87 4.45
0.00 0.00 0.00 0.00 0.00 0.00 0.00 0.00 0.00 0.00 0.00 0.00 0.00 0.00 0.00 0.00 0.00 0.00 0.00 0.00 0.00 6.06 6.50 3.80 2.77 4.16 4.23 6.06 5.91 7.59 6.57 5.62 0.00 0.00 0.00 0.00 0.00 0.00 0.00 6.42 6.72 5.62 3.43 0.00 0.00 0.00 0.00 0.00 0.00 0.00 0.00 0.00 0.00 0.00 0.00 0.00 0.00 0.00 0.00 0.00 0.00 0.00 3.80 0.00 0.00 0.00 2.77 0.00 5.11 5.11 5.48 4.96 2.63 1.39 0.22 0.00 0.00 0.00 0.00 0.29 4.09 4.02 4.67
0.00 0.00 0.00 0.00 0.00 0.00 0.00 0.00 0.00 0.00 0.00 0.00 0.00 0.00 0.00 0.00 0.00 0.00 0.00 0.00 0.88 8.40 7.74 0.00 0.00 0.00 0.00 0.00 4.67 0.00 0.00 5.18 4.53 2.56 0.00 3.50 4.31 0.00 0.00 0.00 0.00 3.36 3.29 0.00 0.00 0.00 0.00 0.00 0.00 0.00 0.00 0.00 0.00 0.00 1.97 0.00 0.00 0.00 0.00 0.00 0.00 0.00 0.00 5.48 0.00 0.00 0.00 0.00 0.00 0.00 4.60 5.26 3.52 1.75 0.00 0.00 0.00 0.00 0.00 0.00 0.00 0.80 2.56
3.50 0.00 0.00 0.00 0.00 0.00 0.00 0.00 0.00 0.00 0.00 0.00 0.00 0.00 0.00 3.72 6.42 6.20 4.60 4.60 4.67 0.00 0.00 0.00 4.09 3.14 0.00 0.00 0.00 3.21 0.00 0.00 4.67 4.53 4.16 3.43 0.00 0.00 0.00 0.00 0.00 1.83 2.34 3.07 3.07 0.00 0.00 0.00 0.00 0.00 0.00 1.31 1.24 0.00 0.00 3.50 0.00 0.00 0.00 0.00 0.00 0.00 0.00 0.00 0.00 0.00 0.00 0.00 0.00 0.00 0.00 4.45 3.72 0.00 0.00 0.00 0.00 0.00 0.00 0.00 0.00 1.61 3.30
