Wansh/Snow_depth/snowdepth-1986/winter/1987019.txt
ncols 321
nrows 161
xllcenter 60
yllcenter 15 
cellsize  0.25 
NODATA_value -1
[rows 74 to 110 of 161, columns 83 to 165 of 321]
0.00 0.00 0.00 0.00 0.00 0.00 0.00 0.00 0.00 0.00 0.00 0.00 0.00 2.48 5.18 6.94 7.81 6.06 0.00 0.00 0.00 0.00 0.00 0.00 0.00 0.00 5.33 3.43 2.92 2.48 0.00 2.19 0.00 0.00 5.55 0.00 0.00 1.90 0.00 0.00 7.52 3.80 0.44 1.39 1.39 0.00 0.00 0.00 0.00 0.00 0.00 0.00 0.00 0.00 0.00 2.38 0.00 3.80 0.00 0.00 0.00 0.00 0.00 0.00 0.00 0.00 0.00 0.00 0.00 0.00 3.08 2.93 3.87 0.00 0.00 0.00 0.00 0.00 0.00 0.00 0.00 3.94 3.89
0.00 0.00 0.00 0.00 0.00 6.57 7.81 3.50 5.48 4.89 5.55 4.67 5.33 4.60 4.45 4.67 0.00 3.43 3.58 3.58 4.23 2.99 2.48 2.85 0.00 0.00 8.76 5.11 3.29 4.38 0.00 0.00 3.07 0.00 0.00 0.00 4.96 5.33 3.36 0.00 6.86 4.96 0.00 3.87 3.87 0.88 0.58 0.51 1.31 1.61 0.15 0.00 0.00 0.00 2.41 0.00 0.00 0.00 0.00 2.99 3.36 2.41 0.00 0.00 0.00 0.00 0.00 0.00 4.09 4.09 5.06 7.66 6.50 0.00 0.00 0.00 0.00 0.00 0.00 0.00 3.21 4.16 4.96
0.00 1.75 0.00 0.88 3.43 6.42 7.08 6.06 0.00 0.00 6.35 5.69 4.16 5.04 5.77 6.06 4.82 3.43 4.53 4.53 5.69 4.82 5.11 3.87 4.60 0.00 0.00 0.00 0.00 2.85 0.00 0.00 0.00 0.00 0.00 0.00 0.00 6.28 5.26 7.96 9.86 4.31 5.04 6.06 6.06 4.82 1.10 0.00 5.33 6.06 3.14 3.43 2.56 1.97 2.56 1.39 0.22 2.26 1.24 0.44 0.44 0.88 0.58 0.44 0.37 1.39 0.00 0.00 3.14 3.14 5.77 10.37 10.73 6.20 2.56 0.00 0.00 0.00 0.00 0.00 4.09 2.85 1.92
6.64 8.83 6.42 4.89 4.09 4.16 5.26 0.00 0.00 0.00 6.86 5.84 4.89 5.62 6.94 6.42 6.06 4.60 3.29 3.29 0.00 0.00 2.63 0.00 0.00 3.50 4.45 2.19 2.48 0.00 0.00 0.00 0.00 0.00 0.00 5.11 4.74 6.20 6.06 7.59 5.11 3.36 5.55 6.50 6.50 5.04 4.23 5.91 6.64 7.37 4.31 3.72 0.00 0.44 1.39 0.29 0.15 2.48 4.16 4.67 0.00 2.92 2.19 2.63 2.04 0.00 0.00 0.80 2.63 2.63 3.50 4.74 8.83 6.35 3.50 0.37 0.00 0.00 0.00 0.00 0.00 0.73 1.47
11.68 14.09 7.59 7.37 7.52 10.37 9.42 0.00 4.82 4.82 0.00 0.00 4.74 5.77 5.99 5.11 4.60 3.87 6.72 6.72 7.23 5.18 4.38 3.94 4.16 3.65 3.29 3.94 0.00 0.00 0.00 0.00 0.00 0.00 4.60 6.64 4.38 0.00 0.00 2.41 0.00 0.00 4.02 0.00 0.00 0.00 0.00 0.00 0.00 4.67 6.06 6.28 3.72 5.33 7.96 4.23 0.00 3.72 0.00 2.48 2.19 5.18 5.91 0.00 0.00 0.00 0.00 3.50 3.58 3.58 2.99 0.00 0.00 5.48 4.74 0.73 0.00 0.00 2.32 3.21 0.00 3.36 5.06
22.12 20.88 20.44 13.51 11.97 7.74 5.84 0.00 0.00 0.00 5.26 0.00 5.55 6.50 5.84 4.60 3.80 0.00 0.00 0.00 5.69 5.99 4.74 5.33 4.23 3.14 0.00 0.00 0.00 0.00 0.00 0.00 0.00 0.00 0.00 3.58 0.00 0.00 0.00 0.00 0.00 2.70 0.00 0.00 0.00 0.00 0.00 0.00 0.00 0.00 5.33 4.38 0.00 0.00 0.00 0.00 0.00 0.00 0.00 3.58 5.48 5.69 5.55 4.45 4.45 2.19 0.00 1.17 2.63 2.63 5.04 0.00 0.00 5.77 4.74 0.00 0.07 0.22 2.77 1.83 1.31 2.85 5.40
6.64 6.42 8.03 7.37 7.37 5.77 4.74 4.60 5.91 7.37 6.94 7.59 6.57 0.00 4.67 3.58 3.29 4.23 4.02 4.02 0.00 0.00 0.00 2.70 6.94 4.45 0.00 0.00 0.00 0.00 3.29 4.23 0.00 0.00 0.00 0.00 0.00 4.89 0.00 0.00 0.00 3.29 3.80 0.00 0.00 0.00 0.00 0.00 0.00 0.00 0.00 0.00 0.00 0.00 0.00 0.00 0.00 0.00 4.89 0.00 3.43 3.72 0.00 0.00 0.00 0.00 0.00 0.00 2.26 2.26 3.14 2.70 2.70 3.65 2.77 1.97 1.03 1.20 1.22 0.00 1.24 1.75 3.43
0.00 2.63 1.90 3.14 0.00 5.99 5.55 4.31 5.91 6.42 7.23 8.47 8.03 5.84 4.60 0.00 4.67 0.00 0.00 0.00 0.00 0.00 0.00 4.89 3.36 4.02 0.00 0.00 0.00 0.00 3.07 0.00 0.00 0.00 3.72 4.31 0.00 0.00 0.00 0.00 4.02 4.23 3.80 0.00 0.00 4.31 0.00 0.00 0.00 0.00 4.67 0.00 2.77 0.00 0.00 0.00 4.16 4.89 0.00 0.00 2.77 2.56 3.07 0.00 0.00 0.00 0.00 0.00 0.00 0.00 2.41 1.10 2.26 5.40 9.64 5.84 3.01 1.70 0.00 2.42 2.40 2.57 2.48
7.15 4.60 5.04 0.00 0.00 5.99 8.76 6.64 7.81 5.55 3.14 4.53 5.33 6.42 5.11 5.77 8.83 10.07 6.57 6.57 3.21 2.34 0.00 3.87 3.07 0.00 0.00 0.00 0.00 2.41 0.00 0.00 0.00 0.00 0.00 4.16 0.00 0.00 0.00 0.00 0.00 3.80 0.00 0.00 0.00 2.12 0.00 0.00 0.00 0.00 0.00 0.00 0.00 0.00 0.00 3.80 0.00 4.23 0.00 3.14 3.29 3.21 2.70 0.58 0.51 2.19 0.00 0.00 2.70 2.70 0.00 1.02 3.14 7.08 9.13 6.86 1.02 1.75 2.26 2.26 2.13 2.26 1.53
15.18 11.90 10.29 9.56 8.69 5.99 4.16 5.11 7.45 6.64 4.45 3.80 0.00 6.72 6.13 8.61 8.40 9.93 8.91 8.91 6.28 4.67 3.07 3.58 0.00 4.02 2.77 3.21 0.00 0.00 0.00 0.00 0.00 0.00 0.00 4.23 0.00 0.00 0.00 0.00 0.00 0.00 0.00 0.00 0.00 0.00 0.00 2.77 0.00 3.65 0.00 0.00 0.80 0.00 1.61 2.85 2.41 0.80 1.31 3.94 4.60 4.96 3.50 2.41 3.80 2.63 0.00 0.07 2.63 2.63 2.34 2.70 2.77 4.74 6.64 7.23 4.89 4.38 2.70 3.29 3.72 3.29 2.19
10.66 9.93 6.94 8.69 14.97 9.34 3.50 0.00 0.00 5.26 5.33 4.53 6.72 7.08 0.00 6.64 4.31 0.00 0.00 0.00 5.33 5.69 5.84 4.82 5.11 6.57 0.00 0.00 3.29 3.36 0.00 0.00 0.00 0.00 0.00 2.85 3.80 0.00 0.00 0.00 0.00 0.00 0.00 0.00 0.00 0.00 0.00 0.00 0.00 0.00 4.53 4.96 4.89 4.38 3.58 0.00 0.00 2.12 2.77 2.85 3.87 3.72 3.21 2.77 3.07 2.12 1.31 0.37 1.83 1.83 2.63 2.26 1.90 2.85 2.12 4.74 5.40 5.69 5.11 4.09 3.50 5.26 5.18
8.40 7.88 5.84 5.33 0.00 6.64 0.00 4.89 5.33 6.28 6.50 6.13 7.66 6.72 6.57 0.00 0.00 0.00 0.00 0.00 8.47 6.72 6.35 5.11 0.00 0.00 4.09 3.58 3.14 0.00 5.33 0.00 6.64 8.54 2.56 0.73 0.00 0.00 0.00 0.00 0.00 2.26 0.00 0.00 0.00 2.92 0.00 0.00 0.00 0.00 0.00 0.00 0.00 3.07 2.41 3.72 1.10 0.00 4.16 2.12 2.41 4.48 3.20 1.35 1.61 1.90 3.65 2.63 1.90 1.90 2.99 0.80 2.26 2.41 0.73 2.19 0.00 5.48 6.64 4.31 3.58 2.70 4.60
8.54 10.15 8.98 8.91 8.61 8.76 8.03 4.45 5.04 8.61 7.23 5.91 6.28 0.00 5.33 0.00 4.38 6.28 6.64 6.64 5.69 5.55 5.99 6.50 4.60 4.02 0.00 4.02 4.02 4.45 3.50 0.00 5.18 3.80 2.70 2.34 0.00 0.00 0.00 5.84 10.66 7.30 4.38 2.92 2.92 2.19 1.39 3.72 3.72 4.31 4.31 1.17 1.46 1.68 0.73 10.59 21.02 24.82 15.70 15.84 6.86 3.50 3.87 6.41 7.01 4.16 4.02 3.29 4.53 4.53 4.02 4.67 7.74 7.15 5.33 3.29 3.87 4.31 6.13 6.42 5.84 0.00 0.00
0.00 4.74 5.18 4.53 6.13 7.66 7.45 6.06 4.16 7.30 8.40 8.83 7.74 7.23 7.30 6.79 5.91 6.50 5.99 5.99 5.77 6.35 0.00 5.04 4.38 0.00 4.60 3.58 0.00 3.36 0.00 0.00 0.00 0.00 3.50 0.00 0.00 0.00 0.00 6.64 10.73 9.42 8.10 6.42 6.42 5.11 3.14 3.29 2.04 2.04 2.34 4.09 4.60 2.85 0.58 5.26 11.24 11.61 15.26 16.57 10.88 4.82 3.87 2.63 2.41 1.56 0.00 1.68 2.34 2.34 2.26 6.42 10.66 7.74 6.35 5.40 3.58 2.99 5.62 0.00 0.00 0.00 0.00
4.67 0.00 0.00 0.00 0.00 5.69 6.28 5.91 5.33 5.33 5.91 6.57 8.83 8.54 8.03 8.03 6.42 5.99 5.91 5.91 6.06 6.64 5.91 4.67 3.80 4.67 4.38 2.70 2.70 4.09 0.00 5.11 0.00 0.00 3.65 0.00 0.00 0.00 2.85 4.74 8.40 6.06 6.28 5.18 5.18 10.07 10.66 5.84 3.65 1.68 1.10 1.02 2.77 1.02 1.10 2.41 3.29 6.06 9.78 11.02 8.47 4.16 2.41 1.90 1.02 2.73 5.02 3.87 2.12 2.12 1.68 3.65 6.72 7.15 8.47 4.82 3.87 4.96 7.45 0.00 0.00 0.00 0.00
9.78 7.37 0.00 0.00 0.00 0.00 0.00 4.67 0.00 0.00 0.00 4.38 6.42 7.23 7.59 7.08 6.64 5.48 5.77 5.77 5.55 6.13 6.13 5.62 5.62 0.00 0.00 4.02 0.00 5.33 4.38 4.23 5.91 6.57 6.28 7.23 6.50 11.02 9.05 4.60 4.89 6.57 7.30 7.08 7.08 8.54 14.45 17.30 14.02 8.47 5.40 1.90 1.46 0.29 0.95 2.48 2.99 3.29 5.04 6.82 6.49 3.43 3.29 6.78 7.59 8.23 10.01 10.45 6.50 6.50 4.67 2.48 4.09 5.62 4.31 4.02 4.60 5.04 0.00 0.00 0.00 0.00 0.00
5.91 6.06 0.00 3.65 2.34 0.00 0.00 0.00 0.00 4.60 2.48 2.85 0.00 5.77 4.45 4.45 6.20 6.28 6.13 6.13 5.84 5.55 6.50 6.13 6.13 5.69 3.65 0.00 0.00 2.99 3.21 4.09 5.69 5.55 5.33 5.33 6.72 11.02 10.66 5.33 5.26 7.15 6.28 3.43 3.43 3.94 12.19 13.72 13.36 13.58 11.61 11.32 8.83 9.56 6.42 4.16 7.45 4.67 1.90 2.26 2.63 0.30 0.00 6.93 15.77 18.18 13.43 10.61 14.04 13.60 9.39 4.53 4.89 5.04 5.33 0.00 0.00 0.00 0.00 0.00 0.00 0.00 0.00
5.18 4.02 3.72 4.89 3.87 0.00 2.85 0.00 0.00 4.02 3.43 0.00 0.00 4.82 3.43 0.00 3.94 4.23 0.00 0.00 0.00 3.65 3.80 4.96 2.85 3.50 5.62 4.53 0.00 5.77 4.82 4.60 5.40 5.11 4.02 6.64 6.64 5.91 6.57 4.31 0.00 0.00 2.77 3.87 3.87 0.66 2.99 4.38 4.60 7.23 7.59 8.91 11.24 18.47 18.18 15.11 13.87 11.02 4.82 3.47 2.58 1.02 3.14 4.10 6.16 14.45 17.58 16.72 15.84 15.92 12.29 6.02 7.81 7.15 7.66 7.41 6.20 0.00 5.69 0.00 0.00 0.00 0.00
2.92 2.92 2.63 3.36 0.00 0.00 3.29 2.34 4.74 5.26 0.00 0.00 0.00 5.11 4.67 0.00 0.00 0.00 4.31 4.31 5.11 3.07 0.00 0.00 0.00 0.00 0.00 0.00 2.85 3.80 2.77 3.87 3.94 4.16 5.26 5.40 4.96 4.09 2.99 1.31 0.00 0.00 0.00 2.85 2.85 3.87 1.24 0.00 3.07 7.01 7.88 4.82 7.96 16.21 21.02 25.04 17.08 15.62 13.29 6.72 3.74 4.13 5.58 3.94 4.45 10.44 13.97 19.24 16.43 16.43 8.64 8.62 15.52 11.59 6.89 6.53 0.00 0.00 0.00 0.00 0.00 0.00 0.00
0.00 1.53 0.00 0.00 0.00 0.00 0.00 3.50 0.00 0.00 4.45 0.00 0.00 4.74 0.00 4.23 5.33 4.09 1.31 1.31 3.87 5.48 6.13 0.00 0.00 0.00 0.00 0.00 0.00 0.00 0.00 0.00 0.00 0.00 0.00 4.31 0.00 0.00 0.00 1.39 0.00 0.00 0.00 5.77 5.77 8.32 5.40 4.53 3.43 6.50 11.75 8.69 7.30 13.43 18.03 19.05 19.71 22.76 22.48 15.48 7.37 3.87 4.28 4.75 8.68 15.75 15.57 9.61 7.45 7.45 6.42 10.61 13.62 17.71 11.45 5.11 7.12 5.11 0.00 0.00 0.00 0.00 0.00
4.60 2.34 3.43 2.99 2.63 0.00 0.00 0.00 0.00 0.00 8.98 0.00 0.00 0.00 0.00 3.50 5.11 4.60 0.00 0.00 4.31 3.80 2.99 0.00 0.00 0.00 2.26 3.72 0.00 0.00 0.00 0.00 0.00 0.00 3.43 2.99 0.00 0.00 0.00 2.77 0.00 7.23 0.00 3.14 3.14 2.99 3.65 7.74 4.96 7.30 14.89 12.26 12.12 13.11 12.42 14.83 18.53 17.08 19.20 18.47 17.23 12.70 8.58 6.53 8.87 13.19 16.86 10.51 4.02 4.04 5.20 5.58 7.79 6.94 11.07 13.29 11.83 6.26 0.00 0.00 0.00 0.00 0.00
6.86 5.55 5.99 4.96 4.31 2.99 2.48 3.14 0.00 0.00 3.43 0.00 0.00 0.00 0.00 0.00 0.00 0.00 3.29 3.29 2.48 0.00 2.26 10.80 9.05 0.00 7.66 6.42 5.18 6.06 6.13 0.00 0.00 1.97 2.70 3.07 0.00 0.00 0.00 0.00 0.00 0.00 0.00 2.77 2.77 2.48 3.72 7.52 8.10 10.80 14.45 14.45 14.60 12.26 12.31 14.76 20.77 20.73 20.57 17.79 20.35 17.02 13.87 12.71 8.85 7.78 11.82 12.80 3.96 3.96 7.45 5.54 3.65 0.00 7.26 7.56 9.83 9.53 9.25 0.00 0.00 0.00 0.00
11.68 9.93 7.37 7.37 6.28 4.67 5.40 4.60 3.07 0.00 0.00 0.00 0.00 0.00 0.00 0.00 0.00 0.00 0.00 0.00 0.00 0.00 0.00 11.10 7.81 0.00 5.91 4.60 0.88 3.72 0.00 0.00 0.00 0.00 5.33 4.96 2.77 0.00 0.00 0.00 0.00 0.00 3.72 1.61 1.61 2.19 5.04 10.22 9.78 11.32 17.67 19.42 18.54 14.38 9.10 15.27 16.06 13.85 18.88 22.22 21.66 20.12 18.17 13.25 6.72 6.64 13.12 10.49 3.93 3.87 5.85 6.08 7.66 8.52 7.10 4.31 7.19 7.49 0.00 0.00 0.00 0.00 0.00
11.61 8.10 5.91 7.37 7.23 6.42 8.76 10.15 8.03 4.96 6.50 0.00 0.00 0.00 0.00 0.00 0.00 0.00 0.00 0.00 0.00 0.00 0.00 0.00 0.00 0.00 0.00 2.12 2.04 0.00 0.00 3.50 0.00 3.58 4.02 3.87 0.00 0.00 0.00 0.00 0.00 12.26 14.24 10.80 10.80 11.90 11.68 11.10 8.69 13.21 17.07 21.37 21.12 21.56 25.99 19.17 19.15 18.47 17.08 17.16 19.57 18.78 25.90 24.69 14.38 5.41 6.98 8.82 5.19 5.06 3.21 5.99 7.79 9.09 9.71 4.55 5.69 4.05 0.00 0.00 0.00 0.00 12.40
8.03 5.99 5.33 4.67 7.59 10.07 9.56 12.56 12.41 11.24 10.73 6.72 7.08 4.53 0.00 0.00 0.00 0.00 0.00 0.00 0.00 0.00 10.37 4.67 2.70 0.00 0.00 3.14 4.16 4.45 5.40 5.40 5.04 6.50 9.05 4.82 0.07 2.85 8.61 14.16 13.36 15.11 16.72 19.56 19.56 22.92 18.32 15.70 18.54 20.00 22.56 22.58 23.91 22.42 12.91 11.20 13.27 20.58 22.68 24.61 24.80 19.74 12.10 18.05 21.67 14.16 11.37 6.84 2.62 2.58 4.53 8.69 8.40 16.47 18.11 15.72 9.34 6.13 5.44 7.68 6.82 0.00 0.00
9.49 10.51 10.07 9.93 15.48 14.16 10.44 11.17 13.58 14.82 13.07 10.00 8.83 7.59 5.40 5.26 5.69 2.70 3.72 3.72 3.80 0.00 9.64 0.00 0.00 3.94 6.13 4.89 6.20 5.55 7.15 9.86 14.24 14.53 18.40 15.33 8.61 14.45 14.09 7.23 8.98 10.51 15.33 17.52 17.52 22.78 22.92 22.05 19.20 15.65 18.63 21.22 19.42 9.86 8.10 5.43 7.72 13.36 14.28 19.15 24.60 23.01 18.16 16.74 16.18 10.66 11.83 10.20 2.55 2.51 3.43 7.30 7.74 11.43 16.40 18.95 12.05 8.26 5.32 0.00 0.00 0.00 0.00
6.42 12.05 11.46 8.76 9.49 12.19 15.18 11.97 13.51 13.80 11.75 10.29 7.37 8.03 7.88 8.54 8.03 5.11 4.60 4.60 2.77 1.31 0.00 0.00 3.21 2.19 2.04 2.92 5.62 5.99 7.45 9.64 12.05 16.13 20.51 17.81 15.48 17.23 8.76 4.16 8.03 7.88 7.45 8.98 8.98 12.70 14.16 14.31 12.09 12.17 14.04 13.76 15.72 17.12 13.40 9.31 5.57 7.75 10.39 10.28 19.84 25.43 26.74 18.40 7.88 2.56 7.37 12.07 5.06 5.63 2.09 3.87 9.50 7.39 21.04 26.95 19.02 8.98 4.82 0.00 0.00 0.00 0.00
3.72 7.45 9.05 10.15 2.04 3.65 11.83 13.14 12.99 13.58 11.75 7.81 6.28 8.40 9.49 13.07 4.45 2.19 2.92 2.92 0.00 0.00 0.00 4.31 2.99 3.21 2.19 0.37 1.90 5.55 8.03 8.91 10.51 11.90 16.06 17.45 17.81 17.08 15.84 10.73 7.08 5.50 6.13 5.55 5.55 10.15 14.38 11.68 14.23 17.59 13.41 10.71 10.01 13.71 16.74 11.76 10.31 4.98 6.68 8.46 13.62 19.75 26.70 21.13 19.35 11.24 3.63 10.19 9.97 9.61 4.23 3.30 9.45 11.61 19.59 16.66 14.97 16.68 5.89 6.95 6.45 5.74 4.50
0.00 0.00 0.00 0.00 0.00 2.92 7.88 9.05 8.61 10.22 9.34 7.01 5.84 6.20 5.84 0.00 4.23 3.21 2.99 2.99 3.80 0.00 0.00 0.00 1.10 3.36 3.07 1.75 4.60 6.42 4.67 9.56 10.88 10.37 13.07 14.82 15.40 13.43 17.01 14.75 6.42 7.37 11.02 13.51 13.51 15.40 11.39 16.79 19.35 19.56 17.01 17.42 17.73 14.52 10.91 11.21 12.67 10.33 2.12 12.11 14.69 12.94 17.07 22.60 27.33 24.50 9.18 10.83 14.35 14.43 9.22 5.17 3.15 7.75 11.30 12.53 9.42 11.77 8.88 7.59 9.71 8.94 10.14
0.00 0.00 0.00 0.00 0.00 0.00 9.78 13.36 11.75 10.59 8.40 8.32 7.01 5.55 0.00 0.00 0.00 0.00 0.00 0.00 0.00 0.00 0.00 0.00 0.00 0.51 1.24 1.68 1.53 4.89 4.67 5.04 5.77 4.62 5.50 11.46 11.53 4.74 7.45 4.60 3.14 7.59 10.22 9.64 9.64 10.93 9.20 18.64 18.25 18.38 19.49 21.04 16.61 13.76 10.54 10.49 11.98 0.00 0.00 10.51 14.51 13.26 17.43 22.34 21.15 22.99 19.01 13.80 16.33 19.10 16.90 8.21 3.79 5.05 2.64 1.72 6.01 9.25 5.69 5.05 6.86 10.34 13.22
0.00 0.00 0.00 0.00 0.00 0.00 7.59 9.71 11.24 12.85 8.98 10.51 7.45 8.10 6.79 0.00 0.00 0.00 0.00 0.00 2.99 3.80 0.00 2.26 0.00 0.58 0.80 1.17 0.00 1.39 1.68 0.29 1.31 1.46 1.90 1.76 1.39 1.61 1.17 1.68 0.66 1.75 3.72 2.85 2.85 3.65 5.04 6.60 6.54 14.18 11.21 9.41 8.76 0.00 0.00 0.00 0.00 0.00 0.00 0.00 12.44 17.75 14.34 19.10 23.93 18.55 23.81 24.27 12.14 13.59 18.37 11.18 8.76 5.10 1.59 1.59 5.33 8.54 4.02 2.62 5.06 9.79 13.86
0.00 0.00 0.00 0.00 0.00 0.00 0.00 0.00 9.20 11.10 11.32 11.97 10.37 13.80 12.92 7.66 6.60 5.16 10.22 10.22 6.79 5.69 0.00 0.00 0.00 0.00 3.43 2.41 1.17 0.95 0.22 0.00 0.44 0.00 0.73 0.00 0.00 3.80 0.00 0.00 0.00 0.15 1.02 2.48 2.48 4.67 4.82 2.70 3.82 6.65 11.03 9.95 0.00 0.00 0.00 0.00 0.00 0.00 0.00 0.00 0.00 17.21 15.91 10.40 17.16 21.08 20.06 27.25 13.68 13.98 14.78 10.14 14.43 7.21 4.81 6.18 9.46 10.05 5.23 5.02 0.00 0.00 0.00
0.00 0.00 0.00 0.00 0.00 0.00 0.00 0.00 0.00 12.34 11.39 7.66 14.75 19.64 9.71 9.27 9.83 8.03 10.81 10.08 8.91 7.45 0.00 0.00 0.00 1.24 0.00 0.00 2.85 4.96 0.00 0.00 0.00 0.00 0.00 3.43 1.53 0.00 0.00 0.00 2.41 2.85 2.12 2.41 2.41 3.29 2.77 5.50 12.82 18.61 23.44 16.00 0.00 0.00 0.00 0.00 0.00 0.00 0.00 0.00 0.00 0.00 13.35 11.95 7.82 17.45 19.29 22.40 21.24 25.96 12.27 9.77 14.15 9.19 7.51 8.19 14.60 16.59 8.24 4.11 0.00 0.00 0.00
0.00 0.00 0.00 0.00 0.00 0.00 0.00 0.00 0.00 0.00 0.00 0.00 0.00 0.00 0.00 0.00 0.00 0.58 5.50 5.59 9.86 11.97 9.64 10.51 10.44 7.45 6.28 7.37 0.00 0.00 0.00 0.00 0.00 0.00 0.00 5.55 8.25 7.81 8.61 9.20 9.83 12.49 12.46 9.27 9.27 7.37 4.16 3.43 10.20 10.40 11.51 0.00 0.00 0.00 0.00 0.00 0.00 0.00 0.00 0.00 0.00 0.00 0.00 0.00 0.00 0.00 24.94 0.00 0.00 0.00 0.00 11.53 12.83 10.26 0.00 0.00 0.00 0.00 0.00 0.00 0.00 0.00 0.00
0.00 0.00 0.00 0.00 0.00 0.00 0.00 0.00 0.00 0.00 0.00 0.00 0.00 0.00 0.00 0.00 0.00 0.00 0.00 0.00 0.00 6.05 9.46 13.65 13.14 14.97 7.30 10.63 11.53 11.83 7.08 6.35 7.96 7.08 6.72 7.59 11.90 13.58 18.03 15.18 9.71 13.34 21.00 15.55 17.37 15.77 11.97 11.46 16.32 8.98 10.51 0.00 0.00 0.00 0.00 0.00 0.00 0.00 0.00 0.00 0.00 0.00 0.00 0.00 0.00 0.00 23.60 0.00 0.00 0.00 0.00 0.00 0.00 0.00 0.00 0.00 0.00 0.00 0.00 0.00 0.00 0.00 0.00
0.00 0.00 0.00 0.00 0.00 0.00 0.00 0.00 0.00 0.00 0.00 0.00 0.00 0.00 0.00 0.00 0.00 0.00 0.00 0.00 0.00 0.00 4.89 8.76 10.95 13.36 5.28 10.73 12.56 15.40 10.73 11.97 13.29 10.52 11.10 3.65 4.92 10.73 13.94 10.95 5.77 6.49 9.49 12.03 15.27 19.61 20.06 13.88 6.99 0.00 0.00 0.00 0.00 0.00 0.00 0.00 0.00 0.00 0.00 0.00 0.00 0.00 0.00 0.00 0.00 0.00 0.00 0.00 0.00 0.00 0.00 0.00 0.00 0.00 0.00 0.00 0.00 0.00 0.00 0.00 0.00 0.00 0.00
0.00 0.00 0.00 0.00 0.00 0.00 0.00 0.00 0.00 0.00 0.00 0.00 0.00 0.00 0.00 0.00 0.00 0.00 0.00 0.00 0.00 0.00 0.00 0.00 1.97 3.07 0.00 0.00 4.82 7.66 4.89 1.83 10.46 0.00 0.00 0.00 0.00 0.00 0.00 0.00 0.00 0.00 0.00 0.00 0.00 8.78 10.49 0.00 0.00 0.00 0.00 0.00 0.00 0.00 0.00 0.00 0.00 0.00 0.00 0.00 0.00 0.00 0.00 0.00 0.00 0.00 0.00 0.00 0.00 0.00 0.00 0.00 0.00 0.00 0.00 0.00 0.00 0.00 0.00 0.00 0.00 0.00 0.00
