Wansh/Snow_depth/snowdepth-1986/winter/1987041.txt
ncols 321
nrows 161
xllcenter 60
yllcenter 15 
cellsize  0.25 
NODATA_value -1
[rows 0 to 36 of 161, columns 83 to 165 of 321]
21.02 21.10 21.53 21.10 19.42 18.98 16.06 11.68 11.46 12.92 15.62 17.45 18.40 19.64 18.32 19.13 18.91 20.08 20.15 20.15 20.51 19.64 17.37 13.43 0.00 0.00 0.00 0.00 0.00 5.48 8.32 11.46 14.60 16.57 14.89 13.87 13.58 13.87 14.97 14.53 13.14 12.19 12.12 10.88 10.88 9.93 8.91 7.59 7.37 10.37 14.16 16.64 15.70 13.65 14.24 15.70 16.06 15.62 15.11 13.07 10.22 8.91 7.45 7.15 6.20 6.50 7.74 9.64 12.34 12.34 11.61 13.72 15.70 17.30 17.23 15.91 15.99 14.82 15.40 17.16 16.79 14.09 12.12
19.71 20.59 20.29 20.15 19.64 17.81 14.82 10.29 8.25 13.80 14.89 14.45 14.67 10.80 8.98 9.78 11.83 15.99 17.89 17.89 18.61 19.71 20.15 18.10 14.60 10.44 0.00 5.11 5.91 4.82 6.06 9.20 11.39 11.46 9.13 8.40 10.22 9.20 9.13 7.59 12.12 17.59 17.52 16.21 16.21 14.53 12.41 10.59 9.42 10.00 9.49 10.51 11.61 11.39 13.07 12.26 12.78 13.29 12.63 13.07 11.24 11.10 10.51 8.91 8.47 9.27 8.83 9.56 12.19 12.19 14.38 16.43 16.43 17.96 18.54 19.05 18.91 17.89 18.03 18.25 16.43 15.84 14.97
19.93 18.76 18.91 16.28 12.92 9.42 12.05 11.24 10.80 17.59 18.69 20.00 17.59 15.18 12.41 8.83 7.23 8.76 12.85 12.85 16.72 18.32 20.59 21.61 20.22 12.56 7.81 5.18 5.11 5.26 7.37 8.40 8.32 9.78 11.17 11.90 11.75 10.95 11.68 14.45 13.65 15.33 18.25 20.29 20.29 22.34 23.94 19.78 13.36 9.42 8.10 8.32 7.66 8.61 9.05 11.39 13.72 14.60 16.43 16.79 15.91 15.26 14.82 14.53 14.45 14.02 14.02 15.33 16.06 16.06 15.70 15.04 15.26 17.01 18.18 19.64 17.67 19.20 19.35 20.95 19.49 19.86 22.41
19.93 18.76 18.91 16.28 12.92 9.42 12.05 11.24 10.80 17.59 18.69 20.00 17.59 15.18 12.41 8.83 7.23 8.76 12.85 12.85 16.72 18.32 20.59 21.61 20.22 12.56 7.81 5.18 5.11 5.26 7.37 8.40 8.32 9.78 11.17 11.90 11.75 10.95 11.68 14.45 13.65 15.33 18.25 20.29 20.29 22.34 23.94 19.78 13.36 9.42 8.10 8.32 7.66 8.61 9.05 11.39 13.72 14.60 16.43 16.79 15.91 15.26 14.82 14.53 14.45 14.02 14.02 15.33 16.06 16.06 15.70 15.04 15.26 17.01 18.18 19.64 17.67 19.20 19.35 20.95 19.49 19.86 22.41
15.26 14.02 10.37 8.76 10.66 15.84 18.10 16.72 18.54 20.08 20.22 18.76 17.45 16.64 15.70 14.38 10.51 4.38 5.04 5.04 7.45 11.90 16.94 20.59 23.07 20.88 14.38 6.86 5.84 5.69 6.50 5.91 6.42 7.74 11.97 15.11 16.86 16.57 16.72 16.21 11.61 7.88 10.44 14.67 14.67 19.42 24.02 27.23 23.58 15.40 11.17 9.05 7.45 6.94 6.79 6.79 7.15 9.49 10.15 12.05 13.80 14.82 15.70 15.91 16.28 19.05 21.10 21.61 19.13 19.13 20.08 18.76 16.94 16.86 18.18 16.35 18.98 21.02 19.05 16.79 16.28 17.23 18.69
13.14 13.07 12.26 13.43 13.43 11.53 9.64 8.10 9.42 11.17 12.63 15.84 17.89 17.96 17.37 18.32 21.32 19.42 14.02 14.02 8.10 5.77 7.66 12.48 18.98 20.66 15.62 10.44 11.17 5.40 5.77 5.77 8.40 10.88 10.73 17.08 14.89 12.05 8.98 7.59 7.59 8.10 11.17 14.09 14.09 16.28 20.59 23.51 24.16 19.20 12.70 9.78 7.66 6.72 7.08 7.52 5.91 6.64 7.96 10.15 13.07 14.67 14.82 17.96 18.54 20.08 22.41 22.85 23.14 23.14 19.35 18.69 19.71 19.35 13.80 12.85 11.32 12.26 12.99 12.41 13.36 14.89 15.84
13.87 13.65 13.14 11.46 11.83 10.88 10.95 11.24 9.71 9.93 9.13 8.47 9.34 13.65 15.55 16.21 19.13 21.97 20.88 20.88 19.49 15.26 11.24 7.37 9.71 11.46 9.93 7.96 6.50 6.42 6.35 7.45 7.52 9.93 10.00 11.10 12.34 9.64 5.77 5.77 4.89 8.32 11.97 16.06 16.06 19.35 21.10 22.78 21.68 16.86 10.29 7.30 7.23 6.79 7.08 8.91 9.78 10.66 12.78 14.67 14.38 16.43 19.71 21.24 20.81 22.19 23.21 21.17 20.08 20.08 18.03 18.47 20.66 19.27 17.23 15.40 15.26 13.58 12.63 9.34 10.29 11.83 14.89
13.87 13.65 13.14 11.46 11.83 10.88 10.95 11.24 9.71 9.93 9.13 8.47 9.34 13.65 15.55 16.21 19.13 21.97 20.88 20.88 19.49 15.26 11.24 7.37 9.71 11.46 9.93 7.96 6.50 6.42 6.35 7.45 7.52 9.93 10.00 11.10 12.34 9.64 5.77 5.77 4.89 8.32 11.97 16.06 16.06 19.35 21.10 22.78 21.68 16.86 10.29 7.30 7.23 6.79 7.08 8.91 9.78 10.66 12.78 14.67 14.38 16.43 19.71 21.24 20.81 22.19 23.21 21.17 20.08 20.08 18.03 18.47 20.66 19.27 17.23 15.40 15.26 13.58 12.63 9.34 10.29 11.83 14.89
11.02 11.17 9.86 8.18 7.23 11.75 10.66 9.56 9.86 8.76 9.05 8.69 6.06 7.52 10.80 13.07 14.67 15.70 17.08 17.08 19.13 20.88 18.47 13.94 10.80 9.05 8.25 7.81 7.37 7.74 8.40 9.05 10.00 9.49 10.59 13.72 16.57 13.43 12.63 10.95 11.10 12.56 18.10 20.66 20.66 20.00 18.54 15.70 14.16 11.39 8.25 8.18 7.15 6.64 7.08 7.30 9.34 10.88 12.26 14.09 14.89 15.84 16.72 18.32 19.56 21.75 22.48 20.51 20.08 20.08 19.86 20.95 21.53 19.27 18.18 16.57 15.70 12.70 13.51 12.19 10.88 8.69 9.56
9.93 9.05 10.07 9.42 10.80 11.02 10.22 8.54 9.13 8.54 8.32 5.11 4.09 5.69 8.76 14.16 19.13 19.86 19.20 19.20 19.13 19.93 19.64 14.24 8.25 7.23 7.23 4.89 8.98 9.20 9.05 8.40 9.34 9.78 13.80 18.54 19.20 15.99 14.24 11.61 9.56 11.02 11.02 10.37 10.37 9.20 7.59 9.05 11.46 11.68 11.68 13.21 15.26 14.53 12.99 12.12 11.75 11.53 10.73 11.75 12.78 13.07 12.26 13.36 14.24 15.91 18.47 16.86 15.99 15.99 16.50 18.47 16.86 17.59 14.53 11.97 14.45 16.57 21.02 19.27 13.58 9.42 8.25
11.32 10.07 8.69 9.27 9.34 8.83 6.42 4.60 6.79 8.03 8.47 6.94 4.16 2.41 8.47 12.92 14.89 17.16 18.32 18.32 19.71 20.88 16.64 10.95 7.96 8.18 7.15 7.66 6.79 5.62 6.20 6.72 6.42 7.23 9.20 12.05 11.90 12.56 11.10 8.76 8.47 7.81 8.18 9.49 9.49 9.49 9.27 10.73 12.85 12.56 12.41 14.24 15.70 15.55 14.53 13.43 12.99 13.51 13.65 13.43 13.87 15.70 15.84 14.67 14.89 17.67 19.42 20.95 21.90 21.90 21.68 21.10 18.25 15.70 16.28 14.31 16.43 19.93 22.19 21.32 15.55 12.05 11.68
11.32 10.07 8.69 9.27 9.34 8.83 6.42 4.60 6.79 8.03 8.47 6.94 4.16 2.41 8.47 12.92 14.89 17.16 18.32 18.32 19.71 20.88 16.64 10.95 7.96 8.18 7.15 7.66 6.79 5.62 6.20 6.72 6.42 7.23 9.20 12.05 11.90 12.56 11.10 8.76 8.47 7.81 8.18 9.49 9.49 9.49 9.27 10.73 12.85 12.56 12.41 14.24 15.70 15.55 14.53 13.43 12.99 13.51 13.65 13.43 13.87 15.70 15.84 14.67 14.89 17.67 19.42 20.95 21.90 21.90 21.68 21.10 18.25 15.70 16.28 14.31 16.43 19.93 22.19 21.32 15.55 12.05 11.68
7.52 8.69 0.00 7.88 6.28 5.26 4.96 6.57 6.79 6.94 10.66 13.51 16.13 16.28 15.55 16.64 17.59 19.56 21.90 21.90 21.68 20.66 17.37 11.24 10.22 7.52 6.94 6.35 5.55 5.55 5.77 6.28 6.42 7.01 8.10 10.59 13.51 14.60 12.34 11.97 12.78 14.38 13.94 13.51 13.51 12.85 10.44 12.41 15.70 16.28 17.23 20.29 20.44 17.52 14.60 13.80 15.04 18.03 20.95 18.32 15.04 14.16 13.14 14.75 14.75 16.86 17.37 19.05 25.33 25.33 20.08 20.88 18.54 18.83 18.47 18.69 21.24 23.21 23.43 22.92 19.20 17.01 15.84
0.00 5.26 7.96 4.96 5.62 7.01 7.59 8.25 11.75 11.75 12.05 11.53 14.02 16.94 16.79 13.87 16.13 17.23 18.91 18.91 18.47 15.99 12.56 10.15 8.10 6.94 7.30 7.45 7.88 6.57 9.34 11.61 13.21 15.40 16.72 17.16 20.44 20.81 21.83 18.69 19.49 19.35 17.08 16.50 16.50 17.67 18.54 18.83 20.73 20.88 21.61 19.42 20.44 20.29 19.05 16.86 16.43 17.96 20.08 18.91 17.59 16.64 17.37 17.81 18.25 17.59 17.81 20.15 19.93 19.93 18.61 19.93 20.15 19.86 19.35 20.73 21.53 23.00 18.61 18.83 16.86 12.85 10.80
0.00 0.00 7.59 6.86 6.72 6.35 6.64 7.15 6.42 11.17 13.43 11.97 11.24 14.67 17.89 18.76 18.54 16.72 15.77 15.77 14.60 0.00 0.00 10.88 9.64 9.49 10.29 12.99 12.12 12.56 13.94 17.52 22.19 20.37 21.53 21.53 19.71 19.56 19.71 19.20 19.71 21.17 22.19 25.33 25.33 25.55 29.71 31.24 28.91 27.89 29.42 30.22 26.72 24.67 25.55 25.77 22.70 20.08 16.13 12.78 12.12 15.40 15.70 17.81 18.76 17.89 18.61 18.47 15.40 15.40 16.57 16.35 17.23 15.99 12.56 14.53 13.94 8.10 3.94 6.28 11.53 16.35 14.31
7.30 7.88 8.40 8.25 9.86 10.51 6.35 4.45 6.79 9.49 12.05 11.97 11.83 12.12 13.21 14.09 15.40 16.35 15.26 15.26 14.31 11.68 11.97 15.04 14.97 12.99 14.09 11.75 14.60 18.54 18.98 20.66 21.46 18.98 16.72 16.13 13.51 11.68 11.68 13.72 16.13 20.51 27.01 25.19 25.19 20.59 20.51 21.61 21.24 21.46 26.57 26.13 23.58 23.43 25.77 28.32 28.84 25.04 18.10 11.90 8.47 9.93 10.00 9.86 11.75 13.94 16.28 16.06 14.09 14.09 14.16 14.82 14.67 12.48 10.73 12.78 11.68 6.86 0.00 0.00 14.60 20.66 20.29
7.30 7.88 8.40 8.25 9.86 10.51 6.35 4.45 6.79 9.49 12.05 11.97 11.83 12.12 13.21 14.09 15.40 16.35 15.26 15.26 14.31 11.68 11.97 15.04 14.97 12.99 14.09 11.75 14.60 18.54 18.98 20.66 21.46 18.98 16.72 16.13 13.51 11.68 11.68 13.72 16.13 20.51 27.01 25.19 25.19 20.59 20.51 21.61 21.24 21.46 26.57 26.13 23.58 23.43 25.77 28.32 28.84 25.04 18.10 11.90 8.47 9.93 10.00 9.86 11.75 13.94 16.28 16.06 14.09 14.09 14.16 14.82 14.67 12.48 10.73 12.78 11.68 6.86 0.00 0.00 14.60 20.66 20.29
8.83 8.18 7.15 9.27 11.24 12.05 8.98 3.29 3.36 4.23 6.72 9.71 12.41 11.83 11.97 10.51 12.19 15.99 15.48 15.48 14.31 13.72 12.48 11.02 11.32 14.09 13.14 11.90 11.97 13.29 15.62 17.67 18.25 16.35 14.38 11.10 8.40 8.18 10.95 16.28 18.25 18.91 21.17 21.68 21.68 20.81 20.51 23.07 22.27 22.48 23.00 23.58 21.75 21.17 21.39 21.32 21.90 19.93 16.06 12.34 12.63 15.04 15.18 12.85 10.22 11.10 14.53 14.53 15.84 15.84 15.84 12.56 10.07 10.80 13.14 14.53 12.19 8.69 0.00 8.61 14.09 15.11 15.77
8.40 10.51 9.86 12.78 14.02 15.11 13.72 8.69 4.89 3.94 6.86 9.20 11.97 15.26 19.13 14.60 14.45 17.01 16.06 16.06 14.53 13.72 11.02 11.97 12.19 14.53 16.64 13.65 12.48 13.51 16.57 19.56 21.39 21.53 20.00 15.18 10.37 11.10 11.61 15.04 19.93 22.85 25.92 27.16 27.16 31.10 29.86 27.08 24.89 25.92 28.54 30.00 30.44 29.57 28.32 27.67 25.77 21.02 17.45 18.91 19.27 21.10 19.93 17.16 12.92 14.75 14.97 15.99 19.56 19.56 19.27 17.67 16.28 14.02 15.84 14.02 11.53 9.71 10.59 11.24 14.75 15.70 15.33
11.53 11.32 11.46 12.19 14.53 16.72 17.37 16.43 11.75 7.45 8.91 11.83 10.29 11.90 13.29 12.48 12.85 17.30 19.05 19.05 20.08 18.18 12.85 12.12 12.12 14.38 17.59 16.86 16.86 16.13 16.79 21.17 21.68 21.46 18.54 16.43 13.21 9.05 6.50 7.23 9.42 17.16 26.65 31.61 31.61 32.85 29.93 23.29 24.02 29.78 32.34 35.77 37.81 37.30 33.07 31.03 31.10 29.35 27.74 23.58 22.78 25.40 22.92 18.47 16.21 16.86 17.23 23.29 24.24 24.24 17.59 10.95 8.91 9.34 12.05 11.24 9.64 11.68 13.94 13.58 15.11 14.97 14.24
9.71 8.76 10.37 9.93 11.46 12.12 10.15 10.73 10.07 10.66 12.12 11.68 10.29 8.83 8.40 9.05 10.95 12.92 13.36 13.36 15.62 15.18 13.65 15.70 13.51 15.70 15.11 14.82 11.97 10.22 8.32 9.93 14.82 20.44 17.89 12.56 7.81 7.15 7.01 7.74 6.94 13.21 21.17 28.40 28.40 33.14 33.58 30.73 31.68 34.53 33.58 34.97 38.18 38.54 34.16 33.65 35.70 34.16 28.84 24.89 22.27 22.92 23.00 21.75 21.75 23.29 22.70 23.73 19.93 19.93 9.05 4.02 2.63 4.67 6.86 8.32 8.98 13.07 12.05 12.41 13.07 13.58 13.87
9.93 9.05 7.74 8.54 8.91 7.66 5.55 8.54 11.53 12.48 14.89 14.97 15.99 15.33 14.09 13.29 12.85 14.31 15.62 15.62 16.28 15.84 15.77 16.13 19.27 19.93 18.76 18.76 17.89 14.97 11.17 8.40 10.44 15.33 17.23 10.51 5.91 0.00 5.40 9.42 12.56 11.75 11.83 15.70 15.70 23.07 24.67 24.89 29.64 31.97 30.44 33.58 38.11 43.14 45.63 43.14 39.71 33.00 30.37 30.15 24.16 23.00 23.65 27.52 24.24 24.16 22.85 24.02 17.81 17.81 8.76 3.80 3.43 4.09 5.18 6.64 7.30 10.88 13.14 12.05 13.94 18.61 16.43
9.93 9.05 7.74 8.54 8.91 7.66 5.55 8.54 11.53 12.48 14.89 14.97 15.99 15.33 14.09 13.29 12.85 14.31 15.62 15.62 16.28 15.84 15.77 16.13 19.27 19.93 18.76 18.76 17.89 14.97 11.17 8.40 10.44 15.33 17.23 10.51 5.91 0.00 5.40 9.42 12.56 11.75 11.83 15.70 15.70 23.07 24.67 24.89 29.64 31.97 30.44 33.58 38.11 43.14 45.63 43.14 39.71 33.00 30.37 30.15 24.16 23.00 23.65 27.52 24.24 24.16 22.85 24.02 17.81 17.81 8.76 3.80 3.43 4.09 5.18 6.64 7.30 10.88 13.14 12.05 13.94 18.61 16.43
9.05 8.83 8.91 7.74 8.54 8.83 8.10 11.97 14.60 13.72 13.14 14.16 15.62 17.52 18.47 19.78 19.93 18.69 17.81 17.81 17.16 17.01 16.50 18.61 18.91 21.39 22.63 21.75 21.17 17.74 13.36 9.20 9.56 9.71 7.30 5.26 2.77 1.75 2.85 6.06 10.15 9.64 5.04 7.01 7.01 10.29 8.47 8.40 11.53 13.29 16.94 18.40 20.44 25.11 29.71 28.98 26.79 23.94 20.81 19.56 24.02 26.72 27.01 27.74 28.32 24.45 23.29 23.43 24.60 24.60 22.92 20.44 13.87 10.44 12.41 11.24 10.80 9.93 7.66 9.13 12.19 13.80 14.53
8.61 8.47 6.50 5.91 8.91 10.66 11.75 14.67 15.77 14.60 13.21 13.58 12.05 12.70 14.82 17.16 18.61 19.42 18.61 18.61 18.10 18.40 18.32 17.59 16.76 17.02 18.07 16.37 15.91 12.41 7.15 6.42 4.96 4.23 3.80 0.00 0.00 0.00 0.00 3.65 5.40 6.64 6.06 5.26 5.26 5.18 4.53 4.45 6.42 7.66 9.13 13.07 14.60 14.31 14.89 13.80 14.82 15.18 12.56 17.45 22.85 26.13 22.56 27.96 28.18 23.43 21.90 20.81 21.53 21.53 23.80 25.11 19.64 16.72 15.04 11.17 8.61 7.59 6.57 7.30 12.63 12.70 11.02
11.10 10.66 9.93 10.66 11.17 12.26 12.70 12.34 13.51 14.53 13.94 13.43 11.97 11.61 11.24 10.44 10.88 13.80 16.35 16.35 16.13 17.52 16.57 16.72 18.23 22.12 18.18 16.63 16.78 17.01 15.11 9.71 7.37 6.72 5.99 3.80 0.00 3.43 6.06 7.01 7.96 8.69 7.96 10.07 10.07 10.88 8.98 6.50 6.50 5.91 5.69 8.32 10.95 12.12 13.80 13.72 12.34 13.14 12.56 15.26 18.76 19.49 17.30 17.37 14.82 16.94 19.13 19.35 19.64 19.64 18.61 17.59 14.02 12.05 8.83 9.64 11.75 11.61 10.95 10.37 8.32 7.74 6.57
14.02 16.57 15.11 12.92 10.07 10.73 11.10 10.44 10.37 12.99 11.39 10.07 8.54 7.59 5.62 5.48 7.23 8.47 10.73 10.73 0.00 0.00 0.00 17.31 19.12 17.02 18.23 17.46 16.96 18.06 16.39 13.72 12.85 11.39 8.03 5.91 5.91 5.26 6.42 6.64 7.01 10.51 13.58 10.80 10.80 8.47 7.30 8.83 9.64 8.91 8.10 9.93 12.05 12.92 12.78 12.48 9.13 9.78 10.51 10.95 11.39 13.80 12.85 13.21 11.10 10.00 18.32 23.07 21.17 21.17 20.00 19.42 16.64 16.06 15.04 14.60 13.94 12.05 9.86 10.66 8.32 7.52 11.68
15.99 15.99 15.77 14.89 11.68 10.07 9.20 10.00 9.42 8.47 5.04 2.04 0.58 0.00 3.58 5.99 8.10 8.69 0.00 0.00 0.00 0.00 0.00 13.47 14.82 15.49 16.13 17.84 18.25 19.89 19.69 18.34 19.13 17.89 13.65 14.24 12.12 8.69 7.81 5.91 3.43 11.46 20.81 17.67 17.67 8.47 5.84 9.56 9.78 7.59 8.25 10.44 9.20 8.25 8.54 11.83 10.66 7.15 5.55 6.42 10.59 12.41 13.87 17.81 15.99 14.24 19.64 24.24 23.21 23.21 21.10 19.49 16.50 13.51 15.77 16.64 14.38 10.00 12.63 12.34 9.27 8.18 10.37
15.99 15.99 15.77 14.89 11.68 10.07 9.20 10.00 9.42 8.47 5.04 2.04 0.58 0.00 3.58 5.99 8.10 8.69 0.00 0.00 0.00 0.00 0.00 13.13 15.20 15.26 16.13 17.30 16.96 18.58 19.99 18.53 19.92 20.10 14.45 14.60 12.12 8.69 7.81 5.91 3.43 11.46 20.81 17.67 17.67 8.47 5.84 9.56 9.78 7.59 8.25 10.44 9.20 8.25 8.54 11.83 10.66 7.15 5.55 6.42 10.59 12.41 13.87 17.81 15.99 14.24 19.64 24.24 23.21 23.21 21.10 19.49 16.50 13.51 15.77 16.64 14.38 10.00 12.63 12.34 9.27 8.18 10.37
16.43 15.48 16.13 14.97 15.40 15.11 15.91 17.52 16.72 14.45 11.61 9.78 5.55 3.43 7.96 12.63 13.43 16.06 12.78 12.78 10.15 0.00 0.00 5.94 7.78 10.78 12.90 0.00 15.85 17.23 17.61 17.18 17.02 21.48 23.05 20.02 16.49 11.87 8.98 7.66 5.40 7.74 17.37 21.83 21.83 14.75 9.93 14.45 17.74 12.63 11.17 13.14 11.61 6.64 4.96 8.83 7.45 5.99 5.99 6.79 9.49 10.73 11.83 15.99 23.07 22.19 17.96 19.56 20.29 20.29 16.94 14.24 12.78 11.83 15.77 18.69 16.64 12.78 15.11 13.36 8.03 7.66 10.15
14.02 13.14 12.48 9.05 10.15 10.95 13.51 16.35 18.69 19.64 18.98 19.49 17.96 14.09 14.67 17.96 21.10 21.68 15.26 15.26 10.93 7.23 0.00 0.00 6.20 7.70 0.00 0.00 0.00 0.00 19.17 16.06 14.53 14.89 19.52 22.27 22.89 16.53 10.64 8.83 6.57 5.04 6.79 11.53 11.53 11.32 8.61 9.64 14.31 18.54 17.81 17.59 15.40 11.46 9.27 8.76 7.15 6.86 6.50 6.72 6.28 9.05 11.97 20.00 25.11 22.63 18.32 16.64 17.81 17.81 14.38 13.43 13.65 13.80 17.01 16.06 11.24 9.86 12.48 12.19 11.46 9.64 9.34
11.75 8.32 8.69 11.39 10.59 8.18 6.35 6.57 9.05 10.15 10.80 9.78 9.64 9.86 9.93 11.02 15.48 12.05 12.34 12.34 8.61 0.00 0.00 0.00 5.91 6.72 0.00 0.00 0.00 17.77 22.98 21.10 19.86 19.78 19.49 20.44 20.92 20.54 15.26 13.14 12.41 11.02 6.64 3.07 3.07 2.63 3.36 4.23 5.84 10.29 15.77 20.95 20.15 11.10 11.17 13.07 12.63 11.90 8.54 7.01 7.45 9.05 12.19 18.25 23.65 19.93 14.75 14.97 14.02 14.02 12.56 9.27 8.69 10.44 12.05 13.36 13.51 14.31 15.33 15.18 17.52 19.56 18.03
14.02 12.41 12.34 15.84 14.89 11.53 11.46 13.51 16.13 17.45 15.70 10.95 11.02 11.02 9.13 9.05 10.95 11.90 12.85 12.85 9.34 8.10 8.69 6.86 6.35 4.74 7.59 0.00 12.84 15.33 14.60 16.35 18.18 18.91 20.00 18.61 21.68 20.38 21.41 18.10 14.31 14.16 8.54 5.55 5.55 4.31 3.94 4.53 7.30 11.10 9.56 12.12 11.97 8.83 10.80 8.61 8.25 8.98 6.20 8.18 7.45 5.99 8.40 15.55 15.40 12.48 11.46 13.51 11.17 11.17 7.59 5.91 6.13 7.88 9.20 10.66 12.92 15.18 17.08 16.79 17.30 19.35 19.71
10.80 11.17 11.39 11.32 12.19 10.51 14.09 19.71 20.95 21.83 23.73 26.65 25.33 17.52 10.59 8.25 6.72 6.94 6.94 6.94 6.72 6.42 8.25 9.93 9.05 6.20 7.81 11.39 11.28 11.46 11.10 11.90 11.61 13.43 15.70 18.40 19.20 20.15 19.93 19.42 17.67 13.65 11.75 9.93 9.93 7.88 5.62 4.23 5.04 6.94 8.40 9.93 9.56 10.00 10.88 10.73 10.07 6.86 8.61 7.96 7.81 6.72 8.54 8.18 7.01 6.13 4.82 6.35 5.48 5.48 5.04 5.84 5.99 7.45 7.45 8.25 11.83 15.18 16.64 14.60 12.70 12.63 14.82
4.89 4.67 6.28 6.50 11.39 15.99 19.42 22.05 20.44 14.15 12.85 17.67 16.72 8.61 6.06 3.94 0.00 5.04 5.33 5.33 5.55 5.69 7.66 9.42 12.05 10.15 10.07 10.80 11.61 11.56 10.59 9.83 10.12 8.65 7.30 7.96 10.59 12.12 12.90 15.18 15.62 13.49 12.85 12.41 12.41 10.15 9.13 8.32 7.74 7.96 7.52 7.37 4.96 3.65 3.80 6.72 0.00 0.00 5.11 7.88 9.05 6.50 3.80 5.62 5.33 5.84 4.96 3.07 5.04 5.04 4.02 2.48 0.00 0.00 4.31 6.20 6.86 7.59 7.45 6.42 9.05 10.95 11.17
4.89 4.67 6.28 6.50 11.39 15.99 19.42 22.05 20.44 13.80 12.85 17.67 16.72 8.61 6.06 3.94 0.00 5.04 5.36 5.33 5.55 5.69 7.66 9.42 12.05 10.15 10.07 10.80 11.61 11.39 10.22 9.49 10.07 8.40 7.30 8.00 10.64 12.12 12.84 15.34 15.62 13.36 12.85 12.41 12.41 10.15 9.13 8.32 7.74 7.96 7.52 7.37 4.96 3.65 3.80 6.72 0.00 0.00 5.11 7.88 9.05 6.50 3.80 5.62 5.33 5.84 4.96 3.07 5.04 5.04 4.02 2.48 0.00 0.00 4.31 6.20 6.86 7.59 7.45 6.42 9.05 10.95 11.17
2.77 2.26 3.14 0.00 0.66 17.37 22.27 25.19 24.09 19.12 13.14 9.20 7.37 6.13 4.45 2.63 0.00 0.00 0.00 0.00 2.77 0.00 5.77 7.81 9.05 10.73 12.92 12.99 12.41 12.48 11.68 10.07 10.59 10.51 9.27 8.69 7.59 7.66 8.18 8.80 9.42 8.32 9.05 11.17 11.17 11.39 10.66 11.32 14.45 14.89 10.80 6.28 3.80 0.00 0.00 0.00 0.00 0.00 2.41 5.18 10.07 8.69 5.84 3.72 4.16 4.16 3.87 0.95 1.24 1.24 3.36 2.12 0.00 0.00 0.00 0.00 0.00 2.85 3.58 5.77 8.61 9.71 5.84
