Wansh/Snow_depth/snowdepth-1986/winter/1987033.txt
ncols 321
nrows 161
xllcenter 60
yllcenter 15 
cellsize  0.25 
NODATA_value -1
[rows 0 to 36 of 161, columns 0 to 82 of 321]
16.50 16.50 21.61 21.68 19.35 17.59 16.13 16.35 16.06 16.13 15.26 15.40 16.35 16.86 0.00 0.00 15.62 14.82 0.00 13.94 14.38 15.04 15.33 15.11 14.45 13.72 13.72 13.51 15.33 16.50 15.99 15.11 0.00 0.00 0.00 0.00 0.00 0.00 0.00 0.00 0.00 0.00 0.00 0.00 0.00 0.00 0.00 0.00 0.00 0.00 12.99 12.99 13.14 14.89 15.40 18.40 19.71 21.68 0.00 0.00 20.15 0.00 21.83 22.34 20.44 18.98 18.40 18.25 0.00 0.00 0.00 18.76 19.35 20.29 21.02 22.19 22.19 22.78 22.12 20.66 21.32 22.34 20.66
20.88 20.88 22.12 22.92 22.56 19.42 17.23 16.64 15.77 14.38 14.02 15.26 17.81 0.00 17.23 16.79 16.06 15.40 14.75 0.00 15.77 16.57 14.75 15.70 14.53 12.19 12.19 13.87 13.36 14.60 16.72 0.00 0.00 5.33 0.00 0.00 0.00 0.00 0.00 0.00 0.00 0.00 0.00 0.00 0.00 0.00 0.00 0.00 0.00 0.00 14.16 14.16 12.63 14.16 16.79 18.61 20.15 21.10 21.24 19.71 18.83 19.71 19.86 19.93 19.05 17.37 15.91 15.48 12.85 11.97 12.48 15.62 17.81 19.35 19.64 19.56 19.56 22.34 21.90 20.95 20.37 21.02 20.00
23.00 23.00 20.95 21.17 21.32 20.00 18.25 15.77 16.13 15.26 15.04 14.89 15.04 15.33 15.55 16.57 16.35 16.06 0.00 0.00 13.51 13.07 15.48 16.21 13.14 11.75 11.75 11.39 11.75 12.48 9.78 8.61 7.66 5.26 0.00 0.00 0.00 0.00 0.00 0.00 0.00 0.00 0.00 0.00 0.00 0.00 0.00 0.00 0.00 11.97 12.48 12.48 13.65 15.26 17.01 18.18 20.00 19.71 18.25 17.89 20.00 19.93 19.71 19.78 18.76 17.59 16.50 15.99 16.35 16.72 18.03 18.69 19.49 20.44 22.34 20.81 20.81 21.24 22.56 21.61 18.47 17.37 17.08
23.00 23.00 20.95 21.17 21.32 20.00 18.25 15.77 16.13 15.26 15.04 14.89 15.04 15.33 15.55 16.57 16.35 16.06 0.00 0.00 13.51 13.07 15.48 16.21 13.14 11.75 11.75 11.39 11.75 12.48 9.78 8.61 7.66 5.26 0.00 0.00 0.00 0.00 0.00 0.00 0.00 0.00 0.00 0.00 0.00 0.00 0.00 0.00 0.00 11.97 12.48 12.48 13.65 15.26 17.01 18.18 20.00 19.71 18.25 17.89 20.00 19.93 19.71 19.78 18.76 17.59 16.50 15.99 16.35 16.72 18.03 18.69 19.49 20.44 22.34 20.81 20.81 21.24 22.56 21.61 18.47 17.37 17.08
21.17 21.17 18.69 18.61 18.83 15.77 15.26 15.26 16.94 14.82 14.89 13.72 13.80 13.51 15.26 15.99 16.50 14.97 14.97 12.63 12.92 14.02 17.89 16.94 13.72 13.43 13.43 10.88 10.29 11.90 10.66 7.74 4.74 4.53 4.53 1.90 0.00 0.00 0.00 0.00 0.00 0.00 0.00 0.00 0.00 0.00 0.00 0.00 0.00 11.10 12.34 12.34 13.72 14.53 16.28 18.83 18.54 17.96 17.74 17.67 19.64 19.35 19.42 18.83 18.03 17.16 16.57 15.77 17.01 18.03 19.86 18.47 16.28 16.94 17.30 17.30 17.30 16.21 17.37 17.08 15.26 14.09 14.82
18.91 18.91 16.57 16.50 16.79 16.35 15.33 14.60 15.40 14.97 13.58 13.58 0.00 0.00 0.00 12.78 13.43 14.53 13.36 12.78 12.78 15.04 15.84 13.51 13.29 10.95 10.95 8.98 13.72 13.65 12.85 11.75 7.59 4.96 3.21 0.00 0.00 0.00 0.00 0.00 0.00 0.00 0.00 0.00 0.00 0.00 0.00 0.00 11.39 9.71 8.40 8.40 10.59 10.73 11.61 12.05 10.44 11.32 12.48 15.48 16.13 16.35 16.21 16.50 15.91 15.77 15.26 16.13 15.18 15.84 14.97 14.09 14.97 15.40 15.04 14.24 14.24 14.16 15.04 14.60 12.92 12.56 13.43
16.06 16.06 16.06 15.26 13.72 12.85 15.26 15.84 16.35 16.28 14.89 14.60 14.67 14.75 13.14 11.39 12.48 14.53 12.99 11.46 11.02 14.38 11.83 12.12 13.51 11.24 11.24 8.98 16.64 16.57 15.40 13.21 10.29 7.52 5.48 0.00 0.00 0.00 0.00 0.00 0.00 0.00 0.00 0.00 0.00 0.00 0.00 0.00 10.07 9.56 8.32 8.32 7.52 7.23 10.22 9.78 10.29 11.46 12.56 14.53 14.45 14.16 13.87 15.62 17.16 16.21 14.67 12.41 13.94 13.72 12.41 12.48 10.88 10.44 11.32 12.12 12.12 12.48 11.83 12.78 12.56 13.94 14.45
16.06 16.06 16.06 15.26 13.72 12.85 15.26 15.84 16.35 16.28 14.89 14.60 14.67 14.75 13.14 11.39 12.48 14.53 12.99 11.46 11.02 14.38 11.83 12.12 13.51 11.24 11.24 8.98 16.64 16.57 15.40 13.21 10.29 7.52 5.48 0.00 0.00 0.00 0.00 0.00 0.00 0.00 0.00 0.00 0.00 0.00 0.00 0.00 10.07 9.56 8.32 8.32 7.52 7.23 10.22 9.78 10.29 11.46 12.56 14.53 14.45 14.16 13.87 15.62 17.16 16.21 14.67 12.41 13.94 13.72 12.41 12.48 10.88 10.44 11.32 12.12 12.12 12.48 11.83 12.78 12.56 13.94 14.45
14.38 14.38 16.43 16.57 15.70 15.26 15.40 15.91 17.23 17.89 15.70 14.45 13.58 12.19 11.32 12.99 13.29 13.72 12.41 12.70 14.09 13.51 12.34 13.36 12.63 11.24 11.24 14.53 15.91 15.99 15.40 14.09 10.15 6.42 5.18 0.00 0.00 0.00 0.00 0.00 0.00 0.00 0.00 0.00 0.00 0.00 0.00 10.80 11.17 9.93 9.34 9.34 7.81 6.94 8.83 8.18 10.44 10.88 11.39 14.16 14.82 16.21 13.87 12.85 11.97 12.12 13.29 12.56 12.34 12.34 10.29 10.29 11.17 11.10 11.32 13.36 13.36 10.51 6.50 7.08 9.71 11.39 11.10
15.55 15.55 15.26 15.70 15.55 15.55 14.97 14.31 14.16 12.78 11.24 9.93 9.13 9.27 9.56 10.66 12.48 12.12 9.49 10.73 12.41 11.24 12.56 14.60 13.72 13.94 13.94 14.60 14.45 14.02 14.09 13.21 10.66 7.30 4.23 3.58 4.60 4.23 0.00 0.00 0.00 0.00 0.00 0.00 0.00 0.00 0.00 10.88 10.51 12.34 10.29 10.29 9.27 7.23 6.28 7.01 8.69 9.49 10.44 11.68 11.75 12.63 13.07 11.83 11.32 10.73 11.10 9.20 10.00 10.00 10.29 10.44 10.51 9.93 11.68 12.48 12.48 10.80 9.64 9.78 8.98 8.83 10.07
14.02 14.02 14.02 15.55 15.26 13.80 13.07 12.41 10.80 9.78 9.05 9.05 9.20 8.40 9.20 10.80 11.53 10.95 10.00 11.83 12.19 11.83 13.14 14.60 13.14 13.07 13.07 13.58 13.72 12.34 12.05 11.68 11.10 7.96 4.45 1.83 0.07 0.07 0.00 0.00 0.00 0.00 0.00 0.00 0.00 0.00 9.64 9.05 10.07 10.00 7.23 7.23 8.76 6.94 7.59 8.18 9.42 10.73 10.29 10.66 10.44 9.71 10.66 11.10 11.24 11.68 10.37 9.78 10.59 10.66 11.68 12.05 11.53 10.95 11.97 13.36 13.36 12.05 9.78 9.05 7.15 8.47 11.97
14.02 14.02 14.02 15.55 15.26 13.80 13.07 12.41 10.80 9.78 9.05 9.05 9.20 8.40 9.20 10.80 11.53 10.95 10.00 11.83 12.19 11.83 13.14 14.60 13.14 13.07 13.07 13.58 13.72 12.34 12.05 11.68 11.10 7.96 4.45 1.83 0.07 0.07 0.00 0.00 0.00 0.00 0.00 0.00 0.00 0.00 9.64 9.05 10.07 10.00 7.23 7.23 8.76 6.94 7.59 8.18 9.42 10.73 10.29 10.66 10.44 9.71 10.66 11.10 11.24 11.68 10.37 9.78 10.59 10.66 11.68 12.05 11.53 10.95 11.97 13.36 13.36 12.05 9.78 9.05 7.15 8.47 11.97
13.14 13.14 12.48 12.19 11.83 10.66 10.29 10.73 9.42 10.44 9.71 8.61 8.83 7.81 7.59 8.03 8.98 9.42 11.68 11.17 10.07 11.24 11.75 8.32 8.91 10.51 10.51 12.41 13.80 12.70 8.98 8.69 7.96 5.69 0.00 0.00 0.00 0.00 0.00 0.00 0.00 0.00 0.00 0.00 0.00 0.00 9.34 8.61 9.13 8.61 10.51 10.51 10.00 8.91 7.74 7.15 9.56 9.71 8.83 8.25 9.05 8.61 8.83 9.56 10.88 11.90 11.53 9.93 10.22 11.53 11.61 11.53 10.80 11.02 8.25 7.66 7.66 8.40 7.01 7.96 10.07 11.32 9.49
13.80 13.80 12.85 12.78 12.19 9.71 9.56 11.24 12.48 11.53 9.93 10.95 10.15 8.32 7.37 8.61 8.32 9.42 10.29 10.88 9.78 9.64 9.86 10.07 11.46 10.95 10.95 10.37 9.49 11.61 11.39 9.34 6.57 3.29 0.00 0.00 0.00 0.00 0.00 0.00 0.00 0.00 0.00 0.00 0.00 10.37 10.00 8.54 6.86 8.54 9.27 9.27 9.20 7.30 6.86 6.86 7.52 8.47 7.88 7.74 6.64 6.28 6.35 8.25 10.07 11.75 13.21 13.21 12.26 11.68 12.05 10.07 9.27 9.42 9.27 8.76 8.76 7.96 8.61 8.10 0.00 8.10 5.62
11.46 11.46 10.37 10.07 9.13 8.18 7.96 9.49 10.51 9.13 7.74 8.32 8.47 8.83 7.66 8.32 7.45 6.57 7.52 8.03 8.76 9.49 9.86 12.12 12.56 11.68 11.68 12.19 10.80 10.07 8.10 5.55 2.56 0.00 0.00 0.00 0.00 0.00 0.00 0.00 0.00 0.00 0.00 0.00 0.00 11.83 12.12 11.02 9.34 9.86 9.71 9.71 5.84 6.28 6.57 8.91 10.00 8.54 7.59 7.45 8.18 8.03 9.20 9.71 9.20 9.27 10.88 12.26 13.65 12.63 11.97 11.83 10.22 9.78 11.24 10.00 10.00 0.00 0.00 7.30 6.64 8.32 6.13
10.22 10.22 10.44 10.22 8.03 6.86 6.57 6.64 7.59 8.98 7.08 4.60 4.16 3.21 4.09 4.53 4.60 6.28 7.59 8.40 8.98 11.02 10.59 12.41 13.21 13.51 13.51 11.02 9.93 8.83 7.52 4.45 0.00 0.00 0.00 0.00 0.00 0.00 0.00 0.00 0.00 0.00 0.00 0.00 11.46 11.97 12.78 12.56 11.17 10.51 10.00 10.00 8.83 7.15 8.61 9.93 10.22 9.86 8.61 8.32 9.93 9.20 8.40 9.13 8.32 7.81 8.18 8.25 10.22 12.26 13.36 12.48 13.43 13.21 11.32 11.39 11.39 0.00 0.00 8.61 5.33 5.33 0.00
10.22 10.22 10.44 10.22 8.03 6.86 6.57 6.64 7.59 8.98 7.08 4.60 4.16 3.21 4.09 4.53 4.60 6.28 7.59 8.40 8.98 11.02 10.59 12.41 13.21 13.51 13.51 11.02 9.93 8.83 7.52 4.45 0.00 0.00 0.00 0.00 0.00 0.00 0.00 0.00 0.00 0.00 0.00 0.00 11.46 11.97 12.78 12.56 11.17 10.51 10.00 10.00 8.83 7.15 8.61 9.93 10.22 9.86 8.61 8.32 9.93 9.20 8.40 9.13 8.32 7.81 8.18 8.25 10.22 12.26 13.36 12.48 13.43 13.21 11.32 11.39 11.39 0.00 0.00 8.61 5.33 5.33 0.00
11.02 11.02 9.05 6.86 4.96 4.96 4.31 4.31 4.96 6.64 6.13 4.09 3.21 4.67 6.28 7.45 8.69 9.93 7.59 6.42 11.46 12.41 12.41 11.61 12.19 10.59 10.59 7.88 8.83 7.88 6.50 4.38 0.00 0.00 0.00 0.00 0.00 0.00 0.00 0.00 0.00 0.00 0.00 0.00 11.53 12.48 12.26 11.46 11.17 10.80 11.68 11.68 11.90 9.64 10.51 11.24 10.66 11.61 11.24 10.59 8.69 6.50 3.50 4.96 5.62 6.50 6.86 6.42 4.74 7.30 11.02 13.51 14.38 14.67 13.58 12.63 12.63 12.70 0.00 0.00 6.28 7.66 6.86
9.49 9.49 6.79 3.58 1.24 1.83 2.34 2.70 3.87 4.31 4.23 4.89 7.52 9.42 10.73 10.95 14.02 14.60 11.24 11.32 10.59 11.32 12.34 13.14 12.78 10.29 10.29 9.42 9.05 7.37 7.01 5.62 0.00 0.00 0.00 0.00 0.00 0.00 0.00 0.00 0.00 0.00 0.00 14.16 12.85 15.18 15.04 13.58 12.34 10.80 11.32 11.32 12.05 11.68 11.39 12.26 12.41 11.97 10.59 8.91 8.54 7.01 6.50 5.69 3.72 3.43 2.48 3.43 4.60 6.57 8.83 11.17 11.53 11.75 11.97 11.10 11.10 11.46 11.68 9.93 7.81 7.52 7.23
5.84 5.84 5.84 4.74 3.72 2.85 1.75 1.90 5.04 6.86 8.83 10.07 11.17 11.32 12.05 10.29 10.00 12.05 14.09 12.26 12.48 12.70 11.32 11.90 10.59 8.03 8.03 7.59 6.06 6.28 7.08 6.35 5.18 4.89 5.99 5.99 4.60 0.00 0.00 0.00 0.00 0.00 0.00 15.11 14.89 15.70 15.55 15.40 15.11 13.80 15.11 15.11 16.50 14.45 14.82 14.67 14.67 14.16 12.78 8.91 8.76 9.78 9.86 9.05 8.76 7.08 0.00 0.00 4.02 6.06 6.72 6.50 7.37 8.69 9.49 11.75 11.75 11.39 10.80 13.65 14.02 11.02 10.07
6.57 6.57 8.25 7.23 6.13 5.77 5.99 6.86 7.37 8.32 8.98 10.15 10.22 9.93 9.49 7.81 6.79 9.42 11.46 12.26 11.90 12.05 11.61 12.56 9.78 6.13 6.13 7.15 7.52 8.18 7.08 6.42 8.91 9.42 8.69 8.25 6.94 5.04 4.67 0.00 0.00 0.00 16.57 15.11 15.70 15.77 14.60 15.11 16.35 18.40 17.81 17.81 16.72 16.79 15.70 15.04 14.53 16.28 16.43 14.67 12.26 12.78 12.48 10.80 9.86 9.13 8.03 8.32 7.52 5.91 6.57 4.67 3.80 6.94 9.78 11.61 11.61 11.53 10.59 9.86 11.68 12.12 8.91
7.01 7.01 7.81 6.79 5.91 6.79 6.42 6.94 8.18 9.34 9.42 10.07 10.29 8.40 5.04 3.07 4.67 10.88 11.17 12.56 12.85 12.48 12.05 10.66 7.37 7.01 7.01 8.54 7.88 8.40 7.52 9.27 11.02 10.88 11.61 14.02 9.78 7.45 4.16 0.00 0.00 0.00 14.67 14.02 15.33 14.75 14.45 15.18 16.28 17.01 17.52 17.52 13.07 12.70 14.45 15.18 15.55 15.55 15.48 14.31 12.12 11.83 11.61 10.00 9.13 8.76 8.18 9.13 7.74 6.64 6.20 5.11 6.35 8.32 11.53 13.36 13.36 13.43 12.63 12.56 13.65 12.70 7.59
7.01 7.01 7.81 6.79 5.91 6.79 6.42 6.94 8.18 9.34 9.42 10.07 10.29 8.40 5.04 3.07 4.67 10.88 11.17 12.56 12.85 12.48 12.05 10.66 7.37 7.01 7.01 8.54 7.88 8.40 7.52 9.27 11.02 10.88 11.61 14.02 9.78 7.45 4.16 0.00 0.00 0.00 14.67 14.02 15.33 14.75 14.45 15.18 16.28 17.01 17.52 17.52 13.07 12.70 14.45 15.18 15.55 15.55 15.48 14.31 12.12 11.83 11.61 10.00 9.13 8.76 8.18 9.13 7.74 6.64 6.20 5.11 6.35 8.32 11.53 13.36 13.36 13.43 12.63 12.56 13.65 12.70 7.59
7.52 7.52 8.98 9.42 7.96 8.47 8.76 10.00 11.83 11.61 9.78 8.76 7.66 6.86 3.14 4.16 4.02 12.05 13.72 15.26 13.29 11.68 9.78 8.40 6.94 7.74 7.74 7.74 10.15 12.05 10.22 12.12 13.51 15.55 14.82 12.78 9.78 6.79 5.84 0.00 0.00 0.00 17.23 16.79 17.45 14.67 14.31 15.33 15.40 15.62 14.97 14.97 14.53 15.04 15.84 16.28 15.40 13.65 11.39 11.10 9.34 9.13 9.34 8.83 8.69 6.86 7.52 6.86 5.55 4.53 5.33 4.96 4.38 5.55 7.52 9.78 9.78 9.05 9.27 10.88 8.76 8.83 3.72
8.69 8.69 10.07 10.37 10.44 10.88 11.17 10.37 10.51 9.93 8.40 7.01 6.28 4.89 4.38 4.23 9.71 9.86 12.12 13.43 13.14 11.68 8.98 8.91 9.42 6.64 6.64 6.86 11.61 11.39 10.00 11.32 14.24 16.06 14.38 9.64 10.73 11.61 8.25 0.00 0.00 18.25 17.96 16.94 16.72 14.24 13.80 14.02 15.33 14.31 13.94 13.94 13.36 13.94 17.23 17.74 16.06 14.60 11.53 10.66 11.39 11.61 10.59 9.27 9.86 11.17 12.63 12.78 11.02 9.56 10.00 8.76 7.37 6.13 5.04 4.82 4.82 7.37 7.96 8.54 8.69 6.86 5.04
9.42 9.42 10.29 9.71 9.86 9.78 10.44 9.49 9.56 10.44 8.25 7.45 6.50 5.84 5.11 10.29 13.36 13.51 13.94 12.85 11.53 11.24 7.96 9.27 8.98 6.94 6.94 5.26 7.01 9.78 9.34 12.12 11.97 11.17 10.22 8.47 9.64 9.42 3.29 0.00 0.00 15.62 16.57 16.94 16.79 16.57 15.77 15.70 14.60 13.21 12.41 12.41 10.80 14.09 16.57 18.61 16.64 15.99 17.89 17.45 17.16 15.18 14.53 15.26 15.62 15.11 15.70 14.97 15.62 16.13 14.82 14.24 14.82 14.38 11.68 6.86 6.86 4.96 6.50 8.40 8.18 7.23 4.96
9.86 9.86 8.91 8.03 8.03 8.32 9.13 7.52 6.35 6.20 4.60 4.45 3.80 4.96 5.33 12.48 15.26 14.67 13.94 12.63 11.75 11.10 8.47 7.01 8.69 11.90 11.90 12.56 11.10 12.05 11.24 9.56 8.32 11.46 11.24 8.69 6.28 1.53 0.00 0.00 0.00 14.38 14.67 16.35 17.52 19.64 17.16 15.18 13.07 11.90 13.21 13.21 12.70 15.33 16.28 18.18 17.89 18.40 19.78 20.81 21.97 18.18 17.67 17.52 16.94 16.72 16.43 16.21 16.28 15.70 15.62 15.77 16.86 16.06 15.33 15.62 15.62 10.88 4.96 5.91 8.18 7.74 14.53
10.22 10.22 8.18 7.30 6.13 7.08 8.69 8.18 6.06 3.72 0.66 0.00 0.22 1.02 10.07 13.07 14.31 13.14 12.85 13.43 11.17 7.23 4.89 5.18 6.72 12.05 12.05 12.26 11.10 12.99 8.83 7.88 9.49 9.49 7.74 4.96 1.83 0.00 0.00 0.00 14.53 14.67 15.70 16.86 17.30 17.89 15.91 13.36 11.02 11.97 11.24 11.24 12.99 14.97 16.86 20.29 21.61 21.83 19.49 17.30 15.40 14.53 13.80 13.21 11.24 10.73 11.97 14.38 15.70 15.55 15.04 13.72 13.51 15.11 15.99 13.51 13.51 10.95 5.91 1.68 5.33 7.08 15.84
10.22 10.22 8.18 7.30 6.13 7.08 8.69 8.18 6.06 3.72 0.66 0.00 0.22 1.02 10.07 13.07 14.31 13.14 12.85 13.43 11.17 7.23 4.89 5.18 6.72 12.05 12.05 12.26 11.10 12.99 8.83 7.88 9.49 9.49 7.74 4.96 1.83 0.00 0.00 0.00 14.53 14.67 15.70 16.86 17.30 17.89 15.91 13.36 11.02 11.97 11.24 11.24 12.99 14.97 16.86 20.29 21.61 21.83 19.49 17.30 15.40 14.53 13.80 13.21 11.24 10.73 11.97 14.38 15.70 15.55 15.04 13.72 13.51 15.11 15.99 13.51 13.51 10.95 5.91 1.68 5.33 7.08 15.84
7.96 7.96 6.28 5.26 6.72 8.61 8.91 9.64 9.86 7.66 3.21 0.22 0.00 8.61 11.83 12.70 14.45 13.29 11.68 9.93 9.05 6.64 4.67 6.06 6.79 10.80 10.80 11.39 8.10 5.91 3.87 2.92 3.21 1.83 0.37 0.00 0.00 0.00 0.00 0.00 15.26 14.45 13.94 14.16 14.82 15.55 13.65 12.85 11.53 12.05 11.75 11.75 13.51 14.67 16.86 18.54 18.54 16.64 13.72 12.19 11.90 10.95 9.71 8.83 7.88 8.10 9.64 11.61 14.97 15.40 13.87 12.12 11.46 12.19 13.29 13.29 13.29 13.21 9.71 4.60 1.90 14.31 17.45
6.50 6.50 6.28 5.33 6.72 7.01 6.94 9.05 10.95 8.32 3.72 1.10 0.00 9.05 12.05 13.29 12.63 12.34 12.05 10.07 8.47 7.23 6.06 5.33 6.86 10.44 10.44 8.61 6.42 4.31 1.39 2.04 2.41 2.92 3.50 2.48 0.00 0.00 0.00 14.60 14.67 13.87 11.90 15.33 13.94 12.48 11.53 13.21 12.85 13.07 11.24 11.24 11.32 10.66 11.53 12.12 8.91 6.64 6.94 9.71 9.86 8.47 5.18 3.50 4.96 7.66 10.51 13.07 14.31 14.02 13.94 13.51 13.07 11.46 8.25 6.35 6.35 8.03 7.23 4.89 2.56 13.21 15.70
5.33 5.33 4.96 2.70 3.72 5.33 5.26 6.79 7.45 6.50 6.06 5.26 12.41 12.19 12.26 11.39 11.02 11.24 10.51 8.98 7.37 6.42 5.77 4.16 5.04 5.40 5.40 5.33 5.91 6.06 5.62 6.64 5.99 4.96 3.21 2.41 0.00 0.00 0.00 14.53 16.28 12.78 11.61 12.41 11.32 10.29 8.91 10.51 11.83 12.05 11.90 11.90 11.53 8.32 4.82 0.73 0.00 0.00 0.66 5.62 6.57 2.77 0.00 1.39 5.33 7.15 7.59 9.49 11.61 13.43 15.55 13.51 11.53 8.32 4.23 4.23 4.23 6.06 7.74 6.28 8.54 10.37 11.10
4.82 4.82 3.87 5.91 6.13 5.11 4.38 7.37 8.61 9.56 11.17 11.39 15.70 15.62 13.80 11.10 10.29 11.61 11.68 9.05 6.86 7.23 6.20 2.34 0.22 3.29 3.29 5.48 2.70 2.04 3.80 4.60 4.96 3.36 3.36 0.00 0.00 0.00 0.00 13.43 12.34 11.97 11.24 11.61 12.41 11.17 12.92 13.94 12.41 10.88 11.83 11.83 14.82 9.71 1.97 0.00 0.00 0.00 0.00 2.04 3.50 1.39 1.46 3.50 4.60 5.18 5.69 6.94 9.71 11.90 14.53 14.97 12.12 11.32 6.50 8.18 8.18 10.15 10.22 7.96 8.25 10.22 12.19
3.50 3.50 3.43 4.31 8.91 5.11 6.06 7.88 8.91 12.78 12.56 14.60 12.26 11.17 11.46 11.17 13.65 11.39 9.71 6.06 4.67 8.40 8.40 6.57 4.53 5.99 5.99 6.13 4.23 3.50 4.38 3.36 6.42 5.40 0.00 0.00 0.00 0.00 13.80 13.87 13.65 13.87 14.82 14.45 13.07 11.10 11.53 14.60 12.85 9.34 7.59 7.59 6.79 4.67 1.39 0.07 0.00 0.00 2.19 3.65 5.04 6.57 7.45 8.03 8.25 8.18 8.32 9.56 12.12 14.09 16.28 17.01 14.24 9.78 8.83 11.39 11.39 14.31 14.60 10.15 10.59 11.68 13.14
0.00 0.00 0.00 0.00 2.85 5.26 8.91 10.51 10.59 11.46 13.87 12.41 12.19 14.02 14.31 15.11 14.45 14.02 9.93 4.53 5.55 10.66 7.66 6.79 9.93 10.66 10.66 8.69 8.98 7.88 6.42 5.26 5.04 4.67 0.00 0.00 0.00 0.00 15.62 14.89 15.33 14.67 14.97 15.11 14.82 13.29 13.87 13.51 13.36 11.32 9.20 9.20 6.64 3.36 4.96 5.62 3.14 2.85 2.85 3.94 6.42 8.69 9.93 10.73 12.19 14.16 14.97 13.21 11.39 12.34 14.89 13.36 11.32 10.22 8.91 12.41 12.41 15.40 13.51 10.80 9.86 12.26 13.07
0.00 0.00 0.00 0.00 2.85 5.26 8.91 10.51 10.59 11.46 13.87 12.41 12.19 14.02 14.31 15.11 14.45 14.02 9.93 4.53 5.55 10.66 7.66 6.79 9.93 10.66 10.66 8.69 8.98 7.88 6.42 5.26 5.04 4.67 0.00 0.00 0.00 0.00 15.62 14.89 15.33 14.67 14.97 15.11 14.82 13.29 13.87 13.51 13.36 11.32 9.20 9.20 6.64 3.36 4.96 5.62 3.14 2.85 2.85 3.94 6.42 8.69 9.93 10.73 12.19 14.16 14.97 13.21 11.39 12.34 14.89 13.36 11.32 10.22 8.91 12.41 12.41 15.40 13.51 10.80 9.86 12.26 13.07
0.00 0.00 3.58 3.14 1.61 6.50 8.91 9.42 10.59 11.68 12.92 14.38 14.89 14.60 13.65 13.36 12.41 10.88 10.88 10.59 13.87 14.16 6.13 3.07 4.74 7.52 7.52 10.44 11.83 6.42 4.60 3.36 2.70 2.56 3.43 0.00 0.00 9.05 8.54 6.94 12.99 10.59 11.90 12.92 14.89 9.93 11.46 12.05 10.44 10.80 10.44 10.44 9.49 9.34 7.30 4.67 3.43 4.74 7.23 8.54 9.56 12.41 15.18 16.28 17.30 19.42 20.15 18.40 16.21 14.82 15.26 8.32 4.82 4.53 5.04 6.50 6.50 10.66 10.07 13.58 12.12 12.26 9.93
