Wansh/Snow_depth/snowdepth-1995/spring/1995061.txt
ncols 321
nrows 161
xllcenter 60
yllcenter 15 
cellsize  0.25 
NODATA_value -1
[rows 0 to 36 of 161, columns 84 to 167 of 321]
22.05 23.14 23.14 22.41 22.41 20.95 16.64 17.74 15.11 17.52 16.64 18.32 18.18 19.20 19.56 18.54 19.27 21.17 21.17 20.95 19.27 20.00 15.48 7.81 9.27 2.70 0.80 1.02 0.51 2.77 1.97 7.23 11.46 10.66 12.85 8.83 10.29 10.29 11.10 12.26 12.05 12.12 12.34 12.34 7.37 8.76 3.72 3.94 3.80 3.87 5.26 7.30 9.05 7.59 9.27 9.27 6.42 6.35 4.96 3.36 2.12 2.48 1.68 1.46 2.63 1.39 2.85 2.99 2.99 4.31 5.91 7.88 7.74 9.05 8.40 14.75 14.75 14.60 13.94 10.44 14.31 13.36 11.83 10.73
23.73 23.14 22.19 22.34 19.71 17.16 17.37 16.79 16.50 18.91 19.35 20.00 17.37 13.87 15.40 15.55 15.33 17.37 17.37 19.64 19.49 20.22 17.74 18.54 12.26 4.67 5.84 1.97 0.66 0.66 2.04 4.02 4.23 7.96 7.45 7.66 7.66 8.47 10.51 10.15 11.17 14.16 13.51 13.51 13.65 16.35 5.69 8.61 3.21 3.14 3.50 2.92 5.18 2.04 2.48 3.87 5.69 6.72 6.57 4.82 5.40 8.32 6.42 7.08 4.60 1.97 7.45 7.30 7.30 8.03 8.83 9.13 10.29 10.51 11.75 12.26 16.28 13.51 16.72 15.48 15.91 14.45 12.34 17.45
23.21 23.36 20.29 16.86 19.49 17.37 21.32 20.37 23.00 23.58 22.19 19.27 19.78 15.91 12.78 14.45 10.95 9.56 9.56 14.24 10.29 14.09 19.20 15.40 16.64 8.98 2.63 1.68 1.31 1.68 2.19 2.41 3.21 6.35 6.13 6.86 8.03 7.52 10.29 13.80 13.80 13.80 14.02 14.02 17.96 22.34 15.18 17.45 8.83 6.79 3.72 3.72 1.39 2.26 4.96 3.87 5.69 8.10 7.45 9.42 9.05 9.71 13.21 11.75 11.53 10.59 10.66 10.88 10.88 12.85 13.29 12.34 11.39 11.46 11.53 14.38 17.45 18.47 19.86 19.56 19.05 19.71 19.56 19.49
23.21 23.36 20.29 16.86 19.49 17.37 21.32 20.37 23.00 23.58 22.19 19.27 19.78 15.91 12.78 14.45 10.95 9.56 9.56 14.24 10.29 14.09 19.20 15.40 16.64 8.98 2.63 1.68 1.31 1.68 2.19 2.41 3.21 6.35 6.13 6.86 8.03 7.52 10.29 13.80 13.80 13.80 14.02 14.02 17.96 22.34 15.18 17.45 8.83 6.79 3.72 3.72 1.39 2.26 4.96 3.87 5.69 8.10 7.45 9.42 9.05 9.71 13.21 11.75 11.53 10.59 10.66 10.88 10.88 12.85 13.29 12.34 11.39 11.46 11.53 14.38 17.45 18.47 19.86 19.56 19.05 19.71 19.56 19.49
23.58 20.15 17.89 17.96 19.42 18.25 20.37 20.29 20.37 21.68 21.46 21.68 20.08 19.93 17.37 14.09 14.82 10.95 10.95 7.23 7.52 8.47 15.40 14.24 16.50 9.93 11.97 3.72 1.83 2.19 1.90 2.99 4.23 4.38 7.08 10.22 10.51 10.37 13.43 13.51 14.24 13.07 13.58 13.58 21.32 20.81 21.90 20.00 6.35 12.85 6.94 4.38 1.97 2.48 2.34 3.80 4.89 4.09 6.13 9.71 11.68 13.14 12.92 13.43 12.12 11.02 14.16 14.16 14.16 13.58 14.24 12.92 11.68 12.92 13.80 13.87 19.27 17.37 20.08 16.72 17.52 18.32 16.94 18.91
23.73 24.09 23.00 20.51 20.59 18.10 16.64 17.59 17.59 17.30 19.56 19.35 19.27 19.93 20.51 19.86 21.46 19.64 19.64 20.73 13.87 8.32 7.23 7.81 11.46 9.05 9.05 4.31 3.80 3.43 1.97 3.50 2.99 5.77 8.83 8.47 9.49 9.05 10.51 9.42 13.07 10.44 12.99 12.99 16.94 15.40 19.71 13.94 14.45 8.91 8.98 8.18 2.41 2.70 3.36 4.23 4.31 5.91 9.42 8.25 10.59 14.82 12.99 16.86 15.84 16.57 14.82 12.99 12.99 12.56 11.24 12.19 12.26 12.78 13.80 11.17 14.16 10.44 9.93 10.51 12.92 12.26 16.35 19.49
24.09 22.85 23.07 21.02 20.73 20.08 19.27 18.98 18.98 19.35 16.57 17.30 13.21 13.94 18.32 20.88 20.44 21.75 21.75 18.61 12.70 14.02 8.40 9.20 8.47 8.25 4.53 5.18 3.87 4.09 3.58 3.72 4.23 5.99 5.84 8.69 9.13 7.96 6.64 7.37 8.54 6.64 12.34 12.34 14.31 11.32 14.02 15.55 13.29 8.18 5.18 3.29 2.70 2.70 2.92 4.23 5.69 8.32 10.29 11.32 11.17 14.97 13.80 18.32 18.10 17.45 16.86 17.01 17.01 15.99 12.99 16.50 16.57 15.18 14.89 16.43 13.80 14.09 10.51 10.51 11.17 12.41 15.11 13.94
24.09 22.85 23.07 21.02 20.73 20.08 19.27 18.98 18.98 19.35 16.57 17.30 13.21 13.94 18.32 20.88 20.44 21.75 21.75 18.61 12.70 14.02 8.40 9.20 8.47 8.25 4.53 5.18 3.87 4.09 3.58 3.72 4.23 5.99 5.84 8.69 9.13 7.96 6.64 7.37 8.54 6.64 12.34 12.34 14.31 11.32 14.02 15.55 13.29 8.18 5.18 3.29 2.70 2.70 2.92 4.23 5.69 8.32 10.29 11.32 11.17 14.97 13.80 18.32 18.10 17.45 16.86 17.01 17.01 15.99 12.99 16.50 16.57 15.18 14.89 16.43 13.80 14.09 10.51 10.51 11.17 12.41 15.11 13.94
20.66 20.08 20.44 20.59 20.29 21.10 20.95 21.32 19.78 19.78 17.01 12.05 13.14 11.46 17.30 15.70 23.80 25.92 25.92 25.99 25.04 22.05 13.51 15.11 7.37 5.48 5.62 5.26 4.38 4.16 4.45 4.38 5.11 5.62 6.94 13.51 10.95 12.12 8.69 7.23 5.48 4.23 5.11 5.11 9.86 7.52 5.04 6.20 5.77 7.96 6.50 3.72 8.61 6.35 6.28 6.50 5.77 8.61 9.34 10.88 10.29 12.41 13.94 15.18 13.80 16.72 16.35 13.21 13.21 14.89 16.43 16.28 17.45 17.81 17.16 17.67 17.45 14.38 12.92 15.33 12.48 10.95 11.32 13.43
19.42 18.98 18.83 19.35 21.02 20.73 20.73 18.91 18.83 17.08 14.31 15.11 12.19 11.32 13.72 23.00 21.61 26.06 26.06 25.92 23.65 23.94 16.43 8.61 9.78 5.48 5.18 4.67 5.11 4.74 3.72 4.09 4.16 7.01 8.03 10.44 10.07 10.66 9.20 6.28 4.53 5.77 5.77 5.77 4.53 4.82 4.96 4.67 5.26 9.56 10.73 10.80 10.07 11.53 12.78 11.46 9.71 10.00 9.64 10.95 10.15 11.24 10.22 9.71 11.83 11.83 11.90 12.70 12.70 14.02 17.96 17.89 18.03 17.08 17.74 19.27 18.32 19.93 19.35 20.88 15.40 15.91 11.53 10.44
19.49 19.49 19.20 19.20 17.23 14.75 19.13 16.72 16.13 16.21 15.11 13.72 13.87 15.99 20.15 18.98 24.53 26.21 26.21 26.21 25.92 21.24 12.05 13.58 7.81 6.57 6.20 4.60 4.09 3.87 3.87 3.80 4.60 6.28 5.55 7.96 9.71 9.05 7.08 8.47 7.37 8.98 6.72 6.72 7.52 8.98 7.81 7.59 7.30 10.66 12.26 18.83 16.21 12.70 14.38 11.39 14.97 14.53 13.65 14.24 11.32 14.45 11.97 11.10 11.75 14.09 16.13 18.69 18.69 17.96 19.64 21.24 22.92 22.12 22.56 20.15 18.69 23.94 26.28 20.66 16.72 12.12 12.19 16.13
19.49 19.49 19.20 19.20 17.23 14.75 19.13 16.72 16.13 16.21 15.11 13.72 13.87 15.99 20.15 18.98 24.53 26.21 26.21 26.21 25.92 21.24 12.05 13.58 7.81 6.57 6.20 4.60 4.09 3.87 3.87 3.80 4.60 6.28 5.55 7.96 9.71 9.05 7.08 8.47 7.37 8.98 6.72 6.72 7.52 8.98 7.81 7.59 7.30 10.66 12.26 18.83 16.21 12.70 14.38 11.39 14.97 14.53 13.65 14.24 11.32 14.45 11.97 11.10 11.75 14.09 16.13 18.69 18.69 17.96 19.64 21.24 22.92 22.12 22.56 20.15 18.69 23.94 26.28 20.66 16.72 12.12 12.19 16.13
14.89 14.31 17.89 14.89 15.70 12.41 11.17 10.95 12.34 13.43 13.87 14.16 17.74 16.57 20.51 24.16 26.13 25.62 25.62 26.13 21.68 23.07 14.82 9.05 9.27 7.37 5.69 5.04 6.50 5.55 6.35 6.50 12.48 12.78 9.42 9.71 10.73 14.67 9.49 13.29 12.70 11.83 12.12 12.12 8.54 9.93 9.49 8.69 8.98 10.66 18.25 21.46 20.15 20.81 19.42 16.86 17.74 17.30 19.20 17.59 15.18 15.70 12.19 10.95 13.07 14.31 14.97 17.96 17.96 21.61 23.29 22.63 24.45 25.04 26.57 28.54 28.69 28.91 27.74 23.94 23.58 22.27 20.59 21.46
13.36 14.16 14.24 11.90 10.44 10.51 10.29 12.34 14.31 13.51 17.52 18.83 18.10 23.14 25.55 25.33 24.16 23.80 23.80 21.46 22.41 15.99 11.75 11.68 9.64 7.37 5.48 5.69 5.99 13.72 16.21 16.79 16.86 16.21 18.69 16.57 17.81 20.73 20.00 16.06 17.74 16.79 15.40 15.40 16.21 13.51 23.07 14.31 19.93 14.53 22.05 21.10 23.21 23.80 22.12 20.37 21.83 18.54 20.15 16.64 14.75 13.87 15.70 16.94 16.57 15.77 15.84 18.54 18.54 21.83 24.82 23.58 27.30 26.57 28.32 28.32 28.03 19.42 19.71 19.56 19.35 21.39 16.57 16.35
11.97 13.29 10.73 11.17 10.80 11.10 10.00 9.86 10.95 16.94 15.99 17.67 20.22 19.35 23.21 24.02 22.48 22.41 22.41 21.32 17.01 17.96 13.58 10.80 12.26 11.39 11.53 9.86 13.72 12.92 16.06 21.32 22.70 21.17 19.20 18.40 18.54 19.42 24.24 22.48 22.34 22.63 28.47 28.47 27.74 25.77 25.77 21.24 24.31 20.81 23.73 26.06 25.19 26.50 26.65 29.42 28.76 22.63 17.45 11.90 12.85 10.51 12.63 14.82 11.97 15.18 16.86 15.91 15.91 19.49 21.32 24.09 24.89 21.97 28.18 21.61 20.22 16.43 12.05 11.97 15.26 18.83 18.54 18.03
11.75 12.34 12.19 12.26 12.78 12.63 9.93 8.61 8.32 8.25 10.44 12.85 12.19 15.33 17.59 17.08 19.93 19.71 19.71 17.30 17.74 15.55 14.16 14.02 13.87 13.51 13.07 14.16 15.77 15.26 20.37 23.21 22.63 18.61 18.98 16.13 17.23 19.93 20.88 23.87 26.28 24.45 24.67 24.67 23.36 18.25 16.72 20.44 20.08 18.40 20.88 16.64 17.52 22.34 27.67 27.81 30.73 20.44 16.21 10.00 12.85 11.53 9.20 10.15 11.10 13.36 16.21 18.98 18.98 22.48 21.17 24.16 22.78 23.14 23.43 21.90 21.90 16.64 10.07 6.35 14.60 18.03 14.89 19.93
11.75 12.34 12.19 12.26 12.78 12.63 9.93 8.61 8.32 8.25 10.44 12.85 12.19 15.33 17.59 17.08 19.93 19.71 19.71 17.30 17.74 15.55 14.16 14.02 13.87 13.51 13.07 14.16 15.77 15.26 20.37 23.21 22.63 18.61 18.98 16.13 17.23 19.93 20.88 23.87 26.28 24.45 24.67 24.67 23.36 18.25 16.72 20.44 20.08 18.40 20.88 16.64 17.52 22.34 27.67 27.81 30.73 20.44 16.21 10.00 12.85 11.53 9.20 10.15 11.10 13.36 16.21 18.98 18.98 22.48 21.17 24.16 22.78 23.14 23.43 21.90 21.90 16.64 10.07 6.35 14.60 18.03 14.89 19.93
11.97 13.51 15.26 14.89 18.54 18.76 13.58 8.03 6.86 7.96 7.59 9.86 14.67 13.72 16.21 18.54 19.13 19.35 19.35 16.21 14.38 14.60 13.21 12.41 11.97 15.04 14.97 14.97 15.55 16.43 19.42 23.00 22.56 22.34 20.66 16.50 15.48 16.79 14.67 20.51 18.47 18.98 18.69 18.69 18.18 18.69 17.67 17.89 16.35 16.86 16.50 16.13 16.86 19.13 16.72 18.54 16.86 18.61 14.31 13.65 14.89 14.60 15.11 13.07 11.75 14.67 15.55 18.91 18.91 24.45 25.19 22.19 23.51 21.90 22.12 18.40 12.63 7.37 8.61 6.50 11.32 10.88 13.21 15.04
11.53 12.85 15.62 19.42 21.97 21.61 19.86 12.99 14.45 9.20 10.88 11.10 10.95 14.24 14.09 16.28 13.94 16.64 16.64 15.55 15.91 13.87 9.86 10.29 9.71 13.43 15.84 17.45 17.01 17.16 17.89 17.16 22.92 24.16 21.83 16.50 14.45 14.60 15.55 15.04 14.67 11.97 17.23 17.23 19.05 18.98 18.03 15.48 14.82 15.48 15.70 15.48 18.47 18.54 16.94 16.28 18.91 17.45 17.52 16.57 19.71 20.37 24.60 20.37 17.96 17.08 16.28 20.59 20.59 24.89 26.72 24.38 18.76 20.51 16.06 16.64 12.48 9.05 8.69 8.69 9.42 8.98 10.95 10.66
9.86 13.29 15.62 17.52 22.12 23.14 23.51 16.79 12.19 12.63 11.97 11.61 12.92 12.56 13.36 11.53 14.31 13.51 13.51 15.62 15.04 15.26 13.43 13.07 13.65 14.89 16.43 16.43 13.43 14.02 14.16 19.35 17.23 20.08 15.33 13.94 7.52 10.51 3.65 5.33 4.82 9.13 13.29 13.29 13.80 15.99 16.28 15.40 16.06 19.78 26.79 23.58 21.97 23.00 20.95 21.83 21.68 21.53 24.31 24.09 21.53 25.04 24.60 23.87 21.10 22.85 24.75 27.08 27.08 26.65 23.58 17.89 13.80 16.79 17.74 14.53 11.32 8.54 7.96 7.08 6.06 8.54 10.29 9.78
9.05 12.85 15.33 16.28 15.99 17.67 18.47 21.02 16.64 16.28 20.51 16.13 17.08 16.28 22.27 13.14 11.32 15.55 15.55 17.08 18.47 17.23 15.48 15.77 15.62 21.32 21.61 18.91 13.80 13.72 8.98 12.41 10.29 14.53 10.07 5.33 4.09 1.24 1.68 3.14 7.66 11.75 11.02 11.02 12.26 15.04 16.13 14.89 27.96 27.01 29.05 28.62 28.25 28.03 25.84 25.48 27.01 27.74 24.67 21.53 23.94 22.05 23.36 20.37 21.75 23.14 25.55 22.48 22.48 20.15 12.70 14.75 10.88 11.17 8.98 5.91 6.42 5.40 5.77 5.62 5.18 7.23 7.23 9.93
13.07 14.67 14.53 14.31 14.45 14.16 15.84 18.40 21.53 21.17 22.70 24.24 28.03 27.38 28.91 22.63 18.54 19.05 19.05 18.25 19.35 21.32 21.97 21.75 21.83 23.58 22.78 23.51 17.67 19.20 10.88 10.51 8.32 6.20 8.91 2.34 1.24 0.29 0.66 0.00 6.50 9.93 3.94 3.94 9.34 13.80 13.72 16.79 21.83 17.16 21.10 23.43 21.75 26.79 28.40 24.60 25.62 26.28 23.94 17.30 14.89 17.23 18.18 19.78 18.83 21.10 21.17 21.32 21.32 18.25 16.86 13.21 10.80 8.91 6.86 6.13 8.98 7.23 6.64 6.20 5.77 5.84 4.96 6.35
13.07 14.67 14.53 14.31 14.45 14.16 15.84 18.40 21.53 21.17 22.70 24.24 28.03 27.38 28.91 22.63 18.54 19.05 19.05 18.25 19.35 21.32 21.97 21.75 21.83 23.58 22.78 23.51 17.67 19.20 10.88 10.51 8.32 6.20 8.91 2.34 1.24 0.29 0.66 0.00 6.50 9.93 3.94 3.94 9.34 13.80 13.72 16.79 21.83 17.16 21.10 23.43 21.75 26.79 28.40 24.60 25.62 26.28 23.94 17.30 14.89 17.23 18.18 19.78 18.83 21.10 21.17 21.32 21.32 18.25 16.86 13.21 10.80 8.91 6.86 6.13 8.98 7.23 6.64 6.20 5.77 5.84 4.96 6.35
14.02 11.53 11.83 11.75 11.75 14.16 18.98 17.59 23.58 23.94 23.80 23.87 25.33 27.96 27.38 28.32 25.26 22.92 22.92 21.10 21.53 20.51 21.61 21.90 22.19 23.14 23.07 23.29 22.48 18.98 15.26 11.53 6.35 5.33 3.80 2.56 1.17 0.00 0.80 0.00 3.65 1.61 0.51 0.51 3.87 7.59 3.94 6.50 2.70 6.13 9.71 12.85 6.13 13.72 11.97 19.20 18.83 7.88 12.85 9.93 14.09 16.57 17.30 19.13 21.17 21.39 20.00 20.15 20.15 19.78 20.37 18.03 13.58 11.10 11.02 13.21 8.54 7.59 6.42 7.52 6.50 4.23 4.96 4.45
12.56 12.70 14.24 17.89 21.97 21.32 26.13 31.03 29.42 30.66 25.19 23.00 19.13 20.22 17.81 21.24 23.21 23.00 23.00 22.85 22.27 25.55 25.70 24.13 23.04 24.68 23.37 21.68 20.44 21.75 13.21 6.86 5.40 2.19 1.53 1.39 0.00 0.00 0.07 1.02 1.39 1.17 1.10 1.10 0.00 3.36 4.96 0.00 0.00 3.14 4.60 0.00 1.61 4.82 1.83 3.14 2.63 5.18 7.45 7.45 12.34 15.18 15.55 17.89 20.44 20.66 18.25 19.35 19.35 21.90 21.83 19.64 18.83 14.67 9.93 11.68 8.40 6.57 8.25 8.47 9.20 7.74 4.96 3.58
16.72 18.54 18.18 20.37 23.00 26.50 25.62 29.13 28.98 23.29 24.45 20.88 18.32 13.58 14.09 16.06 22.48 20.22 20.22 21.90 25.70 25.33 27.01 28.35 30.58 25.18 25.22 26.94 23.94 24.31 21.17 10.88 5.55 8.03 9.56 4.96 0.95 0.22 3.21 1.61 0.73 0.44 0.00 0.00 1.02 0.51 0.00 0.00 0.00 0.00 0.00 0.00 0.00 0.00 0.95 3.14 4.23 6.42 3.80 10.66 14.31 16.79 16.06 16.57 18.47 17.52 16.94 16.79 16.79 19.93 18.32 20.15 16.06 11.97 10.00 14.60 11.46 11.39 11.46 10.15 12.63 9.34 3.94 6.86
20.08 20.29 19.93 19.27 21.68 23.00 24.97 24.31 24.89 19.49 14.89 8.47 6.35 11.46 4.38 7.59 14.60 13.43 13.43 16.79 17.23 7.78 14.22 24.84 23.53 26.10 29.35 27.65 28.97 28.08 24.60 23.65 19.35 14.89 10.00 13.21 7.01 4.74 5.99 1.24 1.97 0.07 0.00 0.00 0.00 0.00 0.00 0.00 0.00 0.00 0.00 0.00 0.00 0.00 0.00 2.63 2.70 5.18 6.42 11.10 16.21 18.18 24.60 21.90 19.49 20.44 22.63 24.89 24.89 24.31 20.15 19.71 19.20 17.67 18.61 16.86 15.18 12.56 13.29 12.56 9.49 11.61 7.74 11.32
20.29 19.42 19.64 18.18 18.47 19.56 19.35 18.69 15.33 10.73 8.69 9.05 6.13 4.16 5.55 4.89 8.03 9.86 9.86 6.12 0.00 5.56 4.14 8.18 3.34 17.08 22.65 28.80 30.54 27.95 29.05 28.18 21.24 23.00 26.28 22.63 16.35 7.59 4.82 2.48 2.99 0.00 0.37 0.37 0.00 0.00 0.00 0.00 0.00 0.00 0.00 0.00 0.00 0.00 0.00 0.00 2.19 4.96 3.07 10.66 14.89 19.05 24.16 26.28 25.33 30.37 29.71 27.01 27.01 23.94 24.82 20.66 18.18 17.96 18.32 18.69 16.13 16.35 16.06 15.40 15.04 15.26 15.70 14.89
20.29 19.42 19.64 18.18 18.47 19.56 19.35 18.69 15.33 10.73 8.69 9.05 6.13 4.16 5.55 4.89 8.03 9.86 9.90 6.31 0.00 5.95 4.04 8.39 3.29 17.08 21.97 26.77 28.54 28.38 29.35 29.35 23.87 24.33 26.95 22.63 16.35 7.59 4.82 2.48 2.99 0.00 0.37 0.37 0.00 0.00 0.00 0.00 0.00 0.00 0.00 0.00 0.00 0.00 0.00 0.00 2.19 4.96 3.07 10.66 14.89 19.05 24.16 26.28 25.33 30.37 29.71 27.01 27.01 23.94 24.82 20.66 18.18 17.96 18.32 18.69 16.13 16.35 16.06 15.40 15.04 15.26 15.70 14.89
20.66 19.35 17.81 18.18 16.57 17.89 17.74 17.59 17.30 13.94 11.68 8.69 9.64 5.69 6.42 13.07 15.70 10.07 10.07 12.05 4.23 4.38 0.00 0.00 0.00 1.77 16.37 10.49 23.21 20.47 26.69 30.03 32.17 28.77 27.85 27.01 21.83 22.12 12.70 4.31 6.28 2.12 2.70 2.70 0.37 0.00 0.00 0.00 0.00 0.00 0.00 0.00 0.00 0.00 0.00 0.00 0.00 0.00 3.29 7.37 14.53 11.75 20.29 26.79 24.82 30.81 29.42 25.48 25.48 22.63 23.51 17.08 17.01 17.81 19.05 18.61 17.16 17.67 17.01 13.14 12.92 14.24 15.11 19.05
20.51 20.08 17.59 14.82 14.60 13.80 13.58 15.55 14.89 14.89 13.72 11.75 8.83 8.61 13.36 11.68 16.86 15.84 15.84 12.18 6.64 0.00 0.00 0.00 0.00 0.00 0.00 0.00 7.90 9.88 17.30 19.42 22.56 23.47 27.08 31.02 26.38 27.59 18.91 20.66 14.67 5.84 1.90 1.90 1.17 0.66 1.39 1.83 1.46 0.00 1.02 0.00 0.00 0.00 0.00 0.00 0.00 0.00 0.00 0.00 4.53 0.00 12.70 21.97 19.05 29.35 27.16 25.19 25.19 22.19 21.61 16.06 16.06 12.92 14.75 13.36 11.97 9.93 10.22 10.22 10.66 11.97 13.58 15.99
20.66 22.56 24.16 24.16 20.37 15.18 15.26 14.89 16.64 14.82 11.90 8.54 9.34 7.08 10.88 12.48 12.63 11.53 11.53 12.19 8.25 3.14 3.21 0.00 0.00 0.00 0.00 0.00 2.47 5.15 10.07 12.92 16.72 12.48 23.21 26.11 31.93 29.35 26.79 28.03 20.08 21.97 5.62 5.62 3.14 3.29 1.31 1.24 1.46 0.95 0.73 0.00 0.88 0.00 0.00 0.00 0.00 0.00 0.00 0.00 0.00 0.00 7.74 19.05 17.96 23.43 22.63 23.65 23.65 18.40 20.22 20.51 7.59 7.96 9.78 9.20 7.37 10.29 11.17 12.92 14.24 14.31 14.16 12.56
17.45 20.95 25.19 23.21 24.16 17.96 14.67 16.43 17.74 18.03 16.06 11.24 14.24 10.95 9.93 10.80 11.39 9.71 9.71 3.80 5.18 3.43 4.23 3.36 0.00 0.00 0.00 2.20 7.81 5.55 6.94 6.94 3.21 5.04 11.61 20.44 19.19 28.67 30.69 27.43 22.27 24.09 16.13 16.13 13.36 7.01 2.92 1.17 2.26 1.17 0.95 1.61 1.90 1.17 0.00 0.44 0.00 0.00 0.00 4.23 3.58 0.00 3.72 4.53 11.02 14.75 7.66 12.05 12.05 9.34 3.14 3.65 3.36 2.92 5.84 7.59 7.01 9.49 10.37 11.46 14.09 8.47 9.05 10.73
10.95 14.24 18.69 22.63 18.32 16.28 13.51 11.39 8.77 8.25 15.04 16.13 17.08 12.92 9.13 7.81 1.68 1.90 1.90 2.92 3.94 5.48 5.26 4.89 5.40 3.87 0.00 1.70 2.70 4.82 6.06 1.61 0.00 0.00 5.69 11.32 10.15 21.39 24.46 19.69 22.30 16.79 19.20 19.20 15.55 12.26 7.59 5.99 7.01 4.23 1.68 4.53 2.63 1.75 2.19 1.83 0.00 4.45 5.48 5.40 5.48 1.46 1.53 1.24 3.72 7.30 2.56 4.60 4.60 7.45 0.00 1.75 0.00 2.19 2.85 6.20 4.96 7.74 8.18 7.81 9.42 5.04 6.72 5.26
16.28 12.26 8.76 11.02 9.93 17.59 19.20 15.62 6.66 7.52 7.45 14.31 11.90 4.89 1.90 3.50 0.95 0.00 0.00 0.00 2.85 5.04 7.96 7.30 5.91 5.55 1.68 0.00 0.00 0.00 0.00 0.00 0.00 0.00 0.51 4.96 3.07 7.59 6.28 11.75 16.52 20.00 14.82 14.82 10.07 13.87 13.43 11.53 9.13 10.29 5.18 7.52 2.63 1.68 2.04 0.00 0.00 0.00 2.63 0.00 2.70 3.43 2.19 2.41 0.00 0.00 0.00 0.00 0.00 0.00 0.00 0.00 0.00 0.00 1.97 3.36 0.73 2.56 2.92 0.51 3.07 2.56 4.38 3.58
16.28 12.26 8.76 11.02 9.93 17.59 19.20 15.62 6.50 7.52 7.45 14.31 11.90 4.89 1.90 3.50 0.95 0.00 0.00 0.00 2.85 5.04 7.96 7.30 5.91 5.55 1.68 0.00 0.00 0.00 0.00 0.00 0.00 0.00 0.51 4.99 3.07 7.56 6.34 11.75 16.35 20.00 14.82 14.82 10.07 13.87 13.43 11.53 9.13 10.29 5.18 7.52 2.63 1.68 2.04 0.00 0.00 0.00 2.63 0.00 2.70 3.43 2.19 2.41 0.00 0.00 0.00 0.00 0.00 0.00 0.00 0.00 0.00 0.00 1.97 3.36 0.73 2.56 2.92 0.51 3.07 2.56 4.38 3.58
16.35 17.45 9.93 7.74 13.87 11.17 19.42 21.49 12.52 6.72 6.28 5.40 5.62 4.23 0.80 0.00 0.00 0.00 0.00 0.00 0.00 4.74 4.96 8.03 5.91 6.28 0.00 1.39 0.00 0.00 0.00 0.00 0.00 0.00 0.00 0.15 1.02 2.63 5.14 5.77 3.14 12.48 3.43 3.43 5.55 9.78 12.85 13.43 11.53 13.14 11.32 10.29 5.26 1.97 2.19 2.63 0.00 0.00 0.00 2.48 3.50 3.65 3.87 3.29 1.46 0.00 0.00 0.00 0.00 0.00 0.00 0.00 0.00 0.00 0.00 0.00 0.00 0.00 0.00 0.00 0.80 0.66 1.68 1.10
