Wansh/Snow_depth/snowdepth-1995/spring/1995086.txt
ncols 321
nrows 161
xllcenter 60
yllcenter 15 
cellsize  0.25 
NODATA_value -1
[rows 0 to 36 of 161, columns 84 to 167 of 321]
16.28 15.18 15.04 15.04 16.43 16.06 16.50 13.36 10.22 10.15 9.34 10.07 9.93 12.63 14.31 17.37 17.30 16.13 16.13 16.50 17.81 15.99 16.28 9.78 6.72 7.81 0.00 0.00 0.00 0.00 0.00 3.21 5.69 5.26 4.38 5.18 5.40 4.67 5.18 3.87 8.03 10.88 8.54 8.54 3.87 4.23 0.00 1.83 0.00 0.00 0.00 3.94 4.67 4.82 3.58 4.82 7.74 5.69 8.25 7.15 3.36 3.07 2.56 1.46 2.19 1.31 2.56 4.45 4.45 2.77 3.43 3.43 3.43 7.37 6.86 8.61 10.22 9.78 11.24 11.24 11.39 10.80 9.56 9.56
18.61 14.82 13.29 14.97 15.26 16.06 14.60 14.53 13.29 11.17 11.68 8.69 7.88 7.66 10.22 6.42 13.14 13.14 13.14 12.19 12.48 15.91 14.53 14.60 9.49 4.23 5.69 0.00 0.00 0.00 3.87 3.43 4.16 0.00 0.00 0.00 0.00 0.00 2.12 8.10 7.23 9.93 10.15 10.15 11.53 11.68 4.09 0.00 0.00 0.00 0.00 0.00 0.00 2.63 2.77 3.87 5.26 5.11 5.77 5.40 4.89 7.88 5.69 4.53 7.08 6.13 5.91 5.48 5.48 6.13 6.72 7.37 9.20 9.56 11.68 10.88 12.63 15.18 14.67 12.85 9.64 13.51 10.88 16.43
17.30 17.89 15.11 14.24 0.00 0.00 10.95 12.78 13.21 10.07 9.42 9.71 7.88 5.18 4.60 4.89 0.00 8.25 8.25 8.47 7.30 13.07 12.99 12.05 11.10 9.93 0.00 0.00 0.00 4.60 4.67 3.29 0.00 0.00 0.00 0.00 0.00 4.60 4.38 8.32 7.45 10.80 12.05 12.05 15.33 14.53 14.09 14.82 8.32 0.00 3.80 0.00 1.83 0.00 2.19 4.31 4.02 6.42 8.69 8.32 9.93 9.42 9.56 8.54 7.15 7.52 6.42 11.17 11.17 10.73 8.83 9.64 8.98 9.13 14.89 13.43 17.01 18.18 17.96 16.43 17.74 18.10 19.27 18.91
17.30 17.89 15.11 14.24 0.00 0.00 10.95 12.78 13.21 10.07 9.42 9.71 7.88 5.18 4.60 4.89 0.00 8.25 8.25 8.47 7.30 13.07 12.99 12.05 11.10 9.93 0.00 0.00 0.00 4.60 4.67 3.29 0.00 0.00 0.00 0.00 0.00 4.60 4.38 8.32 7.45 10.80 12.05 12.05 15.33 14.53 14.09 14.82 8.32 0.00 3.80 0.00 1.83 0.00 2.19 4.31 4.02 6.42 8.69 8.32 9.93 9.42 9.56 8.54 7.15 7.52 6.42 11.17 11.17 10.73 8.83 9.64 8.98 9.13 14.89 13.43 17.01 18.18 17.96 16.43 17.74 18.10 19.27 18.91
16.43 16.72 13.72 11.46 0.00 0.00 0.00 0.00 0.00 0.00 0.00 0.00 0.00 0.00 0.00 0.00 0.00 0.00 0.00 0.00 0.00 0.00 0.00 9.86 9.93 0.00 6.28 0.00 0.00 0.00 0.00 3.94 3.29 4.67 4.09 5.18 0.00 5.11 6.20 6.13 5.33 0.00 0.80 0.80 5.11 12.19 17.52 13.51 6.20 7.45 2.41 0.00 2.04 0.00 0.00 0.00 4.74 7.23 6.50 9.78 10.51 12.56 11.97 14.31 13.21 11.46 11.46 11.68 11.68 10.80 10.80 10.22 9.05 9.20 8.32 9.78 14.09 11.61 13.72 18.54 17.45 16.72 14.31 16.06
19.42 15.99 0.00 13.80 0.00 0.00 0.00 0.00 0.00 0.00 0.00 0.00 0.00 0.00 0.00 0.00 0.00 0.00 0.00 0.00 0.00 0.00 0.00 0.00 0.00 0.00 0.00 0.00 0.00 0.00 0.00 0.00 0.00 4.45 0.00 0.00 0.00 0.00 0.00 0.00 0.00 0.00 0.88 0.88 6.86 5.55 11.83 13.14 13.21 7.74 3.50 4.16 0.00 2.85 2.70 3.07 4.16 3.87 6.50 9.13 8.03 13.14 16.13 15.55 16.43 15.77 12.41 12.99 12.99 10.73 10.59 11.46 10.37 13.14 10.73 9.71 8.03 8.25 11.90 9.13 11.24 10.29 14.45 17.16
16.28 16.35 0.00 0.00 0.00 0.00 0.00 0.00 0.00 0.00 0.00 0.00 0.00 0.00 0.00 0.00 8.91 0.00 0.00 0.00 11.10 10.88 0.00 0.00 0.00 0.00 0.00 0.00 0.00 0.00 0.00 0.00 0.00 0.00 0.00 0.00 0.00 0.00 0.00 0.00 0.00 0.00 0.00 0.00 0.00 0.00 4.23 10.15 0.00 9.64 4.96 0.00 0.00 0.00 3.72 3.21 4.02 5.18 7.15 6.79 8.69 13.43 11.75 17.01 17.74 16.35 15.33 15.55 15.55 12.41 13.29 13.43 13.58 13.51 13.07 13.80 11.83 7.52 8.98 9.56 10.51 10.44 12.56 11.61
16.28 16.35 0.00 0.00 0.00 0.00 0.00 0.00 0.00 0.00 0.00 0.00 0.00 0.00 0.00 0.00 8.91 0.00 0.00 0.00 11.10 10.88 0.00 0.00 0.00 0.00 0.00 0.00 0.00 0.00 0.00 0.00 0.00 0.00 0.00 0.00 0.00 0.00 0.00 0.00 0.00 0.00 0.00 0.00 0.00 0.00 4.23 10.15 0.00 9.64 4.96 0.00 0.00 0.00 3.72 3.21 4.02 5.18 7.15 6.79 8.69 13.43 11.75 17.01 17.74 16.35 15.33 15.55 15.55 12.41 13.29 13.43 13.58 13.51 13.07 13.80 11.83 7.52 8.98 9.56 10.51 10.44 12.56 11.61
0.00 0.00 0.00 0.00 0.00 0.00 0.00 0.00 0.00 0.00 0.00 0.00 0.00 0.00 7.37 10.44 9.56 14.82 14.82 13.14 12.70 12.70 11.68 0.00 0.00 0.00 0.00 0.00 0.00 0.00 0.00 0.00 0.00 0.00 0.00 0.00 0.00 0.00 0.00 0.00 0.00 0.00 0.00 0.00 0.00 0.00 0.00 0.00 0.00 4.82 5.33 4.96 5.48 4.31 4.23 4.31 4.74 4.60 5.69 7.96 8.40 9.34 9.64 12.85 15.11 14.75 15.33 11.75 11.75 12.78 12.56 14.97 14.60 15.62 16.35 14.60 12.12 11.75 13.80 12.05 12.85 10.15 9.93 9.86
6.28 0.00 0.00 0.00 0.00 0.00 0.00 0.00 0.00 3.29 3.43 3.50 0.00 6.94 0.00 8.83 14.75 14.45 14.45 15.40 16.06 16.35 0.00 0.00 0.00 0.00 0.00 0.00 0.00 0.00 0.00 0.00 0.00 0.00 0.00 0.00 0.00 0.00 0.00 0.00 0.00 0.00 0.00 0.00 0.00 4.16 0.00 0.00 6.64 0.00 6.13 10.07 7.45 7.66 8.32 8.32 6.50 8.40 5.26 7.37 6.64 9.20 9.71 9.27 9.20 11.10 11.53 12.99 12.99 12.70 12.78 13.36 15.55 15.91 18.18 14.45 16.28 14.89 18.03 15.11 15.33 11.39 11.02 9.05
13.21 0.00 0.00 14.53 0.00 0.00 1.90 1.46 1.97 0.00 0.00 0.00 1.97 0.95 5.91 5.69 4.53 12.70 12.70 13.80 13.72 0.00 0.00 0.00 0.00 0.00 0.00 0.00 0.00 0.00 0.00 0.00 0.00 0.00 0.00 0.00 4.02 5.04 0.00 0.00 0.00 0.00 5.69 5.69 5.48 5.55 4.31 6.35 5.55 9.20 12.56 11.83 13.29 10.22 10.95 9.86 10.80 13.51 10.44 12.99 10.37 9.86 10.07 9.56 9.20 10.73 13.07 16.13 16.13 18.83 17.45 16.79 20.00 19.42 19.42 19.05 18.69 19.13 24.38 21.02 15.62 12.63 14.60 9.56
13.21 0.00 0.00 14.53 0.00 0.00 1.90 1.46 1.97 0.00 0.00 0.00 1.97 0.95 5.91 5.69 4.53 12.70 12.70 13.80 13.72 0.00 0.00 0.00 0.00 0.00 0.00 0.00 0.00 0.00 0.00 0.00 0.00 0.00 0.00 0.00 4.02 5.04 0.00 0.00 0.00 0.00 5.69 5.69 5.48 5.55 4.31 6.35 5.55 9.20 12.56 11.83 13.29 10.22 10.95 9.86 10.80 13.51 10.44 12.99 10.37 9.86 10.07 9.56 9.20 10.73 13.07 16.13 16.13 18.83 17.45 16.79 20.00 19.42 19.42 19.05 18.69 19.13 24.38 21.02 15.62 12.63 14.60 9.56
0.00 17.74 16.64 13.87 1.61 0.00 0.00 0.00 0.00 0.00 0.00 0.00 0.00 0.00 0.00 2.41 2.48 0.00 0.00 0.00 0.00 0.00 0.00 0.00 0.00 0.00 0.00 0.00 0.00 3.80 0.00 6.79 8.91 0.00 4.96 6.64 6.35 8.03 9.34 9.56 10.51 9.93 7.66 7.66 10.66 11.68 5.91 6.13 10.00 9.49 12.26 21.32 17.89 13.36 12.78 11.53 13.87 13.36 15.04 11.75 11.61 10.95 10.51 10.44 9.93 11.61 14.31 13.21 13.21 16.43 18.76 20.08 23.00 21.83 24.89 25.92 26.06 23.80 25.11 23.29 20.81 21.24 17.81 14.97
0.00 14.24 3.14 4.82 0.00 0.00 0.00 0.00 0.00 0.00 0.00 0.00 0.00 0.00 0.00 8.32 0.00 0.00 0.00 4.82 0.00 0.00 0.00 0.00 0.00 0.00 0.00 4.96 4.16 7.01 10.00 9.93 12.78 16.28 16.72 14.97 14.89 14.31 12.12 12.26 12.34 12.78 14.31 14.31 14.09 16.94 18.18 20.22 18.83 18.10 21.39 21.39 20.81 14.31 12.26 12.48 12.85 19.27 10.66 12.99 11.17 11.90 10.80 13.14 13.58 14.09 13.87 14.60 14.60 17.52 20.15 24.38 23.65 23.00 24.31 25.62 21.68 27.08 19.56 17.52 17.30 20.08 17.74 15.48
11.02 5.40 0.00 0.00 0.00 0.00 0.00 0.00 0.00 0.00 0.00 6.86 0.00 10.07 11.46 10.73 13.29 8.40 8.40 7.81 9.20 7.01 4.74 0.00 7.08 7.23 0.00 6.50 11.17 10.73 15.11 19.13 17.37 18.98 15.99 16.50 15.04 16.35 19.86 19.49 20.88 23.14 18.76 18.76 21.83 19.86 22.27 21.10 16.28 18.25 21.32 21.24 21.02 25.55 25.19 28.25 25.40 26.72 18.25 9.42 5.33 7.59 6.72 10.66 8.76 12.63 14.60 15.33 15.33 17.89 22.34 20.00 21.75 22.41 20.08 19.05 20.44 13.72 10.73 11.02 14.02 18.61 18.10 17.89
0.00 2.26 0.00 0.00 0.00 0.00 0.00 0.00 0.00 0.00 0.00 7.96 10.95 10.51 12.48 12.99 13.51 12.92 12.92 10.95 7.66 8.32 7.01 8.40 8.10 9.86 9.49 7.88 10.80 13.65 13.14 16.43 18.83 15.99 15.70 13.58 15.77 14.53 21.53 21.32 21.61 21.75 19.93 19.93 20.66 17.74 17.30 16.43 16.13 15.70 18.61 17.74 18.18 22.70 19.35 24.31 20.29 21.90 11.75 5.40 7.01 6.35 4.60 5.18 6.72 11.53 14.89 14.53 14.53 21.32 17.59 20.59 20.81 19.64 20.29 19.78 19.78 19.27 4.67 5.18 12.41 15.91 16.86 17.81
0.00 2.26 0.00 0.00 0.00 0.00 0.00 0.00 0.00 0.00 0.00 7.96 10.95 10.51 12.48 12.99 13.51 12.92 12.92 10.95 7.66 8.32 7.01 8.40 8.10 9.86 9.49 7.88 10.80 13.65 13.14 16.43 18.83 15.99 15.70 13.58 15.77 14.53 21.53 21.32 21.61 21.75 19.93 19.93 20.66 17.74 17.30 16.43 16.13 15.70 18.61 17.74 18.18 22.70 19.35 24.31 20.29 21.90 11.75 5.40 7.01 6.35 4.60 5.18 6.72 11.53 14.89 14.53 14.53 21.32 17.59 20.59 20.81 19.64 20.29 19.78 19.78 19.27 4.67 5.18 12.41 15.91 16.86 17.81
1.02 1.61 1.02 0.00 8.40 0.00 0.00 0.00 0.00 0.00 0.00 0.00 9.13 12.48 12.34 12.26 12.99 12.78 12.78 12.56 7.23 6.28 6.72 4.67 10.07 9.64 9.93 9.49 11.17 11.02 14.53 17.67 17.30 18.91 15.62 16.57 13.21 13.80 18.18 19.49 17.96 18.03 17.96 17.96 16.72 18.18 17.52 18.25 18.69 15.26 14.82 14.67 14.24 14.97 14.09 18.32 18.83 12.99 10.51 10.22 9.78 8.32 12.99 8.40 11.53 13.14 13.14 20.00 20.00 18.40 22.48 20.44 21.17 19.35 21.02 17.89 10.80 4.74 6.28 5.11 9.42 7.66 7.74 12.34
0.00 3.43 4.38 8.91 7.74 0.00 0.00 0.00 0.00 0.00 0.00 8.98 7.74 12.12 10.80 11.17 8.03 11.46 11.46 9.64 10.37 6.50 4.23 4.45 6.06 10.07 9.34 10.59 11.68 11.97 12.34 13.87 19.71 19.71 17.30 14.02 14.53 12.12 9.34 10.29 13.36 16.43 15.99 15.99 20.22 19.42 19.35 20.08 19.71 17.67 16.21 15.70 15.91 16.06 19.93 20.81 14.97 16.06 13.07 17.59 19.35 16.94 22.12 15.84 17.16 17.01 13.58 15.11 15.11 23.07 23.43 21.53 14.89 16.57 16.13 17.45 9.64 5.99 4.82 5.11 5.69 5.04 7.08 9.78
0.00 0.00 1.02 4.74 0.00 3.21 0.00 0.00 0.00 0.00 0.00 8.98 8.47 7.96 9.34 7.01 10.07 9.49 9.49 9.86 9.78 9.86 5.84 6.35 6.06 9.93 13.94 12.92 13.36 10.37 10.95 9.86 12.56 15.62 12.92 14.97 8.91 6.94 6.64 4.23 7.30 6.20 14.75 14.75 17.74 19.20 19.64 19.20 22.56 30.08 22.41 30.00 26.57 22.05 22.63 23.00 23.87 25.70 21.10 18.69 20.37 23.80 23.65 22.05 21.17 20.44 19.86 25.55 25.55 25.55 24.38 15.48 10.44 10.95 7.37 12.70 7.15 3.36 3.07 4.60 5.62 4.53 6.86 8.91
0.00 0.00 0.00 0.00 0.00 0.00 0.00 0.00 0.00 0.00 0.00 0.00 0.00 0.00 0.00 5.26 10.29 13.72 13.72 10.88 11.75 12.41 13.29 13.87 11.68 14.97 14.38 15.62 13.07 9.56 6.86 9.13 8.25 12.48 12.26 3.94 5.62 0.00 0.00 4.67 2.85 8.10 8.61 8.61 13.43 12.19 17.52 23.00 23.65 29.20 32.27 31.61 32.63 27.38 27.45 26.65 27.81 24.60 22.70 23.87 21.61 20.59 22.19 22.92 21.53 21.97 23.80 24.97 24.97 18.32 10.07 12.41 8.18 5.84 7.15 1.53 6.50 1.53 2.70 3.07 2.99 4.89 6.50 5.11
0.00 0.00 0.00 0.00 0.00 0.00 0.00 0.00 0.00 0.00 0.00 0.00 0.00 0.00 0.00 0.00 10.59 14.67 14.67 13.94 14.53 15.26 14.82 15.11 16.43 18.03 18.03 18.54 16.06 13.80 9.13 7.08 9.71 8.69 10.22 3.65 0.00 0.15 0.00 2.48 7.96 7.37 6.13 6.13 8.32 11.75 10.88 14.31 20.95 10.29 13.87 12.85 25.55 27.67 19.78 21.39 18.98 22.41 22.48 16.43 20.29 20.15 19.64 21.24 20.51 22.78 23.00 21.75 21.75 17.74 12.26 13.94 5.99 8.32 2.99 2.04 1.10 3.36 3.80 3.50 3.80 4.23 2.70 2.92
0.00 0.00 0.00 0.00 0.00 0.00 0.00 0.00 0.00 0.00 0.00 0.00 0.00 0.00 0.00 0.00 10.59 14.67 14.67 13.94 14.53 15.26 14.82 15.11 16.43 18.03 18.03 18.54 16.06 13.80 9.13 7.08 9.71 8.69 10.22 3.65 0.00 0.15 0.00 2.48 7.96 7.37 6.13 6.13 8.32 11.75 10.88 14.31 20.95 10.29 13.87 12.85 25.55 27.67 19.78 21.39 18.98 22.41 22.48 16.43 20.29 20.15 19.64 21.24 20.51 22.78 23.00 21.75 21.75 17.74 12.26 13.94 5.99 8.32 2.99 2.04 1.10 3.36 3.80 3.50 3.80 4.23 2.70 2.92
0.00 0.00 0.00 0.00 0.00 0.00 0.00 0.00 10.59 10.59 7.66 0.00 0.00 0.00 0.00 17.16 16.43 17.01 17.01 14.31 15.26 14.89 14.53 16.64 17.74 17.52 18.32 19.05 19.56 16.21 10.37 6.72 7.01 4.02 1.46 3.29 0.37 0.00 0.00 0.00 4.53 3.80 0.00 0.00 2.04 0.00 0.00 0.00 0.00 0.00 6.42 10.29 3.80 8.76 11.39 15.48 17.01 8.69 14.31 13.07 17.52 19.42 19.56 20.59 23.00 22.56 21.46 21.83 21.83 19.27 21.97 18.61 13.21 15.33 5.33 8.10 4.53 4.23 2.99 2.99 5.48 4.31 4.74 2.56
0.00 0.00 0.00 0.00 0.00 0.00 4.53 0.00 7.15 0.00 0.00 0.00 0.00 8.10 11.24 15.62 15.99 15.77 15.77 15.77 17.23 16.94 17.23 15.94 17.02 19.68 17.99 18.98 20.95 17.74 14.09 7.66 4.02 4.53 1.39 0.00 0.00 0.00 0.29 0.66 0.00 0.07 0.00 0.00 0.00 0.00 0.00 0.00 0.00 0.00 0.00 0.00 0.00 0.00 0.00 0.00 3.80 0.00 7.88 7.01 14.16 17.89 16.86 19.56 21.61 22.05 17.96 20.08 20.08 21.97 21.32 22.27 19.35 15.18 15.26 12.19 4.45 3.94 4.23 7.45 7.30 6.13 2.56 0.73
1.39 0.00 0.00 0.00 0.00 0.00 0.00 0.00 0.00 0.00 0.00 0.00 0.00 0.00 10.44 13.80 13.36 13.07 13.07 18.32 18.83 15.77 11.90 13.67 19.27 18.62 20.92 20.02 21.24 20.95 16.35 12.99 6.94 2.85 3.58 1.31 0.58 1.17 1.31 1.39 0.44 0.00 0.00 0.00 0.00 0.00 0.00 0.00 0.00 0.00 0.00 0.00 0.00 0.00 0.00 0.00 0.00 0.00 0.00 4.38 14.16 18.54 15.18 17.59 18.76 17.37 16.21 17.16 17.16 18.54 18.98 18.03 18.54 13.94 14.97 11.53 8.10 8.76 9.13 9.05 8.98 6.86 4.31 2.12
0.44 0.00 0.00 0.00 0.00 0.00 0.00 0.00 0.00 0.00 0.00 0.00 0.00 0.00 0.00 7.88 7.37 7.96 7.96 1.02 0.00 8.52 6.32 5.34 7.11 7.04 18.54 21.09 21.90 22.05 19.05 18.40 18.32 18.91 13.36 11.53 6.72 8.25 2.26 1.39 0.07 0.29 0.00 0.00 0.00 0.00 0.00 0.00 0.00 0.00 0.00 0.00 0.00 0.00 0.00 0.00 0.00 0.00 4.02 7.01 18.25 15.33 16.57 22.41 18.98 17.89 18.25 17.37 17.37 23.51 20.08 18.91 18.03 12.99 15.11 14.09 11.83 9.56 8.83 11.24 8.03 9.27 7.01 11.68
0.00 0.00 0.00 0.00 0.00 0.00 0.00 0.00 0.00 0.00 0.00 0.00 0.00 0.00 0.00 0.00 0.00 0.00 0.00 0.00 0.00 0.00 0.00 0.00 0.00 0.00 5.34 5.08 18.78 18.80 18.64 18.91 20.95 18.83 19.49 17.37 11.83 3.80 5.33 1.90 0.66 0.00 0.00 0.00 0.00 0.00 0.00 0.00 0.00 0.00 0.00 0.00 0.00 0.00 0.00 0.00 0.00 0.00 0.00 3.36 23.58 17.96 26.72 27.01 25.48 28.25 26.94 24.89 24.89 25.62 24.02 20.81 17.52 16.28 16.50 14.89 13.07 15.62 15.77 13.87 12.48 13.58 14.82 15.70
0.00 0.00 0.00 0.00 0.00 0.00 0.00 0.00 0.00 0.00 0.00 0.00 0.00 0.00 0.00 0.00 0.00 0.00 0.00 0.00 0.00 0.00 0.00 0.00 0.00 0.00 5.18 4.72 17.55 19.09 18.82 19.69 23.54 19.93 19.99 17.37 11.83 3.80 5.33 1.90 0.66 0.00 0.00 0.00 0.00 0.00 0.00 0.00 0.00 0.00 0.00 0.00 0.00 0.00 0.00 0.00 0.00 0.00 0.00 3.36 23.58 17.96 26.72 27.01 25.48 28.25 26.94 24.89 24.89 25.62 24.02 20.81 17.52 16.28 16.50 14.89 13.07 15.62 15.77 13.87 12.48 13.58 14.82 15.70
0.00 0.00 2.70 2.77 3.50 0.00 0.00 0.00 0.00 0.00 0.00 0.00 0.00 0.00 0.00 0.00 0.00 0.00 0.00 0.00 0.00 0.00 0.00 0.00 0.00 0.00 0.00 0.00 0.00 0.00 0.00 3.40 17.91 24.59 22.28 22.69 19.54 9.05 2.99 3.58 1.68 0.73 0.51 0.51 0.00 0.00 0.00 0.00 0.00 0.00 0.00 0.00 0.00 0.00 0.00 0.00 0.00 0.00 0.00 0.00 3.87 8.91 19.71 25.70 21.83 27.08 26.21 25.04 25.04 20.37 17.45 18.47 16.43 13.43 16.06 16.57 14.82 15.11 15.04 15.70 11.83 11.61 14.82 14.24
0.00 0.00 6.72 5.62 6.06 1.61 2.04 6.13 1.97 3.29 2.19 0.00 0.00 0.00 0.00 0.00 3.87 3.43 3.43 0.00 0.00 0.00 0.00 0.00 0.00 0.00 0.00 0.00 0.00 0.00 0.00 0.00 1.90 13.63 11.42 20.44 22.68 19.08 20.44 14.09 11.46 3.21 4.60 4.60 0.51 0.00 0.00 0.00 0.00 0.00 0.00 0.00 0.00 0.00 0.00 0.00 0.00 0.00 0.00 0.00 2.56 0.00 11.32 20.66 17.59 27.08 26.94 21.90 21.90 19.35 16.50 9.56 13.36 9.27 14.75 10.95 10.51 9.93 9.78 9.13 9.27 9.56 12.26 11.39
0.00 0.00 3.87 7.01 5.62 6.20 6.13 7.01 7.15 5.26 5.33 0.51 0.00 0.00 0.00 1.75 6.79 4.74 4.74 5.84 0.00 0.00 0.00 0.00 0.00 0.00 0.00 0.00 0.00 0.00 0.00 0.00 0.00 4.96 14.29 12.27 22.46 23.58 19.64 20.73 17.74 9.42 1.39 1.39 1.97 0.51 0.51 0.07 0.00 0.00 0.00 0.00 0.00 0.00 0.00 0.00 0.00 0.00 0.00 0.00 0.00 0.00 6.72 17.37 12.05 17.30 17.67 16.94 16.94 18.91 9.42 5.77 5.26 2.77 4.60 6.06 6.13 8.61 10.59 11.39 13.58 13.07 11.32 11.39
0.00 0.00 0.00 0.00 1.97 0.00 3.43 4.45 0.00 3.94 1.53 1.31 1.10 2.34 8.32 4.45 8.98 3.72 3.72 0.44 0.95 0.00 0.00 0.00 0.00 0.00 0.00 0.00 0.00 0.00 0.00 0.00 0.00 0.00 3.72 15.26 12.52 23.07 23.99 21.31 19.13 14.67 9.05 9.05 6.57 1.02 0.44 2.63 0.80 0.00 0.00 0.00 0.00 0.00 0.00 0.00 0.00 0.00 0.00 3.87 0.00 0.00 3.43 1.61 3.80 8.69 11.90 3.87 3.87 2.77 3.29 2.48 1.39 4.23 2.48 1.61 2.92 5.48 9.13 8.40 10.37 11.68 11.46 8.83
0.00 0.00 0.00 0.00 0.00 0.00 0.00 0.00 0.00 0.15 0.00 0.00 0.00 2.41 7.37 1.39 0.00 2.19 2.19 0.00 0.00 0.00 0.00 0.00 0.00 0.00 0.00 0.00 0.00 0.00 0.00 0.00 0.00 0.00 0.00 0.00 1.24 4.82 12.08 12.95 16.95 15.70 12.56 12.56 12.41 10.15 8.25 6.35 3.36 1.24 1.68 0.37 0.51 0.00 0.00 0.00 0.00 0.22 3.94 3.14 4.09 1.97 0.00 0.00 0.00 3.50 0.00 0.00 0.00 0.00 0.00 0.00 0.15 0.00 0.00 1.75 1.10 3.94 5.77 5.40 7.45 8.76 5.11 5.77
0.00 0.00 0.00 0.00 0.00 0.00 0.00 0.00 0.00 0.00 0.00 0.00 1.83 4.09 4.96 0.00 0.00 0.00 0.00 0.00 0.00 0.00 0.00 0.00 0.00 0.00 0.00 0.00 0.00 0.00 0.00 0.00 0.00 0.00 0.00 0.00 0.00 0.00 4.09 10.88 2.58 6.06 7.96 7.96 10.51 12.12 10.66 11.39 12.70 4.31 4.31 0.44 0.00 0.00 0.00 0.00 0.00 0.00 0.00 2.70 0.00 2.12 0.00 0.00 0.00 0.00 0.00 0.00 0.00 0.00 0.00 0.00 0.00 0.00 0.29 2.41 0.00 3.29 2.85 2.92 3.36 4.16 3.80 4.89
0.00 0.00 0.00 0.00 0.00 0.00 0.00 0.00 0.00 0.00 0.00 0.00 1.83 4.09 4.96 0.00 0.00 0.00 0.00 0.00 0.00 0.00 0.00 0.00 0.00 0.00 0.00 0.00 0.00 0.00 0.00 0.00 0.00 0.00 0.00 0.00 0.00 0.00 4.13 10.88 2.56 6.06 7.96 7.96 10.51 12.12 10.66 11.39 12.70 4.31 4.31 0.44 0.00 0.00 0.00 0.00 0.00 0.00 0.00 2.70 0.00 2.12 0.00 0.00 0.00 0.00 0.00 0.00 0.00 0.00 0.00 0.00 0.00 0.00 0.29 2.41 0.00 3.29 2.85 2.92 3.36 4.16 3.80 4.89
0.00 0.00 0.00 0.00 0.00 0.00 0.00 0.00 0.00 0.00 0.00 0.00 0.00 0.00 0.00 0.00 0.00 0.00 0.00 0.00 0.00 0.00 0.00 0.00 0.00 0.00 0.00 0.00 0.00 0.00 0.00 0.00 0.00 0.00 0.00 0.00 0.00 0.00 0.00 0.00 0.00 0.95 4.67 4.67 7.81 3.94 6.20 7.23 12.34 14.82 11.75 4.38 0.37 0.00 0.00 0.00 0.00 0.00 0.00 0.00 0.00 0.00 2.41 2.04 0.00 0.00 0.00 0.00 0.00 0.00 0.00 0.00 0.00 0.00 1.61 0.00 0.00 0.00 0.00 0.00 1.46 2.12 1.90 1.46
