Wansh/Snow_depth/snowdepth-1995/spring/1995060.txt
ncols 321
nrows 161
xllcenter 60
yllcenter 15 
cellsize  0.25 
NODATA_value -1
[rows 0 to 36 of 161, columns 168 to 251 of 321]
9.56 6.06 6.79 5.18 3.50 3.36 3.72 3.21 3.21 3.21 3.36 3.80 3.58 4.82 4.31 4.31 5.69 5.40 8.76 10.66 10.59 9.13 7.88 8.03 7.37 7.37 6.42 0.00 2.41 0.00 0.00 0.00 12.70 9.86 15.48 15.48 11.97 13.07 13.58 17.16 16.35 13.65 14.16 13.51 14.16 14.02 14.97 15.62 15.55 14.60 12.70 13.07 12.12 13.94 15.18 14.31 15.62 16.50 16.86 15.55 15.55 17.52 18.54 18.25 20.22 21.46 22.34 21.24 21.75 16.43 17.37 17.37 18.25 18.25 15.11 15.11 16.86 18.32 20.73 20.08 19.78 19.78 19.78 21.83
11.39 13.51 6.20 6.35 8.40 4.67 4.89 4.45 2.70 2.70 2.56 5.18 5.26 5.18 4.96 5.40 5.11 7.45 6.86 10.51 9.71 10.00 8.25 7.52 7.45 6.06 7.37 0.80 0.00 0.00 0.00 7.23 7.96 14.38 11.46 11.46 12.56 12.78 11.90 17.74 18.03 18.32 17.67 18.10 17.74 15.91 13.58 13.87 14.97 15.33 15.55 14.31 15.48 15.26 15.48 18.69 19.71 19.49 20.59 18.10 18.10 17.96 17.67 18.10 20.15 18.47 18.25 19.56 19.93 17.81 16.72 17.23 16.43 16.06 16.43 17.81 17.16 18.32 19.71 17.16 17.81 21.10 16.28 13.58
15.62 16.43 14.45 11.17 10.44 13.14 5.33 5.84 5.33 5.33 5.26 5.11 4.96 4.60 4.74 6.20 10.95 7.30 10.95 10.29 10.73 9.05 9.27 8.03 4.89 6.64 0.00 0.00 0.00 0.00 0.00 2.12 10.51 9.27 10.51 10.51 11.61 11.17 16.94 19.42 20.22 17.96 17.45 17.81 15.55 14.09 14.53 14.24 15.18 16.06 16.06 16.72 16.72 17.81 19.27 19.42 18.98 19.05 18.98 18.61 18.61 18.91 18.10 16.79 17.30 15.48 15.40 15.99 16.57 16.06 15.48 15.84 16.72 16.57 16.72 16.43 14.60 15.26 14.82 16.21 15.11 14.97 14.02 13.07
15.62 16.43 14.45 11.17 10.44 13.14 5.33 5.84 5.33 5.33 5.26 5.11 4.96 4.60 4.74 6.20 10.95 7.30 10.95 10.29 10.73 9.05 9.27 8.03 4.89 6.64 0.00 0.00 0.00 0.00 0.00 2.12 10.51 9.27 10.51 10.51 11.61 11.17 16.94 19.42 20.22 17.96 17.45 17.81 15.55 14.09 14.53 14.24 15.18 16.06 16.06 16.72 16.72 17.81 19.27 19.42 18.98 19.05 18.98 18.61 18.61 18.91 18.10 16.79 17.30 15.48 15.40 15.99 16.57 16.06 15.48 15.84 16.72 16.57 16.72 16.43 14.60 15.26 14.82 16.21 15.11 14.97 14.02 13.07
16.94 16.79 16.79 20.66 16.06 15.91 14.53 6.50 6.86 6.86 6.72 5.55 5.26 7.59 10.95 7.52 12.19 12.92 13.43 10.29 8.69 9.13 5.84 0.00 0.00 0.00 0.00 0.00 0.00 0.00 4.02 9.05 8.40 10.07 11.68 11.68 11.17 16.13 15.04 17.89 16.86 16.72 16.57 15.48 14.53 14.60 14.89 16.50 16.43 16.35 19.42 19.86 19.93 19.20 19.05 18.98 19.05 17.45 17.37 17.01 17.01 17.23 16.79 16.35 15.62 13.51 14.53 14.02 14.31 15.26 15.04 15.84 13.65 13.51 12.70 12.92 13.80 13.65 14.60 16.06 15.77 13.43 13.94 15.48
16.79 20.59 22.92 22.56 23.07 17.67 17.67 17.45 9.64 9.64 10.22 10.59 10.44 11.97 11.83 14.31 12.26 12.56 7.88 8.47 4.96 3.58 5.55 0.00 0.00 0.00 0.00 0.00 0.00 5.33 3.21 8.83 9.56 9.27 13.65 13.65 17.45 16.64 16.64 14.31 15.33 15.33 16.35 16.72 16.35 17.59 17.81 17.74 18.91 20.59 20.22 21.24 20.37 18.98 16.86 18.40 16.72 16.50 14.67 14.67 14.67 14.97 16.86 16.79 14.02 10.66 12.26 13.58 11.97 10.00 11.32 10.73 12.70 12.85 12.63 12.12 12.85 12.63 13.94 12.99 15.26 14.89 15.04 14.89
19.93 19.05 21.75 24.60 24.53 24.60 20.29 18.32 18.61 18.61 13.51 14.16 14.24 16.72 14.82 14.38 13.36 7.37 8.32 3.58 4.82 0.00 0.00 0.00 0.00 0.00 0.00 0.00 6.42 4.96 8.69 11.46 10.73 14.97 18.40 18.40 17.81 17.89 13.87 14.75 14.75 16.35 16.13 17.30 19.20 18.83 19.42 22.05 22.92 23.00 22.19 20.08 20.95 18.47 17.23 13.87 13.36 14.45 13.72 13.51 13.51 15.33 16.28 13.80 10.29 13.87 11.53 9.27 9.27 10.22 10.59 10.29 10.73 10.51 10.51 10.37 9.49 11.24 10.80 12.39 17.28 17.32 17.69 21.02
19.93 19.05 21.75 24.60 24.53 24.60 20.29 18.32 18.61 18.61 13.51 14.16 14.24 16.72 14.82 14.38 13.36 7.37 8.32 3.58 4.82 0.00 0.00 0.00 0.00 0.00 0.00 0.00 6.42 4.96 8.69 11.46 10.73 14.97 18.40 18.40 17.81 17.89 13.87 14.75 14.75 16.35 16.13 17.30 19.20 18.83 19.42 22.05 22.92 23.00 22.19 20.08 20.95 18.47 17.23 13.87 13.36 14.45 13.72 13.51 13.51 15.33 16.28 13.80 10.29 13.87 11.53 9.27 9.27 10.22 10.59 10.29 10.73 10.51 10.51 11.98 13.09 16.18 14.80 21.06 28.53 23.05 22.77 21.81
12.19 19.64 19.13 19.49 23.58 19.35 18.98 17.52 15.70 15.70 16.21 16.35 18.83 18.32 15.48 12.41 13.58 5.69 0.00 0.00 0.00 0.00 0.00 0.00 0.00 0.00 2.85 0.80 5.69 8.25 7.66 10.59 14.24 13.65 16.64 16.64 19.20 15.40 16.57 12.92 15.11 14.09 18.98 20.73 20.08 23.00 23.73 23.58 24.24 22.85 19.93 16.50 17.37 14.97 13.58 12.41 12.56 12.48 12.26 13.14 13.14 13.80 12.99 11.24 12.92 11.39 11.75 9.64 9.56 10.15 10.44 10.80 10.37 10.76 12.43 14.60 15.56 14.71 14.13 18.60 20.21 14.87 17.44 21.32
10.22 10.22 13.94 12.56 12.34 16.72 16.57 16.72 16.94 16.94 20.00 19.05 16.50 14.16 15.48 6.86 0.00 4.38 0.00 0.00 0.00 0.00 2.56 0.00 3.14 6.79 5.62 9.93 10.37 10.37 11.17 11.90 12.48 15.33 18.18 18.18 17.96 16.28 14.53 14.75 15.40 18.54 17.89 20.37 21.61 23.58 23.00 23.80 22.56 19.93 20.73 18.40 13.87 14.02 12.34 12.70 12.12 14.82 14.67 16.86 16.86 13.51 12.78 15.11 13.36 11.46 10.73 10.07 9.93 10.95 10.59 11.24 12.27 14.60 14.14 15.25 14.71 15.28 19.68 16.95 18.20 16.36 19.97 20.50
11.10 12.63 11.39 10.88 11.39 11.24 15.48 15.55 14.53 14.53 19.13 13.07 13.29 4.89 2.99 5.69 0.00 0.00 0.00 0.00 0.95 0.00 5.62 8.10 7.66 7.66 10.44 9.71 11.24 11.17 11.24 11.24 12.41 14.75 14.38 14.38 16.72 18.83 18.32 21.02 23.00 22.41 21.32 20.37 20.44 20.81 21.68 17.30 19.35 19.20 17.37 14.24 13.94 13.65 13.65 13.58 15.99 21.90 20.29 20.59 20.59 14.16 17.16 15.40 13.65 13.94 11.10 9.71 10.80 12.56 11.61 10.80 11.46 10.45 10.76 15.62 17.69 17.64 15.01 16.19 16.39 17.95 17.92 18.94
11.10 12.63 11.39 10.88 11.39 11.24 15.48 15.55 14.53 14.53 19.13 13.07 13.29 4.89 2.99 5.69 0.00 0.00 0.00 0.00 0.95 0.00 5.62 8.10 7.66 7.66 10.44 9.71 11.24 11.17 11.24 11.24 12.41 14.75 14.38 14.38 16.72 18.83 18.32 21.02 23.00 22.41 21.32 20.37 20.44 20.81 21.68 17.30 19.35 19.20 17.37 14.24 13.94 13.65 13.65 13.58 15.99 21.90 20.29 20.59 20.59 14.16 17.16 15.40 13.65 13.94 11.10 9.71 10.80 12.56 11.61 10.80 11.17 10.29 10.44 14.51 15.76 16.33 16.01 16.80 16.39 17.56 19.69 20.26
17.08 12.34 14.24 13.94 10.15 10.00 10.15 11.75 7.81 7.81 7.81 6.79 0.66 2.41 0.00 0.00 0.00 0.00 6.86 8.54 8.10 7.45 6.86 7.88 9.56 11.39 11.24 11.97 12.26 11.39 11.90 12.12 12.26 15.18 16.43 16.43 16.21 18.69 20.29 19.93 22.12 23.07 21.32 20.66 18.91 15.11 15.11 14.75 17.01 17.59 17.08 14.67 15.11 13.72 14.97 16.72 21.24 21.10 20.88 18.32 18.32 15.91 16.06 15.70 14.38 14.02 14.89 13.51 13.94 13.14 13.14 13.14 12.63 11.90 12.58 15.37 16.90 16.19 17.48 18.09 15.92 18.57 21.11 20.97
16.35 17.89 16.94 16.28 11.02 10.07 9.34 9.78 3.36 3.36 0.00 0.00 0.00 0.00 0.00 0.00 2.70 5.91 4.67 8.54 11.46 11.97 13.21 12.26 11.32 11.24 12.56 12.34 13.36 14.24 14.02 15.11 14.67 14.89 14.89 14.89 15.48 17.96 17.45 19.71 21.61 21.53 21.90 19.35 16.72 17.52 14.45 17.08 17.67 17.59 17.89 17.23 18.83 17.30 19.49 18.10 19.20 17.67 18.54 16.79 16.79 17.67 18.03 17.45 19.49 15.77 17.45 15.84 16.79 14.53 15.26 14.16 13.21 16.50 16.19 17.34 14.99 16.75 17.97 17.98 20.42 18.56 20.10 21.66
21.90 20.66 19.71 18.40 18.47 14.53 12.63 11.97 12.12 12.12 1.90 3.21 7.37 6.64 2.19 4.82 4.38 8.76 12.92 9.05 14.31 14.67 14.97 14.31 14.02 13.72 14.24 12.99 14.60 14.16 14.60 14.45 14.53 14.45 14.45 14.45 14.45 15.70 17.67 16.13 18.54 19.56 17.16 16.13 17.89 18.10 18.03 17.37 18.76 18.54 19.35 19.49 20.00 20.59 19.93 20.88 18.98 18.32 18.61 18.54 18.54 18.98 20.37 20.51 20.44 18.40 18.91 17.08 17.30 17.30 17.23 16.72 16.25 21.95 17.44 18.36 19.86 22.28 17.02 17.22 19.89 18.96 20.22 18.37
21.53 22.78 20.15 22.05 19.20 18.40 16.72 15.40 15.84 15.84 15.77 10.07 11.46 11.46 12.63 8.61 10.59 10.37 13.94 16.94 16.64 15.18 15.18 15.26 14.16 13.80 12.63 12.70 11.61 11.61 11.61 12.26 13.51 14.02 14.02 14.02 13.80 13.21 13.80 13.65 15.04 15.48 15.33 15.48 12.05 11.75 12.56 14.31 17.45 15.04 17.37 19.05 16.43 17.96 19.35 20.95 21.17 21.39 19.27 19.27 19.27 19.05 20.51 21.17 21.61 18.69 20.22 16.94 17.45 20.66 22.12 20.62 18.70 18.88 19.58 18.10 20.63 18.13 18.39 20.36 20.54 22.39 19.89 17.69
21.53 22.78 20.15 22.05 19.20 18.40 16.72 15.40 15.84 15.84 15.77 10.07 11.46 11.46 12.63 8.61 10.59 10.37 13.94 16.94 16.64 15.18 15.18 15.26 14.16 13.80 12.63 12.70 11.61 11.61 11.61 12.26 13.51 14.02 14.02 14.02 13.80 13.21 13.80 13.65 15.04 15.48 15.33 15.48 12.05 11.75 12.56 14.31 17.45 15.04 17.37 19.05 16.43 17.96 19.35 20.95 21.17 21.39 19.27 19.27 19.27 19.05 20.51 21.17 21.61 18.69 20.22 16.94 17.45 20.66 22.12 25.32 17.52 20.52 17.58 22.39 20.93 20.05 18.76 18.36 19.86 19.25 21.63 20.09
13.14 18.98 19.71 18.76 18.76 17.96 15.40 16.13 16.21 16.21 13.87 13.94 14.24 15.04 17.16 17.52 19.71 15.99 15.62 17.45 16.06 14.09 14.31 12.63 11.02 13.21 11.53 10.95 10.95 10.66 11.61 11.32 12.56 13.72 13.94 13.94 13.94 13.36 11.68 11.53 12.92 12.41 12.48 11.24 9.56 9.78 9.34 7.30 10.51 12.92 8.18 11.17 13.07 14.97 12.99 14.67 11.24 18.25 16.72 10.66 10.66 15.33 14.60 19.56 19.56 18.61 11.53 15.26 18.32 17.16 21.03 19.34 15.76 18.18 18.92 22.44 21.61 19.40 16.92 21.04 20.03 20.70 18.09 15.91
12.99 17.81 17.37 17.23 17.89 18.32 15.40 11.83 12.12 12.12 12.41 13.51 16.35 15.84 20.22 20.73 21.02 17.59 16.35 17.45 17.23 13.94 11.61 11.97 10.07 10.37 10.29 9.71 9.71 10.59 10.37 11.90 12.56 12.48 12.41 12.41 13.43 11.97 10.95 11.61 11.90 11.53 11.68 10.00 5.33 5.77 5.77 3.94 4.38 4.16 4.89 6.72 8.32 9.56 5.84 7.08 5.62 10.59 4.16 4.67 4.67 9.27 8.76 6.94 7.37 5.04 6.57 8.69 9.93 6.09 7.96 6.71 11.68 13.20 10.32 13.76 14.42 15.56 13.81 16.40 11.81 14.19 15.08 16.14
12.26 11.17 14.45 14.89 11.90 14.45 14.82 11.75 10.07 10.07 12.70 12.34 14.97 17.52 16.79 20.37 17.23 18.10 15.40 16.35 16.94 15.33 12.85 11.39 11.61 10.22 9.71 9.20 9.56 9.56 11.90 11.39 12.78 12.78 12.85 12.85 12.92 12.41 10.73 8.83 8.40 8.54 7.88 4.31 4.60 4.89 4.16 3.43 3.36 3.87 8.91 9.20 11.24 5.48 3.07 2.56 1.39 2.77 2.12 4.02 4.02 3.14 4.16 5.69 4.60 6.50 2.85 0.51 0.51 2.12 4.31 3.50 6.06 5.48 7.81 10.61 15.04 14.60 15.55 13.23 12.93 11.07 9.64 10.29
9.27 9.71 8.32 9.49 9.64 7.45 10.44 9.27 9.64 9.64 7.30 9.05 11.97 16.64 19.71 19.27 19.78 15.77 17.01 16.64 17.67 17.37 17.45 14.53 9.86 9.64 8.61 8.91 10.37 8.54 11.39 14.31 15.18 15.62 15.91 15.91 14.09 10.88 7.88 8.61 6.86 5.48 3.43 3.87 3.14 4.82 4.74 6.35 3.50 6.35 7.30 12.78 8.54 0.44 3.43 0.15 0.00 0.95 0.00 0.66 0.66 0.44 2.77 0.66 4.16 0.00 0.00 0.00 0.00 0.37 0.44 2.63 6.50 7.88 12.34 12.50 15.41 17.44 17.86 19.80 17.42 10.92 13.57 9.41
7.59 7.30 6.86 6.20 6.06 5.91 6.35 6.57 7.08 7.08 6.94 8.61 10.15 12.99 18.18 18.91 18.25 17.89 20.15 18.47 18.32 16.57 12.63 9.71 10.15 10.73 12.34 12.41 12.56 13.65 15.26 15.33 15.04 15.91 14.53 14.53 15.11 11.32 6.50 7.52 6.28 6.64 4.16 3.58 11.02 11.46 9.20 10.80 8.61 5.99 6.57 4.82 4.31 0.00 0.07 0.00 0.00 0.00 0.00 0.00 0.00 0.00 0.00 0.58 0.00 0.00 0.00 0.00 0.00 0.07 0.00 1.68 2.26 6.20 12.39 14.60 18.60 18.95 21.25 17.99 13.50 11.43 11.51 7.91
7.59 7.30 6.86 6.20 6.06 5.91 6.35 6.57 7.08 7.08 6.94 8.61 10.15 12.99 18.18 18.91 18.25 17.89 20.15 18.47 18.32 16.57 12.63 9.71 10.15 10.73 12.34 12.41 12.56 13.65 15.26 15.33 15.04 15.91 14.53 14.53 15.11 11.32 6.50 7.52 6.28 6.64 4.16 3.58 11.02 11.46 9.20 10.80 8.61 5.99 6.57 4.82 4.31 0.00 0.07 0.00 0.00 0.00 0.00 0.00 0.00 0.00 0.00 0.58 0.00 0.00 0.00 0.00 0.00 0.07 0.00 1.68 2.26 6.20 11.90 14.68 14.44 16.67 17.79 20.94 16.51 11.68 9.02 7.30
4.02 5.18 5.04 4.60 5.33 6.20 5.99 6.35 7.52 7.52 8.25 8.25 8.47 11.24 15.48 18.03 17.52 18.98 18.61 18.40 15.84 11.75 12.19 10.66 12.26 11.75 14.16 15.77 15.62 15.84 15.11 14.16 12.63 14.75 15.11 15.11 15.99 14.67 10.59 10.80 9.78 9.05 18.40 14.24 14.60 14.53 12.48 13.58 11.10 7.15 3.36 0.00 0.00 0.00 0.00 0.00 0.00 0.00 0.00 0.00 0.00 0.00 0.00 0.00 0.00 0.00 0.00 0.00 0.00 0.00 1.61 2.99 2.12 5.11 8.98 13.87 16.44 19.86 23.31 21.39 15.93 11.72 10.44 9.77
3.36 3.07 3.36 4.60 4.09 4.53 5.33 7.15 6.42 6.42 9.05 8.32 8.69 9.42 13.21 14.97 16.72 17.16 17.74 17.59 16.50 12.34 12.70 12.19 14.67 14.75 16.57 15.99 19.13 17.23 14.67 12.85 12.48 14.38 17.01 17.01 16.43 18.54 18.54 24.97 25.70 23.94 24.24 21.97 20.15 14.38 12.41 4.89 5.55 0.58 0.00 0.00 0.00 0.00 0.00 0.00 0.00 0.00 0.00 0.00 0.00 0.00 0.00 0.00 0.00 0.00 0.00 0.00 0.00 0.88 3.58 5.62 14.60 16.28 16.25 16.55 15.95 17.43 22.62 16.60 20.20 11.64 12.18 9.48
3.36 4.60 5.11 3.94 4.38 5.48 4.38 6.35 9.20 9.20 8.47 10.95 10.51 11.02 11.10 13.21 15.70 15.48 17.67 17.16 14.45 15.26 13.21 15.70 15.04 15.33 15.40 18.40 18.03 18.69 15.48 13.51 13.29 13.29 15.18 15.18 18.76 23.58 26.65 28.62 28.32 28.84 22.12 17.89 11.61 4.23 1.90 0.00 0.00 0.00 0.00 0.00 0.00 0.00 0.00 0.00 0.00 0.00 0.00 0.00 0.00 0.00 0.00 0.00 0.00 0.00 0.00 0.66 4.09 3.14 4.82 12.70 18.53 20.13 24.75 21.00 21.44 17.32 16.73 13.93 10.82 8.70 6.67 7.35
8.03 9.71 12.92 12.70 6.28 5.33 5.11 6.06 7.45 7.45 9.56 8.18 9.27 9.71 12.26 11.46 14.24 14.02 13.29 13.43 12.34 11.75 11.68 14.60 15.33 9.13 8.10 13.21 16.64 12.05 11.02 9.13 9.27 8.98 15.33 15.33 21.32 20.22 22.63 16.06 19.56 17.52 6.64 6.06 4.31 5.26 0.44 0.22 0.00 0.00 0.00 0.00 0.00 0.00 0.00 0.00 0.00 0.00 0.00 0.00 0.00 0.00 0.00 0.00 0.00 1.83 1.97 4.31 6.86 14.24 17.96 17.45 19.42 22.72 27.98 29.39 25.26 24.00 15.77 11.50 10.64 8.26 8.20 4.79
17.23 14.97 17.01 11.02 8.83 4.60 2.77 0.37 0.44 0.44 5.18 6.13 7.74 6.50 5.91 5.04 10.29 9.34 10.51 9.71 9.64 9.78 8.91 7.45 7.52 6.42 4.89 7.08 8.83 8.47 9.34 7.52 7.59 7.23 9.71 9.71 8.76 10.37 12.12 12.26 7.74 5.77 6.28 4.60 4.23 3.80 2.77 3.07 0.00 0.00 0.00 0.00 0.00 0.00 0.00 0.00 0.00 0.00 0.00 0.00 0.00 0.44 0.00 0.00 0.95 3.65 5.18 6.42 14.45 19.20 20.37 27.08 30.32 26.21 28.62 33.58 33.80 22.99 12.48 10.98 9.93 9.26 6.12 3.55
17.23 14.97 17.01 11.02 8.83 4.60 2.77 0.37 0.44 0.44 5.18 6.13 7.74 6.50 5.91 5.04 10.29 9.34 10.51 9.71 9.64 9.78 8.91 7.45 7.52 6.42 4.89 7.08 8.83 8.47 9.34 7.52 7.59 7.23 9.71 9.71 8.76 10.37 12.12 12.26 7.74 5.77 6.28 4.60 4.23 3.80 2.77 3.07 0.00 0.00 0.00 0.00 0.00 0.00 0.00 0.00 0.00 0.00 0.00 0.00 0.00 0.44 0.00 0.00 0.95 3.65 5.18 6.42 14.45 19.20 20.47 26.79 27.41 29.20 30.54 39.18 39.24 22.25 13.04 10.67 10.50 10.98 5.59 3.02
18.32 18.18 19.20 11.32 1.39 4.02 0.00 0.00 0.00 0.00 0.00 1.39 4.16 3.50 4.09 3.36 4.74 5.48 7.45 7.52 8.25 7.23 7.45 5.26 3.87 3.87 3.50 4.60 6.13 6.13 5.99 5.77 2.12 3.43 6.79 6.79 7.74 7.81 7.52 5.62 6.86 5.99 8.25 6.79 5.04 7.52 3.94 5.55 0.00 0.44 0.00 0.00 0.00 0.00 0.00 0.00 0.00 0.22 4.16 3.07 3.08 1.25 3.01 4.31 3.65 6.35 18.98 20.95 20.54 20.28 24.26 27.80 31.82 31.47 29.87 39.02 17.01 10.77 11.44 9.26 8.43 4.79 4.38 2.63
16.79 13.65 10.07 12.19 1.02 0.00 0.00 0.00 0.00 0.00 0.00 0.00 0.51 2.04 3.36 3.21 4.23 4.45 4.53 4.82 4.89 3.65 2.92 2.34 2.41 1.83 1.46 1.90 1.83 1.83 1.68 1.02 1.31 1.10 2.70 2.70 4.67 5.62 5.84 5.99 6.64 7.59 10.88 13.43 11.02 11.68 6.86 5.11 3.72 2.99 0.66 0.22 0.51 0.00 0.00 0.00 0.00 0.00 3.87 4.74 4.74 3.36 5.26 8.40 9.42 16.06 19.49 21.17 20.44 24.02 23.14 27.54 34.68 35.00 30.57 16.24 12.31 7.57 7.09 4.33 3.37 1.87 0.24 0.00
13.72 11.39 6.35 1.24 2.04 0.88 0.22 0.00 0.00 0.00 0.00 0.00 0.00 0.00 1.75 3.80 3.50 3.50 3.36 3.36 2.70 2.63 2.19 1.97 1.53 0.73 0.88 1.24 1.24 1.02 0.88 0.95 0.29 0.51 2.77 2.77 4.09 3.36 6.28 6.13 6.28 6.42 6.94 11.24 13.94 13.94 5.99 8.10 5.11 2.92 2.92 2.12 0.44 0.00 0.00 0.00 0.00 0.00 3.50 0.88 0.88 4.16 0.00 0.00 6.06 11.83 15.84 15.48 18.32 20.37 20.73 25.23 27.53 33.75 24.95 28.02 9.77 7.02 4.01 3.73 2.48 1.25 0.00 0.00
8.18 8.61 5.55 1.97 1.53 1.39 0.88 0.00 0.00 0.00 0.00 0.00 0.00 0.00 0.00 0.00 0.00 1.68 1.97 0.88 2.34 1.68 0.95 0.80 1.39 0.66 0.80 0.58 0.66 0.58 0.00 0.00 0.15 0.00 1.53 1.53 3.58 5.77 6.13 5.69 5.40 6.35 8.25 8.54 12.05 10.07 10.07 6.20 7.45 3.72 3.94 2.19 1.97 0.22 1.31 0.00 0.00 0.00 0.00 0.00 0.00 0.00 0.00 0.00 0.00 9.05 10.80 13.72 16.79 19.35 19.93 21.31 19.65 13.86 27.29 19.27 4.27 3.35 3.42 2.06 1.41 0.19 0.00 0.00
4.16 2.70 3.65 0.29 1.10 0.22 0.29 0.07 0.00 0.00 0.00 0.00 0.00 0.00 0.00 0.00 0.00 0.00 0.00 0.00 0.15 1.17 0.00 0.00 0.22 0.51 1.02 1.02 0.00 0.00 0.00 0.00 0.00 0.00 3.65 3.65 5.48 5.69 5.69 4.74 4.53 7.01 8.10 8.91 8.47 9.13 7.66 8.03 8.32 5.26 6.20 5.04 2.70 2.26 2.56 0.00 0.00 0.00 0.00 0.00 0.00 0.00 0.00 4.74 7.74 10.37 13.72 12.48 21.53 20.73 19.71 20.29 14.68 7.34 1.67 2.61 2.20 1.83 0.00 0.00 0.00 0.00 0.00 0.00
3.21 0.95 0.00 0.00 0.00 0.00 0.00 0.00 0.00 0.00 0.00 0.00 0.00 0.00 0.00 0.00 0.00 0.00 0.00 0.00 0.00 0.00 0.00 0.00 0.00 0.44 1.02 1.17 0.44 0.00 0.00 0.00 0.00 1.97 0.00 0.00 5.40 5.55 6.20 5.18 4.09 5.69 5.11 7.88 9.86 10.00 8.32 9.78 8.98 7.23 6.06 4.16 4.16 2.56 3.36 0.00 0.00 0.00 0.00 0.00 0.00 0.00 5.40 5.48 7.15 9.93 14.16 18.76 22.05 21.97 18.61 11.01 13.48 6.78 1.33 0.31 0.66 0.00 0.00 0.00 0.00 0.00 0.00 0.00
3.21 0.95 0.00 0.00 0.00 0.00 0.00 0.00 0.00 0.00 0.00 0.00 0.00 0.00 0.00 0.00 0.00 0.00 0.00 0.00 0.00 0.00 0.00 0.00 0.00 0.44 1.02 1.17 0.44 0.00 0.00 0.00 0.00 1.97 0.00 0.00 5.40 5.55 6.20 5.18 4.09 5.69 5.11 7.88 9.86 10.00 8.32 9.78 8.98 7.23 6.06 4.16 4.16 2.56 3.36 0.00 0.00 0.00 0.00 0.00 0.00 0.00 5.40 5.48 7.15 9.93 14.16 18.76 22.05 21.97 18.61 10.95 13.28 6.68 1.33 0.33 0.59 0.00 0.00 0.00 0.00 0.00 0.00 0.00
0.00 0.00 0.00 0.00 0.00 0.00 0.00 0.00 0.00 0.00 0.00 0.00 0.00 0.00 0.00 0.00 0.00 0.00 0.00 0.00 0.00 0.00 0.00 0.00 0.00 0.00 0.00 0.00 0.00 0.00 0.00 0.00 0.00 0.00 0.00 0.00 4.96 5.77 3.50 3.29 1.97 4.09 6.72 5.62 7.66 9.64 10.51 9.64 8.83 7.23 6.20 5.77 5.04 6.28 4.16 2.19 1.68 4.23 5.77 4.31 4.31 6.94 6.06 6.13 7.08 7.30 10.00 17.37 21.10 16.43 15.33 9.42 3.80 5.01 2.20 1.14 0.24 0.00 0.00 0.00 0.00 0.00 0.00 0.00
