Wansh/Snow_depth/snowdepth-1995/spring/1995080.txt
ncols 321
nrows 161
xllcenter 60
yllcenter 15 
cellsize  0.25 
NODATA_value -1
[rows 0 to 36 of 161, columns 84 to 167 of 321]
22.34 22.48 23.51 23.51 23.21 21.61 18.10 19.27 15.11 16.21 19.64 20.51 21.53 21.53 20.66 22.41 19.78 22.92 22.92 22.63 22.70 19.64 18.76 11.68 6.64 7.15 2.04 0.95 1.39 1.46 1.68 6.35 5.26 11.02 9.34 10.15 10.15 6.94 12.99 9.34 7.52 11.61 8.91 8.91 8.54 4.67 3.14 3.65 4.82 5.62 7.66 7.30 5.91 9.42 8.03 7.96 7.08 7.15 9.27 6.57 3.72 4.23 2.77 4.09 3.87 4.23 1.68 3.58 3.58 4.89 4.45 8.10 9.42 9.56 8.91 11.10 11.10 13.94 16.72 16.72 16.35 16.94 14.75 14.53
23.00 23.07 22.56 22.70 22.34 20.88 17.89 18.54 19.20 19.27 18.61 19.78 17.45 14.97 14.67 14.67 16.72 19.64 19.64 16.28 19.93 18.61 18.83 16.57 11.53 4.23 6.94 2.19 1.39 1.31 1.61 5.04 7.59 6.72 7.96 5.26 5.48 5.48 7.45 8.61 8.61 12.85 12.56 12.56 11.39 12.05 13.14 6.42 3.94 5.40 3.50 3.87 4.16 3.58 3.43 6.06 7.01 6.72 8.54 9.42 9.49 10.37 5.11 5.84 6.06 6.35 6.35 9.56 9.56 9.20 10.07 9.78 8.83 10.88 10.66 12.41 14.38 14.02 16.57 17.74 17.52 16.21 19.86 15.99
23.29 23.65 23.00 22.92 18.32 17.81 20.88 22.56 22.41 23.29 23.21 21.68 18.25 14.45 14.45 12.12 11.17 11.10 11.10 13.29 17.30 11.61 15.11 14.60 12.99 9.93 4.38 5.69 0.44 2.04 2.92 2.77 4.60 5.77 5.18 6.42 9.34 9.05 8.25 12.78 12.26 12.85 11.90 11.90 11.61 16.86 17.01 18.10 7.08 3.87 4.02 2.99 2.19 2.85 3.36 3.07 4.96 6.28 8.54 10.15 11.46 11.02 13.51 13.14 13.43 13.58 9.56 11.02 11.02 11.90 11.97 10.66 10.44 10.22 12.99 17.01 16.35 18.54 18.10 18.40 17.67 20.81 19.71 21.24
23.29 23.65 23.00 22.92 18.32 17.81 20.88 22.56 22.41 23.29 23.21 21.68 18.25 14.45 14.45 12.12 11.17 11.10 11.10 13.29 17.30 11.61 15.11 14.60 12.99 9.93 4.38 5.69 0.44 2.04 2.92 2.77 4.60 5.77 5.18 6.42 9.34 9.05 8.25 12.78 12.26 12.85 11.90 11.90 11.61 16.86 17.01 18.10 7.08 3.87 4.02 2.99 2.19 2.85 3.36 3.07 4.96 6.28 8.54 10.15 11.46 11.02 13.51 13.14 13.43 13.58 9.56 11.02 11.02 11.90 11.97 10.66 10.44 10.22 12.99 17.01 16.35 18.54 18.10 18.40 17.67 20.81 19.71 21.24
26.50 22.63 20.88 18.54 19.49 20.08 20.51 17.45 19.27 21.68 22.05 21.32 18.54 19.78 17.30 13.51 11.61 13.29 13.29 9.34 10.29 8.76 12.78 10.80 11.61 11.75 5.48 4.16 1.75 1.61 1.61 2.19 1.90 5.62 8.03 10.51 10.59 9.71 12.12 12.48 6.86 10.80 10.59 10.59 13.72 12.92 19.56 16.64 17.23 11.10 3.29 3.43 2.48 2.56 2.34 3.43 4.53 4.38 6.20 5.91 9.13 13.65 13.36 13.94 14.24 14.09 14.31 13.65 13.65 14.02 13.07 12.56 12.78 11.97 10.59 13.21 11.46 12.56 12.48 12.12 12.99 12.41 17.89 20.73
25.84 26.57 23.87 21.83 22.27 18.91 16.06 17.67 15.55 18.69 18.40 20.29 18.54 17.16 18.32 18.76 18.91 15.84 15.84 12.85 11.75 6.94 8.10 8.10 8.61 8.40 8.69 5.55 2.63 1.61 1.61 2.12 4.02 3.07 6.64 8.03 8.76 9.64 4.53 3.80 5.18 2.41 10.51 10.51 10.00 12.92 10.73 17.45 12.05 13.07 7.45 3.58 2.77 2.85 2.92 2.63 4.38 5.99 5.69 8.32 12.56 11.32 16.50 18.91 18.83 18.18 16.57 14.82 14.82 12.85 12.78 13.58 13.65 13.65 11.61 9.56 9.86 9.56 10.15 10.00 11.32 14.97 13.51 18.91
26.21 26.50 25.48 25.77 23.43 21.17 22.05 21.53 20.15 19.93 19.86 17.96 17.59 15.11 17.74 18.98 19.56 19.13 19.13 19.49 14.16 10.80 10.51 8.03 8.76 7.01 3.80 2.26 2.63 1.39 2.48 2.26 2.92 4.74 7.88 7.23 9.05 3.58 4.67 1.10 1.83 1.83 3.36 3.36 6.86 7.88 12.41 9.93 10.73 7.15 4.38 4.23 4.09 2.41 2.19 4.31 3.94 7.01 8.98 8.61 11.53 16.35 15.48 19.13 19.49 19.71 18.10 15.26 15.26 15.70 14.75 15.99 15.77 16.50 16.13 16.57 14.53 11.97 11.75 9.71 9.05 11.83 11.10 15.48
26.21 26.50 25.48 25.77 23.43 21.17 22.05 21.53 20.15 19.93 19.86 17.96 17.59 15.11 17.74 18.98 19.56 19.13 19.13 19.49 14.16 10.80 10.51 8.03 8.76 7.01 3.80 2.26 2.63 1.39 2.48 2.26 2.92 4.74 7.88 7.23 9.05 3.58 4.67 1.10 1.83 1.83 3.36 3.36 6.86 7.88 12.41 9.93 10.73 7.15 4.38 4.23 4.09 2.41 2.19 4.31 3.94 7.01 8.98 8.61 11.53 16.35 15.48 19.13 19.49 19.71 18.10 15.26 15.26 15.70 14.75 15.99 15.77 16.50 16.13 16.57 14.53 11.97 11.75 9.71 9.05 11.83 11.10 15.48
27.08 27.16 22.85 20.29 20.66 21.10 21.32 21.10 21.17 19.93 16.57 15.99 16.28 12.78 9.34 13.94 19.20 20.00 20.00 20.81 20.00 20.59 13.72 10.51 5.55 6.35 3.07 2.70 3.14 2.85 3.21 3.50 3.94 4.60 8.69 10.66 10.59 6.94 2.70 2.63 4.53 4.16 3.50 3.50 6.20 5.62 9.20 8.10 5.55 5.62 4.89 5.99 5.62 8.25 8.61 8.61 7.74 8.83 8.76 10.00 11.61 11.39 12.05 12.99 16.86 17.67 17.59 15.99 15.99 14.31 14.38 14.97 16.72 16.35 17.23 16.28 14.60 15.04 13.51 15.18 10.00 11.32 7.81 10.15
21.68 20.29 20.88 19.93 19.71 20.59 20.95 20.88 21.17 20.37 13.21 7.52 7.08 9.13 8.32 11.61 11.90 15.40 15.40 19.35 19.20 15.48 10.22 11.75 4.82 4.02 3.87 3.50 3.72 3.65 3.80 3.43 3.58 8.25 6.94 9.34 8.47 8.76 8.18 5.84 5.62 5.91 4.60 4.60 4.74 5.04 5.48 6.06 5.91 8.54 8.61 11.02 10.73 10.73 10.37 10.95 11.24 12.19 11.83 9.42 11.10 12.05 12.05 12.56 13.43 13.29 14.67 15.55 15.55 15.48 16.86 16.94 18.98 18.98 19.27 19.86 18.61 20.59 18.98 19.86 16.21 8.98 10.51 7.81
19.93 19.93 18.76 19.78 19.42 20.22 20.00 17.08 18.76 18.54 12.05 11.39 5.26 6.57 8.32 12.70 14.97 14.16 14.16 17.67 18.18 15.91 9.49 4.16 5.11 3.58 2.56 2.41 2.41 2.99 2.19 2.04 2.99 5.26 8.61 8.40 9.86 8.91 9.27 7.96 6.57 6.42 8.76 8.76 9.20 6.86 6.28 8.76 8.10 9.34 13.14 11.83 18.54 15.26 12.26 11.46 13.80 13.36 14.31 13.87 14.16 13.07 11.53 11.97 13.21 14.53 14.31 15.99 15.99 18.10 17.89 18.91 19.49 21.10 21.32 20.51 25.70 26.43 26.65 22.34 15.33 12.05 12.78 8.91
19.93 19.93 18.76 19.78 19.42 20.22 20.00 17.08 18.76 18.54 12.05 11.39 5.26 6.57 8.32 12.70 14.97 14.16 14.16 17.67 18.18 15.91 9.49 4.16 5.11 3.58 2.56 2.41 2.41 2.99 2.19 2.04 2.99 5.26 8.61 8.40 9.86 8.91 9.27 7.96 6.57 6.42 8.76 8.76 9.20 6.86 6.28 8.76 8.10 9.34 13.14 11.83 18.54 15.26 12.26 11.46 13.80 13.36 14.31 13.87 14.16 13.07 11.53 11.97 13.21 14.53 14.31 15.99 15.99 18.10 17.89 18.91 19.49 21.10 21.32 20.51 25.70 26.43 26.65 22.34 15.33 12.05 12.78 8.91
15.18 15.70 18.83 18.76 14.67 14.38 14.45 15.04 16.64 12.70 5.48 6.13 5.55 7.30 9.78 18.10 18.76 18.91 18.91 19.35 19.35 16.28 9.13 4.60 3.21 3.21 2.56 2.04 2.19 1.90 2.70 7.45 6.35 5.33 11.68 10.59 9.64 14.75 10.07 9.93 13.43 10.59 10.51 10.51 10.37 13.94 8.25 9.42 14.16 14.89 18.98 20.81 20.95 18.69 16.13 17.89 17.52 16.50 16.28 16.13 14.31 12.85 13.14 13.72 14.16 14.02 15.62 17.59 17.59 17.08 21.53 23.00 23.94 22.70 24.97 26.65 26.43 26.86 24.89 23.07 21.83 21.61 16.57 14.75
14.16 16.06 18.10 15.84 13.36 12.05 12.19 11.10 10.73 6.72 5.26 7.96 14.02 17.89 19.13 18.54 19.35 18.69 18.69 15.33 12.92 13.94 10.00 6.28 4.45 3.29 3.21 4.09 3.80 10.66 9.64 10.88 17.45 15.11 14.45 17.59 17.37 17.01 17.01 14.75 14.67 17.45 14.89 14.89 19.20 18.61 23.07 23.21 18.76 21.97 23.43 23.51 25.40 23.58 23.65 21.83 22.41 22.27 17.23 11.10 13.58 14.45 15.55 15.26 15.99 17.01 16.94 17.45 17.45 20.44 19.56 23.51 24.45 23.00 25.33 25.84 22.27 16.43 19.86 18.47 22.05 18.61 17.23 16.64
17.16 15.77 13.87 14.24 12.34 9.93 7.59 7.88 10.29 4.31 4.82 8.32 12.99 15.55 18.10 15.18 15.48 15.91 15.91 14.82 11.32 8.76 7.52 7.81 6.20 8.25 6.64 5.91 10.29 12.85 16.86 19.78 19.42 18.40 16.72 16.79 16.94 17.52 17.23 22.27 22.12 20.88 25.70 25.70 24.38 23.87 24.16 20.37 18.03 22.56 23.21 25.04 25.04 25.26 29.93 28.69 27.30 20.44 22.12 11.10 7.81 7.30 8.25 10.73 13.14 12.34 16.28 16.94 16.94 19.71 18.69 22.27 21.83 22.78 21.90 21.90 22.27 16.35 10.29 8.61 20.08 20.95 19.71 17.45
15.48 14.09 11.53 11.83 10.29 10.80 8.47 4.23 0.00 0.00 0.00 6.06 9.49 7.45 10.51 12.34 12.05 9.27 9.27 8.40 8.91 8.54 5.26 7.96 7.45 8.91 9.56 10.51 10.07 12.56 15.40 19.56 16.35 16.06 14.60 13.94 14.45 18.76 22.56 21.61 20.95 23.07 18.47 18.47 18.40 14.97 17.59 17.96 16.13 16.64 16.13 21.39 19.93 19.93 24.97 25.55 21.32 22.85 12.56 9.78 7.37 7.74 8.47 8.47 10.00 14.89 13.65 17.67 17.67 18.69 21.68 21.10 21.90 20.00 21.68 18.91 20.37 5.26 4.02 2.26 13.94 12.85 16.72 20.95
15.48 14.09 11.53 11.83 10.29 10.80 8.47 4.23 0.00 0.00 0.00 6.06 9.49 7.45 10.51 12.34 12.05 9.27 9.27 8.40 8.91 8.54 5.26 7.96 7.45 8.91 9.56 10.51 10.07 12.56 15.40 19.56 16.35 16.06 14.60 13.94 14.45 18.76 22.56 21.61 20.95 23.07 18.47 18.47 18.40 14.97 17.59 17.96 16.13 16.64 16.13 21.39 19.93 19.93 24.97 25.55 21.32 22.85 12.56 9.78 7.37 7.74 8.47 8.47 10.00 14.89 13.65 17.67 17.67 18.69 21.68 21.10 21.90 20.00 21.68 18.91 20.37 5.26 4.02 2.26 13.94 12.85 16.72 20.95
10.59 10.07 10.00 10.66 6.79 6.13 2.63 3.65 0.00 0.00 0.00 4.89 7.30 6.13 9.05 10.44 10.00 9.42 9.42 7.30 5.69 3.72 4.16 5.18 6.42 9.27 8.69 9.05 9.05 12.92 12.85 14.02 15.18 16.43 16.94 14.97 15.55 14.97 18.91 15.70 16.72 12.92 15.11 15.11 14.16 14.09 16.21 16.13 15.84 16.64 15.11 15.70 16.13 18.25 17.08 20.59 18.47 12.99 13.94 12.92 15.48 14.82 16.57 14.16 14.09 13.80 15.70 19.13 19.13 23.29 22.92 21.97 19.27 20.66 20.15 18.98 11.75 5.26 6.64 6.28 11.97 9.34 8.98 15.04
10.66 10.66 9.86 8.03 6.42 3.58 4.16 0.00 0.00 0.00 0.00 0.00 5.91 7.15 8.69 9.56 9.34 9.56 9.56 9.13 7.15 5.91 5.18 5.18 5.48 8.32 10.80 10.66 9.42 12.19 13.21 12.99 14.31 17.45 15.77 16.28 14.31 11.53 11.75 12.41 10.44 10.51 10.15 10.15 14.75 16.35 16.21 15.48 17.45 17.23 16.35 18.69 19.64 20.73 20.29 20.81 18.40 15.04 15.62 15.40 18.25 20.95 19.13 20.37 16.28 17.16 17.23 19.05 19.05 24.09 23.21 24.02 20.29 13.80 14.89 11.68 13.21 6.57 4.82 5.69 6.57 7.15 8.83 8.47
10.44 7.66 7.37 5.84 6.06 0.00 0.00 0.00 0.00 0.00 0.00 0.00 0.00 3.65 5.18 7.23 6.50 8.76 8.76 8.10 8.98 8.03 5.62 9.64 11.17 10.51 12.05 13.36 11.32 12.19 8.98 12.85 11.90 12.26 14.97 9.49 11.02 8.10 3.80 2.99 6.57 8.18 13.21 13.21 12.12 13.80 16.13 16.06 20.73 26.86 29.13 22.27 23.14 22.05 22.56 22.63 24.89 24.97 24.38 22.63 22.85 22.78 23.58 22.70 22.19 18.98 22.92 25.40 25.40 19.49 21.75 11.68 11.83 11.90 11.83 12.48 5.04 4.67 5.40 5.48 4.82 5.26 8.47 8.69
0.00 0.00 0.00 0.00 0.00 0.00 0.00 0.00 0.00 0.00 0.00 0.00 0.00 0.00 0.00 0.00 2.26 6.86 6.86 7.30 9.27 8.61 9.13 13.29 12.56 11.46 17.16 14.24 15.40 8.18 9.56 9.13 10.29 9.42 13.14 7.08 0.51 1.31 0.66 2.34 7.66 6.57 11.17 11.17 11.90 10.07 14.45 21.83 20.37 27.08 29.49 28.98 28.84 26.28 25.04 24.45 27.16 25.26 23.36 23.87 22.12 22.34 22.34 22.70 22.41 23.07 22.78 24.02 24.02 20.00 10.73 12.78 7.37 5.99 5.84 3.58 4.31 3.50 3.65 3.14 4.31 3.87 5.40 7.52
0.00 0.00 0.00 0.00 0.00 0.00 0.00 0.00 0.00 0.00 0.00 0.00 0.00 0.00 0.00 0.00 0.00 0.00 0.00 5.62 10.00 12.41 11.97 14.89 17.59 19.86 19.71 17.45 19.49 12.12 10.29 11.32 8.98 7.30 7.08 5.84 0.00 0.00 0.00 0.00 6.50 4.02 9.42 9.42 7.23 9.78 7.66 6.94 21.32 21.53 21.46 22.70 20.81 20.15 21.61 20.88 17.52 24.38 20.15 18.25 18.32 18.54 19.27 21.02 20.59 21.32 19.93 19.27 19.27 17.30 17.96 12.92 7.08 5.69 5.77 4.82 4.02 3.21 2.85 3.58 2.99 2.99 2.56 2.63
0.00 0.00 0.00 0.00 0.00 0.00 0.00 0.00 0.00 0.00 0.00 0.00 0.00 0.00 0.00 0.00 0.00 0.00 0.00 5.62 10.00 12.41 11.97 14.89 17.59 19.86 19.71 17.45 19.49 12.12 10.29 11.32 8.98 7.30 7.08 5.84 0.00 0.00 0.00 0.00 6.50 4.02 9.42 9.42 7.23 9.78 7.66 6.94 21.32 21.53 21.46 22.70 20.81 20.15 21.61 20.88 17.52 24.38 20.15 18.25 18.32 18.54 19.27 21.02 20.59 21.32 19.93 19.27 19.27 17.30 17.96 12.92 7.08 5.69 5.77 4.82 4.02 3.21 2.85 3.58 2.99 2.99 2.56 2.63
0.00 0.00 0.00 0.00 0.00 0.00 0.00 0.00 0.00 0.00 0.00 0.00 0.00 0.00 0.00 0.00 0.00 0.00 0.00 0.00 6.79 11.53 14.82 16.64 16.43 20.73 19.71 19.93 20.59 16.21 9.78 7.08 7.52 4.96 1.61 0.00 0.07 0.00 0.00 2.99 2.63 1.97 0.00 0.00 0.00 0.00 0.00 0.00 0.00 0.00 0.00 9.56 11.17 14.97 14.09 13.94 12.70 8.83 11.02 9.78 15.77 16.43 16.57 18.25 21.61 20.15 20.95 19.05 19.05 18.10 16.72 18.10 12.63 14.89 9.13 5.26 4.53 4.31 4.31 4.38 3.58 4.67 2.99 2.85
0.00 6.50 13.43 10.73 7.81 5.84 13.51 0.00 0.00 0.00 0.00 0.00 0.00 0.00 0.00 0.00 2.92 7.15 7.15 11.90 10.00 11.97 17.01 16.69 15.33 16.86 18.58 17.89 17.37 17.45 12.41 8.69 7.37 0.95 1.53 0.00 0.00 0.00 0.00 0.15 0.66 0.58 0.00 0.00 0.00 0.00 0.00 0.00 0.00 0.00 0.00 0.00 0.00 4.23 5.77 6.06 5.91 5.99 8.76 14.02 12.85 15.26 17.16 20.29 19.71 20.73 18.10 15.84 15.84 16.94 16.57 18.61 15.62 11.10 7.37 5.11 4.38 4.31 3.87 5.40 5.48 4.31 1.83 1.31
14.16 11.32 16.57 17.37 19.56 16.43 0.00 0.00 0.00 0.00 0.00 0.00 0.00 0.00 0.00 0.00 0.00 8.10 8.10 7.37 13.94 16.72 17.74 11.51 17.02 14.60 19.99 18.14 20.81 19.13 19.86 13.80 10.37 9.71 0.88 1.17 2.26 0.07 0.22 0.22 0.29 0.29 0.29 0.29 0.00 0.00 0.00 0.00 0.00 0.00 0.00 0.00 0.00 0.00 0.00 0.00 0.00 2.56 5.69 8.91 16.28 17.45 14.67 16.64 14.97 15.84 17.23 16.21 16.21 15.84 16.06 15.62 13.72 10.00 10.07 7.08 8.03 6.20 5.69 7.96 5.26 5.69 4.09 0.00
0.00 0.00 15.99 11.97 17.45 18.18 0.00 0.00 0.00 0.00 11.10 9.86 7.01 6.42 1.46 0.00 0.00 0.00 0.00 0.00 5.99 0.00 6.02 4.36 12.48 8.78 16.76 16.37 17.01 19.74 18.54 14.24 13.72 15.70 5.77 6.13 5.69 6.06 0.51 0.00 0.00 0.00 0.00 0.00 0.00 0.00 0.00 0.00 0.00 0.00 0.00 0.00 0.00 0.00 0.00 0.00 0.00 0.00 6.42 16.21 14.24 21.17 19.93 16.28 17.59 14.82 18.25 21.46 21.46 20.08 17.74 17.96 14.45 11.32 12.56 11.10 7.74 8.18 9.49 8.40 8.83 7.45 8.32 8.69
0.00 0.00 7.74 15.99 15.40 17.08 0.00 6.20 11.46 9.56 12.19 12.92 14.02 10.00 2.34 3.80 0.00 0.00 0.00 0.00 0.00 0.00 0.00 0.00 0.00 3.72 0.00 12.22 9.94 19.10 19.08 16.28 18.69 19.20 18.03 12.78 9.42 10.44 6.86 0.07 0.00 0.00 0.00 0.00 0.00 0.00 0.00 0.00 0.00 0.00 0.00 0.00 0.00 0.00 0.00 0.00 0.00 0.00 0.00 11.24 20.81 18.98 24.60 24.02 26.13 22.92 21.61 21.53 21.53 20.37 18.25 15.11 13.72 13.58 13.80 13.36 14.75 12.19 10.95 12.70 10.07 10.80 11.32 11.61
0.00 0.00 7.74 15.99 15.40 17.08 0.00 6.20 11.46 9.56 12.19 12.92 14.02 10.00 2.34 3.80 0.00 0.00 0.00 0.00 0.00 0.00 0.00 0.00 0.00 3.72 0.00 11.36 9.29 19.39 19.27 16.96 21.00 20.32 18.49 12.78 9.42 10.44 6.86 0.07 0.00 0.00 0.00 0.00 0.00 0.00 0.00 0.00 0.00 0.00 0.00 0.00 0.00 0.00 0.00 0.00 0.00 0.00 0.00 11.24 20.81 18.98 24.60 24.02 26.13 22.92 21.61 21.53 21.53 20.37 18.25 15.11 13.72 13.58 13.80 13.36 14.75 12.19 10.95 12.70 10.07 10.80 11.32 11.61
0.00 0.00 0.00 0.00 14.45 0.00 2.85 9.05 13.65 15.33 16.28 15.11 15.77 11.02 6.72 7.96 0.00 9.93 9.93 0.00 0.00 0.00 0.00 0.00 0.00 0.00 0.00 5.28 2.56 11.37 9.81 8.02 20.20 21.69 20.62 19.74 15.48 10.00 12.70 8.25 0.15 0.15 0.00 0.00 0.29 0.00 0.00 0.00 0.00 0.00 0.00 0.00 0.00 0.00 0.00 0.00 0.00 0.00 0.00 0.00 0.00 8.25 18.18 27.01 25.84 26.94 22.19 20.73 20.73 17.23 12.56 14.45 12.99 12.70 13.65 14.97 11.24 9.05 12.34 9.05 10.07 13.14 16.86 15.55
0.00 0.00 0.00 0.00 0.00 0.00 4.89 9.13 8.98 11.24 13.94 14.45 6.28 7.66 9.78 8.83 10.29 11.39 11.39 7.19 3.43 0.00 0.44 0.00 0.00 0.00 0.00 0.00 0.00 0.00 1.02 1.46 0.00 13.71 18.35 19.10 17.05 16.14 13.43 14.97 14.60 2.99 0.51 0.51 0.00 0.00 0.00 0.00 0.00 0.00 0.00 0.00 0.00 0.00 0.00 0.00 0.00 0.00 0.00 0.00 0.00 0.00 8.10 23.00 27.74 22.12 18.69 19.05 19.05 18.91 12.19 6.57 7.45 10.66 10.07 9.05 8.32 8.83 7.81 7.74 7.96 11.83 11.68 12.92
0.00 0.00 0.00 0.00 0.00 0.00 0.00 0.00 4.02 8.47 10.88 7.66 4.96 4.23 5.40 8.32 10.29 9.71 9.71 8.91 4.74 1.97 0.00 0.00 0.00 0.00 0.00 0.00 0.00 0.00 0.00 0.00 0.00 0.00 9.37 12.79 17.73 18.25 19.78 20.59 17.74 19.86 5.04 5.04 0.00 0.00 0.00 0.00 0.00 0.00 0.00 0.00 0.00 0.00 0.00 0.00 0.00 0.00 0.00 0.00 0.00 0.00 2.56 12.34 10.15 20.44 17.81 16.50 16.50 8.76 3.50 5.84 4.02 5.84 1.61 5.04 4.31 7.45 7.66 9.05 7.74 10.15 12.05 12.78
0.00 0.00 20.81 24.89 18.47 0.00 0.00 0.00 0.00 7.74 8.54 8.40 6.79 3.29 5.99 9.78 7.96 3.29 3.29 3.29 2.77 2.99 0.00 0.00 0.00 0.00 0.00 0.00 0.00 0.00 0.00 0.00 0.00 0.00 0.00 3.58 13.12 15.58 15.20 23.82 21.24 15.99 17.16 17.16 11.75 0.88 0.51 0.66 0.00 0.00 0.51 0.51 0.73 0.00 0.00 0.00 0.00 0.00 3.07 2.34 0.00 0.00 0.00 5.40 10.66 4.16 6.35 5.77 5.77 6.35 2.48 0.00 0.00 0.29 0.00 3.21 6.86 5.40 8.91 8.83 10.66 11.97 10.51 10.66
0.00 10.88 16.64 25.84 0.00 0.00 0.00 0.00 0.00 2.85 6.28 7.88 6.57 8.76 8.03 8.47 2.41 1.02 1.02 0.15 0.00 0.00 0.00 0.00 0.00 0.00 0.00 0.00 0.00 0.00 0.00 0.00 0.00 0.00 0.00 4.67 3.87 8.61 11.41 21.41 21.42 17.96 14.82 14.82 12.41 12.99 10.80 2.63 1.39 1.68 1.31 0.95 0.00 0.00 0.00 0.00 0.00 1.31 0.00 3.14 1.90 0.00 0.00 0.00 0.00 0.00 2.63 0.00 0.00 0.00 0.00 0.00 0.00 0.00 0.00 0.00 0.15 1.31 7.01 10.51 5.18 5.84 4.16 4.23
8.25 14.38 12.56 20.59 0.00 0.00 0.00 0.00 0.00 0.00 2.26 0.00 4.45 5.77 0.00 0.00 0.00 0.00 0.00 0.00 0.00 0.00 0.00 0.37 0.00 0.00 0.00 0.00 0.00 0.00 0.00 0.00 0.00 0.00 0.00 0.00 0.88 0.59 4.02 6.20 5.97 15.99 14.24 14.24 13.58 13.58 12.85 13.36 12.92 11.46 4.31 1.83 0.00 0.00 0.00 0.00 0.00 0.00 0.00 0.00 3.43 3.87 1.90 0.00 0.00 0.00 0.00 0.00 0.00 0.00 0.00 0.00 0.00 0.00 0.00 0.00 0.00 0.00 2.34 2.12 1.83 1.46 3.07 2.85
8.25 14.38 12.56 20.59 0.00 0.00 0.00 0.00 0.00 0.00 2.26 0.00 4.45 5.77 0.00 0.00 0.00 0.00 0.00 0.00 0.00 0.00 0.00 0.37 0.00 0.00 0.00 0.00 0.00 0.00 0.00 0.00 0.00 0.00 0.00 0.00 0.88 0.59 4.06 6.20 5.91 15.99 14.24 14.24 13.58 13.58 12.85 13.36 12.92 11.46 4.31 1.83 0.00 0.00 0.00 0.00 0.00 0.00 0.00 0.00 3.43 3.87 1.90 0.00 0.00 0.00 0.00 0.00 0.00 0.00 0.00 0.00 0.00 0.00 0.00 0.00 0.00 0.00 2.34 2.12 1.83 1.46 3.07 2.85
7.96 12.26 9.93 10.66 0.00 0.00 0.00 0.00 0.00 0.00 0.00 0.00 0.00 0.07 0.00 0.00 0.00 0.00 0.00 0.00 0.00 0.00 0.00 0.00 0.00 0.00 0.00 0.00 0.00 0.00 0.00 0.00 0.00 0.00 0.00 0.00 0.00 0.00 0.00 1.61 1.10 1.02 7.59 7.59 8.91 10.15 11.02 12.19 10.51 11.61 11.02 7.81 2.70 4.02 0.88 0.00 0.00 0.00 0.00 0.00 3.80 3.29 3.94 0.88 0.00 0.00 0.00 0.00 0.00 0.00 0.00 0.00 0.00 0.00 0.00 0.00 0.00 0.00 0.00 0.00 0.00 0.00 1.68 1.46
