Wansh/Snow_depth/snowdepth-1995/spring/1995062.txt
ncols 321
nrows 161
xllcenter 60
yllcenter 15 
cellsize  0.25 
NODATA_value -1
[rows 74 to 110 of 161, columns 84 to 167 of 321]
0.00 0.00 0.00 0.00 1.46 1.46 2.04 2.70 2.48 1.24 2.63 2.63 3.50 3.94 3.07 1.90 1.75 1.46 1.46 0.00 1.39 2.70 0.00 0.00 0.00 0.00 0.00 0.00 0.00 0.00 1.83 0.00 0.00 0.00 0.00 0.00 0.00 0.00 0.00 0.00 0.00 0.00 0.44 0.44 0.22 0.22 1.02 0.00 3.07 2.85 2.92 4.23 3.94 0.00 0.00 2.77 3.14 4.02 2.63 2.85 2.41 2.34 2.63 1.97 0.00 0.00 0.00 6.64 6.64 5.50 8.80 4.60 5.69 0.00 0.00 0.00 0.00 0.00 0.58 1.10 1.24 0.95 1.68 2.19
1.02 1.17 1.02 1.10 1.53 1.68 1.46 2.63 3.50 2.63 1.83 2.12 2.85 4.38 1.31 0.00 0.00 0.00 0.00 3.72 1.53 2.41 0.00 0.00 0.00 0.00 0.00 0.00 2.41 0.00 2.77 0.00 0.00 0.58 0.00 0.00 0.00 0.00 0.00 0.00 0.00 0.00 0.37 0.37 1.02 0.07 1.75 2.63 2.12 2.48 2.19 2.48 3.36 3.29 3.07 3.50 2.92 3.36 3.14 4.09 2.41 2.85 2.41 2.41 1.68 1.39 0.00 6.42 6.42 9.10 9.86 7.08 4.60 1.46 0.58 0.00 0.00 0.00 0.00 0.00 0.00 0.00 1.10 1.04
0.66 0.95 1.10 1.53 1.10 0.88 0.00 0.00 0.00 3.43 3.72 2.85 0.00 4.45 3.14 2.56 2.19 2.26 2.26 3.14 0.00 0.00 0.00 0.00 0.00 0.00 0.00 0.00 0.00 0.00 0.00 0.00 0.00 0.00 0.00 0.00 0.00 0.00 0.00 0.00 1.46 1.10 1.75 1.75 0.00 0.29 0.00 2.48 2.34 2.04 1.90 0.73 2.19 2.70 1.75 2.12 2.99 2.04 2.99 2.85 2.77 2.26 1.53 1.53 1.10 2.57 3.36 6.50 6.50 7.08 8.83 7.66 5.04 3.94 1.68 0.44 0.00 0.00 0.00 0.00 0.00 0.00 0.00 1.05
0.80 1.68 0.37 0.00 0.80 1.46 0.00 0.00 3.14 3.58 3.65 3.65 0.00 2.41 3.94 2.63 3.72 3.07 3.07 3.94 0.00 0.00 0.00 0.00 0.00 0.00 0.00 0.00 0.00 0.00 0.00 0.00 1.90 0.00 0.00 0.00 0.00 0.00 0.00 0.00 0.00 0.00 1.02 1.02 1.24 0.00 0.80 2.70 2.34 1.97 1.75 1.83 1.31 1.90 2.19 0.73 2.41 2.12 0.66 2.63 2.34 2.19 2.34 1.10 2.41 2.41 3.65 5.18 5.18 5.33 7.59 6.94 5.26 4.89 2.34 0.00 0.00 0.00 0.00 0.00 0.00 0.00 0.00 0.44
0.00 0.00 1.83 1.31 0.73 1.10 0.00 0.00 2.70 3.43 3.72 3.43 2.92 2.63 3.65 4.23 5.40 3.72 3.72 4.16 4.38 0.00 3.43 3.21 0.00 0.00 0.00 0.00 0.00 0.00 0.00 0.00 0.00 0.00 0.00 0.00 0.00 0.00 0.00 0.00 0.00 0.00 0.00 0.00 0.00 0.00 0.00 1.68 2.63 0.00 0.00 0.00 2.70 3.29 2.56 2.85 3.07 2.92 2.26 1.90 3.65 0.00 0.00 3.50 1.68 1.97 3.43 4.31 4.31 5.69 5.26 4.16 3.87 3.94 0.15 0.15 0.44 0.15 0.00 0.00 0.00 0.59 1.39 1.33
0.00 0.00 0.00 0.00 2.04 2.04 0.00 3.43 3.43 3.80 3.50 3.36 0.00 3.50 3.29 4.74 3.87 5.48 5.48 4.38 0.00 0.00 3.50 2.92 0.00 0.00 0.00 0.00 0.00 0.00 0.00 0.00 0.00 0.00 0.00 0.00 0.00 0.00 0.00 0.00 0.00 0.00 0.00 0.00 0.00 0.00 0.00 0.00 0.00 0.00 0.00 0.00 3.58 2.99 0.00 0.00 0.00 0.00 0.00 0.00 0.00 0.00 0.00 0.00 1.39 1.61 0.00 2.12 2.12 2.92 1.17 2.12 2.92 0.95 1.17 0.58 1.54 1.02 1.02 0.29 0.00 0.44 0.95 1.91
0.00 0.00 0.00 0.00 0.00 0.00 0.00 0.00 3.21 3.43 3.72 4.09 4.09 3.43 3.21 3.43 4.09 3.21 3.21 3.58 0.00 3.21 0.00 2.41 0.00 2.04 0.00 0.00 0.00 0.00 0.00 0.00 0.00 0.00 0.00 0.00 0.00 0.00 0.00 0.00 1.31 0.00 0.00 0.00 0.00 0.00 0.00 0.00 0.00 0.00 0.00 0.00 0.00 0.00 0.00 0.00 0.00 0.00 0.00 2.26 2.70 3.21 4.16 2.56 0.22 0.00 0.00 0.00 0.00 1.02 0.22 1.83 1.75 3.36 1.31 1.69 1.35 1.83 2.63 1.90 1.39 1.02 1.83 1.53
0.51 0.44 1.31 0.00 0.00 2.26 1.68 2.41 0.00 3.29 4.31 3.36 3.29 3.58 2.63 2.63 2.41 2.41 2.41 4.16 0.00 0.00 0.00 0.00 2.48 0.00 0.00 0.00 0.00 0.00 0.00 0.00 0.00 0.00 0.00 0.00 0.00 0.00 0.00 0.00 1.68 0.00 0.00 0.00 0.00 0.00 0.00 0.00 0.00 0.00 0.00 0.00 0.00 0.00 0.00 0.00 0.00 1.24 1.75 2.04 2.77 2.70 3.80 2.41 0.00 0.00 0.00 0.00 0.00 0.00 0.00 1.83 2.77 3.07 4.67 1.91 1.99 2.22 3.93 3.44 3.15 1.90 3.94 3.72
1.10 1.90 1.97 2.04 2.41 1.39 2.77 2.77 2.26 3.07 2.63 2.99 3.50 2.99 2.92 3.21 1.02 0.00 0.00 0.00 0.00 1.31 0.00 0.00 0.00 0.00 0.00 0.00 0.00 0.00 0.00 0.00 0.00 0.00 0.00 0.00 0.00 0.00 0.00 0.00 0.00 0.80 0.00 0.00 0.00 0.00 0.00 0.00 0.00 0.00 0.00 0.00 0.00 0.00 0.00 0.00 0.00 0.00 0.95 1.46 1.97 3.80 2.99 2.26 1.97 0.00 0.80 0.00 0.00 0.00 1.17 0.00 0.00 3.87 4.67 4.31 2.77 2.99 4.45 4.48 4.38 5.84 6.06 5.91
1.90 1.68 1.53 1.39 1.53 0.66 1.97 2.41 2.48 2.41 2.77 0.00 2.99 0.00 0.00 3.36 0.00 0.00 0.00 0.00 1.02 0.00 0.00 0.00 0.00 0.00 0.00 0.00 0.00 0.00 0.00 0.00 0.00 0.00 0.00 0.00 0.00 0.00 0.00 0.00 0.00 0.00 0.00 0.00 0.00 0.00 0.00 0.00 0.00 0.00 0.00 0.00 0.00 0.00 0.00 0.00 2.19 1.17 1.39 1.61 2.85 2.92 2.19 2.04 2.26 1.97 1.17 2.12 2.12 2.26 0.00 0.00 0.00 4.82 5.77 5.04 4.82 4.16 5.26 5.33 6.42 7.15 7.37 6.20
1.83 1.75 1.10 1.90 1.31 0.22 0.37 1.68 0.00 0.00 0.00 0.00 0.00 0.00 0.00 0.00 0.00 0.00 0.00 0.00 0.00 3.87 3.87 3.87 4.89 0.00 0.00 0.00 0.00 0.00 0.00 0.00 0.00 0.00 0.00 0.00 0.00 0.00 0.00 0.00 0.00 0.00 0.00 0.00 0.00 0.00 0.00 0.00 0.00 0.00 0.00 0.51 0.00 0.00 0.00 0.00 2.56 0.88 0.95 1.97 2.70 2.56 2.34 2.26 2.41 2.34 2.19 2.48 2.48 2.26 2.19 0.00 0.00 4.67 4.74 5.55 5.69 6.50 6.06 6.28 6.28 6.79 7.23 7.45
1.83 1.10 0.95 1.17 1.39 0.22 0.00 0.00 0.00 0.00 0.00 0.00 0.00 0.00 3.14 0.00 0.00 0.00 0.00 0.00 5.04 5.04 6.06 5.26 0.00 0.00 0.00 0.00 0.00 0.00 0.00 0.00 0.00 0.00 0.00 0.00 0.00 0.00 0.00 0.00 0.00 0.00 0.00 0.00 0.00 0.00 0.00 0.00 0.00 0.00 0.37 0.00 0.00 2.77 0.00 3.50 3.43 1.10 0.66 1.39 2.05 2.76 2.63 3.21 2.77 2.63 2.56 2.99 2.99 3.14 2.48 4.89 5.04 5.55 5.18 4.60 5.11 6.13 5.91 6.13 6.13 6.72 7.52 7.15
0.73 1.10 1.97 1.97 2.04 0.00 0.00 3.87 0.00 2.48 1.83 1.68 0.00 0.00 0.00 0.00 3.65 0.00 0.00 4.45 4.96 5.18 0.00 0.00 0.00 0.00 0.00 0.00 0.00 0.00 0.00 0.00 0.00 0.00 0.00 0.00 0.00 0.00 0.00 0.00 1.68 0.00 0.15 0.15 0.00 0.51 1.10 1.02 0.73 1.10 1.10 1.39 1.46 2.12 3.80 4.89 4.82 4.09 4.09 6.06 3.14 2.41 2.98 3.14 2.26 2.63 3.65 2.77 2.77 3.07 8.25 8.25 8.25 5.91 4.16 3.94 4.45 4.23 4.23 6.86 7.37 7.08 6.72 6.06
1.83 1.31 2.04 1.83 2.92 0.00 0.00 0.00 0.00 0.00 0.95 0.00 0.00 0.00 1.46 0.00 0.00 3.72 3.72 4.09 4.67 4.53 0.00 0.00 0.00 0.00 0.00 0.00 0.00 0.00 0.00 0.00 0.00 0.00 0.00 0.00 0.00 0.00 0.00 2.41 1.46 1.46 1.02 1.02 0.22 0.22 0.95 1.24 1.39 0.80 1.61 1.46 2.99 2.41 4.74 5.55 6.79 6.06 7.45 7.01 4.67 2.48 1.68 2.41 3.93 3.72 7.15 4.16 4.16 6.94 7.08 9.49 7.59 7.01 5.33 4.45 4.74 5.04 7.08 7.52 8.47 8.10 6.64 5.99
2.04 1.53 1.68 2.56 0.00 0.00 0.00 0.00 0.00 0.00 0.00 0.00 0.00 0.00 0.00 0.00 0.00 0.00 0.00 3.36 3.21 0.00 0.00 0.00 0.00 3.21 0.00 3.14 0.00 0.00 0.00 0.00 0.00 0.00 0.00 0.00 0.00 0.00 0.00 0.00 0.00 0.00 0.00 0.00 0.00 2.34 1.53 2.04 1.24 1.61 1.75 2.99 3.50 4.38 6.35 5.33 6.35 6.42 8.10 5.18 4.53 2.56 2.34 6.79 7.67 8.11 9.56 8.18 8.18 7.59 6.28 6.50 7.81 8.25 7.30 5.84 6.06 6.35 8.03 8.10 8.25 6.72 6.94 5.77
1.46 1.17 1.10 1.46 0.66 0.00 0.00 0.00 0.00 0.00 0.00 0.00 0.00 0.00 0.00 0.00 0.00 0.00 0.00 0.00 2.34 0.00 0.00 1.90 0.00 0.00 0.00 2.41 0.00 0.00 0.00 0.00 0.00 0.00 0.00 0.00 0.00 0.00 0.00 0.00 0.00 0.00 0.00 0.00 0.00 2.56 2.85 1.75 3.87 2.92 2.77 6.79 6.79 6.20 8.47 6.79 8.03 5.84 5.48 4.87 3.58 3.65 8.94 10.44 12.75 13.85 13.14 10.07 10.07 8.32 5.69 6.06 6.20 7.59 6.35 5.69 6.28 8.18 6.28 7.87 9.35 5.19 6.02 6.16
0.88 1.24 0.80 1.10 0.00 0.00 0.00 0.00 0.00 0.00 0.00 0.00 0.00 0.00 0.00 0.00 0.00 0.00 0.00 0.00 0.00 2.63 0.00 2.56 0.00 0.00 0.00 1.97 0.00 0.00 0.00 0.00 0.00 0.00 0.00 0.00 0.00 0.00 0.00 0.00 0.00 0.00 0.00 0.00 2.34 2.41 3.14 3.43 3.80 3.72 5.55 9.34 8.47 8.47 11.17 8.10 7.15 6.06 5.18 5.04 5.27 5.55 6.86 10.51 12.70 10.88 11.89 12.30 11.91 7.92 5.04 4.31 4.89 4.89 4.53 5.26 5.84 6.57 4.89 5.73 4.54 4.61 5.64 5.52
0.88 1.24 1.17 0.73 0.00 0.00 0.00 0.00 0.00 0.00 0.00 0.00 0.00 0.00 0.00 0.00 0.00 0.00 0.00 0.00 0.00 0.00 0.00 0.00 0.00 0.00 0.00 0.00 0.00 2.41 0.00 0.00 0.00 0.00 0.00 0.00 0.00 0.00 0.00 0.00 0.00 0.00 0.00 0.00 0.00 0.00 2.63 3.43 3.07 4.53 5.69 8.83 11.17 13.58 13.36 12.99 9.05 8.18 6.93 7.82 6.06 6.13 5.21 5.78 10.11 8.19 7.96 6.06 6.09 6.02 4.04 4.45 5.55 5.40 4.62 3.94 4.82 4.53 4.70 4.79 5.33 5.55 7.22 6.88
0.88 0.58 1.17 0.66 0.29 0.00 0.95 0.00 0.00 0.58 0.00 0.00 0.00 0.00 0.00 0.00 0.00 0.00 0.00 0.00 0.00 0.00 0.00 0.00 0.00 0.00 0.00 0.00 0.00 0.00 0.00 0.00 0.00 0.00 0.00 0.00 0.00 0.00 0.00 0.00 0.00 0.00 0.00 0.00 0.00 0.00 3.21 3.58 4.23 4.16 8.10 10.37 9.78 13.43 14.97 15.40 12.70 10.22 14.24 10.26 6.93 5.05 6.03 4.37 4.92 7.30 6.81 3.80 3.80 3.44 2.80 5.43 6.16 5.41 5.58 5.38 5.18 5.26 5.42 3.87 5.45 6.02 7.30 7.66
1.53 1.02 0.73 0.29 0.22 1.10 0.00 0.00 0.00 1.31 0.00 0.00 0.00 0.00 0.00 0.00 0.00 0.95 0.95 1.46 0.00 0.00 0.00 0.00 0.00 0.00 0.00 0.00 0.00 0.00 0.00 0.00 0.00 0.00 0.00 0.00 0.00 0.00 0.00 0.00 0.00 0.00 0.00 0.00 0.00 0.00 0.00 3.58 4.45 5.04 6.79 8.61 9.42 12.78 14.16 15.11 16.10 16.57 16.50 14.09 10.29 5.00 4.06 3.53 3.71 4.57 5.28 2.99 2.99 2.29 3.16 5.30 5.19 4.99 8.37 6.16 6.13 5.56 4.32 3.46 4.28 6.57 7.92 8.40
2.34 1.90 1.10 0.66 0.88 1.10 0.00 0.00 0.00 0.00 0.00 0.00 0.00 0.00 0.00 0.00 0.44 0.66 0.66 0.00 0.00 0.00 0.00 0.00 0.00 0.00 0.00 0.00 0.00 0.00 0.00 0.00 0.00 0.00 0.00 0.00 0.00 0.00 0.00 0.00 0.00 0.00 0.00 0.00 0.00 0.00 0.00 3.14 5.69 7.52 6.64 7.30 10.73 11.59 14.37 14.82 15.28 13.72 14.02 15.11 12.63 4.62 2.54 3.15 2.20 3.95 4.25 2.92 2.93 1.40 2.32 3.00 4.76 6.64 8.34 8.10 5.59 4.77 4.92 2.90 3.23 5.26 5.92 7.34
1.83 2.34 1.68 1.83 1.39 1.61 1.75 0.00 0.00 0.00 0.00 0.00 0.00 0.00 0.00 0.00 0.00 0.00 0.00 0.00 0.00 0.00 0.00 0.00 0.00 0.00 0.00 0.00 0.07 0.00 0.00 0.00 0.00 0.00 0.00 0.00 0.00 0.00 0.00 0.00 0.00 0.00 0.00 0.00 0.00 0.00 4.38 4.53 5.69 11.10 10.51 8.69 11.39 13.15 14.28 13.40 15.00 12.18 10.45 10.84 4.04 2.49 2.76 1.55 1.51 2.55 1.95 1.91 1.91 0.59 1.50 1.70 3.57 5.71 5.50 5.36 3.65 4.55 2.85 2.38 2.09 7.26 8.00 6.54
4.16 0.00 2.12 2.04 3.58 1.97 3.43 2.12 0.37 2.19 0.00 0.00 0.00 0.00 0.00 0.00 0.00 0.00 0.00 0.00 0.00 0.00 0.00 0.00 0.00 0.00 0.00 0.00 0.88 0.00 0.00 0.00 0.00 0.00 0.00 0.00 0.00 0.00 0.00 0.00 0.00 0.00 3.36 3.36 0.00 2.41 7.37 7.81 8.83 13.36 12.85 10.51 13.72 13.50 11.62 14.19 9.51 7.64 7.38 7.30 3.63 3.27 1.73 1.39 0.08 1.40 1.83 1.48 1.46 1.04 0.78 0.18 2.81 3.31 4.38 4.11 2.08 2.22 1.82 1.48 4.21 5.72 7.88 5.27
0.00 0.00 2.04 0.00 4.09 4.09 5.99 5.77 3.07 2.99 2.85 1.61 0.00 0.22 0.00 0.00 0.00 0.00 0.00 0.00 0.00 0.00 0.00 0.00 0.00 0.00 0.00 1.53 0.07 0.00 0.00 0.37 0.00 0.00 0.00 0.00 0.00 0.00 0.00 5.04 10.88 9.34 5.99 5.99 6.72 14.02 11.61 11.68 11.10 15.72 14.30 13.49 13.22 13.96 9.66 9.83 10.07 6.86 5.51 3.75 4.84 4.84 4.28 1.90 2.22 1.90 0.59 1.13 1.10 0.58 0.29 1.72 2.25 3.34 3.96 3.21 1.53 1.45 1.79 1.56 3.30 2.75 5.17 3.74
5.77 5.48 2.12 5.77 7.23 9.27 11.02 9.78 9.78 7.30 1.53 2.34 0.95 0.66 0.51 0.66 0.51 1.83 1.83 1.97 1.61 0.00 0.00 0.37 1.39 1.24 1.75 1.24 1.02 0.58 0.88 0.73 0.95 1.68 1.53 1.61 0.88 0.00 1.83 5.55 9.05 6.13 8.54 8.54 9.34 13.07 14.02 14.38 14.53 14.38 13.70 10.24 11.51 10.21 6.66 7.82 5.52 7.26 8.45 8.80 8.66 7.26 11.07 8.28 5.77 3.82 3.30 3.07 3.02 0.00 0.73 0.61 4.84 6.54 6.81 7.59 4.16 1.57 1.67 0.16 1.26 0.92 2.61 1.85
7.30 6.79 4.96 6.42 6.79 5.62 9.42 12.99 11.17 4.82 0.00 0.00 1.46 2.19 1.31 0.66 1.61 1.97 1.97 2.19 1.68 0.29 0.44 1.02 0.80 0.95 0.66 0.15 0.07 0.80 1.02 0.73 0.29 1.46 1.02 2.26 2.19 2.56 1.24 0.73 4.09 4.74 5.84 5.84 4.74 10.22 12.85 13.72 10.31 11.94 12.12 9.02 7.69 8.03 8.10 7.54 4.42 4.89 5.98 7.46 9.59 10.44 11.77 10.01 5.40 3.94 3.89 1.47 1.44 0.00 0.00 1.68 3.43 7.57 10.17 10.00 6.86 0.90 0.00 0.00 0.00 0.49 1.64 3.88
4.53 5.62 5.40 5.40 4.74 8.10 5.62 7.81 9.05 6.72 0.00 0.00 0.00 1.46 2.12 2.04 1.75 2.19 2.19 1.68 1.02 0.88 0.80 0.95 0.51 0.15 0.00 0.00 0.00 1.39 1.24 1.02 0.07 0.44 1.39 1.75 1.75 2.19 0.22 0.00 1.24 1.31 2.63 2.63 5.40 3.21 8.83 8.70 9.17 11.87 11.14 8.93 9.64 8.22 8.22 7.59 5.86 4.02 5.69 5.93 8.24 11.17 8.69 5.91 5.62 4.32 3.95 2.93 3.26 2.25 0.00 1.41 3.56 5.10 9.96 7.45 6.50 0.58 0.00 0.00 0.00 0.00 1.50 2.85
4.02 4.82 3.58 2.41 2.56 4.82 4.67 5.65 8.10 6.13 3.65 0.00 0.00 0.00 2.26 2.34 2.26 1.46 1.46 1.53 1.24 1.46 1.24 1.17 1.02 0.22 0.00 0.00 1.46 0.95 1.24 0.44 0.00 0.00 0.58 1.68 0.07 0.58 0.00 0.00 0.15 0.00 1.17 1.17 3.21 4.23 5.84 7.92 10.88 11.66 11.03 10.93 12.23 12.36 7.50 8.12 3.90 4.01 4.65 4.43 6.96 11.29 8.88 7.01 8.10 5.87 4.25 2.83 2.72 2.16 2.28 1.87 1.50 4.53 4.20 3.97 2.96 1.83 0.00 0.00 0.00 0.00 2.82 2.01
0.00 0.00 2.70 0.00 0.00 4.74 5.11 4.96 5.99 0.00 4.16 3.80 0.00 0.00 1.83 1.97 1.97 1.31 1.31 1.31 1.61 1.17 1.10 0.37 0.00 0.00 0.00 0.00 0.00 0.22 0.00 0.07 0.00 0.00 0.00 0.00 0.29 0.00 0.00 0.00 0.00 0.00 0.00 0.00 0.44 2.85 4.16 6.20 8.69 12.05 13.93 10.78 9.29 8.16 8.76 4.93 2.95 3.07 3.51 8.03 6.51 6.72 10.02 11.09 9.83 7.00 5.33 3.30 3.32 2.82 4.26 2.18 1.51 2.06 1.99 2.55 2.91 0.51 0.66 0.00 0.49 1.58 4.15 4.79
0.00 0.00 0.00 0.00 0.00 4.09 4.96 6.13 5.33 5.33 4.74 4.16 4.02 0.00 2.41 0.00 2.34 2.34 2.34 1.90 1.53 0.29 0.73 0.00 0.00 0.00 0.00 0.00 0.15 0.00 0.00 0.00 0.00 0.00 0.00 0.00 0.00 0.00 0.00 0.00 0.00 0.00 0.29 0.29 0.00 0.73 2.05 6.72 9.71 10.39 15.42 12.15 13.23 8.32 5.81 3.23 0.00 0.00 0.00 4.52 7.83 6.75 7.82 10.31 8.54 10.36 7.66 5.18 6.06 3.89 4.38 4.46 1.08 1.14 0.16 0.83 2.19 0.07 0.00 0.00 0.00 4.46 7.46 6.19
0.00 0.00 0.00 0.00 0.00 0.00 4.74 5.18 4.74 6.50 4.09 4.23 4.82 4.23 3.36 2.04 5.91 4.38 4.38 2.70 0.73 0.00 0.00 0.00 0.00 0.00 0.00 0.00 0.00 0.00 0.00 0.00 0.00 0.00 0.00 0.00 0.00 0.00 0.00 0.00 0.00 0.00 0.00 0.00 0.00 0.22 0.44 2.13 5.62 5.40 8.06 10.00 7.50 5.50 0.00 0.00 0.00 0.00 0.00 7.03 6.19 4.98 7.35 8.85 10.13 8.88 10.59 7.30 8.17 5.65 4.16 2.35 1.14 1.68 0.19 0.94 0.33 0.00 0.00 0.00 0.00 4.93 5.90 4.51
0.00 0.00 0.00 0.00 0.00 0.00 0.00 4.96 4.60 4.09 5.91 3.50 5.04 6.06 5.26 4.89 6.71 6.94 6.94 1.97 1.97 1.02 0.00 0.00 0.00 0.00 0.00 0.00 0.00 0.00 0.00 0.00 0.00 0.00 0.00 0.00 0.00 0.00 0.00 0.00 0.00 0.00 0.00 0.00 0.00 0.44 0.66 0.90 2.68 6.25 8.74 7.63 4.38 0.00 0.00 0.00 0.00 0.00 0.00 0.00 0.00 7.72 5.42 7.79 9.66 11.11 10.90 8.79 8.98 9.52 4.16 3.48 2.46 1.27 0.69 0.27 1.41 0.23 0.84 0.00 0.00 0.00 4.72 2.76
0.00 0.00 0.00 0.00 0.00 0.00 0.00 0.00 3.29 6.50 3.80 2.63 4.82 4.74 6.79 6.68 6.79 6.53 6.10 3.72 4.60 2.77 1.53 1.90 0.00 0.44 0.51 0.95 0.00 0.00 0.00 0.00 0.00 0.00 0.00 0.00 0.00 0.00 0.00 0.00 1.46 0.66 0.29 0.29 0.22 0.00 0.00 0.54 2.90 8.74 9.20 3.86 5.30 0.00 0.00 0.00 0.00 0.00 0.00 0.00 0.00 7.30 5.84 3.82 7.95 10.76 8.73 9.37 11.45 12.57 5.25 3.63 3.79 1.59 0.73 1.84 2.47 1.87 1.19 0.00 0.00 0.00 1.09 0.00
0.00 0.00 0.00 0.00 0.00 0.00 0.00 0.00 0.00 0.00 0.00 0.00 0.00 0.00 0.00 0.00 0.00 5.35 5.44 4.67 6.86 5.18 5.77 5.40 3.14 4.96 0.44 1.02 2.85 0.00 0.00 4.16 3.29 3.43 3.80 3.58 7.59 6.79 3.43 2.93 4.36 5.83 7.37 7.37 6.79 4.31 3.72 1.83 5.29 1.81 0.00 0.00 0.00 0.00 0.00 0.00 0.00 0.00 0.00 0.00 0.00 0.00 0.00 0.00 0.00 7.35 8.97 5.72 6.40 0.00 4.17 2.60 0.00 0.00 0.00 0.00 0.00 2.92 0.00 0.00 0.00 0.00 0.00 0.00
0.00 0.00 0.00 0.00 0.00 0.00 0.00 0.00 0.00 0.00 0.00 0.00 0.00 0.00 0.00 0.00 0.00 0.00 0.00 0.00 3.07 8.40 4.89 5.84 5.33 5.20 3.29 5.91 5.62 4.67 3.29 6.42 6.64 7.52 5.99 7.37 6.50 8.25 8.10 4.53 7.89 7.77 5.99 6.69 7.96 8.61 6.20 3.82 3.59 0.00 0.00 0.00 0.00 0.00 0.00 0.00 0.00 0.00 0.00 0.00 0.00 0.00 0.00 0.00 0.00 0.00 0.00 0.00 0.00 4.61 0.00 0.00 0.00 0.00 0.00 0.00 0.00 0.00 0.00 0.00 0.00 0.00 0.00 0.00
0.00 0.00 0.00 0.00 0.00 0.00 0.00 0.00 0.00 0.00 0.00 0.00 0.00 0.00 0.00 0.00 0.00 0.00 0.00 0.00 0.00 2.12 0.00 7.30 4.53 3.45 2.53 5.91 5.04 5.91 4.96 7.66 8.30 6.72 6.20 5.45 7.01 5.11 3.21 3.65 4.20 5.84 3.56 4.51 11.40 7.22 4.23 6.87 3.15 0.00 0.00 0.00 0.00 0.00 0.00 0.00 0.00 0.00 0.00 0.00 0.00 0.00 0.00 0.00 0.00 0.00 0.00 0.00 0.00 0.00 0.00 0.00 0.00 0.00 0.00 0.00 0.00 0.00 0.00 0.00 0.00 0.00 0.00 0.00
0.00 0.00 0.00 0.00 0.00 0.00 0.00 0.00 0.00 0.00 0.00 0.00 0.00 0.00 0.00 0.00 0.00 0.00 0.00 0.00 0.00 0.00 0.00 0.00 0.00 0.00 1.46 0.00 2.70 2.92 0.00 4.97 10.90 8.25 3.21 3.38 0.00 3.87 0.00 0.00 0.00 0.00 0.00 0.00 5.36 9.84 3.52 1.31 0.00 0.00 0.00 0.00 0.00 0.00 0.00 0.00 0.00 0.00 0.00 0.00 0.00 0.00 0.00 0.00 0.00 0.00 0.00 0.00 0.00 0.00 0.00 0.00 0.00 0.00 0.00 0.00 0.00 0.00 0.00 0.00 0.00 0.00 0.00 0.00
