Wansh/Snow_depth/snowdepth-1995/spring/1995068.txt
ncols 321
nrows 161
xllcenter 60
yllcenter 15 
cellsize  0.25 
NODATA_value -1
[rows 0 to 36 of 161, columns 0 to 83 of 321]
0.00 0.00 0.00 0.00 0.00 0.00 0.00 0.00 0.00 0.00 0.00 10.15 0.00 18.69 25.99 28.32 27.38 27.30 28.91 30.15 30.59 30.37 29.42 31.68 32.27 32.12 32.12 31.39 31.39 31.39 0.00 9.20 8.40 8.32 7.37 8.25 33.58 33.58 32.34 32.34 35.19 33.43 34.24 33.94 33.43 33.22 32.85 30.95 31.46 29.13 27.08 27.08 24.67 25.19 24.09 29.42 27.96 31.17 31.03 31.03 29.42 29.13 29.49 27.16 27.74 28.11 23.87 24.53 25.11 21.46 22.48 23.51 18.83 17.89 20.29 19.49 19.49 19.56 19.27 17.74 17.89 19.27 23.00 22.19
0.00 0.00 0.00 0.00 0.00 0.00 0.00 0.00 0.00 0.00 0.00 16.72 14.53 24.45 28.11 29.57 29.35 28.25 28.47 29.35 30.51 30.37 30.66 32.34 32.41 4.60 4.60 9.78 10.00 10.66 10.59 10.88 11.32 15.77 13.94 14.53 12.70 33.36 33.65 33.65 36.06 36.35 35.92 35.26 33.94 34.16 31.54 28.69 28.03 28.18 26.79 26.79 24.31 24.53 23.87 29.27 27.67 30.51 27.96 27.45 28.47 23.73 24.24 25.04 20.22 21.02 21.24 20.51 19.56 20.37 16.06 16.21 16.50 17.67 20.66 18.98 18.98 21.02 23.65 22.70 26.06 21.32 24.67 24.75
0.00 0.00 0.00 0.00 0.00 0.00 0.00 0.00 0.00 0.00 0.00 0.00 21.46 27.16 25.70 29.93 30.73 31.76 29.49 30.51 30.15 30.81 31.83 32.12 12.92 7.01 7.01 13.43 10.44 13.87 14.02 15.04 15.11 15.26 13.21 16.94 18.47 34.02 34.46 34.75 34.67 34.75 34.60 34.38 32.70 28.40 28.69 28.03 25.70 21.39 20.29 20.29 20.29 23.65 24.09 21.39 24.09 23.65 18.03 18.25 19.93 18.54 17.37 18.76 20.15 20.37 20.29 19.27 19.56 15.91 16.28 18.47 22.56 18.91 22.48 25.19 25.19 24.97 26.35 26.79 26.35 26.57 24.45 24.53
0.00 0.00 0.00 0.00 0.00 0.00 0.00 0.00 0.00 0.00 0.00 0.00 21.46 27.16 25.70 29.93 30.73 31.76 29.49 30.51 30.15 30.81 31.83 32.12 12.92 7.01 7.01 13.43 10.44 13.87 14.02 15.04 15.11 15.26 13.21 16.94 18.47 34.02 34.46 34.75 34.67 34.75 34.60 34.38 32.70 28.40 28.69 28.03 25.70 21.39 20.29 20.29 20.29 23.65 24.09 21.39 24.09 23.65 18.03 18.25 19.93 18.54 17.37 18.76 20.15 20.37 20.29 19.27 19.56 15.91 16.28 18.47 22.56 18.91 22.48 25.19 25.19 24.97 26.35 26.79 26.35 26.57 24.45 24.53
0.00 0.00 0.00 0.00 0.00 0.00 0.00 0.00 0.00 0.00 0.00 17.89 25.40 29.86 29.42 30.37 31.17 32.56 31.46 32.12 31.10 29.05 29.93 11.83 17.01 16.79 16.79 13.65 12.78 12.92 12.41 12.12 9.13 10.51 9.78 13.36 9.49 33.07 34.60 33.51 33.87 34.02 30.08 30.73 28.25 26.65 25.19 23.21 23.87 21.46 18.54 18.54 15.70 15.77 15.91 13.51 13.72 13.72 14.60 13.94 12.78 16.35 20.08 19.49 21.90 22.12 22.05 19.78 20.29 20.15 22.56 23.21 22.63 24.31 24.09 25.48 25.48 26.06 25.62 26.65 26.35 26.79 24.16 23.58
0.00 0.00 0.00 0.00 0.00 0.00 0.00 0.00 0.00 0.00 0.00 22.92 27.59 32.05 32.49 31.54 29.05 30.08 30.66 31.39 30.08 29.13 32.12 14.89 17.81 16.13 16.13 14.67 12.70 10.29 8.32 8.83 7.23 9.05 8.47 8.10 8.18 33.22 33.65 35.19 34.89 33.00 30.66 31.54 27.74 27.96 24.60 23.36 19.64 20.44 16.72 16.72 14.09 12.41 12.78 12.05 10.66 11.39 10.80 11.68 15.11 14.24 20.66 22.27 21.53 21.46 20.88 21.02 21.39 21.39 21.39 20.51 23.80 23.36 23.73 23.07 23.07 22.78 25.70 25.40 25.19 24.75 24.60 24.60
0.00 0.00 0.00 0.00 0.00 0.00 0.00 0.00 0.00 0.00 0.00 0.00 20.08 30.30 28.98 27.74 24.67 26.50 27.23 29.20 28.76 29.57 14.97 13.36 17.23 14.53 14.53 14.60 12.48 11.68 10.15 11.24 10.59 10.95 9.49 10.29 30.08 30.81 33.14 32.41 35.04 33.36 25.11 27.38 26.43 26.28 25.48 21.75 18.98 17.89 18.40 18.40 16.21 12.85 12.12 11.24 12.41 11.90 15.11 15.11 16.21 19.35 18.18 20.51 19.27 19.56 20.15 19.71 19.64 18.40 18.40 18.47 19.42 21.46 21.61 21.46 21.46 21.83 21.46 23.73 23.73 24.31 24.67 23.36
0.00 0.00 0.00 0.00 0.00 0.00 0.00 0.00 0.00 0.00 0.00 0.00 20.08 30.30 28.98 27.74 24.67 26.50 27.23 29.20 28.76 29.57 14.97 13.36 17.23 14.53 14.53 14.60 12.48 11.68 10.15 11.24 10.59 10.95 9.49 10.29 30.08 30.81 33.14 32.41 35.04 33.36 25.11 27.38 26.43 26.28 25.48 21.75 18.98 17.89 18.40 18.40 16.21 12.85 12.12 11.24 12.41 11.90 15.11 15.11 16.21 19.35 18.18 20.51 19.27 19.56 20.15 19.71 19.64 18.40 18.40 18.47 19.42 21.46 21.61 21.46 21.46 21.83 21.46 23.73 23.73 24.31 24.67 23.36
0.00 0.00 0.00 0.00 0.00 0.00 0.00 0.00 0.00 13.87 14.45 14.02 20.15 25.92 22.48 23.21 23.21 24.45 25.04 27.89 28.76 21.68 11.17 13.29 13.80 12.92 12.92 13.07 12.70 12.48 13.07 12.19 12.12 10.80 11.02 9.34 26.94 26.43 24.89 26.06 23.58 23.73 23.29 23.21 21.97 22.05 19.42 20.29 18.47 18.83 17.37 17.37 17.52 17.67 14.82 16.50 15.33 18.76 17.08 18.03 17.59 18.32 18.32 18.69 18.54 18.10 17.67 19.13 18.61 18.61 17.23 18.47 17.89 18.25 16.57 19.20 19.20 18.61 15.40 15.26 15.91 19.86 23.00 21.97
0.00 0.00 0.00 0.00 0.00 0.00 0.00 0.00 14.16 0.00 15.04 14.82 15.48 18.83 15.11 15.40 18.61 26.06 21.17 28.54 20.73 20.15 10.80 12.41 12.34 12.26 12.26 12.41 12.48 13.21 13.14 13.43 12.70 9.49 9.20 9.34 21.83 22.34 23.14 24.82 22.05 21.61 21.68 22.12 22.27 20.88 19.35 17.89 17.74 18.69 19.27 19.27 18.83 19.05 17.74 19.86 19.13 18.03 18.54 17.96 18.40 18.25 18.76 18.03 17.45 17.81 18.10 18.10 18.61 16.21 16.72 14.89 16.79 16.94 15.62 17.08 17.08 16.79 15.04 15.18 14.60 18.47 20.15 19.71
0.00 0.00 0.00 0.00 0.00 0.00 0.00 12.41 12.41 14.82 15.33 12.41 11.24 12.70 12.34 12.78 13.87 15.99 22.12 17.23 19.27 11.32 11.61 11.17 11.39 11.75 11.75 12.63 12.41 12.78 13.72 13.51 12.92 11.10 9.93 21.46 21.39 21.24 23.43 22.19 22.48 21.83 20.15 20.44 21.75 21.46 21.32 18.54 19.27 19.71 19.49 19.49 19.27 19.05 19.64 19.71 18.32 17.96 16.86 16.94 17.81 16.50 16.86 16.50 15.77 15.62 17.23 15.48 15.70 15.04 14.97 14.89 13.07 14.97 14.60 16.13 16.13 16.72 18.98 18.32 21.10 18.10 19.71 19.35
0.00 0.00 0.00 0.00 0.00 0.00 0.00 12.41 12.41 14.82 15.33 12.41 11.24 12.70 12.34 12.78 13.87 15.99 22.12 17.23 19.27 11.32 11.61 11.17 11.39 11.75 11.75 12.63 12.41 12.78 13.72 13.51 12.92 11.10 9.93 21.46 21.39 21.24 23.43 22.19 22.48 21.83 20.15 20.44 21.75 21.46 21.32 18.54 19.27 19.71 19.49 19.49 19.27 19.05 19.64 19.71 18.32 17.96 16.86 16.94 17.81 16.50 16.86 16.50 15.77 15.62 17.23 15.48 15.70 15.04 14.97 14.89 13.07 14.97 14.60 16.13 16.13 16.72 18.98 18.32 21.10 18.10 19.71 19.35
0.00 0.00 0.00 0.00 0.00 0.00 0.00 0.00 11.61 10.44 11.53 11.83 6.42 7.74 8.47 5.77 11.39 17.30 12.34 13.58 13.14 10.00 10.80 11.61 13.36 12.70 12.70 12.26 12.19 12.48 11.02 10.37 10.44 10.51 9.34 18.25 19.93 21.24 21.32 20.37 17.89 17.81 17.74 19.78 20.29 20.44 20.59 20.66 19.78 18.32 18.76 18.76 18.69 19.56 18.61 18.69 18.98 17.23 16.72 15.84 15.91 14.82 8.32 9.78 14.16 15.48 14.16 15.77 15.70 15.99 16.43 12.63 14.38 13.21 14.97 15.26 15.26 14.67 18.76 21.17 20.51 20.51 15.62 19.05
10.66 10.66 10.00 9.93 10.07 10.29 9.05 7.52 7.59 5.77 4.67 5.40 5.48 2.19 3.80 4.02 12.12 13.65 12.78 12.41 15.11 9.05 9.56 14.24 14.24 13.43 13.43 12.26 12.41 11.02 11.17 10.15 12.12 12.26 12.56 17.23 18.91 19.35 14.38 14.02 14.82 16.94 18.10 18.98 18.83 19.78 20.00 18.69 17.45 17.96 18.40 18.40 17.81 17.23 18.18 14.60 16.94 16.50 16.13 14.89 9.49 10.66 5.91 7.52 6.57 12.12 14.82 14.38 17.01 16.35 13.07 13.36 14.24 14.89 14.38 17.67 17.67 20.95 19.78 20.08 18.61 18.91 15.40 14.24
10.51 10.51 11.53 11.68 10.66 9.56 8.83 7.01 4.45 5.55 4.31 1.24 0.73 4.02 5.99 14.24 14.97 15.04 14.67 15.55 11.46 16.35 12.70 15.55 15.40 16.72 16.72 14.89 13.43 11.17 11.90 12.05 11.90 13.43 11.61 12.63 14.67 12.12 12.41 12.56 13.87 16.43 18.03 18.54 17.01 18.76 18.32 17.74 15.70 15.99 15.70 15.70 16.06 13.43 13.72 13.58 13.58 14.24 14.31 14.16 9.78 9.34 6.64 8.47 8.69 8.98 13.65 14.89 13.87 15.84 13.51 12.63 12.05 15.48 19.13 17.89 17.89 21.53 19.93 20.37 16.79 15.40 15.62 14.82
9.20 9.20 9.71 9.86 11.32 10.95 10.29 8.61 10.44 6.72 4.53 6.42 4.38 8.61 11.17 14.24 17.45 17.08 16.06 15.99 13.43 18.18 17.59 17.30 17.16 17.37 17.37 15.55 14.75 14.02 12.34 11.75 8.61 9.42 13.21 10.88 10.15 9.05 10.88 13.65 15.62 15.26 16.28 14.31 15.62 16.35 15.70 15.40 15.40 15.40 14.97 14.97 13.80 14.31 11.17 11.90 11.61 12.26 10.51 9.64 11.10 9.86 8.25 6.42 6.79 7.45 12.19 11.97 12.70 12.19 12.41 13.07 16.21 14.82 19.86 20.44 20.44 21.39 20.51 16.50 14.53 14.16 14.75 12.34
9.20 9.20 9.71 9.86 11.32 10.95 10.29 8.61 10.44 6.72 4.53 6.42 4.38 8.61 11.17 14.24 17.45 17.08 16.06 15.99 13.43 18.18 17.59 17.30 17.16 17.37 17.37 15.55 14.75 14.02 12.34 11.75 8.61 9.42 13.21 10.88 10.15 9.05 10.88 13.65 15.62 15.26 16.28 14.31 15.62 16.35 15.70 15.40 15.40 15.40 14.97 14.97 13.80 14.31 11.17 11.90 11.61 12.26 10.51 9.64 11.10 9.86 8.25 6.42 6.79 7.45 12.19 11.97 12.70 12.19 12.41 13.07 16.21 14.82 19.86 20.44 20.44 21.39 20.51 16.50 14.53 14.16 14.75 12.34
10.80 10.80 10.07 10.44 10.22 10.22 10.07 10.22 8.18 10.95 8.83 10.73 9.42 10.80 16.50 16.13 17.16 16.57 15.04 16.28 14.67 15.04 16.72 16.94 16.86 18.25 18.25 17.74 15.18 15.55 13.36 11.46 8.18 8.69 10.95 11.46 8.47 7.30 10.80 14.16 14.24 12.48 13.51 12.92 14.38 15.33 15.11 14.67 14.97 14.24 14.67 14.67 13.21 10.59 11.53 9.27 8.76 8.83 9.20 8.83 9.64 9.34 9.49 8.40 5.84 5.69 7.30 11.24 11.32 11.46 11.97 11.75 15.62 19.93 19.13 20.00 20.00 17.81 16.50 17.16 12.92 13.80 13.58 11.90
13.80 13.80 11.53 12.78 10.44 10.73 11.39 12.41 12.26 13.72 11.83 15.84 16.64 18.32 18.32 18.25 16.13 16.86 15.55 17.08 12.92 14.38 15.55 14.38 14.97 17.08 17.08 16.79 14.02 13.87 11.46 12.19 9.86 8.54 4.45 3.80 3.80 4.60 8.91 9.20 10.37 11.68 13.21 14.53 14.45 14.60 14.16 15.18 14.89 14.89 14.09 14.09 13.29 11.39 10.00 10.07 8.61 9.86 9.34 9.13 9.93 10.44 9.49 10.44 7.96 5.91 5.33 6.13 6.13 8.91 11.32 11.83 11.32 16.86 18.91 16.86 16.86 17.08 16.06 14.16 14.38 11.90 10.29 11.46
14.45 14.45 13.58 12.70 13.14 11.53 11.10 14.38 13.36 15.70 18.03 18.32 19.27 20.08 20.22 19.71 18.91 17.89 17.52 16.28 13.58 12.85 13.29 14.16 14.31 12.48 12.48 13.21 12.34 11.68 11.83 10.07 9.20 7.15 4.23 3.07 5.48 7.01 9.42 10.51 10.00 11.83 13.14 15.33 13.72 15.04 15.18 15.84 15.84 15.33 13.94 13.94 14.38 13.07 10.22 11.32 11.02 10.88 12.26 11.02 10.73 12.34 11.24 11.24 9.93 8.54 5.33 5.26 5.77 6.79 7.30 9.13 8.47 11.68 10.80 13.21 13.21 15.48 15.40 15.04 13.58 13.65 11.68 9.13
17.23 17.23 17.23 14.89 15.11 16.13 14.82 16.06 17.45 17.16 19.71 22.12 20.73 20.51 21.02 20.00 18.83 18.61 17.08 17.81 13.65 12.99 14.31 16.28 14.16 13.21 13.21 13.36 12.92 14.24 12.85 10.88 12.05 6.28 5.48 6.42 6.72 7.45 9.71 10.88 12.34 13.65 13.43 14.97 16.64 17.59 17.08 15.48 16.21 15.91 13.58 13.58 12.41 12.99 11.17 10.95 11.46 12.19 11.83 12.19 13.43 13.58 12.19 12.48 10.00 10.95 8.91 6.20 5.62 7.01 6.50 6.35 6.13 9.49 11.97 11.83 11.83 12.48 13.43 15.18 14.38 12.56 9.56 10.07
16.94 16.94 19.05 18.47 18.47 16.79 18.69 19.27 21.17 22.27 24.02 18.61 20.08 20.59 24.16 21.46 22.41 19.78 18.10 18.03 15.84 14.53 17.74 16.86 15.77 15.62 15.62 19.13 17.16 13.80 13.94 15.55 7.45 8.61 8.54 8.47 7.66 7.96 8.91 10.59 12.78 13.65 15.18 17.08 16.79 18.10 16.35 15.70 13.58 12.26 12.70 12.70 12.41 11.24 11.10 10.15 11.32 11.61 11.39 11.39 10.44 10.73 10.95 10.88 11.10 10.73 11.02 11.32 7.52 7.81 5.99 6.57 6.72 7.15 9.71 11.39 11.39 11.17 12.41 12.19 12.41 12.12 11.75 9.42
16.94 16.94 19.05 18.47 18.47 16.79 18.69 19.27 21.17 22.27 24.02 18.61 20.08 20.59 24.16 21.46 22.41 19.78 18.10 18.03 15.84 14.53 17.74 16.86 15.77 15.62 15.62 19.13 17.16 13.80 13.94 15.55 7.45 8.61 8.54 8.47 7.66 7.96 8.91 10.59 12.78 13.65 15.18 17.08 16.79 18.10 16.35 15.70 13.58 12.26 12.70 12.70 12.41 11.24 11.10 10.15 11.32 11.61 11.39 11.39 10.44 10.73 10.95 10.88 11.10 10.73 11.02 11.32 7.52 7.81 5.99 6.57 6.72 7.15 9.71 11.39 11.39 11.17 12.41 12.19 12.41 12.12 11.75 9.42
17.96 17.96 21.17 20.00 20.88 18.76 21.68 22.19 24.82 19.93 19.86 20.66 21.02 25.77 25.40 24.09 23.36 23.21 23.51 19.42 19.27 18.91 19.20 17.52 22.27 22.48 22.48 20.59 19.27 20.15 17.89 14.53 9.05 8.10 7.30 6.28 7.23 8.40 8.32 10.29 12.05 13.29 14.97 15.55 16.13 16.43 16.57 16.43 12.99 12.41 11.68 11.68 11.83 11.39 12.05 11.75 11.46 12.78 12.05 10.73 11.32 9.93 11.17 10.80 12.78 11.75 12.70 12.12 14.31 13.29 7.66 7.52 7.59 9.34 9.34 9.13 9.13 11.10 12.05 12.19 12.78 13.07 13.51 11.68
20.81 20.81 22.56 22.48 22.63 25.26 23.21 27.81 23.00 23.87 23.29 27.45 26.35 26.72 25.77 22.78 24.89 25.55 22.19 23.07 21.46 23.14 24.09 25.40 25.62 25.84 25.84 23.43 24.09 21.17 18.98 15.77 10.88 7.15 5.62 5.40 5.77 8.83 11.46 12.99 14.45 14.02 16.35 16.50 18.25 20.08 18.40 18.61 15.33 15.84 12.26 12.26 12.12 11.90 11.90 15.48 14.31 13.65 16.57 13.14 14.53 15.70 13.14 15.55 18.03 18.18 15.77 17.30 17.16 18.18 16.94 11.75 11.46 12.63 11.17 10.51 10.51 10.88 10.66 12.78 13.43 15.26 13.51 11.32
22.19 22.19 22.70 25.62 25.11 25.92 29.78 23.87 31.46 31.24 32.05 30.51 28.11 28.18 26.28 26.65 26.21 28.69 26.06 23.80 23.87 23.07 24.02 26.65 26.57 24.09 24.09 21.32 19.05 17.81 18.10 16.86 11.39 9.27 6.64 5.26 6.64 9.78 13.14 15.33 18.54 18.10 19.42 18.76 21.46 21.75 20.00 19.20 17.45 18.03 15.33 15.33 14.09 16.50 17.16 16.72 20.73 19.42 20.22 23.29 19.93 20.51 21.17 18.91 20.51 20.44 20.51 20.29 20.15 18.61 19.49 18.61 19.93 16.57 16.50 14.16 14.16 12.56 12.78 12.26 13.72 16.94 16.57 17.89
27.96 27.96 26.50 25.77 27.74 30.81 33.73 34.31 29.64 31.46 33.58 32.19 33.07 29.86 29.20 29.78 27.45 28.32 22.70 23.21 23.00 23.73 24.82 24.45 23.94 22.92 22.92 18.40 19.86 19.71 18.03 12.26 12.85 11.75 11.17 14.31 15.55 15.48 14.89 20.22 19.86 19.42 20.95 21.32 21.53 21.75 19.93 17.37 17.30 15.40 15.33 15.33 15.62 16.06 18.25 22.12 22.34 23.87 25.40 24.53 23.14 22.56 23.00 22.70 22.48 21.17 21.10 21.24 21.75 19.78 20.08 19.93 21.39 22.85 23.94 19.78 19.78 17.67 14.02 14.82 12.78 16.28 18.54 18.40
30.37 30.37 28.62 27.67 29.35 36.50 26.72 31.17 33.07 32.49 35.19 34.89 35.26 31.76 31.17 30.22 26.28 25.48 21.61 23.29 20.29 22.27 22.12 21.02 21.32 20.29 20.29 20.00 20.88 22.48 19.71 14.89 16.43 19.93 20.51 21.53 21.75 23.43 22.63 21.32 21.32 20.73 20.08 21.17 20.22 17.30 18.54 16.50 14.75 15.11 14.97 14.97 14.24 14.67 17.01 23.58 24.97 24.02 25.11 23.51 22.05 23.51 21.97 20.66 20.88 21.39 21.61 20.66 21.02 20.88 21.68 22.27 22.27 23.14 25.40 27.45 27.45 27.16 27.45 23.14 16.79 16.13 19.27 21.53
30.37 30.37 28.62 27.67 29.35 36.50 26.72 31.17 33.07 32.49 35.19 34.89 35.26 31.76 31.17 30.22 26.28 25.48 21.61 23.29 20.29 22.27 22.12 21.02 21.32 20.29 20.29 20.00 20.88 22.48 19.71 14.89 16.43 19.93 20.51 21.53 21.75 23.43 22.63 21.32 21.32 20.73 20.08 21.17 20.22 17.30 18.54 16.50 14.75 15.11 14.97 14.97 14.24 14.67 17.01 23.58 24.97 24.02 25.11 23.51 22.05 23.51 21.97 20.66 20.88 21.39 21.61 20.66 21.02 20.88 21.68 22.27 22.27 23.14 25.40 27.45 27.45 27.16 27.45 23.14 16.79 16.13 19.27 21.53
31.10 31.10 30.08 31.17 30.30 25.77 28.25 31.24 36.14 38.11 38.69 37.38 33.87 32.85 33.14 30.00 25.40 21.10 18.40 9.93 13.36 19.27 19.78 19.42 19.93 22.85 22.85 21.83 22.63 23.29 20.44 13.51 15.62 19.49 22.70 18.54 17.74 23.21 21.97 10.95 16.43 18.03 17.01 20.44 19.42 18.32 16.64 15.70 15.77 17.23 15.33 15.33 14.82 18.10 17.30 19.78 22.05 19.93 24.60 22.27 20.44 20.29 21.32 19.86 20.37 22.34 21.90 21.17 21.46 22.63 22.70 23.21 23.29 25.19 24.60 27.59 27.59 28.25 25.40 26.13 20.95 18.61 19.64 18.98
32.41 32.41 30.66 30.59 32.70 21.68 29.13 33.14 35.99 38.18 38.33 27.01 29.86 24.09 18.25 5.91 5.77 16.21 5.91 1.61 5.84 12.56 10.73 15.70 20.44 21.83 21.83 20.66 22.12 17.74 13.21 10.59 13.21 8.32 8.18 7.15 10.51 15.55 3.14 3.50 7.15 3.94 15.11 18.54 18.91 16.72 17.52 16.21 18.32 17.96 17.45 17.45 18.25 19.64 20.59 20.95 20.59 17.16 14.89 18.83 18.54 18.25 18.40 19.56 19.05 22.27 23.43 22.78 22.27 21.90 20.00 19.78 18.03 23.65 25.11 25.04 25.04 24.82 24.31 20.51 21.61 18.32 18.10 20.15
31.83 31.83 31.61 33.14 22.05 30.95 31.90 31.68 32.92 32.85 19.78 18.61 22.19 10.88 0.00 0.00 0.00 0.00 0.00 0.00 1.75 7.96 12.70 11.17 18.76 13.29 13.29 15.77 17.16 4.60 7.88 0.00 0.00 0.00 1.31 2.04 0.00 0.00 0.00 0.00 2.26 0.00 5.33 6.50 14.89 15.84 16.50 14.16 18.32 15.99 17.89 17.89 17.16 21.24 19.93 14.31 14.24 14.89 12.56 12.41 16.50 16.50 15.18 18.83 22.19 21.61 21.39 18.18 14.75 20.44 18.18 14.82 11.97 11.53 13.36 12.63 12.63 9.86 18.03 15.26 14.31 8.69 15.40 17.59
30.22 30.22 28.84 26.06 28.03 28.69 27.74 24.02 10.80 5.55 6.35 5.55 0.00 0.00 0.00 0.00 0.00 0.00 0.00 0.00 0.00 0.00 7.08 0.00 4.96 7.52 7.52 9.56 0.95 0.51 0.00 0.00 0.00 0.00 0.00 0.00 0.00 0.00 0.00 0.00 0.00 0.00 1.83 2.04 9.93 5.18 11.53 10.29 16.86 15.62 17.16 17.16 21.10 20.15 20.37 12.99 12.99 11.90 11.53 12.34 13.94 15.91 15.04 19.42 21.17 19.27 19.64 16.28 11.75 10.29 14.45 10.37 7.15 8.10 7.45 8.32 8.32 5.69 3.29 3.14 2.77 2.99 6.35 13.29
20.08 20.08 20.73 24.09 22.48 22.27 14.89 0.00 0.00 0.00 0.00 0.00 0.00 0.00 0.00 0.00 0.00 0.00 0.00 0.00 0.00 0.00 0.00 0.00 0.00 0.00 0.00 0.00 0.00 0.00 0.00 0.00 0.00 0.00 0.00 0.00 0.00 0.00 0.00 0.00 0.00 0.00 0.00 0.00 5.11 0.51 8.61 12.19 14.09 14.31 16.35 16.35 20.37 19.42 14.31 14.60 16.28 13.87 13.36 13.58 14.53 17.74 20.73 20.22 21.02 17.96 14.89 15.48 12.12 8.54 5.99 3.21 4.38 4.23 5.62 4.31 4.31 4.60 1.46 1.02 1.31 1.31 2.19 8.10
18.61 18.61 15.77 21.10 21.75 16.72 2.99 0.00 0.00 0.00 0.00 0.00 0.00 0.00 0.00 0.00 0.00 0.00 0.00 0.00 0.00 0.00 0.00 0.00 0.00 0.00 0.00 0.00 0.00 0.00 0.00 0.00 0.00 0.00 0.00 0.00 0.00 0.00 0.00 0.00 0.00 0.00 0.00 0.00 0.00 0.00 0.00 6.28 11.02 18.61 17.16 17.16 20.51 21.17 21.97 18.61 18.61 16.35 13.21 16.79 16.13 20.29 21.97 20.29 17.23 17.16 14.31 10.88 6.57 7.01 4.38 1.61 0.00 0.58 0.00 0.00 0.00 0.07 0.00 0.00 0.88 4.23 16.43 7.66
18.61 18.61 15.77 21.10 21.75 16.72 2.99 0.00 0.00 0.00 0.00 0.00 0.00 0.00 0.00 0.00 0.00 0.00 0.00 0.00 0.00 0.00 0.00 0.00 0.00 0.00 0.00 0.00 0.00 0.00 0.00 0.00 0.00 0.00 0.00 0.00 0.00 0.00 0.00 0.00 0.00 0.00 0.00 0.00 0.00 0.00 0.00 6.28 11.02 18.61 17.16 17.16 20.51 21.17 21.97 18.61 18.61 16.35 13.21 16.79 16.13 20.29 21.97 20.29 17.23 17.16 14.31 10.88 6.57 7.01 4.38 1.61 0.00 0.58 0.00 0.00 0.00 0.07 0.00 0.00 0.88 4.23 16.43 7.66
0.00 0.00 2.04 16.35 2.26 0.00 0.00 0.00 0.00 0.00 0.00 0.00 0.00 0.00 0.00 0.00 0.00 0.00 0.00 0.00 0.00 0.00 0.00 0.00 0.00 0.00 0.00 0.00 0.00 0.00 0.00 0.00 0.00 0.00 0.00 0.00 0.00 0.00 0.00 0.00 0.00 0.00 0.00 0.00 0.00 0.00 0.00 2.70 7.59 19.20 22.56 22.56 22.92 23.07 21.68 19.71 14.97 14.89 14.38 18.32 18.47 14.60 14.89 20.29 13.58 7.01 7.37 3.50 2.85 0.00 0.00 0.00 0.00 0.00 0.00 0.00 0.00 1.17 7.15 13.07 19.20 18.10 24.53 22.85
