Wansh/Snow_depth/snowdepth-1995/spring/1995095.txt
ncols 321
nrows 161
xllcenter 60
yllcenter 15 
cellsize  0.25 
NODATA_value -1
[rows 0 to 36 of 161, columns 84 to 167 of 321]
11.10 11.10 18.69 20.29 19.78 10.15 7.96 8.25 18.18 18.18 18.18 13.51 18.32 16.06 14.24 10.44 12.26 10.73 10.73 16.94 20.00 16.06 15.04 15.18 12.19 12.12 11.24 0.00 0.00 0.00 0.00 0.00 0.00 0.00 0.00 0.00 0.00 0.00 0.00 0.00 0.00 0.00 6.28 6.28 5.40 0.00 0.00 0.00 0.00 0.00 0.00 0.00 0.00 0.00 0.00 0.00 0.00 0.00 0.00 0.00 0.00 0.00 0.00 0.00 0.00 0.00 0.00 0.00 0.00 0.00 0.00 0.00 0.00 0.00 0.00 0.00 4.67 4.16 6.79 7.08 7.15 7.59 6.64 8.18
15.99 17.23 16.06 13.58 14.53 10.66 12.41 11.39 12.41 11.68 15.91 17.96 16.43 17.37 12.05 8.10 6.72 6.06 6.06 0.00 5.48 9.34 9.78 13.80 12.85 11.17 11.90 0.00 0.00 8.69 8.54 8.61 0.00 2.04 0.00 0.00 0.00 0.00 0.00 0.00 0.00 5.91 5.40 5.40 3.87 4.60 0.00 0.00 0.00 0.00 0.00 0.00 0.00 0.00 3.43 2.34 2.41 3.80 5.33 5.40 5.69 0.00 0.00 0.00 0.00 0.00 3.58 3.14 3.14 5.04 5.04 3.94 0.00 2.12 0.00 0.00 0.00 0.00 0.00 0.00 3.50 5.11 4.82 7.15
18.40 18.40 17.96 14.82 14.09 15.62 15.11 14.60 16.43 11.68 17.30 19.27 19.42 18.25 14.09 15.84 0.00 0.00 0.00 0.00 4.23 0.00 8.61 11.53 11.46 9.71 0.00 9.56 0.00 13.43 10.80 11.68 7.66 0.00 0.00 0.00 0.00 0.00 0.00 0.00 0.00 0.00 1.31 1.31 2.12 1.17 0.00 0.00 0.00 0.00 0.00 0.00 0.00 3.50 3.43 4.45 5.84 5.55 6.35 7.52 7.66 8.03 8.32 9.20 7.66 8.25 7.15 7.74 7.74 6.42 5.55 5.18 3.58 0.00 0.00 0.00 0.00 1.75 0.00 2.04 1.97 1.97 2.77 4.67
18.40 18.40 17.96 14.82 14.09 15.62 15.11 14.60 16.43 11.68 17.30 19.27 19.42 18.25 14.09 15.84 0.00 0.00 0.00 0.00 4.23 0.00 8.61 11.53 11.46 9.71 0.00 9.56 0.00 13.43 10.80 11.68 7.66 0.00 0.00 0.00 0.00 0.00 0.00 0.00 0.00 0.00 1.31 1.31 2.12 1.17 0.00 0.00 0.00 0.00 0.00 0.00 0.00 3.50 3.43 4.45 5.84 5.55 6.35 7.52 7.66 8.03 8.32 9.20 7.66 8.25 7.15 7.74 7.74 6.42 5.55 5.18 3.58 0.00 0.00 0.00 0.00 1.75 0.00 2.04 1.97 1.97 2.77 4.67
20.15 15.77 14.89 15.26 18.25 14.16 15.77 15.91 16.06 15.70 13.29 17.67 17.96 19.05 16.72 18.03 13.80 14.38 14.38 0.00 0.00 0.00 0.00 0.00 7.74 8.25 6.42 7.45 12.05 11.61 10.66 9.64 9.86 8.25 3.14 3.36 0.00 0.00 0.00 0.00 0.00 0.00 0.00 0.00 0.00 0.00 1.97 0.00 3.72 0.00 0.00 0.00 0.00 0.00 4.45 5.18 4.96 6.79 5.91 7.74 10.07 9.34 10.37 9.05 9.56 8.10 8.10 8.18 8.18 7.01 5.33 5.91 4.23 3.21 3.50 2.04 2.34 2.63 2.56 2.12 3.43 2.70 3.14 3.36
21.61 16.50 9.93 9.27 9.86 9.86 0.00 0.00 11.90 9.56 11.83 11.02 15.40 11.10 15.04 17.81 16.64 18.10 18.10 14.02 12.48 8.76 9.64 0.00 8.98 7.52 8.03 7.66 0.00 9.27 9.34 9.05 8.98 9.34 8.47 3.80 4.74 0.00 0.00 0.00 0.00 0.00 0.00 0.00 0.00 0.00 0.00 0.00 0.00 0.00 0.00 0.00 0.00 4.45 4.38 4.89 4.31 4.31 6.79 9.27 8.98 12.63 15.11 15.48 15.84 13.94 14.75 10.22 10.22 8.25 8.25 8.69 6.06 10.15 8.91 6.50 7.37 4.67 3.65 3.80 4.16 4.31 4.45 4.23
9.34 10.00 8.47 5.11 2.48 2.56 2.63 3.29 7.37 3.58 2.04 3.80 8.61 14.45 12.70 17.67 17.74 15.40 15.40 11.75 12.78 10.37 11.17 10.51 9.86 10.37 0.00 0.00 0.00 0.00 0.00 0.00 8.32 8.03 8.54 0.00 0.00 0.00 0.00 0.00 0.00 0.00 0.00 0.00 0.00 0.00 0.00 0.00 0.00 0.00 0.00 4.74 5.18 4.74 4.02 4.38 3.87 5.91 5.62 7.45 9.78 11.46 16.57 17.30 17.52 16.94 13.58 14.24 14.24 10.80 10.37 10.29 11.39 10.51 11.32 8.98 6.20 7.01 5.18 8.25 5.91 5.99 5.11 5.84
9.34 10.00 8.47 5.11 2.48 2.56 2.63 3.29 7.37 3.58 2.04 3.80 8.61 14.45 12.70 17.67 17.74 15.40 15.40 11.75 12.78 10.37 11.17 10.51 9.86 10.37 0.00 0.00 0.00 0.00 0.00 0.00 8.32 8.03 8.54 0.00 0.00 0.00 0.00 0.00 0.00 0.00 0.00 0.00 0.00 0.00 0.00 0.00 0.00 0.00 0.00 4.74 5.18 4.74 4.02 4.38 3.87 5.91 5.62 7.45 9.78 11.46 16.57 17.30 17.52 16.94 13.58 14.24 14.24 10.80 10.37 10.29 11.39 10.51 11.32 8.98 6.20 7.01 5.18 8.25 5.91 5.99 5.11 5.84
5.40 0.00 0.00 0.00 1.46 1.17 0.00 1.31 2.04 2.63 1.68 2.92 7.74 8.98 15.48 17.16 17.81 15.40 15.40 7.59 9.56 8.83 11.90 12.26 0.00 0.00 0.00 0.00 0.00 0.00 0.00 0.00 0.00 0.00 5.69 6.35 0.00 0.00 0.00 0.00 0.00 0.00 0.00 0.00 0.00 0.00 0.00 0.00 0.00 4.60 5.55 5.04 6.64 5.11 6.20 5.18 5.69 5.55 7.01 6.79 7.81 10.44 11.17 11.02 12.85 14.31 14.31 12.41 12.41 12.34 12.12 13.72 14.16 14.45 13.07 11.83 11.46 11.68 10.80 11.17 7.96 5.33 5.69 5.62
0.00 0.00 0.00 0.00 0.00 0.00 0.00 1.68 0.22 0.00 0.37 1.61 1.10 6.20 11.02 2.26 4.45 4.16 4.16 5.91 7.01 9.27 10.80 11.53 0.00 0.00 0.00 0.00 0.00 0.00 0.00 0.00 0.00 0.00 4.60 0.00 3.94 0.00 0.00 0.00 4.23 0.00 2.77 2.77 2.70 4.45 4.60 3.94 5.40 5.26 6.72 8.91 7.88 7.30 6.06 6.35 5.91 7.01 6.72 6.13 5.04 6.50 10.07 11.61 11.17 13.07 11.83 12.19 12.19 12.05 13.36 12.85 15.55 14.60 15.04 12.56 13.72 17.01 16.21 16.57 10.66 6.50 7.01 6.13
0.00 0.00 0.00 0.00 0.00 0.00 0.00 0.00 0.00 0.00 0.00 0.00 0.00 0.00 0.00 0.00 0.00 1.46 1.46 3.58 2.48 6.86 0.00 0.00 0.00 0.00 0.00 0.00 0.00 2.41 2.77 2.85 4.38 4.16 4.09 5.69 4.96 6.57 7.08 4.53 6.13 6.64 7.96 7.96 6.13 6.50 4.45 4.45 4.16 5.77 5.84 7.66 10.00 5.99 7.01 7.30 6.79 9.34 8.98 9.56 5.99 6.50 8.25 7.81 9.78 10.44 10.66 12.34 12.34 15.62 15.18 17.23 18.61 18.32 19.35 16.28 17.45 16.79 17.16 18.40 15.62 15.62 12.70 7.66
0.00 0.00 0.00 0.00 0.00 0.00 0.00 0.00 0.00 0.00 0.00 0.00 0.00 0.00 0.00 0.00 0.00 1.46 1.46 3.58 2.48 6.86 0.00 0.00 0.00 0.00 0.00 0.00 0.00 2.41 2.77 2.85 4.38 4.16 4.09 5.69 4.96 6.57 7.08 4.53 6.13 6.64 7.96 7.96 6.13 6.50 4.45 4.45 4.16 5.77 5.84 7.66 10.00 5.99 7.01 7.30 6.79 9.34 8.98 9.56 5.99 6.50 8.25 7.81 9.78 10.44 10.66 12.34 12.34 15.62 15.18 17.23 18.61 18.32 19.35 16.28 17.45 16.79 17.16 18.40 15.62 15.62 12.70 7.66
0.00 0.00 0.00 0.00 0.00 0.00 0.00 0.00 0.00 0.00 0.00 0.00 0.00 0.00 9.42 6.35 6.79 4.96 4.96 4.82 7.88 8.18 0.00 0.00 0.00 0.00 0.00 1.75 2.70 1.97 7.08 5.91 6.50 11.24 7.66 8.61 10.95 8.32 8.10 8.98 8.83 8.61 8.91 8.91 5.40 4.16 4.45 4.02 5.40 5.55 7.15 10.88 11.39 5.69 4.23 3.65 7.52 10.44 13.14 10.51 8.10 8.54 8.91 10.22 10.15 9.71 11.10 10.59 10.59 15.04 17.67 17.37 18.91 20.44 22.41 22.70 23.07 20.29 20.66 21.17 19.56 16.86 13.65 10.66
0.00 0.00 0.00 0.00 0.00 0.00 0.00 0.00 0.00 0.00 0.00 0.00 0.00 11.17 13.72 13.80 14.31 11.10 11.10 12.26 8.69 7.59 5.48 5.91 0.00 4.67 2.92 2.41 7.08 8.69 8.83 10.51 15.11 15.33 11.39 13.58 12.92 13.29 10.66 8.47 8.18 7.52 4.89 4.89 5.26 4.74 4.74 4.60 5.11 5.33 4.82 5.99 1.17 4.16 0.66 3.14 2.34 6.06 7.37 6.50 7.74 9.42 11.39 10.80 12.19 12.19 11.97 13.14 13.14 16.86 15.91 20.22 20.59 21.24 21.17 22.34 19.05 10.59 17.37 14.53 16.43 13.80 11.39 11.32
0.00 0.00 0.00 0.00 0.00 0.00 0.00 0.00 0.00 0.00 9.64 10.07 13.14 12.12 14.60 12.19 12.41 11.32 11.32 11.97 10.07 8.03 7.74 9.42 8.69 7.08 9.20 8.25 8.47 11.97 17.96 16.79 17.96 17.16 18.03 15.11 11.17 5.48 6.06 6.64 4.31 4.74 4.67 4.67 5.62 5.18 5.62 5.26 5.62 5.11 5.84 6.06 1.83 0.44 0.80 1.02 2.56 2.04 5.18 5.33 5.11 5.84 8.61 10.66 10.29 12.12 13.29 13.36 13.36 14.02 19.64 18.76 19.86 14.97 12.92 17.01 16.57 12.12 5.84 4.60 12.34 13.72 14.67 12.05
0.00 0.00 0.00 0.00 0.00 0.22 0.00 6.86 6.79 8.18 10.15 11.17 11.97 10.59 10.22 10.51 10.80 9.71 9.71 10.07 10.51 8.98 8.25 10.88 10.29 10.37 10.37 9.86 12.26 11.24 17.37 18.61 17.74 17.96 13.72 9.27 9.64 3.80 6.57 5.62 5.26 6.42 6.28 6.28 9.78 8.69 8.76 7.96 8.47 10.07 9.34 4.31 5.26 3.14 4.09 3.43 3.80 3.36 3.80 3.80 5.55 7.01 6.50 6.50 7.01 10.15 9.71 12.63 12.63 17.45 16.43 19.56 15.04 10.80 11.17 11.75 12.85 7.59 3.36 3.50 5.11 7.30 11.90 15.84
0.00 0.00 0.00 0.00 0.00 0.22 0.00 6.86 6.79 8.18 10.15 11.17 11.97 10.59 10.22 10.51 10.80 9.71 9.71 10.07 10.51 8.98 8.25 10.88 10.29 10.37 10.37 9.86 12.26 11.24 17.37 18.61 17.74 17.96 13.72 9.27 9.64 3.80 6.57 5.62 5.26 6.42 6.28 6.28 9.78 8.69 8.76 7.96 8.47 10.07 9.34 4.31 5.26 3.14 4.09 3.43 3.80 3.36 3.80 3.80 5.55 7.01 6.50 6.50 7.01 10.15 9.71 12.63 12.63 17.45 16.43 19.56 15.04 10.80 11.17 11.75 12.85 7.59 3.36 3.50 5.11 7.30 11.90 15.84
0.00 0.00 0.00 0.00 0.00 0.00 7.15 8.10 9.42 8.83 13.14 12.78 13.07 13.21 13.87 10.73 9.86 9.93 9.93 8.47 6.72 6.35 6.50 8.40 9.05 10.07 8.32 8.91 8.91 11.83 11.32 16.21 19.13 18.32 15.18 10.95 10.22 5.40 8.18 10.37 10.44 9.34 11.46 11.46 11.24 17.52 25.19 13.80 14.82 11.61 9.93 12.70 13.29 15.33 8.61 7.74 4.53 5.18 5.11 7.37 7.01 9.34 8.61 7.74 8.03 9.56 11.17 11.24 11.24 14.75 19.42 17.30 10.80 12.12 11.24 13.07 9.34 10.66 5.11 2.77 4.16 2.63 2.92 9.34
0.00 0.00 0.00 0.00 0.00 3.65 12.92 12.19 13.07 11.83 13.65 15.40 14.75 16.79 15.26 10.44 10.07 10.07 10.07 10.51 8.54 7.96 5.69 6.13 6.42 9.56 10.00 10.15 11.90 12.12 13.43 13.65 18.69 18.25 14.82 15.48 12.34 7.52 8.98 9.71 8.40 8.18 9.78 9.78 19.64 17.74 27.16 34.16 33.51 21.53 18.54 20.08 19.71 20.37 19.86 21.90 20.66 18.32 15.84 9.42 17.30 20.00 16.50 12.41 15.40 14.16 14.16 17.67 17.67 20.00 17.37 18.69 10.66 8.32 6.20 4.45 7.23 5.11 2.48 0.51 2.48 1.97 2.48 2.48
0.00 0.00 0.00 0.00 0.00 3.29 6.94 8.61 11.90 12.19 18.10 19.93 17.59 14.24 14.75 15.70 13.80 11.17 11.17 11.17 8.47 9.20 6.94 9.27 10.07 9.13 14.24 13.36 13.72 12.41 10.37 9.78 16.94 16.79 15.04 11.39 12.70 5.11 2.34 5.99 5.48 8.61 7.30 7.30 15.33 28.62 35.26 34.16 38.69 36.79 37.67 27.74 26.43 27.16 25.62 25.77 24.09 24.75 20.37 18.18 18.25 20.00 20.51 18.54 19.05 17.37 19.27 18.69 18.69 20.81 15.77 5.62 2.04 1.24 2.04 2.99 0.07 0.80 1.10 1.61 1.31 1.10 2.41 3.94
0.00 0.00 0.00 0.00 0.00 0.00 0.00 0.00 13.07 18.03 16.72 20.88 20.08 17.74 17.89 14.82 14.82 16.64 16.64 14.67 12.05 14.45 14.82 11.83 16.79 16.50 16.50 13.94 11.02 10.51 7.66 6.86 9.49 13.43 13.80 5.77 1.83 2.56 0.95 3.72 2.34 7.66 13.21 13.21 14.38 13.87 18.47 37.01 35.99 36.50 34.02 31.54 31.46 29.27 28.40 28.91 28.32 20.51 24.82 19.86 17.52 17.52 18.25 17.81 17.59 18.69 19.20 18.54 18.54 12.41 4.45 5.26 1.90 0.66 0.00 0.00 0.00 0.00 0.07 0.37 1.39 1.24 3.36 1.83
0.00 0.00 0.00 0.00 0.00 0.00 7.59 8.98 10.88 12.99 11.68 10.37 8.98 15.04 18.10 15.99 19.71 18.83 18.83 18.76 18.69 18.54 17.74 18.76 18.47 20.00 20.95 21.39 16.57 13.80 8.18 8.47 8.18 6.94 4.67 6.20 0.44 0.00 0.00 3.43 6.35 6.06 9.13 9.13 8.69 10.00 6.79 7.37 7.37 25.48 23.14 24.45 24.67 24.31 25.11 21.32 21.24 17.52 10.15 9.86 8.91 11.61 12.41 15.33 14.53 16.86 16.64 16.64 16.64 14.82 9.05 8.10 3.36 0.00 0.22 0.00 0.44 0.00 0.00 0.00 0.58 0.00 0.58 1.24
0.00 0.00 0.00 0.00 0.00 0.00 7.59 8.98 10.88 12.99 11.68 10.37 8.98 15.04 18.10 15.99 19.71 18.83 18.83 18.76 18.69 18.54 17.74 18.76 18.47 20.00 20.95 21.39 16.57 13.80 8.18 8.47 8.18 6.94 4.67 6.20 0.44 0.00 0.00 3.43 6.35 6.06 9.13 9.13 8.69 10.00 6.79 7.37 7.37 25.48 23.14 24.45 24.67 24.31 25.11 21.32 21.24 17.52 10.15 9.86 8.91 11.61 12.41 15.33 14.53 16.86 16.64 16.64 16.64 14.82 9.05 8.10 3.36 0.00 0.22 0.00 0.44 0.00 0.00 0.00 0.58 0.00 0.58 1.24
0.00 0.00 0.00 0.00 0.00 0.00 8.47 12.70 11.10 4.02 0.00 0.00 0.00 10.66 8.54 13.65 17.59 17.08 17.08 17.01 17.16 17.89 17.96 19.27 18.91 21.10 21.53 18.25 15.48 16.43 10.66 7.15 7.15 5.11 2.12 0.80 1.10 0.00 0.00 0.66 2.63 1.10 0.00 0.00 2.26 0.00 0.00 0.00 0.00 0.00 0.00 10.73 13.14 15.48 14.75 14.60 11.53 5.91 6.64 5.48 8.98 7.96 10.51 15.33 16.28 15.77 15.48 12.99 12.99 15.77 14.67 15.40 9.86 10.51 3.07 0.58 0.44 0.80 0.00 0.51 0.29 0.00 0.00 0.00
0.51 0.00 0.00 0.00 0.00 0.00 9.05 1.17 1.46 0.00 0.00 0.00 3.43 9.42 13.29 16.35 14.75 19.20 19.20 18.76 24.82 22.63 21.53 24.06 20.62 23.23 21.02 18.25 20.22 13.29 13.58 11.32 4.38 4.67 3.21 0.00 0.00 0.00 1.17 1.39 0.37 0.37 0.00 0.00 0.00 0.00 0.00 0.00 0.00 0.00 0.00 0.00 0.00 0.00 0.00 0.00 0.00 0.00 0.00 4.89 4.38 7.59 9.56 12.48 11.90 15.40 12.78 14.16 14.16 13.36 15.91 14.97 10.80 5.55 3.80 1.46 1.24 0.66 1.68 0.37 0.37 0.80 0.00 0.00
1.97 2.70 0.00 0.00 0.00 0.00 0.00 0.00 0.00 0.00 0.00 0.00 0.00 5.77 2.77 13.14 10.80 19.56 19.56 19.27 27.23 17.67 21.02 22.17 24.28 22.05 22.41 21.15 23.21 20.00 13.51 15.04 12.92 4.53 2.34 3.87 0.58 1.53 1.24 1.90 0.80 0.07 0.22 0.22 0.00 0.00 0.00 0.00 0.00 0.00 0.00 0.00 0.00 0.00 0.00 0.00 0.00 0.00 0.00 3.43 9.93 9.34 9.71 10.29 11.02 11.24 13.14 12.63 12.63 13.36 13.58 11.17 9.42 7.52 6.28 3.21 5.91 2.99 3.14 3.29 0.88 0.80 0.00 0.00
0.00 0.00 0.00 0.00 0.00 0.00 0.00 0.00 0.00 0.00 0.00 0.00 0.00 0.00 0.00 6.20 0.66 9.78 9.78 7.37 17.89 5.78 13.62 12.64 9.91 20.80 17.84 23.96 24.91 20.93 16.50 16.28 16.79 17.52 6.86 7.23 8.40 3.14 2.04 2.19 0.73 0.00 0.00 0.00 0.00 0.00 0.00 0.00 0.00 0.00 0.00 0.00 0.00 0.00 0.00 0.00 0.00 0.00 0.00 0.00 7.08 15.84 19.64 17.74 18.83 14.09 16.06 16.79 16.79 17.16 16.94 16.50 12.34 9.05 10.00 6.72 8.32 6.57 4.96 5.40 0.00 0.00 2.48 3.36
0.00 0.00 0.00 0.00 0.00 0.00 0.00 0.00 0.00 0.00 0.00 0.00 0.00 0.00 0.00 0.00 0.00 0.00 0.00 0.00 0.00 0.00 0.00 4.02 1.11 10.00 11.06 8.41 19.81 18.88 16.73 20.95 19.56 19.93 13.87 13.51 9.78 12.48 6.42 1.02 0.00 0.00 0.00 0.00 0.51 0.00 0.07 0.00 0.00 0.00 0.00 0.00 0.00 0.00 0.00 0.00 0.00 0.00 0.00 0.00 11.83 9.13 19.27 21.46 17.59 23.51 22.56 22.34 22.34 20.95 17.67 14.09 11.61 11.17 11.17 10.22 10.37 7.74 7.74 4.96 8.98 5.77 3.94 3.58
0.00 0.00 0.00 0.00 0.00 0.00 0.00 0.00 0.00 0.00 0.00 0.00 0.00 0.00 0.00 0.00 0.00 0.00 0.00 0.00 0.00 0.00 0.00 4.12 1.10 10.00 10.73 7.82 18.51 19.17 16.90 21.82 21.98 21.09 14.23 13.51 9.78 12.48 6.42 1.02 0.00 0.00 0.00 0.00 0.51 0.00 0.07 0.00 0.00 0.00 0.00 0.00 0.00 0.00 0.00 0.00 0.00 0.00 0.00 0.00 11.83 9.13 19.27 21.46 17.59 23.51 22.56 22.34 22.34 20.95 17.67 14.09 11.61 11.17 11.17 10.22 10.37 7.74 7.74 4.96 8.98 5.77 3.94 3.58
0.00 0.00 0.00 0.00 0.00 0.00 0.00 0.00 0.00 0.00 0.00 0.00 0.00 0.00 0.00 0.00 0.00 0.00 0.00 0.00 0.00 0.00 0.00 0.00 0.00 2.58 1.70 0.51 9.78 9.90 7.08 7.87 20.54 22.45 17.38 20.42 16.15 9.86 12.19 7.59 0.73 0.15 0.22 0.22 0.44 0.58 0.00 0.29 0.00 0.00 0.00 0.00 0.00 0.00 0.00 0.00 0.00 0.00 0.00 0.00 3.14 11.83 8.03 19.49 16.86 23.58 21.68 21.10 21.10 15.84 11.10 13.65 11.24 10.80 11.83 12.19 9.34 7.74 6.94 8.25 6.79 5.48 4.38 0.00
0.00 1.39 0.00 3.87 1.53 0.00 0.00 2.77 0.00 0.00 0.00 0.00 0.00 0.00 0.00 1.24 0.51 0.80 0.80 0.00 0.29 0.00 0.00 0.00 0.00 0.00 0.00 0.00 0.00 2.21 1.75 0.51 9.42 15.33 18.76 18.70 21.34 15.11 10.95 12.48 12.05 2.92 0.00 0.00 0.29 0.00 0.00 0.00 0.00 0.00 0.00 0.00 0.00 0.00 0.00 0.00 0.00 0.00 0.00 0.00 0.00 0.00 0.00 13.43 22.48 17.74 15.40 14.89 14.89 16.21 13.21 5.84 7.15 11.10 8.10 8.40 7.23 6.13 4.96 4.31 2.85 2.70 1.17 0.00
0.00 0.37 0.00 2.41 3.43 2.63 5.04 5.33 4.67 2.56 3.87 1.46 0.00 0.00 0.00 2.70 5.33 5.62 5.62 1.75 2.04 0.88 0.00 0.00 0.00 0.00 0.00 0.00 0.00 0.00 0.00 0.00 0.00 5.26 11.30 10.91 17.81 19.71 18.10 16.94 15.04 15.62 8.40 8.40 0.00 0.00 0.00 0.00 0.00 0.00 0.00 0.00 0.00 0.00 0.00 0.00 0.00 0.00 0.00 0.00 0.00 0.00 0.00 3.36 15.11 10.95 13.87 13.65 13.65 6.50 2.99 3.21 0.80 4.67 3.87 3.87 6.28 8.54 7.37 9.86 9.49 8.32 5.26 1.83
0.00 0.00 0.00 1.97 0.00 0.00 0.95 3.58 5.04 0.88 1.97 1.75 0.00 3.07 8.40 6.50 8.83 4.53 4.53 2.04 0.37 0.37 0.44 0.00 0.00 0.00 0.00 0.00 0.00 0.00 0.00 0.00 0.00 1.83 2.04 4.45 11.56 11.88 20.26 20.65 17.52 11.97 13.43 13.43 8.76 0.80 3.36 0.51 0.00 0.00 0.00 0.00 0.00 0.00 0.00 0.00 0.00 0.00 0.00 2.56 0.00 0.00 0.00 1.10 5.91 9.71 4.60 3.50 3.50 5.55 3.65 0.00 0.00 0.00 0.00 0.00 0.22 5.40 7.74 8.18 9.93 10.29 7.59 3.94
0.00 0.00 0.00 0.00 0.00 0.00 0.00 0.00 0.00 0.00 0.00 0.00 0.00 6.72 5.33 3.21 4.09 3.07 3.07 0.00 0.00 0.00 0.00 0.00 0.00 0.00 0.00 0.00 0.00 0.00 0.00 0.00 0.00 0.00 0.15 3.87 3.58 3.65 6.60 17.30 17.17 14.09 11.39 11.39 7.88 8.32 7.01 5.99 4.45 0.44 1.02 0.51 0.00 0.00 0.00 0.00 0.00 0.00 0.00 0.00 2.12 0.00 0.00 0.00 0.00 0.00 0.37 2.12 2.12 0.00 0.00 0.00 0.00 0.00 0.00 0.00 0.88 4.16 4.82 4.31 7.59 2.12 2.77 2.56
0.00 0.00 0.00 0.00 0.00 0.00 0.00 0.00 0.00 0.00 0.00 2.41 1.10 5.84 3.14 0.37 0.00 0.00 0.00 0.00 0.00 0.00 0.00 0.00 0.00 0.00 0.00 0.00 0.00 0.00 0.00 0.00 0.00 0.00 0.00 0.07 0.22 0.44 0.37 2.41 3.39 11.10 10.59 10.59 8.40 7.96 7.96 7.81 7.96 6.86 4.09 4.96 0.00 0.00 0.00 0.00 0.00 0.00 0.00 2.04 0.00 1.31 1.24 0.00 0.00 0.00 0.00 0.00 0.00 0.00 0.00 0.00 0.00 0.00 0.00 0.00 0.44 0.88 1.02 0.00 0.73 1.61 2.99 0.22
0.00 0.00 0.00 0.00 0.00 0.00 0.00 0.00 0.00 0.00 0.00 2.41 1.10 5.84 3.14 0.37 0.00 0.00 0.00 0.00 0.00 0.00 0.00 0.00 0.00 0.00 0.00 0.00 0.00 0.00 0.00 0.00 0.00 0.00 0.00 0.07 0.22 0.44 0.37 2.41 3.36 11.10 10.59 10.59 8.40 7.96 7.96 7.81 7.96 6.86 4.09 4.96 0.00 0.00 0.00 0.00 0.00 0.00 0.00 2.04 0.00 1.31 1.24 0.00 0.00 0.00 0.00 0.00 0.00 0.00 0.00 0.00 0.00 0.00 0.00 0.00 0.44 0.88 1.02 0.00 0.73 1.61 2.99 0.22
0.00 0.00 0.00 0.00 0.00 0.00 0.00 0.00 4.30 1.61 0.00 0.80 1.90 0.51 1.31 0.00 0.00 0.00 0.00 0.00 0.00 0.00 0.00 0.00 0.00 0.00 0.00 0.00 0.00 0.00 0.00 0.00 0.00 0.00 0.00 0.00 0.00 0.00 0.00 0.00 0.00 0.00 5.04 5.04 5.18 4.67 5.55 5.48 6.57 8.76 7.15 3.14 3.94 0.00 0.00 0.00 0.00 0.00 0.00 0.00 2.85 1.75 0.00 0.00 0.00 0.00 0.00 0.00 0.00 0.00 0.00 0.00 0.00 0.00 0.00 0.00 0.00 0.00 0.00 0.00 0.00 0.00 0.44 0.00
