Wansh/Snow_depth/snowdepth-1995/spring/1995099.txt
ncols 321
nrows 161
xllcenter 60
yllcenter 15 
cellsize  0.25 
NODATA_value -1
[rows 0 to 36 of 161, columns 168 to 251 of 321]
8.40 6.94 7.37 5.69 7.15 5.99 6.50 5.69 3.72 3.72 3.07 3.21 2.99 4.16 4.31 3.58 4.31 4.53 7.08 9.56 9.86 9.34 8.25 7.66 6.79 6.42 7.08 7.30 7.74 4.09 4.96 4.16 12.12 12.34 12.34 12.34 12.78 14.02 12.99 14.75 14.60 10.37 10.59 7.15 6.50 6.35 8.10 9.34 9.05 8.25 10.22 7.88 7.52 7.45 6.42 6.79 6.35 8.47 8.18 11.39 11.39 13.80 13.21 17.67 19.78 19.42 21.02 18.10 15.40 15.84 14.75 12.63 12.78 12.48 12.85 15.40 14.67 16.94 17.89 17.74 17.89 17.08 18.61 17.30
8.40 6.94 7.66 7.01 6.79 5.77 4.38 2.63 2.99 2.99 4.38 4.38 4.23 4.89 4.82 4.60 3.87 7.45 6.35 10.15 10.44 10.59 8.10 7.37 7.52 6.86 5.55 5.40 3.72 4.53 3.50 8.10 8.10 10.44 5.62 5.62 5.91 9.34 8.47 15.18 11.97 13.14 10.88 10.95 10.44 8.83 9.13 7.45 7.30 7.23 5.77 5.91 5.55 8.91 11.61 11.90 13.58 13.43 14.97 15.62 15.62 15.55 17.16 17.37 17.52 16.72 16.64 16.64 16.13 14.60 13.80 13.87 13.65 13.14 13.43 13.07 13.72 16.06 14.53 14.09 15.26 14.89 10.51 14.38
6.35 6.13 8.69 9.27 7.66 8.47 5.48 5.84 4.60 4.60 4.45 4.38 4.31 4.45 4.02 6.06 8.40 7.52 10.88 10.88 10.44 9.27 9.56 7.96 5.77 6.72 0.00 0.00 0.00 2.56 2.12 5.48 5.40 5.40 3.50 3.50 9.13 7.15 16.57 14.89 16.21 10.15 12.05 10.59 7.88 8.61 4.45 4.67 4.23 4.89 5.48 5.62 9.42 8.40 12.70 13.94 14.09 14.67 13.65 15.40 15.40 14.31 14.53 15.91 12.05 10.44 11.61 11.02 12.92 12.41 13.58 12.26 13.58 12.70 12.92 12.41 11.39 12.78 12.34 13.29 11.90 12.12 9.42 9.78
6.35 6.13 8.69 9.27 7.66 8.47 5.48 5.84 4.60 4.60 4.45 4.38 4.31 4.45 4.02 6.06 8.40 7.52 10.88 10.88 10.44 9.27 9.56 7.96 5.77 6.72 0.00 0.00 0.00 2.56 2.12 5.48 5.40 5.40 3.50 3.50 9.13 7.15 16.57 14.89 16.21 10.15 12.05 10.59 7.88 8.61 4.45 4.67 4.23 4.89 5.48 5.62 9.42 8.40 12.70 13.94 14.09 14.67 13.65 15.40 15.40 14.31 14.53 15.91 12.05 10.44 11.61 11.02 12.92 12.41 13.58 12.26 13.58 12.70 12.92 12.41 11.39 12.78 12.34 13.29 11.90 12.12 9.42 9.78
3.07 6.79 5.62 8.32 5.77 8.18 7.08 7.01 4.74 4.74 3.87 4.09 4.96 6.50 6.79 6.35 7.30 9.71 9.71 8.76 9.71 9.71 6.57 7.74 1.97 0.00 0.00 0.00 3.58 1.46 6.42 4.31 4.38 3.36 2.41 2.41 11.83 12.99 14.89 13.14 8.18 8.91 5.33 4.53 4.53 4.02 4.09 4.02 4.96 4.89 5.91 9.49 8.47 13.58 11.53 13.58 12.92 12.70 12.99 12.85 12.85 13.94 13.80 12.41 9.93 10.51 7.30 7.52 9.20 11.32 10.88 12.70 9.20 9.20 9.93 10.00 9.05 9.78 10.15 11.24 10.88 10.88 11.10 11.90
2.56 1.39 2.26 5.18 4.02 6.35 6.42 6.28 6.20 6.20 5.33 7.81 7.96 9.42 7.88 6.42 6.79 5.62 7.37 7.37 6.35 4.38 6.35 0.00 0.00 0.00 0.00 0.00 7.01 6.86 7.01 5.26 9.78 8.47 12.41 12.41 12.12 12.99 5.62 7.08 2.63 3.65 3.36 3.43 3.58 3.36 4.53 6.94 6.20 11.53 12.70 12.63 11.39 7.59 11.68 7.01 7.81 7.45 7.37 9.42 9.42 8.32 11.10 9.78 10.37 7.08 4.96 4.96 5.84 5.91 7.30 7.08 7.59 5.84 7.88 8.76 8.25 9.42 9.20 11.17 9.93 11.39 11.10 11.32
1.68 2.12 1.46 0.00 0.66 0.37 5.04 5.91 8.91 8.91 8.32 9.64 8.10 7.74 7.74 3.80 4.82 4.60 6.13 5.26 6.06 0.00 0.00 0.00 0.00 0.00 0.00 6.64 5.33 8.25 9.13 7.88 12.26 16.35 15.40 15.40 14.75 5.48 7.15 1.75 1.83 1.53 1.83 3.43 3.43 3.72 5.04 6.64 13.36 11.97 14.31 10.73 11.83 5.84 5.18 5.11 5.40 6.20 5.84 7.23 7.23 9.34 4.74 9.42 4.60 2.99 3.29 3.29 3.87 4.45 4.74 5.11 5.62 4.89 5.40 7.37 5.69 9.05 7.23 11.10 11.68 12.21 12.06 12.58
1.68 2.12 1.46 0.00 0.66 0.37 5.04 5.91 8.91 8.91 8.32 9.64 8.10 7.74 7.74 3.80 4.82 4.60 6.13 5.26 6.06 0.00 0.00 0.00 0.00 0.00 0.00 6.64 5.33 8.25 9.13 7.88 12.26 16.35 15.40 15.40 14.75 5.48 7.15 1.75 1.83 1.53 1.83 3.43 3.43 3.72 5.04 6.64 13.36 11.97 14.31 10.73 11.83 5.84 5.18 5.11 5.40 6.20 5.84 7.23 7.23 9.34 4.74 9.42 4.60 2.99 3.29 3.29 3.87 4.45 4.74 5.11 5.62 4.89 5.40 8.52 7.85 13.02 9.90 18.86 19.29 16.25 15.52 13.05
4.82 1.83 0.00 0.22 0.00 0.80 4.53 4.02 7.81 7.81 4.45 4.45 4.53 1.39 3.80 3.65 5.33 5.55 5.91 0.00 0.00 0.00 0.00 0.00 0.00 4.45 4.09 4.82 8.03 7.66 9.13 11.02 11.32 15.55 13.87 13.87 14.67 5.62 0.44 1.68 1.17 1.24 1.02 3.65 4.53 4.89 7.15 12.56 11.17 15.62 10.80 12.34 5.04 2.56 2.34 2.70 2.63 2.48 2.92 3.87 3.87 3.65 4.31 3.87 2.56 3.36 2.19 2.56 3.72 3.29 4.53 4.38 4.60 5.12 7.16 8.14 10.17 8.85 9.70 14.25 12.06 10.39 11.93 12.30
5.99 3.58 6.20 3.94 4.60 2.19 2.56 1.02 1.10 1.10 0.80 0.29 0.29 2.34 6.28 5.11 5.84 0.00 0.00 0.00 0.00 0.00 0.00 3.87 7.96 6.50 6.50 7.30 6.64 9.05 9.78 9.93 6.72 4.74 5.11 5.11 4.53 5.69 0.37 0.51 0.66 3.50 3.65 2.63 5.04 7.37 6.50 12.26 13.29 13.36 10.51 5.77 6.72 2.19 2.19 1.90 1.83 1.10 0.00 1.46 1.46 0.58 2.04 3.29 2.41 2.34 4.38 3.87 4.82 4.16 4.67 5.04 5.29 7.78 8.97 7.68 10.69 9.73 13.46 11.07 10.26 10.29 12.88 12.99
8.03 8.83 7.37 5.91 6.35 6.57 4.45 1.75 1.53 1.53 1.97 2.70 4.96 5.26 6.20 0.00 0.00 0.00 0.00 0.00 0.00 3.72 6.13 4.60 7.37 4.38 6.50 5.69 5.99 5.26 4.31 4.02 4.74 2.48 2.12 2.12 2.63 4.96 2.92 2.56 4.96 4.60 5.26 4.02 3.87 3.87 4.89 6.42 5.99 6.57 4.09 4.23 2.85 2.34 2.19 0.37 0.00 0.00 0.00 0.00 0.00 1.68 1.10 2.56 4.96 4.96 4.89 5.69 7.37 5.55 4.60 5.11 5.47 5.48 6.85 7.04 13.18 13.78 11.15 10.79 11.24 12.33 12.28 12.48
8.03 8.83 7.37 5.91 6.35 6.57 4.45 1.75 1.53 1.53 1.97 2.70 4.96 5.26 6.20 0.00 0.00 0.00 0.00 0.00 0.00 3.72 6.13 4.60 7.37 4.38 6.50 5.69 5.99 5.26 4.31 4.02 4.74 2.48 2.12 2.12 2.63 4.96 2.92 2.56 4.96 4.60 5.26 4.02 3.87 3.87 4.89 6.42 5.99 6.57 4.09 4.23 2.85 2.34 2.19 0.37 0.00 0.00 0.00 0.00 0.00 1.68 1.10 2.56 4.96 4.96 4.89 5.69 7.37 5.55 4.60 5.11 5.33 5.40 6.64 6.54 11.74 12.76 11.90 11.20 11.24 12.06 13.49 13.36
9.34 7.81 7.96 5.62 5.99 6.28 6.28 6.64 4.45 4.45 4.38 5.04 2.77 0.00 0.00 0.00 0.00 0.00 0.00 3.07 4.67 4.23 4.23 5.48 5.62 2.85 1.75 1.61 4.23 3.36 3.65 2.99 3.65 2.19 3.50 3.50 7.23 6.50 10.00 9.13 9.93 6.86 5.33 4.31 3.36 2.48 2.48 3.58 4.45 4.31 3.07 2.48 2.41 1.83 0.58 1.10 0.00 2.70 2.12 3.50 3.50 2.63 4.16 5.84 9.05 8.76 8.69 7.81 7.30 5.84 5.62 5.40 6.13 6.20 8.76 8.03 12.76 13.54 10.44 10.79 11.86 13.74 14.04 12.63
8.10 6.86 4.53 5.04 4.60 6.79 6.79 7.59 8.40 8.40 5.62 0.00 0.00 0.00 1.39 0.00 0.00 2.56 3.21 2.70 4.67 3.50 3.94 2.99 3.50 2.92 2.56 4.82 4.67 4.67 3.58 3.87 4.67 6.50 6.28 6.28 7.88 10.73 10.37 10.51 8.03 8.40 6.13 3.43 2.41 2.12 2.48 1.83 1.97 2.56 2.48 2.48 2.48 1.31 0.73 0.80 2.99 3.94 4.23 3.43 3.43 9.86 11.68 10.73 11.02 10.29 10.44 8.03 6.13 5.33 5.11 4.60 6.35 6.76 12.38 14.26 11.25 13.96 10.33 12.41 14.40 13.38 12.80 13.30
12.41 10.37 15.11 12.48 13.36 10.15 12.48 9.78 9.86 9.86 10.07 7.96 0.00 3.43 3.87 3.14 2.92 2.99 3.72 4.45 4.74 1.61 3.07 2.85 3.65 4.60 4.16 5.55 6.13 5.69 6.72 6.94 5.84 6.94 8.03 8.03 8.25 8.83 9.05 7.52 9.42 5.91 6.64 3.43 2.70 3.50 3.50 2.63 2.85 2.70 2.70 1.83 2.19 1.24 0.15 0.66 5.77 4.60 8.47 10.00 10.00 9.27 11.83 12.12 11.02 10.29 6.64 7.08 7.88 5.62 2.92 4.02 4.40 8.36 11.76 14.49 16.00 12.22 13.30 13.66 13.91 13.84 12.86 13.31
11.83 13.94 13.94 14.38 10.80 12.41 12.26 9.42 9.86 9.86 9.20 9.27 7.15 4.38 3.43 3.43 3.80 2.19 1.68 0.00 0.66 0.80 1.10 3.14 2.99 4.16 4.09 4.09 5.18 6.72 6.57 7.81 8.83 9.42 8.91 8.91 8.76 8.40 8.61 6.86 6.57 6.42 7.96 8.10 4.82 4.82 3.29 3.58 4.16 2.41 1.02 1.31 0.00 0.44 0.80 0.58 2.12 8.54 6.86 7.88 7.88 8.83 10.44 9.64 5.69 3.07 5.69 5.99 2.56 2.34 0.00 2.63 6.23 11.68 15.26 13.60 15.76 10.97 11.95 14.20 14.10 15.57 12.93 11.22
11.83 13.94 13.94 14.38 10.80 12.41 12.26 9.42 9.86 9.86 9.20 9.27 7.15 4.38 3.43 3.43 3.80 2.19 1.68 0.00 0.66 0.80 1.10 3.14 2.99 4.16 4.09 4.09 5.18 6.72 6.57 7.81 8.83 9.42 8.91 8.91 8.76 8.40 8.61 6.86 6.57 6.42 7.96 8.10 4.82 4.82 3.29 3.58 4.16 2.41 1.02 1.31 0.00 0.44 0.80 0.58 2.12 8.54 6.86 7.88 7.88 8.83 10.44 9.64 5.69 3.07 5.69 5.99 2.56 2.34 0.00 3.23 5.84 12.70 13.71 16.83 16.00 12.13 12.18 12.81 13.63 13.39 14.07 12.73
7.45 10.44 8.61 8.40 8.54 8.54 7.01 6.35 9.78 9.78 6.28 5.77 6.86 1.61 2.56 0.00 0.00 0.00 0.00 0.00 0.00 0.66 0.51 2.04 3.43 3.50 4.53 5.04 6.06 6.64 8.10 8.69 8.69 9.34 9.93 9.93 9.64 9.42 6.57 7.01 6.94 9.13 8.47 8.91 5.26 2.70 3.07 2.63 2.41 2.77 0.73 0.00 0.00 0.00 0.00 0.00 0.00 0.00 2.92 6.57 6.57 1.53 2.63 3.50 3.80 2.70 1.02 0.80 0.00 0.00 2.12 5.12 9.44 10.10 7.92 15.57 15.30 10.48 10.88 11.70 13.61 14.10 11.85 7.11
4.38 5.26 7.59 5.99 5.40 5.55 4.67 3.94 3.87 3.87 4.53 2.19 1.39 1.39 1.10 0.00 0.00 0.00 0.00 0.00 0.00 0.22 2.34 2.12 3.50 4.02 4.67 4.60 5.55 6.13 6.13 7.88 9.56 9.56 9.49 9.49 9.34 9.56 8.32 8.47 8.61 8.47 6.94 1.97 5.04 1.17 0.44 0.07 1.02 0.15 0.00 0.00 0.00 0.00 0.00 0.00 0.00 0.00 0.00 0.44 0.44 0.00 1.10 0.00 0.00 0.00 0.00 0.00 0.00 0.00 0.00 1.62 0.45 3.96 4.72 4.28 8.07 6.82 9.47 8.99 7.90 7.46 7.15 6.99
4.60 4.60 3.50 4.96 5.48 5.62 5.33 4.23 2.92 2.92 2.04 1.97 1.46 0.66 0.80 0.00 0.00 0.00 0.00 0.00 0.80 0.80 2.56 4.31 4.09 4.38 4.02 4.96 4.82 6.13 7.81 7.66 10.07 10.44 9.64 9.64 9.86 8.03 7.96 8.40 7.66 7.08 7.52 2.41 0.66 0.29 0.29 0.00 0.00 0.00 1.17 1.31 1.24 0.00 0.00 0.00 0.00 0.00 0.00 0.00 0.00 0.00 0.00 0.00 0.00 0.00 0.00 0.00 0.00 0.00 0.00 0.37 0.29 1.31 3.43 3.11 3.19 7.46 9.26 7.88 6.80 5.29 4.15 3.47
1.46 1.61 1.53 4.02 2.04 4.38 2.77 2.63 3.14 3.14 1.97 1.10 0.73 0.66 0.00 0.44 0.00 0.00 0.00 0.00 2.12 4.74 4.67 5.99 3.65 4.38 4.38 5.40 6.64 6.28 8.54 10.51 10.29 11.32 11.75 11.75 9.64 10.22 5.55 3.65 5.99 4.96 1.68 2.56 0.00 0.00 0.00 0.00 0.00 0.00 1.17 2.19 3.43 0.00 0.00 0.00 0.00 0.00 0.00 0.00 0.00 0.00 0.00 0.00 0.00 0.00 0.00 0.00 0.00 0.00 0.00 0.15 0.15 1.02 5.00 6.80 6.24 5.78 9.10 8.74 9.82 9.24 5.75 2.94
0.15 0.44 0.44 0.00 0.88 2.63 2.04 1.24 0.37 0.37 0.37 0.95 1.39 1.02 1.24 0.00 0.00 0.00 0.00 4.09 3.50 4.74 5.69 4.89 5.33 5.33 6.42 6.57 6.72 10.51 9.78 11.17 11.68 11.61 11.53 11.53 8.91 4.09 4.96 2.19 1.97 2.70 2.70 2.26 1.39 1.02 0.00 0.00 0.00 0.00 0.00 0.00 0.00 0.00 0.00 0.00 0.00 0.00 0.00 0.00 0.00 0.00 0.00 0.00 0.00 0.00 0.00 0.00 0.00 0.00 0.00 0.00 0.80 0.73 1.06 5.65 5.70 5.89 10.24 10.08 9.18 9.09 6.88 5.02
0.15 0.44 0.44 0.00 0.88 2.63 2.04 1.24 0.37 0.37 0.37 0.95 1.39 1.02 1.24 0.00 0.00 0.00 0.00 4.09 3.50 4.74 5.69 4.89 5.33 5.33 6.42 6.57 6.72 10.51 9.78 11.17 11.68 11.61 11.53 11.53 8.91 4.09 4.96 2.19 1.97 2.70 2.70 2.26 1.39 1.02 0.00 0.00 0.00 0.00 0.00 0.00 0.00 0.00 0.00 0.00 0.00 0.00 0.00 0.00 0.00 0.00 0.00 0.00 0.00 0.00 0.00 0.00 0.00 0.00 0.00 0.00 0.80 0.73 1.02 5.68 4.43 5.19 8.58 11.73 11.23 9.28 5.39 4.63
0.00 0.00 0.00 1.31 1.53 1.24 1.53 0.58 0.66 0.66 0.58 0.51 0.37 0.00 0.00 0.00 0.00 0.15 0.00 5.40 7.96 8.18 6.86 6.50 8.18 8.32 10.80 10.15 10.07 10.88 11.53 8.32 9.05 6.94 7.08 7.08 8.69 4.23 2.19 2.34 2.19 4.45 5.48 5.62 5.84 3.43 0.58 1.17 0.00 0.00 0.00 0.00 0.00 0.00 0.00 0.00 0.00 0.00 0.00 0.00 0.00 0.00 0.00 0.00 0.00 0.00 0.00 0.00 0.00 0.00 0.00 0.00 0.00 0.00 1.97 1.83 4.46 7.09 10.19 10.30 7.63 6.22 5.61 6.76
0.00 0.00 0.15 0.00 1.10 0.15 0.00 0.37 0.00 0.00 0.00 0.00 0.00 0.00 0.00 0.00 0.00 0.00 4.02 4.74 7.96 7.23 8.91 7.74 9.42 10.44 10.07 12.70 12.85 11.61 10.66 7.81 5.48 5.48 5.77 5.77 7.59 10.88 10.29 15.55 19.27 19.49 20.15 15.77 10.73 3.29 4.96 0.00 0.00 0.00 0.00 0.00 0.00 0.00 0.00 0.00 0.00 0.00 0.00 0.00 0.00 0.00 0.00 0.00 0.00 0.00 0.00 0.00 0.00 0.00 0.00 0.00 0.00 3.14 4.87 3.20 2.38 6.19 9.77 9.24 8.88 5.73 5.49 2.12
0.00 0.00 0.00 0.00 0.00 0.00 0.00 0.00 0.00 0.00 0.00 0.00 0.00 0.00 0.00 0.00 0.37 0.00 2.77 5.62 6.94 8.25 9.42 10.80 9.93 10.15 11.83 11.61 10.80 10.00 5.91 7.52 4.53 4.23 4.02 4.02 6.57 12.41 18.61 17.59 21.97 21.53 14.82 16.28 10.29 3.14 0.00 0.00 0.00 0.00 0.00 0.00 0.00 0.00 0.00 0.00 0.00 0.00 0.00 0.00 0.00 0.00 0.00 0.00 0.00 0.00 0.00 0.00 0.00 0.00 0.00 0.00 4.89 3.98 9.49 8.45 6.65 8.49 5.99 8.76 5.78 4.83 2.50 1.14
2.34 1.02 0.00 0.00 0.00 0.00 0.00 0.00 0.00 0.00 0.00 0.00 0.00 0.00 0.00 0.00 0.88 1.53 1.61 3.07 6.13 8.40 10.00 10.22 8.18 10.37 8.25 9.20 8.91 9.13 4.09 1.24 1.31 0.00 1.24 1.24 9.93 8.25 15.04 17.16 16.64 16.50 7.30 0.00 0.00 0.00 0.00 0.00 0.00 0.00 0.00 0.00 0.00 0.00 0.00 0.00 0.00 0.00 0.00 0.00 0.00 0.00 0.00 0.00 0.00 0.00 0.00 0.00 0.00 0.00 0.00 0.88 8.28 18.47 14.36 16.18 13.64 9.53 5.37 5.29 2.19 1.73 2.02 1.89
1.61 0.00 0.95 0.00 0.00 0.00 0.00 0.00 0.00 0.00 0.00 0.00 0.00 0.00 0.00 0.00 0.00 0.00 1.75 1.31 2.92 2.77 6.86 6.86 5.11 1.17 1.90 0.15 6.42 2.48 3.36 0.29 0.00 0.22 0.00 0.00 1.46 2.48 1.17 1.46 0.00 0.00 0.00 0.00 0.00 0.00 0.00 0.00 0.00 0.00 0.00 0.00 0.00 0.00 0.00 0.00 0.00 0.00 0.00 0.00 0.00 0.00 0.00 0.00 0.00 0.00 0.00 0.00 0.00 0.00 4.34 3.77 9.62 19.77 18.85 16.48 11.34 6.81 3.49 1.71 1.39 0.86 0.00 0.00
1.61 0.00 0.95 0.00 0.00 0.00 0.00 0.00 0.00 0.00 0.00 0.00 0.00 0.00 0.00 0.00 0.00 0.00 1.75 1.31 2.92 2.77 6.86 6.86 5.11 1.17 1.90 0.15 6.42 2.48 3.36 0.29 0.00 0.22 0.00 0.00 1.46 2.48 1.17 1.46 0.00 0.00 0.00 0.00 0.00 0.00 0.00 0.00 0.00 0.00 0.00 0.00 0.00 0.00 0.00 0.00 0.00 0.00 0.00 0.00 0.00 0.00 0.00 0.00 0.00 0.00 0.00 0.00 0.00 0.00 4.36 3.73 8.70 22.03 20.12 19.22 13.17 6.59 3.65 1.66 1.47 1.02 0.00 0.00
0.00 0.00 0.00 0.00 0.00 0.00 0.00 0.00 0.00 0.00 0.00 0.00 0.00 0.00 0.00 0.00 0.00 0.00 0.00 0.44 0.37 0.07 0.00 2.04 2.26 0.00 0.00 0.37 0.22 0.15 0.00 0.00 0.00 0.00 0.00 0.00 0.00 0.00 0.00 0.00 0.00 0.00 0.00 0.00 0.00 0.00 0.00 0.00 0.00 0.00 0.00 0.00 0.00 0.00 0.00 0.00 0.00 0.00 0.00 0.00 0.00 0.00 0.00 0.00 0.00 0.00 0.00 0.00 1.54 0.07 8.18 18.07 24.04 26.64 25.27 27.31 14.73 5.86 3.65 2.01 0.91 0.00 0.00 0.00
0.00 0.00 0.00 0.00 0.00 0.00 0.00 0.00 0.00 0.00 0.00 0.00 0.00 0.00 0.00 0.00 0.00 0.00 0.00 0.00 0.00 0.00 0.00 0.00 0.00 0.00 0.00 0.00 0.00 0.00 0.00 0.00 0.00 0.00 0.00 0.00 0.00 0.00 0.00 0.00 0.00 0.00 0.00 0.00 0.00 0.00 0.00 0.00 0.00 0.00 0.00 0.00 0.00 0.00 0.00 0.00 0.00 0.00 0.00 0.00 0.00 0.00 0.00 0.00 0.00 0.00 0.00 0.00 0.00 7.30 5.84 19.12 23.54 24.63 25.44 6.07 2.03 0.75 1.15 0.00 0.00 0.00 0.00 0.00
2.04 2.19 0.00 0.00 0.00 0.00 0.00 0.00 0.00 0.00 0.00 0.00 0.00 0.00 0.00 0.00 0.00 0.00 0.00 0.00 0.00 0.00 0.00 0.00 0.00 0.00 0.00 0.00 0.00 0.00 0.00 0.00 0.00 0.00 0.00 0.00 0.00 0.00 0.00 0.00 0.00 0.00 0.00 0.00 0.00 0.00 0.00 0.00 0.00 0.00 0.00 0.00 0.00 0.00 0.00 0.00 0.00 0.00 0.00 0.00 0.00 0.00 0.00 0.00 0.00 0.00 0.00 0.00 0.00 6.28 12.63 14.83 23.62 19.89 7.97 4.59 1.24 0.00 0.00 0.00 0.00 0.00 0.00 0.00
2.56 1.17 0.00 0.00 0.00 0.00 0.00 0.00 0.00 0.00 0.00 0.00 0.00 0.00 0.00 0.00 0.00 0.00 0.00 0.00 0.00 0.00 0.00 0.00 0.00 0.00 0.00 0.00 0.00 0.00 0.00 0.00 0.00 0.00 0.00 0.00 0.00 0.00 0.00 0.00 0.00 0.00 0.00 0.00 0.00 0.00 0.00 0.00 0.00 0.00 0.00 0.00 0.00 0.00 0.00 0.00 0.00 0.00 0.00 0.00 0.00 0.00 0.00 0.00 0.00 0.00 0.00 0.00 0.00 5.18 11.02 18.07 13.41 18.62 6.18 3.58 1.39 0.00 0.00 0.00 0.00 0.00 0.00 0.00
3.21 1.90 0.00 0.00 0.00 0.00 0.00 0.00 0.00 0.00 0.00 0.00 0.00 0.00 0.00 0.00 0.00 0.00 0.00 0.00 0.00 0.00 0.00 0.00 0.00 0.00 0.00 0.00 0.00 0.00 0.00 0.00 0.00 0.00 0.00 0.00 0.00 0.00 0.00 0.00 0.00 0.00 0.00 0.00 0.00 0.00 0.00 0.00 0.00 0.00 0.00 0.00 0.00 0.00 0.00 0.00 0.00 0.00 0.00 0.00 0.00 0.00 0.00 0.88 0.00 0.00 0.00 0.44 2.12 9.71 8.40 8.47 8.44 11.66 9.92 0.00 0.18 0.00 0.00 0.00 0.00 0.00 0.00 0.00
3.21 1.83 0.00 0.29 0.00 0.00 0.00 0.00 0.00 0.00 0.00 0.00 0.00 0.00 0.00 0.00 0.00 0.00 0.00 0.00 0.00 0.00 0.00 0.00 0.00 0.00 0.00 0.00 0.00 0.00 0.00 0.00 0.00 0.00 0.00 0.00 0.00 0.00 0.00 0.00 0.00 0.00 0.00 0.00 0.00 0.00 0.00 0.00 0.00 0.00 0.00 0.00 0.00 0.00 0.00 0.00 0.00 0.00 0.00 0.00 0.00 0.00 1.02 1.02 0.00 0.00 0.00 0.00 1.02 5.69 4.60 3.96 3.87 0.67 0.00 0.00 0.00 0.00 0.00 0.00 0.00 0.00 0.00 0.00
3.21 1.83 0.00 0.29 0.00 0.00 0.00 0.00 0.00 0.00 0.00 0.00 0.00 0.00 0.00 0.00 0.00 0.00 0.00 0.00 0.00 0.00 0.00 0.00 0.00 0.00 0.00 0.00 0.00 0.00 0.00 0.00 0.00 0.00 0.00 0.00 0.00 0.00 0.00 0.00 0.00 0.00 0.00 0.00 0.00 0.00 0.00 0.00 0.00 0.00 0.00 0.00 0.00 0.00 0.00 0.00 0.00 0.00 0.00 0.00 0.00 0.00 1.02 1.02 0.00 0.00 0.00 0.00 1.02 5.69 4.60 3.94 3.82 0.66 0.00 0.00 0.00 0.00 0.00 0.00 0.00 0.00 0.00 0.00
0.88 1.17 1.53 0.00 0.00 0.00 0.00 0.00 0.00 0.00 0.00 0.00 0.00 0.00 0.00 0.00 0.00 0.00 0.00 0.00 0.00 0.00 0.00 0.00 0.00 0.00 0.00 0.00 0.00 0.00 0.00 0.00 0.00 0.00 0.00 0.00 0.00 0.00 0.00 0.00 0.00 0.00 0.00 0.00 0.00 0.00 0.00 0.00 0.00 0.00 0.00 0.00 0.00 0.00 0.00 0.00 0.00 0.00 0.00 0.80 0.80 1.17 1.10 1.31 0.00 0.00 0.00 0.00 0.00 0.00 0.73 0.00 0.00 0.00 0.00 0.00 0.00 0.00 0.00 0.00 0.00 0.00 0.00 0.00
