Wansh/Snow_depth/snowdepth-1995/spring/1995063.txt
ncols 321
nrows 161
xllcenter 60
yllcenter 15 
cellsize  0.25 
NODATA_value -1
[rows 0 to 36 of 161, columns 84 to 167 of 321]
21.17 21.24 21.68 20.88 19.93 20.00 16.50 13.29 13.72 13.36 15.40 15.04 15.91 16.86 16.79 16.43 19.86 19.78 19.78 19.13 18.69 18.76 18.10 8.91 9.49 4.53 5.69 1.53 1.46 1.39 1.90 5.18 8.40 11.17 9.86 10.00 7.30 7.96 11.83 10.44 10.15 11.39 9.05 9.05 10.44 7.15 7.52 4.31 3.36 4.67 7.37 6.79 9.05 9.78 9.49 11.17 11.39 11.68 8.61 4.74 5.04 3.36 4.09 2.56 2.77 1.68 2.92 2.41 2.41 4.09 6.86 9.20 8.83 9.86 7.81 10.07 10.29 9.86 12.92 13.43 13.65 13.43 13.43 10.73
21.61 21.24 20.66 20.73 18.83 15.33 16.06 14.45 14.53 13.58 18.61 16.06 16.28 14.75 13.21 13.80 11.39 16.79 16.79 16.79 16.35 19.49 19.35 16.79 11.39 6.72 2.41 1.61 1.90 0.66 0.44 3.58 5.99 5.48 8.18 6.13 6.64 6.20 9.56 9.56 12.34 10.29 12.56 12.56 11.24 11.68 7.23 4.09 4.67 2.85 2.70 2.77 2.77 2.70 4.23 6.06 5.62 7.15 8.54 8.61 7.08 6.13 9.20 5.11 8.25 7.45 7.52 7.30 7.30 8.25 10.66 9.78 9.78 11.61 14.16 15.48 14.97 15.77 16.72 12.99 15.91 14.45 12.34 17.45
22.56 21.46 19.93 14.60 15.40 15.18 17.74 16.57 20.81 20.37 20.29 20.51 16.28 16.50 14.89 10.07 10.37 10.22 10.22 12.56 12.92 11.68 17.23 17.30 13.87 9.49 5.91 1.97 1.39 1.24 1.90 4.45 4.16 6.06 5.77 8.03 9.56 5.91 10.51 13.65 13.65 12.99 17.16 17.16 14.97 21.46 18.83 18.83 11.24 5.40 4.74 2.19 2.04 1.97 2.63 4.96 4.96 7.45 10.95 10.44 11.75 11.83 11.97 10.29 11.90 12.19 12.41 12.41 12.41 12.48 12.85 11.53 11.10 13.07 12.63 18.10 19.86 18.47 18.10 19.56 19.05 19.71 19.56 19.49
22.56 21.46 19.93 14.60 15.40 15.18 17.74 16.57 20.81 20.37 20.29 20.51 16.28 16.50 14.89 10.07 10.37 10.22 10.22 12.56 12.92 11.68 17.23 17.30 13.87 9.49 5.91 1.97 1.39 1.24 1.90 4.45 4.16 6.06 5.77 8.03 9.56 5.91 10.51 13.65 13.65 12.99 17.16 17.16 14.97 21.46 18.83 18.83 11.24 5.40 4.74 2.19 2.04 1.97 2.63 4.96 4.96 7.45 10.95 10.44 11.75 11.83 11.97 10.29 11.90 12.19 12.41 12.41 12.41 12.48 12.85 11.53 11.10 13.07 12.63 18.10 19.86 18.47 18.10 19.56 19.05 19.71 19.56 19.49
21.61 16.13 17.59 14.82 17.59 17.23 16.28 18.83 17.45 16.57 20.22 18.61 18.61 16.21 15.33 16.28 11.68 11.17 11.17 11.39 8.32 9.71 9.20 11.90 12.85 12.85 7.37 8.91 1.83 1.83 1.61 2.12 4.09 4.60 9.05 10.51 10.44 11.61 12.41 12.41 10.80 13.80 14.45 14.45 20.66 19.35 21.39 16.35 17.89 7.88 3.07 3.58 2.19 1.90 1.90 3.29 4.96 4.53 6.64 8.69 12.41 11.53 15.26 13.80 14.38 13.58 13.87 13.58 13.58 12.78 13.21 12.41 12.63 10.80 10.66 19.86 19.27 17.37 20.08 16.72 17.52 18.32 16.94 18.91
21.17 19.56 19.64 19.64 16.86 16.28 14.67 13.43 15.04 16.43 16.50 17.23 18.10 17.96 17.89 19.13 18.61 13.94 13.94 10.73 13.51 7.08 8.76 8.10 10.80 8.69 10.15 3.58 4.23 3.07 2.04 1.97 3.72 6.72 5.91 9.05 10.00 10.37 9.56 9.42 9.86 9.13 11.39 11.39 10.44 14.09 17.89 16.57 15.55 8.10 9.42 3.50 2.63 2.48 3.87 4.74 4.60 6.06 7.74 7.37 9.93 14.31 17.96 20.15 19.64 15.40 12.92 13.07 13.07 12.19 12.12 12.63 14.38 11.75 8.83 11.17 14.16 10.44 9.93 10.51 12.92 12.26 16.35 19.49
21.68 20.95 19.49 19.64 18.83 18.40 16.06 15.48 18.25 17.23 15.91 16.50 15.40 14.16 13.36 18.76 20.59 20.29 20.29 17.52 14.89 16.43 14.45 9.34 8.32 7.96 4.31 4.89 3.87 3.65 3.29 4.09 5.04 5.69 8.76 8.40 9.78 8.25 9.27 5.04 4.82 6.42 9.20 9.20 12.19 11.24 15.77 15.04 15.62 9.13 4.53 5.11 2.77 2.99 2.85 4.23 6.28 8.54 10.00 9.78 12.41 16.57 15.48 18.69 19.49 19.56 19.93 16.94 16.94 17.01 14.75 14.60 16.94 12.85 14.89 16.43 13.80 14.09 10.51 10.51 11.17 12.41 15.11 13.94
21.68 20.95 19.49 19.64 18.83 18.40 16.06 15.48 18.25 17.23 15.91 16.50 15.40 14.16 13.36 18.76 20.59 20.29 20.29 17.52 14.89 16.43 14.45 9.34 8.32 7.96 4.31 4.89 3.87 3.65 3.29 4.09 5.04 5.69 8.76 8.40 9.78 8.25 9.27 5.04 4.82 6.42 9.20 9.20 12.19 11.24 15.77 15.04 15.62 9.13 4.53 5.11 2.77 2.99 2.85 4.23 6.28 8.54 10.00 9.78 12.41 16.57 15.48 18.69 19.49 19.56 19.93 16.94 16.94 17.01 14.75 14.60 16.94 12.85 14.89 16.43 13.80 14.09 10.51 10.51 11.17 12.41 15.11 13.94
18.18 19.56 18.10 18.47 17.81 18.18 19.42 18.83 19.05 18.98 15.33 10.80 11.90 11.32 16.28 14.82 21.90 24.02 24.02 24.09 20.44 17.96 18.40 12.26 7.45 7.52 5.04 3.80 3.58 3.14 3.94 3.72 4.67 7.74 6.57 12.70 12.41 10.88 5.84 4.89 4.82 5.33 7.15 7.15 5.77 6.94 7.23 7.15 6.72 6.94 6.86 8.18 8.18 7.74 6.64 6.86 7.37 6.94 9.64 9.05 10.51 10.37 12.85 16.72 14.60 15.99 16.28 17.23 17.23 15.40 16.50 17.30 17.30 17.81 17.16 17.67 17.45 14.38 12.92 15.33 12.48 10.95 11.32 13.43
17.52 18.32 18.25 17.67 17.89 19.35 19.27 18.47 18.25 15.33 15.55 10.88 9.71 10.29 15.04 21.17 20.15 24.97 24.97 25.33 24.97 21.39 13.36 15.18 6.28 5.40 5.11 4.60 4.82 5.04 3.29 3.50 4.02 6.57 11.53 10.66 11.24 9.42 10.07 7.23 5.99 4.60 4.45 4.45 5.40 5.48 5.33 5.91 5.48 6.86 8.54 14.09 10.66 8.69 10.66 11.17 11.17 9.64 8.83 8.91 10.15 11.53 11.97 12.70 12.26 15.99 15.33 15.55 15.55 19.56 16.86 18.83 18.03 17.08 17.74 19.27 18.32 19.93 19.35 20.88 15.40 15.91 11.53 10.44
17.96 16.86 18.32 17.81 18.91 15.62 16.86 17.74 13.80 14.75 11.53 12.26 10.51 14.97 13.80 20.73 24.67 23.87 23.87 24.75 23.29 23.51 18.98 7.59 8.61 5.40 5.48 5.11 4.53 3.43 3.50 4.45 5.77 8.40 8.54 10.00 9.78 10.51 8.10 7.74 7.74 7.88 8.76 8.76 8.91 8.03 7.23 7.30 10.15 12.05 15.70 15.04 15.26 11.39 12.56 10.80 15.26 17.23 16.43 14.38 11.97 12.05 12.26 12.41 12.41 13.94 16.72 20.37 20.37 22.92 19.56 21.24 22.92 22.12 22.56 20.15 18.69 23.94 26.28 20.66 16.72 12.12 12.19 16.13
17.96 16.86 18.32 17.81 18.91 15.62 16.86 17.74 13.80 14.75 11.53 12.26 10.51 14.97 13.80 20.73 24.67 23.87 23.87 24.75 23.29 23.51 18.98 7.59 8.61 5.40 5.48 5.11 4.53 3.43 3.50 4.45 5.77 8.40 8.54 10.00 9.78 10.51 8.10 7.74 7.74 7.88 8.76 8.76 8.91 8.03 7.23 7.30 10.15 12.05 15.70 15.04 15.26 11.39 12.56 10.80 15.26 17.23 16.43 14.38 11.97 12.05 12.26 12.41 12.41 13.94 16.72 20.37 20.37 22.92 19.56 21.24 22.92 22.12 22.56 20.15 18.69 23.94 26.28 20.66 16.72 12.12 12.19 16.13
15.99 15.55 17.52 13.43 12.78 13.72 9.20 11.46 10.66 13.14 11.46 14.60 13.87 16.79 23.29 22.27 24.31 25.62 25.62 24.53 24.75 17.89 11.10 11.75 7.66 5.69 6.06 5.04 6.42 6.06 5.62 7.66 7.37 9.86 13.43 13.36 16.43 16.94 11.17 9.78 15.40 10.88 9.71 9.71 8.91 9.05 8.83 10.66 10.15 12.99 18.32 22.05 21.32 21.83 18.61 14.89 14.82 16.57 18.40 17.08 14.53 15.26 13.14 16.13 14.89 16.64 18.47 21.02 21.02 25.19 23.29 22.63 24.45 25.04 26.57 28.54 28.69 28.91 27.74 23.94 23.58 22.27 20.59 21.46
13.58 14.31 14.60 13.36 10.00 8.54 8.76 9.78 11.17 15.04 12.70 17.45 20.15 17.59 24.24 24.16 24.24 23.80 23.80 23.73 23.73 19.64 11.83 10.15 10.59 9.20 5.91 5.99 8.47 13.14 13.58 19.05 14.97 14.97 16.57 18.69 18.47 19.35 19.05 17.01 18.83 19.86 20.88 20.88 20.88 21.10 21.17 21.46 20.44 20.59 22.70 22.19 23.65 23.65 28.76 20.59 26.13 18.10 15.77 16.06 13.07 12.19 15.84 17.45 19.35 18.61 19.13 25.04 25.04 21.83 24.82 23.58 27.30 26.57 28.32 28.32 28.03 19.42 19.71 19.56 19.35 21.39 16.57 16.35
13.51 12.41 11.61 10.59 10.73 10.73 8.40 8.91 10.88 15.55 14.38 17.23 18.03 18.25 23.21 23.65 21.32 21.46 21.46 22.27 18.10 14.97 15.33 11.97 10.73 10.95 11.61 12.99 10.15 16.35 21.10 20.22 23.00 20.95 19.42 20.08 18.25 20.59 21.46 22.19 24.24 23.65 25.55 25.55 24.45 25.04 23.21 22.19 19.13 22.27 23.80 23.29 24.75 30.88 30.08 30.37 30.00 21.97 12.99 13.29 9.27 8.32 12.19 16.79 14.67 19.05 18.76 15.91 15.91 19.49 21.32 24.09 24.89 21.97 28.18 21.61 20.22 16.43 12.05 11.97 15.26 18.83 18.54 18.03
11.97 11.97 11.53 12.19 11.46 11.32 8.91 8.54 9.05 10.37 11.24 10.80 15.70 16.13 17.30 20.08 19.86 19.93 19.93 17.08 19.64 15.48 13.87 13.65 12.85 13.29 13.21 13.87 15.11 14.97 19.78 23.29 23.43 21.46 18.83 17.30 16.79 19.93 23.21 23.51 23.94 22.12 21.39 21.39 21.90 18.54 17.52 17.30 17.52 18.54 20.51 20.22 20.44 25.04 21.53 24.53 27.52 26.06 14.82 11.46 8.98 12.78 10.95 11.02 9.93 18.91 16.21 18.98 18.98 22.48 21.17 24.16 22.78 23.14 23.43 21.90 21.90 16.64 10.07 6.35 14.60 18.03 14.89 19.93
11.97 11.97 11.53 12.19 11.46 11.32 8.91 8.54 9.05 10.37 11.24 10.80 15.70 16.13 17.30 20.08 19.86 19.93 19.93 17.08 19.64 15.48 13.87 13.65 12.85 13.29 13.21 13.87 15.11 14.97 19.78 23.29 23.43 21.46 18.83 17.30 16.79 19.93 23.21 23.51 23.94 22.12 21.39 21.39 21.90 18.54 17.52 17.30 17.52 18.54 20.51 20.22 20.44 25.04 21.53 24.53 27.52 26.06 14.82 11.46 8.98 12.78 10.95 11.02 9.93 18.91 16.21 18.98 18.98 22.48 21.17 24.16 22.78 23.14 23.43 21.90 21.90 16.64 10.07 6.35 14.60 18.03 14.89 19.93
12.05 14.09 12.05 14.67 13.43 13.58 15.48 9.13 7.45 7.45 7.37 9.86 13.43 12.92 16.57 17.23 18.76 18.98 18.98 15.55 13.21 14.16 11.61 11.24 11.02 13.65 14.60 14.89 14.82 16.72 20.22 19.86 23.51 23.51 20.37 15.91 17.52 16.57 19.42 20.95 19.71 19.78 19.64 19.64 18.98 19.27 18.10 17.16 16.28 16.35 16.13 17.08 16.35 17.45 16.72 19.35 18.32 16.28 12.85 16.64 18.18 15.77 17.01 15.11 12.78 14.24 17.74 18.91 18.91 24.45 25.19 22.19 23.51 21.90 22.12 18.40 12.63 7.37 8.61 6.50 11.32 10.88 13.21 15.04
11.10 14.16 17.37 16.57 18.32 19.49 20.22 20.08 10.95 10.44 10.51 9.93 12.99 16.79 15.55 16.21 14.16 15.11 15.11 15.48 13.58 12.78 13.14 10.22 12.70 16.28 15.99 17.59 17.01 17.23 19.27 22.70 22.12 23.94 21.24 16.06 17.23 11.75 8.98 9.49 8.76 12.05 16.50 16.50 15.77 18.83 17.16 16.43 16.21 17.01 17.89 21.61 20.37 20.88 18.69 18.69 21.39 19.78 18.10 17.96 25.40 24.45 23.51 25.11 20.51 19.20 16.28 20.59 20.59 24.89 26.72 24.38 18.76 20.51 16.06 16.64 12.48 9.05 8.69 8.69 9.42 8.98 10.95 10.66
10.44 12.05 14.97 18.47 17.81 20.95 22.48 18.18 12.56 12.56 15.04 12.41 12.19 14.97 12.85 12.56 12.48 13.94 13.94 14.89 14.89 14.09 13.65 13.87 11.53 16.21 17.23 17.52 15.55 12.48 15.99 18.69 21.24 20.95 21.02 15.62 9.71 10.44 7.45 5.91 8.61 7.45 14.60 14.60 17.52 16.86 18.76 16.43 23.07 26.86 28.54 25.92 23.00 20.15 23.00 25.55 24.53 23.36 24.75 22.05 24.60 24.60 26.21 25.62 21.32 22.85 24.75 27.08 27.08 26.65 23.58 17.89 13.80 16.79 17.74 14.53 11.32 8.54 7.96 7.08 6.06 8.54 10.29 9.78
13.51 15.33 14.53 16.43 20.59 19.49 22.70 18.40 18.18 17.59 17.16 21.02 18.83 17.96 22.27 12.63 13.80 13.43 13.43 16.50 18.32 15.33 15.62 17.67 19.86 19.35 18.83 16.64 17.45 13.58 10.95 10.37 10.07 12.41 10.51 14.38 5.33 0.51 0.00 3.80 7.37 10.15 9.13 9.13 9.13 14.24 16.94 23.58 21.90 26.79 30.51 29.49 31.10 25.19 26.35 24.38 27.08 25.11 22.34 20.00 21.17 19.71 24.31 20.37 21.75 23.14 25.55 22.48 22.48 20.15 12.70 14.75 10.88 11.17 8.98 5.91 6.42 5.40 5.77 5.62 5.18 7.23 7.23 9.93
14.38 14.53 14.60 14.60 17.01 13.65 16.64 16.94 18.10 19.49 22.70 22.85 25.99 27.38 25.33 26.72 17.37 19.20 19.20 18.98 21.17 22.70 20.08 20.37 21.90 24.60 24.31 23.94 17.67 18.32 14.53 9.42 9.93 9.56 8.54 3.50 0.51 0.88 0.00 3.43 9.49 9.05 6.64 6.64 9.34 13.07 12.34 14.53 9.78 15.48 16.06 20.37 26.50 28.91 23.73 25.99 19.86 16.72 17.96 15.91 18.18 18.40 18.18 19.78 18.83 21.10 21.17 21.32 21.32 18.25 16.86 13.21 10.80 8.91 6.86 6.13 8.98 7.23 6.64 6.20 5.77 5.84 4.96 6.35
14.38 14.53 14.60 14.60 17.01 13.65 16.64 16.94 18.10 19.49 22.70 22.85 25.99 27.38 25.33 26.72 17.37 19.20 19.20 18.98 21.17 22.70 20.08 20.37 21.90 24.60 24.31 23.94 17.67 18.32 14.53 9.42 9.93 9.56 8.54 3.50 0.51 0.88 0.00 3.43 9.49 9.05 6.64 6.64 9.34 13.07 12.34 14.53 9.78 15.48 16.06 20.37 26.50 28.91 23.73 25.99 19.86 16.72 17.96 15.91 18.18 18.40 18.18 19.78 18.83 21.10 21.17 21.32 21.32 18.25 16.86 13.21 10.80 8.91 6.86 6.13 8.98 7.23 6.64 6.20 5.77 5.84 4.96 6.35
14.31 13.65 12.48 12.41 11.75 12.34 19.05 21.39 19.78 26.65 24.75 25.26 25.55 23.51 27.30 25.33 25.33 22.34 22.34 21.97 21.97 22.56 23.36 22.27 22.05 24.09 23.51 23.94 22.12 18.61 12.26 10.22 6.94 5.18 5.69 2.56 0.00 0.00 0.00 0.00 5.62 1.90 0.80 0.80 2.85 0.66 0.00 3.94 3.14 7.23 11.46 4.16 10.59 17.30 8.40 9.78 13.58 14.82 11.02 13.43 17.74 16.94 17.30 19.13 21.17 21.39 20.00 20.15 20.15 19.78 20.37 18.03 13.58 11.10 11.02 13.21 8.54 7.59 6.42 7.52 6.50 4.23 4.96 4.45
13.94 14.02 15.40 14.89 22.12 23.07 21.10 31.10 30.81 28.69 29.93 24.53 22.56 22.41 24.38 23.00 23.29 22.78 22.78 24.67 23.51 24.75 24.24 26.07 24.06 25.65 23.30 22.27 21.17 21.68 16.28 11.53 6.79 7.45 2.85 0.73 0.51 0.44 1.39 0.88 0.88 1.02 1.17 1.17 0.00 0.00 0.00 0.00 0.00 0.00 0.00 2.56 0.00 2.19 3.94 5.18 3.36 5.69 6.94 9.49 11.83 15.99 15.55 17.89 20.44 20.66 18.25 19.35 19.35 21.90 21.83 19.64 18.83 14.67 9.93 11.68 8.40 6.57 8.25 8.47 9.20 7.74 4.96 3.58
19.56 18.54 18.83 19.13 24.09 26.79 30.37 29.13 32.49 26.57 18.40 19.35 20.73 14.24 14.67 17.74 22.63 24.82 24.82 23.80 23.00 26.94 26.35 28.35 30.15 26.22 27.87 23.78 24.82 21.83 22.92 17.74 10.07 5.33 6.57 2.04 1.46 1.83 1.61 1.97 0.95 0.29 0.37 0.37 0.07 0.00 0.00 0.00 0.00 0.00 0.00 0.00 0.00 0.00 1.46 3.29 3.29 5.84 9.49 14.38 14.31 16.79 16.06 16.57 18.47 17.52 16.94 16.79 16.79 19.93 18.32 20.15 16.06 11.97 10.00 14.60 11.46 11.39 11.46 10.15 12.63 9.34 3.94 6.86
20.59 20.73 20.51 22.63 22.56 21.53 26.28 24.02 23.87 23.21 13.65 9.56 9.49 9.56 5.99 8.32 16.13 19.35 19.35 15.55 8.98 10.08 22.28 23.33 23.00 25.27 26.50 28.09 28.45 28.38 26.57 24.53 17.89 12.41 18.18 15.55 6.28 3.58 4.23 1.68 0.80 1.10 0.00 0.00 0.00 0.00 0.00 0.00 0.00 0.00 0.00 0.00 0.00 0.00 0.00 2.04 4.60 4.96 15.55 11.10 16.21 18.18 24.60 21.90 19.49 20.44 22.63 24.89 24.89 24.31 20.15 19.71 19.20 17.67 18.61 16.86 15.18 12.56 13.29 12.56 9.49 11.61 7.74 11.32
20.44 20.37 19.93 19.20 20.51 20.22 20.22 20.51 14.97 15.91 9.78 9.20 7.96 4.16 4.45 5.55 9.56 11.10 11.10 9.48 3.76 0.00 0.00 0.00 4.08 21.17 20.70 28.09 29.75 28.83 28.69 26.86 25.62 24.89 25.19 23.00 16.72 6.57 8.32 3.07 0.80 0.07 0.07 0.07 0.00 0.00 0.00 0.00 0.00 0.00 0.00 0.00 0.00 0.00 0.00 0.00 1.24 3.29 3.07 10.66 14.89 19.05 24.16 26.28 25.33 30.37 29.71 27.01 27.01 23.94 24.82 20.66 18.18 17.96 18.32 18.69 16.13 16.35 16.06 15.40 15.04 15.26 15.70 14.89
20.44 20.37 19.93 19.20 20.51 20.22 20.22 20.51 14.97 15.91 9.78 9.20 7.96 4.16 4.45 5.55 9.56 11.10 11.15 9.79 3.82 0.00 0.00 0.00 4.02 21.17 20.08 26.10 27.80 29.27 28.98 27.98 28.79 26.34 25.83 23.00 16.72 6.57 8.32 3.07 0.80 0.07 0.07 0.07 0.00 0.00 0.00 0.00 0.00 0.00 0.00 0.00 0.00 0.00 0.00 0.00 1.24 3.29 3.07 10.66 14.89 19.05 24.16 26.28 25.33 30.37 29.71 27.01 27.01 23.94 24.82 20.66 18.18 17.96 18.32 18.69 16.13 16.35 16.06 15.40 15.04 15.26 15.70 14.89
20.08 19.56 18.10 18.10 18.91 17.23 16.94 19.71 16.13 14.82 12.41 12.12 10.59 7.23 7.45 6.42 13.07 16.21 16.21 16.50 6.13 0.00 0.00 0.00 0.00 0.00 3.69 15.85 20.29 26.41 27.28 28.52 29.28 31.08 27.85 28.14 24.26 13.58 5.99 8.98 2.63 0.07 0.95 0.95 0.00 0.00 0.00 0.00 0.00 0.00 0.00 0.00 0.00 0.00 0.00 0.00 0.00 1.46 3.58 7.37 14.53 11.75 20.29 26.79 24.82 30.81 29.42 25.48 25.48 22.63 23.51 17.08 17.01 17.81 19.05 18.61 17.16 17.67 17.01 13.14 12.92 14.24 15.11 16.50
19.71 20.00 16.43 16.86 15.84 12.99 11.90 14.67 14.60 14.53 13.51 11.39 12.19 7.52 9.56 16.72 15.11 18.10 18.10 11.81 6.13 4.70 0.00 0.00 0.00 0.00 0.00 0.00 8.04 6.71 23.43 17.01 19.05 27.18 31.89 30.62 30.46 23.70 25.84 18.61 9.27 2.99 0.37 0.37 1.02 0.00 0.37 0.73 1.83 1.10 0.00 0.00 0.00 0.00 0.00 0.00 0.00 0.00 0.00 0.00 4.53 0.00 12.70 21.97 19.05 29.35 27.16 25.19 25.19 22.19 21.61 16.06 16.06 12.92 14.75 13.36 11.97 9.93 10.22 10.22 10.66 11.97 13.58 15.26
20.73 20.08 23.36 19.56 19.35 19.78 13.36 16.06 15.70 15.62 14.38 11.53 6.64 7.01 8.18 13.51 16.35 16.86 16.86 12.34 6.35 4.02 4.60 0.00 0.00 0.00 0.00 0.00 5.25 8.07 13.14 12.78 14.38 18.83 23.97 24.61 32.25 28.84 22.92 19.20 20.15 13.51 13.07 13.07 2.48 0.07 0.00 0.15 0.29 0.37 0.37 0.44 0.00 0.00 0.00 0.00 0.00 0.00 0.00 0.00 0.00 0.00 7.74 19.05 17.96 23.43 22.63 23.65 23.65 18.40 20.22 20.51 7.59 7.96 9.78 9.20 7.37 10.29 11.17 12.92 14.24 14.31 14.16 13.72
21.02 22.19 20.66 24.02 20.88 15.84 16.72 15.55 12.92 15.04 15.40 14.38 8.98 9.78 12.92 12.34 8.40 7.74 7.74 5.40 5.62 3.94 2.99 3.58 0.00 0.00 0.00 3.45 2.56 4.96 7.59 8.76 8.47 9.64 15.40 25.48 23.72 30.86 30.02 27.80 23.73 16.50 6.42 6.42 8.54 2.92 4.53 0.95 0.22 1.17 0.58 0.00 0.51 0.00 0.00 0.00 0.00 0.00 0.00 4.23 3.58 0.00 3.72 4.53 11.02 14.75 7.66 12.05 12.05 9.34 3.14 3.65 3.36 2.92 5.84 7.59 7.01 9.49 10.37 11.46 14.09 8.47 9.05 13.36
11.24 16.13 15.99 16.06 20.59 15.26 12.26 10.29 10.54 10.15 14.97 15.11 15.18 12.78 11.46 5.26 5.69 0.37 0.37 3.65 3.65 3.72 4.09 6.79 6.06 6.64 2.92 0.00 0.00 0.00 2.34 4.02 0.00 0.00 2.70 1.46 10.66 16.57 19.05 25.23 25.38 21.90 16.64 16.64 15.33 8.25 3.72 8.91 2.85 3.72 2.12 0.58 0.00 0.00 0.00 1.83 0.00 4.45 5.48 5.40 5.48 1.46 1.53 1.24 3.72 7.30 2.56 4.60 4.60 7.45 0.00 1.75 0.00 2.19 2.85 6.20 4.96 7.74 8.18 7.81 9.42 5.04 5.62 5.04
14.97 12.41 12.63 9.93 15.55 15.18 18.61 13.51 12.20 13.94 10.59 12.12 8.03 8.98 10.07 1.75 0.00 0.00 0.00 0.00 0.00 5.62 5.18 7.59 7.88 3.50 0.00 0.00 0.00 0.00 0.00 0.00 0.00 0.00 0.00 4.45 3.07 9.22 12.70 18.76 10.32 11.83 16.06 16.06 15.40 14.38 14.82 14.02 11.10 13.36 4.89 1.53 1.53 0.00 2.04 0.00 0.00 0.00 2.63 0.00 2.70 3.43 2.19 2.41 0.00 0.00 0.00 0.00 0.00 0.00 0.00 0.00 0.00 0.00 1.97 3.36 0.73 2.56 2.92 0.51 3.07 2.56 4.02 3.58
14.97 12.41 12.63 9.93 15.55 15.18 18.61 13.51 11.90 13.94 10.59 12.12 8.03 8.98 10.07 1.75 0.00 0.00 0.00 0.00 0.00 5.62 5.18 7.59 7.88 3.50 0.00 0.00 0.00 0.00 0.00 0.00 0.00 0.00 0.00 4.48 3.07 9.17 12.83 18.76 10.22 11.83 16.06 16.06 15.40 14.38 14.82 14.02 11.10 13.36 4.89 1.53 1.53 0.00 2.04 0.00 0.00 0.00 2.63 0.00 2.70 3.43 2.19 2.41 0.00 0.00 0.00 0.00 0.00 0.00 0.00 0.00 0.00 0.00 1.97 3.36 0.73 2.56 2.92 0.51 3.07 2.56 4.02 3.58
19.78 20.22 12.56 10.00 13.29 18.69 16.50 19.57 15.04 7.23 8.25 7.74 5.84 1.97 0.00 0.66 0.00 0.00 0.00 0.00 0.00 1.46 6.28 9.05 8.98 8.03 3.21 0.73 1.10 0.00 0.00 0.00 0.00 0.00 0.00 0.00 3.80 1.75 2.64 5.26 4.96 5.84 7.59 7.59 5.48 11.32 13.72 10.29 17.52 15.04 11.61 3.43 3.21 1.39 0.00 2.63 0.00 0.00 0.00 2.48 3.50 3.65 3.87 3.29 1.46 0.00 0.00 0.00 0.00 0.00 0.00 0.00 0.00 0.00 0.00 0.00 0.00 0.00 0.00 0.00 0.80 0.66 2.34 2.77
