Wansh/Snow_depth/snowdepth-1995/spring/1995075.txt
ncols 321
nrows 161
xllcenter 60
yllcenter 15 
cellsize  0.25 
NODATA_value -1
[rows 74 to 110 of 161, columns 84 to 167 of 321]
0.00 0.00 0.00 0.00 2.56 2.34 1.90 1.46 2.56 2.70 2.19 3.43 4.23 3.36 3.07 3.36 2.92 0.00 0.00 0.00 0.00 0.00 0.00 0.00 0.00 0.00 2.92 0.00 0.00 0.00 0.00 0.00 0.00 0.00 0.00 0.00 0.00 0.00 0.00 0.00 0.00 0.00 0.58 0.58 0.66 0.00 0.66 1.24 0.88 1.31 1.24 0.00 0.00 0.00 0.00 2.12 1.61 2.19 1.68 2.19 1.17 0.00 0.00 0.00 0.00 0.88 0.00 0.00 0.00 5.58 8.07 4.89 1.17 0.00 0.00 0.00 0.00 0.00 0.00 0.00 0.15 0.88 0.22 0.37
0.73 0.00 2.26 1.68 3.72 2.63 2.92 4.02 4.45 0.00 3.65 3.72 3.65 4.16 4.23 3.43 0.00 1.75 1.75 0.00 2.70 0.00 0.00 0.00 3.72 3.80 3.58 0.00 0.00 0.00 0.00 0.00 0.00 0.00 0.00 0.00 0.00 0.00 0.00 0.00 0.00 0.00 0.58 0.58 0.66 0.66 0.58 0.80 1.68 1.31 0.80 0.58 0.80 1.83 1.46 1.61 1.46 2.04 2.04 2.19 1.24 1.46 1.53 0.88 1.31 1.83 1.02 0.00 0.00 4.18 8.25 7.23 2.85 0.00 0.00 0.00 0.00 0.00 0.00 0.00 0.00 0.00 0.37 0.00
1.39 1.83 2.77 3.21 2.56 3.21 0.00 4.16 3.65 3.80 4.60 4.89 4.60 6.06 5.18 4.60 2.48 0.00 0.00 3.14 0.00 3.07 2.70 3.72 0.00 3.94 3.80 3.72 3.21 0.00 0.00 0.00 0.00 0.00 0.00 0.00 0.00 0.00 0.00 0.00 0.00 0.00 1.31 1.31 0.00 0.00 1.68 1.46 0.66 0.00 0.00 0.51 0.66 1.17 0.80 1.39 1.97 1.61 1.83 1.75 1.02 1.39 0.66 1.46 1.75 1.61 2.41 4.16 4.16 6.20 5.84 6.86 4.89 2.19 0.51 0.00 0.00 0.00 0.00 0.00 0.00 0.00 0.15 0.00
0.00 1.61 2.04 3.29 2.19 3.43 0.00 3.72 3.94 4.02 4.89 5.84 5.91 5.77 5.77 5.55 3.94 3.94 3.94 0.00 2.77 0.00 3.50 3.43 3.50 3.72 3.87 2.92 0.00 0.00 0.00 0.00 0.00 0.00 0.00 0.00 0.00 0.00 0.00 0.00 0.00 0.00 0.00 0.00 1.53 0.00 0.00 0.00 0.00 0.00 0.00 0.00 0.00 0.00 0.51 1.02 1.61 1.31 1.10 0.88 1.83 1.39 0.73 1.61 0.73 1.24 2.99 3.29 3.29 3.94 3.94 3.29 2.48 1.10 1.46 0.00 0.00 0.00 0.00 0.00 0.00 0.00 0.00 0.00
0.00 0.00 2.04 1.24 1.83 0.00 0.00 2.48 3.43 5.04 5.99 5.69 5.26 5.33 4.67 5.91 4.82 4.74 4.74 3.87 3.21 4.45 3.72 3.87 3.50 3.50 3.43 0.00 0.00 0.00 0.00 0.00 0.00 0.00 0.00 0.00 0.00 0.00 0.00 0.00 0.00 0.00 0.00 0.00 0.00 0.00 0.00 0.00 0.00 0.00 0.00 0.00 0.00 0.00 0.00 0.00 0.00 0.00 0.00 0.00 1.90 3.07 2.34 2.48 1.46 1.31 1.97 2.48 2.48 3.36 2.77 2.19 2.19 2.12 0.37 0.22 0.00 0.00 0.00 0.00 0.00 0.00 0.66 0.59
0.00 0.00 0.00 0.00 0.00 0.00 2.70 3.36 4.31 4.89 4.74 5.11 4.45 4.60 4.09 5.40 4.96 4.74 4.74 4.53 5.04 3.80 3.87 3.50 3.50 3.07 0.00 0.00 0.00 0.00 0.00 0.00 0.00 0.00 0.00 0.00 0.00 0.00 0.00 0.00 0.00 0.00 0.00 0.00 0.00 0.00 0.00 0.00 0.00 0.00 0.00 0.00 0.00 0.00 0.00 0.00 0.00 0.00 0.00 0.00 2.12 2.04 0.00 0.00 0.00 0.00 0.00 0.00 0.00 1.61 2.19 1.39 2.04 2.48 1.76 0.73 1.39 0.80 0.15 0.00 0.00 0.00 0.00 0.29
0.00 0.00 0.00 0.00 0.00 0.00 3.14 4.31 0.00 4.31 4.60 4.16 4.60 4.67 3.58 4.02 4.53 3.72 3.72 3.80 0.00 0.00 3.29 3.50 2.77 3.50 3.14 3.14 0.00 0.00 0.00 0.00 0.00 0.00 0.00 0.00 0.00 0.00 0.00 0.00 0.00 0.00 0.00 0.00 0.00 0.00 0.00 0.00 0.00 0.00 0.00 0.00 0.00 0.00 0.00 0.00 0.00 0.00 0.00 0.00 2.34 2.12 0.00 0.00 0.00 0.00 0.00 0.00 0.00 0.29 0.00 0.00 0.00 3.07 2.41 2.20 1.12 1.99 0.88 1.02 0.37 0.00 0.00 2.56
0.00 0.00 0.00 0.00 0.00 0.00 0.00 0.00 0.00 0.00 3.80 4.53 4.45 3.87 3.36 3.58 3.14 0.00 0.00 0.00 0.00 0.00 3.07 2.12 0.00 3.14 0.00 1.75 2.04 0.00 0.00 0.00 0.00 0.00 0.00 0.00 0.00 0.00 0.00 0.00 0.00 0.00 0.00 0.00 0.00 0.00 0.00 0.00 0.00 0.00 0.00 0.00 0.00 0.00 0.00 0.29 0.88 1.83 2.04 2.19 2.92 2.70 2.26 2.34 0.00 0.00 0.00 0.00 0.00 0.00 0.00 0.00 4.74 5.40 5.91 3.96 3.54 2.14 2.04 4.49 2.86 0.00 0.00 1.17
2.63 0.00 0.00 0.00 0.00 0.00 0.00 0.00 2.92 0.00 4.16 4.82 4.67 0.00 3.87 0.00 0.00 0.00 0.00 0.00 0.00 0.00 0.00 2.56 2.48 2.77 0.00 0.00 0.00 0.00 0.00 0.00 0.00 0.00 0.00 0.00 0.00 0.00 0.00 0.00 0.00 0.00 0.00 0.00 0.00 0.00 0.00 0.00 0.00 0.00 0.00 0.00 0.00 0.07 0.07 0.37 1.17 0.44 1.17 2.04 2.56 2.12 2.04 1.53 1.10 0.29 0.00 0.00 0.00 0.00 0.00 0.00 0.00 6.42 7.96 5.91 4.82 4.53 3.58 5.50 4.82 3.36 2.92 2.12
2.41 2.04 0.00 2.19 0.00 0.00 0.00 3.21 2.92 3.43 3.94 4.31 0.00 3.65 4.02 4.60 0.00 0.00 0.00 0.00 0.00 0.00 2.70 0.00 2.56 3.65 0.00 0.00 0.00 0.00 0.00 0.00 0.00 0.00 0.00 0.00 0.00 0.00 0.00 0.00 0.00 0.00 0.00 0.00 0.00 0.00 0.00 0.00 0.00 0.00 0.00 0.00 0.22 0.73 1.68 1.68 2.26 0.29 0.58 0.80 2.12 2.41 2.34 2.77 2.48 2.19 3.21 3.21 3.21 2.70 0.00 2.99 0.00 5.99 6.79 7.74 6.79 6.42 7.01 6.13 6.79 5.69 3.94 3.65
2.70 0.00 1.83 2.41 0.00 0.00 0.00 3.58 3.21 0.00 3.65 0.00 3.43 3.58 4.23 3.94 0.00 0.00 0.00 0.00 0.00 0.00 4.53 3.80 3.29 3.58 3.14 0.00 0.00 0.00 0.00 0.00 0.00 0.00 0.00 0.00 0.00 0.00 0.00 0.00 0.00 0.00 0.00 0.00 0.00 0.00 0.00 0.00 0.00 0.00 0.00 0.00 0.00 1.61 2.85 3.29 2.99 1.10 0.95 1.31 1.90 2.34 2.63 2.26 2.34 2.70 3.29 4.09 4.09 4.09 6.42 6.35 6.20 7.23 7.52 8.03 8.25 9.49 8.25 7.74 6.94 7.52 5.69 4.23
2.56 2.19 1.10 0.00 2.12 0.00 0.00 2.99 4.53 3.50 3.94 4.09 3.36 3.50 3.94 4.09 4.02 3.87 3.87 0.00 4.38 4.23 4.89 5.11 4.38 3.07 3.21 2.56 0.00 0.00 0.00 0.00 0.00 0.00 0.00 0.00 0.00 0.00 0.00 0.00 0.00 0.00 0.00 0.00 0.00 0.00 0.00 0.00 0.00 0.66 0.37 0.44 0.00 1.53 3.36 4.23 3.87 1.24 1.24 2.41 2.27 2.53 2.56 2.85 3.43 3.43 3.58 4.16 4.16 4.45 7.08 7.96 7.01 6.94 7.30 7.45 8.54 8.18 8.83 7.37 7.01 8.54 8.69 4.16
1.53 1.61 2.70 2.56 2.77 2.63 0.00 3.87 4.16 4.31 3.80 4.09 3.21 3.36 0.00 3.14 3.29 3.87 3.87 3.80 4.38 4.74 4.16 0.00 0.00 0.00 0.00 0.00 0.00 0.00 0.00 0.00 0.00 0.00 0.00 0.00 0.00 0.00 0.00 0.00 0.00 0.00 0.00 0.00 0.66 0.29 0.51 1.24 0.22 0.58 0.07 0.88 0.44 1.83 3.94 3.50 6.13 6.86 6.94 6.13 3.50 1.46 1.56 2.04 3.36 5.55 4.96 3.21 3.21 4.60 8.03 10.88 9.05 6.64 7.30 5.99 5.04 6.50 8.98 9.64 10.80 9.86 9.64 7.74
2.19 1.97 3.29 0.00 0.00 4.02 4.31 4.16 3.29 0.00 3.29 0.00 3.29 3.65 3.58 3.07 3.43 3.58 3.58 4.67 3.80 4.60 3.80 0.00 0.00 0.00 2.77 0.00 0.00 0.00 0.00 0.00 0.00 0.00 0.00 0.00 0.00 0.00 2.63 0.00 2.04 1.17 0.00 0.00 0.44 0.66 0.80 1.10 0.88 0.88 0.00 0.44 1.17 0.88 3.21 6.20 7.23 8.83 8.83 7.96 6.13 2.34 1.53 2.85 4.67 6.72 8.76 6.57 6.57 4.31 5.33 9.56 10.59 8.03 5.62 7.37 6.35 6.64 7.88 8.76 10.15 9.71 9.71 7.59
2.77 2.26 0.00 0.00 0.00 0.00 3.50 3.65 0.00 0.00 0.00 0.00 3.50 3.29 3.43 3.94 3.14 3.87 3.87 3.36 3.14 3.14 3.65 2.56 0.00 2.41 3.14 0.00 0.00 0.00 0.00 0.00 0.00 0.00 0.00 0.00 0.00 0.00 0.00 0.00 0.00 0.00 1.31 1.31 1.46 1.24 0.88 1.02 1.39 1.53 0.00 1.46 3.29 1.61 3.21 5.11 5.99 7.66 8.40 6.13 2.77 3.43 5.91 5.48 7.59 9.35 10.07 11.10 11.10 8.03 4.74 6.42 9.56 11.17 8.54 8.40 7.96 6.72 9.56 9.56 8.10 9.42 9.27 6.42
3.43 2.48 0.00 0.00 0.00 0.00 0.00 0.00 0.00 0.00 0.00 0.00 2.92 4.02 3.58 3.14 3.14 3.21 3.21 3.29 3.14 3.07 2.63 3.21 3.07 3.07 0.00 0.00 0.00 0.00 0.00 0.00 0.00 2.19 0.00 0.00 0.00 0.00 0.00 0.00 0.00 0.00 1.46 1.46 0.15 1.46 1.53 1.97 1.61 1.46 1.46 2.48 5.69 3.65 5.69 5.69 7.52 5.18 5.04 3.83 2.41 3.58 7.37 10.07 11.12 10.91 11.45 9.34 9.34 5.69 6.35 4.96 7.08 9.42 9.27 8.32 9.27 8.40 9.34 9.10 9.17 7.45 7.41 6.16
3.58 2.56 0.00 1.61 0.00 0.00 0.00 1.46 0.00 1.39 0.00 0.00 0.00 0.00 4.09 0.00 0.00 0.00 0.00 3.07 0.00 0.00 2.48 3.21 2.92 0.00 0.00 0.00 0.00 0.00 0.00 0.00 0.00 0.00 0.00 0.00 0.00 0.00 0.00 0.00 0.00 0.00 0.00 0.00 0.07 1.53 0.80 2.04 1.46 2.48 4.45 7.74 11.10 9.86 9.93 9.56 11.10 5.18 4.02 2.99 2.78 3.14 5.90 8.18 10.37 10.88 10.69 10.00 9.68 7.19 6.94 7.30 8.03 7.96 8.69 8.32 8.10 7.01 8.64 8.41 7.67 8.38 8.88 8.02
1.90 2.56 2.34 1.75 1.75 0.00 1.53 0.80 1.02 0.00 0.00 0.00 0.00 0.00 0.00 0.00 0.00 0.00 0.00 0.00 0.00 0.00 0.00 0.00 0.00 0.00 0.00 0.00 0.00 0.00 0.00 0.00 0.00 0.00 0.00 0.00 0.00 0.00 0.00 0.00 0.00 0.00 0.00 0.00 0.00 1.02 1.02 0.73 1.31 3.07 5.62 8.47 10.95 12.12 13.21 13.72 14.16 8.76 7.01 4.87 3.43 3.50 4.25 5.25 6.77 9.09 8.40 6.79 6.82 6.27 6.24 7.52 7.59 7.96 7.78 7.66 7.15 7.66 8.29 8.87 8.50 7.74 9.08 7.47
2.04 1.75 1.75 1.97 1.83 1.68 1.61 2.12 0.95 0.00 0.00 0.00 1.02 0.00 0.00 0.00 0.00 0.00 0.00 0.00 0.00 0.00 0.00 0.00 0.00 0.00 0.00 0.00 0.00 0.00 0.00 0.00 0.00 0.00 0.00 0.00 0.00 0.00 0.00 0.00 0.00 0.00 0.00 0.00 0.00 0.07 0.58 1.24 1.17 2.85 5.40 6.35 9.56 13.51 14.60 15.11 16.50 12.26 8.54 5.77 4.72 3.90 3.94 3.36 3.48 6.43 7.34 5.33 5.33 4.20 4.19 6.42 8.22 8.97 8.22 8.18 9.49 7.49 8.20 6.03 7.97 9.11 9.34 8.21
1.97 1.83 1.90 1.53 1.83 2.12 0.00 0.00 0.00 0.00 0.00 0.80 0.00 0.00 0.00 0.00 0.00 0.58 0.58 0.00 0.00 0.00 0.00 0.00 0.00 0.00 0.00 0.00 0.00 0.00 0.00 0.00 0.00 0.00 0.00 0.00 0.00 0.00 0.00 0.00 0.00 0.00 0.07 0.07 0.15 0.51 0.44 1.53 1.46 2.63 5.11 5.55 7.66 12.12 13.94 14.38 15.50 16.35 12.99 10.66 7.88 5.32 3.80 2.54 5.86 5.77 3.89 2.92 2.92 3.10 3.16 4.69 6.45 8.44 8.97 9.76 8.61 7.56 7.46 6.62 7.11 9.85 10.88 10.88
2.70 1.68 1.75 2.63 1.68 2.26 1.24 0.00 0.00 0.00 0.00 0.00 0.00 1.68 0.00 0.58 0.66 0.00 0.00 0.00 0.00 0.00 0.00 0.00 0.00 0.00 0.00 0.00 0.00 0.00 0.00 0.00 0.00 0.00 0.00 0.00 0.00 0.00 0.00 0.00 0.00 0.00 0.00 0.00 0.22 0.95 1.61 1.10 4.23 5.48 5.26 8.91 7.52 10.76 12.61 12.52 13.85 16.21 15.99 13.07 9.78 6.02 3.23 2.18 3.53 5.49 4.71 2.41 2.42 2.87 3.63 1.78 3.95 7.79 9.27 8.83 8.12 8.47 5.00 5.05 4.76 8.40 9.79 9.49
5.33 4.09 2.77 2.99 2.85 1.61 2.41 1.53 1.53 0.00 0.00 0.00 0.00 0.00 0.00 0.00 0.00 0.00 0.00 0.00 0.00 0.00 0.00 0.00 0.00 0.00 0.00 0.00 0.00 0.00 0.00 0.00 0.00 0.00 0.00 0.00 0.00 0.00 0.00 0.00 0.00 0.00 0.00 0.00 0.00 0.07 1.75 3.07 6.35 6.79 7.45 10.29 10.66 11.54 12.26 10.08 9.20 13.95 13.27 11.58 10.12 6.75 3.71 2.25 1.43 2.24 4.64 3.23 3.23 1.84 3.17 1.14 1.16 2.94 5.80 7.04 6.56 4.23 5.84 5.16 7.34 7.79 10.64 6.78
6.35 7.01 3.29 2.99 2.63 2.63 2.99 2.19 2.41 1.97 2.92 0.00 0.00 0.00 0.00 0.00 0.00 0.00 0.00 0.00 0.00 0.00 0.00 0.00 0.00 0.00 0.00 0.00 0.00 0.00 0.00 0.00 0.00 0.00 0.00 0.00 0.00 0.00 0.00 0.00 0.00 0.00 4.82 4.82 0.58 3.07 1.31 3.72 9.78 10.66 10.73 11.61 10.66 11.52 9.91 8.27 7.26 7.34 9.39 7.54 6.16 4.64 2.86 3.09 0.98 0.99 2.51 3.26 3.21 1.70 0.96 1.35 2.90 4.03 5.69 5.72 6.08 5.63 3.40 3.98 4.29 4.21 9.13 7.91
8.54 4.74 0.00 0.00 3.21 4.38 4.67 3.14 5.18 3.07 2.26 1.61 0.00 0.58 0.00 0.00 0.00 0.00 0.00 0.00 0.00 0.00 0.00 0.00 0.00 0.00 0.00 0.00 0.00 0.00 0.00 0.00 0.00 0.00 0.00 0.80 0.00 0.00 0.00 4.31 0.00 6.64 7.30 7.30 3.29 7.08 5.40 7.66 12.56 12.65 12.57 12.08 11.54 12.19 9.66 7.12 6.79 6.28 6.06 4.89 4.99 4.92 3.90 2.19 1.56 1.83 2.00 0.98 0.95 0.44 0.37 1.15 2.92 4.89 5.94 5.48 4.66 2.18 3.95 2.23 3.30 6.04 5.26 6.11
7.88 5.18 5.84 6.86 7.96 10.15 11.61 9.78 12.12 9.56 0.00 0.00 1.17 1.10 1.10 1.24 1.17 1.61 1.61 0.00 0.95 1.02 1.02 0.73 1.39 0.44 0.00 0.88 0.15 0.66 0.58 0.44 0.37 0.88 0.44 0.44 0.95 0.00 0.00 3.43 5.04 2.56 7.81 7.81 9.13 8.10 11.83 12.85 11.90 13.43 12.12 10.15 9.79 8.27 5.67 4.20 4.69 6.08 6.15 6.53 8.14 7.64 6.36 7.00 5.69 2.71 2.84 1.20 1.18 0.00 0.00 0.00 1.10 5.90 8.46 6.50 5.07 2.89 0.00 1.11 0.90 1.68 3.87 3.94
8.03 6.35 7.01 6.86 8.83 7.96 11.10 12.12 10.51 5.91 0.00 2.26 2.48 1.46 1.17 1.97 1.53 1.61 1.61 1.83 0.95 0.58 1.10 0.88 1.39 0.44 0.80 0.00 0.22 0.80 0.51 0.00 0.58 0.29 0.95 0.80 1.24 1.97 0.95 0.07 2.34 1.02 3.65 3.65 4.53 4.02 10.51 8.83 13.02 12.09 10.54 8.87 8.00 7.49 8.37 6.12 4.51 4.74 6.78 8.81 8.63 9.23 7.87 4.74 5.40 3.21 3.52 1.78 1.75 0.00 0.00 1.36 1.23 5.32 9.16 9.42 2.65 0.60 0.00 0.00 0.00 0.00 0.60 1.44
6.42 6.57 5.69 6.94 5.11 9.86 10.37 9.78 10.51 5.91 0.00 0.00 0.00 2.04 1.61 1.53 2.41 1.90 1.90 1.31 1.10 1.10 1.68 1.31 1.39 0.00 0.00 0.00 0.00 0.51 0.15 0.00 0.00 0.15 0.00 0.66 0.66 0.73 0.80 0.00 0.00 0.00 2.26 2.26 1.61 5.48 5.26 5.31 11.52 11.71 11.65 11.81 9.37 7.90 8.89 8.26 5.66 5.80 6.06 8.24 9.89 11.25 9.64 4.74 3.14 3.65 3.43 3.23 3.59 0.64 0.00 0.26 0.98 2.43 5.84 5.68 3.87 1.39 0.07 0.00 0.00 0.00 3.82 4.34
0.00 2.77 4.09 4.67 5.04 5.18 9.27 8.44 8.10 6.13 0.00 0.00 0.00 0.00 0.00 2.48 2.19 1.53 1.53 1.90 1.61 1.68 1.75 1.83 1.53 0.00 0.00 0.00 0.00 0.22 0.00 0.00 0.00 0.00 0.00 0.22 0.00 0.00 0.00 0.00 0.00 0.00 0.00 0.00 0.00 2.48 3.72 3.01 10.88 11.66 12.17 11.29 11.25 11.29 8.44 8.12 4.98 6.07 4.65 6.64 8.24 10.08 9.54 7.52 5.33 3.86 3.37 4.24 4.08 2.74 0.00 0.00 0.66 4.23 7.11 3.37 3.34 0.69 0.85 0.00 0.00 1.50 0.40 3.63
0.00 0.00 0.00 0.00 2.92 6.94 5.77 6.28 7.88 6.94 4.74 3.80 4.60 0.00 0.00 0.00 1.46 1.75 1.75 2.19 1.90 1.97 1.02 1.17 0.00 0.00 0.00 0.07 0.51 0.00 0.00 0.00 0.00 0.00 0.00 0.00 0.00 0.00 0.00 0.00 0.00 0.00 0.00 0.00 0.00 0.44 3.29 6.13 10.29 11.32 10.75 11.08 9.29 7.99 6.97 6.57 4.84 5.08 4.30 7.48 6.58 7.88 9.09 9.60 8.51 6.55 5.09 4.37 4.40 1.79 0.00 0.48 0.00 1.48 3.43 2.70 2.68 0.73 0.00 0.00 0.90 0.65 5.14 5.60
0.00 0.00 0.00 0.00 0.00 5.11 7.30 5.99 7.15 5.77 5.18 5.26 5.18 4.31 0.00 0.00 0.00 1.90 1.90 0.00 0.00 0.73 0.88 0.00 0.00 0.00 0.00 0.00 0.00 0.00 0.00 0.00 0.00 0.00 0.00 0.00 0.00 0.00 0.00 0.00 0.00 0.00 0.00 0.00 0.00 0.15 2.20 3.07 8.60 9.48 11.43 12.68 10.40 7.54 4.76 0.00 0.00 6.46 8.95 8.08 8.72 9.13 8.71 9.03 8.61 10.02 8.14 3.69 4.32 4.68 2.83 4.12 0.90 0.00 0.00 0.75 0.00 0.66 0.00 0.00 0.00 3.84 5.76 5.81
0.00 0.00 0.00 0.00 0.00 5.62 4.82 6.35 6.28 6.57 5.55 5.33 5.77 2.70 4.31 4.31 0.00 3.29 3.29 0.00 0.58 0.73 0.00 0.00 0.00 0.00 0.00 0.00 0.00 0.00 0.00 0.00 0.00 0.00 0.00 0.00 0.00 0.00 0.00 0.00 0.00 0.00 0.00 0.00 0.00 0.00 0.00 0.46 5.54 7.82 9.41 11.41 7.50 5.32 0.00 0.00 0.00 0.00 7.18 8.92 9.81 8.66 8.82 10.93 9.02 10.12 13.05 7.05 7.90 6.31 6.10 3.86 3.61 0.80 0.00 0.00 0.58 0.58 0.00 0.00 0.00 1.30 4.64 3.94
0.00 0.00 0.00 0.00 0.00 0.00 0.00 5.62 6.35 5.99 5.69 5.18 6.64 4.67 5.33 6.97 7.96 5.40 5.40 0.00 0.00 1.75 0.44 0.00 0.00 0.00 0.07 0.00 0.00 0.00 0.00 0.00 0.00 0.00 0.00 0.00 0.00 0.00 0.00 0.00 0.00 0.00 0.00 0.00 0.00 0.00 0.00 0.60 1.38 6.81 9.06 10.12 8.94 3.81 0.00 0.00 0.00 0.00 0.00 0.00 7.82 11.04 9.35 9.27 10.69 9.33 13.67 12.38 12.65 9.15 4.46 4.33 1.58 0.51 0.86 0.72 0.31 0.61 0.00 0.00 0.00 0.00 4.01 0.00
0.00 0.00 0.00 0.00 0.00 0.00 0.00 4.16 3.43 6.42 4.16 6.72 6.28 6.64 6.06 8.73 7.96 6.61 6.17 5.26 3.43 4.09 1.83 0.00 0.00 0.00 1.97 0.00 0.00 0.00 0.00 0.00 0.00 0.00 0.00 0.00 0.07 0.00 0.00 0.51 3.50 0.00 0.15 0.15 0.00 0.00 0.00 2.47 7.34 8.64 5.50 6.98 8.48 0.00 0.00 0.00 0.00 0.00 0.00 0.00 0.00 8.13 10.04 8.69 11.99 14.39 12.51 10.23 12.50 6.59 4.62 4.44 4.69 2.92 1.87 2.30 1.52 1.59 0.00 0.00 0.00 0.00 0.00 0.00
0.00 0.00 0.00 0.00 0.00 0.00 0.00 0.00 0.00 0.00 0.00 0.00 0.00 0.00 0.00 0.00 2.77 0.00 0.00 4.60 6.57 6.72 5.69 1.24 3.65 2.41 6.50 4.60 0.00 3.58 0.00 0.00 4.23 0.00 6.64 5.48 8.98 7.45 4.74 8.44 6.62 6.12 7.01 7.01 5.91 5.26 3.58 2.86 4.03 0.00 0.00 0.00 0.00 0.00 0.00 0.00 0.00 0.00 0.00 0.00 0.00 0.00 7.95 0.00 6.88 9.43 7.78 7.19 8.04 10.15 6.50 3.91 3.45 2.81 2.14 0.00 0.00 0.00 0.00 0.00 0.00 0.00 0.00 0.00
0.00 0.00 0.00 0.00 0.00 0.00 0.00 0.00 0.00 0.00 0.00 0.00 0.00 0.00 0.00 0.00 0.00 0.00 0.00 5.48 0.00 6.66 4.67 4.67 4.16 7.22 9.28 7.37 5.11 7.45 7.08 10.00 9.86 5.69 8.76 9.20 7.74 9.78 8.98 9.71 10.07 7.77 6.50 7.26 9.34 9.42 3.29 3.14 3.71 0.00 0.00 0.00 0.00 0.00 0.00 0.00 0.00 0.00 0.00 0.00 0.00 0.00 0.00 0.00 0.00 0.00 0.00 0.00 0.00 0.00 6.55 4.90 0.00 0.00 0.00 0.00 0.00 0.00 0.00 0.00 0.00 0.00 0.00 0.00
0.00 0.00 0.00 0.00 0.00 0.00 0.00 0.00 0.00 0.00 0.00 0.00 0.00 0.00 0.00 0.00 0.00 0.00 0.00 0.00 0.00 0.00 0.00 7.88 6.94 0.00 6.26 9.42 7.45 8.32 10.00 10.44 10.38 10.07 7.37 6.58 10.59 7.59 7.01 6.94 0.00 0.00 9.30 11.81 11.14 8.68 4.07 6.50 0.00 0.00 0.00 0.00 0.00 0.00 0.00 0.00 0.00 0.00 0.00 0.00 0.00 0.00 0.00 0.00 0.00 0.00 0.00 0.00 0.00 0.00 0.00 0.00 0.00 0.00 0.00 0.00 0.00 0.00 0.00 0.00 0.00 0.00 0.00 0.00
0.00 0.00 0.00 0.00 0.00 0.00 0.00 0.00 0.00 0.00 0.00 0.00 0.00 0.00 0.00 0.00 0.00 0.00 0.00 0.00 0.00 0.00 0.00 4.02 0.00 0.00 0.00 0.00 0.00 4.31 6.06 10.16 9.89 9.20 0.00 0.00 0.00 0.00 0.00 0.00 0.00 0.00 0.00 0.00 0.00 0.00 4.30 0.00 0.00 0.00 0.00 0.00 0.00 0.00 0.00 0.00 0.00 0.00 0.00 0.00 0.00 0.00 0.00 0.00 0.00 0.00 0.00 0.00 0.00 0.00 0.00 0.00 0.00 0.00 0.00 0.00 0.00 0.00 0.00 0.00 0.00 0.00 0.00 0.00
