Wansh/Snow_depth/snowdepth-1995/spring/1995084.txt
ncols 321
nrows 161
xllcenter 60
yllcenter 15 
cellsize  0.25 
NODATA_value -1
[rows 0 to 36 of 161, columns 0 to 83 of 321]
0.00 0.00 0.00 0.00 0.00 0.00 0.00 0.00 2.26 7.15 8.18 17.30 15.62 22.34 30.22 31.46 28.11 30.95 32.12 32.05 32.34 33.51 33.22 35.33 35.70 35.92 35.92 35.48 34.67 35.19 35.11 35.26 35.26 33.07 34.16 35.19 35.41 34.75 34.75 35.62 25.84 23.51 23.00 26.65 0.00 0.00 39.93 39.93 39.93 39.93 39.64 39.64 39.86 37.30 37.52 39.78 40.30 40.37 41.54 39.35 38.40 37.16 37.60 33.58 33.43 33.43 32.27 27.38 28.32 29.27 25.26 24.38 25.11 22.56 21.75 22.48 22.48 21.10 21.10 21.02 20.37 22.56 22.41 26.28
2.19 2.19 2.26 1.61 0.29 0.00 0.00 1.46 5.91 4.82 14.67 23.58 21.39 31.39 30.30 32.85 32.56 33.14 32.05 31.61 31.46 32.56 34.02 35.41 35.41 35.41 35.41 34.89 34.09 34.60 35.04 35.04 34.46 35.04 35.19 36.35 35.70 36.79 26.72 26.21 27.01 28.84 28.54 28.11 28.18 24.97 26.06 22.34 39.86 39.35 37.45 37.45 37.96 37.60 37.52 39.57 38.47 38.91 37.89 37.67 38.18 32.78 31.32 31.90 29.86 23.73 25.48 25.99 24.82 23.80 24.38 24.09 23.58 23.73 23.58 25.11 25.11 24.89 22.85 25.92 26.50 30.15 28.11 27.74
2.85 2.85 2.92 2.19 2.34 2.19 2.19 2.34 2.34 10.00 20.00 20.00 26.43 29.86 29.27 31.24 31.90 32.34 30.22 29.64 29.86 31.10 32.34 31.83 33.14 32.27 32.27 32.56 32.49 34.02 34.75 34.89 34.16 35.33 35.84 26.86 36.06 26.13 28.25 29.78 29.57 29.35 28.69 27.67 28.18 24.09 22.34 37.45 35.84 37.89 35.99 35.99 34.97 29.71 33.22 34.67 34.67 37.38 28.40 28.91 29.42 30.73 25.62 23.87 24.60 23.73 25.77 24.67 24.67 23.94 24.45 24.09 25.04 28.32 28.18 27.67 27.67 30.66 31.10 30.30 31.10 30.95 29.05 27.01
2.85 2.85 2.92 2.19 2.34 2.19 2.19 2.34 2.34 10.00 20.00 20.00 26.43 29.86 29.27 31.24 31.90 32.34 30.22 29.64 29.86 31.10 32.34 31.83 33.14 32.27 32.27 32.56 32.49 34.02 34.75 34.89 34.16 35.33 35.84 26.86 36.06 26.13 28.25 29.78 29.57 29.35 28.69 27.67 28.18 24.09 22.34 37.45 35.84 37.89 35.99 35.99 34.97 29.71 33.22 34.67 34.67 37.38 28.40 28.91 29.42 30.73 25.62 23.87 24.60 23.73 25.77 24.67 24.67 23.94 24.45 24.09 25.04 28.32 28.18 27.67 27.67 30.66 31.10 30.30 31.10 30.95 29.05 27.01
8.69 8.69 2.85 3.29 2.92 2.92 3.50 3.14 9.20 7.52 18.83 25.40 24.16 29.27 30.51 30.51 30.88 31.24 29.78 29.35 27.74 29.78 29.13 30.73 31.46 31.17 31.17 31.68 31.54 32.78 33.58 34.09 34.67 33.43 27.52 27.45 28.54 27.89 28.40 30.08 28.98 26.50 27.59 23.36 23.21 23.21 20.51 30.88 28.47 29.57 27.38 27.38 27.67 27.74 28.62 24.24 25.40 24.45 25.55 21.53 21.83 24.16 24.45 24.82 26.35 26.86 26.57 27.16 25.70 25.26 28.98 30.08 29.93 30.15 33.22 33.29 33.29 32.63 32.19 31.90 30.81 27.67 28.32 26.43
8.40 8.40 9.78 7.01 9.93 9.34 12.70 14.16 13.58 20.08 24.02 23.58 28.11 30.51 30.22 30.66 31.54 31.32 30.59 27.59 26.50 28.84 27.81 31.54 31.90 31.61 31.61 31.17 32.12 33.65 33.00 33.65 32.34 28.40 27.38 27.96 27.89 29.64 28.84 28.32 28.76 24.16 22.48 23.14 19.27 19.86 20.29 25.62 29.93 29.20 27.08 27.08 24.31 21.75 21.10 21.90 22.78 18.76 20.37 20.08 19.78 23.58 26.65 25.84 27.16 29.27 28.84 28.40 29.35 29.05 29.05 30.22 31.46 31.17 33.51 32.12 32.12 31.83 31.39 29.86 30.00 29.42 27.30 26.79
14.67 14.67 19.49 12.05 13.80 16.28 16.50 16.50 20.59 19.56 24.31 23.29 21.02 26.79 22.56 26.86 29.78 29.42 27.74 24.89 26.57 24.45 27.59 31.10 30.51 32.12 32.12 32.49 33.07 32.41 32.85 33.22 27.45 27.23 25.70 24.97 26.50 26.13 26.28 25.92 22.48 24.09 15.91 17.81 17.81 21.10 19.27 25.70 27.23 26.35 26.57 26.57 25.33 20.37 19.93 19.56 19.05 19.13 22.48 22.05 24.02 23.14 28.03 29.57 30.59 30.22 30.73 29.64 30.08 29.05 27.81 27.59 30.00 30.66 30.08 30.44 30.44 29.57 30.22 29.93 30.73 31.90 31.68 31.10
14.67 14.67 19.49 12.05 13.80 16.28 16.50 16.50 20.59 19.56 24.31 23.29 21.02 26.79 22.56 26.86 29.78 29.42 27.74 24.89 26.57 24.45 27.59 31.10 30.51 32.12 32.12 32.49 33.07 32.41 32.85 33.22 27.45 27.23 25.70 24.97 26.50 26.13 26.28 25.92 22.48 24.09 15.91 17.81 17.81 21.10 19.27 25.70 27.23 26.35 26.57 26.57 25.33 20.37 19.93 19.56 19.05 19.13 22.48 22.05 24.02 23.14 28.03 29.57 30.59 30.22 30.73 29.64 30.08 29.05 27.81 27.59 30.00 30.66 30.08 30.44 30.44 29.57 30.22 29.93 30.73 31.90 31.68 31.10
23.14 23.14 23.87 21.39 21.24 21.24 20.66 20.51 20.37 21.32 22.63 22.78 21.53 19.86 19.42 24.31 26.50 27.52 26.21 26.94 24.24 25.99 27.23 30.51 30.08 31.54 31.54 33.36 32.78 32.12 32.34 26.79 24.97 22.41 23.51 23.80 24.09 24.16 24.02 25.70 22.92 16.43 16.94 21.10 23.00 22.41 21.46 24.09 25.11 24.38 24.45 24.45 22.05 22.41 21.83 21.90 23.00 24.24 23.00 23.29 27.96 28.84 28.47 29.93 29.27 29.27 29.64 26.57 29.93 28.98 28.62 28.69 28.03 29.35 28.54 30.95 30.95 30.44 30.66 29.78 29.71 32.27 33.22 32.34
24.24 24.24 19.05 21.68 20.44 21.02 21.39 19.86 21.02 20.08 20.22 19.35 21.53 23.58 21.32 24.60 26.43 26.28 26.79 27.08 25.62 25.99 25.48 32.70 31.68 33.58 33.58 34.67 32.27 30.37 26.86 24.89 25.84 23.65 22.56 20.59 21.83 23.43 25.04 24.75 24.97 23.14 21.90 22.12 24.16 21.53 22.70 23.58 22.85 23.51 24.02 24.02 22.92 21.83 20.73 20.59 22.70 23.73 26.57 28.84 28.47 29.42 28.54 28.62 28.98 22.12 23.65 22.78 25.19 20.15 19.35 26.86 27.16 28.25 28.47 32.27 32.27 32.78 31.76 30.51 29.27 29.05 31.68 31.32
17.23 17.23 18.32 16.06 19.35 17.96 20.00 21.61 21.61 21.68 18.83 20.95 20.29 22.41 24.53 25.26 25.55 25.48 27.45 28.25 27.89 27.16 28.69 30.51 33.65 34.31 34.31 33.65 30.15 26.94 26.13 25.55 22.63 22.41 21.61 22.92 23.43 23.14 24.31 23.58 22.19 23.14 22.19 23.94 23.65 29.42 26.86 24.53 24.82 22.92 25.92 25.92 25.19 23.51 22.34 20.51 22.85 21.53 25.55 15.62 17.96 17.45 22.34 10.88 17.37 19.42 3.65 6.28 5.84 13.07 10.95 7.59 20.15 26.79 26.21 31.76 31.76 30.73 32.27 31.10 30.22 29.49 28.98 25.84
17.23 17.23 18.32 16.06 19.35 17.96 20.00 21.61 21.61 21.68 18.83 20.95 20.29 22.41 24.53 25.26 25.55 25.48 27.45 28.25 27.89 27.16 28.69 30.51 33.65 34.31 34.31 33.65 30.15 26.94 26.13 25.55 22.63 22.41 21.61 22.92 23.43 23.14 24.31 23.58 22.19 23.14 22.19 23.94 23.65 29.42 26.86 24.53 24.82 22.92 25.92 25.92 25.19 23.51 22.34 20.51 22.85 21.53 25.55 15.62 17.96 17.45 22.34 10.88 17.37 19.42 3.65 6.28 5.84 13.07 10.95 7.59 20.15 26.79 26.21 31.76 31.76 30.73 32.27 31.10 30.22 29.49 28.98 25.84
20.95 20.95 19.20 19.35 20.08 20.29 21.53 21.46 21.97 21.39 19.86 21.17 21.68 24.97 24.60 26.57 25.55 27.23 29.64 29.27 29.20 30.00 32.27 34.02 33.94 32.92 32.92 30.66 24.31 24.38 24.45 19.71 20.15 21.10 23.00 22.48 23.58 22.56 22.27 22.70 21.10 22.27 21.97 23.36 22.41 31.32 29.49 29.49 28.40 26.72 27.59 27.59 25.62 24.38 21.39 19.27 20.95 15.84 16.35 10.59 9.20 0.00 0.00 5.62 0.00 0.00 0.00 0.00 0.00 0.00 3.80 17.16 14.75 24.02 24.24 22.19 22.19 24.16 29.93 30.51 30.73 29.05 22.78 24.82
24.16 24.16 24.82 22.41 22.05 22.63 21.46 21.32 19.64 20.15 18.61 20.59 23.29 25.19 24.67 24.75 26.86 29.93 31.83 30.88 30.73 30.81 31.68 33.94 32.56 30.00 30.00 23.73 19.71 18.25 18.32 18.76 17.89 21.32 22.92 22.34 22.05 21.75 19.42 20.51 20.08 21.83 21.75 21.90 31.39 31.39 31.24 29.57 26.43 24.67 23.43 23.43 21.32 18.25 19.78 18.32 14.60 15.18 8.91 2.12 3.50 0.00 0.00 0.00 0.00 0.00 0.00 0.00 0.00 10.15 9.05 17.52 30.22 25.70 26.72 24.31 24.31 30.51 25.55 28.03 22.12 23.14 19.64 18.91
23.87 23.87 22.12 22.41 21.83 20.73 20.66 20.08 20.29 18.83 20.37 19.78 22.56 25.70 28.11 28.25 26.13 27.74 32.34 32.49 31.03 30.30 27.96 27.96 30.22 20.81 20.81 18.98 19.35 18.91 18.83 19.86 19.56 20.44 19.56 20.15 17.96 21.32 18.47 19.56 20.73 20.59 21.53 20.95 31.83 31.54 24.97 25.11 25.40 25.33 24.09 24.09 19.78 15.99 13.14 14.45 13.72 15.55 9.86 4.02 4.38 3.94 0.00 0.00 0.00 0.00 0.73 12.92 10.51 13.21 26.43 30.15 29.49 28.91 29.57 28.40 28.40 31.83 29.93 27.74 22.56 21.10 21.39 24.16
24.16 24.16 24.60 22.05 21.17 21.53 21.39 21.46 20.73 21.02 21.17 27.89 29.49 27.96 27.59 28.54 28.32 30.08 32.41 34.16 30.81 31.24 26.86 27.23 20.81 28.91 28.91 18.98 19.49 19.20 19.13 19.42 17.30 18.25 17.89 18.76 17.45 17.59 17.52 19.42 21.32 18.83 18.98 18.98 29.35 25.04 24.89 25.62 25.26 23.73 21.75 21.75 22.48 17.89 16.35 14.75 11.97 12.85 11.46 6.20 4.60 0.00 0.73 2.34 0.73 8.03 7.23 17.23 20.22 26.06 25.77 24.31 28.18 27.52 29.78 31.03 31.03 33.22 30.59 23.73 22.85 22.27 28.47 23.65
24.16 24.16 24.60 22.05 21.17 21.53 21.39 21.46 20.73 21.02 21.17 27.89 29.49 27.96 27.59 28.54 28.32 30.08 32.41 34.16 30.81 31.24 26.86 27.23 20.81 28.91 28.91 18.98 19.49 19.20 19.13 19.42 17.30 18.25 17.89 18.76 17.45 17.59 17.52 19.42 21.32 18.83 18.98 18.98 29.35 25.04 24.89 25.62 25.26 23.73 21.75 21.75 22.48 17.89 16.35 14.75 11.97 12.85 11.46 6.20 4.60 0.00 0.73 2.34 0.73 8.03 7.23 17.23 20.22 26.06 25.77 24.31 28.18 27.52 29.78 31.03 31.03 33.22 30.59 23.73 22.85 22.27 28.47 23.65
24.16 24.16 22.70 22.70 22.34 22.48 25.33 26.57 26.50 27.67 29.71 31.32 31.03 30.81 30.30 29.86 31.32 33.00 33.94 33.73 32.41 31.90 29.64 28.91 26.21 20.59 20.59 21.75 21.17 19.49 17.16 17.89 17.01 15.62 16.06 16.06 15.84 16.72 20.37 19.93 19.78 17.81 19.20 18.25 28.62 27.30 26.35 27.81 27.01 25.11 23.21 23.21 21.90 17.67 19.35 14.24 7.52 4.09 4.02 3.94 3.14 9.56 8.10 6.86 11.97 7.52 10.22 14.67 16.94 14.24 22.12 22.48 19.78 27.89 27.16 25.70 25.70 24.97 22.70 24.97 16.57 17.08 26.35 21.83
23.51 23.51 23.73 23.94 24.82 26.94 26.28 28.18 29.49 33.00 36.57 35.77 36.28 33.29 34.53 32.49 31.46 31.97 34.89 35.55 34.46 30.73 30.22 29.05 21.02 21.32 21.32 21.53 21.53 17.81 16.64 15.91 15.33 15.55 14.97 13.14 15.91 15.26 18.47 18.61 19.05 18.69 21.24 26.65 28.32 30.37 28.91 29.71 27.81 26.28 24.75 24.75 20.95 15.33 17.45 4.53 4.02 4.74 10.22 9.34 9.71 11.39 19.71 13.21 16.28 8.54 6.35 3.65 10.95 10.29 7.01 14.67 15.99 5.91 20.22 20.37 20.37 17.37 21.97 13.21 14.53 9.93 4.67 16.86
24.38 24.38 25.55 25.55 26.79 27.52 33.87 33.36 32.34 31.97 35.84 37.67 38.40 36.43 37.08 34.46 34.02 33.80 37.08 35.41 30.59 30.37 19.71 19.86 19.86 19.20 19.20 18.03 17.30 17.59 18.18 16.50 16.06 13.87 14.31 13.36 16.28 17.81 18.03 19.27 22.48 27.59 23.43 31.24 33.14 32.34 30.95 28.32 26.35 23.00 24.24 24.24 20.73 0.00 0.00 3.50 8.61 13.58 12.56 16.13 17.37 19.71 19.13 18.25 14.82 5.91 7.01 2.41 5.11 3.29 2.77 3.87 0.66 1.31 0.73 13.14 13.14 11.90 13.72 6.20 4.16 4.89 0.00 0.00
27.52 27.52 27.01 30.88 33.07 34.53 34.16 35.19 34.09 36.87 38.03 37.08 39.49 38.76 36.14 34.16 33.00 34.46 35.26 33.94 29.27 18.32 18.25 18.47 18.61 18.69 18.69 19.42 21.17 19.78 20.59 18.25 15.62 13.65 15.62 12.99 16.72 19.27 22.19 21.53 22.92 26.86 29.71 32.49 33.36 34.46 27.23 24.82 20.37 14.67 1.02 1.02 0.00 0.00 0.00 2.70 7.08 11.83 12.05 8.18 14.97 18.83 16.21 14.89 14.97 4.23 2.34 2.19 1.17 0.00 0.00 0.00 0.00 0.15 0.00 0.00 0.00 8.32 2.99 4.23 0.00 0.00 0.00 0.00
28.40 28.40 32.19 33.80 33.58 34.16 34.24 36.79 38.33 38.11 38.84 34.60 34.89 34.46 33.80 32.78 32.49 35.41 34.82 31.61 19.05 20.81 20.37 19.05 19.42 19.42 19.42 22.63 21.32 18.03 12.99 14.45 14.38 14.09 16.13 19.49 18.76 18.61 20.37 22.27 21.90 25.19 26.43 26.94 23.73 24.53 21.46 19.86 15.11 2.19 0.00 0.00 0.00 0.00 3.36 0.00 3.65 4.53 5.11 6.50 7.30 4.45 8.32 3.36 2.63 3.36 1.75 0.29 0.73 0.00 0.00 0.00 0.00 0.00 0.00 0.00 0.00 0.00 0.00 0.00 0.00 0.00 0.00 0.00
28.40 28.40 32.19 33.80 33.58 34.16 34.24 36.79 38.33 38.11 38.84 34.60 34.89 34.46 33.80 32.78 32.49 35.41 34.82 31.61 19.05 20.81 20.37 19.05 19.42 19.42 19.42 22.63 21.32 18.03 12.99 14.45 14.38 14.09 16.13 19.49 18.76 18.61 20.37 22.27 21.90 25.19 26.43 26.94 23.73 24.53 21.46 19.86 15.11 2.19 0.00 0.00 0.00 0.00 3.36 0.00 3.65 4.53 5.11 6.50 7.30 4.45 8.32 3.36 2.63 3.36 1.75 0.29 0.73 0.00 0.00 0.00 0.00 0.00 0.00 0.00 0.00 0.00 0.00 0.00 0.00 0.00 0.00 0.00
30.37 30.37 32.34 31.83 32.78 33.43 33.07 35.26 36.50 33.65 34.09 32.19 25.77 32.05 30.66 35.19 34.82 35.77 37.23 35.11 25.92 22.12 19.78 21.75 28.11 24.31 24.31 19.20 20.95 13.58 11.68 13.80 14.09 14.53 15.84 14.38 16.28 16.72 19.93 20.95 21.97 25.04 25.33 19.20 15.33 10.44 2.48 0.00 0.00 0.00 0.00 0.00 0.00 2.19 3.80 7.30 5.69 6.13 4.38 8.54 5.04 5.04 6.13 2.77 1.61 2.26 1.90 2.34 0.00 0.00 0.00 0.00 0.00 0.00 0.00 0.00 0.00 0.00 0.00 0.00 0.00 0.00 0.00 3.36
29.42 29.42 31.90 32.78 32.49 33.07 31.76 33.22 29.64 22.12 23.87 24.60 23.87 25.33 28.98 32.27 34.53 36.87 36.79 31.68 27.59 24.24 29.71 28.76 30.00 27.74 27.74 22.19 13.51 14.97 11.90 13.14 12.26 13.43 13.87 13.72 17.16 19.93 20.88 19.93 22.56 22.27 23.29 10.66 4.38 3.50 1.90 0.00 0.00 0.00 0.00 0.00 0.00 2.70 7.37 9.56 8.98 13.80 13.29 12.12 9.20 11.39 12.70 5.69 5.77 4.23 3.58 3.65 0.66 1.17 0.00 0.00 0.07 3.58 2.92 2.99 2.99 0.00 0.00 0.00 0.66 5.18 4.67 6.35
32.41 32.41 30.44 31.83 29.78 30.37 33.73 33.00 18.91 19.49 16.13 15.48 23.94 27.23 25.04 32.34 32.12 34.89 30.00 26.43 25.84 28.54 31.76 31.46 29.05 29.27 29.27 23.87 14.53 13.21 13.43 13.72 12.26 15.70 16.94 20.37 19.93 20.51 18.40 22.19 22.12 16.94 23.14 5.48 0.00 3.21 0.00 0.00 0.00 0.00 0.00 0.00 7.45 13.94 12.48 13.14 14.45 16.28 19.64 20.95 21.90 14.89 7.45 5.04 6.06 0.00 1.31 0.00 0.00 0.22 0.00 0.00 0.73 3.43 5.69 5.11 5.11 5.69 0.00 2.41 2.56 5.04 9.49 9.42
34.67 34.67 33.51 31.17 30.37 28.40 25.62 23.80 20.73 10.95 7.23 17.01 12.70 20.22 18.61 22.34 26.79 30.95 28.47 23.94 26.28 28.98 29.57 16.21 21.83 19.05 19.05 21.46 15.33 14.53 14.60 15.33 16.06 16.06 17.37 23.07 15.55 15.11 15.84 6.13 8.69 0.00 0.00 0.00 0.00 0.00 0.00 0.00 0.00 0.00 0.37 0.37 7.23 11.61 8.32 13.36 12.26 15.91 15.62 18.03 4.89 6.86 5.62 0.00 0.00 0.00 0.00 0.00 0.00 0.22 0.00 0.00 0.00 0.66 3.21 4.23 4.23 4.82 6.13 0.00 3.87 0.00 4.45 8.32
34.31 34.31 32.85 33.51 29.13 23.94 17.45 9.13 9.05 10.07 6.28 0.00 7.01 11.17 7.23 10.73 10.73 17.08 20.51 18.25 25.48 24.67 5.55 11.02 13.80 15.33 15.33 17.37 17.37 8.76 9.34 7.23 3.43 15.77 11.46 19.13 9.13 9.13 1.17 0.58 0.00 0.00 0.00 0.00 0.00 0.00 0.00 0.00 0.00 1.46 0.58 0.58 2.41 2.77 6.79 8.61 4.38 8.98 10.44 8.91 1.61 0.00 0.00 0.00 0.00 0.00 0.00 0.00 0.00 0.00 0.00 0.00 0.00 0.00 0.00 0.73 0.73 2.04 1.17 4.60 0.00 3.50 5.55 3.87
34.31 34.31 32.85 33.51 29.13 23.94 17.45 9.13 9.05 10.07 6.28 0.00 7.01 11.17 7.23 10.73 10.73 17.08 20.51 18.25 25.48 24.67 5.55 11.02 13.80 15.33 15.33 17.37 17.37 8.76 9.34 7.23 3.43 15.77 11.46 19.13 9.13 9.13 1.17 0.58 0.00 0.00 0.00 0.00 0.00 0.00 0.00 0.00 0.00 1.46 0.58 0.58 2.41 2.77 6.79 8.61 4.38 8.98 10.44 8.91 1.61 0.00 0.00 0.00 0.00 0.00 0.00 0.00 0.00 0.00 0.00 0.00 0.00 0.00 0.00 0.73 0.73 2.04 1.17 4.60 0.00 3.50 5.55 3.87
30.00 30.00 30.66 26.21 10.95 7.88 10.22 5.91 4.31 0.00 0.00 0.00 0.00 4.60 0.00 0.00 0.00 4.23 7.30 0.00 0.00 0.00 0.00 3.14 5.26 12.05 12.05 19.93 9.05 2.19 3.43 3.65 0.00 2.92 0.00 4.02 5.99 0.00 0.00 0.00 0.00 0.00 0.00 0.00 0.00 0.00 0.00 0.00 0.00 2.41 6.35 6.35 6.42 6.64 5.33 0.00 0.00 0.07 0.00 0.00 0.00 0.00 0.00 0.00 0.00 0.00 0.00 0.00 0.00 0.00 0.00 0.00 0.00 0.00 0.00 0.00 0.00 0.00 0.00 0.00 0.00 1.90 1.17 3.36
7.01 7.01 4.02 4.31 5.99 3.80 0.88 0.00 0.00 0.00 0.00 0.00 0.00 0.00 0.00 0.00 0.00 0.00 0.00 0.00 0.00 0.00 0.00 1.24 10.73 10.44 10.44 5.62 8.10 0.00 0.00 0.00 0.00 0.00 0.00 0.00 0.00 0.00 0.00 0.00 0.00 0.00 0.00 0.00 0.00 0.00 0.00 0.00 0.00 0.00 4.82 4.82 5.55 0.00 0.00 0.00 0.00 0.00 0.00 0.00 0.00 0.00 0.00 0.00 0.00 0.00 0.00 0.00 0.00 0.00 0.00 0.00 0.00 0.00 0.00 0.00 0.00 0.00 0.00 0.00 0.00 0.00 0.00 0.00
1.68 1.68 0.00 0.00 0.00 0.00 0.00 0.00 0.00 0.00 0.00 0.00 0.00 0.00 0.00 0.00 0.00 0.00 0.00 0.00 0.00 0.00 0.00 0.00 0.00 0.00 0.00 0.00 1.46 0.00 0.00 0.00 0.00 0.00 0.00 0.00 0.00 0.00 0.00 0.00 0.00 0.00 0.00 0.00 0.00 0.00 0.00 0.00 0.00 0.00 0.00 0.00 2.12 0.00 0.00 0.00 0.00 0.00 0.00 0.00 0.00 0.00 0.00 0.00 0.00 0.00 0.00 0.00 0.00 0.00 0.00 0.00 0.00 0.00 0.00 0.00 0.00 0.00 0.00 0.00 0.00 0.00 0.00 0.00
0.00 0.00 0.00 0.00 0.00 0.00 0.00 0.00 0.00 0.00 0.00 0.00 0.00 0.00 0.00 0.00 0.00 0.00 0.00 0.00 0.00 0.00 0.00 0.00 0.00 0.00 0.00 0.00 0.00 0.00 0.00 0.00 0.00 0.00 0.00 0.00 0.00 0.00 0.00 0.00 0.00 0.00 0.00 0.00 0.00 0.00 0.00 0.00 0.00 0.00 0.00 0.00 0.00 0.00 0.00 0.00 0.00 0.00 0.00 0.00 0.00 0.00 0.00 0.00 0.00 0.00 0.00 0.00 0.00 0.00 0.00 0.00 0.00 0.00 0.00 0.00 0.00 0.00 0.00 0.00 0.00 0.00 0.00 0.00
0.00 0.00 0.00 0.00 0.00 0.00 0.00 0.00 0.00 0.00 0.00 0.00 0.00 0.00 0.00 0.00 0.00 0.00 0.00 0.00 0.00 0.00 0.00 0.00 0.00 0.00 0.00 0.00 0.00 0.00 0.00 0.00 0.00 0.00 0.00 0.00 0.00 0.00 0.00 0.00 0.00 0.00 0.00 0.00 0.00 0.00 0.00 0.00 0.00 0.00 0.00 0.00 0.00 0.00 0.00 0.00 0.00 0.00 0.00 0.00 0.00 0.00 0.00 0.00 0.00 0.00 0.00 0.00 0.00 0.00 0.00 0.00 0.00 0.00 0.00 0.00 0.00 0.00 0.00 0.00 0.00 0.00 0.00 0.00
0.00 0.00 0.00 0.00 0.00 0.00 0.00 0.00 0.00 0.00 0.00 0.00 0.00 0.00 0.00 0.00 0.00 0.00 0.00 0.00 0.00 0.00 0.00 0.00 0.00 0.00 0.00 0.00 0.00 0.00 0.00 0.00 0.00 0.00 0.00 0.00 0.00 0.00 0.00 0.00 0.00 0.00 0.00 0.00 0.00 0.00 0.00 0.00 0.00 0.00 0.00 0.00 0.00 0.00 0.00 0.00 0.00 0.00 0.00 0.00 0.00 0.00 0.00 0.00 0.00 0.00 0.00 0.00 0.00 0.00 0.00 0.00 0.00 0.00 0.00 0.00 0.00 0.00 0.00 0.00 0.00 0.00 0.00 0.00
0.00 0.00 0.00 0.00 0.00 0.00 0.00 0.00 0.00 0.00 0.00 0.00 0.00 0.00 0.00 0.00 0.00 0.00 0.00 0.00 0.00 0.00 0.00 0.00 0.00 0.00 0.00 0.00 0.00 0.00 0.00 0.00 0.00 0.00 0.00 0.00 0.00 0.00 0.00 0.00 0.00 0.00 0.00 0.00 0.00 0.00 0.00 0.00 0.00 0.00 0.00 0.00 0.00 0.00 0.00 0.00 0.00 0.00 0.00 0.00 0.00 0.00 0.00 0.00 0.00 0.00 0.00 0.00 0.00 0.00 0.00 0.00 0.00 0.00 0.00 0.00 0.00 0.00 0.00 0.00 0.00 0.00 0.00 0.00
0.00 0.00 0.00 0.00 0.00 0.00 0.00 0.00 0.00 0.00 0.00 0.00 0.00 0.00 0.00 0.00 0.00 0.00 0.00 0.00 0.00 0.00 0.00 0.00 0.00 0.00 0.00 0.00 0.00 0.00 0.00 0.00 0.00 0.00 0.00 0.00 0.00 0.00 0.00 0.00 0.00 0.00 0.00 0.00 0.00 0.00 0.00 0.00 0.00 0.00 0.00 0.00 0.00 0.00 0.00 0.00 0.00 0.00 0.00 0.00 0.00 0.00 0.00 0.00 0.00 0.00 0.00 0.00 0.00 0.00 0.00 0.00 0.00 0.00 0.00 0.00 0.00 0.00 0.00 0.00 0.00 0.00 0.00 2.41
