Wansh/Snow_depth/snowdepth-1995/spring/1995081.txt
ncols 321
nrows 161
xllcenter 60
yllcenter 15 
cellsize  0.25 
NODATA_value -1
[rows 0 to 36 of 161, columns 0 to 83 of 321]
7.96 7.96 7.88 7.74 13.36 11.97 12.41 0.00 0.00 0.00 0.00 0.00 0.00 0.00 0.00 0.00 0.00 0.00 4.09 6.42 6.94 6.57 9.05 8.40 10.22 19.42 19.42 16.86 17.23 14.67 8.83 9.78 0.00 3.50 5.77 0.00 0.00 0.00 0.00 0.00 0.00 3.43 6.79 6.64 7.23 7.08 13.36 14.16 13.80 14.53 15.18 15.18 15.84 14.38 14.53 18.03 20.95 19.49 21.24 21.90 21.83 21.24 21.46 20.44 19.35 22.48 20.81 21.02 19.49 15.99 16.79 12.34 11.97 11.75 12.19 12.34 12.34 12.19 12.05 13.29 12.78 15.26 18.10 20.73
15.04 15.04 15.77 15.04 15.40 16.72 19.78 21.24 0.00 0.00 0.00 0.00 0.00 0.00 0.00 0.00 5.26 5.84 5.91 7.30 9.49 8.32 15.33 20.73 19.86 21.24 21.24 22.34 17.89 17.37 20.81 17.01 18.03 12.85 14.67 16.50 4.67 3.14 3.87 3.43 3.50 3.87 2.56 5.48 4.89 9.78 12.12 12.63 14.02 14.16 13.65 13.65 13.51 14.60 18.40 20.66 20.44 19.56 19.42 16.64 15.62 19.42 17.74 16.72 16.72 16.13 16.28 14.16 10.88 11.46 7.88 6.28 6.35 8.83 12.63 12.05 12.05 15.33 18.40 16.79 19.71 21.02 21.24 20.00
16.79 16.79 16.72 18.69 20.15 19.27 20.22 22.56 24.67 0.00 0.00 0.00 0.00 0.00 6.50 0.00 6.57 5.33 5.62 7.74 14.60 21.32 19.35 24.09 24.67 23.87 23.87 24.02 23.29 22.48 22.19 23.43 23.36 23.51 18.76 13.36 15.18 7.81 9.42 10.29 8.10 3.43 3.58 4.82 9.56 8.69 11.68 11.75 11.68 12.19 12.85 12.85 11.97 14.24 12.78 13.65 12.19 17.30 14.45 12.92 12.92 13.80 14.02 14.02 15.26 15.62 14.24 12.92 11.46 8.69 6.72 7.01 8.47 12.05 12.19 17.01 17.01 20.81 19.27 23.73 23.94 23.00 23.29 22.05
16.79 16.79 16.72 18.69 20.15 19.27 20.22 22.56 24.67 0.00 0.00 0.00 0.00 0.00 6.50 0.00 6.57 5.33 5.62 7.74 14.60 21.32 19.35 24.09 24.67 23.87 23.87 24.02 23.29 22.48 22.19 23.43 23.36 23.51 18.76 13.36 15.18 7.81 9.42 10.29 8.10 3.43 3.58 4.82 9.56 8.69 11.68 11.75 11.68 12.19 12.85 12.85 11.97 14.24 12.78 13.65 12.19 17.30 14.45 12.92 12.92 13.80 14.02 14.02 15.26 15.62 14.24 12.92 11.46 8.69 6.72 7.01 8.47 12.05 12.19 17.01 17.01 20.81 19.27 23.73 23.94 23.00 23.29 22.05
20.66 20.66 21.75 18.83 22.85 27.59 25.33 2.63 3.72 2.04 0.00 0.00 0.00 0.00 11.61 9.93 15.18 12.70 12.41 11.53 13.87 21.24 23.29 22.92 24.31 24.45 24.45 22.92 22.78 22.85 23.29 22.85 22.70 21.46 22.27 20.73 16.21 16.79 16.57 10.80 10.66 11.24 4.74 5.40 6.13 7.81 7.81 9.56 8.69 9.20 9.20 9.20 8.61 10.51 11.02 11.02 10.44 9.86 9.64 10.00 11.68 11.83 14.67 16.35 16.06 16.06 14.16 14.60 12.48 11.68 11.53 9.56 11.68 10.59 17.16 21.24 21.24 20.22 24.67 26.94 25.55 23.14 23.00 22.05
23.58 23.58 27.81 28.69 28.47 29.78 29.27 14.75 13.58 0.00 0.00 0.00 0.00 18.98 19.49 17.08 15.84 15.18 18.25 20.51 22.34 21.90 23.29 24.53 24.09 23.87 23.87 25.04 23.29 23.14 23.51 22.85 22.27 22.48 21.90 22.19 22.12 19.71 19.78 20.29 13.14 10.22 12.19 6.64 6.50 7.59 8.18 9.27 7.59 10.22 10.07 10.07 9.42 9.56 9.49 11.24 10.00 9.78 10.66 11.46 11.02 14.60 17.08 17.08 17.45 16.43 16.43 14.67 13.72 11.83 8.69 7.66 7.59 11.32 16.57 15.18 15.18 22.27 26.13 25.26 26.57 24.31 24.67 23.73
25.77 25.77 26.86 29.71 29.86 30.88 30.51 16.21 13.72 17.96 19.78 19.71 20.15 20.29 19.71 20.44 19.35 20.59 20.08 21.32 22.70 23.36 23.07 24.31 26.06 26.57 26.57 26.35 26.72 24.75 25.04 23.65 22.48 20.81 20.88 21.61 21.61 21.75 21.10 19.78 20.51 13.87 11.90 11.90 15.33 11.90 11.83 14.75 15.11 16.43 15.33 15.33 12.63 10.07 11.61 10.80 14.45 15.70 15.62 15.91 13.72 13.36 15.77 17.37 17.23 16.50 15.55 16.06 11.17 8.32 8.69 7.01 10.29 8.98 15.04 20.29 20.29 19.13 23.21 19.56 23.80 25.62 25.99 23.94
25.77 25.77 26.86 29.71 29.86 30.88 30.51 16.21 13.72 17.96 19.78 19.71 20.15 20.29 19.71 20.44 19.35 20.59 20.08 21.32 22.70 23.36 23.07 24.31 26.06 26.57 26.57 26.35 26.72 24.75 25.04 23.65 22.48 20.81 20.88 21.61 21.61 21.75 21.10 19.78 20.51 13.87 11.90 11.90 15.33 11.90 11.83 14.75 15.11 16.43 15.33 15.33 12.63 10.07 11.61 10.80 14.45 15.70 15.62 15.91 13.72 13.36 15.77 17.37 17.23 16.50 15.55 16.06 11.17 8.32 8.69 7.01 10.29 8.98 15.04 20.29 20.29 19.13 23.21 19.56 23.80 25.62 25.99 23.94
23.80 23.80 27.74 26.28 28.54 30.15 27.45 20.00 20.15 20.29 20.37 19.78 21.83 22.27 21.17 21.68 20.15 20.29 21.61 22.78 22.56 23.51 25.40 26.43 25.92 27.01 27.01 27.08 27.30 25.19 24.82 21.53 22.12 20.08 18.25 20.22 20.22 20.59 20.22 20.88 16.64 18.25 16.79 17.08 16.43 17.16 15.26 16.35 16.57 16.79 16.94 16.94 12.99 10.15 10.44 16.21 15.26 17.45 17.01 17.23 16.50 15.99 16.28 16.13 16.86 16.79 16.94 15.26 11.39 12.48 9.56 9.64 9.20 13.07 16.79 16.06 16.06 18.47 15.26 14.97 17.45 18.18 22.85 22.92
22.78 22.78 23.73 24.24 22.19 24.31 20.44 20.81 20.44 22.48 21.46 22.27 22.41 22.63 22.78 21.46 20.00 20.44 21.24 22.19 23.94 23.36 25.04 24.31 26.43 26.35 26.35 24.97 24.67 24.67 24.16 21.68 20.59 19.71 17.74 17.74 18.47 19.71 22.34 21.75 19.35 18.61 19.56 19.13 17.16 17.37 15.40 14.97 15.11 16.50 13.65 13.65 14.67 10.73 12.92 11.83 16.94 17.23 17.23 16.64 17.08 17.08 16.86 17.37 17.23 17.08 15.91 15.99 13.51 10.15 10.59 9.93 13.14 16.43 15.84 17.89 17.89 18.98 18.18 16.43 15.62 20.95 19.56 19.64
20.37 20.37 20.95 21.83 23.51 23.36 21.53 21.39 22.70 23.07 22.05 22.78 22.70 22.12 22.56 20.95 22.27 21.68 22.41 21.97 21.46 22.56 23.65 23.43 23.94 24.60 24.60 24.53 24.45 23.07 23.14 21.83 20.08 17.74 18.47 18.32 20.29 19.71 21.46 21.90 21.90 20.22 19.71 19.42 20.73 19.56 18.03 16.13 15.62 15.62 13.80 13.80 11.97 11.46 12.26 16.06 15.48 17.01 17.08 17.16 16.43 16.21 13.65 14.09 15.11 15.99 15.84 10.88 9.93 9.27 13.87 16.94 17.89 17.89 17.23 19.05 19.05 18.32 20.37 23.29 20.81 20.00 20.15 19.56
20.37 20.37 20.95 21.83 23.51 23.36 21.53 21.39 22.70 23.07 22.05 22.78 22.70 22.12 22.56 20.95 22.27 21.68 22.41 21.97 21.46 22.56 23.65 23.43 23.94 24.60 24.60 24.53 24.45 23.07 23.14 21.83 20.08 17.74 18.47 18.32 20.29 19.71 21.46 21.90 21.90 20.22 19.71 19.42 20.73 19.56 18.03 16.13 15.62 15.62 13.80 13.80 11.97 11.46 12.26 16.06 15.48 17.01 17.08 17.16 16.43 16.21 13.65 14.09 15.11 15.99 15.84 10.88 9.93 9.27 13.87 16.94 17.89 17.89 17.23 19.05 19.05 18.32 20.37 23.29 20.81 20.00 20.15 19.56
21.10 21.10 20.95 21.90 20.51 22.34 24.45 22.27 23.36 22.85 21.90 22.12 22.34 22.41 22.41 22.27 22.56 22.48 23.00 21.46 21.75 20.59 21.75 23.07 22.92 22.12 22.12 22.85 22.85 22.27 18.98 16.43 19.42 17.45 19.13 17.96 20.44 20.59 20.73 21.39 20.81 20.44 20.81 20.88 20.81 20.37 19.86 18.47 17.30 13.58 11.75 11.75 11.83 13.65 14.31 14.38 14.67 15.91 16.35 15.91 13.87 14.16 10.66 11.32 10.51 14.82 11.53 12.78 8.76 14.97 17.89 17.37 18.47 19.78 17.81 17.89 17.89 17.52 23.58 22.85 21.97 23.07 18.69 15.70
20.66 20.66 20.81 20.66 19.93 24.16 23.87 21.83 21.24 22.27 21.90 22.27 23.29 22.85 22.78 23.07 25.11 25.92 23.43 21.75 20.59 20.95 21.53 21.10 21.17 21.46 21.46 21.10 18.61 19.05 17.59 16.28 18.10 16.86 19.35 20.37 20.95 20.66 18.54 19.05 19.49 20.73 19.93 20.15 20.08 20.44 20.37 18.83 16.94 17.30 12.85 12.85 12.99 12.92 12.99 13.80 13.72 12.78 11.53 11.75 9.27 5.69 3.21 3.07 4.74 7.23 6.72 11.39 17.16 19.86 19.56 18.10 19.20 18.91 19.20 17.59 17.59 21.17 20.59 20.88 20.59 16.06 15.18 15.33
20.59 20.59 19.13 16.06 15.33 24.38 24.67 21.46 21.46 22.78 22.92 23.58 23.07 23.00 23.14 24.31 25.40 24.38 21.97 22.92 21.53 20.29 20.29 20.51 21.10 19.86 19.86 20.00 18.69 17.52 16.79 16.57 17.59 19.56 19.42 19.42 17.52 17.74 17.96 18.61 19.86 20.59 19.78 19.49 19.35 20.66 19.71 20.08 18.18 17.16 18.18 18.18 16.21 13.36 12.63 12.19 11.39 11.90 9.49 8.10 6.20 6.28 4.60 4.74 4.38 6.42 11.61 10.29 15.70 19.42 16.50 14.45 15.04 17.23 21.32 22.19 22.19 22.27 21.39 19.27 16.35 17.52 16.94 19.05
21.61 21.61 18.91 15.70 13.58 24.24 23.73 22.48 22.56 22.78 22.48 22.41 20.59 20.44 20.44 22.27 23.21 22.70 22.27 22.70 21.10 19.64 20.15 19.71 19.56 19.71 19.71 20.44 18.25 18.25 17.59 16.72 17.08 15.48 17.16 17.52 16.50 17.08 18.91 18.54 19.78 17.74 18.18 18.32 20.22 19.71 22.34 22.19 20.37 19.35 17.52 17.52 17.89 16.06 12.56 12.26 12.56 10.80 9.34 6.94 8.10 7.96 5.18 3.72 5.04 8.32 7.52 13.21 14.45 15.33 15.40 15.04 15.26 17.30 21.97 21.10 21.10 24.67 20.66 18.40 17.23 18.03 17.59 19.35
21.61 21.61 18.91 15.70 13.58 24.24 23.73 22.48 22.56 22.78 22.48 22.41 20.59 20.44 20.44 22.27 23.21 22.70 22.27 22.70 21.10 19.64 20.15 19.71 19.56 19.71 19.71 20.44 18.25 18.25 17.59 16.72 17.08 15.48 17.16 17.52 16.50 17.08 18.91 18.54 19.78 17.74 18.18 18.32 20.22 19.71 22.34 22.19 20.37 19.35 17.52 17.52 17.89 16.06 12.56 12.26 12.56 10.80 9.34 6.94 8.10 7.96 5.18 3.72 5.04 8.32 7.52 13.21 14.45 15.33 15.40 15.04 15.26 17.30 21.97 21.10 21.10 24.67 20.66 18.40 17.23 18.03 17.59 19.35
19.64 19.64 20.66 16.94 21.53 20.59 21.02 22.34 21.97 22.92 21.39 21.68 20.51 20.00 20.44 20.37 20.59 21.46 20.95 19.86 19.42 19.56 19.05 19.49 20.29 19.78 19.78 21.17 19.64 17.52 18.32 14.45 14.38 14.67 13.72 14.97 15.48 15.11 17.16 18.91 18.98 17.52 18.69 18.18 20.22 22.05 21.68 22.70 21.83 20.73 20.95 20.95 17.30 17.81 15.55 13.72 12.26 12.63 11.39 9.78 10.22 10.15 8.54 6.20 6.57 7.08 11.68 13.87 14.38 13.58 11.46 12.12 16.28 15.77 20.95 24.16 24.16 25.40 21.02 22.70 14.45 15.55 18.54 15.62
21.10 21.10 19.27 17.30 20.15 20.15 22.48 23.80 25.40 24.09 22.78 22.85 21.83 21.97 21.02 21.39 22.56 20.81 21.61 20.08 18.98 18.10 18.61 16.21 19.42 18.76 18.76 18.91 19.35 15.70 14.45 15.26 12.85 12.85 13.21 9.71 11.68 15.40 14.38 17.23 19.05 17.16 19.93 24.24 23.65 25.48 23.94 23.36 23.73 22.19 19.71 19.71 20.29 15.33 14.97 14.38 16.28 19.42 18.25 14.09 12.34 18.47 12.70 11.10 12.63 9.71 7.88 8.32 9.56 11.10 10.51 11.61 15.48 14.31 25.04 25.70 25.70 25.04 25.48 26.43 19.71 14.82 13.58 11.68
21.53 21.53 21.10 22.34 21.17 25.55 26.94 26.79 25.92 26.35 27.96 25.77 24.45 24.82 22.92 24.16 22.92 22.63 21.24 21.53 18.69 14.38 15.91 15.11 17.81 16.94 16.94 15.62 14.24 14.75 14.09 12.48 13.14 9.05 7.08 9.27 8.91 14.53 17.37 17.01 20.95 25.48 21.97 26.65 28.03 29.78 30.30 30.59 27.16 25.26 20.08 20.08 14.24 15.70 12.48 18.03 20.44 19.93 20.37 20.29 20.15 21.10 20.44 17.16 18.25 13.58 8.91 7.96 8.32 7.37 5.91 5.33 8.91 7.23 21.90 19.35 19.35 30.51 28.98 26.21 19.56 18.32 11.68 11.32
20.37 20.37 22.34 25.70 27.81 29.57 30.66 30.81 31.61 28.84 29.86 27.01 25.40 25.04 24.67 24.82 24.60 23.80 19.86 16.13 14.09 14.09 15.62 17.89 15.77 16.13 16.13 16.28 15.26 14.31 14.45 11.39 8.69 9.27 9.71 11.53 14.89 14.02 18.18 21.97 21.17 25.84 28.47 30.51 30.44 32.05 31.97 32.34 27.81 19.78 9.86 9.86 11.39 9.71 14.45 14.31 18.76 19.86 19.93 19.86 21.97 22.56 22.78 21.90 18.76 15.26 12.05 12.19 11.02 6.42 3.87 3.72 2.77 5.11 15.91 24.53 24.53 21.02 25.48 18.18 17.67 14.38 8.32 0.00
20.44 20.44 23.43 24.89 30.88 32.70 33.65 33.22 31.46 28.91 27.59 26.28 26.35 25.92 27.81 27.89 21.83 22.85 21.17 18.03 15.48 18.25 18.25 17.96 18.61 17.37 17.37 17.01 15.40 12.26 11.75 12.70 10.66 12.05 11.90 12.48 13.94 17.01 15.99 20.37 25.84 25.33 26.79 29.35 31.17 30.95 31.17 27.30 28.11 20.37 10.73 10.73 10.59 10.29 14.97 17.08 16.86 16.94 15.55 15.33 15.40 15.40 17.74 17.89 17.96 16.86 13.07 9.71 7.37 5.11 4.74 3.43 4.96 4.89 9.42 10.07 10.07 11.24 16.13 15.70 14.67 15.84 0.00 7.45
20.44 20.44 23.43 24.89 30.88 32.70 33.65 33.22 31.46 28.91 27.59 26.28 26.35 25.92 27.81 27.89 21.83 22.85 21.17 18.03 15.48 18.25 18.25 17.96 18.61 17.37 17.37 17.01 15.40 12.26 11.75 12.70 10.66 12.05 11.90 12.48 13.94 17.01 15.99 20.37 25.84 25.33 26.79 29.35 31.17 30.95 31.17 27.30 28.11 20.37 10.73 10.73 10.59 10.29 14.97 17.08 16.86 16.94 15.55 15.33 15.40 15.40 17.74 17.89 17.96 16.86 13.07 9.71 7.37 5.11 4.74 3.43 4.96 4.89 9.42 10.07 10.07 11.24 16.13 15.70 14.67 15.84 0.00 7.45
20.73 20.73 26.28 25.26 32.63 32.34 32.41 32.27 30.81 30.08 28.91 28.54 32.41 32.41 32.34 29.42 24.31 23.00 20.37 20.59 20.29 18.10 19.56 20.29 19.78 21.39 21.39 13.65 15.11 11.10 12.85 12.63 12.78 12.19 11.39 11.24 12.41 14.53 18.61 17.23 23.00 25.33 28.32 27.45 30.08 28.84 29.42 25.77 21.02 21.46 16.06 16.06 12.85 15.33 14.31 17.74 18.18 17.59 18.03 16.43 15.26 15.48 15.18 15.91 13.87 16.28 18.69 17.59 13.87 7.15 13.43 9.71 6.06 6.64 7.01 8.10 8.10 9.93 10.07 13.21 13.94 16.13 8.76 0.00
26.86 26.86 28.03 32.27 33.00 32.78 32.34 33.29 33.58 32.27 29.57 32.41 32.85 30.88 25.19 24.02 23.94 24.53 23.65 19.42 20.95 17.89 20.51 22.34 22.27 23.94 23.94 15.40 11.17 11.46 11.46 13.07 11.97 12.85 10.66 13.43 16.79 15.84 19.42 23.65 22.92 23.94 26.21 27.59 29.42 29.78 26.35 22.27 22.92 18.61 16.28 16.28 16.79 15.99 23.73 24.02 20.15 24.02 24.60 24.31 22.85 23.29 22.92 20.37 16.72 16.86 18.32 18.69 20.37 18.91 18.47 16.35 14.16 16.35 11.46 14.02 14.02 9.42 12.99 13.43 13.80 0.00 0.00 0.00
26.94 26.94 28.76 32.85 34.24 35.77 35.99 35.33 34.16 33.94 33.00 33.36 32.19 30.08 25.92 25.33 25.77 26.28 23.87 19.42 17.52 16.94 18.47 24.53 24.60 18.25 18.25 19.56 11.97 13.43 13.36 13.43 13.43 15.04 14.60 14.82 20.08 23.00 22.56 24.75 24.16 23.58 23.21 22.19 21.75 28.47 25.92 21.90 17.52 18.40 15.70 15.70 18.03 25.04 23.73 26.65 25.99 28.25 26.35 27.01 25.77 24.60 24.82 23.80 18.69 17.67 19.49 20.66 21.68 19.71 17.08 17.16 18.76 16.64 17.01 11.39 11.39 11.75 10.15 14.31 0.00 0.00 0.00 0.00
28.62 28.62 28.40 29.93 34.24 34.60 35.99 37.08 38.54 36.57 33.87 33.87 31.83 32.34 27.52 25.33 23.21 20.15 21.90 16.06 17.30 19.56 23.58 23.36 21.24 17.81 17.81 16.06 15.99 14.24 14.09 12.34 15.33 17.45 23.00 24.75 23.29 23.43 20.59 18.61 21.24 16.43 16.57 15.77 16.50 11.53 9.78 9.64 13.58 13.36 12.78 12.78 15.48 22.70 27.96 26.94 30.08 29.64 30.22 27.74 29.42 24.89 18.98 18.32 16.35 16.72 16.06 19.56 17.30 17.23 16.13 14.89 14.31 14.67 15.26 15.04 15.04 14.45 10.22 0.00 0.00 0.00 0.00 0.00
31.17 31.17 30.00 33.07 34.67 34.97 37.45 37.74 38.62 37.81 30.51 31.61 31.90 25.48 24.60 25.26 22.19 10.15 15.77 13.14 17.96 15.70 20.66 20.81 18.61 18.91 18.91 19.35 17.89 16.21 13.36 6.79 8.40 16.28 21.39 19.20 11.90 21.61 14.60 7.45 0.00 0.15 8.25 8.83 8.32 7.59 6.94 9.71 8.69 11.53 16.21 16.21 16.50 21.97 20.00 27.81 26.43 23.51 23.87 24.31 23.29 15.84 16.94 14.24 12.99 5.69 6.57 13.14 11.68 16.06 14.89 16.35 15.26 13.87 12.92 12.99 12.99 13.58 11.75 8.83 0.00 0.00 0.00 0.00
31.17 31.17 30.00 33.07 34.67 34.97 37.45 37.74 38.62 37.81 30.51 31.61 31.90 25.48 24.60 25.26 22.19 10.15 15.77 13.14 17.96 15.70 20.66 20.81 18.61 18.91 18.91 19.35 17.89 16.21 13.36 6.79 8.40 16.28 21.39 19.20 11.90 21.61 14.60 7.45 0.00 0.15 8.25 8.83 8.32 7.59 6.94 9.71 8.69 11.53 16.21 16.21 16.50 21.97 20.00 27.81 26.43 23.51 23.87 24.31 23.29 15.84 16.94 14.24 12.99 5.69 6.57 13.14 11.68 16.06 14.89 16.35 15.26 13.87 12.92 12.99 12.99 13.58 11.75 8.83 0.00 0.00 0.00 0.00
33.22 33.22 35.55 35.77 35.77 37.23 37.01 36.06 28.76 24.97 24.67 27.45 25.84 19.27 16.86 4.82 5.18 3.29 7.08 3.29 8.83 10.22 5.48 16.72 19.35 19.05 19.05 22.12 16.72 2.77 0.00 0.00 0.88 13.72 13.21 12.56 2.99 0.00 7.96 1.17 0.00 0.00 0.00 3.07 4.60 4.23 4.02 9.13 13.14 18.18 17.37 17.37 19.64 22.48 26.50 25.62 25.33 19.78 20.29 19.27 22.34 19.86 4.96 1.97 3.50 3.29 3.50 5.77 6.20 11.39 14.60 12.26 14.31 12.26 11.68 9.71 9.71 10.59 0.00 0.00 0.00 0.00 0.00 0.00
34.46 34.46 32.70 30.08 31.68 32.70 30.00 20.29 17.45 16.50 7.45 10.44 9.64 12.12 0.00 0.00 0.00 0.00 0.00 0.00 0.00 0.00 0.00 2.99 15.62 12.56 12.56 15.18 17.45 0.73 0.00 0.00 0.00 0.00 2.63 0.00 0.00 0.00 0.00 0.00 0.00 0.00 0.88 0.07 2.12 3.14 5.69 6.94 13.07 19.13 23.73 23.73 23.07 23.80 23.73 19.27 6.86 13.43 3.21 5.48 6.86 3.21 4.60 0.00 0.00 0.00 0.37 4.38 0.51 3.14 8.69 7.66 6.64 8.69 3.14 6.13 6.13 0.00 0.00 0.00 0.00 0.00 0.00 0.00
34.67 34.67 35.11 28.18 26.86 28.11 21.68 18.40 11.02 4.89 5.33 5.84 0.00 0.00 0.00 0.00 0.00 0.00 0.00 0.00 0.00 0.00 0.00 0.00 5.69 5.26 5.26 0.00 0.00 0.88 0.00 0.00 0.00 0.00 0.00 0.00 0.00 0.00 0.00 0.00 0.00 0.00 0.00 0.29 2.04 1.83 2.26 5.26 5.11 5.48 7.23 7.23 17.08 14.02 7.15 8.25 2.04 0.00 0.37 0.00 0.80 0.29 0.00 0.00 0.00 0.00 0.00 0.00 0.00 0.00 0.00 0.00 1.68 0.00 0.44 0.00 0.00 0.00 0.00 0.00 0.00 0.00 0.00 0.00
33.73 33.73 33.87 24.82 18.32 18.18 18.40 15.04 4.45 5.11 4.09 0.00 0.00 0.00 0.00 0.00 0.00 0.00 0.00 0.00 0.00 0.00 0.00 0.00 0.00 0.00 0.00 0.00 0.00 0.00 0.00 0.00 0.00 0.00 0.00 0.00 0.00 0.00 0.00 0.00 0.00 0.00 0.00 0.00 0.00 0.00 0.00 0.58 1.39 3.21 9.86 9.86 8.10 9.56 4.67 0.00 0.44 0.00 0.00 0.00 0.00 0.00 0.00 0.00 0.00 0.00 0.00 0.00 0.00 0.00 0.00 0.00 0.00 0.00 0.00 0.00 0.00 6.35 0.00 0.00 0.00 0.00 0.00 0.00
14.97 14.97 10.44 13.29 13.87 14.02 8.40 5.33 0.00 0.00 0.00 0.00 0.00 0.00 0.00 0.00 0.00 0.00 0.00 0.00 0.00 0.00 0.00 0.00 0.00 0.00 0.00 0.00 0.00 0.00 0.00 0.00 0.00 0.00 0.00 0.00 0.00 0.00 0.00 0.00 0.00 0.00 0.00 0.00 0.00 0.00 0.00 0.00 0.00 0.00 1.53 1.53 3.29 3.14 1.24 0.00 0.00 0.00 0.00 0.00 0.00 0.00 0.00 0.00 0.00 0.00 0.00 0.00 0.00 0.00 0.00 0.00 0.00 0.00 5.69 0.00 0.00 0.00 0.00 0.00 0.00 0.00 0.00 0.00
10.15 10.15 10.73 11.24 11.46 8.25 4.67 0.00 0.00 0.00 0.00 0.00 0.00 0.00 0.00 0.00 0.00 0.00 0.00 0.00 0.00 0.00 0.00 0.00 0.00 0.00 0.00 0.00 0.00 0.00 0.00 0.00 0.00 0.00 0.00 0.00 0.00 0.00 0.00 0.00 0.00 0.00 0.00 0.00 0.00 0.00 0.00 0.00 0.00 0.00 0.00 0.00 0.00 1.02 0.00 1.31 0.00 1.02 0.51 0.00 0.00 0.00 0.00 0.00 0.00 0.00 0.00 0.00 0.00 0.00 0.00 0.00 0.00 0.00 0.00 0.00 0.00 0.00 0.00 0.00 0.00 0.00 0.00 5.04
10.15 10.15 10.73 11.24 11.46 8.25 4.67 0.00 0.00 0.00 0.00 0.00 0.00 0.00 0.00 0.00 0.00 0.00 0.00 0.00 0.00 0.00 0.00 0.00 0.00 0.00 0.00 0.00 0.00 0.00 0.00 0.00 0.00 0.00 0.00 0.00 0.00 0.00 0.00 0.00 0.00 0.00 0.00 0.00 0.00 0.00 0.00 0.00 0.00 0.00 0.00 0.00 0.00 1.02 0.00 1.31 0.00 1.02 0.51 0.00 0.00 0.00 0.00 0.00 0.00 0.00 0.00 0.00 0.00 0.00 0.00 0.00 0.00 0.00 0.00 0.00 0.00 0.00 0.00 0.00 0.00 0.00 0.00 5.04
5.55 5.55 10.80 11.02 3.21 4.67 1.90 0.00 0.00 0.00 0.00 0.00 0.00 0.00 0.00 0.00 0.00 0.00 0.00 0.00 0.00 0.00 0.00 0.00 0.00 0.00 0.00 0.00 0.00 0.00 0.00 0.00 0.00 0.00 0.00 0.00 0.00 0.00 0.00 0.00 0.00 0.00 0.00 0.00 0.00 0.00 0.00 0.00 0.00 0.00 0.00 0.00 1.83 2.19 1.68 3.14 3.65 1.75 0.00 0.00 0.00 0.00 0.00 0.00 0.00 0.00 0.00 0.00 0.00 0.00 0.00 0.00 0.00 0.00 0.00 0.00 0.00 0.00 0.00 0.00 0.00 0.00 0.00 0.00
