Wansh/Snow_depth/snowdepth-1995/spring/1995074.txt
ncols 321
nrows 161
xllcenter 60
yllcenter 15 
cellsize  0.25 
NODATA_value -1
[rows 0 to 36 of 161, columns 0 to 83 of 321]
8.47 8.47 14.16 16.35 15.91 14.89 13.65 13.65 8.98 27.16 30.59 29.86 31.76 31.10 31.97 31.54 31.32 31.32 27.01 31.17 31.97 30.95 31.46 31.83 31.32 32.78 32.78 31.90 30.59 31.03 30.95 31.17 30.08 30.00 30.22 31.03 30.73 30.88 31.54 31.39 30.95 34.24 33.00 32.63 33.80 32.92 33.07 30.66 31.46 29.20 26.65 26.65 27.45 24.16 25.55 24.53 29.86 28.54 29.71 28.84 29.05 26.86 25.04 27.74 26.43 26.50 25.62 23.21 23.51 20.29 17.01 21.39 18.83 19.05 18.83 19.42 19.42 19.27 20.29 19.20 19.27 21.24 22.56 22.34
15.84 15.84 20.81 19.78 19.86 25.62 26.50 26.06 27.45 30.66 32.85 34.31 34.09 34.38 33.14 33.22 32.49 32.92 32.56 31.90 32.56 32.34 32.92 32.85 32.78 32.85 32.85 31.83 31.54 32.70 32.34 32.41 30.95 30.15 30.22 31.03 32.92 32.56 32.85 34.60 35.04 34.97 33.65 33.73 34.09 30.73 29.57 30.37 27.74 28.40 25.99 25.99 23.00 22.63 24.45 29.27 28.84 27.38 22.70 23.58 24.45 25.04 22.78 20.29 20.37 20.66 21.61 22.05 18.69 19.56 15.55 15.33 15.33 17.96 20.88 20.22 20.22 23.87 25.55 22.12 22.85 22.27 23.87 24.97
21.46 21.46 25.40 25.26 24.09 28.11 28.84 31.10 32.56 31.97 34.02 35.33 34.60 33.36 33.51 32.78 33.07 33.73 33.00 32.78 32.70 32.49 32.85 33.07 31.46 31.17 31.17 31.24 31.17 31.46 31.90 31.03 31.32 30.81 31.54 31.03 32.63 32.12 33.94 33.80 32.70 32.49 33.07 29.57 29.13 30.15 25.77 26.57 27.45 22.48 23.29 23.29 20.95 21.02 20.59 20.00 16.50 23.51 19.05 15.26 15.70 15.99 20.00 18.91 20.44 19.86 21.10 19.20 19.49 19.05 20.88 17.16 19.86 19.35 21.46 24.82 24.82 23.94 26.72 27.30 27.23 26.13 25.92 26.13
21.46 21.46 25.40 25.26 24.09 28.11 28.84 31.10 32.56 31.97 34.02 35.33 34.60 33.36 33.51 32.78 33.07 33.73 33.00 32.78 32.70 32.49 32.85 33.07 31.46 31.17 31.17 31.24 31.17 31.46 31.90 31.03 31.32 30.81 31.54 31.03 32.63 32.12 33.94 33.80 32.70 32.49 33.07 29.57 29.13 30.15 25.77 26.57 27.45 22.48 23.29 23.29 20.95 21.02 20.59 20.00 16.50 23.51 19.05 15.26 15.70 15.99 20.00 18.91 20.44 19.86 21.10 19.20 19.49 19.05 20.88 17.16 19.86 19.35 21.46 24.82 24.82 23.94 26.72 27.30 27.23 26.13 25.92 26.13
26.28 26.28 26.65 26.57 24.82 32.49 32.70 31.76 33.65 35.77 36.14 36.50 34.89 33.36 33.22 32.85 33.00 32.85 33.22 32.78 32.05 30.00 29.78 30.81 30.51 31.76 31.76 31.54 30.95 31.10 30.73 30.00 31.03 30.66 30.51 30.08 30.66 31.03 32.70 32.12 32.34 31.17 28.69 29.57 26.57 24.75 25.40 23.43 20.00 22.27 16.94 16.94 12.99 13.80 16.79 14.53 14.97 11.75 12.05 13.07 14.24 13.14 19.49 21.83 21.17 21.97 22.05 20.37 20.08 19.93 21.10 23.94 24.45 24.45 26.65 27.30 27.30 27.30 28.18 27.67 27.67 25.40 24.82 24.82
33.58 33.58 30.59 33.65 34.53 35.19 34.31 34.46 36.28 36.57 36.50 33.73 33.22 33.29 33.43 34.60 32.49 31.03 31.39 30.08 30.66 29.42 29.42 30.95 32.27 32.05 32.05 31.97 31.17 29.78 29.78 29.64 30.30 29.86 30.30 31.17 30.88 32.27 32.12 32.12 30.88 31.54 28.03 27.16 27.45 25.40 22.92 23.73 20.51 18.61 18.10 18.10 13.43 11.97 12.56 11.10 11.24 11.53 12.05 13.94 13.14 18.91 17.45 21.90 22.41 22.48 21.24 21.39 21.24 20.59 23.36 23.07 23.87 25.26 24.67 26.57 26.57 27.59 27.23 28.03 26.72 27.16 25.55 24.97
32.78 32.78 31.76 32.34 34.09 35.33 36.06 35.99 35.92 35.55 33.58 32.63 32.63 31.24 33.51 33.07 32.70 29.42 29.49 29.13 28.76 28.62 28.54 30.08 31.90 32.63 32.63 31.03 31.54 31.03 29.64 29.42 29.49 30.15 27.59 27.52 28.32 28.03 31.39 31.39 28.47 26.50 27.74 23.36 24.60 25.48 21.61 20.29 21.32 19.27 17.81 17.81 18.40 12.48 11.68 11.46 15.04 14.31 14.02 15.91 18.32 17.89 19.35 19.64 21.61 20.51 20.66 20.44 19.42 19.86 18.03 19.27 19.35 18.91 20.00 22.05 22.05 21.46 22.05 23.73 23.21 26.35 25.40 25.77
32.78 32.78 31.76 32.34 34.09 35.33 36.06 35.99 35.92 35.55 33.58 32.63 32.63 31.24 33.51 33.07 32.70 29.42 29.49 29.13 28.76 28.62 28.54 30.08 31.90 32.63 32.63 31.03 31.54 31.03 29.64 29.42 29.49 30.15 27.59 27.52 28.32 28.03 31.39 31.39 28.47 26.50 27.74 23.36 24.60 25.48 21.61 20.29 21.32 19.27 17.81 17.81 18.40 12.48 11.68 11.46 15.04 14.31 14.02 15.91 18.32 17.89 19.35 19.64 21.61 20.51 20.66 20.44 19.42 19.86 18.03 19.27 19.35 18.91 20.00 22.05 22.05 21.46 22.05 23.73 23.21 26.35 25.40 25.77
29.86 29.86 31.76 33.65 32.92 34.75 35.11 30.81 31.61 31.76 31.76 31.61 30.66 30.59 31.46 28.98 26.50 26.13 26.50 26.86 27.30 28.18 30.81 31.90 31.76 31.97 31.97 30.08 29.42 29.49 29.27 28.11 27.08 27.38 25.77 24.38 26.28 26.06 26.86 26.57 27.89 22.92 22.41 22.12 22.78 21.32 21.97 20.29 19.86 19.13 19.49 19.49 17.16 18.25 18.54 17.89 17.16 19.42 18.47 18.76 19.13 19.49 19.56 18.76 18.10 18.61 17.89 18.25 18.83 17.59 17.01 17.81 18.40 18.91 18.83 19.93 19.93 18.91 19.49 18.25 23.58 21.83 24.75 21.97
27.96 27.96 29.57 27.52 28.47 28.98 28.32 29.93 30.30 29.49 30.59 29.86 30.37 29.64 30.51 26.35 25.19 25.11 25.99 26.72 29.27 28.47 30.37 30.73 29.71 29.42 29.42 29.64 28.54 28.62 28.03 28.11 25.99 24.31 24.89 24.53 23.94 25.48 25.11 26.50 24.09 24.60 23.29 22.70 22.19 22.85 20.44 19.13 19.20 20.44 20.00 20.00 19.93 20.00 20.08 20.15 19.56 20.08 18.47 18.18 18.10 17.89 17.45 19.71 19.13 17.81 17.89 17.59 16.43 15.33 15.33 16.50 17.30 17.16 18.40 19.42 19.42 19.78 18.98 18.18 17.89 20.81 21.90 21.83
25.84 25.84 25.40 26.13 26.65 26.94 26.94 28.25 28.76 29.20 27.81 25.19 25.77 25.84 28.76 29.35 25.11 24.24 24.67 26.86 27.16 25.77 26.86 26.28 28.98 29.27 29.27 28.25 28.03 28.98 26.86 25.40 26.21 24.97 23.07 23.80 23.58 25.19 26.57 26.50 24.53 24.09 24.24 24.02 23.36 22.05 23.00 21.17 20.29 20.15 19.93 19.93 19.78 20.51 20.00 18.98 19.05 17.08 16.06 17.45 17.37 16.72 17.23 13.65 15.04 14.53 13.87 12.48 14.60 14.02 14.38 14.60 16.86 17.89 17.37 18.98 18.98 20.22 22.19 21.24 22.85 23.14 21.75 21.83
25.84 25.84 25.40 26.13 26.65 26.94 26.94 28.25 28.76 29.20 27.81 25.19 25.77 25.84 28.76 29.35 25.11 24.24 24.67 26.86 27.16 25.77 26.86 26.28 28.98 29.27 29.27 28.25 28.03 28.98 26.86 25.40 26.21 24.97 23.07 23.80 23.58 25.19 26.57 26.50 24.53 24.09 24.24 24.02 23.36 22.05 23.00 21.17 20.29 20.15 19.93 19.93 19.78 20.51 20.00 18.98 19.05 17.08 16.06 17.45 17.37 16.72 17.23 13.65 15.04 14.53 13.87 12.48 14.60 14.02 14.38 14.60 16.86 17.89 17.37 18.98 18.98 20.22 22.19 21.24 22.85 23.14 21.75 21.83
23.58 23.58 24.16 25.70 24.24 24.60 25.77 25.70 21.68 22.12 22.12 23.58 23.94 22.92 22.63 22.27 22.48 22.63 23.73 22.56 23.29 25.04 26.57 27.01 27.08 26.94 26.94 27.45 24.38 24.53 24.75 24.09 21.10 20.81 21.97 22.48 24.82 24.75 23.73 23.73 24.16 22.70 24.24 23.73 24.02 23.07 22.41 22.48 20.66 19.42 19.56 19.56 18.91 18.25 18.69 17.81 16.86 17.30 15.40 14.53 14.60 13.87 10.66 11.10 12.19 13.65 13.43 13.58 14.75 14.38 15.11 15.11 17.96 16.94 18.40 17.67 17.67 17.23 21.46 24.09 24.82 24.53 22.05 17.74
22.63 22.63 21.83 22.41 23.65 23.00 20.95 21.24 19.78 19.20 17.59 19.64 19.05 21.39 20.22 20.15 21.90 22.63 22.56 23.00 22.63 24.31 25.11 25.62 25.48 23.80 23.80 24.02 22.70 19.05 18.40 18.47 19.78 20.66 21.97 21.61 21.83 22.34 23.14 19.42 21.61 21.17 22.63 23.51 22.85 22.63 22.19 19.49 20.22 17.96 17.52 17.52 17.59 16.86 14.60 14.89 16.43 16.21 16.72 13.72 9.42 10.66 4.89 4.60 7.88 10.29 13.87 13.29 15.33 14.97 14.67 14.82 16.43 18.91 18.32 18.69 18.69 22.34 21.61 20.44 20.66 20.51 18.83 19.42
23.87 23.87 21.75 20.81 19.42 20.22 19.05 19.49 18.47 17.30 17.59 17.16 17.08 20.08 21.32 20.81 22.27 23.65 23.73 23.00 23.43 23.51 24.24 24.24 22.92 22.41 22.41 22.92 21.83 18.76 18.54 18.47 18.47 20.08 18.25 20.59 20.37 17.30 18.47 18.40 20.08 21.61 20.15 20.44 21.83 20.73 20.37 19.13 17.67 17.81 16.94 16.94 16.50 16.50 14.31 15.11 14.89 14.53 11.46 13.94 10.51 5.69 5.26 5.04 6.86 9.49 9.13 13.07 13.87 13.65 13.72 14.24 16.35 15.11 21.61 23.94 23.94 22.92 23.29 20.73 19.27 18.83 18.25 16.50
21.24 21.24 19.71 20.22 19.20 18.76 16.50 17.37 17.52 17.52 17.16 15.40 16.43 17.30 21.61 21.75 21.68 22.85 23.14 22.85 22.41 22.05 22.05 21.97 21.83 22.12 22.12 21.24 19.56 19.64 19.56 17.45 14.97 16.94 17.30 17.81 15.48 15.84 17.81 20.81 19.78 20.88 18.91 18.18 17.96 19.35 18.61 18.76 17.59 16.86 16.72 16.72 17.01 15.62 13.36 14.02 12.56 10.44 10.88 9.13 8.40 8.32 7.81 5.84 4.60 6.79 9.86 9.27 12.12 12.99 13.87 13.58 14.31 21.53 23.29 23.51 23.51 23.36 23.36 19.78 20.51 20.66 17.67 16.28
21.24 21.24 19.71 20.22 19.20 18.76 16.50 17.37 17.52 17.52 17.16 15.40 16.43 17.30 21.61 21.75 21.68 22.85 23.14 22.85 22.41 22.05 22.05 21.97 21.83 22.12 22.12 21.24 19.56 19.64 19.56 17.45 14.97 16.94 17.30 17.81 15.48 15.84 17.81 20.81 19.78 20.88 18.91 18.18 17.96 19.35 18.61 18.76 17.59 16.86 16.72 16.72 17.01 15.62 13.36 14.02 12.56 10.44 10.88 9.13 8.40 8.32 7.81 5.84 4.60 6.79 9.86 9.27 12.12 12.99 13.87 13.58 14.31 21.53 23.29 23.51 23.51 23.36 23.36 19.78 20.51 20.66 17.67 16.28
20.66 20.66 19.93 19.71 17.08 16.64 16.72 16.86 18.54 17.30 15.40 15.62 16.72 17.74 19.42 20.59 23.07 22.56 22.70 21.46 21.46 21.90 21.46 20.15 21.97 21.46 21.46 21.90 21.17 19.05 19.71 17.30 14.38 14.53 13.51 13.43 14.89 16.79 14.75 19.71 17.81 15.99 17.89 17.52 18.18 17.96 18.40 18.18 18.54 17.59 17.08 17.08 15.84 16.35 12.92 10.95 11.32 10.88 8.83 8.83 8.61 9.71 9.13 9.05 5.84 6.06 5.40 7.88 8.40 10.66 10.00 14.24 17.67 18.25 21.17 21.17 21.17 21.90 21.46 21.32 17.67 17.96 17.37 17.59
20.37 20.37 20.00 18.76 18.25 17.45 18.32 18.18 18.32 18.18 16.43 18.98 19.20 18.10 21.39 20.29 21.02 21.10 21.02 21.39 21.46 18.98 19.56 19.49 20.08 19.27 19.27 19.56 20.37 18.25 14.75 13.21 13.94 11.90 10.80 8.10 8.10 12.63 14.31 13.21 16.13 15.91 20.08 16.57 19.05 19.78 19.78 18.54 18.61 17.45 18.03 18.03 16.13 12.56 13.14 12.41 12.78 13.51 14.31 14.89 15.33 12.05 13.43 8.98 10.22 6.20 6.57 6.57 6.50 9.20 11.97 11.32 13.94 18.83 19.13 21.17 21.17 20.08 19.64 17.08 16.21 16.13 16.64 14.24
22.12 22.12 21.17 20.51 19.93 20.44 20.44 19.64 21.68 22.05 22.05 20.00 23.87 20.73 23.29 22.12 22.78 21.68 20.44 21.02 20.22 17.37 18.18 16.57 15.99 16.86 16.86 14.60 14.31 14.67 13.80 12.85 11.32 11.61 9.86 8.10 9.78 9.64 12.34 15.26 16.86 16.06 20.73 22.48 21.32 21.46 20.81 21.46 20.59 18.61 16.43 16.43 17.37 14.09 14.45 14.24 14.82 15.84 15.26 17.16 17.01 18.32 17.89 18.91 16.43 12.34 13.36 10.29 9.13 8.40 8.47 7.01 7.52 6.79 14.02 20.00 20.00 19.86 19.49 19.64 17.30 14.53 13.07 12.19
20.66 20.66 20.29 21.17 21.10 21.39 21.17 24.45 24.31 23.51 24.24 22.92 23.87 23.14 22.56 21.17 21.75 20.22 18.61 15.91 16.79 14.31 15.91 15.40 15.70 14.82 14.82 15.26 14.31 14.97 13.07 13.21 12.85 10.51 11.39 9.05 12.34 13.94 12.85 15.40 17.30 20.44 20.15 21.75 22.63 22.92 22.34 20.44 18.83 19.35 16.94 16.94 14.53 14.97 14.31 14.38 15.40 15.11 17.81 18.54 18.32 18.40 18.83 18.61 18.40 15.18 12.85 13.07 12.19 9.64 8.03 8.61 7.15 12.34 13.80 15.99 15.99 16.21 16.64 16.94 16.13 15.11 12.26 12.63
18.47 18.47 20.37 23.07 22.92 24.24 24.60 24.38 24.38 23.65 23.94 24.53 24.82 23.21 22.92 26.13 24.09 20.81 18.40 19.64 15.26 14.97 17.16 14.53 14.53 16.43 16.43 15.77 18.18 16.06 16.13 12.99 13.72 12.12 12.05 11.53 11.83 12.99 14.82 15.84 15.77 16.72 20.37 20.08 21.61 21.17 21.17 20.59 18.40 16.50 16.57 16.57 16.72 15.62 15.77 14.67 15.33 15.70 15.40 16.35 16.21 18.03 18.03 17.81 16.94 17.23 15.70 14.24 13.14 11.83 10.51 10.29 10.22 10.66 10.88 14.67 14.67 14.75 12.99 15.26 14.67 15.91 14.16 12.70
18.47 18.47 20.37 23.07 22.92 24.24 24.60 24.38 24.38 23.65 23.94 24.53 24.82 23.21 22.92 26.13 24.09 20.81 18.40 19.64 15.26 14.97 17.16 14.53 14.53 16.43 16.43 15.77 18.18 16.06 16.13 12.99 13.72 12.12 12.05 11.53 11.83 12.99 14.82 15.84 15.77 16.72 20.37 20.08 21.61 21.17 21.17 20.59 18.40 16.50 16.57 16.57 16.72 15.62 15.77 14.67 15.33 15.70 15.40 16.35 16.21 18.03 18.03 17.81 16.94 17.23 15.70 14.24 13.14 11.83 10.51 10.29 10.22 10.66 10.88 14.67 14.67 14.75 12.99 15.26 14.67 15.91 14.16 12.70
18.61 18.61 20.81 23.14 23.65 23.07 24.02 24.38 24.02 23.94 24.31 24.09 24.45 25.70 26.94 27.38 25.04 23.21 23.14 20.81 19.20 19.78 19.71 19.93 17.89 20.81 20.81 21.39 17.45 17.59 17.81 14.89 13.14 13.51 10.07 10.22 13.58 13.51 13.43 15.99 16.13 15.70 17.52 20.08 19.56 20.81 20.81 18.69 17.74 16.13 16.72 16.72 16.21 16.64 16.94 16.21 15.99 16.28 16.28 16.13 16.06 17.30 18.61 18.25 18.18 17.67 19.35 19.05 16.79 11.75 11.39 11.10 11.75 10.51 12.26 10.95 10.95 12.05 12.12 12.99 17.96 18.25 15.26 16.21
21.97 21.97 23.43 23.00 23.58 22.92 25.40 25.70 26.06 27.59 27.23 28.11 27.74 26.50 24.97 24.89 23.80 24.09 24.16 23.00 23.00 21.61 21.53 25.99 25.33 23.73 23.73 21.97 22.70 17.01 15.55 16.13 11.90 9.86 10.51 10.73 11.32 13.14 12.41 16.57 17.45 17.89 17.23 20.66 22.12 21.53 22.19 21.17 19.64 16.72 16.43 16.43 16.50 17.30 16.94 18.76 20.29 17.74 17.96 17.96 18.25 18.10 19.71 19.71 18.47 18.76 19.56 18.91 19.20 15.91 13.65 16.86 17.01 14.89 15.48 13.43 13.43 11.39 12.19 15.99 19.56 19.42 19.35 18.25
24.45 24.45 24.38 26.86 26.94 26.94 26.79 26.94 31.97 29.93 29.93 28.54 28.18 25.70 25.19 25.33 25.11 25.99 24.82 22.19 22.63 22.70 24.67 26.43 24.60 25.33 25.33 20.66 18.03 17.30 17.08 13.58 10.80 12.19 9.20 11.75 10.80 17.30 19.56 18.47 21.46 18.98 20.95 20.08 22.41 22.19 22.34 22.48 21.02 18.25 18.98 18.98 16.35 17.96 19.71 19.27 21.83 23.65 24.75 24.60 24.89 24.60 24.97 24.75 23.51 20.51 20.51 20.37 19.86 18.18 16.50 16.64 16.43 18.40 20.44 17.96 17.96 13.14 13.87 13.14 15.11 19.78 20.88 21.61
26.43 26.43 28.18 27.38 26.86 28.11 31.39 33.00 32.85 31.76 31.24 29.42 28.11 29.71 27.38 25.77 25.55 22.85 22.63 22.41 23.07 24.38 23.87 24.97 20.73 19.49 19.49 19.05 18.18 19.05 17.30 15.84 13.94 14.60 19.78 11.75 17.45 15.99 21.32 22.27 21.97 21.61 21.68 21.24 21.10 20.73 17.59 19.27 19.56 18.18 17.30 17.30 16.21 16.57 21.02 23.73 23.29 24.97 25.99 25.70 25.77 25.19 24.82 24.09 24.53 21.68 20.22 20.59 20.73 19.78 18.40 20.44 20.66 21.10 20.81 20.66 20.66 18.69 17.23 14.89 17.52 18.10 21.10 21.61
28.62 28.62 28.62 27.23 27.67 29.57 31.24 33.43 32.92 32.05 32.63 30.22 28.62 29.35 27.89 21.68 20.59 19.49 20.37 13.87 21.02 21.97 19.49 20.51 20.44 19.35 19.35 19.86 20.15 20.22 20.37 16.50 16.94 17.67 22.41 23.58 22.19 21.10 19.64 21.24 21.83 19.42 22.12 20.29 19.05 15.18 16.06 14.45 17.30 17.08 17.37 17.37 15.62 16.86 15.99 22.19 24.09 24.09 26.79 25.62 24.31 23.29 23.58 22.19 19.71 20.00 19.35 18.98 19.56 20.73 22.48 21.61 21.90 21.61 23.00 22.78 22.78 19.49 15.33 16.06 20.66 21.83 21.68 23.21
28.62 28.62 28.62 27.23 27.67 29.57 31.24 33.43 32.92 32.05 32.63 30.22 28.62 29.35 27.89 21.68 20.59 19.49 20.37 13.87 21.02 21.97 19.49 20.51 20.44 19.35 19.35 19.86 20.15 20.22 20.37 16.50 16.94 17.67 22.41 23.58 22.19 21.10 19.64 21.24 21.83 19.42 22.12 20.29 19.05 15.18 16.06 14.45 17.30 17.08 17.37 17.37 15.62 16.86 15.99 22.19 24.09 24.09 26.79 25.62 24.31 23.29 23.58 22.19 19.71 20.00 19.35 18.98 19.56 20.73 22.48 21.61 21.90 21.61 23.00 22.78 22.78 19.49 15.33 16.06 20.66 21.83 21.68 23.21
28.47 28.47 29.20 28.91 30.15 29.78 30.59 31.39 32.85 32.27 31.54 30.00 27.38 16.50 15.91 12.92 9.64 4.53 8.61 6.13 13.58 9.86 18.54 20.08 18.91 19.13 19.13 20.22 20.22 17.45 18.61 14.75 14.75 12.26 18.98 16.94 13.43 16.86 12.78 9.05 7.74 15.91 17.52 19.05 19.05 15.18 14.45 14.24 16.06 16.43 16.06 16.06 16.50 16.86 21.32 22.85 22.70 22.63 22.27 21.90 21.61 22.34 20.66 19.64 19.71 20.15 20.00 19.13 20.15 19.93 21.46 22.85 22.41 22.27 22.63 23.00 23.00 27.81 27.81 24.16 22.12 19.56 21.46 19.93
30.44 30.44 29.13 28.69 29.05 29.27 30.22 29.86 32.56 31.97 32.85 27.08 13.07 9.05 4.82 2.56 0.00 0.00 0.37 0.00 6.06 4.16 14.45 13.65 18.54 20.15 20.15 19.78 17.52 15.04 7.15 12.34 11.97 6.06 9.86 8.18 6.57 11.61 5.18 0.73 1.31 5.99 10.66 9.93 18.61 15.91 16.43 16.35 18.10 18.47 20.44 20.44 21.97 22.27 20.37 20.22 19.56 19.93 19.42 20.51 17.45 20.37 19.13 18.76 20.15 21.90 22.19 20.66 20.22 20.73 18.47 18.91 22.63 21.53 25.55 24.89 24.89 26.21 15.91 15.70 16.21 14.09 18.25 19.35
29.93 29.93 29.27 28.25 25.33 26.28 27.96 18.10 14.24 28.76 3.43 0.00 0.00 0.00 0.00 0.00 0.00 0.00 0.00 0.00 2.34 1.90 9.05 7.96 16.64 8.76 8.76 12.70 4.82 5.40 5.99 0.80 1.46 2.19 0.00 1.97 0.00 0.00 1.61 0.00 0.00 0.00 5.33 9.93 12.19 11.32 15.40 17.81 16.72 17.37 17.59 17.59 22.27 20.29 21.02 17.74 16.79 13.14 13.29 15.55 13.51 16.72 18.54 17.74 20.37 20.08 21.10 16.86 19.93 15.26 16.21 15.11 8.76 11.90 15.84 9.86 9.86 8.91 12.19 12.99 5.91 10.88 13.58 23.58
27.23 27.23 22.48 21.75 22.34 24.60 16.13 12.48 11.32 0.00 0.00 0.00 0.00 0.00 0.00 0.00 0.00 0.00 0.00 0.00 0.00 0.00 4.38 0.22 2.26 3.29 3.29 7.15 1.97 0.95 1.31 0.00 0.00 0.00 0.00 0.00 0.00 0.00 0.00 0.00 0.00 0.00 0.22 3.43 7.88 7.74 8.54 7.59 15.84 15.26 18.40 18.40 17.23 19.93 14.97 12.92 12.41 12.56 9.49 9.93 14.09 12.78 18.47 20.00 20.22 17.52 17.81 15.99 12.78 8.18 6.42 3.72 6.28 8.25 5.26 6.28 6.28 6.64 2.85 3.80 3.36 3.07 5.69 7.74
13.51 13.51 14.09 16.94 18.18 10.66 11.10 7.37 0.66 0.00 0.00 0.00 0.00 0.00 0.00 0.00 0.00 0.00 0.00 0.00 0.00 0.00 0.00 0.00 0.00 0.00 0.00 0.00 0.00 0.00 0.00 0.00 0.00 0.00 0.00 0.00 0.00 0.00 0.00 0.00 0.00 0.00 0.00 0.00 2.85 2.12 4.96 9.13 12.12 11.90 17.01 17.01 19.27 19.05 17.59 15.26 13.94 10.80 11.39 10.22 15.04 19.93 20.95 20.95 20.73 17.81 14.67 11.17 7.23 7.81 5.99 3.21 2.85 3.87 4.96 2.85 2.85 1.75 2.26 0.51 0.73 0.51 10.22 4.89
11.24 11.24 9.20 6.64 5.84 4.67 0.00 0.00 0.00 0.00 0.00 0.00 0.00 0.00 0.00 0.00 0.00 0.00 0.00 0.00 0.00 0.00 0.00 0.00 0.00 0.00 0.00 0.00 0.00 0.00 0.00 0.00 0.00 0.00 0.00 0.00 0.00 0.00 0.00 0.00 0.00 0.00 0.00 0.00 0.00 1.31 0.66 6.06 11.24 17.23 16.13 16.13 21.17 21.61 20.44 17.52 16.21 11.75 11.68 11.32 14.24 19.49 21.75 17.23 15.11 12.26 12.63 11.75 7.15 4.96 0.00 0.00 2.48 2.04 0.00 2.41 2.41 0.00 0.44 0.00 4.67 7.66 4.60 3.36
11.24 11.24 9.20 6.64 5.84 4.67 0.00 0.00 0.00 0.00 0.00 0.00 0.00 0.00 0.00 0.00 0.00 0.00 0.00 0.00 0.00 0.00 0.00 0.00 0.00 0.00 0.00 0.00 0.00 0.00 0.00 0.00 0.00 0.00 0.00 0.00 0.00 0.00 0.00 0.00 0.00 0.00 0.00 0.00 0.00 1.31 0.66 6.06 11.24 17.23 16.13 16.13 21.17 21.61 20.44 17.52 16.21 11.75 11.68 11.32 14.24 19.49 21.75 17.23 15.11 12.26 12.63 11.75 7.15 4.96 0.00 0.00 2.48 2.04 0.00 2.41 2.41 0.00 0.44 0.00 4.67 7.66 4.60 3.36
7.15 7.15 4.02 5.69 3.07 0.00 0.00 0.00 0.00 0.00 0.00 0.00 0.00 0.00 0.00 0.00 0.00 0.00 0.00 0.00 0.00 0.00 0.00 0.00 0.00 0.00 0.00 0.00 0.00 0.00 0.00 0.00 0.00 0.00 0.00 0.00 0.00 0.00 0.00 0.00 0.00 0.00 0.00 0.00 0.00 0.00 0.00 1.68 7.23 16.06 20.73 20.73 20.81 20.81 20.37 15.18 10.80 10.07 9.20 11.83 12.19 13.58 13.07 15.04 11.61 9.05 7.15 0.00 0.00 0.00 0.00 0.00 0.00 0.00 0.58 0.58 0.58 0.80 1.31 3.72 5.04 13.58 11.39 19.71
