Wansh/Snow_depth/snowdepth-1995/spring/1995079.txt
ncols 321
nrows 161
xllcenter 60
yllcenter 15 
cellsize  0.25 
NODATA_value -1
[rows 0 to 36 of 161, columns 168 to 251 of 321]
11.83 8.69 8.61 6.20 7.59 6.50 7.23 6.94 6.94 6.94 5.18 5.33 4.82 6.79 5.91 6.13 11.90 11.90 11.90 8.61 13.58 13.21 11.68 11.32 9.78 10.22 9.71 6.64 5.48 5.48 5.40 4.60 2.77 8.32 14.02 14.02 15.18 15.70 14.67 17.01 16.06 14.97 14.24 14.24 13.72 17.45 18.25 17.89 17.01 17.16 17.23 15.04 14.09 14.16 12.19 17.52 17.81 16.43 21.10 20.95 20.95 18.54 20.81 20.37 23.80 25.04 24.53 23.65 19.86 20.66 17.81 17.74 17.67 16.72 16.86 17.67 20.08 20.29 21.83 21.68 21.75 19.78 20.29 18.03
16.06 11.90 10.29 7.81 10.29 5.69 5.91 4.82 5.33 5.33 5.18 7.08 6.50 7.15 5.91 6.50 7.15 9.42 12.12 14.31 13.43 13.87 11.90 10.37 9.86 9.42 9.86 6.64 1.68 0.00 0.00 4.23 10.07 12.92 12.99 12.99 13.72 13.14 15.62 17.30 16.64 16.43 20.37 19.35 19.42 18.69 15.77 15.84 16.21 16.86 15.84 15.91 15.26 17.89 20.15 19.27 21.90 21.46 21.46 21.90 21.90 21.75 21.68 22.12 21.46 23.21 20.95 21.32 19.05 17.81 18.10 18.03 17.74 18.61 17.52 17.37 19.56 20.66 20.08 18.10 20.73 18.61 15.77 16.21
19.20 15.11 13.14 11.10 11.75 12.48 8.25 5.91 6.94 6.94 5.69 5.69 5.11 6.13 5.62 5.91 11.10 9.42 14.53 15.04 13.94 13.80 11.97 12.26 11.46 7.37 0.00 0.00 0.00 0.00 0.00 0.00 6.42 10.29 11.39 11.39 13.51 13.07 15.70 21.90 21.75 20.59 20.88 18.03 16.50 14.82 15.77 14.45 14.75 14.75 15.77 17.45 17.23 19.35 21.75 21.90 21.97 21.75 22.41 22.19 22.19 20.95 18.91 20.37 18.47 18.69 17.45 18.47 18.47 16.79 16.43 17.59 18.25 16.72 17.01 15.77 17.81 18.18 17.45 17.67 15.99 15.11 15.26 15.11
19.20 15.11 13.14 11.10 11.75 12.48 8.25 5.91 6.94 6.94 5.69 5.69 5.11 6.13 5.62 5.91 11.10 9.42 14.53 15.04 13.94 13.80 11.97 12.26 11.46 7.37 0.00 0.00 0.00 0.00 0.00 0.00 6.42 10.29 11.39 11.39 13.51 13.07 15.70 21.90 21.75 20.59 20.88 18.03 16.50 14.82 15.77 14.45 14.75 14.75 15.77 17.45 17.23 19.35 21.75 21.90 21.97 21.75 22.41 22.19 22.19 20.95 18.91 20.37 18.47 18.69 17.45 18.47 18.47 16.79 16.43 17.59 18.25 16.72 17.01 15.77 17.81 18.18 17.45 17.67 15.99 15.11 15.26 15.11
19.86 17.81 17.23 14.24 13.80 14.60 10.00 10.44 6.13 6.13 6.06 6.35 5.55 11.17 11.46 13.51 12.34 13.14 12.34 16.79 13.21 12.56 11.90 4.82 0.00 0.95 0.00 0.00 0.00 0.00 4.96 8.25 7.66 9.05 8.54 8.54 13.72 18.25 20.59 21.02 16.57 16.28 15.77 15.70 16.06 14.67 14.97 14.60 16.64 17.96 17.89 18.61 21.10 21.75 21.68 20.15 21.53 21.61 19.86 19.56 19.56 20.00 18.32 18.54 18.25 17.23 13.80 14.16 15.84 15.91 15.55 15.48 15.40 16.35 14.97 15.11 15.18 15.18 14.89 16.35 16.28 16.06 15.91 15.77
21.75 19.05 19.05 20.66 20.00 17.30 18.98 13.58 9.42 9.42 13.29 10.44 12.34 11.75 14.31 15.40 17.01 16.28 13.36 11.32 12.41 9.56 6.72 0.00 0.00 0.00 0.00 0.00 1.90 0.00 6.86 10.37 10.37 12.41 11.46 11.46 13.36 17.37 16.43 14.45 14.89 14.75 15.18 16.35 16.06 15.33 17.96 17.96 17.96 19.27 22.41 22.34 22.78 21.39 19.35 20.00 17.30 17.96 18.69 16.13 16.13 17.16 17.89 18.69 16.13 17.23 12.48 12.63 12.05 12.34 14.31 14.38 13.51 13.29 12.48 12.48 13.14 14.02 15.33 15.04 15.70 16.86 16.57 17.30
18.32 17.74 22.63 24.60 24.31 21.75 21.39 16.57 18.47 18.47 15.77 13.07 16.13 15.84 16.13 15.70 17.08 17.08 11.68 9.42 6.28 0.00 0.07 0.00 0.00 0.00 0.00 3.87 2.48 1.97 5.69 11.75 14.75 18.03 20.00 20.00 20.29 20.15 17.45 14.16 13.14 14.82 14.16 15.70 18.91 18.91 18.61 22.56 23.29 23.00 23.80 22.70 20.37 21.39 15.77 16.21 16.57 14.45 16.28 16.28 16.28 16.35 15.18 17.96 14.60 10.80 11.24 11.17 11.83 11.53 12.26 12.26 12.48 11.97 11.68 11.75 11.02 11.17 13.87 15.82 16.71 18.72 19.68 21.64
18.32 17.74 22.63 24.60 24.31 21.75 21.39 16.57 18.47 18.47 15.77 13.07 16.13 15.84 16.13 15.70 17.08 17.08 11.68 9.42 6.28 0.00 0.07 0.00 0.00 0.00 0.00 3.87 2.48 1.97 5.69 11.75 14.75 18.03 20.00 20.00 20.29 20.15 17.45 14.16 13.14 14.82 14.16 15.70 18.91 18.91 18.61 22.56 23.29 23.00 23.80 22.70 20.37 21.39 15.77 16.21 16.57 14.45 16.28 16.28 16.28 16.35 15.18 17.96 14.60 10.80 11.24 11.17 11.83 11.53 12.26 12.26 12.48 11.97 11.68 13.59 15.20 16.07 19.00 26.87 27.59 24.92 25.32 22.45
16.21 18.69 21.10 23.73 23.29 21.75 20.66 18.83 15.40 15.40 15.62 15.77 17.52 18.69 16.79 18.76 12.92 18.32 11.39 8.25 0.00 0.00 0.00 0.00 0.00 0.00 5.40 7.30 4.38 11.24 13.14 16.06 14.89 17.67 21.68 21.68 21.53 16.57 12.85 13.43 11.39 14.82 17.45 16.64 19.71 22.48 23.87 23.43 24.45 25.55 26.06 22.85 16.35 14.60 14.97 13.51 13.43 13.72 13.58 14.53 14.53 14.45 14.38 12.92 13.51 11.32 11.02 11.17 11.32 11.53 11.53 11.68 11.46 11.97 13.75 17.16 18.43 16.92 16.39 19.90 20.10 19.88 17.77 21.86
10.88 15.84 14.53 16.64 15.55 20.29 18.54 17.08 16.72 16.72 19.49 19.42 15.99 17.45 13.58 16.64 10.66 0.00 0.00 0.00 0.00 0.00 0.00 4.31 6.13 5.55 6.42 10.00 10.73 13.72 14.60 15.04 13.80 17.16 16.64 16.64 16.72 14.97 15.04 14.38 16.86 15.33 18.83 21.90 23.21 22.78 25.04 25.11 25.11 24.89 18.54 15.55 16.64 13.21 12.70 12.78 12.78 13.58 13.43 14.53 14.53 19.05 14.67 13.43 13.80 13.72 11.90 11.53 11.68 12.19 12.34 12.12 12.92 15.67 17.24 16.01 16.93 18.00 21.46 20.49 18.20 19.11 24.15 23.73
12.19 10.29 10.37 11.10 11.97 15.70 17.30 15.77 18.32 18.32 16.64 15.40 11.75 5.33 2.63 3.94 8.91 0.00 0.00 0.00 7.23 6.50 6.28 6.06 10.66 10.00 11.10 10.88 12.12 11.75 14.09 11.17 12.19 13.58 14.97 14.97 16.57 17.23 18.76 20.51 24.53 23.94 24.24 22.41 20.29 21.75 21.53 21.39 18.40 17.81 18.47 14.97 13.80 13.65 12.85 13.21 12.70 19.49 19.71 21.17 21.17 21.39 18.25 15.11 15.26 13.80 13.72 12.26 12.70 13.29 13.80 12.48 13.03 11.12 11.66 16.85 19.35 19.86 18.15 18.62 20.59 22.06 20.44 20.95
12.19 10.29 10.37 11.10 11.97 15.70 17.30 15.77 18.32 18.32 16.64 15.40 11.75 5.33 2.63 3.94 8.91 0.00 0.00 0.00 7.23 6.50 6.28 6.06 10.66 10.00 11.10 10.88 12.12 11.75 14.09 11.17 12.19 13.58 14.97 14.97 16.57 17.23 18.76 20.51 24.53 23.94 24.24 22.41 20.29 21.75 21.53 21.39 18.40 17.81 18.47 14.97 13.80 13.65 12.85 13.21 12.70 19.49 19.71 21.17 21.17 21.39 18.25 15.11 15.26 13.80 13.72 12.26 12.70 13.29 13.80 12.48 12.70 10.95 11.32 15.64 17.24 18.39 19.36 19.32 20.59 21.58 22.45 22.41
15.04 13.21 13.07 12.48 11.10 11.17 10.00 11.17 11.24 11.24 11.24 11.02 2.99 1.39 5.99 6.42 1.83 0.00 2.19 8.18 10.44 10.22 11.10 10.37 10.51 9.71 11.97 12.05 13.07 12.78 12.92 12.12 12.34 16.21 19.64 19.64 20.59 22.85 23.14 22.19 23.58 24.38 22.92 18.25 19.42 15.91 13.21 12.63 15.62 15.99 15.40 15.77 14.09 13.21 13.29 15.84 19.86 18.69 21.90 21.17 21.17 18.25 18.69 18.98 15.55 15.70 15.70 16.28 16.50 14.60 13.29 13.51 13.43 12.78 13.33 15.47 18.74 16.72 19.08 21.68 19.87 22.01 21.90 23.06
15.11 15.26 13.58 13.87 12.05 12.99 10.80 9.78 6.94 6.94 4.74 3.07 3.50 0.22 0.00 0.07 1.10 4.38 3.29 7.45 12.99 12.34 13.87 12.56 12.99 13.29 12.99 13.07 15.48 15.84 17.23 17.81 17.81 17.74 19.13 19.13 17.30 18.98 21.24 23.51 24.60 24.24 22.78 18.69 15.33 15.91 13.36 15.33 15.77 15.26 16.21 15.48 15.26 17.23 16.72 16.13 18.76 19.78 18.32 18.54 18.54 19.20 21.10 21.02 21.24 21.10 18.61 17.08 16.43 16.72 17.89 16.79 14.24 14.76 17.88 19.62 16.87 19.86 20.33 18.98 21.13 19.87 21.20 21.08
14.16 21.39 20.37 16.72 14.31 16.94 12.26 10.00 11.24 11.24 7.81 10.00 6.42 3.87 0.00 0.00 2.70 8.18 10.22 13.36 15.40 15.11 15.70 15.26 14.09 14.89 16.64 14.67 16.50 16.21 17.08 16.94 17.37 16.35 17.81 17.81 17.37 18.91 18.83 19.20 21.24 20.95 18.25 18.10 17.37 18.47 18.47 17.74 16.72 17.08 16.94 17.45 17.67 17.59 18.18 18.91 18.54 19.86 18.54 20.44 20.44 20.08 22.19 21.97 22.05 21.53 18.18 19.20 18.25 20.00 19.56 20.15 17.66 20.64 18.70 19.91 19.00 20.76 19.53 19.84 21.26 19.62 20.32 20.16
16.72 19.13 20.95 19.27 18.25 18.18 15.04 14.24 15.18 15.18 15.33 14.45 11.68 13.21 4.67 11.02 11.39 10.66 10.51 14.67 16.94 16.43 16.06 16.21 15.77 15.40 16.28 14.53 14.53 14.31 13.94 13.43 14.75 15.99 17.45 17.45 16.06 16.57 16.86 17.16 15.48 17.23 16.86 17.23 16.21 16.50 12.19 15.33 15.70 13.36 17.01 15.99 12.78 16.64 16.35 18.69 20.73 19.71 19.56 20.59 20.59 22.34 21.02 20.73 21.10 21.46 17.45 15.91 15.40 19.42 22.56 24.01 22.61 18.01 19.80 17.60 18.73 17.76 20.86 21.16 20.64 22.06 20.19 18.08
16.72 19.13 20.95 19.27 18.25 18.18 15.04 14.24 15.18 15.18 15.33 14.45 11.68 13.21 4.67 11.02 11.39 10.66 10.51 14.67 16.94 16.43 16.06 16.21 15.77 15.40 16.28 14.53 14.53 14.31 13.94 13.43 14.75 15.99 17.45 17.45 16.06 16.57 16.86 17.16 15.48 17.23 16.86 17.23 16.21 16.50 12.19 15.33 15.70 13.36 17.01 15.99 12.78 16.64 16.35 18.69 20.73 19.71 19.56 20.59 20.59 22.34 21.02 20.73 21.10 21.46 17.45 15.91 15.40 19.42 22.56 29.48 21.19 19.57 17.78 21.78 19.00 19.64 21.27 19.08 19.95 18.97 21.95 20.53
14.82 15.84 17.67 16.72 17.81 17.37 16.13 15.04 15.62 15.62 15.70 13.80 13.07 12.41 16.06 15.18 14.24 16.64 16.57 17.08 17.08 16.94 14.67 13.21 13.21 13.51 14.24 13.14 11.24 11.83 13.87 14.75 14.45 15.04 14.31 14.31 15.18 16.28 13.72 13.43 13.51 15.70 14.38 14.45 14.82 13.21 9.20 6.72 10.15 9.27 11.53 8.32 7.88 12.85 13.14 11.53 11.61 15.40 12.12 10.66 10.66 18.83 17.45 17.96 11.39 8.18 15.55 13.72 16.79 14.31 15.05 13.55 17.27 18.18 17.79 20.15 19.27 17.54 17.02 18.89 17.36 18.00 17.35 15.44
11.17 14.53 16.13 14.02 16.13 14.24 14.45 13.80 13.65 13.65 10.73 13.43 16.28 13.80 14.67 20.15 18.98 18.47 17.16 16.94 15.84 14.09 14.67 12.19 10.29 8.91 9.13 10.44 11.39 11.39 11.53 10.66 12.92 13.36 12.99 12.99 13.21 12.99 12.63 12.85 12.99 12.34 13.14 11.53 6.64 7.01 7.08 5.55 5.26 3.94 4.09 5.91 7.66 7.66 8.61 7.37 3.36 4.02 6.42 5.11 5.11 5.04 10.07 7.37 7.96 4.16 3.14 8.69 8.10 8.07 8.92 6.42 9.13 10.02 12.15 14.04 14.42 14.89 16.18 17.24 14.88 16.67 14.79 16.25
10.66 12.19 10.37 10.22 11.53 12.92 9.71 9.64 9.78 9.78 10.29 12.48 13.72 16.64 16.06 15.99 17.89 17.01 16.35 15.33 15.04 13.43 13.07 11.75 12.48 9.27 9.71 9.93 10.80 8.47 7.66 9.64 11.39 12.05 12.05 12.05 12.41 12.26 12.56 11.90 11.39 7.74 6.28 6.86 5.26 4.96 5.55 5.55 5.40 5.69 10.00 9.49 10.88 8.83 10.59 4.53 1.97 0.37 0.15 2.70 2.70 3.29 2.41 3.65 2.41 1.24 1.31 0.22 0.00 1.68 3.07 5.55 5.26 7.52 10.15 13.96 14.95 19.25 18.52 15.34 16.27 12.44 9.55 13.34
8.03 7.45 7.52 8.76 9.78 7.23 7.52 9.20 6.20 6.20 7.59 7.30 11.24 13.21 16.43 15.04 17.08 14.38 14.75 14.67 14.75 17.37 15.99 12.63 7.81 10.51 6.64 6.86 7.01 8.32 7.66 12.63 12.12 12.41 12.70 12.70 14.16 11.75 9.86 10.80 6.06 5.18 4.67 3.72 3.36 4.89 6.72 5.77 6.42 7.15 11.10 11.24 11.75 8.83 0.00 0.00 0.00 0.00 0.00 1.31 1.31 1.61 1.68 1.10 0.00 0.00 0.00 0.00 0.00 0.00 0.00 1.97 5.26 4.67 9.53 16.78 22.05 21.24 21.34 18.80 17.91 16.07 13.11 8.62
5.69 6.42 5.40 5.04 5.77 5.18 5.99 4.89 4.96 4.96 6.35 7.96 8.25 15.26 12.19 15.48 15.11 14.16 17.23 17.74 17.96 17.23 16.06 9.27 8.10 6.20 6.42 6.86 8.61 11.97 11.90 12.70 13.51 14.24 13.58 13.58 13.65 11.90 6.86 4.82 4.96 4.02 5.18 4.89 9.93 8.18 8.76 7.81 9.05 9.56 8.98 7.37 0.00 7.30 0.15 0.00 0.00 0.00 0.00 0.00 0.00 0.00 0.00 0.00 0.00 0.00 0.00 0.00 0.00 0.00 0.07 1.39 0.58 5.33 9.43 11.38 21.80 21.04 23.97 19.54 14.32 12.66 12.34 10.36
5.69 6.42 5.40 5.04 5.77 5.18 5.99 4.89 4.96 4.96 6.35 7.96 8.25 15.26 12.19 15.48 15.11 14.16 17.23 17.74 17.96 17.23 16.06 9.27 8.10 6.20 6.42 6.86 8.61 11.97 11.90 12.70 13.51 14.24 13.58 13.58 13.65 11.90 6.86 4.82 4.96 4.02 5.18 4.89 9.93 8.18 8.76 7.81 9.05 9.56 8.98 7.37 0.00 7.30 0.15 0.00 0.00 0.00 0.00 0.00 0.00 0.00 0.00 0.00 0.00 0.00 0.00 0.00 0.00 0.00 0.07 1.39 0.58 5.33 9.05 11.44 16.93 18.51 20.08 22.74 17.52 12.93 9.67 9.56
3.87 3.43 3.65 4.45 3.94 5.33 5.55 5.40 4.96 4.96 6.94 6.72 6.94 7.88 6.94 12.05 13.07 12.78 14.60 15.62 13.58 10.88 10.07 10.15 8.83 7.01 6.50 8.76 12.78 13.36 12.56 12.34 9.56 10.95 11.24 11.24 12.78 10.15 10.73 7.01 14.38 11.32 11.53 8.25 14.60 13.72 14.38 15.04 12.12 8.54 8.98 4.96 0.00 0.00 0.00 0.00 0.00 0.00 0.00 0.00 0.00 0.00 0.00 0.00 0.00 0.00 0.00 0.00 0.00 0.00 0.00 0.00 4.38 3.36 8.69 12.47 17.37 23.30 25.80 19.35 13.27 10.90 10.06 8.48
2.56 2.48 3.58 2.85 4.02 4.74 4.74 4.89 6.94 6.94 6.50 5.48 4.45 5.33 7.81 9.64 9.27 10.51 13.14 13.51 13.51 11.75 11.02 13.51 12.99 12.05 13.43 14.67 13.80 14.45 10.80 11.39 9.86 9.34 13.94 13.94 16.35 16.35 21.02 21.75 19.13 19.56 25.48 22.05 21.97 13.43 11.10 4.45 5.26 5.55 0.58 0.00 0.00 0.00 0.00 0.00 0.00 0.00 0.00 0.00 0.00 0.00 0.00 0.00 0.00 0.00 0.00 0.00 0.00 0.00 4.67 3.80 7.66 13.36 13.18 15.93 18.41 21.24 24.88 21.32 16.18 9.94 11.97 11.11
2.26 0.00 1.90 4.02 3.21 2.70 2.92 4.74 6.35 6.35 7.59 4.53 7.37 8.40 7.23 9.20 11.02 14.60 15.48 15.04 14.24 12.34 12.56 13.58 10.51 12.85 13.07 14.53 12.70 13.14 11.53 10.80 11.53 14.09 12.78 12.78 16.79 21.10 24.97 26.50 28.03 27.16 25.77 11.10 8.91 9.05 6.86 1.53 0.00 0.07 0.44 0.00 0.00 0.00 0.00 0.00 0.00 0.00 0.00 0.00 0.00 0.00 0.00 0.00 0.00 0.00 0.00 0.00 1.53 1.24 7.74 16.21 23.64 22.78 25.27 23.48 19.41 18.67 14.50 11.46 8.30 8.48 6.67 5.18
12.12 8.91 7.59 4.02 4.45 4.38 4.23 5.04 4.74 4.74 6.72 6.57 8.25 8.40 8.69 11.61 10.51 13.72 14.53 10.00 11.53 12.41 12.05 13.58 11.39 11.97 12.34 7.74 9.42 12.05 10.80 5.69 7.37 10.00 10.88 10.88 18.25 16.64 23.51 13.72 17.89 17.45 20.95 8.32 2.56 0.00 0.00 0.00 0.00 0.00 0.00 0.00 0.00 0.00 0.00 0.00 0.00 0.00 0.00 0.00 0.00 0.00 0.00 0.00 0.00 0.00 4.53 4.02 4.09 12.48 10.80 19.86 25.44 26.82 29.53 27.34 21.85 16.83 17.05 10.81 7.40 4.99 5.95 4.57
14.60 13.94 18.76 16.21 9.05 4.45 0.29 1.24 0.95 0.95 3.36 3.72 5.99 7.52 4.67 4.23 5.26 9.05 5.55 5.55 8.18 10.51 6.79 5.99 4.96 2.77 2.99 2.41 6.20 3.21 3.43 2.34 3.29 2.63 7.15 7.15 12.12 8.91 7.23 6.86 7.74 1.02 0.00 0.15 0.00 0.00 0.00 0.00 0.00 0.00 0.00 0.00 0.00 0.00 0.00 0.00 0.00 0.00 0.00 0.00 0.00 0.00 0.00 0.00 0.00 2.19 7.15 14.89 13.43 22.12 26.50 28.02 28.94 26.73 24.61 32.33 24.60 16.55 10.73 5.75 6.36 4.10 3.22 0.96
14.60 13.94 18.76 16.21 9.05 4.45 0.29 1.24 0.95 0.95 3.36 3.72 5.99 7.52 4.67 4.23 5.26 9.05 5.55 5.55 8.18 10.51 6.79 5.99 4.96 2.77 2.99 2.41 6.20 3.21 3.43 2.34 3.29 2.63 7.15 7.15 12.12 8.91 7.23 6.86 7.74 1.02 0.00 0.15 0.00 0.00 0.00 0.00 0.00 0.00 0.00 0.00 0.00 0.00 0.00 0.00 0.00 0.00 0.00 0.00 0.00 0.00 0.00 0.00 0.00 2.19 7.15 14.89 13.43 22.12 26.64 27.72 26.17 29.78 26.26 37.72 28.55 16.01 11.21 5.59 6.72 4.87 2.94 0.82
19.20 18.83 16.57 17.59 10.07 1.83 0.00 0.00 0.00 0.00 0.00 0.00 0.00 0.00 0.15 0.95 0.95 1.90 1.61 3.58 4.60 3.29 3.65 4.38 0.15 0.00 0.73 0.58 1.24 1.10 1.24 0.51 0.88 0.58 3.14 3.14 0.66 1.39 2.04 0.58 0.00 0.58 0.37 0.22 0.29 0.00 0.00 0.00 0.00 0.00 0.00 0.00 0.00 0.00 0.00 0.00 0.00 0.00 0.00 0.00 0.00 0.00 0.00 0.00 5.77 4.96 10.51 16.28 23.26 22.42 26.25 27.43 28.76 25.85 30.66 21.02 11.81 7.78 7.91 5.14 3.81 3.05 3.01 0.62
14.82 15.18 11.68 3.87 0.00 0.00 0.00 0.00 0.00 0.00 0.00 0.00 0.00 0.00 0.00 0.00 0.15 0.95 0.73 2.19 2.85 2.63 3.43 2.92 0.00 0.00 0.15 0.00 0.07 0.00 0.00 0.00 0.00 0.00 0.00 0.00 0.00 0.00 0.00 0.07 1.02 1.61 1.61 4.38 6.57 1.68 1.97 0.88 0.00 0.00 0.00 0.00 0.00 0.00 0.00 0.00 0.00 0.00 0.00 0.00 0.00 0.00 0.00 0.00 2.48 5.77 10.51 13.29 21.46 24.38 27.52 28.15 29.66 27.86 18.02 20.79 10.16 5.97 3.75 4.00 3.09 1.78 0.24 0.00
12.70 11.32 7.08 4.53 0.00 1.61 0.00 0.00 0.00 0.00 0.00 0.00 0.00 0.00 0.00 0.00 0.00 0.00 0.00 0.66 0.73 0.00 0.00 1.53 0.00 0.00 0.00 0.00 0.00 0.00 0.00 0.00 0.00 0.00 0.00 0.00 0.00 0.00 0.00 0.66 1.10 2.77 5.77 4.89 8.61 4.31 0.44 1.46 0.00 0.00 0.00 0.00 0.00 0.00 0.00 0.00 0.00 0.00 0.00 0.00 0.00 0.00 0.00 0.00 0.00 3.14 8.32 14.31 16.50 16.94 17.67 25.45 31.43 28.35 16.57 6.59 4.27 4.12 3.60 2.24 1.24 0.09 0.00 0.08
6.42 6.57 5.48 4.67 2.26 0.00 0.58 0.00 0.00 0.00 0.00 0.00 0.00 0.00 0.00 0.00 0.00 0.00 0.00 0.00 0.00 0.00 0.00 0.00 0.00 0.00 0.00 0.00 0.00 0.00 0.00 0.00 0.00 0.00 0.00 0.00 0.00 0.00 0.00 0.15 0.22 0.00 2.77 1.02 5.84 2.12 0.00 0.00 0.00 0.00 0.00 0.00 0.00 0.00 0.00 0.00 0.00 0.00 0.00 0.00 0.00 0.00 0.00 0.00 0.00 7.30 6.79 12.78 17.01 16.21 16.43 18.66 19.01 10.37 6.18 5.86 2.98 2.47 1.44 1.27 1.24 1.24 0.90 0.07
4.82 2.92 3.29 1.46 1.10 1.53 0.00 0.00 0.22 0.22 0.00 0.00 0.00 0.00 0.00 0.00 0.00 0.00 0.00 0.00 0.00 0.00 0.00 0.00 0.00 0.00 0.00 0.00 0.00 0.00 0.00 0.00 0.00 0.00 0.00 0.00 0.00 0.00 0.00 0.15 0.00 0.00 0.00 0.00 0.00 0.22 0.00 0.00 0.07 0.00 0.00 0.00 0.00 0.00 0.00 0.00 0.00 0.00 0.00 0.00 0.00 0.00 0.00 0.00 0.00 4.60 9.93 8.32 16.64 17.45 16.79 16.28 16.71 6.10 3.65 1.82 1.76 1.43 0.35 0.25 0.85 1.18 0.73 1.03
2.19 0.00 0.00 0.00 0.00 0.00 0.00 0.00 0.00 0.00 0.00 0.00 0.00 0.00 0.00 0.00 0.00 0.00 0.00 0.00 0.00 0.00 0.00 0.00 0.00 0.00 0.00 0.00 0.00 0.00 0.00 0.00 0.00 0.00 0.00 0.00 0.00 0.00 0.00 0.00 0.00 0.00 0.00 0.00 0.00 0.95 0.58 0.80 0.88 0.00 0.00 0.00 0.00 0.00 0.00 0.00 0.00 0.00 0.00 0.00 0.00 0.00 0.00 0.00 3.50 3.14 6.13 11.53 16.43 20.00 17.16 12.03 5.74 7.08 1.99 1.72 0.75 0.43 0.09 0.00 0.53 0.00 0.74 0.74
2.19 0.00 0.00 0.00 0.00 0.00 0.00 0.00 0.00 0.00 0.00 0.00 0.00 0.00 0.00 0.00 0.00 0.00 0.00 0.00 0.00 0.00 0.00 0.00 0.00 0.00 0.00 0.00 0.00 0.00 0.00 0.00 0.00 0.00 0.00 0.00 0.00 0.00 0.00 0.00 0.00 0.00 0.00 0.00 0.00 0.95 0.58 0.80 0.88 0.00 0.00 0.00 0.00 0.00 0.00 0.00 0.00 0.00 0.00 0.00 0.00 0.00 0.00 0.00 3.50 3.14 6.13 11.53 16.43 20.00 17.16 11.97 5.65 6.97 1.99 1.79 0.67 0.41 0.08 0.00 0.52 0.00 0.74 0.73
0.00 0.00 0.00 0.00 0.00 0.00 0.00 0.00 0.00 0.00 0.00 0.00 0.00 0.00 0.00 0.00 0.00 0.00 0.00 0.00 0.00 0.00 0.00 0.00 0.00 0.00 0.00 0.00 0.00 0.00 0.00 0.00 0.00 0.00 0.00 0.00 0.00 0.00 0.00 0.00 0.00 0.00 0.00 0.00 0.00 0.66 0.00 0.00 0.00 0.00 0.00 0.00 0.00 0.00 0.00 0.00 0.00 0.00 1.10 2.77 2.77 0.00 0.00 0.00 3.14 5.40 4.89 6.86 10.44 9.64 7.59 7.74 4.38 1.77 2.20 0.84 1.21 0.65 0.42 0.60 0.67 0.07 0.00 0.00
