Wansh/Snow_depth/snowdepth-1995/spring/1995087.txt
ncols 321
nrows 161
xllcenter 60
yllcenter 15 
cellsize  0.25 
NODATA_value -1
[rows 0 to 36 of 161, columns 168 to 251 of 321]
7.66 8.25 4.23 0.00 0.00 0.00 0.00 0.00 0.00 0.00 0.00 0.00 0.00 0.00 0.00 0.00 5.11 5.62 8.61 10.37 4.96 4.96 4.96 4.96 5.84 5.18 6.94 6.57 4.89 0.66 1.31 2.26 8.18 6.86 13.07 13.07 13.07 13.07 15.33 13.87 14.24 14.24 12.05 11.61 11.53 12.41 15.40 15.04 15.40 15.04 12.48 11.39 11.61 10.00 13.94 13.29 13.29 14.24 16.64 16.86 16.86 16.43 16.06 18.61 21.53 20.81 21.32 20.73 21.39 16.86 15.18 15.18 14.67 14.75 14.02 15.77 15.48 17.52 18.69 18.54 19.20 19.20 18.61 15.91
13.58 11.83 3.72 3.50 7.23 0.00 0.00 0.00 0.00 0.00 0.00 6.13 5.91 6.57 6.72 5.91 6.79 9.05 8.18 11.32 11.68 9.56 5.99 5.48 5.11 5.26 5.18 4.23 2.12 0.07 0.37 0.44 5.91 10.88 11.53 11.53 12.41 11.83 14.31 16.64 15.84 15.70 13.94 17.30 16.94 14.67 15.33 13.07 11.53 12.34 12.56 12.34 13.87 13.43 16.43 18.25 18.25 18.18 18.32 18.76 18.76 18.76 18.18 18.47 18.25 19.86 20.29 16.86 15.40 16.64 15.04 15.26 15.11 14.89 15.11 14.89 15.40 16.64 18.69 16.43 16.94 13.80 12.05 13.65
17.59 15.91 7.23 13.07 12.19 11.68 7.81 7.15 0.00 0.00 5.11 5.62 5.91 5.91 5.77 6.50 8.47 14.31 12.99 13.51 11.68 11.17 6.57 6.64 6.20 4.23 1.31 0.73 0.00 0.00 0.00 6.20 4.53 8.83 7.52 7.52 10.44 10.80 14.67 19.42 18.03 17.67 17.96 17.16 14.45 11.46 10.44 10.37 10.51 12.12 12.48 12.26 14.97 17.37 18.32 18.18 18.54 18.98 18.61 18.25 18.25 16.79 17.23 16.64 13.51 13.51 15.18 14.09 14.31 13.80 14.97 15.11 14.67 14.67 14.45 14.02 13.94 13.43 13.51 15.11 13.51 13.87 12.12 12.05
17.59 15.91 7.23 13.07 12.19 11.68 7.81 7.15 0.00 0.00 5.11 5.62 5.91 5.91 5.77 6.50 8.47 14.31 12.99 13.51 11.68 11.17 6.57 6.64 6.20 4.23 1.31 0.73 0.00 0.00 0.00 6.20 4.53 8.83 7.52 7.52 10.44 10.80 14.67 19.42 18.03 17.67 17.96 17.16 14.45 11.46 10.44 10.37 10.51 12.12 12.48 12.26 14.97 17.37 18.32 18.18 18.54 18.98 18.61 18.25 18.25 16.79 17.23 16.64 13.51 13.51 15.18 14.09 14.31 13.80 14.97 15.11 14.67 14.67 14.45 14.02 13.94 13.43 13.51 15.11 13.51 13.87 12.12 12.05
20.15 19.64 13.21 13.87 17.52 16.94 11.97 11.75 4.60 4.60 6.35 5.84 7.01 7.88 13.21 14.31 13.94 15.55 14.31 11.24 9.56 7.37 6.42 7.30 6.20 0.00 0.00 0.00 0.00 0.00 0.00 5.77 5.62 6.79 6.79 6.79 12.63 15.48 16.06 15.91 16.57 13.51 11.10 11.10 11.24 11.39 10.66 12.26 12.99 12.48 13.94 15.99 15.99 17.81 17.74 17.59 17.96 18.32 15.91 16.06 16.06 16.21 14.45 14.38 13.43 11.97 12.63 9.71 13.07 13.14 11.24 11.39 13.58 11.75 11.61 10.66 12.34 12.34 12.85 12.99 13.07 12.12 12.63 12.78
20.81 22.85 21.24 21.24 20.95 22.48 18.32 11.61 8.54 8.54 8.40 6.86 13.29 12.78 14.53 15.62 16.35 11.75 13.29 9.56 7.88 5.91 0.00 0.00 0.00 0.00 0.00 0.00 1.53 5.99 6.13 5.99 7.15 9.71 6.35 6.35 13.43 13.65 12.19 9.78 10.00 9.49 10.73 10.95 11.24 12.26 12.19 12.99 16.86 17.59 17.81 18.54 19.13 16.43 17.52 13.43 14.67 14.45 14.31 13.80 13.80 13.36 14.31 13.58 14.09 10.88 8.10 8.18 8.10 10.15 10.07 9.27 8.76 10.51 9.93 9.93 9.13 9.49 11.75 12.78 12.12 12.34 12.78 14.02
21.90 23.65 24.97 24.09 23.14 21.90 17.08 18.69 16.64 16.64 14.89 13.58 14.02 14.31 14.60 18.47 15.91 11.53 7.66 4.16 5.26 5.26 5.62 0.00 0.00 0.00 0.00 0.00 0.00 5.55 7.96 10.00 9.49 11.02 8.40 8.40 12.78 16.43 12.05 9.27 9.27 7.74 10.37 9.34 12.19 13.43 15.84 15.04 17.96 20.73 20.15 20.37 17.37 11.83 11.90 12.26 11.90 10.66 10.51 12.85 12.85 12.48 11.68 12.78 7.45 7.59 5.69 7.08 6.72 7.52 8.40 8.47 8.10 7.15 7.37 7.88 8.10 8.03 9.27 9.73 11.44 14.76 13.65 18.03
21.90 23.65 24.97 24.09 23.14 21.90 17.08 18.69 16.64 16.64 14.89 13.58 14.02 14.31 14.60 18.47 15.91 11.53 7.66 4.16 5.26 5.26 5.62 0.00 0.00 0.00 0.00 0.00 0.00 5.55 7.96 10.00 9.49 11.02 8.40 8.40 12.78 16.43 12.05 9.27 9.27 7.74 10.37 9.34 12.19 13.43 15.84 15.04 17.96 20.73 20.15 20.37 17.37 11.83 11.90 12.26 11.90 10.66 10.51 12.85 12.85 12.48 11.68 12.78 7.45 7.59 5.69 7.08 6.72 7.52 8.40 8.47 8.10 7.15 7.37 9.11 11.18 11.55 12.70 16.54 18.89 19.65 17.56 18.71
18.69 15.40 20.59 22.63 21.17 18.40 20.81 20.59 19.93 19.93 14.45 16.64 22.34 21.02 18.03 19.49 16.21 10.15 6.06 0.44 0.00 0.00 0.00 0.00 0.00 0.00 1.90 5.55 6.72 6.20 7.37 10.95 13.14 13.21 16.64 16.64 16.50 15.77 14.02 7.37 5.48 7.01 10.29 13.43 13.29 14.97 16.50 22.70 22.56 22.85 19.35 12.99 11.02 11.02 8.98 8.83 8.98 10.15 8.76 8.25 8.25 8.91 7.37 7.74 5.91 5.62 5.55 6.42 7.01 6.94 7.59 7.74 7.08 6.92 8.01 9.70 12.57 12.72 11.02 15.66 17.88 13.97 15.93 17.87
9.56 7.59 0.00 12.70 15.40 17.45 18.91 16.57 18.18 18.18 21.75 20.66 22.41 21.17 10.07 9.20 5.84 5.40 4.74 0.00 0.00 0.00 0.00 0.00 4.23 6.50 5.99 6.64 7.74 9.93 11.24 10.88 12.26 13.51 8.10 8.10 8.40 7.30 7.23 6.64 5.99 11.46 15.62 15.18 16.28 20.15 19.35 22.56 21.83 16.13 16.13 12.19 8.91 8.25 8.25 8.69 8.76 8.18 8.61 10.29 10.29 11.02 7.81 7.59 8.83 6.06 6.57 6.64 6.79 7.59 7.23 7.81 7.46 10.44 10.12 12.33 11.53 14.37 16.38 14.60 15.76 16.76 17.93 19.22
8.83 5.99 7.30 10.88 12.56 11.32 15.18 16.57 19.49 19.49 19.93 11.32 8.91 8.18 8.18 8.18 0.00 0.00 0.00 0.00 0.00 0.00 7.15 7.45 7.96 8.10 6.94 8.76 8.47 9.42 9.56 6.50 8.54 8.32 8.98 8.98 7.74 8.25 16.57 17.74 18.91 18.10 17.45 19.13 17.37 18.76 18.32 20.59 13.21 14.16 10.51 13.07 9.34 8.47 7.81 8.10 9.71 16.13 15.55 15.04 15.04 15.48 16.13 11.75 9.42 10.22 10.07 7.52 7.37 8.76 8.61 8.03 7.71 7.49 7.90 11.13 15.31 14.95 13.08 14.60 14.39 16.76 16.11 16.82
8.83 5.99 7.30 10.88 12.56 11.32 15.18 16.57 19.49 19.49 19.93 11.32 8.91 8.18 8.18 8.18 0.00 0.00 0.00 0.00 0.00 0.00 7.15 7.45 7.96 8.10 6.94 8.76 8.47 9.42 9.56 6.50 8.54 8.32 8.98 8.98 7.74 8.25 16.57 17.74 18.91 18.10 17.45 19.13 17.37 18.76 18.32 20.59 13.21 14.16 10.51 13.07 9.34 8.47 7.81 8.10 9.71 16.13 15.55 15.04 15.04 15.48 16.13 11.75 9.42 10.22 10.07 7.52 7.37 8.76 8.61 8.03 7.52 7.37 7.66 10.33 13.65 13.84 13.95 15.15 14.39 16.40 17.70 18.00
14.60 11.61 8.61 10.22 9.20 9.20 13.51 14.97 10.59 10.59 10.95 8.18 6.94 0.00 0.00 0.00 0.00 0.00 5.69 0.95 7.74 3.43 7.66 7.96 6.57 5.99 6.28 7.66 9.20 7.59 8.03 7.15 6.06 9.49 13.43 13.43 15.99 14.97 17.08 18.83 19.64 19.27 17.81 18.25 16.35 12.26 8.32 10.29 10.29 10.29 10.44 8.47 9.78 7.66 9.20 13.72 13.29 18.25 18.54 18.69 18.69 15.84 14.82 15.11 11.90 11.53 12.34 12.78 10.22 9.27 10.15 9.56 7.52 8.03 8.24 9.67 11.50 12.80 12.89 15.14 15.11 16.96 17.86 16.69
14.16 11.10 14.60 11.90 13.51 8.32 10.29 10.95 10.66 10.66 11.32 10.95 11.97 6.72 0.00 2.26 2.56 1.61 4.38 3.87 6.79 10.95 8.98 7.52 8.03 6.42 6.20 10.37 11.24 10.37 9.93 9.56 10.15 10.80 12.85 12.85 13.87 15.55 17.16 18.69 18.03 19.71 17.01 12.56 9.86 10.15 7.96 10.88 9.42 9.56 9.13 10.07 9.93 9.20 13.51 14.60 15.26 15.55 15.84 17.23 17.23 16.94 17.96 18.25 19.13 14.45 15.11 16.43 13.72 11.24 11.02 10.95 11.75 10.81 12.48 12.66 12.53 13.31 17.30 15.70 15.93 15.54 15.10 18.25
16.64 20.81 18.03 15.70 16.64 9.78 13.14 13.94 13.36 13.36 12.99 11.90 12.12 9.13 7.37 4.96 4.45 7.96 9.71 9.05 6.72 11.10 10.80 9.34 11.02 11.46 11.68 11.24 10.59 9.86 11.61 11.02 9.86 11.02 10.37 10.37 10.22 11.97 15.48 17.52 12.26 13.51 13.36 12.12 10.88 12.78 12.70 12.63 12.92 13.80 13.58 13.07 14.53 15.40 15.04 15.33 16.57 17.23 17.45 16.86 16.86 18.40 17.81 18.83 19.78 19.27 18.47 13.65 13.87 12.99 16.57 13.80 15.38 14.50 14.07 14.71 15.46 17.74 14.97 16.00 16.17 15.74 16.03 13.51
20.08 19.05 20.44 17.59 16.86 14.97 14.97 14.75 13.51 13.51 12.34 14.24 11.68 9.27 10.07 7.45 11.90 8.76 9.20 7.37 8.25 8.61 6.86 8.47 11.10 12.12 8.10 8.69 9.42 9.42 9.93 8.54 9.49 10.15 10.44 10.44 10.29 11.10 12.12 9.20 10.66 11.32 10.59 11.53 11.17 11.53 9.05 11.90 11.24 14.75 11.83 14.02 14.53 8.91 13.58 13.43 13.14 17.81 13.58 16.35 16.35 18.25 19.78 19.64 19.64 17.52 8.47 13.80 12.85 15.26 12.56 15.05 14.15 16.55 15.93 14.30 14.39 14.04 13.84 16.39 16.51 16.33 13.42 13.63
20.08 19.05 20.44 17.59 16.86 14.97 14.97 14.75 13.51 13.51 12.34 14.24 11.68 9.27 10.07 7.45 11.90 8.76 9.20 7.37 8.25 8.61 6.86 8.47 11.10 12.12 8.10 8.69 9.42 9.42 9.93 8.54 9.49 10.15 10.44 10.44 10.29 11.10 12.12 9.20 10.66 11.32 10.59 11.53 11.17 11.53 9.05 11.90 11.24 14.75 11.83 14.02 14.53 8.91 13.58 13.43 13.14 17.81 13.58 16.35 16.35 18.25 19.78 19.64 19.64 17.52 8.47 13.80 12.85 15.26 12.56 18.48 13.27 17.99 14.30 17.69 14.60 15.53 14.12 14.78 15.96 14.04 14.60 15.48
15.62 15.99 16.86 16.50 14.89 14.09 13.43 13.80 12.56 12.56 12.26 12.92 13.36 16.79 17.45 14.24 15.70 9.93 5.04 6.50 6.13 6.64 7.23 6.57 8.54 6.72 7.66 7.96 7.88 8.40 8.25 8.18 8.69 9.49 9.42 9.42 8.83 8.61 8.18 8.25 8.91 9.13 10.80 10.51 7.30 7.01 7.52 8.47 5.04 8.10 9.42 1.97 4.45 4.02 9.34 10.22 7.08 14.67 9.78 8.40 8.40 15.18 17.37 10.44 11.83 14.02 5.40 3.21 3.21 9.78 11.95 11.89 11.40 11.39 15.32 16.05 15.77 12.54 11.44 13.63 11.84 11.90 11.43 9.55
9.78 13.21 16.72 15.91 15.18 11.97 10.51 10.00 8.83 8.83 10.44 13.51 18.40 16.94 20.08 17.45 13.51 11.75 6.50 5.77 5.84 6.13 6.35 7.15 7.15 7.23 7.08 7.01 7.66 8.25 8.47 7.37 8.40 7.66 8.18 8.18 7.96 7.37 6.94 7.52 7.96 7.96 9.78 5.40 4.38 3.80 4.45 2.26 2.99 2.56 2.12 1.97 2.85 5.62 6.64 5.77 3.29 0.51 5.77 4.31 4.31 2.85 5.91 6.64 1.97 1.97 2.04 1.10 0.00 0.00 5.24 6.86 6.29 8.46 6.91 9.21 9.61 10.66 11.25 11.85 9.86 9.53 9.09 8.43
8.10 11.24 8.69 11.39 13.07 12.48 11.32 9.93 7.74 7.74 7.88 10.95 14.89 9.93 12.70 12.12 13.07 8.03 6.79 6.86 7.88 7.66 7.52 7.81 7.52 7.52 7.45 7.37 7.37 6.35 6.20 7.23 7.45 7.30 7.74 7.74 7.59 8.10 7.96 7.23 7.45 6.50 3.72 4.60 2.77 2.26 2.77 2.77 2.99 3.80 5.91 14.45 13.87 11.39 6.72 8.40 0.00 0.00 1.46 1.24 1.24 1.83 1.24 1.83 2.19 0.00 0.00 0.00 0.00 0.00 0.00 0.00 4.53 5.11 4.89 9.41 12.03 15.03 13.53 10.29 10.25 7.25 5.41 5.88
5.84 5.91 5.77 8.32 7.30 8.47 5.99 6.35 6.28 6.28 7.08 8.32 6.06 8.61 9.71 9.13 7.01 6.35 5.11 7.23 9.49 8.83 12.70 8.32 9.78 7.01 6.72 6.28 6.79 6.57 6.20 8.61 8.40 10.07 9.34 9.34 9.71 9.78 8.40 5.55 3.94 3.80 2.26 2.12 1.53 2.04 4.96 4.38 5.11 4.60 10.73 17.23 11.61 14.24 5.26 0.00 0.00 0.00 0.00 0.00 0.00 0.00 0.00 0.00 0.00 0.00 0.00 0.00 0.00 0.00 0.00 0.00 0.00 2.34 10.15 9.90 16.41 13.27 16.73 12.72 11.16 5.57 6.44 4.12
3.94 4.89 3.43 3.58 2.77 3.72 3.80 4.23 4.31 4.31 4.23 6.57 5.84 8.32 7.81 7.45 4.67 3.43 5.04 8.40 12.41 12.12 10.00 7.08 7.59 7.59 7.52 7.01 7.15 12.05 6.64 8.25 10.37 10.44 11.17 11.17 9.20 5.62 3.14 2.12 2.26 2.34 2.41 2.77 9.78 8.47 8.61 5.62 11.90 11.17 10.29 7.88 6.35 0.00 0.00 0.00 0.00 0.00 0.00 0.00 0.00 0.00 0.00 0.00 0.00 0.00 0.00 0.00 0.00 0.00 0.00 0.00 0.80 0.58 4.11 7.69 15.20 14.51 13.62 9.15 8.54 5.82 5.22 4.68
3.94 4.89 3.43 3.58 2.77 3.72 3.80 4.23 4.31 4.31 4.23 6.57 5.84 8.32 7.81 7.45 4.67 3.43 5.04 8.40 12.41 12.12 10.00 7.08 7.59 7.59 7.52 7.01 7.15 12.05 6.64 8.25 10.37 10.44 11.17 11.17 9.20 5.62 3.14 2.12 2.26 2.34 2.41 2.77 9.78 8.47 8.61 5.62 11.90 11.17 10.29 7.88 6.35 0.00 0.00 0.00 0.00 0.00 0.00 0.00 0.00 0.00 0.00 0.00 0.00 0.00 0.00 0.00 0.00 0.00 0.00 0.00 0.80 0.58 3.94 7.73 11.80 12.77 11.41 10.65 10.44 5.94 4.09 4.32
2.77 2.34 2.41 2.92 2.99 3.14 3.43 3.94 4.60 4.60 5.26 5.11 3.58 2.99 2.70 4.67 2.48 2.04 1.10 9.34 11.32 11.32 8.10 9.56 9.71 9.71 9.86 13.51 13.51 9.42 10.66 9.49 10.37 9.71 7.88 7.88 8.91 7.01 5.69 11.75 7.52 7.08 5.33 5.11 16.79 15.48 16.43 15.04 14.38 7.23 0.00 0.00 0.00 0.00 0.00 0.00 0.00 0.00 0.00 0.00 0.00 0.00 0.00 0.00 0.00 0.00 0.00 0.00 0.00 0.00 0.00 0.00 0.00 3.07 2.34 5.87 9.07 14.17 14.71 11.20 6.53 6.31 4.54 3.33
1.39 1.61 0.73 1.90 1.31 3.21 3.07 2.70 3.80 3.80 4.60 2.41 0.73 0.29 2.19 3.36 0.51 5.40 7.59 9.86 8.83 8.91 8.98 9.56 10.59 12.19 12.92 15.04 14.53 11.17 9.56 8.47 8.03 10.44 12.56 12.56 12.19 11.75 19.93 19.71 17.01 30.44 27.59 28.76 24.02 18.32 11.61 12.63 0.00 0.00 0.00 0.00 0.00 0.00 0.00 0.00 0.00 0.00 0.00 0.00 0.00 0.00 0.00 0.00 0.00 0.00 0.00 0.00 0.00 0.00 0.00 3.43 2.12 5.69 10.03 10.07 11.11 12.21 10.80 12.08 7.79 3.49 0.00 0.00
4.23 1.10 1.46 1.75 1.61 0.66 1.02 3.50 3.58 3.58 3.94 3.50 2.63 3.87 2.99 2.99 0.00 5.11 8.10 11.02 10.00 9.42 10.37 12.34 12.26 12.56 12.19 14.45 12.34 11.61 10.80 10.00 9.71 11.90 11.83 11.83 18.83 24.16 23.21 24.09 27.74 30.44 28.03 11.10 7.81 8.98 6.28 0.00 0.00 0.00 0.00 0.00 0.00 0.00 0.00 0.00 0.00 0.00 0.00 0.00 0.00 0.00 0.00 0.00 0.00 0.00 0.00 0.00 0.00 0.00 0.00 6.13 18.08 17.40 23.27 20.83 14.23 12.65 9.96 6.06 6.30 3.97 0.00 0.00
10.44 6.57 3.29 4.45 3.65 2.04 4.38 4.16 3.50 3.50 4.60 3.87 3.36 3.36 3.36 6.35 2.63 2.63 9.34 9.05 8.98 10.88 9.34 11.39 12.41 11.97 7.74 6.79 10.37 10.29 11.17 9.93 9.49 4.74 7.01 7.01 16.43 22.63 14.45 19.13 20.44 24.02 5.33 4.45 0.00 0.00 0.00 0.00 0.00 0.00 0.00 0.00 0.00 0.00 0.00 0.00 0.00 0.00 0.00 0.00 0.00 0.00 0.00 0.00 0.00 0.00 0.00 0.00 0.00 9.34 19.27 10.80 21.75 24.21 21.37 26.04 16.20 9.90 3.97 4.48 0.00 0.00 0.00 0.00
14.67 19.42 6.86 6.06 12.12 5.84 3.21 2.85 1.75 1.75 0.00 1.53 2.41 0.00 3.80 5.48 2.99 6.35 3.50 5.62 7.01 3.72 5.04 8.40 1.97 0.88 3.14 1.90 4.23 6.64 7.59 0.00 0.00 0.00 3.07 3.07 10.07 5.26 6.42 6.94 0.00 0.00 0.00 0.00 0.00 0.00 0.00 0.00 0.00 0.00 0.00 0.00 0.00 0.00 0.00 0.00 0.00 0.00 0.00 0.00 0.00 0.00 0.00 0.00 0.00 0.00 0.00 0.22 12.26 9.49 22.99 25.43 24.91 24.33 21.52 16.37 20.10 8.88 4.37 0.00 0.00 0.00 0.00 0.00
14.67 19.42 6.86 6.06 12.12 5.84 3.21 2.85 1.75 1.75 0.00 1.53 2.41 0.00 3.80 5.48 2.99 6.35 3.50 5.62 7.01 3.72 5.04 8.40 1.97 0.88 3.14 1.90 4.23 6.64 7.59 0.00 0.00 0.00 3.07 3.07 10.07 5.26 6.42 6.94 0.00 0.00 0.00 0.00 0.00 0.00 0.00 0.00 0.00 0.00 0.00 0.00 0.00 0.00 0.00 0.00 0.00 0.00 0.00 0.00 0.00 0.00 0.00 0.00 0.00 0.00 0.00 0.22 12.26 9.49 23.10 25.16 22.52 27.11 22.97 19.10 23.33 8.60 4.56 0.00 0.00 0.00 0.00 0.00
18.98 17.89 12.56 5.77 2.34 3.14 0.44 0.00 0.00 0.00 0.00 0.00 0.00 0.00 0.00 0.00 0.00 0.00 0.00 0.00 0.88 1.46 1.10 0.00 0.00 0.00 0.00 0.00 0.66 0.00 0.00 0.00 0.00 0.00 0.00 0.00 0.00 0.00 2.34 0.00 0.00 0.00 0.00 0.00 0.00 0.00 0.00 0.00 0.00 0.00 0.00 0.00 0.00 0.00 0.00 0.00 0.00 0.00 0.00 0.00 0.00 0.00 0.00 0.00 0.00 0.00 0.00 0.00 13.43 23.52 22.12 25.59 26.40 21.70 25.72 16.24 9.39 9.93 3.65 0.00 0.00 0.00 0.00 0.00
13.80 15.11 6.86 2.85 0.00 0.00 0.00 0.00 0.00 0.00 0.00 0.00 0.00 0.00 0.00 0.00 0.00 0.00 0.00 0.00 0.00 0.00 0.00 0.00 0.00 0.00 0.00 0.00 0.80 0.29 0.00 0.00 0.00 0.00 0.00 0.00 0.00 0.00 0.00 0.00 0.00 0.00 0.00 0.00 0.58 0.00 0.00 0.00 0.00 0.00 0.00 0.00 0.00 0.00 0.00 0.00 0.00 0.00 0.00 0.00 0.00 0.00 0.00 0.00 0.00 0.00 0.73 12.34 10.22 21.61 24.67 25.29 28.93 24.63 14.94 15.77 4.95 0.00 0.00 0.00 0.00 0.00 0.00 0.00
12.12 10.73 11.61 2.70 0.00 0.00 0.00 0.00 0.00 0.00 0.00 0.00 0.00 0.00 0.00 0.00 0.00 0.00 0.00 0.00 0.00 0.00 0.00 0.00 0.00 0.00 0.00 0.00 0.73 0.00 0.00 0.00 0.00 0.00 0.00 0.00 0.00 0.00 0.00 0.00 0.00 0.00 0.00 0.00 0.37 0.00 0.00 0.00 0.00 0.00 0.00 0.00 0.00 0.00 0.00 0.00 0.00 0.00 0.00 0.00 0.00 0.00 0.00 0.00 0.00 0.00 0.00 12.26 15.99 16.28 16.28 21.40 19.06 22.85 10.98 2.24 0.00 0.00 0.00 0.00 0.00 0.00 0.00 0.00
7.81 9.49 0.15 0.66 0.00 0.00 0.00 0.00 0.00 0.00 0.00 0.00 0.00 0.00 0.00 0.00 0.00 0.00 0.00 0.00 0.00 0.00 0.00 0.00 0.00 0.00 0.00 0.00 0.00 0.00 0.00 0.00 0.00 0.00 0.00 0.00 0.00 0.00 0.00 0.00 0.00 0.00 0.00 0.00 0.00 0.00 0.00 0.00 0.00 0.00 0.00 0.00 0.00 0.00 0.00 0.00 0.00 0.00 0.00 0.00 0.00 0.00 0.00 0.00 0.00 0.00 0.00 7.08 15.18 14.75 15.11 15.41 15.15 6.77 12.80 2.88 0.00 0.00 0.00 0.00 0.00 0.00 0.00 0.00
5.40 1.61 0.51 0.00 0.00 0.00 0.00 0.00 0.00 0.00 0.00 0.00 0.00 0.00 0.00 0.00 0.00 0.00 0.00 0.00 0.00 0.00 0.00 0.00 0.00 0.00 0.00 0.00 0.00 0.00 0.00 0.00 0.00 0.00 0.00 0.00 0.00 0.00 0.00 0.00 0.00 0.00 0.00 0.00 0.00 0.00 0.00 0.00 0.00 0.00 0.00 0.00 0.00 0.00 0.00 0.00 0.00 0.00 0.00 0.00 0.00 0.00 0.00 0.00 0.00 0.00 1.02 10.44 12.41 16.21 15.11 11.53 13.79 4.09 0.00 0.00 0.00 0.00 0.00 0.00 0.00 0.00 0.00 0.00
4.23 1.46 0.44 0.00 0.00 0.00 0.51 0.66 0.00 0.00 0.00 0.00 0.00 0.00 0.00 0.00 0.00 0.00 0.00 0.00 0.00 0.00 0.00 0.00 0.00 0.00 0.00 0.00 0.00 0.00 0.00 0.00 0.00 0.00 0.00 0.00 0.00 0.00 0.00 0.00 0.00 0.00 0.00 0.00 0.00 0.00 0.00 0.00 0.00 0.00 0.00 0.00 0.00 0.00 0.00 0.00 0.00 0.00 0.00 0.00 0.00 0.00 0.00 0.00 0.00 0.00 0.00 6.06 11.97 16.94 14.97 9.76 2.91 3.95 0.00 0.00 0.00 0.00 0.00 0.00 0.00 0.00 0.00 0.00
4.23 1.46 0.44 0.00 0.00 0.00 0.51 0.66 0.00 0.00 0.00 0.00 0.00 0.00 0.00 0.00 0.00 0.00 0.00 0.00 0.00 0.00 0.00 0.00 0.00 0.00 0.00 0.00 0.00 0.00 0.00 0.00 0.00 0.00 0.00 0.00 0.00 0.00 0.00 0.00 0.00 0.00 0.00 0.00 0.00 0.00 0.00 0.00 0.00 0.00 0.00 0.00 0.00 0.00 0.00 0.00 0.00 0.00 0.00 0.00 0.00 0.00 0.00 0.00 0.00 0.00 0.00 6.06 11.97 16.94 14.97 9.71 2.86 3.89 0.00 0.00 0.00 0.00 0.00 0.00 0.00 0.00 0.00 0.00
2.19 3.07 0.00 0.00 0.00 0.00 0.58 0.37 0.00 0.00 0.00 0.00 0.00 0.00 0.00 0.00 0.00 0.00 0.00 0.00 0.00 0.00 0.00 0.00 0.00 0.00 0.00 0.00 0.00 0.00 0.00 0.00 0.00 0.00 0.00 0.00 0.00 0.00 0.00 0.00 0.00 0.00 0.00 0.00 0.00 0.00 0.00 0.00 0.00 0.00 0.00 0.00 0.00 0.00 0.00 0.00 0.00 0.00 0.00 0.00 0.00 0.00 0.00 0.00 0.00 0.00 0.00 1.39 4.89 3.80 2.48 7.45 2.48 0.00 0.00 0.00 0.00 0.00 0.00 0.00 0.00 0.00 0.00 0.00
