Wansh/Snow_depth/snowdepth-1995/spring/1995090.txt
ncols 321
nrows 161
xllcenter 60
yllcenter 15 
cellsize  0.25 
NODATA_value -1
[rows 0 to 36 of 161, columns 168 to 251 of 321]
9.05 9.93 6.42 4.60 4.38 5.77 4.53 5.04 3.65 3.65 3.80 3.87 5.62 5.18 6.28 5.77 5.77 7.96 7.45 10.15 11.10 11.39 8.91 9.34 8.32 6.28 7.59 6.86 2.19 3.50 3.14 2.04 10.07 13.29 12.41 12.41 12.70 12.99 12.63 16.86 14.97 15.99 12.92 13.43 12.99 13.72 13.65 13.80 15.91 12.99 14.02 11.61 11.90 11.10 12.70 13.36 14.67 14.67 14.45 17.08 17.08 17.01 16.50 17.96 20.59 22.05 22.48 22.48 21.46 17.52 15.62 15.33 15.62 14.53 17.89 17.89 17.37 17.81 19.64 19.27 19.78 19.78 19.93 20.00
13.87 8.03 8.76 8.91 9.20 8.61 7.74 3.80 3.80 3.80 5.11 4.53 6.50 6.57 6.86 5.77 7.96 7.01 10.88 10.07 12.19 10.37 9.71 8.91 6.79 8.03 3.80 4.38 1.68 1.24 1.46 8.32 6.28 11.53 11.61 11.61 11.90 11.75 16.43 15.40 17.30 14.45 14.75 14.97 15.04 15.33 14.24 11.10 12.19 11.75 12.70 12.34 12.19 12.56 17.23 18.03 17.59 18.18 18.83 19.56 19.56 18.10 18.03 18.98 20.00 20.88 18.69 18.10 18.10 17.59 16.35 15.99 15.70 15.84 15.33 14.82 14.97 15.55 19.05 19.27 15.04 15.55 12.48 13.14
15.26 16.72 13.65 9.71 16.94 9.93 10.80 7.88 4.82 4.82 4.16 6.42 5.84 5.77 6.06 6.06 8.83 12.78 10.88 12.48 12.41 11.75 9.42 9.56 6.06 0.00 3.14 0.00 0.00 0.00 5.55 3.87 7.59 6.64 6.64 6.64 9.64 15.26 13.80 19.49 18.25 19.27 15.62 14.02 14.09 13.36 10.51 10.73 10.73 11.24 12.34 14.24 13.51 17.01 18.83 19.05 18.69 18.32 17.89 18.54 18.54 17.96 15.04 17.08 17.23 16.72 16.94 15.33 16.06 15.62 15.62 15.70 15.62 16.35 15.48 15.84 16.57 13.21 13.87 13.65 13.94 12.99 12.48 12.12
15.26 16.72 13.65 9.71 16.94 9.93 10.80 7.88 4.82 4.82 4.16 6.42 5.84 5.77 6.06 6.06 8.83 12.78 10.88 12.48 12.41 11.75 9.42 9.56 6.06 0.00 3.14 0.00 0.00 0.00 5.55 3.87 7.59 6.64 6.64 6.64 9.64 15.26 13.80 19.49 18.25 19.27 15.62 14.02 14.09 13.36 10.51 10.73 10.73 11.24 12.34 14.24 13.51 17.01 18.83 19.05 18.69 18.32 17.89 18.54 18.54 17.96 15.04 17.08 17.23 16.72 16.94 15.33 16.06 15.62 15.62 15.70 15.62 16.35 15.48 15.84 16.57 13.21 13.87 13.65 13.94 12.99 12.48 12.12
16.57 15.91 16.13 16.35 16.72 16.72 10.22 11.75 5.84 5.84 5.26 4.38 5.91 9.20 9.71 11.32 11.02 13.07 12.85 12.92 9.71 6.79 9.49 4.53 0.00 0.00 0.00 0.00 0.00 7.23 3.80 6.64 5.11 4.89 9.13 9.13 14.09 13.21 17.16 11.53 16.50 11.10 10.73 10.59 10.59 10.59 10.44 10.22 11.53 14.75 12.70 15.70 17.16 18.40 18.18 18.61 16.79 17.52 16.28 16.06 16.06 16.06 16.43 14.82 14.75 14.45 13.51 13.80 14.82 14.53 13.94 14.45 14.24 14.75 11.83 13.07 11.68 12.41 12.85 13.21 13.58 13.36 13.72 12.85
21.32 21.02 22.12 21.90 24.16 21.46 22.27 16.50 5.04 5.04 5.04 8.25 11.10 10.80 10.66 10.00 10.22 10.15 12.05 8.54 9.20 5.48 0.00 0.07 0.00 0.00 0.00 3.58 9.05 8.32 7.81 7.30 7.01 11.02 14.67 14.67 14.16 14.09 9.78 11.02 9.49 9.78 9.56 10.29 10.29 10.51 11.61 13.07 15.77 14.97 17.01 18.76 17.23 15.55 15.99 18.10 13.94 14.75 14.67 15.55 15.55 15.84 15.33 16.21 15.91 12.70 9.20 9.78 10.73 10.22 11.90 9.49 10.59 11.53 11.68 11.97 11.83 10.59 11.83 12.85 12.99 13.36 13.65 13.21
20.73 23.51 23.29 19.49 22.19 20.00 16.50 16.79 14.67 14.67 12.34 12.85 12.85 14.09 12.48 10.59 10.00 10.37 8.32 8.83 4.23 5.62 0.00 0.00 0.00 0.00 3.43 1.90 8.03 9.20 10.88 10.88 14.16 12.12 18.91 18.91 17.96 10.37 12.34 6.86 6.64 6.35 8.54 10.07 9.56 11.53 13.14 12.63 14.38 16.64 18.03 18.03 18.47 17.74 16.79 13.14 13.21 10.51 11.68 13.51 13.51 14.97 10.37 11.02 8.03 8.32 8.32 7.88 8.76 8.54 8.47 8.47 9.49 9.20 10.22 8.47 9.42 10.29 10.44 12.17 12.65 15.18 14.92 17.33
20.73 23.51 23.29 19.49 22.19 20.00 16.50 16.79 14.67 14.67 12.34 12.85 12.85 14.09 12.48 10.59 10.00 10.37 8.32 8.83 4.23 5.62 0.00 0.00 0.00 0.00 3.43 1.90 8.03 9.20 10.88 10.88 14.16 12.12 18.91 18.91 17.96 10.37 12.34 6.86 6.64 6.35 8.54 10.07 9.56 11.53 13.14 12.63 14.38 16.64 18.03 18.03 18.47 17.74 16.79 13.14 13.21 10.51 11.68 13.51 13.51 14.97 10.37 11.02 8.03 8.32 8.32 7.88 8.76 8.54 8.47 8.47 9.49 9.20 10.22 9.79 12.99 14.81 14.30 20.67 20.90 20.20 19.19 17.98
10.15 21.17 19.71 20.73 13.87 10.66 10.80 14.24 13.80 13.80 13.87 13.29 14.24 14.09 11.17 8.61 9.27 4.74 0.88 1.75 0.00 0.00 0.00 1.10 4.31 4.09 4.74 6.20 5.48 7.37 9.93 10.15 12.85 12.26 17.30 17.30 14.09 15.70 8.91 4.89 4.67 6.35 8.54 11.24 13.80 14.97 16.50 16.43 23.36 22.12 18.76 15.70 16.72 12.41 10.00 8.91 9.56 9.13 10.66 8.54 8.54 10.29 8.10 7.37 6.57 7.74 7.15 7.08 7.59 8.25 9.27 9.34 9.34 8.81 11.30 12.93 13.64 14.16 12.43 18.72 15.23 15.05 15.02 18.94
8.83 8.69 9.86 14.38 15.18 12.19 10.88 11.61 9.78 9.78 12.78 11.61 14.38 11.10 11.61 8.32 3.72 4.45 1.75 0.00 0.00 0.37 2.70 1.97 5.55 6.64 7.45 7.01 7.66 8.83 8.47 9.05 9.71 7.81 8.98 8.98 9.42 10.51 8.03 8.25 6.64 12.26 11.61 10.51 16.28 16.86 19.35 17.96 20.66 19.42 16.94 11.17 9.49 8.54 8.69 8.47 7.88 8.32 8.40 8.18 8.18 9.20 8.91 8.69 9.42 8.98 7.88 7.96 8.32 8.25 9.20 8.98 9.63 11.94 12.42 11.68 11.74 15.17 17.27 15.90 15.23 17.15 17.39 20.40
8.61 7.81 7.81 7.08 9.20 13.07 13.72 9.78 10.29 10.29 10.22 11.17 7.66 8.69 4.31 0.00 0.00 0.00 3.87 3.58 6.20 5.18 5.48 6.50 6.64 6.64 6.20 7.52 6.57 7.74 8.61 5.04 6.28 5.91 6.72 6.72 8.40 10.37 11.53 15.11 14.45 16.57 12.78 13.72 17.37 18.76 18.32 19.27 21.53 13.21 13.36 12.26 9.78 9.34 8.18 8.61 8.40 9.86 17.37 9.86 9.86 13.80 12.12 12.85 10.22 9.71 11.39 11.17 10.22 11.61 10.07 10.66 9.81 8.52 8.58 12.15 14.48 15.88 13.18 14.81 14.18 17.74 16.71 16.82
8.61 7.81 7.81 7.08 9.20 13.07 13.72 9.78 10.29 10.29 10.22 11.17 7.66 8.69 4.31 0.00 0.00 0.00 3.87 3.58 6.20 5.18 5.48 6.50 6.64 6.64 6.20 7.52 6.57 7.74 8.61 5.04 6.28 5.91 6.72 6.72 8.40 10.37 11.53 15.11 14.45 16.57 12.78 13.72 17.37 18.76 18.32 19.27 21.53 13.21 13.36 12.26 9.78 9.34 8.18 8.61 8.40 9.86 17.37 9.86 9.86 13.80 12.12 12.85 10.22 9.71 11.39 11.17 10.22 11.61 10.07 10.66 9.56 8.40 8.32 11.28 12.91 14.71 14.06 15.37 14.18 17.35 18.36 18.00
10.66 9.56 6.13 5.99 5.40 8.03 8.25 8.54 10.44 10.44 12.85 8.98 6.50 2.77 3.43 0.00 4.16 0.00 5.11 5.91 5.40 6.13 5.26 4.82 5.99 4.38 5.26 6.35 6.20 5.99 4.89 5.91 7.81 7.08 9.20 9.20 11.39 14.75 16.21 16.79 17.81 17.81 17.81 13.36 16.35 12.26 9.93 8.40 10.88 11.75 10.80 9.13 8.83 8.61 8.61 12.70 14.82 14.31 17.45 15.33 15.33 15.48 13.65 16.28 13.72 12.63 13.43 12.34 14.31 11.75 10.51 10.80 9.13 10.59 10.26 12.47 15.29 12.80 15.35 16.89 15.31 17.93 18.98 18.42
10.95 10.66 10.37 11.17 7.45 7.37 7.59 11.17 10.37 10.37 16.28 16.57 17.16 12.34 6.64 4.53 4.53 4.38 4.09 3.87 4.23 4.45 5.26 5.04 4.96 5.48 5.33 7.01 9.20 9.05 6.72 7.01 6.86 9.42 11.24 11.24 14.45 14.67 15.55 16.86 15.91 16.43 17.01 12.56 9.86 10.15 7.08 7.88 8.18 9.27 8.91 9.49 9.64 8.83 13.36 14.02 14.60 15.33 15.62 15.48 15.48 13.43 18.61 19.35 18.25 20.29 18.18 14.60 16.13 13.58 13.43 11.39 9.20 10.81 13.75 14.71 12.23 15.46 17.63 15.24 17.36 15.64 16.80 19.78
13.36 15.04 14.45 14.82 14.31 13.87 12.63 10.95 15.70 15.70 14.89 17.30 13.72 8.25 9.78 3.80 3.65 3.43 3.36 3.43 3.21 4.16 4.74 4.74 6.72 6.28 7.30 8.83 8.47 9.93 9.42 8.47 9.49 10.59 10.80 10.80 10.66 12.48 11.97 14.89 12.26 13.65 13.36 12.12 10.88 12.78 13.21 13.14 13.07 11.53 11.02 14.75 14.09 14.24 14.24 14.60 15.48 17.37 14.16 17.59 17.59 14.60 18.98 20.44 20.29 21.24 18.61 14.75 14.67 14.53 14.60 14.24 11.38 15.51 14.07 16.37 15.35 16.65 15.06 16.85 16.17 14.98 16.44 12.71
14.53 15.18 17.59 15.26 14.60 14.60 12.63 12.48 12.05 12.05 11.61 11.24 11.39 9.56 6.57 4.31 4.38 1.46 1.75 1.68 1.61 1.46 3.72 3.07 4.67 7.52 6.64 6.57 6.64 8.69 8.47 8.76 10.44 9.86 10.59 10.59 10.73 10.37 9.56 10.00 10.07 11.32 10.59 11.53 11.17 12.34 12.70 13.58 11.32 13.87 14.31 14.16 13.87 13.29 8.54 14.31 12.92 17.37 16.50 16.06 16.06 18.69 20.73 20.88 21.68 16.13 11.90 12.41 12.19 7.96 12.78 13.62 15.40 14.79 17.25 15.50 16.72 15.44 16.31 17.28 17.22 18.39 15.78 13.83
14.53 15.18 17.59 15.26 14.60 14.60 12.63 12.48 12.05 12.05 11.61 11.24 11.39 9.56 6.57 4.31 4.38 1.46 1.75 1.68 1.61 1.46 3.72 3.07 4.67 7.52 6.64 6.57 6.64 8.69 8.47 8.76 10.44 9.86 10.59 10.59 10.73 10.37 9.56 10.00 10.07 11.32 10.59 11.53 11.17 12.34 12.70 13.58 11.32 13.87 14.31 14.16 13.87 13.29 8.54 14.31 12.92 17.37 16.50 16.06 16.06 18.69 20.73 20.88 21.68 16.13 11.90 12.41 12.19 7.96 12.78 16.73 14.43 16.08 15.49 19.18 16.96 17.07 16.63 15.59 16.64 15.81 17.16 15.70
9.71 13.80 13.65 13.51 11.39 8.32 11.61 11.10 10.88 10.88 10.95 10.37 10.29 7.88 8.54 4.45 1.83 2.70 0.66 1.31 1.75 1.75 1.68 3.36 4.82 6.06 5.99 6.64 6.86 7.01 8.47 8.54 9.42 9.49 10.07 10.07 10.51 10.22 8.61 9.78 8.91 9.13 10.80 10.51 7.30 11.68 4.89 5.77 8.47 8.61 8.47 1.17 3.72 2.92 5.62 11.97 7.74 11.68 14.31 15.62 15.62 17.67 18.18 8.69 9.78 6.86 6.57 8.32 2.77 4.38 9.08 6.55 13.44 14.88 13.26 16.17 16.70 14.80 15.53 16.21 15.39 15.40 16.93 11.89
9.93 8.91 13.21 12.48 13.14 8.61 6.94 5.48 5.48 5.48 5.33 7.23 8.61 10.29 9.05 5.18 6.35 1.46 1.61 1.83 1.75 2.63 3.58 3.65 4.02 5.33 5.62 6.35 6.06 6.35 5.99 7.08 8.03 8.03 9.34 9.34 8.25 7.52 6.94 7.52 7.96 7.96 9.78 5.40 6.72 7.01 6.13 3.58 4.53 2.04 2.77 1.61 2.26 8.25 4.09 5.11 4.23 4.96 4.67 10.80 10.80 3.72 3.29 3.87 4.38 3.65 0.00 0.37 1.68 2.20 4.35 5.68 5.24 6.37 8.22 6.79 9.70 8.93 10.65 13.33 12.28 10.67 9.86 10.08
5.99 5.18 8.69 9.71 8.61 8.76 7.37 4.89 4.31 4.31 4.09 5.26 7.37 7.15 7.45 4.96 1.75 1.97 1.83 1.97 4.53 5.99 5.69 6.20 5.62 5.26 5.55 5.91 5.84 6.42 7.37 8.40 8.25 9.42 8.10 8.10 8.61 8.10 7.96 7.23 7.45 6.50 3.72 4.60 4.09 2.48 3.50 3.72 3.80 3.72 4.60 5.18 17.08 12.70 6.35 0.00 1.17 0.00 0.00 0.29 0.29 2.41 2.85 2.70 1.31 1.24 0.00 0.00 0.00 0.00 0.00 1.24 1.24 3.50 5.33 8.22 10.09 11.03 12.11 10.71 11.59 8.82 7.12 6.62
5.04 3.72 2.12 2.04 1.68 2.92 3.94 5.77 4.67 4.67 0.00 4.38 4.45 4.89 4.23 0.00 0.00 0.00 2.63 6.28 5.18 7.30 7.52 7.37 6.35 6.20 5.69 5.77 6.86 7.59 8.76 10.66 10.37 10.73 8.69 8.69 9.71 9.78 8.40 5.55 3.94 3.80 2.26 2.12 3.29 3.58 4.74 4.31 5.91 9.56 13.65 18.18 17.45 17.37 2.34 0.00 0.00 0.00 0.51 0.00 0.00 0.00 0.00 0.51 0.00 0.00 0.00 0.00 0.00 0.00 0.00 0.00 0.00 1.68 4.84 9.65 14.70 14.13 15.39 12.17 14.72 9.87 11.15 5.29
2.85 2.77 0.00 0.00 0.00 0.00 0.00 0.00 0.00 0.00 0.00 0.00 3.50 4.16 5.40 0.00 0.00 0.00 2.41 6.72 10.07 9.71 8.98 8.98 7.37 7.15 9.49 7.30 7.52 10.80 10.66 11.39 9.71 10.59 11.17 11.17 9.13 5.62 3.14 2.12 2.26 2.34 2.41 2.77 3.21 2.99 5.48 5.99 11.75 12.78 13.43 12.63 2.56 0.00 0.00 0.00 0.00 0.00 0.00 0.00 0.00 0.00 0.00 0.00 0.00 0.00 0.00 0.00 0.00 0.00 0.00 0.00 0.95 0.00 3.65 8.48 9.40 10.97 16.13 14.60 10.01 8.17 10.56 5.91
2.85 2.77 0.00 0.00 0.00 0.00 0.00 0.00 0.00 0.00 0.00 0.00 3.50 4.16 5.40 0.00 0.00 0.00 2.41 6.72 10.07 9.71 8.98 8.98 7.37 7.15 9.49 7.30 7.52 10.80 10.66 11.39 9.71 10.59 11.17 11.17 9.13 5.62 3.14 2.12 2.26 2.34 2.41 2.77 3.21 2.99 5.48 5.99 11.75 12.78 13.43 12.63 2.56 0.00 0.00 0.00 0.00 0.00 0.00 0.00 0.00 0.00 0.00 0.00 0.00 0.00 0.00 0.00 0.00 0.00 0.00 0.00 0.95 0.00 3.50 8.52 7.30 9.65 13.51 16.99 12.24 8.34 8.28 5.45
0.00 0.00 0.00 0.00 0.00 0.00 0.00 0.00 0.00 0.00 0.00 0.00 0.00 0.00 0.00 0.00 0.00 1.75 8.10 11.17 11.02 10.59 9.34 9.93 10.22 11.24 10.88 11.61 12.78 10.95 11.17 10.37 10.00 7.81 9.05 9.05 8.91 7.01 5.69 11.75 7.52 7.08 5.33 5.11 5.33 21.61 18.54 16.35 17.37 15.18 10.80 0.00 0.00 0.00 0.00 0.00 0.00 0.00 0.00 0.00 0.00 0.00 0.00 0.00 0.00 0.00 0.00 0.00 0.00 0.00 0.00 0.00 0.00 1.46 3.80 5.50 7.91 10.52 16.64 17.20 12.61 7.39 7.15 5.80
0.00 0.00 0.00 0.00 0.00 0.00 0.00 0.00 0.00 0.00 0.00 0.00 0.00 0.00 0.00 0.00 0.00 4.89 3.50 7.96 10.80 10.44 9.78 9.42 10.59 11.68 13.43 15.11 15.18 11.68 9.42 8.47 8.61 10.44 12.56 12.56 12.19 11.75 19.93 19.71 17.01 30.44 27.59 22.48 21.90 17.81 14.89 12.99 0.00 0.00 0.00 0.00 0.00 0.00 0.00 0.00 0.00 0.00 0.00 0.00 0.00 0.00 0.00 0.00 0.00 0.00 0.00 0.00 0.00 0.00 0.00 0.00 0.00 4.16 7.71 10.46 16.35 15.04 16.14 16.49 11.44 8.87 7.25 4.12
0.00 0.00 0.00 0.00 0.00 0.00 0.00 0.00 0.00 0.00 0.00 0.00 0.00 0.00 0.00 0.00 0.00 5.77 7.08 9.42 10.88 10.66 10.80 11.53 11.97 11.61 10.51 15.11 12.12 12.12 12.19 6.72 9.71 11.90 11.83 11.83 18.83 24.16 23.21 24.09 27.74 30.44 28.03 25.19 25.19 12.70 2.70 0.00 0.00 0.00 0.00 0.00 0.00 0.00 0.00 0.00 0.00 0.00 0.00 0.00 0.00 0.00 0.00 0.00 0.00 0.00 0.00 0.00 0.00 0.00 1.17 0.00 5.04 7.45 21.49 24.76 20.79 16.81 12.18 10.11 7.04 7.62 3.96 3.31
5.55 5.26 4.02 0.00 1.24 0.00 0.00 0.00 0.00 0.00 0.00 0.00 0.00 0.00 0.00 3.21 5.69 7.96 7.81 7.96 9.93 8.69 11.68 13.14 9.20 5.91 7.66 6.72 9.34 11.75 6.86 9.93 9.49 4.74 7.01 7.01 16.43 22.63 14.45 19.13 20.44 24.02 5.33 23.51 22.34 0.00 0.00 0.00 0.00 0.00 0.00 0.00 0.00 0.00 0.00 0.00 0.00 0.00 0.00 0.00 0.00 0.00 0.00 0.00 0.00 0.00 0.00 0.00 0.00 0.00 7.37 17.37 21.00 22.57 23.82 28.36 17.80 21.78 14.13 9.43 5.01 3.27 2.92 3.45
8.10 6.28 5.99 3.50 0.00 0.00 0.00 0.00 0.00 0.00 0.00 0.00 0.00 0.00 0.00 0.00 2.70 5.04 1.39 2.12 6.64 6.35 3.36 3.21 6.28 7.01 2.12 4.31 2.19 4.60 0.51 2.04 0.00 0.00 3.07 3.07 10.07 5.26 6.42 6.94 0.00 0.00 2.34 0.00 0.00 0.00 0.00 0.00 0.00 0.00 0.00 0.00 0.00 0.00 0.00 0.00 0.00 0.00 0.00 0.00 0.00 0.00 0.00 0.00 0.00 0.00 0.00 0.00 1.24 2.70 14.75 21.82 25.34 23.14 22.03 21.07 15.27 10.10 12.60 4.58 4.47 3.44 0.54 0.00
8.10 6.28 5.99 3.50 0.00 0.00 0.00 0.00 0.00 0.00 0.00 0.00 0.00 0.00 0.00 0.00 2.70 5.04 1.39 2.12 6.64 6.35 3.36 3.21 6.28 7.01 2.12 4.31 2.19 4.60 0.51 2.04 0.00 0.00 3.07 3.07 10.07 5.26 6.42 6.94 0.00 0.00 2.34 0.00 0.00 0.00 0.00 0.00 0.00 0.00 0.00 0.00 0.00 0.00 0.00 0.00 0.00 0.00 0.00 0.00 0.00 0.00 0.00 0.00 0.00 0.00 0.00 0.00 1.24 2.70 14.83 21.59 22.91 25.78 23.50 24.58 17.73 9.77 13.17 4.45 4.73 4.07 0.49 0.00
7.15 4.67 3.36 4.02 0.00 0.00 0.00 0.00 0.00 0.00 0.00 0.00 0.00 0.00 0.00 0.00 0.00 0.00 0.00 0.00 0.00 0.95 1.31 0.00 0.00 0.00 0.00 0.51 0.00 0.00 0.00 0.00 0.00 0.00 0.00 0.00 0.00 0.00 2.34 0.00 0.00 0.00 0.00 0.00 0.00 0.00 0.00 0.00 0.00 0.00 0.00 0.00 0.00 0.00 0.00 0.00 0.00 0.00 0.00 0.00 0.00 0.00 0.00 0.00 0.00 0.00 0.00 0.00 0.37 2.73 5.97 20.94 28.41 29.69 29.42 22.03 14.60 5.74 5.47 3.12 3.08 0.11 0.09 0.00
3.58 3.07 1.61 0.00 0.00 0.00 0.00 0.00 0.00 0.00 0.00 0.00 0.00 0.00 0.00 0.00 0.00 0.00 0.00 0.00 0.00 0.00 0.00 0.00 0.00 0.00 0.00 0.00 0.00 0.29 0.00 0.00 0.00 0.00 0.00 0.00 0.00 0.00 0.00 0.00 0.00 0.00 0.00 0.00 0.00 0.00 0.00 0.00 0.00 0.00 0.00 0.00 0.00 0.00 0.00 0.00 0.00 0.00 0.00 0.00 0.00 0.00 0.00 0.00 0.00 0.00 0.00 3.14 13.87 3.58 8.54 21.52 24.73 24.18 27.26 20.79 9.27 3.30 2.19 1.19 0.47 0.00 0.00 0.00
5.11 4.09 0.00 0.88 0.00 0.00 0.00 0.00 0.00 0.00 0.00 0.00 0.00 0.00 0.00 0.00 0.00 0.00 0.00 0.00 0.00 0.00 0.00 0.00 0.00 0.00 0.00 0.00 0.00 0.00 0.00 0.00 0.00 0.00 0.00 0.00 0.00 0.00 0.00 0.00 0.00 0.00 0.00 0.00 0.00 0.00 0.00 0.00 0.00 0.00 0.00 0.00 0.00 0.00 0.00 0.00 0.00 0.00 0.00 0.00 0.00 0.00 0.00 0.00 0.00 0.00 0.00 6.13 7.81 12.92 15.99 19.57 23.34 21.48 9.32 5.06 1.24 1.78 1.44 0.96 0.00 0.00 0.00 0.00
5.40 3.72 0.44 0.00 0.00 0.00 0.00 0.00 0.00 0.00 0.00 0.00 0.00 0.00 0.00 0.00 0.00 0.00 0.00 0.00 0.00 0.00 0.00 0.00 0.00 0.00 0.00 0.00 0.00 0.00 0.00 0.00 0.00 0.00 0.00 0.00 0.00 0.00 0.00 0.00 0.00 0.00 0.00 0.00 0.00 0.00 0.00 0.00 0.00 0.00 0.00 0.00 0.00 0.00 0.00 0.00 0.00 0.00 0.00 0.00 0.00 0.00 0.00 0.00 0.00 0.00 0.00 5.11 8.69 10.95 13.94 16.44 19.83 12.17 6.18 3.08 0.30 0.00 0.18 0.08 0.00 0.00 0.00 0.00
1.83 2.92 0.66 0.00 0.00 0.00 0.00 0.00 0.00 0.00 0.00 0.00 0.00 0.00 0.00 0.00 0.00 0.00 0.00 0.00 0.00 0.00 0.00 0.00 0.00 0.00 0.00 0.00 0.00 0.00 0.00 0.00 0.00 0.00 0.00 0.00 0.00 0.00 0.00 0.00 0.00 0.00 0.00 0.00 0.00 0.00 0.00 0.00 0.00 0.00 0.00 0.00 0.00 0.00 0.00 0.00 0.00 0.00 0.00 0.00 0.00 0.00 0.00 0.00 0.00 0.00 2.34 8.47 5.69 8.40 12.70 10.22 13.06 7.42 3.97 2.00 0.44 0.32 0.00 0.00 0.00 0.00 0.00 0.00
1.10 0.00 0.00 0.00 0.00 0.00 0.00 0.00 0.00 0.00 0.00 0.00 0.00 0.00 0.00 0.00 0.00 0.00 0.00 0.00 0.00 0.00 0.00 0.00 0.00 0.00 0.00 0.00 0.00 0.00 0.00 0.00 0.00 0.00 0.00 0.00 0.00 0.00 0.00 0.00 0.00 0.00 0.00 0.00 0.00 0.00 0.00 0.00 0.00 0.00 0.00 0.00 0.00 0.00 0.00 0.00 0.00 0.00 0.00 0.00 0.00 0.00 0.00 0.00 0.00 0.00 0.00 7.52 3.65 12.92 10.66 7.26 3.43 0.30 0.07 0.00 0.00 0.00 0.00 0.00 0.00 0.00 0.00 0.00
1.10 0.00 0.00 0.00 0.00 0.00 0.00 0.00 0.00 0.00 0.00 0.00 0.00 0.00 0.00 0.00 0.00 0.00 0.00 0.00 0.00 0.00 0.00 0.00 0.00 0.00 0.00 0.00 0.00 0.00 0.00 0.00 0.00 0.00 0.00 0.00 0.00 0.00 0.00 0.00 0.00 0.00 0.00 0.00 0.00 0.00 0.00 0.00 0.00 0.00 0.00 0.00 0.00 0.00 0.00 0.00 0.00 0.00 0.00 0.00 0.00 0.00 0.00 0.00 0.00 0.00 0.00 7.52 3.65 12.92 10.66 7.23 3.37 0.29 0.07 0.00 0.00 0.00 0.00 0.00 0.00 0.00 0.00 0.00
0.37 0.00 0.00 0.00 0.00 0.00 0.00 0.00 0.00 0.00 0.00 0.00 0.00 0.00 0.00 0.00 0.00 0.00 0.00 0.00 0.00 0.00 0.00 0.00 0.00 0.00 0.00 0.00 0.00 0.00 0.00 0.00 0.00 0.00 0.00 0.00 0.00 0.00 0.00 0.00 0.00 0.00 0.00 0.00 0.00 0.00 0.00 0.00 0.00 0.00 0.00 0.00 0.00 0.00 0.00 0.00 0.00 0.00 0.00 0.00 0.00 0.00 0.00 0.00 0.00 0.00 0.00 1.39 1.61 5.04 4.53 2.56 0.00 0.07 0.07 0.00 0.00 0.00 0.00 0.00 0.00 0.00 0.00 0.00
