Wansh/Snow_depth/snowdepth-1995/spring/1995104.txt
ncols 321
nrows 161
xllcenter 60
yllcenter 15 
cellsize  0.25 
NODATA_value -1
[rows 74 to 110 of 161, columns 84 to 167 of 321]
0.00 0.00 0.00 0.00 0.00 0.80 1.24 0.95 0.00 1.46 0.22 2.04 2.70 2.19 2.41 2.77 2.26 0.00 0.00 0.00 0.00 0.00 0.00 0.00 0.00 0.00 0.00 0.00 0.00 0.00 0.00 0.00 0.00 0.00 0.00 0.00 0.00 0.00 0.00 0.00 0.00 1.46 2.48 2.48 2.19 0.00 0.07 0.22 0.00 0.00 0.00 0.00 0.00 0.00 0.00 0.00 0.00 0.00 0.00 0.00 0.00 0.00 0.00 0.00 0.00 0.00 0.00 0.00 0.00 0.00 0.66 0.00 0.00 0.00 0.00 0.00 0.00 0.00 0.00 0.00 0.00 0.81 1.10 0.00
0.00 0.00 0.00 0.00 1.17 2.12 1.61 1.90 1.97 2.41 2.85 2.85 0.00 0.00 0.00 0.00 0.00 0.00 0.00 0.00 0.00 0.00 0.00 0.00 0.00 0.00 0.00 0.00 0.00 0.00 0.00 0.00 0.00 0.00 0.00 0.00 0.00 0.00 0.00 0.00 0.00 0.00 2.41 2.41 2.70 1.31 1.75 1.68 1.46 0.66 0.80 0.44 0.00 0.95 0.00 0.00 0.00 0.00 0.00 0.66 1.02 0.00 0.00 0.00 0.29 0.00 0.00 0.00 0.00 0.00 1.10 2.12 1.46 0.15 0.00 0.00 0.00 0.00 0.00 0.00 0.00 0.00 0.00 0.00
1.31 1.97 0.37 1.39 2.19 1.61 2.41 0.00 3.58 0.00 2.85 0.00 4.31 4.45 0.00 0.00 0.00 0.00 0.00 0.00 0.00 0.00 0.00 0.00 0.00 0.00 0.00 0.00 0.00 0.00 0.00 0.00 0.00 0.00 0.00 0.00 0.00 0.00 0.00 0.00 0.00 0.00 0.00 0.00 2.12 1.46 2.19 3.14 0.00 0.00 0.00 0.95 1.46 0.95 0.51 0.00 0.66 0.22 1.10 0.29 1.31 0.95 1.53 1.24 0.58 0.00 0.58 0.00 0.00 0.00 0.73 2.41 1.68 2.04 0.58 0.29 0.00 0.00 0.00 0.00 0.00 0.00 0.00 0.00
0.00 0.00 1.75 0.29 0.00 1.31 1.75 0.00 0.00 0.00 2.99 4.38 4.38 3.72 0.00 3.80 0.00 0.00 0.00 0.00 0.00 0.00 0.00 0.00 0.00 0.00 0.00 0.00 0.00 0.00 0.00 0.00 0.00 0.00 0.00 0.00 0.00 0.00 0.00 0.00 0.00 0.00 0.00 0.00 0.00 1.75 1.61 0.00 0.00 0.00 0.00 0.00 2.04 2.04 1.68 1.75 1.39 2.56 0.00 1.02 0.58 1.46 0.88 1.68 0.95 1.24 1.68 1.46 1.46 1.31 1.10 1.24 2.12 2.34 2.41 0.00 0.00 0.00 0.00 0.00 0.00 0.00 0.00 1.03
0.00 0.51 0.00 0.00 0.44 1.10 0.00 0.00 0.00 0.00 3.58 0.00 4.38 3.65 3.58 3.65 0.00 0.00 0.00 0.00 0.00 0.00 0.00 0.00 0.00 0.00 0.00 0.00 0.00 0.00 0.00 0.00 0.00 0.00 0.00 0.00 0.00 0.00 0.00 0.00 0.00 0.00 0.00 0.00 0.00 0.00 2.04 2.92 0.00 0.00 0.00 0.00 0.00 1.83 1.17 2.26 0.00 0.00 0.00 0.00 0.00 2.41 0.00 1.90 0.00 1.17 1.97 1.75 1.75 2.48 0.95 1.46 2.19 2.12 0.37 0.00 0.00 0.00 0.00 0.00 0.00 0.00 0.59 1.48
0.00 0.00 0.00 0.00 0.00 0.00 0.00 0.00 0.00 0.00 3.65 3.58 3.50 3.43 0.00 2.99 0.00 0.00 0.00 0.00 0.00 0.00 0.00 0.00 0.00 0.00 0.00 0.00 0.00 0.00 0.00 0.00 0.00 0.00 0.00 0.00 0.00 0.00 0.00 0.00 0.00 0.00 0.00 0.00 0.00 0.00 0.00 0.00 0.00 0.00 0.00 0.00 0.00 0.00 1.97 0.00 0.00 0.00 0.00 0.00 0.00 2.92 2.48 0.00 0.00 0.00 0.88 0.00 0.00 1.31 0.88 0.00 3.07 0.58 0.88 0.51 1.03 0.15 0.29 0.00 0.00 0.07 0.66 1.03
0.00 0.00 0.00 0.00 0.00 0.00 0.00 0.00 0.00 3.87 4.23 3.58 4.02 0.00 0.00 0.00 0.00 0.00 0.00 0.00 0.00 0.00 0.00 0.00 0.00 0.00 0.00 0.00 0.00 0.00 0.00 0.00 0.00 0.00 0.00 0.00 0.00 0.00 0.00 0.00 0.00 0.00 0.00 0.00 0.00 0.00 0.00 0.00 0.00 0.00 0.00 0.00 0.00 0.00 0.00 0.00 0.00 0.00 0.00 0.00 3.65 3.87 2.77 1.97 0.00 0.00 0.00 0.66 0.66 0.00 1.02 0.00 2.19 1.46 1.75 0.66 2.10 1.30 1.02 2.85 2.19 2.04 0.88 2.19
0.00 1.02 0.00 0.00 0.00 2.12 0.00 2.19 0.00 0.00 4.16 4.02 3.94 0.00 0.00 0.00 3.58 0.00 0.00 0.00 1.90 0.00 0.00 0.00 0.00 0.00 0.00 0.00 0.00 0.00 0.00 0.00 0.00 0.00 0.00 0.00 0.00 0.00 0.00 0.00 0.00 0.00 0.00 0.00 0.00 0.00 0.00 0.00 0.00 0.00 0.00 0.00 0.00 0.00 0.00 0.00 0.80 0.37 1.83 3.29 4.60 3.80 5.26 4.31 0.00 0.00 0.00 0.00 0.00 0.00 0.00 0.00 0.00 4.53 2.26 1.98 2.51 3.52 4.84 4.79 3.01 2.04 0.00 2.19
1.83 1.24 1.46 1.83 2.41 2.12 2.26 2.56 0.00 2.12 2.77 3.94 3.80 3.87 4.02 3.87 4.23 0.00 0.00 2.56 1.46 0.95 0.00 0.00 0.00 0.00 0.00 0.00 0.00 0.00 0.00 0.00 0.00 0.00 0.00 0.00 0.00 0.00 0.00 0.00 0.00 0.00 0.00 0.00 0.00 0.00 0.00 0.00 0.00 0.00 0.00 0.00 0.00 0.00 0.00 0.00 0.00 0.44 0.29 1.75 3.94 5.04 4.67 4.82 4.09 3.21 1.31 0.00 0.00 0.00 0.00 4.89 5.99 5.69 4.82 4.31 2.99 3.87 5.69 7.41 6.20 5.04 0.00 1.97
1.75 1.75 1.10 1.39 2.04 2.12 0.00 0.00 0.00 2.04 3.50 3.07 3.14 3.65 3.50 4.09 3.87 2.92 2.92 1.97 1.02 1.17 0.44 1.46 0.00 1.02 0.00 0.00 0.00 0.00 0.00 0.00 0.00 0.00 0.00 0.00 0.00 0.00 0.00 0.00 0.00 0.00 0.00 0.00 0.00 0.00 0.00 0.00 0.00 0.00 0.00 0.00 0.00 0.37 0.00 0.00 0.00 0.00 1.02 0.22 2.48 3.36 3.58 4.53 4.96 3.94 4.96 3.50 3.50 2.99 0.00 0.00 5.84 6.28 4.67 4.82 5.18 4.89 6.57 6.94 7.59 6.64 3.94 1.90
2.12 1.39 1.31 2.04 0.00 2.04 2.77 3.29 3.14 3.65 3.36 3.14 2.85 2.92 3.80 3.14 3.72 2.41 2.41 2.92 1.75 2.41 1.83 1.02 1.31 0.00 0.88 0.00 0.07 0.15 0.00 1.17 1.17 0.00 0.00 0.00 0.00 0.00 0.00 0.00 0.00 0.00 0.00 0.00 0.00 0.00 0.00 0.00 0.00 0.00 0.00 0.00 0.00 0.29 0.07 0.07 0.00 1.31 0.00 0.95 2.41 3.50 3.72 4.23 4.60 4.67 6.35 6.06 6.06 0.00 2.48 4.89 4.67 4.53 5.33 5.84 5.84 6.57 7.01 7.01 7.52 6.86 7.30 5.48
1.31 1.10 1.10 2.04 1.97 2.34 2.19 3.29 2.41 3.07 3.36 2.04 2.70 2.70 2.48 2.85 3.50 3.65 3.65 2.92 1.83 2.70 2.34 1.83 1.61 1.10 1.17 0.66 1.17 1.39 0.88 1.10 1.10 0.00 0.51 0.00 0.00 0.00 0.00 0.00 0.00 0.00 0.66 0.66 0.37 0.58 0.44 0.29 0.29 0.22 0.44 0.07 0.00 0.66 2.12 1.97 5.26 2.85 0.00 0.00 1.32 3.43 3.91 4.53 4.96 6.13 6.20 6.64 6.64 6.06 3.87 3.29 4.09 4.74 4.45 5.04 5.99 6.72 7.88 8.10 9.27 10.00 9.42 7.52
1.31 2.04 2.04 1.83 2.70 2.77 3.36 3.07 2.85 3.07 0.00 0.00 0.00 0.00 0.00 0.00 2.99 0.00 0.00 2.70 0.00 3.87 3.87 2.70 0.00 0.07 0.00 1.17 2.12 0.00 0.00 0.00 0.44 0.00 0.00 0.00 0.00 0.00 0.00 0.00 0.80 0.00 0.73 0.73 0.51 1.02 0.22 0.22 0.58 0.37 0.00 0.00 0.44 0.51 1.75 6.06 8.03 8.83 7.52 5.99 4.09 3.29 3.80 5.11 3.94 6.13 2.99 1.75 1.75 3.21 5.33 7.01 7.37 4.16 2.70 2.63 2.04 5.33 6.28 8.10 8.03 10.51 9.42 6.64
1.53 2.04 1.31 1.90 2.48 2.99 2.77 3.21 0.00 1.90 0.00 0.00 0.00 0.00 2.19 2.12 1.97 2.63 2.63 2.48 3.21 2.77 1.61 0.00 0.00 0.00 0.00 0.00 0.00 0.00 0.00 0.00 0.00 0.00 0.00 0.00 0.00 0.00 1.75 1.02 1.10 0.07 0.44 0.44 0.44 0.44 0.29 0.29 0.07 0.00 0.00 0.07 0.66 0.88 1.53 3.50 7.23 8.98 8.61 8.32 4.96 3.65 4.02 4.38 4.22 4.74 3.21 1.24 1.24 3.14 5.84 5.77 7.52 4.31 3.50 2.19 2.34 2.12 4.60 6.57 6.42 9.42 7.74 6.06
1.17 1.97 0.95 1.83 1.39 2.34 2.63 2.41 0.00 1.46 1.68 1.75 2.48 2.34 2.26 2.41 1.97 2.26 2.26 2.99 3.07 2.12 0.00 0.00 0.00 0.00 0.00 0.00 0.00 0.00 0.00 0.00 0.00 0.00 0.00 0.00 0.00 1.24 1.31 1.31 1.53 1.46 1.31 1.31 1.31 0.44 1.46 0.66 0.37 0.22 0.00 0.00 0.15 1.83 2.99 1.83 4.74 6.86 4.82 7.74 6.94 5.26 4.45 5.69 2.58 4.94 7.23 2.12 2.12 2.92 2.26 5.33 5.33 5.04 4.02 2.48 2.92 2.92 3.14 5.91 5.69 6.79 6.20 5.91
1.83 1.10 0.95 2.12 1.10 1.02 1.83 1.02 0.80 0.95 1.61 2.04 1.39 2.56 2.41 2.41 1.75 2.56 2.56 3.21 2.56 1.46 0.00 0.00 0.00 0.00 0.00 0.00 0.00 0.00 0.00 0.00 0.00 0.00 0.00 0.00 0.00 1.17 0.95 1.02 1.31 1.53 1.53 1.53 1.39 1.53 1.61 1.02 1.17 0.95 0.95 0.58 0.80 3.21 3.65 4.38 4.09 3.36 4.67 5.24 2.19 5.04 5.88 6.57 7.26 5.79 6.84 7.74 7.74 3.14 0.95 4.02 4.02 4.60 4.23 3.07 4.02 4.82 4.96 4.97 6.14 4.82 5.43 0.00
0.66 0.15 0.73 1.17 0.80 0.80 0.58 0.29 0.22 0.15 0.51 1.46 0.00 1.31 1.97 2.04 0.00 2.04 2.04 2.56 1.53 1.90 0.00 0.00 0.00 0.00 0.00 0.00 0.00 0.00 0.00 0.00 0.00 0.00 0.00 0.00 0.73 0.44 0.66 0.00 0.37 1.02 0.80 0.80 1.02 1.17 1.10 1.83 1.68 2.12 1.75 5.04 8.03 7.15 3.36 3.87 7.66 4.53 3.43 3.36 1.43 2.12 2.80 8.10 7.96 9.27 9.41 6.98 6.76 4.18 2.92 3.21 2.92 4.02 3.87 4.23 4.31 4.82 4.82 4.13 4.17 3.15 0.00 0.00
0.73 0.44 0.07 0.80 0.29 0.88 0.80 0.80 0.66 0.00 0.00 0.00 0.00 0.66 1.02 1.10 0.00 1.02 1.02 0.95 0.66 0.00 0.00 0.00 0.00 0.00 0.00 0.00 0.00 0.00 0.00 0.00 0.00 0.00 0.00 0.00 0.00 0.00 0.00 0.00 0.00 0.22 0.00 0.00 0.00 0.00 0.00 0.00 0.44 0.95 1.97 3.14 8.61 10.51 10.00 9.13 9.05 6.35 3.47 2.43 0.88 1.97 0.00 5.02 4.87 7.15 7.81 7.45 7.48 5.11 2.93 3.07 3.14 4.02 3.37 2.34 2.77 3.21 3.45 4.55 3.55 4.45 0.00 4.16
1.24 0.44 0.15 0.22 0.22 0.22 1.17 0.00 0.00 0.00 0.00 0.00 0.00 0.00 0.00 0.00 0.15 0.00 0.00 0.29 0.00 0.00 0.00 0.00 0.00 0.00 0.00 0.00 0.00 0.00 0.00 0.00 0.00 0.00 0.00 0.00 0.00 0.00 0.00 0.00 0.00 0.00 0.00 0.00 0.00 0.00 0.00 0.00 0.00 0.07 1.31 2.56 4.82 10.73 11.61 10.00 9.93 9.34 6.28 4.64 1.84 1.61 2.24 0.00 3.73 6.43 5.54 6.42 6.42 4.97 3.65 3.90 6.24 3.34 4.77 4.65 2.85 2.15 3.69 4.25 5.76 4.74 4.87 4.11
1.68 1.90 1.61 0.15 0.00 1.02 0.51 0.00 0.00 0.00 0.00 0.29 0.00 0.00 0.00 0.00 0.15 0.00 0.00 0.58 0.00 0.00 0.00 0.00 0.00 0.00 0.00 0.00 0.00 0.00 0.00 0.00 0.00 0.00 0.00 0.00 0.00 0.00 0.00 0.00 0.00 0.00 0.00 0.00 0.00 0.00 0.00 0.00 0.95 3.36 2.70 3.50 8.32 10.00 10.44 8.91 9.66 10.07 6.79 7.23 5.18 7.06 2.25 0.00 2.72 4.27 4.99 4.82 4.82 2.43 4.74 5.14 5.63 6.09 5.41 5.65 4.67 3.04 4.00 2.63 4.51 6.65 7.54 4.96
2.92 2.26 3.07 1.68 0.73 0.95 0.00 0.00 0.00 0.00 0.00 0.00 0.00 0.00 0.00 0.00 0.37 0.29 0.29 0.22 0.00 0.00 0.00 0.00 0.00 0.00 0.00 0.00 0.00 0.00 0.00 0.00 0.00 0.00 0.00 0.00 0.00 0.00 0.00 0.00 0.00 0.00 0.00 0.00 0.00 0.00 0.00 0.88 2.12 4.67 4.96 4.53 6.03 8.50 10.09 8.45 9.78 10.15 10.95 10.95 8.10 3.67 3.84 2.66 2.67 3.95 5.72 2.12 2.13 1.55 4.00 4.70 5.89 6.40 7.57 6.79 6.78 2.87 2.73 2.14 4.38 6.28 6.16 4.55
4.31 4.02 4.31 2.85 1.68 2.56 0.00 0.00 0.00 0.00 0.00 0.00 0.00 0.00 0.00 0.00 0.80 0.22 0.22 0.00 0.00 0.00 1.17 0.00 0.00 0.00 0.00 0.00 0.00 0.00 0.00 0.00 0.00 0.00 0.00 0.00 0.00 0.00 0.00 0.00 0.00 0.00 0.00 0.00 0.00 0.00 0.00 0.88 3.21 5.55 6.94 6.64 5.99 7.72 7.99 6.92 9.44 10.16 7.86 12.39 7.63 4.77 3.55 3.34 1.90 2.32 4.34 2.05 2.05 0.59 0.00 2.03 4.23 7.01 6.68 6.53 4.62 4.31 2.25 2.78 3.71 6.35 6.29 5.90
6.06 4.89 4.23 4.31 3.80 3.80 2.85 2.34 2.48 1.83 1.90 0.00 0.00 0.00 0.00 0.37 0.00 0.00 0.00 0.00 0.00 0.00 0.00 0.00 0.00 0.00 0.00 0.00 0.15 0.00 0.00 0.00 0.00 0.00 0.00 0.00 0.00 0.00 0.00 0.00 1.61 1.90 1.46 1.46 2.19 0.00 3.43 4.60 6.57 7.52 5.40 6.06 5.77 6.38 6.18 8.35 7.26 5.20 6.50 7.06 7.26 6.01 3.69 5.02 2.62 5.86 5.78 2.45 2.41 0.00 0.00 0.00 0.00 4.11 4.89 5.36 3.11 3.09 3.10 2.73 3.31 5.64 7.80 6.31
10.88 6.50 3.29 3.21 5.18 4.23 5.55 3.65 2.63 2.41 3.29 1.61 0.00 0.00 0.51 0.00 0.00 0.00 0.00 0.00 0.00 0.00 0.00 0.00 0.00 0.07 0.00 0.66 0.00 0.00 0.00 0.00 0.00 0.07 0.07 0.00 0.00 0.00 0.00 0.00 2.12 3.36 2.19 2.19 3.14 2.92 3.21 4.60 6.64 7.49 8.50 7.86 8.56 8.66 7.56 6.46 5.91 5.48 4.35 2.90 5.28 4.38 6.27 2.63 1.56 2.62 1.41 0.45 0.44 0.00 0.00 0.00 2.50 4.32 4.55 4.53 3.52 2.34 1.71 1.64 1.91 5.49 7.43 5.84
7.52 7.37 5.69 6.42 10.00 11.53 14.31 11.46 8.54 6.28 0.00 2.19 1.53 1.31 0.80 0.15 0.80 0.00 0.00 0.80 0.29 0.00 0.00 0.00 0.22 0.95 0.44 0.22 0.44 0.07 0.73 0.58 0.80 0.22 0.07 0.00 0.00 0.00 0.00 0.00 0.29 0.00 0.00 0.00 1.17 2.63 4.02 5.62 6.72 8.61 9.03 9.99 8.85 8.35 6.73 3.69 4.69 6.82 5.34 6.31 4.99 4.01 3.53 5.19 2.70 1.61 1.61 1.05 1.03 0.00 0.00 0.00 0.51 3.03 4.87 4.31 2.87 0.91 0.00 0.00 2.70 0.00 2.91 2.01
9.27 9.56 8.61 8.69 9.64 13.43 12.99 12.34 9.27 0.00 0.00 0.00 1.17 1.68 1.31 1.02 1.46 1.10 1.10 0.44 0.58 0.00 0.22 0.00 0.44 1.39 0.73 0.00 0.00 0.73 0.44 1.31 0.80 0.00 0.00 0.00 0.66 0.66 0.00 0.00 0.00 0.00 0.00 0.00 1.39 3.21 4.53 6.06 7.90 9.66 9.33 8.48 8.85 8.48 7.75 5.75 3.36 3.08 5.03 6.11 7.23 5.22 6.96 3.16 2.77 2.85 1.61 0.62 0.61 0.00 0.00 0.00 2.73 6.40 6.83 6.79 3.54 2.17 0.00 0.00 0.00 0.00 0.00 0.00
9.13 8.69 10.51 6.79 7.30 12.48 11.39 9.49 6.79 0.00 0.00 0.00 0.00 0.00 1.46 1.61 1.10 1.17 1.17 1.24 1.24 0.88 0.73 0.80 0.44 0.00 0.00 0.37 0.73 0.51 0.37 0.51 0.00 0.00 0.00 0.00 0.37 0.95 0.00 0.00 0.00 0.00 0.00 0.00 0.00 1.10 3.07 5.38 8.68 9.06 8.69 11.16 11.27 10.05 10.24 9.13 5.16 0.00 4.04 6.53 4.16 6.33 3.65 5.11 2.41 3.95 2.01 0.95 1.06 0.00 0.00 0.00 2.49 5.65 7.56 4.65 4.53 2.48 0.00 0.00 0.00 0.00 0.00 2.99
7.01 7.30 6.57 5.40 5.69 9.42 10.00 9.61 6.42 4.16 1.83 0.00 0.00 1.10 0.00 1.31 0.73 1.53 1.53 1.68 2.34 1.17 0.58 0.66 0.00 0.00 0.00 0.00 0.07 0.00 0.00 0.00 0.00 0.00 0.00 0.00 0.44 0.00 0.00 0.00 0.00 0.00 0.00 0.00 0.00 0.00 1.61 5.28 7.96 9.36 9.49 11.85 13.71 12.26 10.34 6.02 0.00 0.00 2.74 3.12 5.15 5.81 6.09 3.87 2.26 5.87 1.20 2.51 2.42 1.66 0.00 0.00 0.94 4.53 6.96 2.40 2.30 2.14 0.00 0.00 0.00 0.00 0.00 1.47
0.00 0.00 0.00 0.00 0.00 6.50 10.80 8.91 9.49 7.08 4.09 2.26 0.00 0.00 0.00 0.00 0.73 1.46 1.46 1.46 1.83 1.68 1.17 0.29 0.00 0.00 0.00 0.00 0.00 0.00 0.00 0.00 0.00 0.00 0.00 0.00 0.00 0.00 0.00 0.00 0.00 0.00 0.00 0.00 0.00 0.00 0.00 3.72 7.23 10.22 9.71 12.08 10.15 7.99 5.18 7.15 3.36 0.00 0.00 4.01 3.71 4.94 4.19 4.29 6.90 4.89 2.62 2.23 2.24 3.24 2.43 0.00 0.00 1.65 4.07 1.39 0.82 0.00 0.00 0.00 0.00 0.00 3.70 2.35
0.00 0.00 0.00 0.00 0.00 0.00 9.78 10.88 9.93 5.84 3.07 3.65 2.63 0.00 1.68 0.00 0.58 2.41 2.41 1.02 1.61 0.95 0.51 0.00 0.00 0.00 0.00 0.00 0.00 0.00 0.00 0.00 0.00 0.00 0.00 0.00 0.00 0.00 0.00 0.00 0.00 0.00 0.00 0.00 0.00 0.00 2.35 5.18 9.04 7.38 10.70 11.19 15.23 9.96 0.00 0.00 0.00 0.00 0.00 0.00 4.81 5.02 5.24 8.81 9.21 8.32 6.86 5.26 6.15 1.98 2.19 3.12 0.81 0.00 0.00 0.00 0.00 0.00 0.00 0.00 0.00 0.00 3.41 1.99
0.00 0.00 0.00 0.00 0.00 6.86 10.51 9.93 10.07 7.96 5.33 4.82 4.23 2.56 5.18 4.02 1.46 2.99 2.99 2.99 0.00 0.15 0.00 0.00 0.00 0.00 0.00 0.00 0.00 0.00 0.00 0.00 0.00 0.00 0.00 0.00 0.00 0.00 0.00 0.00 0.00 0.00 0.00 0.00 0.00 0.00 0.00 1.06 4.95 8.47 9.49 10.88 8.60 6.85 0.00 0.00 0.00 0.00 0.00 0.00 5.96 3.67 5.42 5.93 10.65 10.29 11.41 5.91 6.61 5.09 3.88 5.65 0.97 0.53 0.00 0.00 0.00 0.51 0.00 0.00 0.00 3.44 0.00 0.00
0.00 0.00 0.00 0.00 0.00 0.00 0.00 9.13 9.78 8.18 6.28 5.26 6.42 5.55 8.76 8.30 8.85 4.82 4.82 2.70 0.51 1.75 0.00 0.00 0.00 0.00 0.00 0.00 0.00 0.00 0.00 0.00 0.00 0.00 0.00 0.00 0.00 0.00 0.00 0.00 0.00 0.00 0.00 0.00 0.00 0.00 0.00 0.00 3.06 6.89 8.10 10.70 10.95 0.00 0.00 0.00 0.00 0.00 0.00 0.00 0.00 7.36 5.86 12.23 12.24 12.15 14.91 9.33 9.53 6.19 5.88 2.97 2.02 0.34 0.00 0.00 0.00 1.61 0.00 0.00 0.00 0.00 0.00 0.00
0.00 0.00 0.00 0.00 0.00 0.00 0.00 0.00 4.96 7.37 5.77 8.32 7.08 6.06 10.00 10.42 8.83 7.90 7.38 6.20 2.56 4.96 1.17 0.66 0.00 0.37 0.00 0.00 0.00 0.00 0.00 0.00 0.00 0.00 0.00 0.00 0.00 0.00 0.00 0.00 1.24 1.75 0.58 0.58 0.00 0.00 0.00 0.00 2.56 9.51 9.30 0.00 0.00 0.00 0.00 0.00 0.00 0.00 0.00 0.00 0.00 7.30 6.21 11.30 10.56 16.52 14.68 12.41 15.17 13.69 6.20 4.62 3.42 0.17 1.22 1.47 1.20 2.34 0.27 0.00 0.00 0.00 0.00 0.00
0.00 0.00 0.00 0.00 0.00 0.00 0.00 0.00 0.00 0.00 0.00 0.00 0.00 0.00 0.00 0.00 0.00 6.42 6.52 5.99 10.51 8.25 7.74 6.50 2.92 5.91 5.18 6.79 4.67 0.00 0.00 4.23 5.33 0.00 2.34 5.40 6.57 7.01 6.57 7.19 5.49 4.28 5.33 5.33 4.82 2.26 1.46 3.74 7.05 0.00 0.00 0.00 0.00 0.00 0.00 0.00 0.00 0.00 0.00 0.00 0.00 0.00 0.00 0.00 13.53 13.51 12.60 10.12 11.32 0.00 0.00 7.16 5.04 0.00 0.00 0.00 0.00 0.00 0.00 0.00 0.00 0.00 0.00 0.00
0.00 0.00 0.00 0.00 0.00 0.00 0.00 0.00 0.00 0.00 0.00 0.00 0.00 0.00 0.00 0.00 0.00 0.00 0.00 5.11 0.00 8.25 5.55 5.62 7.96 8.93 9.43 9.78 8.10 3.50 6.72 9.05 9.71 3.65 4.09 6.50 7.96 9.42 7.81 7.01 5.62 4.44 6.35 7.10 8.69 8.54 5.48 4.79 8.76 0.00 0.00 0.00 0.00 0.00 0.00 0.00 0.00 0.00 0.00 0.00 0.00 0.00 0.00 0.00 8.68 10.28 0.00 0.00 0.00 0.00 0.00 0.00 0.00 0.00 0.00 0.00 0.00 0.00 0.00 0.00 0.00 0.00 0.00 0.00
0.00 0.00 0.00 0.00 0.00 0.00 0.00 0.00 0.00 0.00 0.00 0.00 0.00 0.00 0.00 0.00 0.00 0.00 0.00 0.00 0.00 0.00 0.00 6.06 6.72 10.20 9.76 6.50 6.72 8.47 9.93 10.66 7.26 7.66 6.42 6.51 6.06 7.45 6.94 4.60 0.00 0.00 0.00 0.00 6.22 8.76 7.18 8.34 0.00 0.00 0.00 0.00 0.00 0.00 0.00 0.00 0.00 0.00 0.00 0.00 0.00 0.00 0.00 0.00 0.00 0.00 0.00 0.00 0.00 0.00 0.00 0.00 0.00 0.00 0.00 0.00 0.00 0.00 0.00 0.00 0.00 0.00 0.00 0.00
0.00 0.00 0.00 0.00 0.00 0.00 0.00 0.00 0.00 0.00 0.00 0.00 0.00 0.00 0.00 0.00 0.00 0.00 0.00 0.00 0.00 0.00 0.00 0.00 0.00 0.00 0.00 0.00 7.45 6.79 0.00 0.00 9.33 4.45 0.00 0.00 0.00 0.00 0.00 0.00 0.00 0.00 0.00 0.00 0.00 8.54 7.04 0.00 0.00 0.00 0.00 0.00 0.00 0.00 0.00 0.00 0.00 0.00 0.00 0.00 0.00 0.00 0.00 0.00 0.00 0.00 0.00 0.00 0.00 0.00 0.00 0.00 0.00 0.00 0.00 0.00 0.00 0.00 0.00 0.00 0.00 0.00 0.00 0.00
