Wansh/Snow_depth/snowdepth-1995/spring/1995066.txt
ncols 321
nrows 161
xllcenter 60
yllcenter 15 
cellsize  0.25 
NODATA_value -1
[rows 74 to 110 of 161, columns 84 to 167 of 321]
0.00 0.00 0.00 0.00 1.68 1.97 3.21 2.41 3.50 3.87 2.41 4.67 3.94 4.96 4.09 4.60 4.16 3.07 3.07 3.21 3.29 2.70 0.00 0.00 0.00 0.00 0.00 0.00 0.00 0.00 0.00 0.00 0.00 0.00 0.00 2.34 0.00 0.00 0.00 0.00 0.00 1.53 1.31 1.31 0.88 0.88 0.88 1.10 1.68 1.24 1.61 3.07 3.43 2.93 3.87 3.72 3.07 3.07 3.07 2.12 2.85 2.04 2.92 0.00 1.02 1.39 0.00 5.40 5.40 10.12 10.34 6.86 0.51 0.00 0.00 0.00 0.00 0.00 0.58 1.10 1.24 0.95 1.68 2.19
2.41 2.26 3.36 3.14 3.80 2.48 4.09 4.74 3.14 4.16 4.16 3.80 4.74 4.74 4.67 4.16 3.94 4.45 4.45 3.50 3.65 3.72 0.00 0.00 4.74 4.60 4.82 3.80 3.58 0.00 0.00 0.00 0.00 0.00 0.00 0.00 0.00 0.00 0.00 0.00 0.00 1.75 1.75 1.75 0.95 1.02 0.95 1.53 1.97 1.75 1.61 2.04 2.41 2.19 2.56 2.63 2.63 3.36 2.19 1.53 2.04 1.90 1.68 2.26 1.75 0.58 1.90 4.60 4.60 7.26 9.64 6.50 1.10 1.31 0.58 0.00 0.00 0.00 0.00 0.00 0.00 0.00 1.10 1.04
3.29 2.92 3.14 2.92 3.07 3.80 4.09 3.58 4.89 5.18 3.87 3.72 4.16 5.69 5.55 5.18 4.67 4.96 4.96 4.23 3.65 4.09 3.80 4.38 4.53 5.26 4.23 4.45 3.80 3.50 2.92 0.00 0.00 0.00 0.00 0.00 0.00 0.00 0.00 0.00 0.00 2.77 1.68 1.68 1.24 1.39 2.12 1.97 1.24 0.44 0.58 0.80 0.88 0.95 1.61 1.97 2.19 2.41 1.61 1.31 1.46 1.75 2.12 1.61 1.83 1.98 2.63 3.14 3.14 6.72 8.83 7.08 3.80 0.58 1.17 0.44 0.00 0.00 0.00 0.00 0.00 0.00 0.00 1.05
0.44 1.39 2.19 1.97 2.85 3.14 3.72 4.02 5.26 4.89 5.77 4.53 6.79 6.86 6.57 6.06 5.04 3.80 3.80 4.16 4.23 3.72 4.09 4.53 3.94 4.09 3.94 0.00 3.14 0.00 0.00 0.00 0.00 0.00 0.00 0.00 0.00 0.00 0.00 0.00 0.00 0.00 0.00 0.00 0.00 0.00 0.00 0.00 0.00 0.00 0.00 1.46 1.31 1.39 1.24 0.58 0.29 1.75 1.68 2.12 2.04 2.19 0.00 1.68 1.61 2.26 3.29 4.74 4.74 5.69 4.31 5.48 4.45 3.94 2.34 0.00 0.00 0.00 0.00 0.00 0.00 0.00 0.00 0.44
1.17 1.10 0.00 0.00 0.00 3.29 3.43 4.60 4.74 5.55 5.48 5.18 5.48 6.28 6.20 5.77 5.11 4.60 4.60 4.67 4.96 4.82 4.45 4.16 4.67 0.00 0.00 0.00 0.00 0.00 0.00 0.00 0.00 0.00 0.00 0.00 0.00 0.00 0.00 0.00 0.00 0.00 0.00 0.00 0.00 0.00 0.00 0.00 0.00 0.00 0.00 0.00 0.00 0.00 0.00 0.00 0.00 0.00 0.00 0.00 0.00 0.00 0.00 0.00 0.00 2.19 2.77 3.36 3.36 3.43 3.50 2.70 3.14 3.94 0.15 0.15 0.44 0.15 0.00 0.00 0.00 0.59 1.39 1.33
1.02 0.00 0.00 0.00 0.00 2.41 3.07 4.23 5.04 4.60 5.69 4.02 4.45 5.11 4.96 4.82 5.26 4.89 4.89 4.60 4.96 4.23 0.00 5.11 3.87 3.29 0.00 0.00 0.00 0.00 0.00 0.00 0.00 0.00 0.00 0.00 0.00 0.00 0.00 0.00 0.00 0.00 0.00 0.00 0.00 0.00 0.00 0.00 0.00 0.00 0.00 0.00 0.00 0.00 0.00 0.00 0.00 0.00 0.00 0.00 0.00 3.50 3.94 0.00 0.00 0.00 0.00 3.65 3.65 2.19 2.56 2.34 2.77 0.95 1.17 0.58 1.54 1.02 1.02 0.29 0.00 0.44 0.95 1.91
0.00 0.00 0.00 0.00 0.00 0.00 3.07 3.50 4.09 3.50 5.11 4.89 4.74 4.02 3.14 3.65 4.09 4.96 4.96 3.58 0.00 0.00 0.00 3.50 3.29 0.00 2.63 0.00 0.00 0.00 0.00 0.00 0.00 0.00 0.00 0.00 0.00 0.00 0.00 0.00 0.00 0.00 0.00 0.00 0.00 0.00 0.00 0.00 0.00 0.00 0.00 0.00 0.00 0.00 0.00 0.00 0.00 0.00 0.00 0.00 0.00 0.00 0.00 0.00 0.00 0.00 0.00 0.00 0.00 0.00 0.07 0.44 1.97 3.36 1.31 1.69 1.35 1.83 2.63 1.90 1.39 1.02 1.83 1.53
0.00 0.00 0.00 0.00 0.00 0.00 0.00 0.00 3.36 4.31 3.94 4.31 3.87 3.87 0.00 0.00 3.43 0.00 0.00 0.00 0.00 0.00 0.00 0.00 0.00 0.00 0.00 0.00 0.00 0.00 0.00 0.00 0.00 0.00 0.00 0.00 0.00 0.00 0.00 0.00 0.00 0.00 0.00 0.00 0.00 0.00 0.00 0.00 0.00 0.00 0.00 0.00 0.00 0.00 0.00 0.00 0.00 0.00 2.63 3.94 0.00 3.50 3.87 0.00 0.00 0.00 0.00 0.00 0.00 0.00 0.00 3.36 2.77 3.07 4.67 1.91 1.99 2.22 3.93 3.44 3.15 1.90 3.94 3.72
1.53 0.00 0.00 0.00 0.00 0.00 0.00 0.00 0.00 3.87 3.21 4.45 4.16 3.87 0.00 0.00 3.43 0.00 0.00 0.00 0.00 0.00 0.00 0.00 0.00 0.00 0.00 0.00 0.00 0.00 0.00 0.00 0.00 0.00 0.00 0.00 0.00 0.00 0.00 0.00 0.00 0.00 0.00 0.00 0.00 0.00 0.00 0.00 0.00 0.00 0.00 0.00 0.00 0.00 0.00 0.00 0.00 1.83 1.39 2.56 3.50 3.65 3.94 3.87 0.00 0.00 0.00 0.00 0.00 0.00 0.00 0.00 0.00 3.87 4.67 4.31 2.77 2.99 4.45 4.48 4.38 5.84 6.06 5.91
2.56 2.19 0.44 1.46 1.17 0.00 0.00 0.00 0.00 0.00 0.00 3.80 4.31 0.00 3.87 0.00 0.00 0.00 0.00 0.00 0.00 1.68 0.00 0.00 0.00 0.00 0.00 0.00 0.00 0.00 0.00 0.00 0.00 0.00 0.00 0.00 0.00 0.00 0.00 0.00 0.00 0.00 0.00 0.00 0.00 0.00 0.00 0.00 0.00 0.00 0.00 0.00 0.00 0.00 0.00 0.00 0.00 0.00 1.17 1.10 2.19 3.50 3.94 3.65 3.50 3.29 4.38 0.00 0.00 0.00 4.60 0.00 0.00 4.82 5.77 5.04 4.82 4.16 5.26 5.33 6.42 7.15 7.37 6.20
2.63 1.90 1.53 1.02 0.00 0.00 0.00 0.00 3.58 2.48 0.00 0.00 0.00 2.85 3.43 3.50 0.00 0.00 0.00 0.00 0.00 0.00 0.00 3.80 0.00 0.00 0.00 0.00 0.00 0.73 0.00 0.00 0.00 0.00 0.00 0.00 0.00 0.00 0.00 0.00 0.00 0.00 0.00 0.00 0.00 0.00 0.00 0.00 0.00 0.29 0.15 0.07 2.41 0.00 0.00 0.00 3.07 2.12 1.53 2.26 2.92 3.72 3.72 3.94 3.87 3.43 4.23 4.09 4.09 4.53 4.89 0.00 0.00 4.67 4.74 5.55 5.69 6.50 6.06 6.28 6.28 6.79 7.23 7.45
1.68 1.90 1.61 2.48 0.00 0.00 0.00 0.00 0.00 3.21 0.00 0.00 0.00 0.00 0.00 0.00 0.00 0.00 0.00 0.00 3.65 3.58 4.82 4.67 0.00 0.00 0.00 0.00 0.00 1.02 0.00 0.00 0.00 0.00 0.00 0.00 0.00 0.00 0.00 0.00 0.00 0.00 0.00 0.00 0.00 0.00 0.00 0.00 0.00 0.07 0.00 0.07 1.61 0.00 4.60 3.72 4.53 3.43 2.19 1.90 2.49 3.50 4.52 4.02 3.58 3.87 3.50 4.23 4.23 4.60 2.48 4.89 5.04 5.55 5.18 4.60 5.11 6.13 5.91 6.13 6.13 6.72 7.52 7.15
1.53 2.48 2.99 2.63 2.41 0.00 0.00 3.21 0.00 0.00 0.00 0.00 0.00 0.00 3.14 0.00 0.00 0.00 0.00 4.16 3.58 3.72 0.00 0.00 0.00 0.00 0.00 2.04 3.14 0.00 0.00 0.00 0.00 0.00 0.00 0.00 0.00 0.00 0.00 0.00 0.73 0.00 0.22 0.22 0.00 0.51 1.10 0.73 0.51 0.29 0.22 0.15 0.07 0.80 4.38 6.13 7.74 6.79 8.54 6.86 3.43 2.70 2.61 2.56 3.58 4.74 5.04 3.21 3.21 6.79 7.74 8.25 8.25 5.91 4.16 3.94 4.45 4.23 4.23 6.86 7.37 7.08 6.72 6.06
1.75 2.56 2.92 0.00 0.00 2.70 0.00 3.43 0.00 0.00 2.12 0.00 2.85 3.58 0.00 0.00 0.00 0.00 0.00 4.23 4.67 0.00 3.21 0.00 0.00 0.00 0.00 0.00 0.00 0.00 0.00 0.00 0.00 0.00 0.00 0.00 0.00 0.00 0.00 0.00 0.00 0.29 0.88 0.88 0.15 0.80 0.37 0.73 0.15 0.29 0.29 0.51 0.88 2.70 4.16 5.77 7.74 8.76 7.74 8.32 5.91 2.92 1.39 3.50 3.19 8.03 6.20 3.65 3.65 4.23 7.08 9.49 7.59 7.01 5.33 4.45 4.74 5.04 7.08 7.52 8.47 8.10 6.64 5.99
2.26 1.83 0.00 0.00 0.00 0.00 0.00 0.00 0.00 0.00 0.00 2.70 3.72 3.21 3.72 3.21 0.00 0.00 0.00 0.00 3.80 3.36 0.00 0.00 0.00 0.00 0.00 0.00 0.00 0.00 0.00 0.00 2.04 0.00 0.00 0.00 0.00 0.00 0.00 0.00 0.00 0.00 1.83 1.83 0.00 0.58 1.39 0.73 1.02 0.58 1.10 1.68 1.46 4.82 4.53 4.89 6.06 6.94 5.91 7.01 3.72 3.36 2.99 7.01 4.87 8.65 10.44 9.34 9.34 7.59 6.28 6.50 7.81 8.25 7.30 5.84 6.06 6.35 8.03 8.10 8.25 6.72 6.94 5.77
1.83 1.39 1.53 1.68 0.00 0.00 0.00 0.00 0.00 0.00 0.00 0.00 0.00 3.07 3.21 3.58 0.00 0.00 0.00 0.00 0.00 0.00 0.00 0.00 0.00 0.00 0.00 0.00 0.00 0.00 0.00 0.00 0.00 2.77 0.00 0.00 0.00 0.00 0.00 0.00 0.00 0.00 1.39 1.39 1.53 2.04 1.68 1.68 1.83 1.46 2.41 2.70 8.54 7.37 5.62 5.77 5.69 5.04 4.59 4.50 2.99 3.80 5.51 8.98 12.45 9.71 11.45 6.79 6.79 8.32 5.69 6.06 6.20 7.59 6.35 5.69 6.28 8.18 6.28 7.87 9.35 5.19 6.02 5.65
1.31 0.95 1.17 1.68 1.61 0.88 0.00 0.00 0.00 0.00 0.00 0.00 0.00 0.00 0.00 0.00 0.00 0.00 0.00 3.14 0.00 0.00 0.00 0.00 0.00 0.00 0.00 0.00 0.00 0.00 0.00 0.00 0.00 0.00 0.00 0.00 0.00 0.00 0.00 0.00 0.00 0.00 1.68 1.68 1.90 1.83 2.04 2.85 2.26 3.80 6.72 9.71 11.32 10.88 9.42 8.03 11.46 8.10 5.04 4.96 3.91 2.92 5.24 11.02 9.93 10.88 8.94 7.86 7.61 7.92 5.04 4.31 4.89 4.89 4.53 5.26 5.84 6.57 4.89 5.73 4.54 4.61 5.64 4.69
1.24 0.51 1.97 1.17 0.66 0.29 0.00 0.29 1.02 0.80 0.00 0.00 0.00 0.00 0.00 0.00 0.00 0.00 0.00 0.00 0.00 0.00 0.00 0.00 0.00 0.00 0.00 0.00 0.00 0.00 0.00 0.00 0.00 0.00 0.00 0.00 0.00 0.00 0.00 0.00 0.00 0.00 0.00 0.00 0.00 1.10 0.80 2.77 2.92 4.09 6.28 8.91 12.05 13.21 12.34 12.63 11.10 13.29 10.10 6.42 4.09 4.45 4.10 4.03 10.11 8.34 5.99 6.06 6.09 6.02 4.04 4.45 5.55 5.40 4.62 3.94 4.82 4.53 4.70 4.79 5.33 5.55 7.22 5.35
1.24 0.66 0.58 1.02 0.51 0.22 0.88 0.88 0.80 0.00 0.00 0.00 0.00 0.00 0.00 0.00 0.00 0.00 0.00 0.00 0.00 0.00 0.00 0.00 0.00 0.00 0.00 0.00 0.00 0.00 0.00 0.00 0.00 0.00 0.00 0.00 0.00 0.00 0.00 0.00 0.00 0.00 0.00 0.00 0.00 0.88 1.68 1.90 3.07 4.45 5.55 7.08 8.98 12.85 13.58 14.09 17.08 14.09 8.98 11.53 6.56 3.44 3.94 3.44 4.75 5.32 5.84 3.80 3.80 3.44 2.80 5.43 6.16 5.41 5.58 5.38 5.18 5.26 5.42 3.87 5.45 6.02 7.30 6.84
1.17 0.66 0.73 0.58 0.51 0.80 0.44 0.00 0.00 0.00 0.00 0.73 0.00 0.00 0.00 0.00 0.37 0.00 0.00 0.00 0.00 0.00 0.00 0.00 0.00 0.00 0.00 0.00 0.00 0.00 0.00 0.00 0.00 0.00 0.00 0.00 0.00 0.00 0.00 0.00 0.00 0.00 0.00 0.00 2.12 2.04 2.70 2.34 3.50 6.42 6.42 7.88 11.17 13.51 14.67 14.89 17.22 18.03 15.48 15.99 8.18 4.05 2.59 2.15 2.64 3.52 3.89 2.99 2.99 2.29 3.16 5.30 5.19 4.99 8.37 6.16 6.13 5.56 4.32 3.46 4.28 6.57 7.92 8.21
0.80 1.53 1.31 0.51 1.02 1.10 0.00 0.00 0.00 0.00 0.00 0.44 0.00 0.00 0.00 0.00 0.22 0.00 0.00 0.00 0.00 0.00 0.00 0.00 0.00 0.00 0.00 0.00 0.00 0.00 0.00 0.00 0.00 0.00 0.00 0.00 0.00 0.00 0.00 0.00 0.00 0.00 2.70 2.70 2.04 2.04 2.41 3.14 4.67 6.50 7.30 7.45 10.50 12.64 14.37 13.19 15.80 15.99 12.70 13.80 9.56 5.58 1.08 0.73 1.88 3.31 4.25 2.92 2.93 1.40 2.32 3.00 4.76 6.64 8.34 8.10 5.59 4.77 4.92 2.90 3.23 5.26 5.92 7.42
1.97 3.58 2.77 1.31 1.24 0.58 1.17 0.00 0.00 0.07 0.00 0.00 0.00 0.00 0.00 0.00 0.00 0.00 0.00 0.00 0.00 0.00 0.00 0.00 0.00 0.00 0.00 0.00 0.00 0.00 0.00 0.00 0.00 0.00 0.00 0.00 0.00 0.00 0.00 0.00 0.00 3.80 3.87 3.87 1.90 1.46 1.90 4.96 5.99 9.13 9.20 8.54 9.49 12.15 11.70 11.82 13.15 9.92 11.34 11.13 6.82 7.34 1.42 0.70 1.03 2.55 1.57 1.91 1.91 0.59 1.50 1.70 3.57 5.71 5.50 5.36 3.65 4.55 2.85 2.38 2.09 7.26 7.07 7.66
5.77 3.36 1.61 0.00 1.83 1.83 2.48 1.53 1.10 0.88 0.58 0.00 0.00 0.00 0.00 0.00 0.00 0.00 0.00 0.00 0.00 0.00 0.00 0.00 0.00 0.00 0.00 0.00 0.00 0.00 0.00 0.00 0.00 0.00 0.00 0.00 0.00 0.00 0.00 3.29 9.78 7.08 4.45 4.45 5.84 6.57 7.81 9.20 12.05 12.05 10.73 11.61 11.17 11.74 10.50 9.65 8.69 6.73 8.02 4.57 4.74 3.42 2.18 0.46 0.00 1.40 1.83 1.48 1.46 1.04 0.78 0.18 2.81 3.31 4.38 4.11 2.08 2.22 1.82 1.48 4.21 5.72 8.38 5.65
6.94 0.00 0.00 0.00 2.85 2.26 3.94 2.12 4.53 2.70 1.53 0.00 0.00 0.00 0.00 0.00 0.00 0.00 0.00 0.00 0.00 0.00 0.00 0.00 0.00 0.00 0.00 0.00 0.29 0.00 0.00 0.00 0.00 0.29 0.88 0.00 0.00 0.00 0.00 3.65 12.99 10.15 7.08 7.08 9.93 10.80 11.90 13.36 14.24 14.53 13.17 12.52 13.30 11.55 10.86 9.46 7.08 6.86 6.68 4.51 3.23 2.69 3.97 0.80 1.19 1.90 0.59 1.13 1.10 0.58 0.29 1.72 2.25 3.34 3.96 3.21 1.53 1.45 1.79 1.56 3.30 2.75 7.59 4.11
5.69 3.94 2.04 5.77 5.55 10.44 9.56 12.56 11.68 5.77 2.56 1.31 0.44 0.15 0.66 0.51 0.29 0.88 0.88 0.00 0.95 0.00 0.00 0.00 0.44 0.00 0.15 0.00 0.37 0.22 0.22 0.22 0.73 0.66 0.44 0.00 0.51 0.00 0.00 1.02 2.99 3.36 3.94 3.94 5.62 8.54 10.66 12.85 15.26 14.67 14.30 15.10 8.85 7.85 5.98 3.98 5.22 6.89 7.71 7.26 10.49 7.56 6.12 5.64 5.77 3.82 3.30 3.07 3.02 0.00 0.73 0.61 4.84 6.54 6.81 7.59 4.16 1.57 1.67 0.16 1.26 0.92 2.53 3.69
4.60 4.89 5.18 5.99 4.82 7.74 11.17 9.13 9.34 5.55 0.00 0.00 0.88 0.29 0.44 0.51 0.66 0.73 0.73 1.10 0.44 0.58 0.00 0.00 0.58 0.00 0.00 0.00 0.29 0.80 0.51 0.00 0.22 0.00 0.00 1.17 1.24 0.80 0.88 0.73 0.44 1.02 2.56 2.56 4.82 7.08 9.42 11.61 12.79 12.17 10.76 7.95 8.00 7.95 6.85 6.03 3.80 5.60 4.71 10.47 9.95 12.10 6.19 6.70 5.40 3.94 3.89 1.47 1.44 0.00 0.00 1.68 3.43 7.57 10.17 10.00 6.86 0.90 0.00 0.00 0.00 0.49 0.89 1.67
4.23 6.06 3.94 3.72 2.26 4.38 10.51 8.69 7.81 5.33 0.00 0.00 0.22 0.95 1.02 0.80 0.58 0.58 0.58 1.10 0.00 0.00 0.51 0.00 0.00 0.00 0.00 0.00 0.29 0.29 0.58 0.00 0.00 0.00 0.00 0.37 0.80 0.37 0.00 0.00 0.00 0.00 0.00 0.00 1.10 3.29 5.11 8.85 12.00 11.95 10.46 12.28 10.45 8.78 8.89 5.86 2.48 1.03 4.50 5.84 6.67 11.92 11.61 4.96 5.04 4.32 3.95 2.93 3.26 2.25 0.00 1.41 3.56 5.10 9.96 7.45 6.50 0.58 0.00 0.00 0.00 0.00 0.00 3.14
4.09 3.14 2.34 3.94 0.00 2.92 9.49 6.31 6.42 5.84 0.66 0.66 0.00 0.00 0.95 0.58 0.44 0.58 0.58 0.44 0.58 0.73 0.80 0.22 0.22 0.00 0.00 0.00 0.00 0.00 0.15 0.29 0.00 0.00 0.00 0.37 0.66 0.22 0.00 0.00 0.00 0.00 0.00 0.00 0.22 1.46 2.70 6.46 10.15 12.85 12.73 11.39 12.04 12.17 6.55 6.21 2.57 1.34 1.33 4.43 8.85 7.50 9.46 7.01 8.10 5.87 4.25 2.83 2.72 2.16 2.28 1.87 1.50 4.53 4.20 3.97 2.96 1.83 0.00 0.00 0.00 0.00 5.84 4.02
0.00 3.72 0.00 0.00 3.80 0.00 4.96 5.91 5.84 5.69 2.63 2.56 0.00 0.00 0.00 0.44 0.37 0.51 0.51 0.88 0.88 0.22 0.29 0.00 0.00 0.00 0.00 0.00 0.00 0.00 0.00 0.00 0.00 0.00 0.00 0.00 0.00 0.00 0.00 0.00 0.00 0.00 0.00 0.00 0.00 0.00 1.75 4.89 9.56 12.05 12.08 11.77 9.84 8.50 6.22 7.15 3.94 0.00 4.30 3.56 4.46 8.03 7.46 11.09 9.83 7.00 5.33 3.30 3.32 2.82 4.26 2.18 1.51 2.06 1.99 2.55 2.91 0.51 0.66 0.00 0.49 4.74 6.58 5.60
0.00 0.00 0.00 0.00 0.00 3.65 4.23 4.89 5.55 4.82 3.94 4.38 2.99 1.39 1.75 0.73 1.10 2.56 2.56 0.88 0.07 0.00 0.00 0.00 0.00 0.00 0.00 0.00 0.00 0.00 0.00 0.00 0.00 0.00 0.00 0.00 0.00 0.00 0.00 0.00 0.00 0.00 0.00 0.00 0.00 0.22 3.23 6.79 9.63 12.72 12.42 11.37 13.02 10.64 0.00 4.72 0.00 0.00 2.34 1.22 4.54 5.84 8.95 9.86 8.54 10.36 7.66 5.18 6.06 3.89 4.38 4.46 1.08 1.14 0.16 0.83 2.19 0.07 0.00 0.00 0.00 4.53 6.33 7.03
0.00 0.00 0.00 0.00 0.00 0.00 4.09 3.80 7.23 4.09 4.60 4.45 4.89 1.83 1.10 3.21 3.36 1.75 1.75 1.68 0.66 0.00 0.00 0.00 0.00 0.00 0.00 0.00 0.00 0.00 0.00 0.00 0.00 0.00 0.00 0.00 0.00 0.00 0.00 0.00 0.00 0.00 0.00 0.00 0.00 0.00 1.03 4.11 7.22 8.39 8.30 10.26 8.05 0.00 0.00 0.00 0.00 0.00 0.00 0.00 1.99 4.20 4.22 8.85 10.13 8.88 10.59 7.30 8.17 5.65 4.16 2.35 1.14 1.68 0.19 0.94 0.33 0.00 0.00 0.00 0.00 2.23 4.64 6.07
0.00 0.00 0.00 0.00 0.00 0.00 0.00 6.13 4.53 6.35 3.58 4.23 5.62 3.50 3.43 5.26 6.19 5.18 5.18 4.45 0.00 0.73 0.15 0.00 0.00 0.00 0.00 0.00 0.00 0.00 0.00 0.00 0.00 0.00 0.00 0.00 0.00 0.00 0.00 0.00 0.00 0.00 0.00 0.00 0.00 0.00 0.00 0.52 3.21 6.41 7.46 7.38 5.84 0.00 0.00 0.00 0.00 0.00 0.00 0.00 0.00 2.73 5.42 7.79 9.66 11.11 10.90 8.79 8.98 9.52 4.16 3.48 2.46 1.27 0.69 0.27 1.41 0.23 0.84 0.00 0.00 0.00 4.90 4.19
0.00 0.00 0.00 0.00 0.00 0.00 0.00 0.00 5.40 1.68 4.53 4.23 1.83 4.38 4.38 4.40 6.50 5.32 4.97 4.16 2.48 2.92 0.00 0.29 0.00 0.73 0.00 0.00 0.00 0.00 0.00 0.00 0.00 0.00 0.00 0.00 0.00 0.00 0.00 0.29 2.41 2.41 1.10 1.10 0.22 0.00 0.00 0.00 5.21 7.20 7.10 6.23 5.53 0.00 0.00 0.00 0.00 0.00 0.00 0.00 0.00 1.98 3.92 3.82 7.95 10.76 8.73 9.37 11.45 12.57 5.25 3.63 3.79 1.59 0.73 1.84 2.47 1.87 1.19 0.00 0.00 0.00 0.00 0.00
0.00 0.00 0.00 0.00 0.00 0.00 0.00 0.00 0.00 0.00 0.00 0.00 0.00 0.00 0.00 0.00 0.00 5.73 5.82 3.36 3.43 6.06 5.69 4.38 2.77 5.04 4.60 4.23 3.65 0.00 0.00 4.31 5.99 0.00 3.58 6.50 6.79 7.66 7.37 8.00 6.25 5.83 6.06 6.06 7.08 2.77 0.51 2.64 4.20 1.60 0.00 0.00 0.00 0.00 0.00 0.00 0.00 0.00 0.00 0.00 0.00 0.00 0.00 0.00 0.00 7.35 8.97 5.72 6.40 0.00 4.17 2.60 0.00 0.00 0.00 0.00 0.00 2.92 0.00 0.00 0.00 0.00 0.00 0.00
0.00 0.00 0.00 0.00 0.00 0.00 0.00 0.00 0.00 0.00 0.00 0.00 0.00 0.00 0.00 0.00 0.00 0.00 0.00 4.60 0.00 4.46 4.09 4.53 4.02 4.97 6.66 8.03 6.50 3.36 4.67 7.01 9.05 5.33 5.84 7.59 8.69 9.93 8.10 7.52 4.45 4.27 6.57 7.34 7.96 8.91 4.38 2.47 0.00 0.00 0.00 0.00 0.00 0.00 0.00 0.00 0.00 0.00 0.00 0.00 0.00 0.00 0.00 0.00 0.00 0.00 0.00 0.00 0.00 4.61 0.00 0.00 0.00 0.00 0.00 0.00 0.00 0.00 0.00 0.00 0.00 0.00 0.00 0.00
0.00 0.00 0.00 0.00 0.00 0.00 0.00 0.00 0.00 0.00 0.00 0.00 0.00 0.00 0.00 0.00 0.00 0.00 0.00 0.00 0.00 0.00 0.00 4.02 3.87 2.79 5.29 5.77 5.11 6.35 5.62 5.40 8.67 8.32 8.54 5.82 5.18 6.79 5.69 4.53 0.00 0.00 3.40 4.32 6.82 7.76 8.46 0.00 0.00 0.00 0.00 0.00 0.00 0.00 0.00 0.00 0.00 0.00 0.00 0.00 0.00 0.00 0.00 0.00 0.00 0.00 0.00 0.00 0.00 0.00 0.00 0.00 0.00 0.00 0.00 0.00 0.00 0.00 0.00 0.00 0.00 0.00 0.00 0.00
0.00 0.00 0.00 0.00 0.00 0.00 0.00 0.00 0.00 0.00 0.00 0.00 0.00 0.00 0.00 0.00 0.00 0.00 0.00 0.00 0.00 0.00 0.00 0.00 0.00 0.00 0.00 0.00 4.31 2.12 0.00 0.00 0.00 6.86 0.00 0.00 0.00 0.00 0.00 0.00 0.00 0.00 0.00 0.00 5.27 6.27 3.13 0.00 0.00 0.00 0.00 0.00 0.00 0.00 0.00 0.00 0.00 0.00 0.00 0.00 0.00 0.00 0.00 0.00 0.00 0.00 0.00 0.00 0.00 0.00 0.00 0.00 0.00 0.00 0.00 0.00 0.00 0.00 0.00 0.00 0.00 0.00 0.00 0.00
