Wansh/Snow_depth/snowdepth-1995/spring/1995064.txt
ncols 321
nrows 161
xllcenter 60
yllcenter 15 
cellsize  0.25 
NODATA_value -1
[rows 0 to 36 of 161, columns 84 to 167 of 321]
16.64 16.57 16.13 16.13 13.36 16.06 14.60 11.83 9.71 10.51 10.95 12.12 15.55 17.37 17.45 19.42 19.42 20.66 20.66 20.66 19.13 17.74 18.18 11.32 8.40 0.00 0.00 0.00 2.04 1.97 2.34 8.18 8.18 9.13 11.39 9.93 8.18 7.88 10.95 9.05 9.13 9.56 8.83 8.83 6.20 3.21 4.38 0.00 0.00 0.00 7.08 6.50 7.66 5.62 5.91 6.35 7.30 9.64 5.99 6.42 0.00 2.56 2.70 0.00 0.00 0.00 3.36 5.26 5.26 5.04 6.42 9.86 9.34 9.49 8.54 8.83 8.83 11.61 10.73 12.70 12.70 12.05 11.02 10.51
21.61 21.24 17.30 17.01 16.57 14.97 15.26 12.70 15.55 14.60 12.26 13.36 13.14 11.97 12.12 12.12 15.18 12.63 12.63 18.03 16.86 18.03 14.02 14.31 10.37 5.55 0.00 0.00 0.80 1.31 1.31 3.65 7.74 7.59 5.77 6.28 5.04 4.67 4.67 8.69 10.22 9.49 12.19 12.19 14.67 14.09 5.69 5.99 0.00 0.00 0.00 0.00 3.50 3.87 4.60 4.16 6.79 7.96 7.66 8.98 8.76 4.89 9.71 8.91 4.23 4.16 4.09 5.91 5.91 10.51 9.86 8.98 10.15 12.92 12.34 14.67 14.53 14.16 15.70 14.02 16.64 17.45 16.57 12.99
22.56 21.46 17.59 17.23 13.36 14.60 17.52 18.69 19.35 17.67 16.79 15.33 12.12 12.48 10.66 9.56 9.93 10.22 10.22 9.05 11.68 11.24 13.43 12.41 6.79 7.23 4.31 0.58 0.80 1.02 3.07 2.92 3.29 5.62 5.69 5.84 6.72 5.48 10.59 9.78 13.14 11.61 12.34 12.34 15.77 19.56 18.61 16.94 9.56 5.26 0.00 0.00 0.00 1.97 1.90 3.29 4.96 7.45 10.07 10.00 10.00 11.90 11.53 11.83 10.95 11.10 11.17 12.26 12.26 12.05 12.63 9.64 9.86 10.95 15.62 15.55 19.27 19.27 17.89 17.16 17.08 18.69 20.15 18.54
22.56 21.46 17.59 17.23 13.36 14.60 17.52 18.69 19.35 17.67 16.79 15.33 12.12 12.48 10.66 9.56 9.93 10.22 10.22 9.05 11.68 11.24 13.43 12.41 6.79 7.23 4.31 0.58 0.80 1.02 3.07 2.92 3.29 5.62 5.69 5.84 6.72 5.48 10.59 9.78 13.14 11.61 12.34 12.34 15.77 19.56 18.61 16.94 9.56 5.26 0.00 0.00 0.00 1.97 1.90 3.29 4.96 7.45 10.07 10.00 10.00 11.90 11.53 11.83 10.95 11.10 11.17 12.26 12.26 12.05 12.63 9.64 9.86 10.95 15.62 15.55 19.27 19.27 17.89 17.16 17.08 18.69 20.15 18.54
21.61 17.52 13.51 14.16 14.09 15.18 16.72 12.41 14.45 15.91 16.43 16.35 15.48 13.36 13.94 10.95 12.41 8.61 8.61 8.98 7.96 7.59 7.37 11.10 9.86 5.69 6.64 3.43 1.10 0.58 1.46 2.77 2.56 5.18 8.18 8.47 10.07 10.44 10.66 13.43 13.87 11.61 10.80 10.80 9.78 20.66 19.86 20.15 14.38 7.96 9.20 0.00 0.00 2.19 2.48 2.41 3.07 5.26 8.32 8.32 11.39 14.45 14.45 16.35 12.26 15.33 14.45 13.80 13.80 13.80 11.97 12.05 11.46 10.73 12.99 12.05 17.74 12.48 13.58 15.04 14.45 17.37 17.45 20.88
21.17 14.97 17.30 16.64 13.94 12.48 12.78 11.10 11.02 13.80 13.80 13.87 14.89 11.39 13.36 12.92 13.36 15.55 15.55 10.15 11.46 5.62 5.33 8.47 8.25 6.42 4.09 4.74 2.19 1.53 1.31 2.19 5.18 4.82 7.45 8.54 9.93 8.91 7.08 7.23 4.60 8.03 7.30 7.30 11.24 12.99 11.83 16.79 16.94 9.78 3.87 4.38 3.07 2.77 2.63 4.23 4.89 4.45 7.52 10.51 10.00 14.16 17.08 16.57 16.86 14.45 15.04 12.92 12.92 11.75 12.05 11.68 14.97 14.53 14.89 9.78 9.20 9.34 10.59 8.25 12.92 15.99 16.35 20.37
21.68 13.65 14.82 15.18 14.82 14.67 14.60 14.53 14.53 14.24 12.70 10.80 8.54 9.34 11.53 13.21 17.45 17.16 17.16 12.78 10.37 12.26 7.59 7.45 5.69 5.55 3.43 2.48 2.34 0.00 2.48 2.56 4.16 5.33 6.06 8.54 10.44 10.66 5.18 3.58 4.09 2.77 6.42 6.42 5.55 11.24 12.85 12.70 8.76 5.69 6.06 3.29 3.29 2.63 4.31 4.09 5.55 7.96 10.07 9.86 11.75 14.97 14.02 17.59 18.03 17.81 17.52 15.91 15.91 15.33 14.09 15.55 14.97 16.28 16.43 15.33 10.51 11.61 7.74 10.66 8.69 14.24 13.07 16.43
21.68 13.65 14.82 15.18 14.82 14.67 14.60 14.53 14.53 14.24 12.70 10.80 8.54 9.34 11.53 13.21 17.45 17.16 17.16 12.78 10.37 12.26 7.59 7.45 5.69 5.55 3.43 2.48 2.34 0.00 2.48 2.56 4.16 5.33 6.06 8.54 10.44 10.66 5.18 3.58 4.09 2.77 6.42 6.42 5.55 11.24 12.85 12.70 8.76 5.69 6.06 3.29 3.29 2.63 4.31 4.09 5.55 7.96 10.07 9.86 11.75 14.97 14.02 17.59 18.03 17.81 17.52 15.91 15.91 15.33 14.09 15.55 14.97 16.28 16.43 15.33 10.51 11.61 7.74 10.66 8.69 14.24 13.07 16.43
12.05 11.46 12.63 12.05 11.75 12.99 13.94 13.43 13.51 13.07 13.58 10.59 5.99 7.23 6.42 11.53 15.55 19.42 19.42 18.40 17.52 15.70 8.83 8.98 6.13 0.00 0.00 0.00 3.72 0.00 4.16 4.31 4.31 4.96 10.22 8.32 12.41 7.66 9.64 6.13 3.14 3.07 4.31 4.31 5.69 5.48 8.83 7.01 7.37 5.91 6.42 6.28 8.54 8.47 3.80 5.84 8.69 7.37 8.91 10.51 10.22 12.63 15.04 14.75 15.48 17.30 15.55 16.50 16.50 15.18 16.21 17.30 17.23 17.23 16.79 16.79 16.72 17.08 12.70 15.55 11.61 10.66 8.91 14.97
7.52 8.47 9.05 11.61 10.73 12.78 12.78 12.85 13.72 13.43 9.20 5.40 6.42 6.64 7.81 13.21 13.36 16.64 16.64 13.72 13.43 14.97 10.88 5.77 6.42 5.04 4.74 0.00 4.89 4.67 4.82 0.00 4.31 8.98 7.81 10.37 10.07 11.10 7.01 7.59 6.35 4.74 4.82 4.82 4.45 4.60 5.40 5.26 7.74 5.40 7.45 10.37 10.07 10.80 9.64 9.49 9.42 9.27 8.54 9.64 10.22 10.44 10.66 11.10 13.07 12.34 15.70 15.40 15.40 15.26 15.26 16.86 19.27 19.78 19.13 17.52 18.32 21.46 18.40 19.42 15.84 14.31 8.25 9.93
5.48 7.15 9.78 11.61 12.19 12.41 12.26 9.86 8.40 8.61 6.50 5.84 4.67 4.23 5.62 8.98 9.64 8.98 8.98 13.07 17.01 12.70 13.21 9.42 5.55 5.40 5.77 4.74 5.04 3.21 0.00 3.87 3.87 6.86 8.61 8.32 11.10 11.75 9.20 7.15 8.10 8.83 10.44 10.44 9.56 7.01 5.91 7.74 7.08 12.26 16.57 15.48 18.76 14.53 11.97 10.51 12.26 11.97 11.24 10.66 10.37 11.83 10.95 13.07 12.34 14.89 17.74 21.17 21.17 20.08 21.46 20.22 20.66 20.44 24.75 22.63 23.14 23.07 23.73 23.07 18.83 17.74 13.07 11.46
5.48 7.15 9.78 11.61 12.19 12.41 12.26 9.86 8.40 8.61 6.50 5.84 4.67 4.23 5.62 8.98 9.64 8.98 8.98 13.07 17.01 12.70 13.21 9.42 5.55 5.40 5.77 4.74 5.04 3.21 0.00 3.87 3.87 6.86 8.61 8.32 11.10 11.75 9.20 7.15 8.10 8.83 10.44 10.44 9.56 7.01 5.91 7.74 7.08 12.26 16.57 15.48 18.76 14.53 11.97 10.51 12.26 11.97 11.24 10.66 10.37 11.83 10.95 13.07 12.34 14.89 17.74 21.17 21.17 20.08 21.46 20.22 20.66 20.44 24.75 22.63 23.14 23.07 23.73 23.07 18.83 17.74 13.07 11.46
7.74 10.29 8.91 10.22 11.83 7.59 4.82 5.33 5.62 6.35 4.23 6.06 6.20 15.18 13.72 12.19 12.48 19.13 19.13 19.27 19.13 15.99 10.00 11.17 7.59 5.77 5.84 4.38 3.29 5.77 5.84 5.11 8.83 7.88 13.65 12.12 11.39 14.75 15.70 15.99 11.75 12.26 12.48 12.48 11.17 13.14 13.21 8.98 13.36 12.78 18.10 21.24 21.53 17.96 15.91 16.43 14.53 17.74 17.08 17.81 15.04 14.09 14.45 14.02 14.89 17.59 16.72 20.88 20.88 22.85 26.35 27.30 26.21 25.62 27.38 27.81 27.89 28.11 27.16 25.19 21.68 20.22 14.97 21.46
8.61 8.25 4.82 5.77 5.04 5.33 4.67 3.58 3.87 6.86 10.37 8.83 16.13 19.56 21.83 22.70 22.63 22.27 22.27 20.51 15.62 16.86 11.97 8.76 8.83 7.74 4.89 5.48 7.30 9.13 14.45 14.97 13.87 16.64 16.57 18.83 19.71 18.61 18.25 19.42 19.49 20.81 15.99 15.99 15.77 18.25 19.56 19.27 21.75 21.90 24.09 22.48 22.70 23.07 23.14 20.15 18.98 18.98 17.30 14.82 15.18 14.82 13.87 16.86 18.91 18.47 19.64 21.75 21.75 21.02 24.82 27.74 26.86 27.59 27.67 27.38 24.60 20.81 22.48 18.76 20.66 16.64 16.57 16.35
0.00 5.55 4.67 4.96 4.38 2.63 1.97 2.26 3.72 8.03 13.72 16.79 16.13 19.86 18.47 21.46 20.66 20.37 20.37 19.78 16.28 12.41 13.43 10.00 9.42 10.00 6.57 10.07 14.75 14.24 19.05 21.32 21.32 20.08 18.91 19.35 18.47 20.51 19.78 21.90 24.60 23.73 26.65 26.65 24.53 24.24 23.07 21.90 21.39 21.46 23.58 23.29 23.51 25.11 30.30 29.20 31.10 23.73 13.07 15.33 9.13 10.73 13.36 12.56 16.64 19.42 19.35 19.64 19.64 20.51 24.09 25.48 22.85 21.90 23.00 23.73 19.56 9.05 11.53 11.02 17.67 18.83 18.54 18.03
5.11 5.48 4.31 4.53 3.43 1.97 2.92 6.64 8.69 8.10 11.32 8.69 12.78 16.28 16.06 16.35 18.98 18.32 18.32 15.62 16.43 13.43 12.26 12.05 11.61 13.51 13.72 12.34 14.16 16.43 16.06 21.53 20.81 21.02 19.13 16.64 16.72 20.22 23.00 22.27 25.92 25.33 22.27 22.27 23.21 18.83 17.16 17.37 16.21 17.16 19.64 20.59 20.29 19.78 24.38 29.20 24.60 25.92 20.00 8.54 12.63 8.18 12.92 11.10 12.70 11.68 17.37 20.44 20.44 24.24 24.97 24.16 23.21 21.46 21.17 20.88 11.68 6.42 6.13 17.23 14.60 18.03 14.89 19.93
5.11 5.48 4.31 4.53 3.43 1.97 2.92 6.64 8.69 8.10 11.32 8.69 12.78 16.28 16.06 16.35 18.98 18.32 18.32 15.62 16.43 13.43 12.26 12.05 11.61 13.51 13.72 12.34 14.16 16.43 16.06 21.53 20.81 21.02 19.13 16.64 16.72 20.22 23.00 22.27 25.92 25.33 22.27 22.27 23.21 18.83 17.16 17.37 16.21 17.16 19.64 20.59 20.29 19.78 24.38 29.20 24.60 25.92 20.00 8.54 12.63 8.18 12.92 11.10 12.70 11.68 17.37 20.44 20.44 24.24 24.97 24.16 23.21 21.46 21.17 20.88 11.68 6.42 6.13 17.23 14.60 18.03 14.89 19.93
6.50 6.28 6.35 5.11 6.42 3.65 10.51 7.66 6.86 6.79 7.74 7.08 10.00 14.38 17.30 16.64 17.81 18.32 18.32 15.18 12.19 12.41 10.22 10.22 10.22 14.02 13.80 14.53 13.58 15.84 18.76 18.47 21.17 21.17 21.75 18.47 18.25 19.93 19.64 18.76 16.50 16.86 19.78 19.78 18.40 18.40 18.25 17.01 17.23 16.50 16.43 16.79 16.72 16.86 17.96 18.61 18.61 16.43 15.26 14.24 13.65 16.79 14.60 15.40 13.80 17.23 19.71 23.94 23.94 22.56 26.43 23.43 20.66 20.51 19.56 17.52 19.20 7.66 13.51 6.50 11.32 10.88 13.21 15.04
7.01 8.25 9.93 13.29 16.35 15.04 15.91 12.12 12.78 8.03 8.61 11.17 11.39 13.43 16.28 14.45 14.02 16.57 16.57 14.24 12.85 11.46 12.26 9.64 11.75 10.95 14.16 15.33 16.35 15.77 18.03 20.44 19.93 23.87 20.51 17.08 17.67 11.83 13.43 13.72 13.58 15.11 13.14 13.14 17.52 18.83 16.79 17.89 16.72 17.16 16.86 18.61 19.13 19.49 18.40 18.69 17.74 18.10 17.01 19.05 23.94 21.24 26.86 23.21 20.08 20.22 20.00 22.19 22.19 28.18 25.62 21.97 16.64 15.62 17.45 17.96 13.80 11.61 8.91 10.37 9.42 8.98 10.95 10.66
7.74 11.61 10.80 12.92 15.48 15.84 18.18 14.38 15.99 11.53 14.38 12.41 14.89 12.48 12.92 10.95 12.26 14.09 14.09 13.87 14.24 12.78 11.68 12.41 11.75 15.77 15.04 17.30 14.97 11.97 15.84 16.79 17.81 16.64 16.64 15.40 8.91 9.93 4.02 3.87 8.32 10.37 15.55 15.55 14.38 18.10 17.96 20.15 19.05 26.06 28.54 29.35 29.64 26.21 23.14 26.21 25.48 25.92 23.14 23.80 22.70 26.72 25.70 26.57 23.51 24.16 26.43 28.91 28.91 23.73 15.91 14.38 14.60 14.53 13.14 13.36 8.61 8.91 6.50 7.08 6.06 8.54 10.29 9.78
9.20 11.17 10.44 12.12 15.40 14.75 17.37 17.16 17.45 17.45 17.67 15.70 20.73 16.79 20.29 20.08 12.70 16.35 16.35 14.97 15.11 14.16 14.31 18.03 12.70 16.57 20.95 15.48 16.21 12.99 11.68 11.24 13.21 14.38 10.15 11.68 5.18 0.00 0.00 2.92 8.83 10.00 11.75 11.75 15.11 18.25 18.10 20.95 26.86 25.62 29.71 31.68 30.15 31.17 26.57 26.72 26.57 27.01 24.09 21.39 18.98 19.93 19.56 22.92 23.73 24.89 24.02 23.36 23.36 24.82 18.76 13.58 9.13 10.29 8.10 6.72 5.40 5.40 5.77 5.62 5.18 7.23 7.23 9.93
10.29 12.85 12.41 12.92 14.09 13.14 14.75 14.24 17.08 20.95 21.46 23.73 22.19 27.23 24.45 25.84 20.81 21.46 21.46 18.32 20.08 20.44 18.98 20.73 22.92 19.93 23.43 23.29 18.18 18.54 13.43 8.69 9.49 10.00 8.25 1.61 2.70 0.00 0.00 0.00 5.77 8.32 5.04 5.04 5.33 6.28 6.06 8.47 20.66 24.02 13.43 25.48 27.89 27.59 20.59 27.08 19.86 17.08 14.53 16.72 17.67 18.10 19.78 20.37 21.75 21.39 22.05 22.63 22.63 21.97 15.55 8.47 11.02 7.88 7.96 5.55 8.98 7.23 6.64 6.20 5.77 5.84 4.96 6.35
10.29 12.85 12.41 12.92 14.09 13.14 14.75 14.24 17.08 20.95 21.46 23.73 22.19 27.23 24.45 25.84 20.81 21.46 21.46 18.32 20.08 20.44 18.98 20.73 22.92 19.93 23.43 23.29 18.18 18.54 13.43 8.69 9.49 10.00 8.25 1.61 2.70 0.00 0.00 0.00 5.77 8.32 5.04 5.04 5.33 6.28 6.06 8.47 20.66 24.02 13.43 25.48 27.89 27.59 20.59 27.08 19.86 17.08 14.53 16.72 17.67 18.10 19.78 20.37 21.75 21.39 22.05 22.63 22.63 21.97 15.55 8.47 11.02 7.88 7.96 5.55 8.98 7.23 6.64 6.20 5.77 5.84 4.96 6.35
14.38 13.14 11.90 9.56 12.85 12.78 15.48 14.89 23.80 24.09 23.36 24.31 24.31 24.24 26.35 25.04 23.58 21.53 21.53 21.83 21.53 22.34 22.56 22.92 23.14 22.34 23.29 23.73 20.88 15.18 16.50 9.27 6.50 3.43 4.96 1.17 0.00 0.00 0.00 1.02 5.33 5.40 2.77 2.77 2.92 2.48 0.00 0.00 4.31 3.50 5.48 5.69 7.66 6.79 12.99 13.94 13.21 13.65 11.32 15.18 15.62 16.86 19.42 19.71 21.32 22.27 20.29 21.32 21.32 21.39 23.94 15.99 17.81 10.59 7.30 13.21 8.54 7.59 6.42 7.52 6.50 4.23 4.96 4.45
12.12 13.07 13.21 14.89 16.94 15.62 28.32 31.24 29.13 28.11 29.71 24.75 21.75 20.66 21.46 22.34 19.27 22.05 22.05 24.82 24.45 22.78 26.94 24.43 24.28 25.01 22.19 21.17 21.46 22.41 12.12 12.92 8.83 5.99 2.19 1.24 0.44 0.22 1.02 0.95 1.46 0.73 1.31 1.31 0.15 0.00 0.00 0.00 0.95 1.68 0.00 1.83 0.00 5.48 2.19 6.20 7.01 4.67 8.18 12.56 10.95 15.18 17.96 17.45 20.88 20.66 20.95 18.32 18.32 18.61 21.90 19.78 21.10 9.42 12.63 11.68 8.40 6.57 8.25 8.47 9.20 7.74 4.96 3.58
19.27 19.86 21.02 21.46 25.04 29.13 27.89 31.10 27.96 26.13 23.14 24.09 18.40 15.70 9.27 16.86 14.82 22.56 22.56 26.06 20.95 26.50 26.86 23.95 28.77 24.58 27.40 25.06 25.48 25.77 22.48 18.54 8.91 9.56 4.96 4.96 4.74 1.10 1.39 1.68 1.75 0.88 0.29 0.29 0.00 0.00 0.00 0.00 0.00 0.00 0.00 0.00 0.00 0.00 0.00 2.12 4.02 3.58 5.77 10.07 16.79 18.40 16.57 16.43 17.67 17.96 17.37 18.40 18.40 20.00 18.25 19.13 17.52 17.16 10.37 14.60 11.46 11.39 11.46 10.15 12.63 9.34 3.94 6.86
19.64 20.59 21.32 19.35 21.90 24.38 22.70 24.31 24.24 21.10 11.10 12.78 12.05 13.07 6.42 12.12 13.14 11.32 11.32 20.44 10.80 18.90 17.76 15.28 15.13 26.63 27.04 26.03 27.39 25.77 26.13 24.24 23.73 11.53 12.48 9.64 10.73 5.26 6.35 1.53 0.29 0.29 0.29 0.29 0.00 0.00 0.00 0.00 0.00 0.00 0.00 0.00 0.00 0.00 2.34 1.83 3.29 3.87 6.94 16.06 13.94 20.22 20.44 26.57 20.00 20.66 25.40 23.51 23.51 25.40 23.14 18.25 17.52 17.67 18.61 16.86 15.18 12.56 13.29 12.56 9.49 11.61 7.74 11.32
20.59 19.78 19.35 18.76 20.22 19.56 21.90 20.59 14.67 11.10 11.68 9.34 8.76 4.09 4.45 4.09 7.08 9.05 9.05 5.89 6.86 0.00 7.07 6.86 4.59 19.35 22.80 23.33 23.28 27.58 27.51 27.30 27.38 24.97 18.76 18.69 17.16 9.05 5.91 6.57 2.19 0.80 0.00 0.00 0.00 0.00 0.00 0.00 0.00 0.00 0.00 0.00 0.00 0.00 0.00 0.00 1.83 5.69 4.82 10.22 12.99 22.27 28.69 26.50 29.78 26.94 26.94 26.57 26.57 26.86 20.73 18.10 18.18 17.96 18.32 18.69 16.13 16.35 16.06 15.40 15.04 15.26 15.70 14.89
20.59 19.78 19.35 18.76 20.22 19.56 21.90 20.59 14.67 11.10 11.68 9.34 8.76 4.09 4.45 4.09 7.08 9.05 9.10 6.08 6.96 0.00 6.90 7.04 4.53 19.35 22.12 21.68 21.75 28.00 27.79 28.44 30.76 26.42 19.24 18.69 17.16 9.05 5.91 6.57 2.19 0.80 0.00 0.00 0.00 0.00 0.00 0.00 0.00 0.00 0.00 0.00 0.00 0.00 0.00 0.00 1.83 5.69 4.82 10.22 12.99 22.27 28.69 26.50 29.78 26.94 26.94 26.57 26.57 26.86 20.73 18.10 18.18 17.96 18.32 18.69 16.13 16.35 16.06 15.40 15.04 15.26 15.70 14.89
19.20 18.83 17.96 18.25 17.08 16.72 19.93 14.24 16.13 13.36 13.80 14.09 11.61 8.10 6.72 6.72 7.01 13.43 13.43 13.80 3.50 5.55 1.17 0.00 2.32 0.00 11.36 14.75 15.33 14.75 27.65 27.54 29.20 28.35 28.07 29.05 16.96 18.47 9.64 4.23 1.31 1.46 1.68 1.68 0.00 0.00 0.00 0.88 0.00 0.00 0.00 0.00 0.00 0.00 0.00 0.00 0.00 2.99 0.00 4.16 15.26 12.63 24.02 20.73 30.51 29.71 28.25 27.23 27.23 25.04 21.02 17.30 16.35 17.81 19.05 18.61 17.16 17.67 17.01 13.14 12.92 14.24 15.11 16.50
17.81 17.89 17.74 14.67 12.78 13.58 11.53 11.17 14.67 14.53 14.31 9.86 12.78 8.25 10.00 14.82 17.81 17.16 17.16 16.36 6.42 3.01 3.80 0.00 0.00 0.00 0.00 4.99 8.72 14.75 11.53 23.29 22.56 28.72 28.22 29.28 29.57 25.90 18.47 12.12 7.88 4.09 5.04 5.04 1.02 0.00 0.15 0.00 1.02 0.00 0.00 0.00 0.00 0.00 0.00 0.00 0.00 0.00 0.00 0.00 0.00 0.00 15.70 17.89 28.18 28.03 24.24 24.02 24.02 19.42 15.11 13.51 16.06 12.92 14.75 13.36 11.97 9.93 10.22 10.22 10.66 11.97 13.58 15.26
17.30 19.05 21.10 17.89 14.16 16.21 12.99 13.36 15.77 16.06 12.70 10.44 6.13 7.01 7.74 12.92 14.31 12.70 12.70 14.53 8.10 4.67 1.39 2.56 0.73 0.00 0.00 1.33 0.00 7.99 10.59 9.93 17.45 21.10 25.28 29.35 30.16 30.00 27.16 25.62 25.84 10.59 2.85 2.85 3.50 0.44 0.44 0.00 0.66 0.58 0.00 0.44 0.00 0.00 0.00 0.00 0.00 0.00 0.00 0.00 0.00 0.00 4.16 6.13 18.40 23.43 23.36 16.06 16.06 10.15 20.22 20.51 7.59 7.96 9.78 9.20 7.37 10.29 11.17 12.92 14.24 14.31 14.16 13.72
19.20 22.85 22.48 22.85 22.85 18.47 16.21 13.87 15.84 15.11 12.63 12.48 9.34 10.80 12.78 11.39 12.70 8.98 8.98 5.11 4.82 5.77 3.29 2.99 3.14 0.00 0.00 0.00 1.24 3.72 6.35 6.35 4.23 4.38 14.67 23.51 30.09 30.26 29.72 27.50 22.48 16.28 17.52 17.52 9.93 6.06 3.80 4.23 2.04 1.53 0.80 0.00 0.00 0.00 0.00 0.00 0.00 2.77 2.56 3.29 1.10 0.00 0.00 0.00 8.91 14.67 10.88 13.51 13.51 9.34 3.14 3.65 3.36 2.92 5.84 7.59 7.01 9.49 10.37 11.46 14.09 8.47 9.05 13.36
13.87 13.29 18.03 19.13 19.35 17.81 12.12 10.51 10.62 9.05 14.16 14.53 13.80 13.07 10.00 7.59 9.64 1.68 1.68 2.34 1.90 4.67 2.99 4.38 6.86 1.17 1.46 0.00 0.00 0.00 1.61 1.46 0.00 0.00 2.41 0.00 21.46 23.80 24.09 25.68 22.67 18.91 15.33 15.33 16.64 11.10 7.30 4.38 1.97 2.34 1.83 1.24 1.17 0.00 0.00 0.00 0.00 0.00 2.92 6.35 2.77 1.90 0.00 0.00 0.00 4.02 0.00 4.09 4.09 0.00 0.00 1.75 0.00 2.19 2.85 6.20 4.96 7.74 8.18 7.81 9.42 5.04 5.62 5.04
10.07 14.60 12.99 14.75 12.63 14.45 13.87 11.17 16.25 10.44 7.74 9.86 9.05 6.06 6.64 3.43 0.00 0.00 0.00 0.00 0.00 4.09 7.37 6.94 8.32 6.86 0.00 0.00 0.00 0.00 0.00 0.00 0.00 0.00 0.00 2.19 0.00 4.87 6.20 8.25 18.73 16.13 15.99 15.99 14.02 13.29 13.51 12.19 8.47 13.51 7.01 3.36 2.56 0.00 0.00 0.00 0.00 0.00 3.29 2.70 4.67 4.53 1.53 0.00 1.10 0.00 0.00 0.00 0.00 0.00 0.00 0.00 0.00 0.00 1.97 3.36 0.73 2.56 2.92 0.51 3.07 2.56 4.02 3.58
10.07 14.60 12.99 14.75 12.63 14.45 13.87 11.17 15.84 10.44 7.74 9.86 9.05 6.06 6.64 3.43 0.00 0.00 0.00 0.00 0.00 4.09 7.37 6.94 8.32 6.86 0.00 0.00 0.00 0.00 0.00 0.00 0.00 0.00 0.00 2.20 0.00 4.84 6.27 8.25 18.54 16.13 15.99 15.99 14.02 13.29 13.51 12.19 8.47 13.51 7.01 3.36 2.56 0.00 0.00 0.00 0.00 0.00 3.29 2.70 4.67 4.53 1.53 0.00 1.10 0.00 0.00 0.00 0.00 0.00 0.00 0.00 0.00 0.00 1.97 3.36 0.73 2.56 2.92 0.51 3.07 2.56 4.02 3.58
22.92 18.47 13.58 11.17 11.75 16.72 16.28 19.49 19.57 13.65 8.25 6.86 4.53 2.99 4.23 0.00 0.00 0.00 0.00 0.00 0.00 2.41 5.62 9.56 7.88 8.98 6.13 0.15 0.00 0.00 0.00 0.00 0.00 0.00 0.00 0.00 1.75 2.41 1.83 2.85 2.77 2.26 5.26 5.26 4.09 7.23 9.34 12.26 14.16 15.99 12.41 5.69 1.39 2.56 0.00 0.00 0.00 0.00 3.29 0.00 3.80 5.69 2.56 2.12 0.44 0.00 0.00 0.00 0.00 0.00 0.00 0.00 0.00 0.00 0.00 0.00 0.00 0.00 0.00 0.00 0.80 0.66 2.34 2.77
