Wansh/Snow_depth/snowdepth-1995/spring/1995101.txt
ncols 321
nrows 161
xllcenter 60
yllcenter 15 
cellsize  0.25 
NODATA_value -1
[rows 0 to 36 of 161, columns 168 to 251 of 321]
8.40 6.94 7.37 3.94 4.31 4.89 4.89 4.96 3.80 3.80 2.56 2.56 3.14 2.92 2.92 4.74 4.74 4.45 9.20 9.20 9.13 8.47 8.32 7.74 7.45 7.52 8.32 8.10 7.23 4.82 5.04 4.45 9.20 13.94 13.14 13.14 13.36 10.37 14.45 14.09 13.36 8.47 9.71 7.30 7.15 7.23 8.25 9.27 8.91 10.00 10.51 5.84 7.30 7.59 5.99 8.76 4.82 8.40 7.66 11.97 11.97 15.48 14.24 18.40 20.59 20.37 19.42 23.00 19.27 16.35 16.79 14.97 14.97 14.02 14.09 14.38 17.08 18.76 18.54 18.69 18.69 18.25 17.89 17.81
8.40 6.94 7.66 7.01 6.79 6.57 2.63 2.04 2.34 2.34 2.19 4.45 4.23 4.45 4.53 5.04 5.04 7.01 8.76 8.10 8.76 8.40 8.47 8.18 7.37 7.74 8.18 8.10 7.37 1.10 3.07 8.32 6.94 7.74 6.50 6.50 7.45 7.23 13.58 14.38 14.89 13.21 10.37 10.66 8.98 9.13 9.78 7.52 6.28 5.77 5.33 5.91 5.26 8.47 6.13 10.22 12.85 12.78 13.07 12.70 12.70 15.77 17.37 17.16 19.13 17.16 17.74 14.31 13.65 13.36 14.89 14.75 14.82 14.45 14.60 15.48 14.60 16.43 15.77 15.91 15.11 12.78 13.36 11.24
6.35 6.13 8.69 9.27 7.66 6.50 4.16 5.26 3.43 3.43 3.36 3.50 3.72 4.38 4.82 6.28 6.06 8.18 9.71 10.07 9.49 9.27 7.74 7.52 7.52 7.01 2.63 0.00 0.00 0.00 1.02 6.20 5.04 6.06 3.36 3.36 7.52 14.89 12.85 17.16 13.87 15.04 11.61 9.56 9.20 8.03 4.09 3.87 4.89 4.23 4.23 6.86 10.00 8.91 14.38 14.02 13.43 14.16 13.80 14.02 14.02 16.06 16.13 13.87 14.02 11.02 9.78 11.75 12.78 13.36 13.14 13.72 13.58 13.72 13.36 14.67 14.89 14.31 14.60 13.72 13.58 13.21 10.66 10.80
6.35 6.13 8.69 9.27 7.66 6.50 4.16 5.26 3.43 3.43 3.36 3.50 3.72 4.38 4.82 6.28 6.06 8.18 9.71 10.07 9.49 9.27 7.74 7.52 7.52 7.01 2.63 0.00 0.00 0.00 1.02 6.20 5.04 6.06 3.36 3.36 7.52 14.89 12.85 17.16 13.87 15.04 11.61 9.56 9.20 8.03 4.09 3.87 4.89 4.23 4.23 6.86 10.00 8.91 14.38 14.02 13.43 14.16 13.80 14.02 14.02 16.06 16.13 13.87 14.02 11.02 9.78 11.75 12.78 13.36 13.14 13.72 13.58 13.72 13.36 14.67 14.89 14.31 14.60 13.72 13.58 13.21 10.66 10.80
3.07 6.79 5.62 8.32 7.37 6.94 7.23 5.33 3.21 3.21 3.07 4.09 5.18 5.26 5.40 6.64 6.42 6.64 10.15 9.56 10.44 9.34 7.37 7.01 1.75 0.00 0.00 0.00 0.00 4.16 3.14 5.77 2.70 4.23 3.14 3.14 8.18 14.24 14.53 15.84 6.06 7.45 6.64 6.06 3.14 3.14 3.14 3.80 3.80 4.60 7.45 7.08 12.70 14.38 14.02 11.90 12.78 13.29 12.63 12.85 12.85 11.97 12.99 13.14 10.37 10.80 8.32 7.88 7.52 11.75 12.41 12.34 11.90 11.39 11.53 10.66 10.73 10.73 11.02 10.80 10.95 11.02 11.61 11.61
2.56 1.39 2.26 5.18 5.55 5.84 5.91 6.06 5.84 5.84 6.06 5.84 7.52 8.32 6.50 7.15 5.40 5.62 3.58 5.55 6.94 5.91 5.99 4.74 0.00 0.00 0.00 0.00 0.00 6.64 5.69 4.02 3.65 11.02 13.14 13.14 12.78 13.29 6.79 4.16 4.74 2.70 2.85 3.07 3.43 3.94 3.65 4.53 7.15 6.57 12.56 12.99 12.19 9.78 9.71 10.44 8.76 7.81 7.45 10.73 10.73 10.15 11.90 9.05 9.27 6.64 6.72 6.79 7.45 7.15 7.45 5.40 5.26 6.79 6.86 9.05 10.22 8.83 10.37 10.95 10.29 10.29 10.80 11.53
1.68 2.12 1.46 0.00 1.17 1.75 5.04 6.72 6.06 6.06 8.61 7.88 8.25 7.08 5.48 2.92 2.70 3.80 2.26 4.89 4.60 0.00 0.00 0.00 0.00 0.00 0.15 4.02 7.15 6.42 6.94 10.59 13.07 12.41 15.48 15.48 13.80 5.91 7.30 2.63 1.75 1.61 2.63 2.26 1.97 3.21 4.60 4.53 8.76 13.87 12.99 12.12 7.37 8.40 4.45 3.58 6.20 6.20 7.23 6.50 6.50 5.33 9.49 7.52 5.62 6.13 2.70 3.07 3.94 4.45 4.38 4.38 5.84 6.50 6.42 6.72 8.10 7.81 9.27 10.49 10.95 11.80 12.70 13.72
1.68 2.12 1.46 0.00 1.17 1.75 5.04 6.72 6.06 6.06 8.61 7.88 8.25 7.08 5.48 2.92 2.70 3.80 2.26 4.89 4.60 0.00 0.00 0.00 0.00 0.00 0.15 4.02 7.15 6.42 6.94 10.59 13.07 12.41 15.48 15.48 13.80 5.91 7.30 2.63 1.75 1.61 2.63 2.26 1.97 3.21 4.60 4.53 8.76 13.87 12.99 12.12 7.37 8.40 4.45 3.58 6.20 6.20 7.23 6.50 6.50 5.33 9.49 7.52 5.62 6.13 2.70 3.07 3.94 4.45 4.38 4.38 5.84 6.50 6.42 7.76 11.18 11.24 12.70 17.83 18.08 15.70 16.34 14.24
4.82 1.83 0.00 0.22 0.51 1.02 2.56 1.97 4.82 4.82 5.11 4.89 6.13 0.80 1.75 2.99 2.34 3.72 2.92 0.00 0.00 0.00 0.00 0.00 0.00 2.56 1.61 3.43 7.37 8.25 8.03 10.22 11.97 14.97 14.24 14.24 14.60 3.14 1.53 2.12 0.15 0.29 0.22 2.63 3.21 3.36 4.74 10.73 9.34 14.97 11.68 13.14 5.11 3.29 3.50 2.85 2.56 2.56 5.18 3.21 3.21 3.50 2.12 2.04 1.97 1.68 1.39 2.85 3.21 2.85 5.18 4.60 4.74 5.19 7.06 10.48 11.97 11.17 10.17 14.48 11.53 12.18 13.27 13.98
5.99 3.58 6.20 1.61 3.36 1.83 2.41 1.10 2.26 2.26 0.66 0.58 1.31 0.80 2.41 5.84 3.65 5.11 0.00 0.00 0.00 0.00 0.00 0.00 3.50 5.99 6.28 7.01 6.72 8.91 8.98 10.07 10.07 10.22 3.58 3.58 1.75 2.99 0.22 0.88 0.80 1.39 3.50 3.36 3.36 5.62 5.48 11.53 13.43 12.92 7.23 5.04 5.99 2.04 2.04 2.56 1.68 0.22 0.15 0.00 0.00 1.75 1.53 2.41 2.77 2.70 3.94 4.31 2.63 5.18 4.89 4.96 4.81 7.03 7.47 8.54 11.00 11.20 13.84 12.72 11.74 11.66 15.35 14.49
8.03 8.83 7.37 4.82 5.33 3.72 5.62 3.87 1.68 1.68 2.04 1.53 4.38 5.55 4.23 4.82 2.12 3.07 0.00 0.00 0.00 0.58 1.31 6.06 5.55 5.62 5.40 3.36 5.40 4.82 6.28 5.55 1.97 1.61 1.75 1.75 2.26 1.61 0.95 2.26 4.53 4.67 3.50 3.21 3.58 6.20 6.86 5.91 9.78 5.77 6.28 2.92 2.41 2.26 1.83 0.00 0.00 0.00 0.00 0.00 0.00 0.22 2.12 1.97 3.07 4.82 4.82 4.96 5.91 6.06 5.55 5.33 5.17 5.71 6.10 8.07 12.70 12.61 11.46 12.17 13.65 14.38 13.49 13.22
8.03 8.83 7.37 4.82 5.33 3.72 5.62 3.87 1.68 1.68 2.04 1.53 4.38 5.55 4.23 4.82 2.12 3.07 0.00 0.00 0.00 0.58 1.31 6.06 5.55 5.62 5.40 3.36 5.40 4.82 6.28 5.55 1.97 1.61 1.75 1.75 2.26 1.61 0.95 2.26 4.53 4.67 3.50 3.21 3.58 6.20 6.86 5.91 9.78 5.77 6.28 2.92 2.41 2.26 1.83 0.00 0.00 0.00 0.00 0.00 0.00 0.22 2.12 1.97 3.07 4.82 4.82 4.96 5.91 6.06 5.55 5.33 5.04 5.62 5.91 7.49 11.32 11.68 12.22 12.62 13.65 14.07 14.82 14.15
9.34 7.81 7.96 5.77 6.94 5.69 5.99 5.62 6.06 6.06 5.11 3.94 4.23 4.23 0.00 0.00 0.00 0.00 0.00 0.00 0.80 3.07 3.14 3.29 3.72 1.39 1.02 1.61 2.48 2.56 0.88 1.46 1.02 2.99 4.23 4.23 3.43 8.10 8.47 8.54 6.13 4.89 5.69 3.36 2.04 2.26 3.72 3.43 2.70 2.48 2.41 2.85 1.90 1.61 1.83 0.00 0.44 0.15 0.00 0.58 0.58 0.29 2.56 7.08 6.64 8.61 8.18 6.72 6.86 5.33 5.69 5.40 5.69 6.20 6.44 8.03 11.38 10.47 11.94 14.93 13.89 14.39 13.81 14.72
8.10 6.86 4.89 3.94 5.33 5.18 6.86 7.88 7.01 7.01 0.00 0.00 0.00 0.00 0.00 0.00 0.00 0.73 1.97 2.63 2.56 2.26 2.34 1.68 1.39 1.39 1.31 1.53 3.65 3.72 2.48 2.56 3.72 4.31 7.52 7.52 8.69 8.25 9.78 8.47 8.61 6.06 4.53 4.89 2.41 1.75 1.68 1.46 1.53 1.31 1.75 2.04 1.10 1.31 0.07 1.31 0.95 3.65 5.91 6.06 6.06 8.91 8.98 8.61 9.49 8.76 9.13 7.88 5.99 6.42 4.23 4.67 5.77 7.26 9.73 10.15 9.57 13.42 12.58 12.32 14.70 13.19 12.40 14.60
12.41 10.37 3.87 12.99 12.63 10.44 9.93 10.07 8.18 8.18 8.47 10.07 7.59 0.00 2.41 3.07 0.00 1.39 2.85 3.14 0.00 0.80 1.68 1.24 2.12 2.63 3.58 4.60 4.23 5.04 4.31 5.26 4.96 5.84 7.30 7.30 8.32 9.27 8.98 8.47 5.55 6.42 3.94 3.58 3.58 2.41 3.07 3.72 1.68 2.48 1.61 2.12 0.66 0.00 0.15 0.00 3.50 4.09 7.88 9.86 9.86 9.49 11.61 9.34 11.02 8.40 8.32 7.96 6.13 3.80 3.87 4.16 6.67 7.85 10.61 12.17 14.49 14.17 13.86 13.01 13.72 13.65 12.66 10.23
11.83 13.94 15.62 16.13 12.41 12.05 7.88 8.54 10.00 10.00 9.42 9.93 9.20 5.18 3.94 2.12 0.80 1.53 0.00 0.00 0.00 0.00 0.00 0.15 2.19 1.46 2.92 3.58 3.80 4.74 4.45 7.23 8.32 7.59 7.52 7.52 9.34 8.61 8.91 6.64 4.74 7.01 6.06 5.77 6.20 4.38 4.60 3.87 2.77 3.65 1.61 0.15 0.22 0.00 0.00 0.00 1.53 4.31 3.80 9.86 9.86 9.86 9.78 8.18 4.38 4.31 2.77 2.12 0.07 2.34 2.99 3.61 5.43 10.12 13.49 11.90 15.13 11.25 11.85 15.00 12.99 13.09 10.88 11.02
11.83 13.94 15.62 16.13 12.41 12.05 7.88 8.54 10.00 10.00 9.42 9.93 9.20 5.18 3.94 2.12 0.80 1.53 0.00 0.00 0.00 0.00 0.00 0.15 2.19 1.46 2.92 3.58 3.80 4.74 4.45 7.23 8.32 7.59 7.52 7.52 9.34 8.61 8.91 6.64 4.74 7.01 6.06 5.77 6.20 4.38 4.60 3.87 2.77 3.65 1.61 0.15 0.22 0.00 0.00 0.00 1.53 4.31 3.80 9.86 9.86 9.86 9.78 8.18 4.38 4.31 2.77 2.12 0.07 2.34 2.99 4.44 5.09 11.00 12.12 14.72 15.35 12.44 12.09 13.53 12.56 11.25 11.83 12.51
7.45 12.92 10.66 11.24 5.62 5.48 5.11 6.86 8.76 8.76 4.60 5.62 4.09 5.11 4.09 0.51 0.00 0.00 0.00 0.00 0.00 0.00 0.00 1.39 0.88 2.92 3.14 3.14 4.16 5.11 7.01 6.72 8.91 8.83 9.49 9.49 9.20 9.20 6.42 7.66 4.74 8.83 8.76 5.99 6.64 2.41 2.56 2.41 1.68 0.15 1.39 0.00 0.00 0.00 0.00 0.00 0.00 1.83 2.99 1.97 1.97 1.31 5.04 4.96 3.50 1.31 0.73 0.73 0.00 0.00 0.00 2.18 3.38 3.21 5.45 9.77 11.21 9.11 9.11 12.45 11.15 11.10 9.31 6.83
4.38 4.09 4.96 5.91 4.96 4.16 3.36 1.97 2.56 2.56 3.14 0.95 1.46 1.10 1.02 0.00 0.00 0.00 0.00 0.00 0.00 0.00 0.00 0.44 2.34 3.21 3.72 3.43 3.29 4.02 6.86 7.74 8.32 8.54 8.47 8.47 8.54 8.54 7.23 8.10 8.10 8.83 8.03 2.77 1.31 1.83 0.00 0.22 0.07 0.00 0.00 0.00 0.00 0.00 0.00 0.00 0.00 0.00 0.00 0.00 0.00 0.00 0.00 0.00 0.00 0.00 0.00 0.00 0.00 0.00 0.00 0.00 0.82 2.56 5.07 4.84 5.71 4.61 6.12 9.52 6.14 6.83 5.61 5.96
4.60 3.29 4.53 4.67 3.29 4.02 4.60 2.77 2.19 2.19 1.53 1.75 1.75 1.31 0.00 0.00 0.00 0.00 0.00 0.00 0.00 1.39 2.48 2.77 2.77 3.65 2.85 3.36 4.16 5.48 5.18 8.03 9.20 9.27 9.27 9.27 7.96 8.10 8.61 8.32 7.01 7.23 7.88 1.68 0.44 0.00 0.00 0.00 0.00 0.00 0.00 1.10 1.17 0.00 0.00 0.00 0.00 0.00 0.00 0.00 0.00 0.00 0.00 0.00 0.00 0.00 0.00 0.00 0.00 0.00 0.00 0.00 0.00 0.95 0.29 2.95 4.16 5.19 6.65 5.88 5.91 5.59 4.33 2.10
1.46 2.85 1.53 2.04 1.39 3.43 3.58 1.10 1.61 1.61 1.31 1.24 0.00 0.22 0.00 0.00 0.00 0.00 0.00 0.88 0.22 1.83 2.99 3.43 2.70 3.14 2.99 3.50 5.04 6.64 5.91 7.96 9.56 10.07 10.80 10.80 10.88 8.83 4.89 4.82 5.04 1.90 0.80 1.53 0.00 0.00 0.00 0.00 0.00 0.00 0.00 0.95 0.00 0.00 0.00 0.00 0.00 0.00 0.00 0.00 0.00 0.00 0.00 0.00 0.00 0.00 0.00 0.00 0.00 0.00 0.00 0.00 0.00 0.00 3.12 2.85 5.34 5.59 8.20 9.07 8.83 4.41 2.64 1.67
0.00 0.29 0.00 0.00 0.00 0.73 0.00 0.22 0.88 0.88 0.07 0.80 1.39 1.10 0.00 0.00 0.00 0.00 0.00 1.39 2.70 2.04 4.89 4.09 3.14 3.87 5.62 5.69 5.55 9.27 10.07 11.02 11.02 10.88 11.17 11.17 6.64 7.96 4.45 1.97 1.17 1.39 1.31 0.00 0.00 0.44 1.17 0.00 0.00 0.00 0.00 0.00 0.00 0.00 0.00 0.00 0.00 0.00 0.00 0.00 0.00 0.00 0.00 0.00 0.00 0.00 0.00 0.00 0.00 0.00 0.00 0.00 0.00 0.00 0.00 1.18 4.20 4.08 6.32 8.95 6.24 5.31 4.51 3.45
0.00 0.29 0.00 0.00 0.00 0.73 0.00 0.22 0.88 0.88 0.07 0.80 1.39 1.10 0.00 0.00 0.00 0.00 0.00 1.39 2.70 2.04 4.89 4.09 3.14 3.87 5.62 5.69 5.55 9.27 10.07 11.02 11.02 10.88 11.17 11.17 6.64 7.96 4.45 1.97 1.17 1.39 1.31 0.00 0.00 0.44 1.17 0.00 0.00 0.00 0.00 0.00 0.00 0.00 0.00 0.00 0.00 0.00 0.00 0.00 0.00 0.00 0.00 0.00 0.00 0.00 0.00 0.00 0.00 0.00 0.00 0.00 0.00 0.00 0.00 1.18 3.26 3.59 5.29 10.41 7.64 5.42 3.53 3.19
0.00 0.00 0.00 0.00 0.00 0.00 0.00 0.00 0.07 0.07 0.00 0.80 0.80 0.00 0.00 0.00 0.00 0.00 1.68 5.33 6.42 5.91 4.89 4.89 4.31 7.37 7.45 10.73 10.29 10.44 10.15 8.54 8.83 9.27 5.77 5.77 4.60 4.31 1.83 1.83 6.13 2.92 2.26 8.98 3.43 3.50 4.89 0.00 0.00 0.00 0.00 0.00 0.00 0.00 0.00 0.00 0.00 0.00 0.00 0.00 0.00 0.00 0.00 0.00 0.00 0.00 0.00 0.00 0.00 0.00 0.00 0.00 0.00 0.00 0.00 0.00 1.46 5.26 7.81 7.47 8.96 5.05 3.96 3.01
0.00 0.00 0.00 0.00 0.07 0.00 0.00 0.00 0.00 0.00 0.00 0.00 0.00 0.00 0.00 0.00 0.00 0.00 0.88 2.85 5.40 5.99 7.96 7.59 8.40 8.32 8.40 11.75 10.95 9.42 7.08 7.59 6.06 4.16 4.16 4.16 4.89 6.28 5.62 11.39 11.53 10.37 14.97 14.09 13.80 5.55 0.00 0.00 0.00 0.00 0.00 0.00 0.00 0.00 0.00 0.00 0.00 0.00 0.00 0.00 0.00 0.00 0.00 0.00 0.00 0.00 0.00 0.00 0.00 0.00 0.00 0.00 1.39 0.00 4.27 5.23 4.52 5.04 7.20 7.67 5.96 3.05 3.07 3.74
0.00 0.00 0.00 0.00 0.00 0.00 0.00 0.00 0.00 0.00 0.00 0.00 0.00 0.00 0.00 0.00 0.00 1.31 3.36 2.63 5.40 5.91 7.88 9.20 8.76 9.49 11.02 10.95 9.56 10.00 6.50 3.72 3.72 4.09 2.26 2.26 6.20 5.77 11.24 17.23 22.12 20.95 18.98 9.27 8.98 0.00 0.00 0.00 0.00 0.00 0.00 0.00 0.00 0.00 0.00 0.00 0.00 0.00 0.00 0.00 0.00 0.00 0.00 0.00 0.00 0.00 0.00 0.00 0.00 0.00 0.00 0.00 1.85 6.86 8.67 10.25 8.41 6.28 5.12 4.27 4.62 2.47 1.67 0.00
0.00 0.00 0.00 0.00 0.00 0.00 0.00 0.00 0.00 0.00 0.00 0.00 0.00 0.00 0.00 0.00 0.00 1.24 0.80 2.92 6.20 8.25 7.74 9.64 8.83 9.05 3.65 7.59 6.13 9.56 2.48 2.70 0.00 0.00 1.61 1.61 3.21 10.29 10.29 8.18 15.84 5.84 5.04 2.34 0.00 0.00 0.00 0.00 0.00 0.00 0.00 0.00 0.00 0.00 0.00 0.00 0.00 0.00 0.00 0.00 0.00 0.00 0.00 0.00 0.00 0.00 0.00 0.00 0.00 0.00 0.00 1.02 0.23 4.84 9.62 14.51 8.53 6.56 6.54 4.48 0.00 0.00 0.00 0.00
1.10 0.00 0.00 0.00 0.00 0.00 0.00 0.00 0.00 0.00 0.00 0.00 0.00 0.00 0.00 0.00 0.00 0.00 0.00 1.83 4.31 1.83 4.02 4.96 4.53 6.64 0.58 2.92 1.17 0.37 1.39 0.66 0.00 0.00 0.00 0.00 0.00 5.48 3.29 2.04 6.64 0.00 0.00 0.00 0.00 0.00 0.00 0.00 0.00 0.00 0.00 0.00 0.00 0.00 0.00 0.00 0.00 0.00 0.00 0.00 0.00 0.00 0.00 0.00 0.00 0.00 0.00 0.00 0.00 1.24 6.29 5.57 11.94 13.78 13.52 18.15 13.36 4.62 2.25 0.00 0.00 0.00 0.00 0.00
1.10 0.00 0.00 0.00 0.00 0.00 0.00 0.00 0.00 0.00 0.00 0.00 0.00 0.00 0.00 0.00 0.00 0.00 0.00 1.83 4.31 1.83 4.02 4.96 4.53 6.64 0.58 2.92 1.17 0.37 1.39 0.66 0.00 0.00 0.00 0.00 0.00 5.48 3.29 2.04 6.64 0.00 0.00 0.00 0.00 0.00 0.00 0.00 0.00 0.00 0.00 0.00 0.00 0.00 0.00 0.00 0.00 0.00 0.00 0.00 0.00 0.00 0.00 0.00 0.00 0.00 0.00 0.00 0.00 1.24 6.32 5.51 10.79 15.35 14.42 21.17 15.51 4.47 2.35 0.00 0.00 0.00 0.00 0.00
1.53 0.00 0.00 0.00 0.00 0.00 0.00 0.00 0.00 0.00 0.00 0.00 0.00 0.00 0.00 0.00 0.00 0.00 0.00 0.00 0.00 0.00 0.22 1.46 0.00 0.00 0.00 0.00 0.00 0.00 0.00 0.00 0.00 0.00 0.00 0.00 0.00 0.00 0.00 0.00 0.00 0.00 0.00 0.00 0.00 0.00 0.00 0.00 0.00 0.00 0.00 0.00 0.00 0.00 0.00 0.00 0.00 0.00 0.00 0.00 0.00 0.00 0.00 0.00 0.00 0.00 0.00 0.00 0.00 0.00 8.26 12.61 14.77 18.45 20.89 12.21 4.70 0.96 0.97 0.00 0.00 0.00 0.00 0.00
0.00 0.00 0.00 0.00 0.00 0.00 0.00 0.00 0.00 0.00 0.00 0.00 0.00 0.00 0.00 0.00 0.00 0.00 0.00 0.00 0.00 0.00 0.00 0.00 0.00 0.00 0.00 0.00 0.00 0.00 0.00 0.00 0.00 0.00 0.00 0.00 0.00 0.00 0.00 0.00 0.00 0.00 0.00 0.00 0.00 0.00 0.00 0.00 0.00 0.00 0.00 0.00 0.00 0.00 0.00 0.00 0.00 0.00 0.00 0.00 0.00 0.00 0.00 0.00 0.00 0.00 0.00 0.00 0.00 1.39 3.36 12.94 18.71 17.39 12.89 14.95 7.49 2.66 0.00 0.00 0.00 0.00 0.00 0.00
3.72 0.66 0.22 0.00 0.00 0.00 0.00 0.00 0.00 0.00 0.00 0.00 0.00 0.00 0.00 0.00 0.00 0.00 0.00 0.00 0.00 0.00 0.00 0.00 0.00 0.00 0.00 0.00 0.00 0.00 0.00 0.00 0.00 0.00 0.00 0.00 0.00 0.00 0.00 0.00 0.00 0.00 0.00 0.00 0.00 0.00 0.00 0.00 0.00 0.00 0.00 0.00 0.00 0.00 0.00 0.00 0.00 0.00 0.00 0.00 0.00 0.00 0.00 0.00 0.00 0.00 0.00 0.00 0.00 0.00 7.81 15.75 18.51 18.09 12.11 4.83 0.00 0.00 0.00 0.00 0.00 0.00 0.00 0.00
4.38 3.80 0.58 0.44 0.00 0.00 0.00 0.00 0.00 0.00 0.00 0.00 0.00 0.00 0.00 0.00 0.00 0.00 0.00 0.00 0.00 0.00 0.00 0.00 0.00 0.00 0.00 0.00 0.00 0.00 0.00 0.00 0.00 0.00 0.00 0.00 0.00 0.00 0.00 0.00 0.00 0.00 0.00 0.00 0.00 0.00 0.00 0.00 0.00 0.00 0.00 0.00 0.00 0.00 0.00 0.00 0.00 0.00 0.00 0.00 0.00 0.00 0.00 0.00 0.00 0.00 0.00 0.00 0.80 0.44 3.80 13.13 13.22 5.71 2.36 2.28 0.00 0.00 0.00 0.00 0.00 0.00 0.00 0.00
4.38 1.61 1.10 1.24 0.44 0.00 0.00 0.00 0.00 0.00 0.00 0.00 0.00 0.00 0.00 0.00 0.00 0.00 0.00 0.00 0.00 0.00 0.00 0.00 0.00 0.00 0.00 0.00 0.00 0.00 0.00 0.00 0.00 0.00 0.00 0.00 0.00 0.00 0.00 0.00 0.00 0.00 0.00 0.00 0.00 0.00 0.00 0.00 0.00 0.00 0.00 0.00 0.00 0.00 0.00 0.00 0.00 0.00 0.00 0.00 0.00 0.00 0.00 0.00 0.00 0.00 0.00 0.00 0.00 0.29 3.58 7.45 10.87 6.64 2.54 0.00 0.00 0.00 0.00 0.00 0.00 0.00 0.00 0.00
2.19 1.10 0.58 0.00 0.00 0.00 0.00 0.00 0.00 0.00 0.00 0.00 0.00 0.00 0.00 0.00 0.00 0.00 0.00 0.00 0.00 0.00 0.00 0.00 0.00 0.00 0.00 0.00 0.00 0.00 0.00 0.00 0.00 0.00 0.00 0.00 0.00 0.00 0.00 0.00 0.00 0.00 0.00 0.00 0.00 0.00 0.00 0.00 0.00 0.00 0.00 0.00 0.00 0.00 0.00 0.00 0.00 0.00 0.00 0.00 0.00 0.00 0.00 0.00 0.00 0.00 0.00 0.00 0.00 0.00 0.37 3.45 2.01 0.00 0.00 0.00 0.00 0.00 0.00 0.00 0.00 0.00 0.00 0.00
2.19 1.10 0.58 0.00 0.00 0.00 0.00 0.00 0.00 0.00 0.00 0.00 0.00 0.00 0.00 0.00 0.00 0.00 0.00 0.00 0.00 0.00 0.00 0.00 0.00 0.00 0.00 0.00 0.00 0.00 0.00 0.00 0.00 0.00 0.00 0.00 0.00 0.00 0.00 0.00 0.00 0.00 0.00 0.00 0.00 0.00 0.00 0.00 0.00 0.00 0.00 0.00 0.00 0.00 0.00 0.00 0.00 0.00 0.00 0.00 0.00 0.00 0.00 0.00 0.00 0.00 0.00 0.00 0.00 0.00 0.37 3.43 1.98 0.00 0.00 0.00 0.00 0.00 0.00 0.00 0.00 0.00 0.00 0.00
0.00 1.10 0.44 0.00 0.00 0.00 0.00 0.00 0.00 0.00 0.00 0.00 0.00 0.00 0.00 0.00 0.00 0.00 0.00 0.00 0.00 0.00 0.00 0.00 0.00 0.00 0.00 0.00 0.00 0.00 0.00 0.00 0.00 0.00 0.00 0.00 0.00 0.00 0.00 0.00 0.00 0.00 0.00 0.00 0.00 0.00 0.00 0.00 0.00 0.00 0.00 0.00 0.00 0.00 0.00 0.00 0.00 0.00 0.00 0.00 0.00 0.00 0.00 0.00 0.00 0.00 0.00 0.00 0.00 0.00 0.00 0.00 0.00 0.00 0.00 0.00 0.00 0.00 0.00 0.00 0.00 0.00 0.00 0.00
