Wansh/Snow_depth/snowdepth-1995/spring/1995094.txt
ncols 321
nrows 161
xllcenter 60
yllcenter 15 
cellsize  0.25 
NODATA_value -1
[rows 0 to 36 of 161, columns 84 to 167 of 321]
18.18 18.61 18.69 20.29 19.78 10.15 7.96 8.25 9.78 13.29 17.37 16.72 17.81 12.70 10.59 10.80 14.16 12.92 12.92 11.24 17.01 15.99 13.72 13.94 13.87 11.39 0.00 0.00 0.00 0.00 0.00 0.00 0.00 0.00 0.00 0.00 0.00 0.00 0.00 0.00 0.00 0.00 4.67 4.67 4.16 0.00 0.00 0.00 0.00 0.00 0.00 0.00 0.00 0.00 0.00 0.00 0.00 0.00 0.00 0.00 0.00 0.00 0.00 0.00 0.00 0.00 0.00 0.00 0.00 0.00 0.00 0.00 0.00 0.00 0.00 0.00 0.00 0.00 0.00 0.00 0.00 0.00 0.00 0.00
15.99 17.23 16.06 13.58 14.53 10.66 12.41 11.39 12.41 12.05 15.55 16.13 15.84 12.92 8.61 0.00 0.00 6.28 6.28 4.60 4.67 9.86 12.26 9.56 12.48 13.36 0.00 0.00 0.00 0.00 0.00 0.00 0.00 0.00 0.00 0.00 0.00 0.00 0.00 0.00 0.00 2.92 2.48 2.48 1.39 0.80 0.00 0.00 0.00 0.00 0.00 0.00 0.00 3.07 3.07 3.94 0.00 1.97 5.40 2.19 1.53 1.83 1.90 1.39 4.02 0.00 4.02 5.33 5.33 5.11 5.33 1.97 2.70 0.00 0.00 0.00 0.00 0.00 0.00 0.00 0.00 0.00 0.00 0.00
18.40 18.40 17.96 14.82 14.09 15.62 15.11 14.60 16.43 16.06 15.62 17.23 0.00 0.00 0.00 0.00 0.00 0.00 0.00 0.00 0.00 0.00 8.54 10.37 8.91 0.00 0.00 0.00 0.00 0.00 0.00 0.00 0.00 0.00 0.00 0.00 0.00 0.00 0.00 0.00 0.00 0.00 0.00 0.00 0.00 0.00 0.00 0.00 0.00 0.00 0.00 0.00 0.00 0.00 4.09 3.80 6.28 7.01 7.08 7.59 8.25 8.10 8.32 6.50 7.23 5.18 5.55 5.91 5.91 6.86 6.79 5.40 3.94 0.00 0.00 0.00 0.00 0.00 0.00 0.00 0.00 0.00 0.00 0.00
18.40 18.40 17.96 14.82 14.09 15.62 15.11 14.60 16.43 16.06 15.62 17.23 0.00 0.00 0.00 0.00 0.00 0.00 0.00 0.00 0.00 0.00 8.54 10.37 8.91 0.00 0.00 0.00 0.00 0.00 0.00 0.00 0.00 0.00 0.00 0.00 0.00 0.00 0.00 0.00 0.00 0.00 0.00 0.00 0.00 0.00 0.00 0.00 0.00 0.00 0.00 0.00 0.00 0.00 4.09 3.80 6.28 7.01 7.08 7.59 8.25 8.10 8.32 6.50 7.23 5.18 5.55 5.91 5.91 6.86 6.79 5.40 3.94 0.00 0.00 0.00 0.00 0.00 0.00 0.00 0.00 0.00 0.00 0.00
20.15 15.77 14.89 15.26 18.25 14.16 15.77 15.91 16.06 17.81 16.21 15.55 0.00 0.00 0.00 0.00 0.00 0.00 0.00 0.00 0.00 0.00 0.00 0.00 0.00 0.00 0.00 0.00 0.00 0.00 0.00 0.00 0.00 0.00 3.07 0.00 0.00 0.00 0.00 0.00 0.00 0.00 0.00 0.00 0.00 0.00 0.00 2.56 1.75 0.00 0.00 0.00 0.00 0.00 0.00 0.00 2.99 2.92 5.33 8.25 7.88 10.29 11.90 11.90 10.95 9.49 7.81 8.03 8.03 6.72 7.15 5.33 6.94 5.04 4.60 0.00 0.00 0.00 0.00 0.00 0.00 0.00 0.00 0.00
21.61 16.50 9.93 9.27 9.86 9.86 0.00 0.00 0.00 0.00 8.91 0.00 0.00 0.00 0.00 0.00 0.00 0.00 0.00 0.00 0.00 0.00 0.00 0.00 0.00 0.00 0.00 0.00 0.00 0.00 0.00 0.00 0.00 0.00 0.00 3.72 0.00 0.00 0.00 0.00 0.00 0.00 0.00 0.00 0.00 0.00 0.00 0.00 0.00 1.46 0.00 0.00 0.00 0.00 0.00 0.00 2.85 4.16 3.80 6.94 9.93 9.13 13.21 14.02 14.02 13.14 11.97 7.81 7.81 8.47 6.94 7.52 7.30 6.86 9.71 6.20 0.00 0.00 0.00 0.00 0.00 0.00 0.00 7.37
9.34 10.00 8.47 5.11 2.48 2.56 2.63 3.29 0.00 0.00 0.00 0.00 0.00 0.00 0.00 0.00 0.00 0.00 0.00 0.00 0.00 0.00 0.00 0.00 0.00 0.00 0.00 0.00 0.00 0.00 0.00 0.00 0.00 0.00 0.00 0.00 0.00 0.00 0.00 0.00 0.00 0.00 0.00 0.00 0.00 0.00 0.00 0.00 0.00 0.00 0.00 0.00 0.00 0.00 0.00 2.19 3.21 3.07 5.11 7.23 7.01 9.93 13.51 13.21 15.33 14.60 14.97 12.19 12.19 8.76 10.88 11.17 10.51 11.24 10.37 11.24 6.50 7.66 5.33 0.00 0.00 0.00 12.12 8.03
9.34 10.00 8.47 5.11 2.48 2.56 2.63 3.29 0.00 0.00 0.00 0.00 0.00 0.00 0.00 0.00 0.00 0.00 0.00 0.00 0.00 0.00 0.00 0.00 0.00 0.00 0.00 0.00 0.00 0.00 0.00 0.00 0.00 0.00 0.00 0.00 0.00 0.00 0.00 0.00 0.00 0.00 0.00 0.00 0.00 0.00 0.00 0.00 0.00 0.00 0.00 0.00 0.00 0.00 0.00 2.19 3.21 3.07 5.11 7.23 7.01 9.93 13.51 13.21 15.33 14.60 14.97 12.19 12.19 8.76 10.88 11.17 10.51 11.24 10.37 11.24 6.50 7.66 5.33 0.00 0.00 0.00 12.12 8.03
5.40 0.00 0.00 0.00 1.46 1.17 0.00 0.00 0.00 0.00 0.00 0.00 0.00 0.00 0.00 0.00 0.00 0.00 0.00 0.00 0.00 0.00 0.00 0.00 0.00 0.00 0.00 0.00 0.00 0.00 0.00 0.00 0.00 0.00 0.00 0.00 0.00 0.00 0.00 0.00 0.00 0.00 0.00 0.00 0.00 0.00 0.00 0.00 0.00 0.00 0.00 3.36 3.36 2.34 2.63 2.70 3.21 4.60 4.09 6.06 8.69 7.74 10.80 8.54 10.88 11.17 11.32 11.24 11.24 10.59 10.37 11.24 11.46 12.19 12.41 11.61 11.83 11.46 8.76 8.69 0.00 8.91 9.49 6.13
0.00 0.00 0.00 0.00 0.00 0.00 0.00 0.00 0.00 0.00 0.00 0.00 0.00 0.00 0.00 0.00 0.00 0.00 0.00 0.00 0.00 0.00 0.00 0.00 0.00 0.00 0.00 0.00 0.00 0.00 0.00 0.00 0.00 0.00 0.00 0.00 0.00 0.00 0.00 0.00 0.00 0.00 0.00 0.00 0.00 0.00 0.00 2.26 0.00 3.14 6.13 5.33 9.05 5.55 6.57 4.23 4.02 4.02 3.58 3.07 2.56 3.65 7.74 9.78 9.20 10.37 8.18 9.93 9.93 9.34 8.98 9.93 13.21 14.60 13.94 11.68 12.99 14.24 15.91 8.40 12.26 8.98 7.96 5.84
0.00 0.00 0.00 0.00 0.00 0.00 0.00 0.00 0.00 0.00 0.00 0.00 0.00 0.00 0.00 0.00 0.00 0.00 0.00 0.00 0.00 0.00 0.00 0.00 0.00 0.00 0.00 0.00 0.00 0.00 0.00 0.00 2.19 0.00 0.00 2.26 3.36 3.87 0.00 0.00 2.70 3.80 4.31 4.31 4.67 3.21 3.50 0.00 2.92 3.14 5.04 8.83 8.25 6.42 4.67 4.53 5.55 5.84 10.00 5.11 3.14 4.53 5.48 5.18 6.94 7.45 7.37 8.03 8.03 12.26 14.45 13.07 12.70 14.38 19.27 14.24 17.45 15.70 15.70 18.83 15.26 15.04 6.94 7.96
0.00 0.00 0.00 0.00 0.00 0.00 0.00 0.00 0.00 0.00 0.00 0.00 0.00 0.00 0.00 0.00 0.00 0.00 0.00 0.00 0.00 0.00 0.00 0.00 0.00 0.00 0.00 0.00 0.00 0.00 0.00 0.00 2.19 0.00 0.00 2.26 3.36 3.87 0.00 0.00 2.70 3.80 4.31 4.31 4.67 3.21 3.50 0.00 2.92 3.14 5.04 8.83 8.25 6.42 4.67 4.53 5.55 5.84 10.00 5.11 3.14 4.53 5.48 5.18 6.94 7.45 7.37 8.03 8.03 12.26 14.45 13.07 12.70 14.38 19.27 14.24 17.45 15.70 15.70 18.83 15.26 15.04 6.94 7.96
0.00 0.00 0.00 0.00 0.00 0.00 0.00 0.00 0.00 0.00 0.00 0.00 0.00 0.00 0.00 2.04 0.00 3.43 3.43 2.77 0.00 0.00 0.00 0.00 0.00 0.00 0.00 0.00 0.00 0.00 2.70 4.53 4.02 8.54 4.67 4.67 5.99 5.77 7.74 6.94 4.67 5.77 5.18 5.18 5.62 3.94 0.00 2.85 2.77 4.16 5.84 5.40 4.67 0.00 1.46 2.19 6.94 6.94 10.80 9.64 7.01 7.45 6.13 9.20 8.54 8.76 8.40 11.32 11.32 14.09 17.67 16.72 18.03 18.69 21.90 21.10 21.97 19.20 23.21 21.83 18.76 18.25 10.59 8.18
0.00 0.00 0.00 0.00 0.00 0.00 0.00 0.00 0.00 0.00 3.87 0.00 1.46 0.00 6.35 6.79 3.72 6.72 6.72 6.64 6.86 0.00 4.16 0.00 0.00 0.73 2.41 1.02 6.13 11.10 10.80 9.71 12.56 12.41 13.43 12.78 10.07 10.51 7.81 8.47 5.69 3.29 3.50 3.50 1.97 1.97 0.00 2.70 3.07 2.92 4.31 2.56 3.43 0.00 0.00 0.00 1.17 6.86 1.17 3.72 3.07 7.30 10.88 10.44 11.46 9.42 11.39 13.29 13.29 12.48 16.06 18.40 21.02 21.68 19.35 21.46 14.09 20.22 20.73 21.90 11.61 16.79 9.93 8.18
0.00 0.00 0.00 0.00 0.00 0.00 0.00 0.00 0.00 0.00 0.00 8.98 9.20 9.13 9.42 9.13 9.71 8.40 8.40 8.47 7.81 5.04 6.13 9.05 5.55 5.69 6.72 7.30 6.57 12.70 16.86 15.77 18.69 15.11 15.48 12.92 7.37 8.18 4.31 4.45 4.45 2.70 1.97 1.97 1.90 2.41 2.56 1.75 1.97 2.12 2.77 2.92 0.37 0.00 0.00 0.00 0.00 0.00 0.00 0.00 4.16 2.48 6.35 4.67 9.86 11.61 11.24 11.83 11.83 11.97 18.10 17.96 16.57 16.79 14.67 11.75 17.08 9.20 5.11 8.03 7.66 10.95 11.75 13.80
0.00 0.00 0.00 0.00 0.00 0.22 0.00 0.00 0.00 7.59 9.49 9.13 11.32 9.64 10.29 9.64 9.42 10.15 10.15 8.98 7.15 6.64 7.81 9.71 10.22 9.27 9.56 9.05 10.66 10.59 16.79 17.96 17.74 16.13 13.36 12.70 5.62 3.21 3.21 4.82 6.28 6.28 2.99 2.99 4.02 3.80 4.82 3.87 3.58 4.02 3.80 2.70 3.29 1.90 1.02 1.39 0.66 0.00 1.24 1.53 0.44 1.53 2.48 4.67 6.42 5.69 10.29 12.85 12.85 16.28 18.18 17.37 14.02 12.48 12.63 16.43 16.86 11.68 0.00 2.63 9.20 7.81 9.78 11.02
0.00 0.00 0.00 0.00 0.00 0.22 0.00 0.00 0.00 7.59 9.49 9.13 11.32 9.64 10.29 9.64 9.42 10.15 10.15 8.98 7.15 6.64 7.81 9.71 10.22 9.27 9.56 9.05 10.66 10.59 16.79 17.96 17.74 16.13 13.36 12.70 5.62 3.21 3.21 4.82 6.28 6.28 2.99 2.99 4.02 3.80 4.82 3.87 3.58 4.02 3.80 2.70 3.29 1.90 1.02 1.39 0.66 0.00 1.24 1.53 0.44 1.53 2.48 4.67 6.42 5.69 10.29 12.85 12.85 16.28 18.18 17.37 14.02 12.48 12.63 16.43 16.86 11.68 0.00 2.63 9.20 7.81 9.78 11.02
0.00 0.00 0.00 0.00 0.00 0.00 0.00 0.00 0.00 7.08 8.76 11.46 11.02 12.05 11.46 12.34 9.13 9.93 9.93 7.45 8.40 6.79 5.11 8.76 8.40 9.56 8.76 9.27 8.83 10.88 10.66 15.99 17.30 16.86 16.72 11.61 12.63 4.53 6.42 5.77 7.81 8.25 9.56 9.56 10.73 17.81 23.00 22.78 21.02 14.09 12.05 11.90 12.26 12.26 12.63 11.53 4.53 2.92 3.07 3.50 4.16 12.41 9.93 9.27 6.86 9.64 10.07 13.94 13.94 18.83 19.20 20.15 16.57 12.56 10.95 11.97 10.15 12.12 3.80 1.39 2.19 4.53 5.48 8.25
0.00 0.00 0.00 0.00 0.00 0.00 0.00 0.00 0.00 0.00 8.10 11.68 14.67 14.16 13.14 9.13 9.64 9.34 9.34 9.20 7.45 7.74 6.35 5.48 9.20 8.61 11.75 11.39 9.42 10.73 13.29 12.78 18.25 18.61 19.05 15.48 10.59 7.30 7.66 6.20 6.57 11.02 13.36 13.36 20.81 19.13 27.23 28.11 20.95 23.29 15.26 15.33 15.70 14.60 12.78 9.71 10.88 7.59 13.72 11.10 14.38 14.31 14.31 17.30 12.26 11.17 11.39 19.42 19.42 18.25 19.93 16.72 16.64 7.30 10.15 10.59 3.94 3.21 1.46 1.68 0.00 1.90 1.90 3.80
0.00 0.00 0.00 0.00 0.00 3.29 2.26 0.00 6.50 9.64 8.54 15.48 15.62 16.72 10.80 11.02 11.53 9.05 9.05 9.05 10.29 7.15 7.59 7.37 10.66 12.56 12.34 12.70 10.66 11.68 10.44 12.85 11.02 13.94 14.67 11.24 12.19 6.57 4.74 4.67 4.74 9.05 15.84 15.84 14.67 20.59 26.72 31.68 32.85 33.22 29.57 30.37 27.52 23.36 23.36 21.17 21.97 18.40 19.20 15.55 15.99 18.25 19.27 17.52 17.23 17.23 16.43 18.03 18.03 17.81 12.05 6.72 6.20 1.10 2.85 2.48 3.36 0.73 0.88 2.19 0.00 0.80 1.90 3.58
0.00 0.00 0.00 0.00 0.00 0.00 1.68 1.31 4.60 11.39 17.89 16.79 17.89 19.86 18.10 13.65 13.87 15.77 15.77 12.05 11.97 14.89 10.44 13.21 13.80 18.76 14.53 14.75 12.12 9.78 7.59 7.59 11.61 13.36 12.78 6.94 1.10 4.23 0.00 4.82 3.80 7.52 12.85 12.85 16.35 15.62 21.17 27.89 25.92 31.32 30.73 30.51 30.73 28.47 24.31 23.36 22.05 18.61 19.78 16.50 15.62 14.16 14.38 15.84 15.99 15.04 17.74 17.16 17.16 10.37 3.94 0.00 0.66 0.29 0.22 0.00 0.00 0.00 0.15 1.68 0.00 1.39 2.26 2.19
0.00 0.00 0.00 0.00 0.00 0.00 0.00 9.34 9.93 9.78 13.80 12.48 11.24 18.91 15.77 16.79 17.74 17.45 17.45 16.13 17.08 17.16 17.67 17.45 20.37 20.44 21.68 16.64 17.08 13.29 9.42 6.72 7.52 10.44 6.13 7.45 1.17 0.15 0.00 0.00 4.96 3.72 7.81 7.81 8.98 12.34 11.53 15.11 21.53 8.32 23.00 24.60 15.48 18.54 17.67 21.53 21.10 17.23 7.37 9.27 8.18 11.39 13.21 12.70 14.09 15.33 13.72 13.07 13.07 12.12 0.00 8.47 5.18 0.44 3.43 0.37 0.44 0.58 0.95 0.00 0.00 0.00 0.00 0.00
0.00 0.00 0.00 0.00 0.00 0.00 0.00 9.34 9.93 9.78 13.80 12.48 11.24 18.91 15.77 16.79 17.74 17.45 17.45 16.13 17.08 17.16 17.67 17.45 20.37 20.44 21.68 16.64 17.08 13.29 9.42 6.72 7.52 10.44 6.13 7.45 1.17 0.15 0.00 0.00 4.96 3.72 7.81 7.81 8.98 12.34 11.53 15.11 21.53 8.32 23.00 24.60 15.48 18.54 17.67 21.53 21.10 17.23 7.37 9.27 8.18 11.39 13.21 12.70 14.09 15.33 13.72 13.07 13.07 12.12 0.00 8.47 5.18 0.44 3.43 0.37 0.44 0.58 0.95 0.00 0.00 0.00 0.00 0.00
0.00 0.00 0.00 0.00 0.00 0.00 6.86 12.48 10.88 5.48 5.84 6.50 4.89 12.34 12.48 13.51 16.50 16.50 16.50 16.79 16.28 17.59 17.30 21.39 21.32 21.61 22.12 19.35 16.13 16.94 11.75 6.28 4.89 5.04 4.38 1.53 2.12 0.07 0.88 2.12 1.53 1.97 0.22 0.22 0.00 0.00 0.00 0.00 0.00 0.00 4.96 7.74 6.50 10.73 13.94 4.02 5.11 2.70 5.91 5.26 10.22 8.03 12.34 12.48 14.60 14.53 13.58 12.85 12.85 13.58 14.60 6.13 9.13 6.28 7.30 2.26 1.46 1.24 0.22 0.00 0.00 0.00 0.00 0.00
0.51 0.00 0.00 0.00 0.00 7.66 10.95 11.39 2.92 0.00 0.00 3.50 0.00 6.64 13.21 12.99 15.18 18.40 18.40 22.34 22.34 21.24 24.45 21.68 22.08 22.83 19.98 20.29 20.00 19.64 9.05 9.71 5.91 2.85 4.09 1.90 1.39 1.61 0.07 0.51 0.95 0.95 0.58 0.58 0.00 0.00 0.00 0.00 0.00 0.00 0.00 0.00 0.00 0.00 0.00 0.00 0.29 0.51 0.00 4.16 6.42 5.84 7.96 9.64 13.65 11.46 10.95 10.51 10.51 10.95 15.33 13.94 12.48 7.88 3.72 1.61 1.61 0.95 2.70 0.00 0.00 2.77 0.00 0.00
1.97 2.70 0.00 0.00 0.00 0.00 0.00 0.00 0.00 0.00 0.00 0.00 2.56 1.83 2.26 12.70 10.73 19.86 19.86 23.80 23.58 21.61 26.28 22.17 24.53 20.56 23.19 23.33 22.56 22.41 17.81 15.33 9.71 6.06 2.70 1.97 2.56 2.85 1.83 1.75 2.19 0.66 0.00 0.00 0.22 0.00 0.00 0.00 0.00 0.00 0.00 0.00 0.00 0.00 0.00 0.00 0.00 0.00 0.00 0.00 6.06 11.02 8.03 9.86 10.00 10.07 8.98 12.41 12.41 13.80 14.53 12.85 10.37 9.78 5.18 3.07 7.37 4.60 2.63 3.87 1.83 0.00 0.00 0.00
0.00 0.00 0.00 0.00 0.00 0.00 0.00 0.00 0.00 0.00 0.00 0.00 0.00 0.00 0.00 6.64 5.91 4.31 4.31 15.91 12.48 4.45 5.87 16.11 18.00 17.63 18.15 24.92 23.71 20.86 21.39 19.71 19.56 13.07 7.96 5.18 4.23 4.53 2.56 1.46 0.00 0.00 0.00 0.00 0.00 0.00 0.00 0.00 0.00 0.00 0.00 0.00 0.00 0.00 0.00 0.00 0.00 0.00 0.00 5.33 13.80 18.91 16.28 19.71 15.62 10.88 16.43 18.54 18.54 16.86 18.91 15.40 12.48 13.94 8.40 11.24 9.56 6.28 5.84 4.82 2.92 0.00 2.48 3.36
0.00 0.00 0.00 0.00 0.00 0.00 0.00 0.00 0.00 0.00 0.00 0.00 0.00 0.00 0.00 0.00 0.00 0.00 0.00 0.00 0.00 0.00 0.00 0.00 8.75 9.86 11.82 9.68 22.02 21.02 21.86 21.46 21.90 20.29 19.71 19.71 16.64 9.05 4.89 1.90 0.73 0.07 0.29 0.29 0.00 0.00 0.00 0.00 0.00 0.00 0.00 0.00 0.00 0.00 0.00 0.00 0.00 0.00 0.00 2.19 8.69 13.94 21.17 21.83 22.63 21.46 24.09 23.21 23.21 21.97 18.69 15.99 13.29 11.68 11.61 11.53 10.51 10.88 5.33 5.48 8.98 5.77 3.94 3.58
0.00 0.00 0.00 0.00 0.00 0.00 0.00 0.00 0.00 0.00 0.00 0.00 0.00 0.00 0.00 0.00 0.00 0.00 0.00 0.00 0.00 0.00 0.00 0.00 8.61 9.86 11.46 9.00 20.57 21.34 22.09 22.36 24.61 21.48 20.22 19.71 16.64 9.05 4.89 1.90 0.73 0.07 0.29 0.29 0.00 0.00 0.00 0.00 0.00 0.00 0.00 0.00 0.00 0.00 0.00 0.00 0.00 0.00 0.00 2.19 8.69 13.94 21.17 21.83 22.63 21.46 24.09 23.21 23.21 21.97 18.69 15.99 13.29 11.68 11.61 11.53 10.51 10.88 5.33 5.48 8.98 5.77 3.94 3.58
0.00 0.00 0.00 0.00 0.00 0.00 0.00 0.00 0.00 0.00 0.00 0.00 0.00 0.00 0.00 0.00 0.00 0.00 0.00 0.00 0.00 0.00 0.00 0.00 0.00 1.55 3.32 3.89 2.85 2.57 17.92 19.67 22.32 22.97 23.10 21.41 22.12 17.89 9.20 6.13 6.42 4.02 1.17 1.17 0.07 0.00 0.00 0.00 0.00 0.00 0.00 0.00 0.00 0.00 0.00 0.00 0.00 0.00 0.00 0.00 5.99 6.79 17.59 14.75 24.24 22.63 21.90 22.63 22.63 20.37 18.54 14.24 11.10 12.41 13.65 12.12 10.51 10.80 8.25 6.50 6.79 5.48 4.38 0.00
0.00 1.39 2.48 2.92 1.02 1.68 0.00 1.24 0.00 0.00 0.00 0.00 0.00 0.00 0.00 0.00 3.80 0.00 0.00 0.00 0.00 0.00 0.00 0.00 0.00 0.00 0.00 0.00 0.00 0.00 0.00 0.00 13.58 13.31 21.61 23.83 20.60 14.09 15.84 10.07 7.23 2.41 3.29 3.29 0.44 0.00 0.00 0.00 0.00 0.00 0.00 0.00 0.00 0.00 0.00 0.00 0.00 0.00 0.00 0.00 0.00 0.00 4.23 10.15 22.41 21.75 19.71 20.37 20.37 18.03 11.75 9.71 9.42 12.19 7.81 7.45 7.59 7.23 6.35 4.31 2.85 2.70 1.17 0.00
0.00 0.37 0.00 2.41 3.65 4.38 4.09 4.67 4.96 3.65 3.72 3.21 0.37 0.29 2.63 1.46 7.08 3.87 3.87 0.73 0.66 1.61 0.00 0.07 0.07 0.00 0.00 0.00 0.00 0.00 0.00 0.00 0.00 1.97 5.69 16.33 21.10 21.02 16.50 17.37 14.97 8.69 1.75 1.75 2.70 0.37 0.44 0.00 0.00 0.00 0.00 0.00 0.00 0.00 0.00 0.00 0.00 0.00 0.00 0.00 0.00 0.00 0.00 1.10 14.60 15.11 16.21 9.34 9.34 7.66 5.33 5.48 0.51 3.21 2.48 5.33 6.86 5.26 7.37 9.86 9.49 8.32 5.26 1.83
0.00 0.00 0.00 0.00 0.00 1.90 0.00 4.45 1.90 3.80 1.61 1.53 1.97 1.68 7.52 7.66 8.18 2.56 2.56 2.12 2.04 1.83 1.02 0.44 0.00 0.00 0.00 0.00 0.00 0.00 0.00 0.00 0.00 0.00 1.10 3.07 10.38 9.08 16.46 20.28 16.86 12.85 13.72 13.72 7.30 1.68 1.10 1.61 0.00 0.00 0.00 0.00 0.00 0.00 0.00 0.00 0.00 0.00 1.75 0.00 0.00 0.00 0.00 0.00 9.34 9.56 4.53 4.23 4.23 4.31 1.75 0.00 0.00 0.00 2.56 3.72 2.70 5.62 6.13 8.18 9.93 10.29 7.59 3.94
0.00 0.00 0.00 0.00 0.00 0.00 0.00 0.00 0.00 0.00 0.00 0.00 4.23 2.70 7.81 4.96 0.66 1.17 1.17 0.00 0.66 0.00 0.00 0.00 0.00 0.00 0.00 0.00 0.00 0.00 0.00 0.00 0.00 0.00 0.00 0.00 3.94 9.20 16.68 15.42 16.14 14.45 11.32 11.32 12.34 8.03 4.60 2.04 5.11 3.65 1.46 1.31 0.00 0.00 0.00 0.00 0.00 0.00 3.36 2.85 0.80 0.95 0.00 0.37 0.00 0.00 0.00 1.17 1.17 1.17 0.15 0.00 0.00 0.00 0.00 1.02 2.19 3.58 4.82 4.31 7.59 2.12 2.77 2.56
0.00 0.00 0.00 0.00 0.00 0.00 0.00 0.00 0.00 0.00 0.00 0.00 2.19 5.48 6.72 0.22 0.00 0.00 0.00 0.00 0.00 0.00 0.00 0.00 0.00 0.00 0.00 0.00 0.00 0.00 0.00 0.00 0.00 0.00 0.00 0.00 0.00 0.00 5.55 10.15 9.59 10.37 12.92 12.92 6.35 7.15 7.81 7.81 8.98 5.91 3.07 2.56 0.73 0.00 0.00 0.00 0.00 0.00 0.00 0.00 1.61 2.41 0.00 0.29 0.00 0.00 0.00 0.00 0.00 0.00 0.00 0.00 0.00 0.00 0.00 0.00 0.44 0.88 1.02 0.00 0.73 1.61 2.99 0.22
0.00 0.00 0.00 0.00 0.00 0.00 0.00 0.00 0.00 0.00 0.00 0.00 2.19 5.48 6.72 0.22 0.00 0.00 0.00 0.00 0.00 0.00 0.00 0.00 0.00 0.00 0.00 0.00 0.00 0.00 0.00 0.00 0.00 0.00 0.00 0.00 0.00 0.00 5.60 10.15 9.49 10.37 12.92 12.92 6.35 7.15 7.81 7.81 8.98 5.91 3.07 2.56 0.73 0.00 0.00 0.00 0.00 0.00 0.00 0.00 1.61 2.41 0.00 0.29 0.00 0.00 0.00 0.00 0.00 0.00 0.00 0.00 0.00 0.00 0.00 0.00 0.44 0.88 1.02 0.00 0.73 1.61 2.99 0.22
0.00 0.00 0.00 0.00 0.00 0.00 0.00 0.00 0.00 0.66 0.00 0.00 0.22 1.90 0.00 0.00 0.00 0.00 0.00 0.00 0.00 0.00 0.00 0.00 0.00 0.00 0.00 0.00 0.00 0.00 0.00 0.00 0.00 0.00 0.00 0.00 0.00 0.00 0.00 0.07 0.80 0.00 0.00 0.00 0.00 0.00 5.69 8.10 6.57 10.44 10.29 7.30 3.36 2.85 0.00 0.00 0.00 0.00 0.00 0.00 1.17 2.41 3.36 1.90 0.00 0.00 0.00 0.00 0.00 0.00 0.00 0.00 0.00 0.00 0.00 0.00 0.15 0.00 0.00 0.00 0.00 0.00 0.44 0.00
