Wansh/Snow_depth/snowdepth-1995/spring/1995072.txt
ncols 321
nrows 161
xllcenter 60
yllcenter 15 
cellsize  0.25 
NODATA_value -1
[rows 0 to 36 of 161, columns 168 to 251 of 321]
17.23 12.41 9.13 9.42 9.71 10.07 8.98 9.20 8.69 8.69 8.40 9.13 9.49 9.56 10.15 9.49 9.49 9.49 11.24 13.14 12.56 13.29 10.37 8.76 9.05 9.05 8.69 6.13 6.57 0.00 0.00 2.19 10.15 15.62 14.75 14.75 16.21 16.28 16.28 16.28 16.28 15.26 15.48 14.75 17.96 18.32 19.71 19.42 18.91 17.59 16.28 14.31 14.60 15.11 14.09 14.16 13.58 21.24 19.56 19.05 19.05 21.10 20.66 20.66 23.00 24.60 24.24 23.00 19.20 19.71 17.23 16.28 16.28 15.91 15.40 16.64 18.69 18.18 20.37 21.32 21.24 19.56 20.22 20.95
21.32 17.01 18.32 12.05 10.73 10.80 10.37 8.76 9.13 9.13 9.93 10.15 9.93 8.10 9.71 8.40 8.25 8.76 12.19 13.51 12.05 12.56 10.44 9.49 9.13 10.37 7.74 2.92 3.43 0.00 0.00 0.00 9.34 13.65 12.70 12.70 12.70 12.78 16.64 16.28 21.46 21.97 20.22 19.71 20.00 19.42 17.45 16.79 16.72 16.64 17.08 17.37 17.45 17.37 18.61 20.66 22.48 22.05 22.19 21.75 21.75 22.27 21.53 21.90 21.83 22.78 20.29 20.22 18.61 16.94 17.08 16.64 16.13 16.28 16.43 18.32 17.89 19.56 18.91 17.96 17.96 18.69 14.38 13.43
23.36 21.17 21.32 18.32 14.82 15.48 12.92 10.22 9.64 9.64 10.44 9.93 8.18 8.10 7.59 9.49 12.12 14.24 14.09 13.87 12.78 11.75 10.15 10.44 9.20 10.15 11.39 0.00 0.00 0.00 0.00 7.52 6.72 11.75 12.05 12.05 13.21 18.98 17.30 17.01 18.83 22.70 21.39 18.76 17.59 16.28 16.43 15.91 16.94 17.59 17.30 17.52 20.22 21.39 21.10 21.75 22.19 21.46 21.46 21.46 21.46 21.83 21.75 20.81 18.10 18.10 18.98 17.81 17.67 16.79 16.57 16.28 16.86 16.64 16.79 15.33 14.53 17.30 16.35 16.50 15.62 14.97 14.45 13.43
23.36 21.17 21.32 18.32 14.82 15.48 12.92 10.22 9.64 9.64 10.44 9.93 8.18 8.10 7.59 9.49 12.12 14.24 14.09 13.87 12.78 11.75 10.15 10.44 9.20 10.15 11.39 0.00 0.00 0.00 0.00 7.52 6.72 11.75 12.05 12.05 13.21 18.98 17.30 17.01 18.83 22.70 21.39 18.76 17.59 16.28 16.43 15.91 16.94 17.59 17.30 17.52 20.22 21.39 21.10 21.75 22.19 21.46 21.46 21.46 21.46 21.83 21.75 20.81 18.10 18.10 18.98 17.81 17.67 16.79 16.57 16.28 16.86 16.64 16.79 15.33 14.53 17.30 16.35 16.50 15.62 14.97 14.45 13.43
24.38 23.14 20.88 22.48 18.40 19.13 17.59 14.82 10.37 10.37 13.07 9.27 8.03 11.61 11.39 12.34 14.82 16.13 14.31 12.12 12.78 11.24 8.91 6.20 11.68 0.00 9.20 0.00 0.00 0.00 2.77 8.40 6.86 10.44 10.00 10.00 14.38 18.25 19.64 18.40 17.96 17.96 17.81 17.89 17.01 17.23 16.43 16.57 17.37 18.83 20.73 20.95 20.73 23.43 22.56 21.53 21.90 19.78 20.59 20.95 20.95 20.22 18.61 18.83 18.10 17.23 17.59 15.99 15.26 15.18 13.87 15.91 15.91 14.24 14.16 14.53 13.94 14.38 14.24 15.40 15.11 15.26 15.18 15.11
24.53 27.08 27.08 27.30 27.96 23.29 18.54 20.51 13.43 13.43 17.01 9.71 13.58 14.24 14.60 15.77 15.91 15.77 12.63 11.10 8.83 5.77 6.79 0.00 6.28 0.00 0.00 0.00 1.75 0.95 4.82 9.13 10.44 12.70 12.56 12.56 14.60 19.42 17.96 16.72 16.50 16.43 17.16 17.74 17.52 17.59 18.54 20.15 21.10 20.73 21.39 24.75 23.94 24.31 22.05 18.61 18.54 18.83 16.50 17.96 17.96 17.52 18.83 18.10 18.25 16.86 12.19 12.19 14.02 12.63 12.70 12.70 13.65 14.02 12.26 11.75 13.43 13.36 14.24 13.43 14.09 15.33 15.18 15.77
22.85 27.59 27.81 28.84 29.05 25.48 24.45 19.42 22.78 22.78 18.40 12.41 16.21 19.20 17.52 16.64 15.26 11.61 9.64 10.00 6.86 0.22 0.00 0.00 0.00 0.00 0.00 0.00 6.79 10.29 12.05 11.68 12.70 17.96 20.81 20.81 20.81 20.66 18.10 16.13 16.21 15.91 17.16 18.61 21.90 21.53 21.32 20.73 24.24 25.84 24.45 24.82 20.51 17.96 18.61 18.40 15.40 15.48 15.62 15.04 15.04 16.79 16.06 18.61 14.45 14.89 11.53 10.95 11.53 11.46 11.97 11.90 11.75 11.68 11.83 10.80 10.44 10.29 12.26 13.84 14.44 17.24 18.33 19.88
22.85 27.59 27.81 28.84 29.05 25.48 24.45 19.42 22.78 22.78 18.40 12.41 16.21 19.20 17.52 16.64 15.26 11.61 9.64 10.00 6.86 0.22 0.00 0.00 0.00 0.00 0.00 0.00 6.79 10.29 12.05 11.68 12.70 17.96 20.81 20.81 20.81 20.66 18.10 16.13 16.21 15.91 17.16 18.61 21.90 21.53 21.32 20.73 24.24 25.84 24.45 24.82 20.51 17.96 18.61 18.40 15.40 15.48 15.62 15.04 15.04 16.79 16.06 18.61 14.45 14.89 11.53 10.95 11.53 11.46 11.97 11.90 11.75 11.68 11.83 12.49 14.40 14.81 16.80 23.52 23.84 22.94 23.58 20.62
16.57 22.34 24.16 27.30 25.92 24.82 21.24 22.48 19.27 19.27 18.98 20.15 18.61 20.44 20.29 19.42 14.02 11.32 7.30 0.00 0.00 0.00 0.00 0.00 0.00 0.22 5.55 4.89 6.86 11.68 13.80 16.35 18.10 17.23 20.88 20.88 21.32 22.34 16.64 13.87 14.38 17.45 16.79 20.29 23.43 23.65 25.33 26.57 26.57 26.43 22.92 19.05 20.08 16.64 14.24 14.53 14.82 14.02 14.89 14.60 14.60 15.11 14.67 14.67 13.80 11.90 12.26 11.02 11.24 11.39 10.95 12.19 11.10 11.66 13.09 15.27 16.16 15.93 14.69 18.37 20.84 17.02 18.02 20.62
12.99 15.77 18.03 22.70 20.51 20.59 20.88 20.22 20.29 20.29 17.96 23.21 19.35 17.81 14.60 15.40 13.72 6.57 0.00 0.00 0.00 0.00 0.00 0.00 4.45 7.30 8.98 12.63 14.09 13.36 15.33 17.01 15.62 18.03 17.37 17.37 19.42 23.36 20.00 17.52 18.25 20.51 21.97 24.31 25.04 24.89 27.16 28.11 23.73 24.09 22.48 18.10 15.11 15.48 14.31 13.21 14.53 13.87 15.33 16.64 16.64 17.23 14.60 14.97 15.62 12.92 12.34 12.19 11.32 11.61 12.19 12.12 12.11 14.81 16.21 15.14 15.23 16.52 19.55 19.19 17.03 16.46 19.32 22.54
16.13 13.51 13.36 17.37 19.78 19.49 20.95 19.13 22.34 22.34 18.69 21.53 17.81 13.65 5.77 0.15 0.00 0.00 0.00 2.26 2.99 3.43 3.58 0.00 0.00 12.56 12.70 13.94 14.82 14.38 14.31 14.24 14.45 15.04 17.01 17.01 16.64 19.64 16.94 20.73 21.02 26.50 25.19 24.16 24.75 22.63 21.61 21.02 21.32 18.91 17.08 17.74 14.45 14.16 13.65 13.65 17.81 21.10 20.51 20.44 20.44 21.10 21.90 17.23 15.04 14.82 13.14 13.14 14.45 14.09 12.34 12.05 12.65 11.86 10.39 14.29 16.38 17.29 15.01 17.24 17.23 17.52 17.22 17.67
16.13 13.51 13.36 17.37 19.78 19.49 20.95 19.13 22.34 22.34 18.69 21.53 17.81 13.65 5.77 0.15 0.00 0.00 0.00 2.26 2.99 3.43 3.58 0.00 0.00 12.56 12.70 13.94 14.82 14.38 14.31 14.24 14.45 15.04 17.01 17.01 16.64 19.64 16.94 20.73 21.02 26.50 25.19 24.16 24.75 22.63 21.61 21.02 21.32 18.91 17.08 17.74 14.45 14.16 13.65 13.65 17.81 21.10 20.51 20.44 20.44 21.10 21.90 17.23 15.04 14.82 13.14 13.14 14.45 14.09 12.34 12.05 12.34 11.68 10.07 13.27 14.60 16.01 16.01 17.89 17.23 17.14 18.91 18.90
18.32 14.89 15.99 16.86 14.02 15.26 13.72 16.43 16.94 16.94 16.86 20.00 3.43 3.87 0.73 0.00 0.00 0.00 7.30 6.06 8.25 10.15 10.07 12.56 12.26 12.41 12.19 14.02 14.60 15.40 14.45 17.52 17.59 17.52 17.59 17.59 17.89 23.21 22.85 24.60 25.70 25.48 25.40 24.16 19.35 16.64 15.99 16.94 15.99 18.25 17.45 15.48 16.06 14.45 15.26 18.18 17.37 22.63 22.78 22.78 22.78 21.83 18.40 18.54 15.99 15.99 18.03 13.80 15.62 15.18 15.18 12.63 12.19 12.56 12.35 13.54 16.21 15.02 16.31 16.56 18.35 18.89 19.54 20.28
19.93 19.13 16.50 18.61 15.33 13.72 13.65 13.14 8.40 8.40 0.00 0.00 0.00 0.00 0.00 0.00 0.00 3.14 8.25 9.34 12.05 11.10 12.26 13.87 14.82 15.70 16.28 16.94 16.86 16.50 18.91 18.32 18.83 17.89 18.83 18.83 18.61 20.59 22.19 23.73 25.04 24.53 22.70 23.21 20.29 16.06 18.61 17.30 17.52 17.45 17.89 17.30 17.89 16.86 16.06 18.47 19.93 19.78 19.20 19.13 19.13 18.69 19.27 21.17 19.42 19.20 20.37 17.52 16.72 15.70 16.43 16.21 12.99 13.78 17.88 17.57 14.80 15.89 17.63 17.06 18.79 17.14 17.50 17.66
23.87 20.08 20.66 21.24 17.23 18.76 13.43 9.05 7.96 7.96 6.06 2.99 9.78 6.86 4.89 5.26 3.50 10.37 10.29 13.07 14.97 15.55 16.28 16.72 16.64 15.70 17.81 17.45 18.61 18.40 18.47 18.83 17.01 17.01 17.74 17.74 19.05 19.93 21.83 21.17 21.68 21.83 21.53 18.91 19.86 19.64 19.64 19.27 18.76 19.13 18.76 18.91 18.83 19.20 19.86 19.49 19.64 20.95 20.66 19.71 19.71 20.81 22.27 22.34 22.48 21.02 21.46 17.52 18.61 16.35 18.69 17.81 20.80 21.14 16.49 17.59 17.07 19.14 17.95 17.41 17.34 16.78 18.07 15.99
24.38 22.48 20.00 20.00 20.15 19.86 18.10 17.89 15.91 15.91 15.62 16.06 15.04 11.24 11.75 14.53 12.78 13.29 16.43 16.94 17.52 17.59 17.16 17.52 17.59 16.21 16.50 15.99 16.64 14.97 16.06 15.99 15.84 16.72 19.20 19.20 18.18 18.61 18.47 18.54 19.56 18.03 17.74 17.81 18.10 14.60 16.06 15.77 17.74 14.16 16.64 16.13 18.25 15.55 18.47 19.42 18.25 21.68 19.20 20.88 20.88 20.37 21.46 22.70 22.70 19.20 15.40 18.25 18.83 22.27 20.51 22.13 18.07 16.84 19.02 16.80 19.15 16.55 17.35 17.88 17.82 18.49 16.36 16.73
24.38 22.48 20.00 20.00 20.15 19.86 18.10 17.89 15.91 15.91 15.62 16.06 15.04 11.24 11.75 14.53 12.78 13.29 16.43 16.94 17.52 17.59 17.16 17.52 17.59 16.21 16.50 15.99 16.64 14.97 16.06 15.99 15.84 16.72 19.20 19.20 18.18 18.61 18.47 18.54 19.56 18.03 17.74 17.81 18.10 14.60 16.06 15.77 17.74 14.16 16.64 16.13 18.25 15.55 18.47 19.42 18.25 21.68 19.20 20.88 20.88 20.37 21.46 22.70 22.70 19.20 15.40 18.25 18.83 22.27 20.51 27.17 16.94 18.30 17.08 20.79 19.43 18.30 17.69 16.12 17.23 15.90 17.80 18.99
16.79 22.48 18.61 20.37 19.27 18.03 18.47 15.55 15.84 15.84 16.06 16.13 14.97 17.45 16.94 17.37 16.13 20.59 18.47 18.76 17.16 18.61 16.35 15.91 15.26 15.33 15.48 14.02 13.80 13.43 15.11 14.60 15.18 15.48 18.83 18.83 17.59 17.67 14.97 14.97 15.99 16.57 16.50 17.37 13.72 11.97 11.75 7.45 11.10 10.44 11.24 7.96 12.78 13.43 10.37 16.21 12.26 20.22 16.06 11.97 11.97 18.98 19.42 12.05 16.13 17.37 12.05 10.22 17.30 19.27 15.05 13.17 19.23 16.90 16.14 18.34 16.47 14.31 15.72 18.36 16.67 17.20 15.23 13.66
16.79 14.31 17.52 17.01 17.52 17.67 14.89 14.75 15.91 15.91 11.53 13.80 16.57 20.44 20.95 21.32 21.75 21.24 20.08 17.45 17.16 18.40 17.37 15.77 14.31 13.07 12.41 13.21 12.56 12.78 13.58 12.92 14.24 13.65 18.10 18.10 18.40 15.70 14.53 14.45 13.58 12.78 12.26 10.15 10.73 9.86 5.48 5.55 5.91 4.74 4.60 6.13 9.05 9.05 9.13 10.66 7.23 3.29 10.22 7.74 7.74 4.60 7.37 8.25 5.77 8.69 8.98 3.94 10.66 9.83 10.03 10.18 8.83 13.59 11.63 12.18 11.52 13.74 12.73 13.54 13.76 13.36 11.99 12.44
12.99 11.75 14.09 13.36 15.48 12.78 14.16 10.88 12.78 12.78 11.02 12.41 16.13 14.53 17.96 19.71 18.54 17.52 16.43 16.64 15.99 17.81 17.45 14.97 15.84 14.09 12.48 12.70 10.22 10.88 12.12 13.72 14.02 15.70 15.33 15.33 14.75 13.87 14.02 12.34 11.46 11.61 10.80 4.60 4.89 5.40 5.11 5.55 6.20 5.91 10.22 11.97 11.68 9.42 4.09 5.18 3.94 2.19 3.14 3.07 3.07 2.99 5.77 5.55 5.91 1.75 1.53 1.68 0.95 0.80 4.89 4.60 6.57 8.32 7.74 11.65 13.18 16.22 16.50 13.55 13.15 11.66 8.47 8.19
10.22 10.44 10.59 8.25 10.07 9.71 11.17 10.00 10.07 10.07 7.30 11.46 13.14 12.26 17.08 18.54 18.98 16.94 16.28 18.69 17.30 19.27 18.18 15.77 12.34 10.80 11.32 10.80 10.59 10.66 13.43 14.24 14.60 16.64 15.77 15.77 15.62 14.97 11.39 9.86 8.76 9.78 4.23 3.94 4.45 5.84 7.52 6.72 6.64 7.88 10.59 13.36 8.76 10.00 3.72 0.51 1.24 1.02 1.02 1.97 1.97 1.97 1.46 3.14 0.00 0.51 0.00 0.29 0.00 0.15 0.00 3.94 3.94 7.66 13.66 17.54 20.54 16.31 16.17 16.59 15.70 10.29 11.84 7.45
6.86 8.32 6.94 7.45 7.59 7.08 6.94 5.62 5.99 5.99 7.01 8.40 12.70 12.92 17.30 16.94 19.35 17.67 18.76 19.93 19.35 17.52 18.03 11.53 11.46 12.26 10.88 11.75 14.09 14.67 14.67 15.11 14.16 15.99 17.08 17.08 16.57 13.72 9.42 5.62 6.13 4.45 4.60 10.22 9.13 9.05 9.13 13.07 9.56 10.22 9.56 6.20 5.11 0.51 0.44 0.29 0.00 0.73 0.73 0.00 0.00 0.44 0.00 0.00 0.00 0.00 0.00 0.00 0.00 0.00 0.00 0.07 3.07 4.89 9.73 14.76 22.60 19.77 24.51 18.61 14.32 11.54 9.85 7.13
6.86 8.32 6.94 7.45 7.59 7.08 6.94 5.62 5.99 5.99 7.01 8.40 12.70 12.92 17.30 16.94 19.35 17.67 18.76 19.93 19.35 17.52 18.03 11.53 11.46 12.26 10.88 11.75 14.09 14.67 14.67 15.11 14.16 15.99 17.08 17.08 16.57 13.72 9.42 5.62 6.13 4.45 4.60 10.22 9.13 9.05 9.13 13.07 9.56 10.22 9.56 6.20 5.11 0.51 0.44 0.29 0.00 0.73 0.73 0.00 0.00 0.44 0.00 0.00 0.00 0.00 0.00 0.00 0.00 0.00 0.00 0.07 3.07 4.89 9.34 14.84 17.55 17.39 20.53 21.66 17.52 11.78 7.72 6.58
5.33 5.62 5.40 6.72 5.91 7.15 5.48 5.18 6.79 6.79 8.03 7.96 6.20 8.54 13.43 12.19 15.33 17.30 17.23 15.84 19.49 19.93 13.07 13.51 13.21 13.21 13.58 16.79 16.13 15.99 14.31 12.78 17.23 14.60 13.36 13.36 13.72 12.34 11.24 12.48 10.88 6.50 19.49 16.50 14.02 18.61 14.53 15.62 12.12 7.01 3.72 5.11 0.00 0.58 0.58 0.95 0.51 0.00 0.00 0.00 0.00 0.00 0.00 0.00 0.00 0.00 0.00 0.00 0.00 0.00 0.00 0.00 4.82 11.17 15.33 11.45 16.67 25.76 27.16 22.18 14.49 8.20 8.99 6.87
4.16 4.60 4.53 5.99 5.55 7.23 5.77 5.84 7.52 7.52 7.08 7.45 5.62 6.50 9.34 11.46 13.36 12.70 15.04 16.50 15.33 14.31 14.38 14.31 15.77 16.13 15.91 16.79 17.52 15.40 12.70 11.10 14.97 14.67 16.21 16.21 20.37 19.64 19.49 17.81 24.31 27.23 27.45 22.92 20.15 15.70 12.19 5.99 5.69 5.69 0.00 1.75 0.00 0.37 0.00 0.15 0.00 0.00 0.00 0.00 0.00 0.00 0.00 0.00 0.00 0.00 0.00 0.00 0.00 0.00 0.00 7.01 5.48 13.07 21.34 22.02 22.69 22.39 20.77 22.69 18.01 8.06 6.92 8.36
3.14 5.69 4.23 4.60 5.84 4.82 5.40 6.94 8.03 8.03 8.69 11.32 10.73 10.51 10.51 10.59 11.61 13.21 15.40 15.04 15.26 14.38 13.72 14.97 15.40 15.11 13.80 15.18 15.55 15.40 13.80 12.05 13.58 13.72 15.48 15.48 20.88 23.21 24.60 27.30 31.10 30.88 22.19 15.33 16.28 11.75 1.97 0.00 0.00 0.00 0.00 0.00 0.00 0.00 0.00 0.00 0.00 0.00 0.00 0.00 0.00 0.00 0.00 0.00 0.00 0.00 0.00 0.00 0.66 7.08 7.15 17.67 20.45 24.41 24.23 26.30 21.99 14.77 17.40 12.02 6.09 8.27 6.05 3.21
9.64 10.15 6.57 12.56 7.96 5.18 4.16 7.45 8.25 8.25 5.62 7.88 9.56 9.78 10.29 12.56 14.31 14.31 11.53 15.04 16.06 12.70 13.43 14.45 15.70 14.45 8.98 11.83 13.65 9.64 11.46 12.12 13.51 14.75 10.95 10.95 16.13 21.32 19.71 24.16 22.63 9.86 10.51 8.25 2.92 1.90 1.61 0.95 0.00 0.58 0.15 0.00 0.00 0.00 0.00 0.00 0.00 0.00 0.00 0.00 0.00 0.00 0.00 0.00 0.00 0.00 4.67 11.90 3.80 12.92 21.32 21.68 25.66 27.19 26.43 30.97 25.26 19.05 11.21 12.07 6.26 4.32 2.25 2.56
15.40 20.08 17.59 18.18 11.61 7.66 5.18 6.42 2.92 2.92 2.41 4.82 7.81 4.74 7.23 8.69 3.36 8.03 12.78 9.56 9.42 9.86 9.42 7.74 6.06 6.28 6.72 7.37 4.60 7.08 7.15 10.73 6.64 5.77 9.56 9.56 11.61 12.26 11.75 5.40 4.53 4.60 5.33 2.04 2.41 1.10 0.44 1.10 0.00 0.22 0.00 0.00 0.00 0.00 0.00 0.00 0.00 0.00 0.00 0.00 0.00 0.00 0.00 0.00 6.72 0.00 7.37 15.11 24.89 18.32 25.61 27.32 30.75 26.80 25.53 22.63 28.41 18.98 11.36 6.50 6.06 4.48 1.93 0.00
15.40 20.08 17.59 18.18 11.61 7.66 5.18 6.42 2.92 2.92 2.41 4.82 7.81 4.74 7.23 8.69 3.36 8.03 12.78 9.56 9.42 9.86 9.42 7.74 6.06 6.28 6.72 7.37 4.60 7.08 7.15 10.73 6.64 5.77 9.56 9.56 11.61 12.26 11.75 5.40 4.53 4.60 5.33 2.04 2.41 1.10 0.44 1.10 0.00 0.22 0.00 0.00 0.00 0.00 0.00 0.00 0.00 0.00 0.00 0.00 0.00 0.00 0.00 0.00 6.72 0.00 7.37 15.11 24.89 18.32 25.74 27.03 27.80 29.87 27.24 26.40 32.98 18.37 11.86 6.32 6.41 5.32 1.76 0.00
18.25 21.02 18.61 10.73 5.11 0.00 0.00 0.00 0.00 0.00 0.00 0.00 1.10 0.73 2.77 1.10 2.34 3.72 7.15 4.96 5.69 5.26 4.96 3.94 1.68 0.29 1.31 0.66 2.99 4.31 1.46 5.77 2.63 3.14 5.91 5.91 6.13 4.96 2.26 2.41 2.19 2.85 2.92 2.77 2.70 7.08 1.97 1.61 2.34 2.77 0.00 0.00 0.00 0.00 0.00 0.00 0.00 0.00 0.00 0.00 0.00 0.00 0.00 0.00 7.74 10.88 17.16 15.70 25.90 26.91 26.99 27.06 30.86 28.51 33.69 26.93 11.81 5.39 9.98 4.43 3.08 0.00 1.55 0.00
14.53 18.47 14.16 11.32 5.77 0.00 0.00 0.00 0.00 0.00 0.00 0.00 0.00 0.00 1.24 2.99 2.85 2.92 4.89 5.11 4.82 3.50 3.14 0.88 0.51 1.10 0.66 1.83 0.37 1.24 0.95 1.90 2.63 2.04 2.99 2.99 1.46 2.12 2.04 2.12 3.21 3.80 5.55 10.88 9.56 10.51 6.72 5.33 3.14 1.24 1.24 0.00 0.00 0.00 0.00 0.00 0.00 0.00 0.00 0.00 0.00 0.00 0.00 4.60 3.50 5.04 9.78 23.14 21.53 24.45 24.45 25.89 32.58 32.10 20.87 9.93 12.82 3.73 3.13 0.97 0.84 0.00 0.00 0.00
10.95 10.73 11.24 9.05 5.33 2.99 0.00 0.00 0.00 0.00 0.00 0.00 0.00 0.00 0.00 1.61 0.00 2.92 0.00 2.04 1.31 1.46 1.39 0.37 0.22 0.51 0.29 0.07 0.15 0.00 0.00 1.53 1.53 0.00 0.66 0.66 2.26 1.75 2.56 2.56 3.36 4.53 7.08 10.66 12.41 7.15 4.53 5.18 2.77 0.88 0.22 0.00 0.00 0.00 0.00 0.00 0.00 0.00 0.00 0.00 0.00 0.00 0.00 0.00 0.00 0.00 5.40 13.29 20.59 20.81 20.44 24.38 23.81 28.46 18.74 7.77 2.58 2.56 0.93 1.07 0.09 0.18 0.00 0.00
8.18 7.88 3.94 3.58 5.33 0.00 0.00 0.00 0.00 0.00 0.00 0.00 0.00 0.00 0.00 0.00 0.00 0.07 0.00 0.00 0.00 0.00 0.07 0.29 0.22 0.07 0.15 0.07 0.07 0.00 0.66 0.00 0.00 0.00 0.58 0.58 2.19 1.97 2.41 2.92 2.34 5.69 4.96 8.18 4.16 4.38 3.36 2.41 1.90 0.58 0.73 0.00 0.00 0.00 0.00 0.00 0.00 0.00 0.00 0.00 0.00 0.00 0.00 0.00 0.00 4.38 3.80 7.15 17.67 18.10 17.89 19.98 22.04 11.00 4.49 4.17 1.49 0.20 0.00 0.00 0.00 0.00 0.00 0.00
6.28 6.42 2.48 3.07 0.00 0.00 0.00 0.00 0.00 0.00 0.00 0.00 0.00 0.00 0.00 0.00 0.00 0.00 0.00 0.00 0.00 0.00 0.00 0.00 0.00 0.00 0.00 0.00 0.00 0.00 0.00 0.37 0.00 1.24 1.97 1.97 3.07 2.63 1.61 1.61 2.34 3.21 2.92 3.07 2.92 3.21 2.56 2.12 2.70 1.83 1.75 0.00 0.00 0.00 0.00 0.00 0.00 0.00 0.00 0.00 0.00 0.00 0.00 0.00 0.00 1.17 5.33 15.99 12.78 20.44 17.81 15.04 18.01 7.88 2.46 1.04 1.06 0.24 0.00 0.00 0.00 0.00 0.00 0.00
2.56 1.46 2.04 0.88 0.00 0.00 0.00 0.00 0.00 0.00 0.00 0.00 0.00 0.00 0.00 0.00 0.00 0.00 0.00 0.00 0.00 0.00 0.00 0.00 0.00 0.00 0.00 0.00 0.00 0.00 0.15 0.00 1.46 1.17 0.88 0.88 1.83 2.56 1.83 0.95 1.46 2.26 0.00 1.17 0.80 2.63 2.56 4.16 2.12 0.29 0.00 0.00 0.00 0.00 0.00 0.00 0.00 0.00 0.00 0.00 0.00 0.00 0.00 0.00 0.00 0.00 1.97 12.78 19.71 19.13 16.13 9.02 3.05 6.03 1.18 1.01 0.94 0.00 0.00 0.00 0.00 0.00 0.00 0.00
2.56 1.46 2.04 0.88 0.00 0.00 0.00 0.00 0.00 0.00 0.00 0.00 0.00 0.00 0.00 0.00 0.00 0.00 0.00 0.00 0.00 0.00 0.00 0.00 0.00 0.00 0.00 0.00 0.00 0.00 0.15 0.00 1.46 1.17 0.88 0.88 1.83 2.56 1.83 0.95 1.46 2.26 0.00 1.17 0.80 2.63 2.56 4.16 2.12 0.29 0.00 0.00 0.00 0.00 0.00 0.00 0.00 0.00 0.00 0.00 0.00 0.00 0.00 0.00 0.00 0.00 1.97 12.78 19.71 19.13 16.13 8.98 3.01 5.94 1.18 1.06 0.84 0.00 0.00 0.00 0.00 0.00 0.00 0.00
1.68 0.00 0.00 0.00 0.22 0.00 0.00 0.00 0.00 0.00 0.00 0.00 0.00 0.00 0.00 0.00 0.00 0.00 0.00 0.00 0.00 0.00 0.00 0.00 0.00 0.00 0.00 0.00 0.00 0.00 0.15 1.31 0.00 0.00 0.00 0.00 0.00 0.44 0.22 0.51 0.00 0.00 0.00 0.00 0.00 2.48 0.29 0.80 1.39 0.00 0.00 0.00 0.00 0.00 0.00 0.00 0.00 0.00 0.00 0.00 0.00 0.00 0.00 0.00 0.00 0.00 1.97 5.26 13.51 11.10 6.42 6.64 1.75 0.00 0.00 0.15 0.00 0.00 0.00 0.00 0.00 0.00 0.00 0.00
