Wansh/Snow_depth/snowdepth-1995/spring/1995085.txt
ncols 321
nrows 161
xllcenter 60
yllcenter 15 
cellsize  0.25 
NODATA_value -1
[rows 0 to 36 of 161, columns 84 to 167 of 321]
25.40 25.48 25.11 25.48 24.67 24.16 24.16 16.86 17.52 16.79 16.13 15.99 16.94 15.62 15.91 21.24 21.32 20.15 20.15 21.10 20.51 17.96 13.29 15.26 7.52 2.56 1.83 1.53 1.46 1.68 3.21 3.21 6.57 8.69 7.30 7.01 7.01 7.74 7.74 8.47 10.88 10.51 9.34 9.34 5.18 5.77 2.92 0.00 0.00 4.67 7.59 7.15 8.10 4.82 5.26 4.82 7.74 7.96 8.25 7.15 3.36 3.07 2.56 1.46 2.19 1.31 2.56 4.45 4.45 2.77 3.43 3.43 3.43 7.37 6.86 8.61 8.91 11.24 11.24 11.24 11.68 11.97 11.39 10.73
25.55 26.35 24.60 25.40 24.60 25.84 25.84 23.94 18.98 19.05 17.45 15.26 14.53 12.41 9.05 9.49 16.06 15.84 15.84 18.98 18.03 18.76 17.52 10.66 12.05 4.60 3.87 3.87 2.85 2.12 2.63 5.26 4.67 5.11 2.56 3.14 1.46 3.50 3.50 8.98 7.96 12.34 13.29 13.29 8.32 12.92 8.91 10.15 0.00 0.00 0.00 0.00 3.72 0.00 3.43 4.23 7.01 6.79 6.72 5.40 8.32 7.88 5.69 4.53 7.08 4.82 7.81 3.14 3.14 6.13 6.72 7.37 9.20 9.56 9.27 10.95 10.51 11.90 11.17 13.72 14.02 13.51 10.88 16.43
26.13 23.43 23.80 22.27 19.56 18.98 24.09 23.80 23.29 20.00 21.39 16.94 13.94 14.31 8.10 6.79 6.64 8.03 8.03 13.58 14.02 14.60 12.92 15.84 13.43 9.86 4.96 3.65 3.50 4.23 3.50 3.50 3.50 4.23 3.72 2.85 3.36 4.60 10.22 9.20 12.05 13.72 13.14 13.14 17.23 15.18 16.43 6.35 7.30 0.00 0.00 0.00 0.00 0.00 0.00 6.42 5.62 4.82 7.81 9.49 10.88 12.05 10.07 8.10 11.83 9.64 7.88 6.94 6.94 9.42 10.07 8.69 9.20 9.86 11.61 12.99 12.92 14.45 12.99 17.01 17.74 18.10 19.27 18.91
26.13 23.43 23.80 22.27 19.56 18.98 24.09 23.80 23.29 20.00 21.39 16.94 13.94 14.31 8.10 6.79 6.64 8.03 8.03 13.58 14.02 14.60 12.92 15.84 13.43 9.86 4.96 3.65 3.50 4.23 3.50 3.50 3.50 4.23 3.72 2.85 3.36 4.60 10.22 9.20 12.05 13.72 13.14 13.14 17.23 15.18 16.43 6.35 7.30 0.00 0.00 0.00 0.00 0.00 0.00 6.42 5.62 4.82 7.81 9.49 10.88 12.05 10.07 8.10 11.83 9.64 7.88 6.94 6.94 9.42 10.07 8.69 9.20 9.86 11.61 12.99 12.92 14.45 12.99 17.01 17.74 18.10 19.27 18.91
25.62 22.56 20.22 21.46 18.47 18.18 18.40 19.78 17.52 17.74 16.28 15.18 15.70 14.67 14.67 9.93 9.27 9.27 9.27 8.83 6.94 8.69 13.21 12.63 14.31 11.61 12.34 6.42 4.38 4.45 3.94 3.21 3.14 5.04 7.66 7.23 7.01 7.30 6.72 5.48 3.65 4.16 8.40 8.40 17.37 14.97 20.44 12.56 14.60 5.11 0.00 0.00 0.00 0.00 0.00 0.00 2.70 6.50 5.99 10.80 9.93 11.61 11.97 11.24 12.78 12.34 13.65 12.12 12.12 10.88 10.22 9.86 10.51 10.44 9.93 12.05 10.66 8.98 9.34 18.54 17.45 16.72 14.31 16.06
29.57 30.00 25.11 23.07 24.38 16.13 12.70 13.72 15.91 15.62 15.62 16.21 16.13 16.86 16.79 17.08 18.76 12.70 12.70 13.58 9.13 7.88 9.05 7.88 12.70 12.78 7.81 4.45 4.45 0.00 2.92 0.00 3.87 3.87 6.86 6.94 7.15 4.96 3.36 3.72 1.83 0.00 2.34 2.34 5.77 6.42 12.70 11.39 13.80 6.79 8.47 0.00 0.00 0.00 2.77 0.00 2.92 4.96 6.50 10.44 9.20 11.39 14.53 13.21 16.72 15.33 13.94 12.56 12.56 11.39 10.44 9.20 9.56 9.71 10.80 9.27 6.64 7.01 11.90 9.13 11.24 10.29 14.45 17.16
31.03 29.93 29.86 24.82 21.17 21.90 17.23 18.54 17.89 19.05 15.84 16.13 12.92 13.07 16.06 19.20 22.41 22.19 22.19 23.87 16.94 13.21 8.91 8.98 8.10 6.06 8.03 0.00 0.00 0.00 0.00 3.14 2.63 4.89 6.42 5.99 5.04 0.00 0.00 0.00 0.00 0.00 0.07 0.07 3.29 2.26 7.52 12.12 8.76 10.15 7.08 0.00 0.00 0.00 0.00 3.43 4.67 4.16 8.32 8.03 8.91 9.34 19.20 12.26 17.30 15.77 15.18 13.80 13.80 14.45 11.32 13.43 14.31 12.70 13.36 11.10 12.78 8.83 8.98 9.56 10.51 10.44 12.56 11.61
31.03 29.93 29.86 24.82 21.17 21.90 17.23 18.54 17.89 19.05 15.84 16.13 12.92 13.07 16.06 19.20 22.41 22.19 22.19 23.87 16.94 13.21 8.91 8.98 8.10 6.06 8.03 0.00 0.00 0.00 0.00 3.14 2.63 4.89 6.42 5.99 5.04 0.00 0.00 0.00 0.00 0.00 0.07 0.07 3.29 2.26 7.52 12.12 8.76 10.15 7.08 0.00 0.00 0.00 0.00 3.43 4.67 4.16 8.32 8.03 8.91 9.34 19.20 12.26 17.30 15.77 15.18 13.80 13.80 14.45 11.32 13.43 14.31 12.70 13.36 11.10 12.78 8.83 8.98 9.56 10.51 10.44 12.56 11.61
29.05 28.03 24.89 25.48 23.51 22.19 21.97 20.73 18.69 19.20 12.34 10.66 11.61 10.95 15.33 14.09 23.00 26.13 26.13 25.62 26.35 22.56 23.21 9.13 5.48 5.77 0.00 0.00 0.00 0.00 0.00 0.00 3.94 7.52 6.06 10.00 7.66 3.65 3.94 3.21 0.00 0.00 3.58 3.58 0.00 0.00 5.18 5.91 5.84 5.69 6.79 7.66 7.37 5.11 3.65 5.40 5.18 4.82 5.40 5.26 7.23 10.66 8.61 7.96 16.13 13.94 13.51 10.51 10.51 12.05 12.78 12.41 14.31 13.51 15.04 13.43 14.16 11.75 13.80 12.05 12.85 10.15 9.93 9.86
26.79 26.28 24.97 20.51 20.81 21.83 19.13 19.42 8.25 9.34 10.44 4.67 6.13 8.32 13.51 19.64 18.40 24.16 24.16 27.81 27.81 23.94 14.97 17.30 0.00 0.00 0.00 0.00 0.00 0.00 0.00 0.00 0.00 6.28 9.78 9.49 7.81 6.13 6.64 4.53 3.94 3.94 4.02 4.02 4.60 4.16 4.16 3.94 5.55 6.72 6.79 7.37 10.88 9.42 7.15 9.13 8.83 7.30 5.91 7.52 8.69 7.37 7.37 8.40 9.05 10.00 9.71 10.37 10.37 9.93 15.62 15.33 14.31 14.53 14.89 16.57 16.28 14.89 18.03 15.11 15.33 11.39 11.02 9.05
26.43 23.65 23.58 20.22 16.72 16.79 0.00 0.00 5.18 0.00 2.19 2.41 4.09 8.25 7.01 16.64 22.85 21.24 21.24 26.43 23.14 25.26 16.50 0.00 0.00 0.00 0.00 0.00 0.00 0.00 3.58 3.58 4.74 6.42 6.57 7.74 9.27 7.74 8.03 7.45 7.88 7.88 8.40 8.40 5.77 6.57 3.65 5.48 10.00 12.48 10.66 12.05 9.93 10.29 10.07 9.64 10.73 11.90 8.32 10.22 8.32 11.90 9.56 8.83 9.86 10.00 12.78 15.18 15.18 13.94 16.64 17.01 16.86 19.20 18.91 19.05 18.69 19.13 24.38 21.02 15.62 12.63 14.60 9.56
26.43 23.65 23.58 20.22 16.72 16.79 0.00 0.00 5.18 0.00 2.19 2.41 4.09 8.25 7.01 16.64 22.85 21.24 21.24 26.43 23.14 25.26 16.50 0.00 0.00 0.00 0.00 0.00 0.00 0.00 3.58 3.58 4.74 6.42 6.57 7.74 9.27 7.74 8.03 7.45 7.88 7.88 8.40 8.40 5.77 6.57 3.65 5.48 10.00 12.48 10.66 12.05 9.93 10.29 10.07 9.64 10.73 11.90 8.32 10.22 8.32 11.90 9.56 8.83 9.86 10.00 12.78 15.18 15.18 13.94 16.64 17.01 16.86 19.20 18.91 19.05 18.69 19.13 24.38 21.02 15.62 12.63 14.60 9.56
17.16 22.78 17.23 19.20 9.64 0.00 0.00 0.00 0.00 0.00 0.00 0.07 8.03 6.06 17.52 16.72 21.10 24.75 24.75 24.38 21.75 11.75 0.00 0.00 0.00 0.00 0.00 0.00 0.00 0.00 4.74 5.26 5.26 7.23 8.54 8.61 10.44 10.29 10.88 9.20 9.49 9.49 9.71 9.71 8.91 11.75 10.22 8.76 7.74 12.78 18.76 20.95 18.25 14.89 16.79 11.75 14.02 14.67 10.95 14.02 11.97 12.41 10.07 10.66 11.68 11.39 12.05 13.36 13.36 16.21 18.98 20.29 19.78 21.83 24.89 25.92 26.06 23.80 25.11 23.29 20.81 21.24 17.81 14.97
20.73 21.32 13.29 0.00 0.00 0.00 0.00 0.00 0.00 0.00 0.00 0.00 11.75 20.37 19.05 19.93 18.10 18.18 18.18 15.18 9.56 10.73 0.00 0.00 0.00 0.00 4.23 4.23 7.01 12.19 8.25 15.70 18.10 12.34 13.14 16.64 16.50 15.18 16.64 15.77 16.72 16.06 17.16 17.16 17.30 17.45 16.86 23.29 19.20 20.37 19.93 24.60 22.41 18.32 24.31 18.76 14.67 12.56 18.61 13.58 9.27 9.64 11.39 11.39 10.66 12.70 12.85 15.99 15.99 17.30 20.22 21.90 23.65 23.00 24.31 25.62 21.68 27.08 19.56 17.52 17.30 20.08 17.74 15.48
19.05 5.69 8.10 0.00 2.92 0.00 0.00 0.00 0.00 0.00 0.00 11.53 10.07 15.18 16.35 19.78 17.52 15.11 15.11 15.55 12.05 9.49 0.00 6.86 5.55 6.13 6.06 8.83 8.25 12.85 18.25 21.17 21.02 18.98 17.01 17.30 16.86 17.23 17.45 17.89 17.52 24.31 25.33 25.33 23.00 24.24 24.60 23.21 20.22 21.75 22.48 25.11 22.92 28.18 26.21 33.07 14.75 22.56 14.97 7.96 9.56 7.74 12.12 12.92 8.76 12.12 14.31 13.21 13.21 15.91 18.61 20.00 21.75 22.41 20.08 19.05 20.44 13.72 10.73 11.02 14.02 18.61 18.10 17.89
16.94 5.04 3.80 0.00 4.38 0.00 0.00 0.00 0.00 0.00 0.00 9.93 13.21 12.70 14.45 13.36 13.36 15.62 15.62 13.21 14.02 9.86 9.56 10.73 10.37 11.75 10.15 9.34 12.34 14.24 16.28 20.44 20.15 20.88 17.89 15.33 16.13 20.88 19.78 23.14 22.34 22.56 22.27 22.27 21.10 17.23 17.74 18.10 17.74 18.32 16.50 17.81 15.04 17.45 18.40 25.92 30.22 20.51 11.90 6.13 4.82 4.60 5.62 7.59 7.59 10.07 13.36 15.84 15.84 18.83 17.59 20.59 20.81 19.64 20.29 19.78 19.78 19.27 4.67 5.18 12.41 15.91 16.86 17.81
16.94 5.04 3.80 0.00 4.38 0.00 0.00 0.00 0.00 0.00 0.00 9.93 13.21 12.70 14.45 13.36 13.36 15.62 15.62 13.21 14.02 9.86 9.56 10.73 10.37 11.75 10.15 9.34 12.34 14.24 16.28 20.44 20.15 20.88 17.89 15.33 16.13 20.88 19.78 23.14 22.34 22.56 22.27 22.27 21.10 17.23 17.74 18.10 17.74 18.32 16.50 17.81 15.04 17.45 18.40 25.92 30.22 20.51 11.90 6.13 4.82 4.60 5.62 7.59 7.59 10.07 13.36 15.84 15.84 18.83 17.59 20.59 20.81 19.64 20.29 19.78 19.78 19.27 4.67 5.18 12.41 15.91 16.86 17.81
7.59 6.50 6.64 12.56 11.39 0.00 0.00 0.00 0.00 0.00 9.34 8.91 12.92 14.38 14.24 13.14 13.80 12.99 12.99 13.65 9.13 9.71 8.18 9.05 11.32 10.95 10.59 10.07 10.00 12.12 15.99 18.98 18.76 20.15 16.50 17.52 14.82 18.18 20.51 20.08 20.73 16.21 16.86 16.86 18.10 17.96 18.25 20.44 16.50 14.97 15.26 13.80 14.16 15.33 14.82 15.91 20.73 14.31 11.68 7.74 6.20 7.52 8.18 6.06 8.03 12.05 13.94 15.70 15.70 18.40 22.48 20.44 21.17 19.35 21.02 17.89 10.80 4.74 6.28 5.11 9.42 7.66 7.74 12.34
5.77 5.40 9.42 13.43 13.36 0.00 0.00 0.00 0.00 0.00 9.34 13.29 12.85 14.31 12.78 13.07 12.26 12.70 12.70 10.73 11.90 9.64 7.45 8.03 8.91 11.83 11.68 12.41 12.70 14.53 14.31 17.67 20.59 20.59 20.37 17.16 12.05 9.05 9.34 10.29 13.36 16.43 15.99 15.99 20.22 19.42 19.64 20.37 20.95 15.91 20.81 19.78 18.25 19.93 19.42 16.28 17.52 15.18 11.90 13.29 10.29 18.18 22.05 17.67 15.70 16.64 14.09 15.11 15.11 22.27 23.43 21.53 14.89 16.57 16.13 17.45 9.64 5.99 4.82 5.11 5.69 5.04 7.08 9.78
0.66 0.00 0.37 8.32 9.78 12.05 0.00 0.00 0.00 12.92 12.05 13.80 14.16 14.09 13.80 11.46 11.97 12.12 12.12 12.05 11.10 11.32 9.34 8.69 11.90 11.24 14.97 14.82 15.55 10.51 8.47 13.21 11.83 17.89 15.62 11.10 12.41 6.94 5.99 4.23 7.30 6.20 14.75 14.75 19.42 18.98 20.08 19.56 20.95 29.42 24.89 23.14 24.82 22.19 23.21 20.81 21.02 20.08 18.25 21.32 19.86 18.76 22.85 21.53 18.83 22.63 23.58 25.55 25.55 25.55 24.38 15.48 10.44 10.95 7.37 12.70 7.15 3.36 3.07 4.60 5.62 4.53 6.86 8.91
0.00 0.00 0.00 0.00 7.96 7.30 6.50 0.00 11.61 13.58 17.67 17.23 17.16 17.30 12.56 13.43 12.78 14.67 14.67 14.67 16.06 16.21 12.05 11.39 12.70 15.55 15.40 15.11 11.39 12.70 7.81 9.05 14.53 13.65 14.45 9.42 2.12 0.00 0.00 2.85 6.86 8.91 9.34 9.34 17.23 15.70 20.66 18.32 26.35 30.66 32.63 31.83 33.07 23.29 25.48 24.24 23.43 24.09 24.75 21.83 19.42 22.19 23.07 21.61 22.41 23.58 25.19 24.97 24.97 18.32 10.07 12.41 8.18 5.84 7.15 1.53 6.50 1.53 2.70 3.07 2.99 4.89 6.50 5.11
0.00 0.00 0.00 0.00 0.00 0.00 0.00 0.00 12.85 12.05 17.89 21.02 19.20 19.64 17.16 14.02 13.43 15.84 15.84 16.06 16.72 17.37 17.81 19.27 17.45 21.24 22.85 20.22 17.59 15.99 9.86 6.79 7.08 6.79 6.64 1.75 2.77 0.00 0.00 0.00 7.15 7.88 7.37 7.37 7.81 6.57 14.09 6.72 17.89 26.13 15.48 30.59 19.56 24.97 25.99 19.71 22.63 21.39 20.15 16.72 21.10 20.00 20.44 21.53 21.02 22.78 23.00 21.75 21.75 17.74 12.26 13.94 5.99 8.32 2.99 2.04 1.10 3.36 3.80 3.50 3.80 4.23 2.70 2.92
0.00 0.00 0.00 0.00 0.00 0.00 0.00 0.00 12.85 12.05 17.89 21.02 19.20 19.64 17.16 14.02 13.43 15.84 15.84 16.06 16.72 17.37 17.81 19.27 17.45 21.24 22.85 20.22 17.59 15.99 9.86 6.79 7.08 6.79 6.64 1.75 2.77 0.00 0.00 0.00 7.15 7.88 7.37 7.37 7.81 6.57 14.09 6.72 17.89 26.13 15.48 30.59 19.56 24.97 25.99 19.71 22.63 21.39 20.15 16.72 21.10 20.00 20.44 21.53 21.02 22.78 23.00 21.75 21.75 17.74 12.26 13.94 5.99 8.32 2.99 2.04 1.10 3.36 3.80 3.50 3.80 4.23 2.70 2.92
0.00 0.00 0.00 0.00 0.00 0.00 0.00 0.00 12.70 9.71 14.16 15.55 15.70 16.79 15.18 17.01 17.81 17.81 17.81 17.67 17.45 19.20 19.13 20.29 21.10 22.34 22.41 20.59 17.01 11.32 12.70 6.72 4.74 4.89 5.11 4.45 0.00 0.00 0.00 0.00 1.75 0.88 1.31 1.31 0.00 0.00 0.00 5.84 0.00 8.61 7.30 10.44 7.37 11.83 7.52 11.32 17.16 6.06 11.32 15.11 17.67 20.00 20.59 21.53 23.00 22.56 21.46 21.83 21.83 19.27 21.97 18.61 13.21 15.33 5.33 8.10 4.53 4.23 2.99 2.99 5.48 4.31 4.74 2.56
0.00 0.00 0.00 0.00 0.00 0.00 8.25 11.61 12.56 5.26 0.00 0.00 9.86 11.24 14.45 14.02 14.97 18.40 18.40 20.29 20.08 22.92 21.10 21.45 21.57 22.83 20.94 21.10 20.37 15.18 15.91 9.42 10.66 4.60 0.00 0.00 0.00 0.00 0.22 1.17 0.51 0.80 0.00 0.00 0.00 0.00 0.00 0.00 0.00 0.00 0.00 0.00 0.00 0.00 2.77 0.00 2.70 0.00 7.08 10.44 15.55 17.67 17.30 19.56 21.61 22.05 17.96 20.08 20.08 21.97 21.32 22.27 19.35 15.18 15.26 12.19 4.45 3.94 4.23 7.45 7.30 6.13 2.56 0.73
0.00 0.00 0.00 0.00 0.00 5.26 0.00 0.00 0.00 0.00 0.00 0.00 0.00 0.00 6.35 11.75 10.51 15.91 15.91 18.91 20.88 18.10 20.66 23.64 26.52 22.87 24.91 24.38 24.16 19.56 21.24 13.72 8.40 9.56 3.65 0.66 2.48 1.75 1.83 1.53 0.00 0.29 0.37 0.37 0.00 0.00 0.00 0.00 0.00 0.00 0.00 0.00 0.00 0.00 0.00 0.00 0.00 1.83 8.47 6.72 16.79 18.25 17.81 17.59 18.76 17.37 16.21 17.16 17.16 18.54 18.98 18.03 18.54 13.94 14.97 11.53 8.10 8.76 9.13 9.05 8.98 6.86 4.31 2.12
0.00 0.00 0.00 0.00 0.00 0.00 0.00 0.00 0.00 0.00 0.00 0.00 0.00 0.00 0.00 0.00 8.91 10.73 10.73 10.66 10.88 14.45 17.91 16.78 21.79 24.36 26.42 25.14 26.42 23.54 22.92 19.05 15.77 20.37 9.42 5.69 6.64 3.80 1.75 1.68 0.88 0.00 0.00 0.00 0.00 0.00 0.00 0.00 0.00 0.00 0.00 0.00 0.00 0.00 0.00 0.00 0.00 0.00 5.04 11.02 16.35 18.91 25.11 22.41 18.98 17.89 18.25 17.37 17.37 23.51 20.08 18.91 18.03 12.99 15.11 14.09 11.83 9.56 8.83 11.24 8.03 9.27 7.01 11.68
0.00 0.00 0.00 0.00 0.00 0.00 0.00 0.00 0.00 0.00 0.00 0.00 0.00 0.00 0.00 0.00 0.00 0.00 0.00 0.00 0.00 0.00 0.00 0.00 2.96 14.89 22.35 14.20 17.20 21.97 20.69 23.29 23.58 19.13 20.29 15.62 18.32 5.77 2.19 2.41 1.02 0.00 0.00 0.00 0.00 0.00 0.00 0.00 0.00 0.00 0.00 0.00 0.00 0.00 0.00 0.00 0.00 0.00 0.00 9.20 18.03 17.96 26.72 27.01 25.48 28.25 26.94 24.89 24.89 25.62 24.02 20.81 17.52 16.28 16.50 14.89 13.07 15.62 15.77 13.87 12.48 13.58 14.82 15.70
0.00 0.00 0.00 0.00 0.00 0.00 0.00 0.00 0.00 0.00 0.00 0.00 0.00 0.00 0.00 0.00 0.00 0.00 0.00 0.00 0.00 0.00 0.00 0.00 2.92 14.89 21.68 13.20 16.07 22.31 20.90 24.26 26.49 20.24 20.81 15.62 18.32 5.77 2.19 2.41 1.02 0.00 0.00 0.00 0.00 0.00 0.00 0.00 0.00 0.00 0.00 0.00 0.00 0.00 0.00 0.00 0.00 0.00 0.00 9.20 18.03 17.96 26.72 27.01 25.48 28.25 26.94 24.89 24.89 25.62 24.02 20.81 17.52 16.28 16.50 14.89 13.07 15.62 15.77 13.87 12.48 13.58 14.82 15.70
0.00 0.00 0.00 0.00 0.00 0.00 0.00 0.00 0.00 0.00 0.00 0.00 0.00 0.00 0.00 0.00 0.00 0.00 0.00 0.00 0.00 0.00 0.00 0.00 0.00 0.00 5.46 4.84 7.59 14.53 20.87 20.12 25.72 21.86 25.59 23.38 14.23 14.16 6.86 4.45 1.75 3.94 0.95 0.95 0.00 0.00 0.00 0.00 0.00 0.00 0.00 0.00 0.00 0.00 0.00 0.00 0.00 0.00 0.00 3.72 3.87 8.91 19.71 25.70 21.83 27.08 26.21 25.04 25.04 20.37 17.45 18.47 16.43 13.43 16.06 16.57 14.82 15.11 15.04 15.70 11.83 11.61 14.82 14.24
0.00 0.00 0.00 0.00 0.00 0.00 0.00 0.00 0.00 0.00 0.00 0.00 0.00 0.00 0.00 0.00 0.00 0.00 0.00 0.00 0.00 0.00 0.00 0.00 0.00 0.00 0.00 0.00 0.00 1.92 0.00 3.87 16.21 25.73 24.22 27.54 25.20 22.52 10.66 15.70 7.08 1.83 2.12 2.12 0.00 0.07 0.37 0.15 0.66 0.66 0.00 0.00 0.00 0.00 0.00 0.00 0.00 0.00 0.00 0.00 0.00 0.00 11.32 20.66 17.59 27.08 26.94 21.90 21.90 19.35 16.50 9.56 13.36 9.27 14.75 10.95 10.51 9.93 9.78 9.13 9.27 9.56 12.26 11.39
0.00 0.00 0.00 0.00 0.00 0.00 0.00 0.00 0.00 0.00 0.00 0.00 0.00 0.00 0.00 4.74 4.67 5.18 5.18 2.26 0.00 0.00 0.00 0.00 0.00 0.00 0.00 0.00 0.00 0.00 0.00 0.00 3.80 11.02 14.06 24.23 28.08 25.62 20.22 21.24 18.76 6.64 5.26 5.26 0.00 0.29 0.66 0.44 0.73 0.51 0.00 0.00 0.00 0.00 0.00 0.00 0.00 0.00 0.00 0.00 0.00 0.00 6.72 17.37 12.05 17.30 17.67 16.94 16.94 18.91 9.42 5.77 5.26 2.77 4.60 6.06 6.13 8.61 10.59 11.39 13.58 13.07 11.32 11.39
0.00 0.00 0.00 0.00 0.00 0.00 0.00 0.00 0.00 0.00 0.00 0.00 0.00 0.00 0.00 5.40 4.16 1.31 1.31 2.34 1.02 0.00 0.00 0.00 0.00 0.00 0.00 0.00 0.00 0.00 0.00 0.00 0.00 5.77 3.21 14.16 15.04 24.13 25.55 23.23 21.90 17.81 13.07 13.07 1.24 3.14 2.19 1.39 2.56 0.88 0.95 1.02 0.00 0.00 0.00 0.00 0.00 0.00 0.00 3.87 0.00 0.00 3.43 1.61 3.80 8.69 11.90 3.87 3.87 2.77 3.29 2.48 1.39 4.23 2.48 1.61 2.92 5.48 9.13 8.40 10.37 11.68 11.46 8.83
0.00 0.00 0.00 0.00 0.00 0.00 0.00 0.00 0.00 0.00 0.00 0.00 0.00 1.31 4.38 4.16 2.99 0.00 0.00 0.00 0.00 0.00 0.00 0.00 0.00 0.00 0.00 0.00 0.00 0.00 0.00 0.00 0.00 0.00 0.00 6.06 15.18 7.08 17.71 13.10 20.62 17.67 15.99 15.99 13.87 4.74 3.36 8.03 5.62 2.04 1.68 4.89 2.70 0.00 0.00 0.00 0.00 0.00 0.00 3.14 4.09 1.97 0.00 0.00 0.00 3.50 0.00 0.00 0.00 0.00 0.00 0.00 0.15 0.00 0.00 1.75 1.10 3.94 5.77 5.40 7.45 8.76 5.11 5.77
0.00 0.00 0.00 0.00 0.00 0.00 0.00 0.00 0.00 0.00 0.00 0.00 0.00 0.00 0.00 0.00 0.00 0.00 0.00 0.00 0.00 0.00 0.00 0.00 0.00 0.00 0.00 0.00 0.00 0.00 0.00 0.00 0.00 0.00 0.00 0.00 0.29 2.06 0.66 2.12 6.19 14.60 12.63 12.63 12.70 12.56 12.12 12.12 11.75 9.93 6.20 7.96 3.21 0.00 1.24 0.00 0.00 0.00 0.00 2.70 0.00 2.12 0.00 0.00 0.00 0.00 0.00 0.00 0.00 0.00 0.00 0.00 0.00 0.00 0.29 2.41 0.00 3.29 2.85 2.92 3.36 4.16 3.80 4.89
0.00 0.00 0.00 0.00 0.00 0.00 0.00 0.00 0.00 0.00 0.00 0.00 0.00 0.00 0.00 0.00 0.00 0.00 0.00 0.00 0.00 0.00 0.00 0.00 0.00 0.00 0.00 0.00 0.00 0.00 0.00 0.00 0.00 0.00 0.00 0.00 0.29 2.05 0.66 2.12 6.13 14.60 12.63 12.63 12.70 12.56 12.12 12.12 11.75 9.93 6.20 7.96 3.21 0.00 1.24 0.00 0.00 0.00 0.00 2.70 0.00 2.12 0.00 0.00 0.00 0.00 0.00 0.00 0.00 0.00 0.00 0.00 0.00 0.00 0.29 2.41 0.00 3.29 2.85 2.92 3.36 4.16 3.80 4.89
0.00 0.00 0.00 0.00 0.00 0.00 0.00 0.00 1.48 0.00 0.00 0.00 0.00 0.00 0.00 0.00 0.00 0.00 0.00 0.00 0.00 0.00 0.00 0.00 0.00 0.00 0.00 0.00 0.00 0.00 0.00 0.00 0.00 0.00 0.00 0.00 0.07 0.00 0.00 0.00 1.61 2.48 1.53 1.53 10.07 10.07 11.90 6.50 12.56 12.05 10.07 9.34 4.89 1.97 0.00 0.00 0.00 0.00 0.00 0.00 0.00 0.00 2.41 2.04 0.00 0.00 0.00 0.00 0.00 0.00 0.00 0.00 0.00 0.00 1.61 0.00 0.00 0.00 0.00 0.00 1.46 2.12 1.90 1.46
