Wansh/Snow_depth/snowdepth-1995/spring/1995092.txt
ncols 321
nrows 161
xllcenter 60
yllcenter 15 
cellsize  0.25 
NODATA_value -1
[rows 0 to 36 of 161, columns 84 to 167 of 321]
0.00 0.00 0.00 0.00 0.00 0.00 4.16 0.00 0.00 0.00 0.00 0.00 12.41 13.14 0.00 0.00 0.00 0.00 0.00 0.00 0.00 0.00 0.00 0.00 0.00 0.00 0.00 0.00 0.00 0.00 0.00 0.00 0.00 0.00 0.00 0.00 0.00 0.00 0.00 0.00 2.19 1.02 5.48 5.48 0.00 5.99 0.00 0.00 0.00 0.00 0.00 0.00 0.00 0.00 0.00 0.00 0.00 0.00 0.00 0.00 0.00 0.00 0.00 0.00 0.00 0.00 0.00 2.85 2.85 2.63 4.96 5.55 5.62 2.41 3.80 6.42 5.26 7.96 11.02 8.76 10.29 9.93 11.90 4.16
0.00 0.00 0.00 0.00 0.00 5.11 5.18 5.69 0.00 0.00 0.00 0.00 0.00 0.00 0.00 0.00 0.00 0.00 0.00 0.00 0.00 0.00 0.00 0.00 0.00 0.00 0.00 0.00 0.00 0.00 0.00 0.00 0.00 0.00 0.00 0.00 0.00 0.00 0.00 0.00 0.88 0.00 4.82 4.82 0.00 6.13 0.00 0.00 0.00 0.00 0.00 0.00 0.00 0.00 0.00 0.00 5.33 5.77 4.96 0.00 0.00 3.72 2.26 4.67 4.45 5.11 3.29 4.60 4.60 7.01 8.03 6.06 4.09 3.50 3.07 4.31 5.99 6.28 6.13 6.79 6.06 8.83 10.00 9.71
19.49 17.23 12.63 12.12 12.63 11.83 8.83 8.47 0.00 0.00 0.00 0.00 0.00 0.00 0.00 0.00 0.00 0.00 0.00 0.00 0.00 0.00 0.00 0.00 0.00 0.00 0.00 0.00 0.00 0.00 0.00 0.00 0.00 0.00 0.00 0.00 0.00 0.00 0.00 0.00 0.00 0.00 0.00 0.00 0.00 2.19 0.00 8.18 0.00 0.00 0.00 0.00 0.00 0.00 0.00 6.50 6.86 8.54 7.74 6.42 10.44 9.93 10.80 9.71 7.59 9.05 9.86 10.88 10.88 9.93 10.44 8.10 5.26 4.89 5.18 5.04 5.40 8.47 7.59 6.72 6.72 7.15 8.91 10.88
19.49 17.23 12.63 12.12 12.63 11.83 8.83 8.47 0.00 0.00 0.00 0.00 0.00 0.00 0.00 0.00 0.00 0.00 0.00 0.00 0.00 0.00 0.00 0.00 0.00 0.00 0.00 0.00 0.00 0.00 0.00 0.00 0.00 0.00 0.00 0.00 0.00 0.00 0.00 0.00 0.00 0.00 0.00 0.00 0.00 2.19 0.00 8.18 0.00 0.00 0.00 0.00 0.00 0.00 0.00 6.50 6.86 8.54 7.74 6.42 10.44 9.93 10.80 9.71 7.59 9.05 9.86 10.88 10.88 9.93 10.44 8.10 5.26 4.89 5.18 5.04 5.40 8.47 7.59 6.72 6.72 7.15 8.91 10.88
21.17 17.89 14.89 15.26 13.65 10.00 10.88 0.00 0.00 0.00 0.00 0.00 0.00 0.00 0.00 0.00 0.00 0.00 0.00 0.00 0.00 0.00 0.00 0.00 0.00 0.00 0.00 0.00 0.00 0.00 0.00 0.00 0.00 0.00 0.00 0.00 0.00 0.00 0.00 0.00 0.00 0.00 0.00 0.00 0.00 0.00 2.92 4.38 0.00 0.00 0.00 0.00 0.00 0.00 0.00 0.00 7.37 6.06 8.76 10.37 11.68 11.10 11.61 12.41 13.58 12.26 11.61 11.24 11.24 12.05 9.05 9.34 6.57 7.08 7.23 8.10 8.91 8.91 9.34 8.25 9.34 9.49 9.27 9.42
18.10 19.64 14.38 10.07 10.88 7.74 0.00 0.00 6.28 0.00 0.00 0.00 0.00 0.00 0.00 0.00 0.00 0.00 0.00 0.00 0.00 0.00 0.00 0.00 0.00 0.00 0.00 0.00 0.00 0.00 0.00 0.00 0.00 0.00 0.00 0.00 0.00 0.00 0.00 0.00 0.00 0.00 0.00 0.00 0.00 0.00 0.00 0.00 0.00 0.00 0.00 0.00 0.00 0.00 0.00 4.67 3.80 5.04 6.13 8.76 8.98 11.61 14.45 13.65 14.75 16.21 12.92 10.07 10.07 11.10 8.32 9.05 9.49 9.78 7.59 7.01 8.76 6.94 6.86 6.86 9.13 10.29 11.97 7.37
17.01 11.10 10.22 10.22 7.88 8.10 5.55 7.37 6.57 8.18 4.16 3.87 0.00 0.00 0.00 0.00 10.37 0.00 0.00 8.61 0.00 0.00 0.00 0.00 0.00 0.00 0.00 0.00 0.00 0.00 0.00 0.00 0.00 0.00 0.00 0.00 0.00 0.00 0.00 0.00 0.00 0.00 0.00 0.00 0.00 0.00 0.00 0.00 0.00 0.00 0.00 0.00 0.00 0.00 4.74 0.00 0.00 6.06 8.18 6.94 9.42 11.10 13.29 14.24 16.43 16.13 14.16 14.45 14.45 12.85 11.83 12.34 11.75 13.51 12.41 13.21 10.95 8.32 10.15 8.61 8.69 9.05 12.12 8.03
17.01 11.10 10.22 10.22 7.88 8.10 5.55 7.37 6.57 8.18 4.16 3.87 0.00 0.00 0.00 0.00 10.37 0.00 0.00 8.61 0.00 0.00 0.00 0.00 0.00 0.00 0.00 0.00 0.00 0.00 0.00 0.00 0.00 0.00 0.00 0.00 0.00 0.00 0.00 0.00 0.00 0.00 0.00 0.00 0.00 0.00 0.00 0.00 0.00 0.00 0.00 0.00 0.00 0.00 4.74 0.00 0.00 6.06 8.18 6.94 9.42 11.10 13.29 14.24 16.43 16.13 14.16 14.45 14.45 12.85 11.83 12.34 11.75 13.51 12.41 13.21 10.95 8.32 10.15 8.61 8.69 9.05 12.12 8.03
8.18 8.98 7.08 6.42 8.91 9.34 9.42 8.83 8.91 9.34 4.67 0.00 4.02 0.00 12.56 11.68 12.34 9.20 9.20 10.07 6.94 0.00 0.00 0.00 0.00 0.00 0.00 0.00 0.00 0.00 0.00 0.00 0.00 0.00 0.00 0.00 0.00 0.00 0.00 0.00 0.00 0.00 0.00 0.00 0.00 0.00 0.00 0.00 0.00 0.00 3.94 7.08 4.89 0.00 5.99 0.00 3.94 5.04 5.55 5.91 7.81 10.73 9.49 12.63 10.66 13.80 14.45 15.11 15.11 13.72 12.48 13.72 15.04 14.82 14.02 14.02 12.05 12.70 11.32 9.64 11.53 8.91 9.49 6.13
2.85 5.77 5.04 5.55 4.74 8.98 7.01 4.23 3.58 0.88 4.96 3.07 0.00 0.00 5.91 5.99 13.29 7.66 7.66 5.69 5.62 0.00 0.00 0.00 0.00 0.00 0.00 0.00 0.00 0.00 0.00 0.00 0.00 0.00 0.00 0.00 0.00 0.00 0.00 0.00 0.00 0.00 0.00 0.00 0.00 0.00 0.00 0.00 4.02 5.48 6.50 8.32 5.04 7.15 7.81 5.26 4.82 4.31 5.69 6.50 6.35 8.03 9.13 10.37 9.78 10.88 11.02 11.75 11.75 11.61 11.83 13.07 14.02 14.97 15.40 13.43 12.99 18.10 17.16 17.89 12.26 8.98 7.96 5.84
2.63 0.29 2.77 2.92 0.00 0.00 0.00 0.00 0.00 0.00 0.00 0.00 0.00 2.70 1.90 2.04 3.07 6.35 6.35 5.84 10.15 0.00 0.00 0.00 0.00 0.00 0.00 0.00 0.00 0.00 0.00 0.00 0.00 5.04 0.00 0.00 0.00 0.00 0.00 0.00 6.79 6.50 5.69 5.69 5.84 5.26 4.60 3.72 5.40 7.37 6.64 8.10 9.05 12.92 6.28 4.09 8.10 4.53 7.01 8.98 9.86 8.32 9.34 9.27 9.78 9.71 11.02 13.87 13.87 15.33 16.79 17.89 18.69 18.69 16.57 16.13 18.61 19.20 17.81 18.83 15.26 15.04 6.94 7.96
2.63 0.29 2.77 2.92 0.00 0.00 0.00 0.00 0.00 0.00 0.00 0.00 0.00 2.70 1.90 2.04 3.07 6.35 6.35 5.84 10.15 0.00 0.00 0.00 0.00 0.00 0.00 0.00 0.00 0.00 0.00 0.00 0.00 5.04 0.00 0.00 0.00 0.00 0.00 0.00 6.79 6.50 5.69 5.69 5.84 5.26 4.60 3.72 5.40 7.37 6.64 8.10 9.05 12.92 6.28 4.09 8.10 4.53 7.01 8.98 9.86 8.32 9.34 9.27 9.78 9.71 11.02 13.87 13.87 15.33 16.79 17.89 18.69 18.69 16.57 16.13 18.61 19.20 17.81 18.83 15.26 15.04 6.94 7.96
0.00 0.00 0.00 0.00 0.00 0.00 0.00 0.00 0.00 0.00 0.00 0.00 0.00 0.00 8.98 11.90 4.31 8.83 8.83 10.66 10.07 0.00 0.00 0.00 0.00 0.00 0.00 0.00 2.41 3.58 3.94 3.29 4.23 3.72 5.69 10.51 11.90 10.44 10.44 7.01 7.23 7.15 6.50 6.50 6.13 4.53 5.62 5.91 7.74 8.47 9.56 17.30 13.58 14.82 11.02 6.57 9.27 12.05 14.24 13.51 13.51 9.20 9.42 9.20 10.73 12.05 12.48 12.12 12.12 14.97 15.84 18.69 21.32 23.14 23.21 23.43 23.80 22.27 23.21 21.83 18.76 18.25 10.59 8.18
0.00 0.00 0.00 0.00 0.00 0.00 0.00 0.00 0.00 0.00 0.00 0.00 0.00 12.26 11.17 14.60 14.67 12.92 12.92 12.92 9.56 7.37 0.00 7.15 5.18 0.00 0.00 6.13 4.31 9.49 13.36 15.77 15.77 15.62 12.78 13.07 13.36 12.34 9.64 7.74 8.54 7.88 6.20 6.20 7.01 6.20 10.29 10.00 9.64 9.34 8.18 15.18 14.67 9.20 6.20 7.15 7.74 9.20 11.46 7.96 7.74 10.15 9.42 11.61 12.26 14.31 14.16 15.62 15.62 13.43 15.70 20.22 22.92 23.43 24.97 20.59 22.12 20.22 20.73 21.90 11.61 16.79 9.93 8.18
0.00 0.00 0.00 0.00 0.00 0.00 0.00 0.00 0.00 0.00 0.00 10.59 11.10 12.70 15.33 15.40 14.60 13.14 13.14 10.15 10.80 8.61 9.49 9.20 9.27 8.47 8.10 7.88 11.46 15.70 15.11 18.83 18.03 16.43 16.21 14.45 8.91 8.69 8.83 7.81 6.86 5.55 7.23 7.23 9.56 9.56 8.98 10.37 10.59 16.06 10.95 17.45 17.45 14.75 5.48 19.35 14.45 10.15 12.92 8.32 6.79 3.50 7.15 9.78 9.05 12.99 10.37 14.97 14.97 17.30 19.49 21.75 22.27 17.59 18.25 17.52 17.08 9.20 5.11 8.03 7.66 10.95 11.75 13.80
0.00 0.00 0.00 0.00 0.00 0.00 0.00 0.00 0.00 0.00 11.02 10.80 11.32 10.59 11.61 9.86 11.17 12.41 12.41 10.66 7.52 8.47 8.69 11.10 11.02 11.02 8.76 7.96 10.66 12.63 15.48 19.64 19.35 18.18 13.65 8.61 4.74 5.04 5.11 7.59 6.28 8.32 9.13 9.13 8.54 14.45 11.32 11.53 10.95 9.64 13.36 16.28 14.02 14.24 18.47 18.40 16.79 11.02 4.74 3.14 3.58 3.50 4.31 7.08 7.15 10.66 9.71 13.65 13.65 17.74 19.42 20.29 17.59 16.28 17.16 16.43 16.86 11.68 0.00 2.63 9.20 7.81 9.78 11.02
0.00 0.00 0.00 0.00 0.00 0.00 0.00 0.00 0.00 0.00 11.02 10.80 11.32 10.59 11.61 9.86 11.17 12.41 12.41 10.66 7.52 8.47 8.69 11.10 11.02 11.02 8.76 7.96 10.66 12.63 15.48 19.64 19.35 18.18 13.65 8.61 4.74 5.04 5.11 7.59 6.28 8.32 9.13 9.13 8.54 14.45 11.32 11.53 10.95 9.64 13.36 16.28 14.02 14.24 18.47 18.40 16.79 11.02 4.74 3.14 3.58 3.50 4.31 7.08 7.15 10.66 9.71 13.65 13.65 17.74 19.42 20.29 17.59 16.28 17.16 16.43 16.86 11.68 0.00 2.63 9.20 7.81 9.78 11.02
0.00 0.00 0.00 0.00 0.00 0.00 0.00 0.00 0.00 0.00 10.29 12.48 12.41 13.43 10.59 11.53 10.73 10.66 10.66 7.15 7.74 5.40 5.11 4.89 7.81 11.02 7.81 8.32 8.40 12.70 11.61 15.84 19.42 20.00 14.16 13.72 7.96 4.60 7.96 10.66 10.88 10.00 11.39 11.39 13.80 15.62 19.56 17.37 10.73 14.09 11.90 11.24 11.68 13.36 17.08 18.18 12.34 8.47 5.40 5.11 7.37 11.61 9.86 11.32 8.10 9.64 13.94 17.30 17.30 13.43 18.98 20.37 18.47 14.67 14.02 14.60 10.15 12.12 3.80 1.39 2.19 4.53 5.48 8.25
0.00 0.00 0.00 0.00 0.00 0.00 0.00 0.00 0.00 0.00 0.00 13.72 15.99 15.48 16.35 11.75 10.07 11.61 11.61 9.49 7.08 7.37 4.67 5.77 5.26 8.47 10.22 11.24 10.66 9.49 11.32 17.37 21.02 20.51 19.93 15.40 10.22 7.52 7.96 8.10 6.79 8.25 14.02 14.02 20.22 26.28 27.08 20.37 21.97 18.18 13.80 13.36 10.66 11.90 13.29 13.72 13.94 12.99 9.05 16.35 18.18 17.52 16.28 19.13 15.33 16.21 13.29 18.98 18.98 21.46 20.37 15.11 13.29 13.29 13.36 10.59 3.94 3.21 1.46 1.68 0.00 1.90 1.90 3.80
0.00 0.00 0.00 0.00 0.00 0.00 0.00 0.00 0.00 0.00 14.82 13.80 16.79 16.06 13.65 14.82 13.72 12.56 12.56 12.92 12.26 10.88 9.49 10.07 9.20 13.07 12.78 13.51 10.73 9.49 9.78 12.19 9.93 15.99 15.26 11.46 12.48 2.70 3.87 4.31 3.80 8.91 15.33 15.33 17.23 33.43 20.66 19.86 22.56 25.11 28.98 23.58 25.11 18.03 19.20 18.83 18.76 21.68 21.02 19.56 20.15 19.93 20.51 20.51 17.96 20.15 15.48 22.70 22.70 19.42 14.89 9.34 6.06 1.10 2.85 2.48 3.36 0.73 0.88 2.19 0.00 0.80 1.90 3.58
0.00 0.00 0.00 0.00 0.00 0.00 0.00 0.00 0.00 0.00 0.00 13.58 16.57 17.74 15.91 14.97 15.18 14.67 14.67 13.65 13.07 13.51 11.75 11.17 11.24 12.85 14.67 17.16 12.19 7.01 7.23 7.15 13.29 12.05 8.03 9.64 4.02 0.00 0.00 4.60 7.08 7.15 14.82 14.82 21.02 15.84 21.17 19.20 25.04 27.16 29.05 28.98 26.57 21.61 19.71 23.94 25.77 24.89 22.27 19.42 20.15 19.35 19.49 19.56 19.27 20.66 19.27 21.53 21.53 17.89 12.12 5.62 0.66 0.29 0.22 0.00 0.00 0.00 0.15 1.68 0.00 1.39 2.26 2.19
0.00 0.00 0.00 0.00 0.00 0.00 0.00 0.00 0.00 0.00 0.00 0.00 10.00 14.67 16.13 16.43 17.74 19.49 19.49 18.32 18.18 17.74 17.59 17.37 19.56 21.90 21.17 20.81 17.81 10.00 8.91 5.62 6.35 7.30 8.18 2.99 0.44 0.00 0.37 3.36 3.94 8.18 5.91 5.91 9.13 10.88 16.43 7.59 17.96 15.70 24.75 13.80 24.60 22.63 25.04 24.16 25.77 25.19 16.21 14.24 17.74 19.05 18.47 18.69 18.32 20.08 17.89 20.15 20.15 9.93 7.37 8.47 5.18 0.44 3.43 0.37 0.44 0.58 0.95 0.00 0.00 0.00 0.00 0.00
0.00 0.00 0.00 0.00 0.00 0.00 0.00 0.00 0.00 0.00 0.00 0.00 10.00 14.67 16.13 16.43 17.74 19.49 19.49 18.32 18.18 17.74 17.59 17.37 19.56 21.90 21.17 20.81 17.81 10.00 8.91 5.62 6.35 7.30 8.18 2.99 0.44 0.00 0.37 3.36 3.94 8.18 5.91 5.91 9.13 10.88 16.43 7.59 17.96 15.70 24.75 13.80 24.60 22.63 25.04 24.16 25.77 25.19 16.21 14.24 17.74 19.05 18.47 18.69 18.32 20.08 17.89 20.15 20.15 9.93 7.37 8.47 5.18 0.44 3.43 0.37 0.44 0.58 0.95 0.00 0.00 0.00 0.00 0.00
0.00 0.00 0.00 0.00 0.00 0.00 0.00 8.03 2.77 0.00 0.00 0.00 0.00 9.64 15.70 17.59 16.86 19.86 19.86 17.96 19.56 18.47 18.54 20.37 19.93 21.68 21.90 20.00 18.10 12.85 12.85 6.57 5.33 2.41 1.10 0.44 0.73 0.00 0.22 0.58 0.37 2.99 1.61 1.61 0.00 0.00 0.00 2.99 6.06 0.00 6.86 5.48 15.33 12.41 16.21 4.89 8.32 7.88 7.52 11.24 13.72 11.46 15.70 18.98 20.08 20.00 17.45 15.40 15.40 16.13 14.60 9.93 9.13 6.28 7.30 2.26 1.46 1.24 0.22 0.00 0.00 0.00 0.00 0.00
0.00 0.00 0.00 0.00 0.00 0.00 0.00 0.00 0.00 0.00 0.00 0.00 0.00 0.00 12.70 16.86 19.71 19.71 19.71 20.08 20.95 25.11 21.75 21.23 20.98 23.80 21.53 20.44 19.93 14.82 7.88 8.10 2.63 3.58 1.17 0.29 0.00 0.00 0.66 0.15 0.37 0.00 0.80 0.80 0.00 0.00 0.00 0.00 0.00 0.00 0.00 0.00 5.62 0.00 0.00 0.00 0.00 1.61 0.00 5.99 9.64 8.32 13.43 15.84 18.32 13.58 18.98 16.86 16.86 17.96 15.62 13.94 12.48 7.88 3.72 1.61 1.61 0.95 2.70 0.00 0.00 2.77 0.00 0.00
0.00 0.00 0.00 0.00 0.00 0.00 0.00 0.00 0.00 0.00 0.00 0.00 0.00 0.00 4.38 10.51 8.83 14.89 14.89 18.10 21.02 20.29 22.19 22.48 26.00 22.12 24.36 25.44 23.07 20.59 19.71 13.07 8.76 8.25 0.80 0.00 1.61 0.88 1.39 0.58 0.00 1.46 0.29 0.29 0.37 0.00 0.00 0.00 0.00 0.00 0.00 0.00 0.00 0.00 0.00 0.00 0.00 0.00 0.00 4.89 11.17 14.75 13.43 13.87 15.04 15.62 17.37 13.80 13.80 13.80 14.53 12.85 10.37 9.78 5.18 3.07 7.37 4.60 2.63 3.87 1.83 0.00 0.00 0.00
0.00 0.00 0.00 0.00 0.00 0.00 0.00 0.00 0.00 0.00 0.00 0.00 0.00 0.00 0.00 3.14 7.15 6.28 6.28 9.56 12.56 15.64 15.05 17.31 22.54 16.49 22.32 24.55 25.44 23.54 23.80 19.56 14.16 15.91 11.97 7.96 3.21 1.83 2.70 0.29 1.10 0.00 0.07 0.07 0.44 0.00 0.00 0.00 0.00 0.00 0.00 0.00 0.00 0.00 0.00 0.00 0.00 0.00 0.00 0.00 10.07 15.99 15.91 18.98 16.79 15.26 17.74 18.54 18.54 16.86 18.91 15.40 12.48 13.94 8.40 11.24 9.56 6.28 5.84 4.82 2.92 0.00 2.48 3.36
0.00 0.00 0.00 0.00 0.00 0.00 0.00 0.00 0.00 0.00 0.00 0.00 0.00 0.00 0.00 0.00 0.00 0.00 0.00 0.00 0.00 0.00 0.00 0.00 8.67 7.01 13.92 23.80 14.68 24.92 23.18 24.38 25.33 21.90 19.27 16.86 8.32 1.75 2.70 1.97 2.56 1.31 0.00 0.00 0.00 0.00 0.00 0.00 0.00 0.00 0.00 0.00 0.00 0.00 0.00 0.00 0.00 0.00 0.00 0.00 6.57 15.04 18.98 23.43 22.56 24.16 24.09 23.21 23.21 21.97 18.69 15.99 13.29 11.68 11.61 11.53 10.51 10.88 5.33 5.48 8.98 5.77 3.94 3.58
0.00 0.00 0.00 0.00 0.00 0.00 0.00 0.00 0.00 0.00 0.00 0.00 0.00 0.00 0.00 0.00 0.00 0.00 0.00 0.00 0.00 0.00 0.00 0.00 8.54 7.01 13.51 22.12 13.72 25.31 23.42 25.40 28.46 23.17 19.77 16.86 8.32 1.75 2.70 1.97 2.56 1.31 0.00 0.00 0.00 0.00 0.00 0.00 0.00 0.00 0.00 0.00 0.00 0.00 0.00 0.00 0.00 0.00 0.00 0.00 6.57 15.04 18.98 23.43 22.56 24.16 24.09 23.21 23.21 21.97 18.69 15.99 13.29 11.68 11.61 11.53 10.51 10.88 5.33 5.48 8.98 5.77 3.94 3.58
0.00 0.00 0.00 0.00 0.00 0.00 0.00 0.00 0.00 0.00 0.00 0.00 0.00 0.00 0.00 0.00 0.00 0.00 0.00 0.00 0.00 0.00 0.00 0.00 0.00 0.00 0.00 0.00 3.87 8.58 8.48 24.36 30.39 25.78 24.91 18.00 12.61 8.32 2.70 8.98 4.67 2.12 2.34 2.34 0.00 0.00 0.00 0.00 0.00 0.00 0.00 0.00 0.00 0.00 0.00 0.00 0.00 0.00 0.00 0.00 6.42 13.21 11.46 20.88 24.31 22.78 25.55 22.63 22.63 20.37 18.54 14.24 11.10 12.41 13.65 12.12 10.51 10.80 8.25 6.50 6.79 5.48 4.38 0.00
0.00 0.00 0.00 0.51 0.00 0.00 0.00 0.00 0.00 0.00 0.00 0.00 0.00 0.00 0.00 0.00 0.00 0.00 0.00 0.00 0.00 0.00 0.00 0.00 0.00 0.00 0.00 0.00 3.58 0.00 4.53 0.00 9.64 20.17 17.54 24.86 22.68 20.84 19.35 15.04 7.59 5.04 8.69 8.69 3.58 0.95 0.73 0.22 0.00 0.00 0.00 0.00 0.00 0.00 0.00 0.00 0.00 0.00 0.00 0.00 0.00 5.11 7.59 19.35 20.37 21.75 19.71 20.37 20.37 18.03 11.75 9.71 9.42 12.19 7.81 7.45 7.59 7.23 6.35 4.31 2.85 2.70 1.17 0.00
0.00 0.00 0.37 0.51 0.00 0.00 0.00 0.00 0.00 0.00 0.00 0.00 0.00 0.00 0.00 0.00 0.95 0.00 0.00 0.00 0.00 0.00 0.00 0.00 0.00 0.00 0.00 0.00 0.00 0.00 0.00 0.00 3.58 3.50 10.30 19.42 24.39 22.34 21.02 21.53 17.81 11.53 4.23 4.23 6.50 1.02 1.90 0.66 0.00 0.29 0.00 0.00 0.00 0.00 0.00 0.00 0.00 0.00 0.00 0.00 0.00 0.00 3.36 15.04 14.60 15.11 16.21 9.34 9.34 7.66 5.33 5.48 0.51 3.21 2.48 5.33 6.86 5.26 7.37 9.86 9.49 8.32 5.26 1.83
0.00 0.00 0.00 0.00 0.00 0.00 0.00 0.00 0.00 0.37 0.37 0.00 0.00 0.00 2.34 3.65 3.29 1.53 1.53 0.73 0.00 0.00 0.00 0.00 0.00 0.00 0.00 0.00 0.00 0.00 0.00 0.00 0.15 0.00 5.11 13.14 17.42 23.15 17.06 19.61 20.15 13.14 7.66 7.66 9.42 3.21 5.04 1.75 2.48 1.02 1.24 1.90 0.00 0.00 0.00 0.00 0.00 0.00 0.00 1.46 0.00 0.00 0.00 1.31 8.32 9.56 4.53 4.23 4.23 4.31 1.75 0.00 0.00 0.00 2.56 3.72 2.70 5.62 6.13 8.18 9.93 10.29 7.59 3.94
0.00 0.00 0.00 0.00 0.00 0.00 0.00 0.00 0.00 0.00 0.00 0.00 0.00 0.51 0.44 1.61 1.90 0.00 0.00 0.00 0.00 0.00 0.00 0.00 0.00 0.00 0.00 0.00 0.00 0.00 0.00 0.00 0.00 0.00 3.36 1.83 13.14 4.23 9.41 15.35 17.46 15.40 13.80 13.80 12.12 8.47 9.42 5.99 2.26 1.97 2.63 1.31 2.04 0.00 0.00 0.00 0.00 0.00 0.00 2.70 2.04 0.00 0.37 0.37 0.00 0.00 0.00 1.17 1.17 1.17 0.15 0.00 0.00 0.00 0.00 1.02 2.19 3.58 4.82 4.31 7.59 2.12 2.77 2.56
0.00 0.00 0.00 0.00 0.00 0.00 0.00 0.00 0.00 0.00 0.00 0.00 0.00 0.29 0.00 0.00 0.00 0.00 0.00 0.00 0.00 0.00 0.00 0.00 0.00 0.00 0.00 0.00 0.00 0.00 0.00 0.00 0.00 0.00 0.00 0.00 1.10 1.62 1.97 8.40 6.49 5.18 9.05 9.05 11.97 7.96 9.78 9.71 11.10 9.86 5.33 2.77 0.00 0.00 0.00 0.00 0.00 0.00 0.00 0.00 0.00 2.04 0.00 0.29 0.00 0.00 0.00 0.00 0.00 0.00 0.00 0.00 0.00 0.00 0.00 0.00 0.44 0.88 1.02 0.00 0.73 1.61 2.99 0.22
0.00 0.00 0.00 0.00 0.00 0.00 0.00 0.00 0.00 0.00 0.00 0.00 0.00 0.29 0.00 0.00 0.00 0.00 0.00 0.00 0.00 0.00 0.00 0.00 0.00 0.00 0.00 0.00 0.00 0.00 0.00 0.00 0.00 0.00 0.00 0.00 1.10 1.61 1.99 8.40 6.42 5.18 9.05 9.05 11.97 7.96 9.78 9.71 11.10 9.86 5.33 2.77 0.00 0.00 0.00 0.00 0.00 0.00 0.00 0.00 0.00 2.04 0.00 0.29 0.00 0.00 0.00 0.00 0.00 0.00 0.00 0.00 0.00 0.00 0.00 0.00 0.44 0.88 1.02 0.00 0.73 1.61 2.99 0.22
0.00 0.00 0.00 0.00 0.00 0.00 0.00 0.00 0.00 0.00 0.00 0.00 0.00 0.00 0.00 0.00 0.00 0.00 0.00 0.00 0.00 0.00 0.00 0.00 0.00 0.00 0.00 0.00 0.00 0.00 0.00 0.00 0.00 0.00 0.00 0.00 0.29 0.00 0.66 1.02 1.90 3.58 0.00 0.00 4.02 0.00 6.06 10.51 8.40 11.10 8.03 7.37 3.21 0.00 0.00 0.00 0.00 0.00 0.00 0.00 0.00 2.56 3.36 1.90 0.00 0.00 0.00 0.00 0.00 0.00 0.00 0.00 0.00 0.00 0.00 0.00 0.15 0.00 0.00 0.00 0.00 0.00 0.44 0.00
