Wansh/Snow_depth/snowdepth-1982/spring/1982074.txt
ncols 321
nrows 161
xllcenter 60
yllcenter 15 
cellsize  0.25 
NODATA_value -1
[rows 0 to 36 of 161, columns 0 to 83 of 321]
14.67 14.67 21.53 24.45 24.53 23.29 23.87 23.36 23.80 23.29 23.87 24.45 25.04 25.33 24.82 23.73 22.41 21.90 20.37 17.89 16.50 17.01 17.59 18.10 18.91 16.57 16.57 15.26 16.79 16.79 17.23 17.74 16.72 17.08 17.01 16.13 18.10 19.35 21.32 23.36 26.43 23.94 21.97 24.16 25.19 24.97 25.19 25.33 22.70 24.97 25.62 25.62 24.60 23.43 25.70 28.76 28.18 28.84 27.74 27.52 27.59 27.67 28.11 27.81 27.67 27.23 27.96 27.45 23.43 22.48 24.97 26.50 27.23 25.04 25.26 24.89 24.89 24.67 24.75 23.94 22.85 24.24 24.24 25.11
22.92 22.92 22.41 23.43 25.11 24.89 23.51 23.87 23.14 21.61 21.97 22.34 22.70 21.75 20.37 19.20 18.18 17.08 16.35 13.94 14.75 16.35 16.06 16.35 0.00 12.70 12.70 13.87 14.53 15.99 14.09 13.72 12.34 11.97 13.94 14.97 15.99 16.72 17.67 17.08 17.16 17.96 17.59 18.69 19.05 17.96 18.76 21.32 21.90 23.51 23.29 23.29 22.78 22.56 24.67 26.28 27.59 28.18 27.67 27.38 26.65 27.01 25.19 24.75 24.60 22.92 20.37 19.93 17.96 16.64 20.73 24.31 26.65 26.21 26.94 28.69 28.69 29.57 27.45 27.01 26.79 26.28 25.33 24.75
23.36 23.36 22.48 23.21 25.19 24.82 23.00 20.88 19.05 18.47 17.67 15.11 13.51 13.65 12.99 12.41 11.46 12.26 11.10 10.44 11.24 12.05 11.39 12.92 12.12 11.46 11.46 13.07 13.43 12.78 12.99 13.21 13.80 13.43 14.60 15.99 17.45 15.99 15.11 15.33 15.40 15.77 15.11 13.94 15.62 17.52 18.76 17.89 19.27 20.81 19.78 19.78 20.44 20.51 21.75 22.41 22.92 23.73 23.65 24.02 24.38 25.55 26.43 26.28 25.19 25.19 24.97 24.60 25.33 25.04 24.82 24.97 25.48 25.11 25.11 26.79 26.79 27.01 26.57 25.77 24.53 24.60 25.19 24.60
23.36 23.36 22.48 23.21 25.19 24.82 23.00 20.88 19.05 18.47 17.67 15.11 13.51 13.65 12.99 12.41 11.46 12.26 11.10 10.44 11.24 12.05 11.39 12.92 12.12 11.46 11.46 13.07 13.43 12.78 12.99 13.21 13.80 13.43 14.60 15.99 17.45 15.99 15.11 15.33 15.40 15.77 15.11 13.94 15.62 17.52 18.76 17.89 19.27 20.81 19.78 19.78 20.44 20.51 21.75 22.41 22.92 23.73 23.65 24.02 24.38 25.55 26.43 26.28 25.19 25.19 24.97 24.60 25.33 25.04 24.82 24.97 25.48 25.11 25.11 26.79 26.79 27.01 26.57 25.77 24.53 24.60 25.19 24.60
15.70 15.70 17.23 18.25 19.64 17.89 16.50 15.33 14.09 12.63 11.46 11.32 10.88 10.00 9.78 8.47 8.76 10.59 10.73 9.27 10.80 11.46 11.39 10.88 12.12 13.43 13.43 14.75 15.70 14.89 15.55 17.23 16.50 15.55 15.55 15.77 16.57 16.94 16.64 17.45 15.91 16.64 15.33 16.13 17.30 17.16 18.25 18.03 17.67 16.94 17.67 17.67 18.69 18.98 19.49 19.49 19.93 20.51 21.10 22.48 24.09 23.21 24.45 25.99 26.35 25.55 24.97 25.26 24.53 25.33 23.87 22.85 22.70 22.63 22.41 23.29 23.29 22.63 23.07 23.29 22.48 22.48 23.36 22.27
13.87 13.87 12.34 11.75 13.65 12.78 12.70 11.83 10.95 10.07 9.86 7.88 5.55 6.64 7.45 9.27 9.78 10.29 12.19 11.83 11.61 13.43 14.09 13.94 15.26 17.52 17.52 19.05 18.54 18.98 20.00 20.66 20.95 19.93 18.03 18.18 18.61 18.61 19.35 20.29 23.29 22.19 24.02 22.92 19.78 19.56 20.15 19.71 18.40 16.21 17.23 17.23 17.52 14.89 16.50 17.45 16.50 17.52 18.69 21.17 23.00 24.67 24.67 24.02 24.60 24.24 23.29 22.78 21.83 21.68 20.00 19.71 19.71 21.10 21.10 22.92 22.92 23.65 24.24 24.60 22.63 22.19 22.63 22.92
11.61 11.61 11.32 10.73 10.73 9.86 8.83 9.34 9.86 9.86 8.61 6.13 5.33 7.74 10.22 10.29 12.19 10.29 13.36 13.58 14.24 15.33 16.94 17.96 19.27 20.37 20.37 19.27 19.35 18.18 20.59 20.44 21.17 20.73 19.78 20.00 20.00 20.81 20.08 20.51 19.27 22.27 22.70 23.87 22.70 21.02 20.95 20.59 18.25 17.96 16.13 16.13 13.51 14.89 16.86 18.61 17.67 17.16 18.54 19.78 19.71 20.95 23.43 23.29 22.63 22.19 21.32 21.10 18.98 17.74 16.57 17.16 17.89 17.89 18.03 19.42 19.42 21.24 22.12 22.41 23.43 25.11 25.70 24.09
11.61 11.61 11.32 10.73 10.73 9.86 8.83 9.34 9.86 9.86 8.61 6.13 5.33 7.74 10.22 10.29 12.19 10.29 13.36 13.58 14.24 15.33 16.94 17.96 19.27 20.37 20.37 19.27 19.35 18.18 20.59 20.44 21.17 20.73 19.78 20.00 20.00 20.81 20.08 20.51 19.27 22.27 22.70 23.87 22.70 21.02 20.95 20.59 18.25 17.96 16.13 16.13 13.51 14.89 16.86 18.61 17.67 17.16 18.54 19.78 19.71 20.95 23.43 23.29 22.63 22.19 21.32 21.10 18.98 17.74 16.57 17.16 17.89 17.89 18.03 19.42 19.42 21.24 22.12 22.41 23.43 25.11 25.70 24.09
11.53 11.53 12.19 11.61 10.37 9.05 9.05 9.13 8.47 7.45 5.91 4.82 4.96 7.37 8.76 10.22 11.83 13.80 15.48 18.76 17.52 18.91 18.61 18.76 17.59 16.06 16.06 14.82 15.70 16.50 17.01 18.25 19.20 19.42 20.08 19.13 19.20 19.78 18.47 14.53 14.97 15.70 16.21 19.56 21.90 22.34 21.68 21.53 22.12 22.85 23.07 23.07 23.36 19.20 16.50 17.52 18.10 18.25 18.91 19.42 20.29 20.66 20.29 19.35 19.64 18.18 19.42 19.05 19.35 17.89 16.50 16.86 19.05 19.56 20.00 20.15 20.15 17.16 14.75 17.96 21.10 21.90 23.51 22.92
10.66 10.66 9.71 10.15 11.24 11.83 11.83 11.10 11.83 11.39 9.34 9.13 10.51 11.75 12.56 10.88 11.90 12.05 13.80 16.06 16.57 17.45 18.98 18.69 17.30 15.04 15.04 13.80 15.18 16.57 16.64 16.21 17.01 17.59 17.96 17.08 17.74 18.32 19.49 18.76 18.40 18.18 18.61 20.81 25.84 26.06 23.58 22.05 25.77 28.62 28.54 28.54 27.59 25.48 21.61 21.75 22.34 20.08 19.56 20.44 22.05 23.14 20.00 19.13 19.71 20.44 19.64 18.10 17.45 17.74 16.50 16.43 16.43 16.86 19.64 20.22 20.22 17.30 15.91 18.91 19.86 21.17 23.07 22.63
10.00 10.00 8.98 10.80 12.34 14.24 14.16 14.16 13.14 13.14 15.04 14.53 15.84 17.45 15.70 14.09 14.38 14.67 16.94 14.53 14.38 13.51 15.48 15.91 15.40 14.24 14.24 13.80 15.04 15.26 15.62 15.91 17.16 16.21 17.08 18.69 19.35 19.13 18.18 19.71 19.64 18.25 19.27 22.19 25.40 28.03 28.11 27.45 30.00 29.42 30.44 30.44 29.49 26.43 24.38 24.24 23.21 21.75 20.29 20.00 18.32 18.69 19.20 18.69 19.20 18.47 20.37 21.83 22.85 21.75 20.88 20.59 19.05 20.00 21.39 22.19 22.19 21.61 21.61 21.39 20.88 25.40 25.26 25.26
10.00 10.00 8.98 10.80 12.34 14.24 14.16 14.16 13.14 13.14 15.04 14.53 15.84 17.45 15.70 14.09 14.38 14.67 16.94 14.53 14.38 13.51 15.48 15.91 15.40 14.24 14.24 13.80 15.04 15.26 15.62 15.91 17.16 16.21 17.08 18.69 19.35 19.13 18.18 19.71 19.64 18.25 19.27 22.19 25.40 28.03 28.11 27.45 30.00 29.42 30.44 30.44 29.49 26.43 24.38 24.24 23.21 21.75 20.29 20.00 18.32 18.69 19.20 18.69 19.20 18.47 20.37 21.83 22.85 21.75 20.88 20.59 19.05 20.00 21.39 22.19 22.19 21.61 21.61 21.39 20.88 25.40 25.26 25.26
9.64 9.64 8.98 10.73 13.51 15.55 16.43 17.16 17.81 19.78 20.59 20.08 18.76 17.89 17.08 16.79 15.55 21.46 18.91 14.97 11.32 9.56 10.44 9.20 11.39 13.51 13.51 13.36 13.58 14.67 14.53 15.04 13.65 15.77 16.72 17.52 17.23 16.50 17.01 18.25 18.18 20.59 23.51 23.29 24.60 25.62 25.19 24.53 26.21 25.48 25.55 25.55 25.11 22.92 19.42 20.59 22.19 20.15 18.32 17.67 15.99 16.57 16.57 18.18 20.44 20.81 20.81 21.68 22.05 20.29 20.66 22.12 23.36 24.31 22.56 21.90 21.90 24.97 26.50 26.79 27.01 26.50 23.65 23.07
12.92 12.92 12.78 14.97 17.30 18.83 19.78 20.66 21.97 22.56 21.46 19.64 19.05 16.57 14.82 15.04 20.08 18.91 16.50 12.12 10.00 9.42 9.86 10.00 10.59 11.68 11.68 13.51 12.12 11.75 13.14 13.65 13.72 14.09 15.84 16.21 17.89 17.30 17.52 16.94 15.26 16.72 19.42 19.86 19.78 19.13 20.15 23.07 24.97 24.02 23.65 23.65 22.85 17.37 16.28 17.74 18.03 16.94 16.28 14.82 10.95 7.66 9.20 12.41 18.25 21.32 21.17 21.46 21.10 20.08 20.66 23.58 26.79 28.11 25.77 23.00 23.00 23.43 24.67 25.19 24.53 21.90 19.42 16.28
15.33 15.33 14.97 16.06 17.01 19.05 19.49 19.64 20.22 19.71 18.10 17.16 16.79 16.28 15.26 20.00 18.83 17.67 16.13 13.36 10.66 9.42 8.61 9.64 11.83 14.60 14.60 14.45 13.21 12.99 14.31 14.89 15.48 15.70 17.01 18.40 19.35 16.64 16.35 17.59 15.70 15.77 14.82 15.33 17.74 19.05 19.78 21.02 19.78 19.64 17.89 17.89 15.18 13.72 12.99 17.59 17.96 15.26 15.18 15.84 15.40 13.65 12.78 14.45 17.67 20.15 22.34 23.51 23.51 21.90 21.90 22.92 24.53 25.40 24.09 23.43 23.43 25.11 24.53 22.78 21.46 20.95 20.29 19.93
19.93 19.93 20.37 20.29 20.59 19.78 18.54 18.10 17.59 17.52 16.50 14.53 13.21 13.14 14.97 15.70 16.64 17.01 15.84 15.91 14.24 12.48 10.37 9.49 10.51 12.19 12.19 15.40 12.34 14.97 16.79 17.30 17.67 17.74 18.54 16.64 14.24 14.53 14.67 16.43 17.23 17.81 16.64 15.70 17.08 16.94 17.89 17.59 15.04 14.16 14.38 14.38 14.60 15.70 17.89 17.30 17.37 16.35 16.72 17.37 16.86 15.04 13.80 14.38 15.91 17.81 20.37 20.88 22.70 22.85 23.14 22.27 24.16 26.72 27.08 23.58 23.58 20.37 19.93 20.73 19.35 19.78 18.47 16.79
19.93 19.93 20.37 20.29 20.59 19.78 18.54 18.10 17.59 17.52 16.50 14.53 13.21 13.14 14.97 15.70 16.64 17.01 15.84 15.91 14.24 12.48 10.37 9.49 10.51 12.19 12.19 15.40 12.34 14.97 16.79 17.30 17.67 17.74 18.54 16.64 14.24 14.53 14.67 16.43 17.23 17.81 16.64 15.70 17.08 16.94 17.89 17.59 15.04 14.16 14.38 14.38 14.60 15.70 17.89 17.30 17.37 16.35 16.72 17.37 16.86 15.04 13.80 14.38 15.91 17.81 20.37 20.88 22.70 22.85 23.14 22.27 24.16 26.72 27.08 23.58 23.58 20.37 19.93 20.73 19.35 19.78 18.47 16.79
19.93 19.93 21.02 21.68 22.34 21.02 18.10 16.43 14.97 14.09 12.12 11.10 8.76 7.66 12.85 12.12 14.53 17.08 17.23 16.06 13.21 12.56 13.36 12.70 11.46 10.29 10.29 10.22 12.70 15.40 18.54 19.86 20.29 19.64 18.32 15.33 13.14 13.43 15.33 19.42 19.56 19.05 18.47 15.62 14.53 15.62 17.01 15.33 14.97 14.60 16.06 16.06 16.72 16.86 17.81 17.81 18.40 17.89 16.86 16.79 16.13 14.38 9.93 11.83 12.78 14.31 16.50 18.54 20.95 23.73 25.04 22.12 22.56 26.13 28.25 27.16 27.16 23.14 22.27 20.81 19.71 17.89 15.40 14.24
18.83 18.83 19.78 21.02 20.73 18.47 17.67 15.99 13.72 13.14 14.09 11.17 9.86 16.06 15.91 13.36 12.41 14.16 14.60 13.51 11.46 11.17 11.32 11.97 12.63 12.34 12.34 9.64 11.24 14.97 17.67 18.54 18.83 19.13 19.13 8.03 11.24 14.75 15.99 18.10 18.54 18.25 16.79 16.13 14.38 16.28 16.28 16.64 14.97 16.06 15.62 15.62 15.55 17.37 18.61 19.05 18.40 17.23 15.18 12.99 17.30 16.79 13.94 9.93 7.81 7.96 10.07 14.16 17.52 18.98 21.10 21.97 23.29 23.73 23.21 23.29 23.29 21.83 20.59 22.05 20.66 20.81 18.54 16.72
17.52 17.52 17.23 18.32 17.45 15.40 13.72 13.65 12.41 12.05 11.61 12.34 15.84 15.70 13.87 11.61 11.39 11.97 12.26 11.90 11.68 12.12 13.29 14.16 15.11 14.67 14.67 12.85 12.41 14.09 16.35 18.03 17.37 18.03 15.99 11.90 13.14 16.35 17.45 18.25 19.27 18.10 17.89 17.81 16.94 16.57 17.81 20.95 18.83 17.81 18.76 18.76 17.96 19.35 20.51 19.35 18.98 17.59 17.01 16.28 16.35 18.40 18.18 15.70 13.72 14.16 12.41 13.58 14.82 16.50 17.23 18.54 20.95 23.51 23.36 22.48 22.48 20.88 19.05 19.20 21.10 20.73 18.69 16.72
15.33 15.33 16.35 16.43 16.28 15.18 14.45 13.87 12.63 12.70 9.93 10.80 14.67 14.89 12.92 13.43 12.78 13.87 12.78 10.15 11.75 13.58 14.45 14.82 15.40 15.55 15.55 15.70 17.23 19.05 19.13 18.40 17.59 16.72 15.99 18.91 17.37 18.40 20.95 20.81 20.00 18.69 18.91 18.91 18.54 17.74 18.25 19.93 19.93 19.93 19.78 19.78 19.05 17.45 18.69 19.13 20.08 21.02 21.39 21.75 19.42 18.83 19.35 19.27 18.32 16.79 16.06 16.43 15.33 15.62 16.06 15.62 17.59 18.76 22.05 25.62 25.62 25.26 23.29 22.34 22.19 21.61 21.02 16.50
14.89 14.89 14.82 14.89 15.26 13.14 11.90 11.02 12.41 12.92 11.24 13.51 15.55 14.75 15.77 15.99 16.57 15.11 13.14 11.53 14.24 14.82 15.91 16.94 17.16 17.96 17.96 18.18 18.54 19.35 17.30 16.21 17.08 17.52 22.05 21.53 20.44 21.68 23.87 22.05 21.17 20.29 19.13 19.49 21.39 23.65 21.39 20.88 21.02 21.10 21.90 21.90 20.29 18.69 19.42 21.97 21.39 21.39 22.48 22.05 19.78 18.83 19.64 18.69 18.40 17.89 17.45 16.72 18.32 18.69 18.54 17.37 17.08 19.05 21.97 24.67 24.67 25.55 25.70 27.38 25.92 23.21 19.78 17.30
14.89 14.89 14.82 14.89 15.26 13.14 11.90 11.02 12.41 12.92 11.24 13.51 15.55 14.75 15.77 15.99 16.57 15.11 13.14 11.53 14.24 14.82 15.91 16.94 17.16 17.96 17.96 18.18 18.54 19.35 17.30 16.21 17.08 17.52 22.05 21.53 20.44 21.68 23.87 22.05 21.17 20.29 19.13 19.49 21.39 23.65 21.39 20.88 21.02 21.10 21.90 21.90 20.29 18.69 19.42 21.97 21.39 21.39 22.48 22.05 19.78 18.83 19.64 18.69 18.40 17.89 17.45 16.72 18.32 18.69 18.54 17.37 17.08 19.05 21.97 24.67 24.67 25.55 25.70 27.38 25.92 23.21 19.78 17.30
15.26 15.26 14.89 12.34 10.37 9.86 10.15 11.02 10.80 12.34 15.48 15.48 15.40 16.21 18.61 17.37 18.03 16.35 15.77 15.40 16.06 17.23 18.76 18.91 19.20 19.20 19.20 18.98 17.74 20.81 20.22 21.02 20.81 19.93 24.09 23.65 22.92 22.70 22.12 21.75 20.95 21.46 21.90 22.85 26.06 23.94 22.63 22.70 20.59 21.17 22.85 22.85 21.97 22.05 22.27 23.00 22.48 20.51 17.89 19.35 18.32 17.52 19.13 17.08 16.72 18.69 20.66 17.89 15.48 15.77 15.18 15.18 15.55 15.18 19.05 20.00 20.00 24.16 24.97 26.79 28.69 21.53 18.25 17.74
14.53 14.53 13.07 10.51 10.22 9.05 10.80 10.29 11.39 9.64 16.06 17.59 17.23 17.59 17.37 16.43 14.75 15.33 16.50 17.89 17.59 20.51 22.56 21.53 20.66 19.42 19.42 19.05 20.15 22.70 23.29 24.45 24.24 26.65 26.43 23.43 23.51 25.04 24.53 24.82 25.11 25.48 25.40 24.97 24.89 24.67 23.58 23.65 22.34 21.39 21.32 21.32 21.75 24.02 26.06 25.70 22.27 21.53 20.66 20.22 19.86 20.22 20.00 18.61 18.10 20.00 22.56 21.32 19.78 20.44 20.44 19.71 19.71 17.16 15.70 15.62 15.62 20.22 24.89 25.99 21.68 17.81 13.14 11.53
12.26 12.26 12.05 12.05 11.90 9.49 9.42 11.61 11.46 16.06 17.37 17.23 17.37 15.99 14.31 13.14 14.97 16.13 15.84 19.49 21.53 22.48 21.68 20.81 18.91 15.18 15.18 14.89 18.91 23.51 24.24 24.31 24.24 26.43 25.84 23.51 21.39 24.60 25.33 25.77 26.65 26.21 24.97 24.67 24.09 22.48 23.43 23.14 21.75 21.17 22.05 22.05 24.45 26.72 27.67 26.94 25.40 23.87 23.51 23.73 23.51 22.85 23.21 23.29 21.17 21.10 22.92 23.51 24.31 24.82 25.40 25.55 24.53 23.87 22.48 18.69 18.69 17.67 20.37 22.63 20.22 17.67 15.91 14.75
11.75 11.75 10.95 12.34 9.71 7.30 8.69 8.10 17.67 15.70 14.53 14.31 13.14 14.02 12.85 12.70 14.09 16.06 17.16 19.56 20.37 19.93 18.32 17.23 17.08 17.37 17.37 18.83 21.39 23.87 23.51 24.09 23.94 23.80 24.82 24.31 23.80 26.13 25.77 26.06 26.28 26.65 26.35 26.13 26.13 23.94 23.07 22.56 22.34 23.65 27.01 27.01 29.05 28.91 28.47 26.35 24.31 23.73 24.89 25.92 23.94 22.19 23.29 24.97 23.65 22.63 23.58 24.82 25.92 26.43 25.04 24.31 25.55 25.19 23.21 20.73 20.73 18.18 17.45 21.46 18.47 17.81 17.45 18.76
10.66 10.66 9.20 7.30 5.55 5.26 7.08 6.06 19.93 18.25 17.59 16.35 13.72 13.80 12.48 13.87 15.62 16.86 17.37 16.79 16.79 16.06 14.75 13.14 13.43 16.50 16.50 21.75 22.56 22.41 22.63 23.43 21.24 20.95 20.37 21.75 22.34 25.11 25.77 24.82 24.97 22.41 21.53 22.12 21.46 20.22 18.25 19.27 20.15 24.02 26.13 26.13 27.23 28.98 29.93 28.76 25.77 25.11 24.24 21.97 22.34 20.22 20.59 22.19 21.90 22.92 21.90 22.56 24.45 25.48 24.24 27.81 25.55 25.40 23.00 22.19 22.19 21.24 17.37 17.08 17.59 19.35 21.61 20.73
10.66 10.66 9.20 7.30 5.55 5.26 7.08 6.06 19.93 18.25 17.59 16.35 13.72 13.80 12.48 13.87 15.62 16.86 17.37 16.79 16.79 16.06 14.75 13.14 13.43 16.50 16.50 21.75 22.56 22.41 22.63 23.43 21.24 20.95 20.37 21.75 22.34 25.11 25.77 24.82 24.97 22.41 21.53 22.12 21.46 20.22 18.25 19.27 20.15 24.02 26.13 26.13 27.23 28.98 29.93 28.76 25.77 25.11 24.24 21.97 22.34 20.22 20.59 22.19 21.90 22.92 21.90 22.56 24.45 25.48 24.24 27.81 25.55 25.40 23.00 22.19 22.19 21.24 17.37 17.08 17.59 19.35 21.61 20.73
11.46 11.46 10.88 9.71 7.01 7.52 7.81 16.79 17.01 18.54 18.69 18.32 17.37 18.18 18.76 21.75 22.56 20.59 18.61 17.59 15.84 14.24 13.58 14.31 14.97 18.69 18.69 22.19 23.14 23.58 24.16 24.09 20.00 20.59 20.08 18.69 22.05 24.31 24.45 22.27 21.02 17.89 16.86 16.86 17.16 17.74 17.74 18.98 20.29 22.19 22.27 22.27 23.21 27.23 29.27 26.86 24.09 20.51 18.91 18.83 20.15 21.24 20.73 21.61 22.05 23.14 21.90 21.10 21.24 21.61 22.85 24.82 24.24 26.50 25.84 26.06 26.06 23.80 21.68 20.15 20.88 20.59 21.61 22.63
9.86 9.86 8.40 9.56 11.61 11.97 14.31 15.70 18.10 19.71 20.08 18.98 20.37 22.34 26.72 28.91 29.13 25.70 20.51 18.25 19.35 19.49 17.01 14.67 14.16 17.89 17.89 21.02 21.24 21.39 20.15 19.56 18.18 17.37 16.57 18.91 20.81 22.27 20.51 21.24 18.54 17.16 16.13 16.72 16.86 17.01 17.74 20.44 22.19 24.67 25.48 25.48 25.19 25.26 26.13 24.82 21.39 18.83 18.18 18.25 20.37 21.32 19.42 22.05 24.09 23.58 22.56 21.53 20.44 20.29 22.27 23.43 23.43 26.79 24.82 23.87 23.87 22.27 20.81 17.89 17.37 18.25 19.13 20.22
9.71 9.71 9.71 9.49 8.61 8.69 13.51 15.40 17.67 18.47 19.78 21.61 22.27 23.65 26.43 28.91 30.08 28.40 23.07 18.98 19.35 20.66 18.98 16.50 15.26 16.50 16.50 18.54 20.00 19.42 18.76 13.29 13.58 14.89 16.28 17.67 17.45 17.81 18.61 19.20 16.43 14.02 11.90 12.92 14.09 15.91 18.10 20.51 20.59 21.68 25.19 25.19 27.23 24.89 23.14 22.56 19.86 17.16 15.77 17.81 20.66 21.10 23.07 24.67 25.99 25.11 23.87 24.02 23.21 23.87 21.61 21.97 20.95 23.00 22.56 20.95 20.95 19.71 17.37 18.25 18.10 17.08 16.94 17.45
8.61 8.61 12.05 9.86 8.98 11.39 13.29 16.94 20.59 23.29 25.19 23.51 24.67 24.53 24.02 25.70 26.50 25.48 23.58 20.44 18.03 19.27 19.64 19.05 17.01 15.33 15.33 15.70 16.79 17.52 18.40 13.07 11.90 12.92 13.21 13.72 15.84 16.13 16.13 14.60 14.31 11.32 10.66 10.51 12.85 15.04 16.57 17.52 17.52 17.23 18.47 18.47 22.19 21.97 21.90 21.90 20.00 19.78 18.47 17.81 19.86 22.05 23.36 24.45 24.67 26.50 28.47 26.65 24.60 24.60 23.21 22.63 12.99 14.09 16.57 17.52 17.52 16.35 13.65 10.80 13.72 16.86 18.91 22.19
11.97 11.97 13.94 11.97 11.39 12.99 15.70 19.20 22.85 24.82 24.38 23.87 24.60 22.63 22.19 24.31 26.21 25.48 22.05 14.60 11.17 17.30 22.70 23.87 21.97 18.76 18.76 16.86 16.57 16.06 17.30 15.11 14.53 15.11 13.58 13.80 15.91 16.43 15.26 13.65 12.70 10.15 10.51 11.53 11.53 10.22 10.80 13.87 13.94 13.80 15.33 15.33 15.55 17.16 18.18 20.08 20.81 18.69 11.97 6.57 11.75 18.61 19.35 17.30 17.81 23.58 29.05 27.30 25.77 24.31 23.73 13.94 10.29 8.25 5.26 8.03 8.03 10.44 9.64 8.10 7.30 7.30 9.93 15.04
12.56 12.56 13.87 15.33 17.96 18.91 21.83 24.09 24.09 24.82 22.92 18.10 18.47 17.52 15.11 19.71 24.67 24.89 18.18 8.32 9.34 20.81 26.65 25.84 23.14 20.00 20.00 16.79 15.77 16.94 18.47 17.45 17.01 15.84 14.67 15.11 15.91 16.21 13.07 11.97 12.41 11.68 12.12 11.83 9.78 7.52 7.66 9.20 10.66 11.61 12.48 12.48 13.65 15.33 16.94 19.35 18.47 11.61 5.55 9.13 17.89 26.72 30.30 28.47 28.32 32.49 31.03 28.32 25.77 23.07 10.73 5.11 6.50 3.21 4.67 12.99 12.99 14.53 12.41 8.98 10.29 10.15 11.97 11.97
12.56 12.56 13.87 15.33 17.96 18.91 21.83 24.09 24.09 24.82 22.92 18.10 18.47 17.52 15.11 19.71 24.67 24.89 18.18 8.32 9.34 20.81 26.65 25.84 23.14 20.00 20.00 16.79 15.77 16.94 18.47 17.45 17.01 15.84 14.67 15.11 15.91 16.21 13.07 11.97 12.41 11.68 12.12 11.83 9.78 7.52 7.66 9.20 10.66 11.61 12.48 12.48 13.65 15.33 16.94 19.35 18.47 11.61 5.55 9.13 17.89 26.72 30.30 28.47 28.32 32.49 31.03 28.32 25.77 23.07 10.73 5.11 6.50 3.21 4.67 12.99 12.99 14.53 12.41 8.98 10.29 10.15 11.97 11.97
6.28 6.28 7.59 10.66 0.00 0.00 0.00 24.31 17.23 13.43 12.05 5.77 0.15 0.73 1.61 5.18 9.42 10.88 14.31 18.40 21.68 23.07 23.21 21.75 19.05 17.89 17.89 17.08 18.10 18.76 20.08 18.76 18.98 17.52 15.04 14.60 13.14 13.65 12.70 13.51 14.60 13.87 12.26 12.12 10.66 6.57 4.74 6.64 9.20 10.00 13.07 13.07 13.94 14.97 14.31 13.21 10.59 10.59 16.28 24.97 31.68 33.36 34.16 34.16 33.36 34.31 34.09 32.49 27.23 26.43 17.52 16.06 12.48 11.24 12.26 14.02 14.02 13.51 10.37 13.87 18.03 18.40 20.44 18.91
