Wansh/Snow_depth/snowdepth-1982/spring/1982094.txt
ncols 321
nrows 161
xllcenter 60
yllcenter 15 
cellsize  0.25 
NODATA_value -1
[rows 0 to 36 of 161, columns 0 to 83 of 321]
14.53 14.53 20.59 21.61 19.64 16.43 18.40 23.00 25.70 26.21 24.53 23.73 22.48 22.34 23.94 22.63 21.97 22.92 22.70 23.00 20.37 19.05 18.69 19.20 18.91 19.05 19.05 20.51 21.53 22.05 21.68 20.44 20.44 20.66 15.04 16.43 16.64 16.50 16.43 16.72 0.00 0.00 0.00 0.00 16.21 0.00 0.00 0.00 0.00 0.00 0.00 0.00 0.00 0.00 0.00 0.00 0.00 0.00 0.00 0.00 0.00 0.00 0.00 0.00 0.00 0.00 0.00 0.00 0.00 0.00 0.00 0.00 0.00 0.00 0.00 0.00 0.00 1.53 7.01 11.39 13.43 15.62 15.62 16.13
20.29 20.29 24.16 26.50 26.35 24.53 23.00 24.89 28.25 28.25 28.11 28.25 26.57 26.06 24.31 23.00 22.19 21.53 20.51 19.05 19.56 17.96 17.59 18.83 20.66 21.90 21.90 23.36 23.80 21.61 19.27 21.17 19.71 17.37 17.01 15.55 16.86 16.57 16.57 16.50 16.43 16.64 17.01 16.94 0.00 0.00 0.00 0.00 0.00 0.00 0.00 0.00 21.02 21.53 0.00 0.00 0.00 0.00 0.00 0.00 0.00 0.00 0.00 0.00 0.00 0.00 0.00 0.00 0.00 0.00 0.00 0.00 0.00 0.00 0.00 0.00 0.00 2.04 6.79 12.85 18.47 19.13 19.49 19.35
24.45 24.45 23.21 25.48 28.25 30.59 26.86 25.48 24.97 26.65 27.59 23.65 22.12 21.17 20.51 19.35 16.72 13.94 13.36 13.58 16.13 18.32 20.29 21.97 23.80 24.02 24.02 23.07 21.75 21.32 21.83 22.05 18.61 18.18 18.40 17.16 17.45 17.96 18.76 18.91 18.47 17.30 16.64 16.50 16.64 16.57 0.00 0.00 0.00 0.00 0.00 0.00 0.00 0.00 0.00 0.00 0.00 0.00 0.00 0.00 0.00 0.00 0.00 0.00 0.00 0.00 10.51 9.27 0.00 0.00 0.00 0.00 0.00 0.00 0.00 0.00 0.00 0.00 0.00 14.53 16.86 17.89 17.45 19.13
24.45 24.45 23.21 25.48 28.25 30.59 26.86 25.48 24.97 26.65 27.59 23.65 22.12 21.17 20.51 19.35 16.72 13.94 13.36 13.58 16.13 18.32 20.29 21.97 23.80 24.02 24.02 23.07 21.75 21.32 21.83 22.05 18.61 18.18 18.40 17.16 17.45 17.96 18.76 18.91 18.47 17.30 16.64 16.50 16.64 16.57 0.00 0.00 0.00 0.00 0.00 0.00 0.00 0.00 0.00 0.00 0.00 0.00 0.00 0.00 0.00 0.00 0.00 0.00 0.00 0.00 10.51 9.27 0.00 0.00 0.00 0.00 0.00 0.00 0.00 0.00 0.00 0.00 0.00 14.53 16.86 17.89 17.45 19.13
16.06 16.06 16.13 21.90 22.85 16.94 17.45 15.62 14.89 14.75 14.97 15.04 14.89 13.65 13.94 14.97 13.58 11.53 14.02 17.74 20.22 22.63 24.31 24.82 24.16 21.97 21.97 21.75 21.90 21.39 21.90 16.64 17.30 16.50 15.33 14.75 16.57 16.50 15.18 15.26 16.50 17.74 15.48 15.11 16.94 17.52 0.00 0.00 0.00 0.00 0.00 0.00 0.00 0.00 0.00 0.00 0.00 0.00 0.00 0.00 0.00 0.00 0.00 0.00 0.00 8.98 8.98 7.15 0.00 0.00 0.00 0.00 0.00 0.00 0.00 6.86 6.86 11.32 13.87 15.99 17.89 18.18 16.43 16.86
13.36 13.36 10.59 12.85 15.26 15.99 16.35 15.18 14.53 12.70 10.59 8.47 8.40 6.50 8.54 12.34 14.75 13.29 14.38 16.35 21.61 21.32 19.27 20.00 21.61 21.90 21.90 22.78 21.39 22.05 15.33 16.43 15.18 13.21 10.15 7.23 5.84 6.42 7.66 9.27 9.64 9.20 10.22 12.26 13.72 13.80 13.65 0.00 0.00 0.00 14.75 14.75 14.53 0.00 0.00 0.00 0.00 0.00 0.00 11.53 11.10 10.00 8.18 6.13 6.28 5.77 6.20 0.00 0.00 0.00 0.00 0.00 0.00 0.00 3.43 7.15 7.15 12.12 16.72 18.03 16.79 15.77 16.50 19.78
8.91 8.91 7.15 7.01 10.29 15.84 19.35 19.93 19.56 18.10 14.31 12.05 10.80 10.51 13.72 16.50 19.64 19.56 13.14 13.14 18.98 20.00 19.56 19.71 20.88 22.78 22.78 21.68 20.51 13.65 14.60 15.18 12.99 10.73 10.22 8.18 7.08 5.77 4.45 3.29 0.00 0.00 0.00 4.31 5.91 7.74 0.00 0.00 0.00 0.00 0.00 0.00 0.00 0.00 0.00 0.00 0.00 0.00 0.00 0.00 10.22 8.32 6.50 3.72 3.94 4.96 0.00 0.00 0.00 0.00 0.00 0.00 0.00 0.00 3.58 10.88 10.88 16.06 18.10 18.76 18.25 18.25 16.79 16.35
8.91 8.91 7.15 7.01 10.29 15.84 19.35 19.93 19.56 18.10 14.31 12.05 10.80 10.51 13.72 16.50 19.64 19.56 13.14 13.14 18.98 20.00 19.56 19.71 20.88 22.78 22.78 21.68 20.51 13.65 14.60 15.18 12.99 10.73 10.22 8.18 7.08 5.77 4.45 3.29 0.00 0.00 0.00 4.31 5.91 7.74 0.00 0.00 0.00 0.00 0.00 0.00 0.00 0.00 0.00 0.00 0.00 0.00 0.00 0.00 10.22 8.32 6.50 3.72 3.94 4.96 0.00 0.00 0.00 0.00 0.00 0.00 0.00 0.00 3.58 10.88 10.88 16.06 18.10 18.76 18.25 18.25 16.79 16.35
10.80 10.80 10.80 12.05 14.53 18.10 21.90 23.43 21.68 21.46 20.88 21.39 22.41 21.61 21.46 23.29 24.53 24.09 21.32 18.69 19.78 21.17 21.17 21.97 21.10 18.83 18.83 17.52 13.87 12.99 13.14 13.80 13.36 11.75 11.83 10.95 9.05 8.83 7.45 0.00 0.00 0.00 0.00 0.00 5.99 9.20 9.13 4.96 4.31 0.00 7.52 7.52 9.71 9.20 0.00 0.00 0.00 0.00 0.00 9.42 8.91 7.52 5.26 0.00 0.00 0.00 0.00 0.00 0.00 0.00 0.00 0.00 0.00 5.55 11.97 15.40 15.40 17.16 17.37 16.50 15.70 16.28 16.06 15.70
17.01 17.01 16.06 16.43 18.47 21.02 24.82 26.21 25.99 27.30 27.96 27.81 28.32 27.16 26.86 28.11 27.89 27.59 24.67 20.95 20.51 22.12 22.78 21.97 20.08 18.98 18.98 17.37 14.38 14.53 14.24 14.31 16.13 14.31 12.78 11.53 10.29 0.00 14.53 0.00 0.00 0.00 7.74 9.56 9.93 6.72 0.00 0.00 0.00 1.46 4.02 4.02 5.55 4.53 0.00 0.00 5.69 4.82 4.82 5.26 6.13 5.18 4.53 2.56 0.00 0.00 0.00 0.00 0.00 0.00 0.00 4.74 8.69 13.80 18.25 18.54 18.54 15.70 16.79 17.01 17.52 17.81 16.64 17.59
18.18 18.18 18.47 21.32 24.38 26.13 28.25 29.64 29.93 27.96 27.23 28.32 28.76 27.81 25.40 22.78 23.14 24.60 21.02 17.81 18.83 18.98 19.71 21.53 18.98 18.54 18.54 13.94 14.53 12.99 13.72 14.60 16.21 17.23 15.62 12.92 14.24 16.35 0.00 0.00 0.00 0.00 12.26 12.05 11.68 0.00 0.00 0.00 0.00 4.53 4.09 4.09 0.00 0.00 0.00 0.00 0.00 0.00 0.00 0.00 2.26 3.50 4.67 0.00 0.00 0.00 0.00 0.00 0.00 6.94 10.07 12.26 14.45 18.98 19.27 18.03 18.03 16.57 15.99 17.59 19.78 22.85 23.14 21.53
18.18 18.18 18.47 21.32 24.38 26.13 28.25 29.64 29.93 27.96 27.23 28.32 28.76 27.81 25.40 22.78 23.14 24.60 21.02 17.81 18.83 18.98 19.71 21.53 18.98 18.54 18.54 13.94 14.53 12.99 13.72 14.60 16.21 17.23 15.62 12.92 14.24 16.35 0.00 0.00 0.00 0.00 12.26 12.05 11.68 0.00 0.00 0.00 0.00 4.53 4.09 4.09 0.00 0.00 0.00 0.00 0.00 0.00 0.00 0.00 2.26 3.50 4.67 0.00 0.00 0.00 0.00 0.00 0.00 6.94 10.07 12.26 14.45 18.98 19.27 18.03 18.03 16.57 15.99 17.59 19.78 22.85 23.14 21.53
23.58 23.58 24.45 26.43 27.45 25.55 27.38 28.18 27.74 27.52 27.38 27.45 27.23 25.70 24.31 22.56 22.85 25.04 23.94 21.46 20.08 18.10 16.21 13.07 15.99 13.43 13.43 13.87 17.08 16.06 16.21 16.94 16.06 15.62 15.04 15.40 0.00 0.00 0.00 0.00 0.00 0.00 0.00 0.00 0.00 0.00 0.00 0.00 4.23 0.00 0.00 0.00 0.00 0.00 0.00 0.00 0.00 0.00 0.00 0.00 0.00 0.00 0.00 0.00 0.00 0.00 0.00 0.00 7.37 13.65 17.16 16.35 15.91 14.16 11.24 9.49 9.49 14.24 18.47 20.00 20.88 21.68 19.86 13.80
28.25 28.25 27.23 29.42 29.71 28.91 28.25 27.08 27.45 27.16 26.28 25.70 24.82 24.24 24.31 24.24 23.00 23.00 20.15 17.89 19.86 20.95 18.25 14.31 11.75 11.90 11.90 12.34 13.07 14.89 15.84 15.48 15.40 13.72 0.00 0.00 0.00 0.00 0.00 0.00 0.00 0.00 0.00 0.00 0.00 0.00 0.00 8.18 4.74 0.00 0.00 0.00 0.00 0.00 0.00 0.00 0.00 0.00 0.00 0.00 0.00 0.00 0.00 4.60 0.00 0.00 13.14 0.00 11.97 13.72 16.35 17.59 18.54 12.41 6.20 6.64 6.64 10.51 15.91 19.05 13.21 8.69 0.00 0.00
28.40 28.40 28.54 27.52 26.50 27.96 27.16 27.16 26.35 25.70 24.02 23.73 23.58 24.16 23.21 20.08 17.96 24.31 19.64 19.71 18.98 20.22 19.20 0.00 0.00 0.00 0.00 0.00 0.00 12.99 13.80 13.21 12.34 0.00 0.00 0.00 0.00 13.94 12.70 0.00 0.00 0.00 0.00 0.00 0.00 0.00 0.00 0.00 0.00 0.00 0.00 0.00 0.00 0.00 0.00 0.00 0.00 0.00 0.00 0.00 0.00 9.78 10.29 8.61 10.22 11.90 14.67 17.45 15.91 12.99 14.16 16.06 15.55 13.94 12.26 14.16 14.16 0.00 0.00 0.00 0.00 0.00 0.00 0.00
26.72 26.72 27.96 27.59 28.25 27.67 27.74 27.52 26.94 25.77 24.67 25.04 24.75 22.34 18.98 12.19 0.73 6.50 17.37 20.37 21.02 20.73 21.68 0.00 0.00 0.00 0.00 15.11 0.00 0.00 0.00 0.00 0.00 0.00 0.00 0.00 0.00 0.00 0.00 0.00 0.00 9.49 0.00 0.00 0.00 0.00 0.00 0.00 0.00 0.00 0.00 0.00 0.00 0.00 0.00 0.00 0.00 0.00 0.00 0.00 20.51 14.45 11.39 10.73 9.86 15.62 17.30 17.74 17.37 18.54 19.49 19.42 18.40 18.32 13.65 15.33 15.33 0.00 0.00 0.00 0.00 0.00 0.00 0.00
26.72 26.72 27.96 27.59 28.25 27.67 27.74 27.52 26.94 25.77 24.67 25.04 24.75 22.34 18.98 12.19 0.73 6.50 17.37 20.37 21.02 20.73 21.68 0.00 0.00 0.00 0.00 15.11 0.00 0.00 0.00 0.00 0.00 0.00 0.00 0.00 0.00 0.00 0.00 0.00 0.00 9.49 0.00 0.00 0.00 0.00 0.00 0.00 0.00 0.00 0.00 0.00 0.00 0.00 0.00 0.00 0.00 0.00 0.00 0.00 20.51 14.45 11.39 10.73 9.86 15.62 17.30 17.74 17.37 18.54 19.49 19.42 18.40 18.32 13.65 15.33 15.33 0.00 0.00 0.00 0.00 0.00 0.00 0.00
27.30 27.30 28.18 28.11 27.96 28.32 28.25 27.67 26.21 25.40 24.16 24.16 23.87 20.88 18.25 14.24 9.71 8.69 11.46 16.57 20.15 21.75 0.00 0.00 0.00 0.00 0.00 10.37 10.73 0.00 13.58 14.38 15.48 0.00 0.00 0.00 12.99 12.70 0.00 0.00 0.00 0.00 0.00 0.00 0.00 0.00 0.00 0.00 0.00 0.00 0.00 0.00 0.00 0.00 0.00 0.00 0.00 0.00 0.00 18.10 15.11 9.71 3.94 0.00 8.91 12.12 15.91 14.89 14.45 16.94 21.10 22.56 21.61 19.78 16.50 0.00 0.00 0.00 0.00 8.18 12.48 18.61 0.00 0.00
27.08 27.08 28.40 27.67 26.86 25.55 25.26 25.92 26.50 26.28 25.19 23.36 22.63 21.83 21.61 19.13 15.48 13.14 12.26 17.59 19.78 0.00 0.00 0.00 0.00 0.00 0.00 8.76 8.91 10.88 10.73 11.97 13.87 14.60 14.24 13.58 14.38 14.45 13.72 0.00 0.00 0.00 0.00 0.00 0.00 0.00 0.00 0.00 0.00 0.00 0.00 0.00 0.00 0.00 0.00 0.00 0.00 0.00 0.00 14.75 15.48 15.70 12.41 9.20 5.77 0.00 5.91 9.34 11.75 14.97 19.64 22.92 24.97 22.85 18.32 17.67 17.67 17.74 15.48 12.26 11.02 0.00 0.00 0.00
28.11 28.11 27.96 26.21 24.75 23.43 23.58 24.09 26.13 24.60 22.70 22.92 23.58 23.80 23.29 15.33 8.25 11.46 14.24 17.81 0.00 0.00 0.00 0.00 0.00 0.00 0.00 9.13 8.47 9.64 9.05 0.00 0.00 8.83 9.42 10.37 12.85 11.75 0.00 0.00 0.00 0.00 0.00 0.00 0.00 0.00 0.00 0.00 0.00 0.00 0.00 0.00 0.00 0.00 0.00 0.00 0.00 0.00 17.23 15.48 12.92 16.28 16.50 11.61 7.81 7.37 6.13 7.45 10.59 16.35 19.27 18.40 19.42 21.02 22.12 23.07 23.07 23.87 20.29 19.49 18.10 0.00 0.00 0.00
26.50 26.50 27.38 24.89 24.38 25.48 25.26 26.06 27.38 26.94 24.97 22.34 21.53 21.75 19.93 15.26 11.10 10.59 15.04 17.30 0.00 0.00 0.00 0.00 0.00 0.00 0.00 0.00 9.49 8.32 0.00 0.00 0.00 0.00 0.00 0.00 11.75 0.00 0.00 0.00 0.00 0.00 0.00 0.00 0.00 0.00 0.00 0.00 0.00 0.00 0.00 0.00 0.00 0.00 0.00 0.00 0.00 19.56 20.22 21.75 19.86 19.42 20.81 19.71 16.64 13.43 13.14 13.36 13.07 13.58 19.56 15.62 10.15 16.57 22.63 21.97 21.97 21.32 21.97 22.92 23.51 0.00 0.00 0.00
23.87 23.87 25.26 25.84 26.50 27.89 26.50 25.04 26.43 26.94 27.67 26.13 24.82 17.81 10.66 5.48 8.25 11.90 11.61 0.00 0.00 0.00 0.00 0.00 0.00 0.00 0.00 0.00 0.00 0.00 8.91 0.00 0.00 0.00 0.00 0.00 0.00 0.00 0.00 0.00 0.00 0.00 0.00 0.00 0.00 0.00 0.00 0.00 0.00 0.00 0.00 0.00 0.00 0.00 0.00 0.00 0.00 17.45 19.71 20.00 19.64 16.43 17.08 17.89 17.16 17.01 16.79 18.69 20.59 21.10 21.75 18.25 12.05 12.63 17.16 17.96 17.96 18.54 21.46 24.16 0.00 0.00 0.00 0.00
23.87 23.87 25.26 25.84 26.50 27.89 26.50 25.04 26.43 26.94 27.67 26.13 24.82 17.81 10.66 5.48 8.25 11.90 11.61 0.00 0.00 0.00 0.00 0.00 0.00 0.00 0.00 0.00 0.00 0.00 8.91 0.00 0.00 0.00 0.00 0.00 0.00 0.00 0.00 0.00 0.00 0.00 0.00 0.00 0.00 0.00 0.00 0.00 0.00 0.00 0.00 0.00 0.00 0.00 0.00 0.00 0.00 17.45 19.71 20.00 19.64 16.43 17.08 17.89 17.16 17.01 16.79 18.69 20.59 21.10 21.75 18.25 12.05 12.63 17.16 17.96 17.96 18.54 21.46 24.16 0.00 0.00 0.00 0.00
23.73 23.73 21.90 22.56 26.65 27.45 25.40 22.19 20.73 19.05 18.69 19.27 15.18 10.07 6.28 9.13 12.63 16.43 0.00 0.00 0.00 0.00 0.00 0.00 0.00 0.00 0.00 0.00 0.00 0.00 0.00 0.00 0.00 0.00 0.00 0.00 0.00 0.00 0.00 0.00 0.00 0.00 0.00 0.00 0.00 0.00 0.00 0.00 0.00 0.00 0.00 0.00 0.00 0.00 0.00 0.00 20.37 19.42 18.25 18.83 17.74 14.53 16.64 15.48 15.26 17.45 19.56 19.20 16.50 17.01 19.86 19.49 10.15 4.60 6.35 10.95 10.95 14.45 18.91 24.75 0.00 0.00 0.00 0.00
17.52 17.52 24.97 24.67 25.40 24.24 21.46 16.21 8.54 3.72 2.70 3.50 5.11 6.13 6.20 5.69 6.13 9.20 0.00 0.00 0.00 0.00 0.00 0.00 0.00 0.00 0.00 0.00 0.00 0.00 0.00 0.00 0.00 0.00 0.00 0.00 0.00 0.00 0.00 0.00 0.00 0.00 0.00 0.00 0.00 0.00 0.00 0.00 0.00 0.00 0.00 0.00 0.00 0.00 0.00 19.64 20.73 20.51 20.51 19.86 18.47 18.18 18.76 16.94 16.50 19.35 22.48 23.14 20.22 20.66 21.61 21.61 19.05 14.82 10.73 6.94 6.94 10.44 17.08 0.00 0.00 0.00 0.00 0.00
10.80 10.80 11.83 11.24 11.61 8.98 5.62 0.00 0.00 0.00 0.00 0.00 0.00 0.00 0.00 0.00 2.34 0.00 0.00 0.00 0.00 0.00 0.00 0.00 0.00 0.00 0.00 0.00 0.00 0.00 0.00 0.00 0.00 0.00 0.00 0.00 0.00 0.00 0.00 0.00 0.00 0.00 0.00 0.00 0.00 0.00 0.00 0.00 0.00 0.00 0.00 0.00 0.00 0.00 0.00 23.65 22.78 22.34 21.24 21.75 22.78 22.12 22.19 22.92 22.63 23.87 24.82 24.67 24.16 24.82 26.35 26.43 26.13 26.65 24.16 17.45 17.45 11.97 13.29 0.00 0.00 0.00 0.00 0.00
4.23 4.23 0.00 0.00 0.00 0.00 0.00 0.00 0.00 0.00 0.00 0.00 0.00 0.00 0.00 1.10 0.00 0.00 0.00 0.00 0.00 0.00 0.00 0.00 0.00 0.00 0.00 0.00 0.00 0.00 0.00 0.00 0.00 0.00 0.00 0.00 0.00 0.00 0.00 0.00 0.00 0.00 0.00 0.00 0.00 0.00 0.00 0.00 0.00 0.00 0.00 0.00 0.00 0.00 23.43 25.26 23.87 23.07 22.48 23.87 23.51 22.34 23.43 25.04 24.82 25.04 26.57 25.62 26.65 27.59 28.98 29.49 29.71 28.62 25.84 22.63 22.63 19.78 12.48 0.00 0.00 0.00 0.00 0.00
10.00 10.00 5.04 0.00 0.00 0.00 0.00 0.00 0.00 0.00 0.00 0.00 0.00 0.00 0.00 0.00 0.00 0.00 5.91 4.09 4.96 0.00 0.00 0.00 0.00 0.00 0.00 0.00 0.00 0.00 0.00 0.00 0.00 0.00 0.00 0.00 0.00 0.00 0.00 0.00 0.00 0.00 0.00 0.00 0.00 0.00 0.00 0.00 0.00 0.00 0.00 0.00 0.00 22.85 25.04 24.67 23.73 23.58 23.58 25.33 25.04 24.09 24.09 25.92 27.38 27.38 26.28 25.19 26.50 28.91 31.46 29.42 25.40 20.66 19.42 21.02 21.02 22.19 12.56 10.15 0.00 0.00 0.00 10.95
10.00 10.00 5.04 0.00 0.00 0.00 0.00 0.00 0.00 0.00 0.00 0.00 0.00 0.00 0.00 0.00 0.00 0.00 5.91 4.09 4.96 0.00 0.00 0.00 0.00 0.00 0.00 0.00 0.00 0.00 0.00 0.00 0.00 0.00 0.00 0.00 0.00 0.00 0.00 0.00 0.00 0.00 0.00 0.00 0.00 0.00 0.00 0.00 0.00 0.00 0.00 0.00 0.00 22.85 25.04 24.67 23.73 23.58 23.58 25.33 25.04 24.09 24.09 25.92 27.38 27.38 26.28 25.19 26.50 28.91 31.46 29.42 25.40 20.66 19.42 21.02 21.02 22.19 12.56 10.15 0.00 0.00 0.00 10.95
0.00 0.00 0.00 0.00 0.00 0.00 0.00 0.00 0.00 0.00 0.00 0.00 0.00 0.00 0.00 0.00 0.00 0.00 0.00 0.00 0.00 0.00 0.00 0.00 0.00 0.00 0.00 0.00 20.15 19.56 18.69 17.81 0.00 0.00 0.00 0.00 0.00 0.00 0.00 0.00 0.00 0.00 0.00 0.00 0.00 0.00 0.00 0.00 0.00 0.00 0.00 0.00 0.00 21.90 24.97 26.28 25.92 25.19 20.59 20.66 23.80 26.79 30.00 29.35 31.61 31.46 26.28 23.51 25.92 28.11 28.54 23.80 15.99 11.39 12.56 16.43 16.43 17.23 0.00 0.00 0.00 0.00 0.00 10.51
0.00 0.00 0.00 0.00 0.00 0.00 0.00 0.00 0.00 0.00 0.00 0.00 0.00 0.00 0.00 0.00 0.00 0.00 0.00 0.00 0.00 2.77 7.08 0.00 0.00 0.00 0.00 0.00 18.91 21.53 21.24 20.51 21.68 20.88 0.00 0.00 0.00 0.00 0.00 0.00 0.00 0.00 0.00 0.00 0.00 0.00 0.00 0.00 0.00 0.00 0.00 0.00 21.61 25.40 27.81 28.11 27.74 25.19 22.63 23.36 27.81 31.03 31.68 32.85 34.02 33.14 28.47 24.67 22.92 20.44 17.67 15.70 14.97 8.98 6.28 7.59 7.59 0.00 0.00 0.00 0.00 1.24 0.00 11.75
0.00 0.00 0.00 0.00 0.00 0.00 0.00 0.00 0.00 0.00 0.00 0.00 0.00 0.00 0.00 0.00 0.00 0.00 0.00 0.00 0.00 2.70 4.89 10.15 0.00 0.00 0.00 17.45 18.76 19.71 20.08 18.03 17.16 18.61 17.74 0.00 0.00 0.00 0.00 0.00 0.00 0.00 0.00 0.00 0.00 0.00 0.00 0.00 0.00 0.00 23.65 23.65 25.40 25.92 26.13 26.43 26.50 21.17 16.79 22.34 25.70 27.23 27.16 27.08 24.89 26.28 21.68 14.82 14.45 12.19 9.42 9.86 11.90 8.69 3.58 0.00 0.00 0.00 0.00 0.00 0.00 0.00 0.00 0.00
0.00 0.00 0.00 0.00 0.00 0.00 0.00 0.00 0.00 0.00 0.00 0.00 0.00 0.00 0.00 0.00 0.00 0.00 0.00 0.00 0.00 0.00 1.68 3.80 3.21 0.00 0.00 10.37 13.58 12.41 6.86 7.01 8.47 6.64 3.65 0.00 0.00 0.00 0.00 0.00 0.00 0.00 0.00 0.00 0.00 0.00 0.00 0.00 0.00 0.00 21.90 21.90 23.14 24.09 25.55 25.77 23.07 15.70 7.81 9.86 12.26 12.56 13.80 12.19 10.95 14.38 14.24 6.64 4.38 1.10 0.00 0.00 1.75 0.00 0.00 0.00 0.00 0.00 0.00 0.00 0.00 0.00 0.00 0.00
0.00 0.00 0.00 0.00 0.00 0.00 0.00 0.00 0.00 0.00 0.00 0.00 0.00 0.00 0.00 0.00 0.00 0.00 0.00 0.00 0.00 0.00 0.00 0.00 0.00 0.00 0.00 0.00 0.00 0.00 0.00 0.00 0.00 0.00 0.00 0.00 0.00 0.00 0.00 0.00 0.00 0.00 0.00 0.00 0.00 0.00 0.00 0.00 0.00 22.85 22.70 22.70 22.56 23.87 21.90 20.59 13.36 6.64 4.67 7.23 5.55 4.60 7.23 9.27 8.61 7.23 5.62 0.00 0.00 0.00 0.00 0.00 0.00 0.00 0.00 0.00 0.00 0.00 0.00 0.00 0.00 0.00 0.00 0.00
0.00 0.00 0.00 0.00 0.00 0.00 0.00 0.00 0.00 0.00 0.00 0.00 0.00 0.00 0.00 0.00 0.00 0.00 0.00 0.00 0.00 0.00 0.00 0.00 0.00 0.00 0.00 0.00 0.00 0.00 0.00 0.00 0.00 0.00 0.00 0.00 0.00 0.00 0.00 0.00 0.00 2.70 6.13 6.06 0.00 0.00 0.00 0.00 0.00 22.27 24.02 24.02 18.10 14.16 11.24 8.98 7.23 6.42 9.05 7.15 0.00 0.00 0.00 0.00 0.00 0.00 0.00 0.00 0.00 0.00 0.00 0.00 0.00 0.00 0.00 0.00 0.00 0.00 0.00 0.00 0.00 0.00 0.00 0.00
0.00 0.00 0.00 0.00 0.00 0.00 0.00 0.00 0.00 0.00 0.00 0.00 0.00 0.00 0.00 0.00 0.00 0.00 0.00 0.00 0.00 0.00 0.00 0.00 0.00 0.00 0.00 0.00 0.00 0.00 0.00 0.00 0.00 0.00 0.00 0.00 0.00 0.00 0.00 0.00 0.00 2.70 6.13 6.06 0.00 0.00 0.00 0.00 0.00 22.27 24.02 24.02 18.10 14.16 11.24 8.98 7.23 6.42 9.05 7.15 0.00 0.00 0.00 0.00 0.00 0.00 0.00 0.00 0.00 0.00 0.00 0.00 0.00 0.00 0.00 0.00 0.00 0.00 0.00 0.00 0.00 0.00 0.00 0.00
0.00 0.00 0.00 0.00 0.00 0.00 0.00 0.00 0.00 0.00 0.00 24.38 0.00 0.00 0.00 0.00 0.00 0.00 0.00 0.00 0.00 0.00 0.00 0.00 0.00 0.00 0.00 0.00 0.00 0.00 0.00 0.00 0.00 0.00 0.00 0.00 0.00 0.00 0.00 0.00 0.00 0.00 0.00 0.00 0.00 0.00 0.00 0.00 18.91 21.46 22.05 22.05 17.16 9.20 6.94 7.23 10.00 10.22 9.86 0.00 0.00 0.00 0.00 0.00 0.00 0.00 0.00 0.00 0.00 0.00 0.00 0.00 0.00 0.00 0.00 0.00 0.00 0.00 0.00 0.00 0.00 0.00 0.00 0.00
