Wansh/Snow_depth/snowdepth-1982/spring/1982083.txt
ncols 321
nrows 161
xllcenter 60
yllcenter 15 
cellsize  0.25 
NODATA_value -1
[rows 0 to 36 of 161, columns 168 to 251 of 321]
13.07 12.26 11.90 12.78 13.87 13.65 12.92 12.92 12.85 12.85 12.63 13.29 12.99 11.32 10.59 11.24 13.51 15.33 15.99 18.98 18.32 17.37 14.45 17.08 14.31 10.88 8.54 4.16 0.00 0.00 4.23 9.49 15.11 21.61 19.93 19.93 20.00 20.44 24.53 23.00 22.19 24.31 25.62 23.73 22.92 27.16 24.67 25.62 24.02 20.00 19.42 21.02 21.46 21.53 17.23 16.35 17.74 16.79 14.75 11.75 11.75 12.56 12.85 14.16 18.76 21.39 18.54 17.08 15.84 13.72 9.27 11.02 11.68 12.63 13.80 17.52 21.61 24.53 26.94 29.64 28.47 27.45 26.28 25.55
16.13 13.51 12.12 12.41 12.12 11.39 10.59 10.73 11.68 11.68 12.78 14.09 14.24 12.70 11.39 11.46 12.63 16.13 18.91 18.03 16.64 14.09 15.33 14.16 11.97 7.08 0.00 0.00 0.00 0.00 5.04 12.12 16.13 16.28 16.57 16.57 16.06 19.93 29.57 24.89 25.70 26.65 25.40 27.81 31.61 31.17 29.27 29.93 27.67 23.65 21.39 20.22 18.18 15.77 16.06 16.35 19.13 21.75 17.74 15.70 15.70 14.60 14.02 18.76 20.66 19.49 17.67 17.16 13.36 12.48 11.53 12.48 14.24 13.87 15.62 19.05 22.92 25.77 27.30 27.23 25.40 22.48 19.49 17.37
21.97 14.60 14.16 14.45 15.33 11.75 9.42 11.10 13.51 13.51 13.72 12.85 12.63 11.46 12.19 13.65 15.18 16.28 18.10 18.76 17.59 14.75 13.36 13.07 8.32 0.00 0.00 0.00 0.00 0.00 4.67 9.93 13.21 13.14 14.16 14.16 19.42 25.84 33.51 31.83 31.46 30.30 31.24 32.41 30.73 27.38 24.82 23.80 23.87 23.43 23.80 21.61 17.96 17.16 17.01 14.24 12.92 14.31 14.38 14.02 14.02 12.70 14.60 16.13 16.94 15.70 14.60 15.33 15.84 16.72 15.11 13.21 14.82 16.79 18.25 21.83 25.33 26.72 24.53 22.48 19.05 13.07 8.98 9.27
21.97 14.60 14.16 14.45 15.33 11.75 9.42 11.10 13.51 13.51 13.72 12.85 12.63 11.46 12.19 13.65 15.18 16.28 18.10 18.76 17.59 14.75 13.36 13.07 8.32 0.00 0.00 0.00 0.00 0.00 4.67 9.93 13.21 13.14 14.16 14.16 19.42 25.84 33.51 31.83 31.46 30.30 31.24 32.41 30.73 27.38 24.82 23.80 23.87 23.43 23.80 21.61 17.96 17.16 17.01 14.24 12.92 14.31 14.38 14.02 14.02 12.70 14.60 16.13 16.94 15.70 14.60 15.33 15.84 16.72 15.11 13.21 14.82 16.79 18.25 21.83 25.33 26.72 24.53 22.48 19.05 13.07 8.98 9.27
23.80 20.37 17.96 17.16 16.86 15.11 12.34 10.51 12.19 12.19 13.51 13.43 13.14 13.65 13.65 15.55 17.23 17.59 18.61 16.64 18.40 15.99 12.05 8.25 0.00 0.00 0.00 0.00 0.00 3.65 6.50 9.64 11.39 12.70 15.04 15.04 19.27 26.57 33.00 28.76 22.70 21.24 21.10 22.63 20.95 20.66 22.70 21.53 21.53 21.97 20.95 20.08 19.71 20.66 18.10 15.48 12.85 14.02 16.57 14.97 14.97 13.43 12.48 11.68 11.83 12.12 12.99 15.40 17.08 16.06 15.99 16.94 17.59 17.74 15.70 16.50 19.49 18.76 14.45 11.61 9.13 9.56 9.42 11.02
26.13 23.36 21.90 20.88 20.15 18.47 15.26 12.05 12.99 12.99 15.70 18.61 16.94 14.45 13.29 13.36 16.28 17.67 13.58 10.66 10.37 8.32 3.94 0.00 0.00 0.00 0.00 0.00 0.00 7.45 9.13 8.91 11.46 13.21 17.01 17.01 17.67 19.64 24.16 19.49 16.94 12.48 14.16 14.24 16.43 16.94 17.37 17.89 19.78 21.46 22.78 24.82 23.51 21.61 18.61 16.50 14.89 14.38 15.04 15.40 15.40 16.13 16.13 14.82 12.85 11.39 10.37 10.44 10.66 10.66 10.88 11.90 12.48 12.41 11.39 11.39 12.63 13.51 13.72 11.02 9.93 10.22 9.71 11.10
29.71 28.62 26.50 23.94 22.27 22.78 23.51 21.10 17.01 17.01 15.84 18.18 19.78 17.96 15.18 16.50 17.67 12.56 10.59 8.54 6.79 0.00 0.00 0.00 0.00 0.00 0.00 9.64 10.88 11.10 12.05 13.29 18.47 20.44 18.76 18.76 14.45 12.92 12.78 15.91 17.37 13.72 12.19 11.75 12.63 15.04 17.89 19.86 21.68 24.24 24.31 25.84 24.45 23.51 20.66 17.37 15.18 12.92 13.87 15.77 15.77 17.01 17.23 16.13 13.51 10.44 10.07 10.22 9.34 7.45 7.96 8.91 9.78 9.56 8.98 9.20 8.83 9.71 10.00 11.10 10.95 9.82 10.32 12.84
29.71 28.62 26.50 23.94 22.27 22.78 23.51 21.10 17.01 17.01 15.84 18.18 19.78 17.96 15.18 16.50 17.67 12.56 10.59 8.54 6.79 0.00 0.00 0.00 0.00 0.00 0.00 9.64 10.88 11.10 12.05 13.29 18.47 20.44 18.76 18.76 14.45 12.92 12.78 15.91 17.37 13.72 12.19 11.75 12.63 15.04 17.89 19.86 21.68 24.24 24.31 25.84 24.45 23.51 20.66 17.37 15.18 12.92 13.87 15.77 15.77 17.01 17.23 16.13 13.51 10.44 10.07 10.22 9.34 7.45 7.96 8.91 9.78 9.56 8.98 10.63 12.18 13.97 13.70 18.86 18.08 13.06 13.27 13.32
31.83 34.16 32.34 25.26 20.08 20.59 21.46 22.92 20.08 20.08 14.24 14.53 16.28 16.06 16.50 17.01 14.31 12.41 8.03 0.00 0.00 0.00 0.00 0.00 0.00 2.48 6.50 8.61 10.59 11.61 12.70 16.21 18.76 21.68 23.51 23.51 13.80 12.12 10.29 10.22 10.15 10.88 11.10 12.78 12.34 13.80 16.79 20.88 23.29 25.48 24.09 21.90 19.42 19.86 17.89 15.84 15.77 14.53 13.80 14.09 14.09 14.09 13.07 11.90 12.56 11.90 11.83 11.68 10.59 10.07 11.02 10.37 9.86 9.26 11.21 13.71 12.57 12.50 10.46 14.72 13.22 10.03 8.84 12.21
22.56 26.28 26.65 23.00 17.16 16.13 15.33 15.99 17.08 17.08 16.06 15.40 14.24 13.72 15.26 11.97 8.10 0.00 0.00 0.00 0.00 0.00 0.00 2.85 4.45 6.94 8.98 12.12 14.89 16.13 16.06 16.21 16.06 17.67 9.05 9.05 13.51 8.83 7.59 9.05 11.83 12.19 12.26 14.09 13.43 13.94 16.13 21.68 20.88 20.51 18.83 16.13 15.48 17.74 15.77 14.45 13.14 11.83 10.95 12.70 12.70 13.72 13.51 13.14 14.53 15.26 13.72 13.36 13.72 14.02 13.36 10.95 8.74 10.98 14.83 15.03 15.34 15.28 14.47 13.54 12.48 12.44 16.53 16.85
15.18 16.64 19.93 22.78 28.54 27.67 19.27 16.94 17.81 17.81 17.30 15.18 13.72 13.43 10.73 0.00 0.00 0.00 0.00 0.00 2.85 4.67 7.88 11.32 11.46 11.90 12.85 14.60 14.53 15.04 14.31 12.26 11.97 11.75 11.83 11.83 10.80 10.88 13.36 15.18 21.75 17.23 13.65 13.07 12.56 12.85 12.41 13.36 12.41 13.87 12.26 11.83 14.09 14.67 12.41 10.95 6.64 5.18 7.01 10.95 10.95 14.38 14.89 13.87 15.55 15.77 14.45 14.45 14.16 13.21 11.90 10.44 9.73 9.12 10.08 14.19 17.09 14.60 12.37 12.48 13.23 16.11 16.21 17.46
15.18 16.64 19.93 22.78 28.54 27.67 19.27 16.94 17.81 17.81 17.30 15.18 13.72 13.43 10.73 0.00 0.00 0.00 0.00 0.00 2.85 4.67 7.88 11.32 11.46 11.90 12.85 14.60 14.53 15.04 14.31 12.26 11.97 11.75 11.83 11.83 10.80 10.88 13.36 15.18 21.75 17.23 13.65 13.07 12.56 12.85 12.41 13.36 12.41 13.87 12.26 11.83 14.09 14.67 12.41 10.95 6.64 5.18 7.01 10.95 10.95 14.38 14.89 13.87 15.55 15.77 14.45 14.45 14.16 13.21 11.90 10.44 9.49 8.98 9.78 13.18 15.23 13.52 13.19 12.95 13.23 15.76 17.81 18.67
17.37 14.75 13.36 13.72 15.11 15.91 16.21 14.53 12.70 12.70 9.42 6.64 6.72 9.71 0.00 0.00 0.00 7.30 9.27 12.70 11.75 11.68 15.26 13.58 12.56 14.16 16.43 18.69 13.80 12.41 11.10 11.32 12.05 12.41 17.37 17.37 18.47 20.73 20.73 21.02 18.40 17.30 13.72 12.70 9.05 6.79 9.27 11.68 10.95 9.56 10.22 11.90 13.14 10.95 7.59 4.45 3.80 3.72 4.09 10.73 10.73 14.97 14.82 15.26 15.77 16.43 15.33 16.06 16.43 15.18 13.80 11.39 10.80 10.37 9.21 11.41 13.45 12.38 11.19 11.99 15.92 17.28 17.07 15.99
10.80 9.49 11.68 13.21 14.02 12.78 12.48 9.78 4.45 4.45 0.00 0.00 0.00 0.00 0.00 0.00 2.92 4.96 8.18 11.10 11.90 12.19 12.56 12.34 11.17 13.80 18.18 19.56 18.47 17.59 15.11 13.07 15.40 18.25 18.91 18.91 19.13 20.81 21.39 19.93 18.61 17.89 14.45 11.46 10.44 9.56 8.69 7.88 7.88 6.79 6.79 8.83 9.20 8.83 9.20 7.59 9.86 10.59 11.24 12.48 12.48 13.43 14.38 16.50 16.94 16.06 18.69 17.30 16.35 16.21 14.45 12.05 11.39 10.64 13.33 13.00 12.92 12.78 12.02 14.78 18.38 17.33 16.20 15.78
16.94 18.54 18.18 19.13 19.42 15.33 10.95 8.98 7.15 7.15 0.00 0.00 0.00 0.00 1.46 5.77 6.35 7.96 11.17 12.63 12.85 13.21 17.01 17.08 18.10 19.05 20.73 22.27 21.32 19.42 16.64 16.13 17.16 18.10 18.32 18.32 18.69 20.73 21.97 20.00 17.81 13.65 10.59 11.39 14.38 14.16 10.44 8.03 7.52 7.81 7.37 6.50 4.96 4.67 9.78 13.80 15.84 15.77 14.24 14.16 14.16 14.75 15.18 16.50 14.89 15.33 18.47 16.86 14.60 15.11 15.33 13.51 13.11 13.90 13.44 13.38 14.49 14.71 16.74 15.72 15.68 14.60 15.01 13.31
20.08 18.98 18.61 19.93 20.44 20.95 17.52 17.08 13.07 13.07 8.69 11.97 10.51 11.10 9.05 6.94 10.22 9.93 8.61 9.34 10.00 13.65 15.62 16.35 19.20 20.51 18.91 17.74 17.67 18.10 17.81 17.52 20.81 19.49 18.91 18.91 17.52 18.32 16.64 13.51 12.70 12.56 16.86 17.89 17.01 14.67 12.92 10.51 8.91 7.37 8.03 5.11 4.89 4.96 6.94 13.07 18.03 19.56 18.25 16.72 16.72 17.89 17.59 15.33 13.43 13.72 12.70 10.59 10.29 14.09 18.03 15.28 14.24 14.02 17.03 15.90 17.77 14.04 16.69 15.69 18.63 18.71 14.80 12.76
20.08 18.98 18.61 19.93 20.44 20.95 17.52 17.08 13.07 13.07 8.69 11.97 10.51 11.10 9.05 6.94 10.22 9.93 8.61 9.34 10.00 13.65 15.62 16.35 19.20 20.51 18.91 17.74 17.67 18.10 17.81 17.52 20.81 19.49 18.91 18.91 17.52 18.32 16.64 13.51 12.70 12.56 16.86 17.89 17.01 14.67 12.92 10.51 8.91 7.37 8.03 5.11 4.89 4.96 6.94 13.07 18.03 19.56 18.25 16.72 16.72 17.89 17.59 15.33 13.43 13.72 12.70 10.59 10.29 14.09 18.03 18.76 13.35 15.23 15.30 19.67 18.04 15.53 17.02 14.15 18.01 16.09 16.09 14.49
15.70 16.43 14.02 13.36 11.75 12.19 13.94 18.03 20.29 20.29 16.64 16.50 11.68 7.66 7.01 3.72 3.29 3.50 5.33 8.76 11.97 13.14 15.18 17.08 17.01 17.16 17.08 17.59 17.37 18.32 17.52 18.10 20.44 19.42 20.73 20.73 21.17 17.67 14.97 15.48 17.96 20.22 21.61 19.64 16.72 11.97 10.51 10.88 8.47 7.01 7.23 6.28 6.86 6.50 10.44 14.60 18.10 20.88 22.78 21.90 21.90 21.83 19.56 14.24 9.56 7.88 8.54 10.59 14.24 17.52 18.68 15.88 16.91 16.34 15.83 17.25 17.52 17.34 14.60 17.50 16.97 16.90 17.56 13.48
15.26 21.02 21.17 14.31 10.59 9.78 9.20 11.68 16.21 16.21 7.01 5.91 8.61 9.27 7.66 8.76 8.47 8.83 12.48 16.35 18.98 16.43 15.26 16.28 15.55 14.97 13.87 14.02 15.11 16.21 16.28 17.30 17.81 17.52 19.13 19.13 19.49 18.25 17.89 19.13 19.49 20.22 20.44 15.26 9.86 8.54 7.15 7.37 5.84 5.26 5.99 10.15 10.22 7.81 8.03 11.32 14.53 15.62 20.44 17.59 17.59 12.05 7.88 5.91 7.08 7.45 10.22 14.53 16.79 20.76 23.37 25.81 24.63 23.92 21.86 17.11 18.86 20.46 20.32 20.10 16.27 16.67 16.34 18.40
11.83 14.16 17.81 19.35 17.89 15.84 11.32 10.07 9.86 9.86 10.07 10.00 13.65 15.70 13.21 15.77 16.86 16.64 18.32 22.56 27.30 21.32 17.67 17.01 15.26 14.38 14.45 15.33 15.04 15.40 17.08 20.44 19.49 18.61 18.25 18.25 18.25 17.96 19.27 18.61 18.69 18.18 14.67 12.63 9.64 11.46 10.59 9.86 9.71 9.86 8.47 7.74 5.91 0.00 0.00 1.83 0.00 5.48 8.83 7.74 7.74 5.26 7.15 6.64 6.20 9.86 14.53 18.32 20.22 23.29 26.13 29.42 29.57 29.42 27.23 26.73 22.12 24.33 25.64 19.96 19.39 18.03 17.48 19.33
13.87 13.65 13.51 13.58 15.70 16.64 15.18 11.97 10.66 10.66 10.00 9.71 9.56 9.20 13.58 16.94 22.48 20.88 18.69 22.48 28.76 29.42 26.13 20.22 15.55 14.60 14.02 13.21 14.24 17.59 20.00 19.93 21.75 20.66 20.59 20.59 21.17 18.47 15.33 13.58 12.78 11.02 9.78 10.15 12.48 13.14 11.24 7.81 7.23 10.51 7.45 2.04 0.00 0.00 0.00 0.00 0.00 0.00 0.00 4.96 4.96 7.74 6.79 5.18 4.89 7.01 12.26 15.55 17.08 22.56 27.59 28.47 29.13 28.40 31.93 28.53 29.50 26.17 28.41 24.55 24.78 17.86 17.70 14.60
15.18 18.18 18.61 14.82 11.61 12.78 17.45 9.34 8.91 8.91 8.03 11.24 15.70 18.32 14.82 10.00 12.05 16.79 19.27 22.12 24.45 20.88 14.38 12.41 14.24 16.21 15.99 13.80 13.72 19.93 19.20 18.76 19.49 22.78 23.29 23.29 17.67 12.78 8.61 6.42 6.42 5.40 7.74 9.34 8.10 7.08 4.96 3.43 3.14 2.26 0.00 0.22 0.00 0.00 0.00 0.29 1.02 1.97 2.48 3.07 3.07 2.92 2.64 0.00 3.36 0.00 6.86 10.22 12.41 18.98 28.11 29.64 30.08 28.69 31.71 33.36 38.80 28.57 29.42 24.98 18.46 16.03 16.26 15.83
15.18 18.18 18.61 14.82 11.61 12.78 17.45 9.34 8.91 8.91 8.03 11.24 15.70 18.32 14.82 10.00 12.05 16.79 19.27 22.12 24.45 20.88 14.38 12.41 14.24 16.21 15.99 13.80 13.72 19.93 19.20 18.76 19.49 22.78 23.29 23.29 17.67 12.78 8.61 6.42 6.42 5.40 7.74 9.34 8.10 7.08 4.96 3.43 3.14 2.26 0.00 0.22 0.00 0.00 0.00 0.29 1.02 1.97 2.48 3.07 3.07 2.92 2.64 0.00 3.36 0.00 6.86 10.22 12.41 18.98 28.11 29.64 30.08 28.69 30.44 33.54 30.13 25.13 24.64 29.08 22.57 16.37 12.74 14.60
6.13 8.25 11.02 14.53 16.28 12.05 13.72 15.11 16.21 16.21 13.87 13.43 13.51 12.85 10.51 10.15 9.34 16.35 21.17 18.69 16.06 14.60 13.94 15.48 16.79 16.21 18.83 18.69 18.83 18.83 17.08 16.28 16.79 13.65 12.63 12.63 8.91 6.57 6.79 8.32 8.32 8.10 8.98 5.26 2.56 0.88 0.00 0.00 0.51 1.53 0.00 0.00 0.00 0.00 0.00 0.00 0.00 0.00 1.53 0.00 0.00 0.00 0.00 0.00 0.00 2.85 6.06 10.37 10.66 15.99 18.10 22.12 25.04 28.69 29.64 30.59 30.35 35.64 27.28 20.49 20.90 16.22 16.82 15.35
4.60 5.48 13.36 18.83 15.84 17.81 20.73 24.60 22.63 22.63 17.96 16.35 18.18 18.69 15.33 13.51 13.58 14.89 18.91 19.27 15.33 12.34 15.48 17.45 15.70 15.91 20.51 23.58 20.44 14.45 12.85 11.90 8.98 5.55 5.40 5.40 6.28 5.91 6.72 8.18 8.18 5.77 3.43 1.39 0.00 0.37 0.00 0.00 0.00 0.00 0.00 0.00 0.00 0.00 0.00 0.00 0.00 0.00 0.00 0.00 0.00 0.00 0.00 0.00 0.00 0.00 2.48 5.55 10.37 14.31 15.55 18.47 18.40 29.20 30.32 29.36 29.76 29.20 27.76 22.16 21.66 13.88 13.39 13.23
0.00 5.55 12.41 16.86 20.73 10.95 16.50 16.50 17.01 17.01 17.08 16.57 14.82 16.35 12.99 8.83 9.13 11.02 14.67 17.67 17.96 16.21 16.72 18.40 16.06 14.75 17.81 18.32 16.86 11.32 9.13 7.59 5.40 4.02 0.00 0.00 7.08 8.03 4.96 3.65 3.21 2.85 2.63 1.53 0.00 0.00 0.00 0.00 0.00 0.00 0.00 0.00 0.00 0.29 0.00 0.80 0.00 0.00 0.00 0.00 0.00 0.00 0.00 0.00 0.00 0.00 0.00 0.00 6.64 11.90 14.16 18.76 32.54 33.85 30.90 30.91 31.88 23.26 18.76 17.41 13.13 12.13 8.34 7.35
0.00 0.00 1.83 8.54 2.92 4.02 6.64 8.98 9.42 9.42 9.56 10.00 5.62 4.89 7.01 6.35 7.15 7.88 10.88 13.29 20.00 20.88 20.88 19.71 14.38 10.95 10.44 10.88 5.26 5.77 5.55 6.64 5.77 0.00 0.00 0.00 3.29 2.12 1.97 1.75 1.83 2.19 2.04 0.00 0.00 0.00 0.00 0.00 0.00 0.00 0.00 0.00 0.00 0.00 0.00 1.02 0.00 0.00 0.00 0.00 0.00 0.00 0.00 0.00 0.00 0.00 0.00 0.00 0.00 12.41 16.64 30.44 37.70 35.61 32.22 30.22 29.31 30.19 19.62 12.65 10.64 11.05 9.43 7.13
0.00 0.00 0.00 0.00 0.00 1.17 1.24 0.00 0.66 0.66 2.63 3.07 1.83 2.04 3.72 4.89 3.65 4.89 6.28 10.22 14.45 13.80 10.51 9.27 6.79 5.91 6.64 7.01 1.39 1.97 2.92 5.84 5.62 0.00 0.00 0.00 0.00 1.46 3.07 2.63 0.44 0.00 0.00 0.00 0.00 0.00 0.00 0.00 0.00 0.00 0.00 0.00 0.00 0.00 2.19 0.00 0.00 0.00 1.68 0.00 0.00 0.00 0.00 0.00 0.00 0.00 0.00 0.00 0.00 11.39 23.58 33.52 39.08 32.12 28.70 28.89 29.20 27.50 19.84 13.75 10.73 7.16 7.94 4.51
0.00 0.00 0.00 0.00 0.00 1.17 1.24 0.00 0.66 0.66 2.63 3.07 1.83 2.04 3.72 4.89 3.65 4.89 6.28 10.22 14.45 13.80 10.51 9.27 6.79 5.91 6.64 7.01 1.39 1.97 2.92 5.84 5.62 0.00 0.00 0.00 0.00 1.46 3.07 2.63 0.44 0.00 0.00 0.00 0.00 0.00 0.00 0.00 0.00 0.00 0.00 0.00 0.00 0.00 2.19 0.00 0.00 0.00 1.68 0.00 0.00 0.00 0.00 0.00 0.00 0.00 0.00 0.00 0.00 11.39 23.71 33.16 35.34 35.79 30.62 33.70 33.89 26.61 20.73 13.36 11.34 8.49 7.25 3.83
0.00 0.00 0.00 0.00 0.00 0.00 0.00 0.00 0.00 0.00 0.00 0.00 0.00 0.00 0.00 0.00 0.00 0.00 0.00 4.02 3.07 2.77 1.75 1.83 2.85 2.26 1.90 3.07 3.29 3.36 3.50 2.04 0.00 0.00 2.63 2.63 0.00 0.00 1.90 1.75 1.83 0.00 0.00 0.00 0.00 0.00 0.00 0.00 0.00 0.00 0.00 0.00 0.00 0.00 1.31 0.00 0.00 0.00 0.00 0.00 0.00 0.00 0.00 0.00 0.00 0.00 0.00 3.21 4.70 6.42 29.05 33.40 36.72 36.40 33.13 28.44 25.65 24.05 19.47 13.49 7.98 6.10 3.38 2.47
0.00 0.00 0.00 0.00 0.00 0.00 0.00 0.00 0.00 0.00 0.00 0.00 0.00 0.00 0.00 1.39 0.00 1.31 1.24 1.83 2.41 2.04 1.68 1.83 3.87 2.85 2.41 2.48 2.92 0.00 0.00 0.00 0.00 0.00 0.00 0.00 0.00 0.00 2.34 1.02 0.51 0.51 0.00 0.00 0.00 0.00 0.22 0.00 0.00 0.00 0.00 0.00 0.00 0.00 0.00 0.00 0.00 0.00 0.00 0.00 0.00 0.00 0.00 0.00 0.00 0.00 0.00 0.00 8.40 26.06 33.65 33.49 34.22 35.22 25.55 18.92 19.04 17.16 14.18 9.19 4.96 4.10 2.70 2.03
0.00 0.00 0.00 0.00 0.00 0.00 0.00 0.00 0.00 0.00 0.00 0.00 0.00 0.00 0.00 0.00 0.00 0.00 1.46 0.95 0.00 0.00 1.53 0.00 0.00 0.00 0.00 0.00 0.00 0.00 0.00 0.00 0.00 0.00 0.00 0.00 0.00 0.00 0.00 0.00 0.00 0.00 0.00 0.00 0.00 0.00 1.90 0.00 0.00 0.00 0.00 0.00 0.00 0.00 0.00 0.00 0.00 0.00 0.00 0.00 0.00 0.00 0.00 0.00 0.00 0.00 3.50 17.08 16.79 34.46 34.60 34.25 36.17 31.10 21.95 14.25 12.13 10.59 9.05 6.18 5.13 4.10 2.54 2.11
2.92 2.41 2.56 0.00 0.00 0.00 0.00 0.00 0.00 0.00 0.00 0.00 0.00 0.00 0.00 0.00 0.00 0.00 0.00 0.00 0.00 1.83 0.00 1.24 0.00 0.00 0.00 0.00 0.00 0.00 0.00 0.00 0.00 0.00 0.00 0.00 0.00 0.00 0.00 0.00 0.00 0.00 0.00 0.00 0.00 0.00 0.00 0.00 0.00 0.00 0.00 2.34 1.46 0.00 1.17 0.00 0.00 0.00 0.00 0.00 0.00 0.00 0.00 2.12 12.85 21.83 22.12 28.32 37.74 36.72 35.99 30.53 26.17 21.90 16.51 10.63 9.73 7.30 4.96 2.38 3.90 6.97 4.79 2.89
6.06 6.35 5.91 3.94 0.00 0.00 0.00 0.29 0.00 0.00 0.00 0.00 0.00 0.00 0.00 0.00 0.00 0.00 0.00 0.00 0.00 1.68 0.00 0.00 0.00 0.00 0.00 0.00 0.00 0.00 0.00 0.00 0.00 0.00 0.00 0.00 0.00 0.00 0.00 0.00 1.83 0.00 0.00 0.00 0.00 0.00 0.00 0.00 0.00 0.00 0.00 2.63 0.00 0.00 0.00 0.00 0.00 0.00 4.60 7.01 7.01 8.10 18.40 25.99 29.93 24.67 18.83 24.31 36.28 37.23 37.01 29.64 20.76 10.51 8.09 7.13 14.25 10.87 5.22 3.79 3.55 4.13 3.94 0.00
3.50 2.85 3.58 0.00 4.38 4.02 3.80 2.77 0.00 0.00 0.00 0.00 0.00 0.00 0.00 0.00 0.00 0.00 0.00 0.00 1.02 1.53 1.02 0.00 0.00 0.00 0.00 0.00 0.00 0.00 0.00 0.00 0.00 0.00 0.00 0.00 0.00 0.00 0.00 0.00 0.00 1.46 1.46 0.00 0.00 0.00 2.04 3.43 3.29 2.26 0.00 0.00 0.00 0.00 1.46 2.19 0.00 9.05 24.75 21.61 21.61 12.41 17.23 17.23 18.83 17.81 17.96 33.43 35.41 35.48 32.70 25.46 14.53 7.30 6.27 5.78 6.69 4.06 0.61 4.45 4.77 0.00 0.00 1.12
3.50 2.85 3.58 0.00 4.38 4.02 3.80 2.77 0.00 0.00 0.00 0.00 0.00 0.00 0.00 0.00 0.00 0.00 0.00 0.00 1.02 1.53 1.02 0.00 0.00 0.00 0.00 0.00 0.00 0.00 0.00 0.00 0.00 0.00 0.00 0.00 0.00 0.00 0.00 0.00 0.00 1.46 1.46 0.00 0.00 0.00 2.04 3.43 3.29 2.26 0.00 0.00 0.00 0.00 1.46 2.19 0.00 9.05 24.75 21.61 21.61 12.41 17.23 17.23 18.83 17.81 17.96 33.43 35.41 35.48 32.70 25.33 14.31 7.19 6.27 6.04 5.96 3.90 0.59 4.68 4.67 0.00 0.00 1.10
0.00 0.00 0.00 0.00 3.87 0.00 0.00 1.17 1.61 1.61 0.00 0.00 2.92 2.26 0.00 0.00 0.00 0.44 1.02 0.00 2.04 2.85 2.70 1.17 2.41 0.00 0.00 4.31 0.00 2.41 0.00 0.00 0.00 1.31 0.00 0.00 0.00 0.00 0.00 0.00 0.58 0.00 0.00 0.00 0.00 4.45 11.61 11.17 10.29 3.07 0.00 0.80 1.46 1.83 7.08 9.20 3.72 3.14 17.45 24.31 24.31 20.15 20.37 25.33 30.37 30.73 25.70 34.53 33.94 33.36 31.10 22.27 7.81 4.06 1.83 2.28 1.86 1.66 0.84 1.49 3.04 2.70 0.00 0.00
