Wansh/Snow_depth/snowdepth-1982/spring/1982081.txt
ncols 321
nrows 161
xllcenter 60
yllcenter 15 
cellsize  0.25 
NODATA_value -1
[rows 0 to 36 of 161, columns 0 to 83 of 321]
15.91 15.91 19.35 21.46 21.83 22.70 24.75 25.11 25.92 26.57 25.33 25.84 26.50 27.74 27.52 25.84 24.75 26.13 22.85 20.95 18.91 18.54 19.93 19.20 17.30 17.01 17.01 17.30 16.64 17.45 17.37 17.37 17.08 16.43 16.86 15.33 18.54 20.08 21.17 21.75 23.36 24.24 23.94 24.53 25.04 24.89 23.94 23.36 24.31 24.16 23.87 23.87 23.29 23.36 24.82 26.28 26.86 27.08 27.38 26.86 26.94 26.65 26.86 26.79 26.13 25.04 24.75 26.06 25.70 23.51 23.87 26.65 27.38 26.35 25.84 26.94 26.94 27.45 25.99 25.11 24.75 25.26 26.79 26.79
21.53 21.53 24.31 24.97 26.35 26.57 25.77 25.19 24.31 24.09 23.94 23.80 23.58 24.31 22.70 22.34 23.65 19.05 16.72 15.99 15.40 16.57 15.91 15.18 14.24 14.09 14.09 13.87 14.53 15.26 14.53 13.43 12.41 14.16 14.89 13.51 15.48 18.47 19.27 16.72 16.35 18.25 17.45 16.50 17.30 18.69 20.66 20.66 22.27 23.29 23.51 23.51 23.21 22.70 23.94 25.19 25.84 26.86 25.77 25.04 25.70 26.72 26.43 25.11 24.75 23.58 19.93 17.67 17.16 17.08 20.00 23.58 24.75 25.26 27.01 29.05 29.05 28.54 27.52 27.96 27.23 27.01 25.62 25.40
24.89 24.89 23.94 25.92 27.52 27.45 25.04 23.29 21.75 21.83 20.44 18.18 16.57 14.24 14.02 15.33 13.94 12.92 11.90 11.24 12.05 12.63 11.97 11.97 12.34 12.85 12.85 13.21 13.36 13.51 13.36 12.85 12.41 12.48 18.98 18.91 16.79 16.50 16.64 16.72 15.84 14.16 14.09 13.07 14.09 15.40 15.11 17.96 19.27 19.64 20.08 20.08 19.42 19.13 20.51 20.44 21.53 22.41 23.43 23.80 25.19 24.75 24.97 24.16 23.07 22.92 24.75 23.80 24.09 25.55 24.38 25.55 26.13 26.21 27.16 28.18 28.18 27.96 26.86 25.70 24.60 24.53 24.60 27.59
24.89 24.89 23.94 25.92 27.52 27.45 25.04 23.29 21.75 21.83 20.44 18.18 16.57 14.24 14.02 15.33 13.94 12.92 11.90 11.24 12.05 12.63 11.97 11.97 12.34 12.85 12.85 13.21 13.36 13.51 13.36 12.85 12.41 12.48 18.98 18.91 16.79 16.50 16.64 16.72 15.84 14.16 14.09 13.07 14.09 15.40 15.11 17.96 19.27 19.64 20.08 20.08 19.42 19.13 20.51 20.44 21.53 22.41 23.43 23.80 25.19 24.75 24.97 24.16 23.07 22.92 24.75 23.80 24.09 25.55 24.38 25.55 26.13 26.21 27.16 28.18 28.18 27.96 26.86 25.70 24.60 24.53 24.60 27.59
21.32 21.32 21.90 22.34 22.41 21.90 22.85 22.63 19.35 17.16 15.11 13.80 13.80 13.72 13.80 8.69 8.69 12.26 12.26 10.00 10.59 10.59 9.64 10.80 11.90 12.85 12.85 14.67 14.97 14.53 14.24 14.31 14.75 15.70 14.82 14.75 15.84 15.04 15.48 18.25 17.30 15.62 15.33 14.60 17.67 17.89 16.72 17.01 16.35 15.62 17.23 17.23 18.69 17.30 17.01 18.18 18.83 21.46 23.14 22.56 21.97 22.85 25.55 25.33 24.38 23.43 23.43 24.24 24.89 24.38 24.31 24.82 23.65 23.21 24.38 24.16 24.16 21.97 23.58 21.97 21.53 23.00 23.14 24.24
19.05 19.05 19.05 20.37 21.90 21.39 19.56 18.03 15.84 15.33 14.38 12.05 11.68 12.56 10.22 10.88 10.73 10.73 12.12 13.29 12.34 12.12 12.26 12.99 15.04 17.52 17.52 17.16 16.28 15.70 17.96 19.05 18.91 17.23 17.52 16.06 15.55 16.43 17.16 17.67 22.56 20.66 21.61 20.29 18.25 17.30 17.45 18.32 16.21 15.77 19.13 19.13 15.91 15.77 16.94 18.47 17.37 19.13 20.00 20.51 21.02 22.78 24.16 24.31 25.40 25.62 24.45 23.36 22.85 21.97 21.90 22.48 23.73 24.67 25.40 23.94 23.94 24.16 24.45 23.36 23.73 23.73 24.67 24.02
15.55 15.55 16.64 17.08 19.35 20.95 20.44 20.00 19.71 17.52 16.13 14.75 10.95 10.95 11.46 13.29 13.65 12.56 13.58 15.26 15.26 13.43 16.13 17.30 17.89 18.76 18.76 20.29 17.52 17.81 18.69 19.56 20.44 17.74 17.23 16.86 16.64 16.94 17.30 18.54 18.54 19.56 20.66 22.85 20.88 19.71 18.98 19.13 19.49 17.45 14.53 14.53 13.58 14.53 18.61 17.45 16.72 17.16 19.42 21.02 21.61 21.17 21.53 21.24 20.59 21.90 21.53 20.51 19.42 17.45 18.83 21.17 19.78 18.98 20.44 21.53 21.53 23.80 25.70 24.16 25.62 26.79 28.18 25.92
15.55 15.55 16.64 17.08 19.35 20.95 20.44 20.00 19.71 17.52 16.13 14.75 10.95 10.95 11.46 13.29 13.65 12.56 13.58 15.26 15.26 13.43 16.13 17.30 17.89 18.76 18.76 20.29 17.52 17.81 18.69 19.56 20.44 17.74 17.23 16.86 16.64 16.94 17.30 18.54 18.54 19.56 20.66 22.85 20.88 19.71 18.98 19.13 19.49 17.45 14.53 14.53 13.58 14.53 18.61 17.45 16.72 17.16 19.42 21.02 21.61 21.17 21.53 21.24 20.59 21.90 21.53 20.51 19.42 17.45 18.83 21.17 19.78 18.98 20.44 21.53 21.53 23.80 25.70 24.16 25.62 26.79 28.18 25.92
18.91 18.91 20.22 21.24 21.46 20.59 20.29 19.13 19.20 18.61 17.67 18.18 16.64 17.81 15.77 16.79 16.72 16.86 17.59 17.59 15.62 16.79 18.18 18.25 17.30 14.82 14.82 13.72 15.77 16.35 15.62 15.99 17.81 17.01 18.18 17.89 17.37 16.50 14.97 15.70 14.97 15.04 14.24 19.35 20.88 20.66 20.00 21.61 22.70 22.92 23.73 23.73 21.02 17.96 16.28 16.79 18.91 20.08 19.49 19.78 20.44 21.02 20.37 19.35 19.56 18.91 18.47 18.40 16.86 17.23 18.10 18.32 18.61 18.25 18.25 20.00 20.00 18.47 18.98 21.97 22.48 23.51 24.09 23.51
17.67 17.67 19.64 20.88 20.81 19.56 17.74 18.61 18.40 18.83 18.76 16.21 21.10 21.61 21.46 19.64 19.05 19.71 15.99 15.70 16.64 17.81 19.93 20.29 16.86 14.82 14.82 14.24 15.62 17.59 17.01 16.94 20.81 20.88 19.78 18.47 18.54 18.69 19.20 19.78 18.10 18.40 19.49 23.14 25.04 23.21 23.14 24.53 26.79 27.45 28.25 28.25 27.59 25.33 21.39 22.27 22.34 22.05 20.22 20.08 20.95 21.02 19.78 19.05 18.76 18.69 18.40 17.81 16.64 17.59 18.69 16.28 16.86 19.35 22.78 21.83 21.83 19.13 12.92 21.90 21.17 21.24 23.43 24.02
19.49 19.49 20.44 21.83 22.19 21.39 20.59 21.10 20.37 21.24 21.17 20.88 23.07 23.87 22.92 21.10 21.02 20.44 17.37 15.99 16.57 16.72 17.01 15.70 13.29 11.83 11.83 12.78 14.16 14.97 15.33 16.21 20.66 20.73 19.49 20.15 21.39 21.24 21.53 20.73 19.42 21.02 22.19 23.87 27.30 28.54 27.59 28.11 30.22 31.17 32.27 32.27 30.51 26.86 24.45 24.31 23.87 22.63 20.66 20.22 19.64 19.27 19.35 18.91 18.69 18.10 18.18 19.56 20.22 20.00 20.51 20.22 19.56 21.90 23.51 24.09 24.09 22.41 23.07 23.65 21.90 24.24 27.23 27.89
19.49 19.49 20.44 21.83 22.19 21.39 20.59 21.10 20.37 21.24 21.17 20.88 23.07 23.87 22.92 21.10 21.02 20.44 17.37 15.99 16.57 16.72 17.01 15.70 13.29 11.83 11.83 12.78 14.16 14.97 15.33 16.21 20.66 20.73 19.49 20.15 21.39 21.24 21.53 20.73 19.42 21.02 22.19 23.87 27.30 28.54 27.59 28.11 30.22 31.17 32.27 32.27 30.51 26.86 24.45 24.31 23.87 22.63 20.66 20.22 19.64 19.27 19.35 18.91 18.69 18.10 18.18 19.56 20.22 20.00 20.51 20.22 19.56 21.90 23.51 24.09 24.09 22.41 23.07 23.65 21.90 24.24 27.23 27.89
20.29 20.29 21.46 22.56 23.36 24.38 25.11 25.84 25.62 23.21 25.77 24.16 24.45 25.04 22.78 22.27 22.12 20.51 17.96 14.31 11.97 11.83 10.37 11.02 12.05 12.85 12.85 12.41 12.92 14.53 13.94 17.45 17.37 18.91 19.13 18.54 20.00 19.71 19.56 20.37 21.68 22.63 24.67 24.89 25.11 25.26 25.26 25.84 26.43 27.01 27.89 27.89 27.59 22.19 19.05 20.88 19.64 18.40 16.43 14.89 15.55 16.50 17.59 19.42 21.39 22.05 21.53 20.51 19.56 19.93 21.24 23.58 23.87 25.40 24.97 24.60 24.60 25.99 25.92 25.11 28.25 26.79 25.62 23.36
24.97 24.97 24.53 27.16 27.30 26.21 26.50 28.62 28.18 23.80 22.85 22.27 20.29 20.59 21.02 20.37 19.86 18.61 17.16 12.99 9.27 9.05 9.78 10.59 12.05 13.72 13.72 12.78 12.12 11.90 12.92 16.72 16.21 17.30 18.25 21.24 21.90 20.44 20.00 18.83 18.98 19.78 21.02 21.53 21.75 21.02 21.90 23.36 24.97 23.94 24.60 24.60 20.00 16.28 15.77 16.43 16.57 15.40 13.36 13.43 11.24 7.81 6.94 10.80 18.25 21.53 22.12 21.83 20.95 19.64 20.44 24.09 26.94 26.86 26.50 22.19 22.19 24.89 25.48 24.38 24.53 24.02 20.44 18.83
25.40 25.40 25.19 24.82 26.13 25.33 23.87 25.70 21.39 20.15 19.71 20.22 19.13 19.20 19.64 19.49 18.25 18.83 17.01 14.02 12.34 10.95 9.86 10.07 12.26 15.33 15.33 15.04 13.43 13.58 19.35 18.61 17.81 18.10 18.91 21.75 22.12 20.08 17.45 17.30 17.89 18.40 18.40 18.18 19.05 20.73 21.53 22.48 20.08 18.69 16.79 16.79 14.67 12.41 14.89 19.27 17.96 15.99 14.97 15.40 15.18 13.43 13.14 15.04 16.35 19.42 22.12 22.27 22.63 21.24 20.66 22.63 24.82 25.99 28.69 26.06 26.06 24.38 24.09 22.05 21.97 21.46 19.86 18.25
24.60 24.60 25.48 25.26 26.21 24.24 23.07 22.56 20.88 18.98 17.59 17.45 15.77 13.58 13.65 15.99 18.10 19.35 17.96 16.79 15.40 13.58 11.75 10.80 11.90 14.53 14.53 15.91 15.77 17.30 20.81 22.27 21.24 19.56 20.51 20.81 17.45 15.18 16.57 17.23 18.10 19.49 19.78 18.47 18.10 18.69 18.83 18.83 17.96 16.35 14.02 14.02 13.94 15.33 17.59 19.93 20.66 19.13 19.93 18.03 16.72 14.75 14.67 15.77 17.16 19.78 21.02 22.63 22.19 21.46 21.61 21.39 23.21 24.82 26.43 24.45 24.45 20.51 17.01 19.56 19.35 17.89 15.26 13.14
24.60 24.60 25.48 25.26 26.21 24.24 23.07 22.56 20.88 18.98 17.59 17.45 15.77 13.58 13.65 15.99 18.10 19.35 17.96 16.79 15.40 13.58 11.75 10.80 11.90 14.53 14.53 15.91 15.77 17.30 20.81 22.27 21.24 19.56 20.51 20.81 17.45 15.18 16.57 17.23 18.10 19.49 19.78 18.47 18.10 18.69 18.83 18.83 17.96 16.35 14.02 14.02 13.94 15.33 17.59 19.93 20.66 19.13 19.93 18.03 16.72 14.75 14.67 15.77 17.16 19.78 21.02 22.63 22.19 21.46 21.61 21.39 23.21 24.82 26.43 24.45 24.45 20.51 17.01 19.56 19.35 17.89 15.26 13.14
21.24 21.24 22.56 24.45 24.24 24.09 24.09 18.10 18.47 20.51 18.69 16.06 15.48 13.80 13.80 14.24 15.55 17.08 16.86 14.89 13.72 13.14 11.90 10.73 11.61 12.26 12.26 13.58 15.48 21.02 22.27 23.07 22.34 20.51 21.46 18.69 15.70 14.89 15.91 18.47 20.66 20.44 20.08 19.27 17.89 17.67 17.37 16.21 15.70 16.06 16.06 16.06 15.99 15.33 17.96 18.98 19.78 19.35 18.76 17.52 16.21 13.72 9.42 10.15 12.63 14.60 16.72 17.89 18.76 24.16 26.35 24.75 24.09 23.94 25.99 26.57 26.57 23.73 22.34 20.73 18.40 16.79 14.31 13.87
19.64 19.64 20.81 23.58 23.51 23.73 19.13 17.45 17.52 18.10 17.45 17.08 17.96 16.94 15.33 13.94 13.94 15.11 16.79 13.51 11.53 10.22 10.73 11.90 13.07 13.14 13.14 12.85 12.85 19.86 20.81 23.14 22.05 22.92 24.02 14.31 14.82 17.74 18.10 19.27 20.37 20.08 18.54 17.45 17.45 18.83 19.20 18.54 18.32 16.28 15.11 15.11 15.99 17.81 19.42 20.88 20.51 17.81 15.04 15.33 16.79 17.30 15.04 10.51 7.15 7.74 11.02 13.58 17.23 19.64 22.56 25.70 26.57 24.53 23.80 20.51 20.51 21.24 20.59 19.49 20.37 22.05 20.44 18.61
18.18 18.18 19.13 21.24 22.05 18.47 17.52 16.64 15.18 15.33 14.89 15.11 15.84 15.40 14.75 13.14 12.26 12.99 12.85 12.99 12.70 11.68 11.68 13.51 15.99 15.70 15.70 13.14 16.28 17.45 19.64 20.08 20.51 21.90 18.91 12.92 14.82 19.20 18.76 18.61 19.20 19.49 19.49 19.42 18.91 17.67 18.91 19.86 18.76 17.67 17.23 17.23 17.52 19.27 21.46 20.15 20.88 20.88 19.78 18.54 18.98 20.44 19.42 16.64 14.02 11.53 11.68 11.97 13.87 17.81 19.05 20.88 21.90 26.43 25.70 23.87 23.87 21.24 18.61 19.27 19.86 20.66 19.56 17.37
17.59 17.59 17.01 18.18 19.93 17.23 16.79 15.18 14.45 13.36 13.21 14.16 15.04 13.87 14.60 15.04 15.40 14.82 13.29 11.90 13.72 15.84 16.21 16.35 16.28 15.77 15.77 14.67 19.27 19.05 23.07 20.59 20.73 21.75 20.22 19.20 19.35 21.53 21.10 21.97 22.34 22.12 21.10 20.29 20.08 19.86 20.22 20.73 19.93 19.35 20.29 20.29 18.61 18.91 20.15 21.24 22.34 21.90 23.14 23.21 20.73 19.78 22.27 21.02 17.81 16.43 16.64 16.57 17.59 17.52 17.59 16.72 17.30 20.22 22.92 23.87 23.87 24.24 23.65 22.12 21.32 21.68 21.17 18.10
16.64 16.64 16.50 16.06 16.57 15.48 13.65 13.72 12.70 13.94 13.29 14.67 16.57 16.79 17.37 17.74 17.30 15.77 14.45 14.97 16.28 17.01 17.23 18.32 17.96 18.76 18.76 18.18 21.02 21.46 21.83 20.29 19.71 21.32 19.49 19.78 21.24 21.90 21.97 21.83 22.27 22.56 21.61 21.39 23.58 24.97 24.02 23.14 22.85 22.63 22.70 22.70 20.37 19.86 21.10 23.43 23.43 22.63 24.53 22.63 20.15 19.49 19.71 17.89 15.84 17.59 19.71 19.42 20.22 19.78 19.20 17.37 16.43 19.78 24.24 24.16 24.16 25.04 27.23 27.89 25.40 23.14 20.44 17.74
16.64 16.64 16.50 16.06 16.57 15.48 13.65 13.72 12.70 13.94 13.29 14.67 16.57 16.79 17.37 17.74 17.30 15.77 14.45 14.97 16.28 17.01 17.23 18.32 17.96 18.76 18.76 18.18 21.02 21.46 21.83 20.29 19.71 21.32 19.49 19.78 21.24 21.90 21.97 21.83 22.27 22.56 21.61 21.39 23.58 24.97 24.02 23.14 22.85 22.63 22.70 22.70 20.37 19.86 21.10 23.43 23.43 22.63 24.53 22.63 20.15 19.49 19.71 17.89 15.84 17.59 19.71 19.42 20.22 19.78 19.20 17.37 16.43 19.78 24.24 24.16 24.16 25.04 27.23 27.89 25.40 23.14 20.44 17.74
16.35 16.35 16.64 15.99 12.48 14.38 15.33 14.45 14.16 13.14 12.85 15.04 16.79 17.37 17.74 17.89 17.23 16.21 17.59 17.89 18.25 19.64 20.51 20.66 20.22 20.37 20.37 17.52 18.25 22.12 22.78 25.40 24.09 24.60 24.67 22.41 21.83 21.61 22.12 22.19 22.12 22.27 22.12 22.70 24.16 25.19 25.33 24.67 23.51 20.22 20.73 20.73 21.68 23.36 23.07 23.14 22.34 21.32 20.37 19.13 17.81 16.64 16.21 18.47 17.37 19.71 20.88 19.13 17.16 16.79 15.55 16.13 16.94 17.89 17.37 19.93 19.93 21.24 22.34 25.26 24.97 19.56 16.72 15.40
18.76 18.76 19.13 14.89 12.63 13.21 13.29 12.63 14.31 14.16 14.97 16.35 16.79 16.64 17.16 15.99 16.94 18.10 18.61 18.98 19.42 20.73 21.75 21.83 20.95 19.27 19.27 17.23 20.88 24.75 26.28 27.01 25.48 25.62 25.26 23.29 21.68 22.12 23.73 23.87 22.92 23.00 23.94 24.67 24.38 25.92 24.24 23.14 22.48 21.53 21.02 21.02 21.46 22.85 24.45 24.53 23.73 22.48 20.00 18.61 19.56 20.66 20.51 19.20 19.64 21.75 24.45 23.07 19.64 21.24 20.81 20.15 18.32 19.64 17.37 15.99 15.99 19.42 23.58 25.11 22.41 17.67 13.58 10.00
16.21 16.21 14.89 16.28 15.77 16.86 14.89 14.38 14.89 13.65 13.51 13.14 11.39 11.02 12.12 13.14 14.89 18.10 21.02 18.47 19.20 22.05 20.95 19.64 19.64 13.36 13.36 17.45 20.29 25.04 26.43 26.35 25.26 25.55 26.79 24.38 24.24 23.80 24.38 25.04 24.67 23.07 21.61 22.19 22.56 23.36 22.34 20.88 19.35 18.83 20.29 20.29 22.70 24.97 25.99 24.82 24.38 22.85 23.51 22.92 21.97 21.32 23.21 22.34 22.34 23.00 23.73 24.24 23.94 25.11 25.70 24.97 24.24 23.00 22.19 20.29 20.29 17.89 20.59 23.07 19.56 15.99 15.04 14.67
11.24 11.24 12.41 12.12 11.75 11.53 13.87 15.77 17.37 15.18 11.39 9.78 7.59 7.96 7.30 8.98 10.73 12.85 13.87 14.09 15.91 18.54 18.69 18.61 17.89 19.35 19.35 21.53 24.45 25.11 24.31 24.38 24.16 24.67 24.16 24.02 22.85 23.14 22.27 21.97 22.05 20.95 21.39 21.68 20.95 21.61 21.10 20.81 19.86 21.53 23.87 23.87 25.55 26.65 26.72 25.92 24.09 22.56 22.78 23.51 22.63 19.35 21.39 24.16 23.21 23.58 22.48 23.36 26.72 26.06 26.72 25.11 25.62 27.08 23.87 20.66 20.66 17.89 17.37 18.91 19.05 17.37 16.64 18.10
11.02 11.02 11.24 9.20 10.15 11.90 13.36 17.37 18.54 16.57 14.75 14.60 13.72 11.61 9.34 8.76 7.88 7.23 8.25 9.13 10.07 10.15 11.02 12.63 13.72 19.42 19.42 24.67 28.54 24.60 23.43 23.21 22.56 21.68 21.61 21.10 21.17 23.21 22.63 21.83 21.10 18.91 18.10 18.32 18.18 18.10 17.30 17.16 17.08 20.44 21.61 21.61 22.85 27.23 29.35 27.08 23.94 22.41 21.02 20.59 21.53 20.66 20.88 22.48 21.75 24.31 24.24 21.90 25.77 26.50 25.99 25.92 25.62 25.33 22.70 20.37 20.37 17.89 17.67 17.45 18.76 18.54 19.35 19.71
11.02 11.02 11.24 9.20 10.15 11.90 13.36 17.37 18.54 16.57 14.75 14.60 13.72 11.61 9.34 8.76 7.88 7.23 8.25 9.13 10.07 10.15 11.02 12.63 13.72 19.42 19.42 24.67 28.54 24.60 23.43 23.21 22.56 21.68 21.61 21.10 21.17 23.21 22.63 21.83 21.10 18.91 18.10 18.32 18.18 18.10 17.30 17.16 17.08 20.44 21.61 21.61 22.85 27.23 29.35 27.08 23.94 22.41 21.02 20.59 21.53 20.66 20.88 22.48 21.75 24.31 24.24 21.90 25.77 26.50 25.99 25.92 25.62 25.33 22.70 20.37 20.37 17.89 17.67 17.45 18.76 18.54 19.35 19.71
12.26 12.26 12.78 11.68 12.34 13.36 16.94 16.94 16.72 17.96 19.56 20.88 21.24 21.46 20.73 19.86 18.18 13.87 10.51 10.44 11.83 12.48 11.75 12.12 14.89 18.47 18.47 23.43 28.76 23.73 20.51 21.32 19.86 18.69 19.35 17.81 19.86 22.56 22.56 20.22 18.54 15.84 15.33 15.99 14.60 14.45 14.31 16.43 18.03 19.27 20.51 20.51 20.95 23.94 26.57 24.97 22.19 20.08 17.16 18.18 20.22 22.85 21.90 21.90 25.40 24.38 24.24 22.19 21.83 23.36 23.94 23.21 25.99 26.21 26.79 24.97 24.97 24.09 22.48 21.46 20.00 19.27 21.10 22.19
12.26 12.26 12.12 14.53 16.79 17.52 19.42 20.73 20.59 20.88 22.27 23.43 23.87 25.19 23.87 23.00 22.48 17.96 12.05 12.63 14.31 14.24 11.24 10.29 13.65 15.84 15.84 18.91 21.10 18.76 16.57 15.11 13.21 15.55 16.28 16.57 17.96 17.59 18.10 17.67 16.21 15.77 15.70 15.70 14.75 15.04 15.70 19.27 20.00 21.10 22.12 22.12 22.56 24.24 24.75 23.87 18.25 16.94 17.30 18.54 21.24 21.17 21.24 23.43 25.55 25.77 22.19 21.75 21.17 21.39 22.05 23.21 26.72 28.54 27.52 24.16 24.16 22.92 20.73 19.78 19.35 19.71 18.47 18.03
17.52 17.52 17.96 18.10 17.23 18.25 21.39 21.97 22.92 23.21 25.26 23.87 24.45 25.70 25.55 24.67 23.14 20.37 16.21 12.26 11.75 14.16 16.13 14.24 14.31 15.11 15.11 16.50 18.40 17.59 16.13 15.48 14.60 13.87 13.80 14.24 14.97 15.33 16.79 15.99 14.24 13.14 11.97 13.29 13.58 14.75 15.77 17.23 18.54 19.13 20.88 20.88 22.78 22.19 21.46 20.88 17.89 16.06 14.16 16.64 19.20 20.29 21.46 23.00 24.75 25.33 25.04 23.43 23.14 23.51 21.90 21.02 23.51 24.53 23.94 23.43 23.43 22.19 20.37 19.27 20.37 21.75 19.13 18.47
17.59 17.59 17.67 17.30 17.67 18.10 20.73 24.31 24.75 26.06 27.59 25.55 24.60 23.73 22.48 23.07 23.51 21.17 17.52 10.80 11.46 14.24 11.97 17.67 17.81 16.28 16.28 15.11 16.86 15.70 16.13 15.62 13.80 12.99 12.41 12.92 14.31 15.11 15.04 14.31 13.36 12.56 12.56 12.34 13.07 13.87 14.53 14.16 13.58 16.35 19.05 19.05 19.71 18.54 19.35 20.22 17.96 16.50 14.53 13.87 16.79 19.42 21.53 22.41 24.67 25.55 26.06 24.67 23.58 24.09 22.34 18.83 17.96 19.20 22.41 24.09 24.09 17.01 11.24 11.39 14.02 16.21 19.78 23.36
14.67 14.67 14.89 15.33 16.86 17.16 15.04 17.30 19.86 21.10 19.93 16.50 14.75 13.14 15.18 17.67 19.86 18.69 12.78 5.40 5.33 11.24 16.35 21.53 20.08 17.59 17.59 15.62 14.89 14.53 14.38 14.82 15.77 15.91 13.94 14.97 13.72 14.97 13.58 11.17 9.78 11.17 13.29 11.90 10.22 10.80 11.53 12.63 13.51 14.02 15.70 15.70 15.04 14.97 17.08 19.86 19.27 15.48 7.52 1.31 8.54 15.62 17.45 16.50 17.81 21.39 26.50 25.33 24.09 22.63 21.17 21.02 15.91 12.70 12.99 12.19 12.19 13.58 7.01 2.12 2.04 3.07 13.87 21.17
10.73 10.73 11.17 13.43 16.21 10.59 7.88 7.30 5.04 8.03 7.52 3.80 0.22 0.58 5.40 9.78 18.54 15.48 8.32 6.13 10.44 18.54 21.68 23.29 23.29 21.39 21.39 17.59 15.70 15.91 16.43 17.08 18.61 18.98 18.32 15.84 14.75 14.53 13.21 11.61 11.02 10.00 10.22 8.25 8.54 9.93 9.71 12.34 13.07 12.99 13.14 13.14 13.58 13.29 14.82 15.70 12.63 7.37 3.65 8.98 17.37 23.58 23.14 21.83 30.51 29.05 30.81 25.99 20.95 18.25 17.67 14.09 8.47 8.83 11.24 14.24 14.24 15.40 12.85 9.64 7.96 7.74 10.66 14.24
10.73 10.73 11.17 13.43 16.21 10.59 7.88 7.30 5.04 8.03 7.52 3.80 0.22 0.58 5.40 9.78 18.54 15.48 8.32 6.13 10.44 18.54 21.68 23.29 23.29 21.39 21.39 17.59 15.70 15.91 16.43 17.08 18.61 18.98 18.32 15.84 14.75 14.53 13.21 11.61 11.02 10.00 10.22 8.25 8.54 9.93 9.71 12.34 13.07 12.99 13.14 13.14 13.58 13.29 14.82 15.70 12.63 7.37 3.65 8.98 17.37 23.58 23.14 21.83 30.51 29.05 30.81 25.99 20.95 18.25 17.67 14.09 8.47 8.83 11.24 14.24 14.24 15.40 12.85 9.64 7.96 7.74 10.66 14.24
1.90 1.90 0.51 2.12 2.34 0.00 0.00 0.00 0.00 0.00 0.00 0.00 0.00 0.00 0.00 0.00 2.19 5.48 11.97 25.55 30.59 25.48 16.28 16.06 17.16 15.11 15.11 18.61 20.00 20.37 19.13 18.54 18.83 18.47 15.55 12.92 13.07 13.65 14.24 14.16 9.64 7.01 7.15 7.74 8.40 8.10 6.94 8.40 10.59 11.02 11.53 11.53 11.90 12.70 11.02 8.61 6.20 9.71 15.26 22.70 27.59 27.96 28.11 31.54 33.80 33.29 31.10 28.40 26.86 29.49 29.49 26.86 27.67 26.28 25.33 24.75 24.75 20.37 17.89 23.21 26.43 24.09 21.90 21.53
