Wansh/Snow_depth/snowdepth-1982/spring/1982078.txt
ncols 321
nrows 161
xllcenter 60
yllcenter 15 
cellsize  0.25 
NODATA_value -1
[rows 0 to 36 of 161, columns 0 to 83 of 321]
15.91 15.91 19.35 21.46 21.83 22.70 24.75 25.11 25.92 26.57 25.33 25.84 26.50 27.74 27.52 25.84 24.75 26.13 22.85 20.95 18.91 18.54 19.93 19.20 17.30 17.01 17.01 17.30 16.64 17.45 17.37 17.37 17.08 16.43 16.86 17.52 19.35 21.97 24.24 24.38 24.75 25.04 24.16 25.84 26.57 27.23 27.74 27.38 27.01 25.70 25.19 25.19 25.11 25.40 28.98 28.91 28.18 28.84 27.74 27.52 27.59 27.67 28.11 27.81 27.67 27.23 27.96 27.45 23.43 22.48 24.97 26.50 27.52 27.30 26.35 26.28 26.28 26.21 27.74 25.48 23.94 24.02 24.82 25.70
21.53 21.53 24.31 24.97 26.35 26.57 25.77 25.19 24.31 24.09 23.94 23.80 23.58 24.31 22.70 22.34 23.65 19.05 16.72 15.99 15.40 16.57 15.91 15.18 14.24 14.09 14.09 13.87 14.53 15.26 14.53 13.43 12.41 14.16 14.89 15.70 17.30 19.71 20.73 20.59 19.78 20.15 20.88 20.22 18.32 18.32 19.64 21.32 22.85 23.58 25.48 25.48 24.53 24.38 27.08 26.28 27.59 28.18 27.67 27.38 26.65 27.01 25.19 24.75 24.60 22.92 20.37 19.93 17.96 16.64 20.73 24.31 27.38 26.35 26.28 27.89 27.89 28.25 27.96 27.16 28.11 27.16 25.40 24.75
24.89 24.89 23.94 25.92 27.52 27.45 25.04 23.29 21.75 21.83 20.44 18.18 16.57 14.24 14.02 15.33 13.94 12.92 11.90 11.24 12.05 12.63 11.97 11.97 12.34 12.85 12.85 13.21 13.36 13.51 13.36 12.85 12.41 12.48 14.82 18.91 19.27 19.20 18.91 19.56 18.61 18.32 17.37 15.62 16.06 17.23 17.08 18.54 19.49 19.93 20.59 20.59 21.75 22.63 21.75 22.41 22.92 23.73 23.65 24.02 24.38 25.55 26.43 26.28 25.19 25.19 24.97 24.60 25.33 25.04 24.82 27.74 27.38 26.86 26.13 27.45 27.45 28.40 28.40 25.70 24.45 25.26 26.50 27.59
24.89 24.89 23.94 25.92 27.52 27.45 25.04 23.29 21.75 21.83 20.44 18.18 16.57 14.24 14.02 15.33 13.94 12.92 11.90 11.24 12.05 12.63 11.97 11.97 12.34 12.85 12.85 13.21 13.36 13.51 13.36 12.85 12.41 12.48 14.82 18.91 19.27 19.20 18.91 19.56 18.61 18.32 17.37 15.62 16.06 17.23 17.08 18.54 19.49 19.93 20.59 20.59 21.75 22.63 21.75 22.41 22.92 23.73 23.65 24.02 24.38 25.55 26.43 26.28 25.19 25.19 24.97 24.60 25.33 25.04 24.82 27.74 27.38 26.86 26.13 27.45 27.45 28.40 28.40 25.70 24.45 25.26 26.50 27.59
21.32 21.32 21.90 22.34 22.41 21.90 22.85 22.63 19.35 17.16 15.11 13.80 13.80 13.72 13.80 8.69 8.69 12.26 12.26 10.00 10.59 10.59 9.64 10.80 11.90 12.85 12.85 14.67 14.97 14.53 14.24 14.31 14.75 15.70 16.64 18.40 19.49 19.20 18.03 18.32 17.08 15.99 14.45 14.97 17.89 17.45 17.96 18.10 17.01 16.50 16.79 16.79 18.61 18.98 19.49 19.49 19.93 20.51 21.10 22.48 24.09 23.21 24.45 25.99 26.35 25.55 24.97 25.26 24.53 25.33 23.87 25.19 25.04 24.09 24.97 25.04 25.04 24.53 23.87 24.53 23.73 25.19 24.02 24.24
19.05 19.05 19.05 20.37 21.90 21.39 19.56 18.03 15.84 15.33 14.38 12.05 11.68 12.56 10.22 10.88 10.73 10.73 12.12 13.29 12.34 12.12 12.26 12.99 15.04 17.52 17.52 17.16 16.28 15.70 17.96 19.05 18.91 18.98 19.05 18.76 19.71 20.22 19.71 20.73 21.02 21.10 21.75 21.53 19.71 19.42 20.66 20.66 19.13 18.40 17.52 17.52 17.52 14.89 16.50 17.45 16.50 17.52 18.69 21.17 23.00 24.67 24.67 24.02 24.60 24.24 23.29 22.78 21.83 21.68 19.05 20.59 21.75 23.43 24.24 24.53 24.53 25.04 25.26 26.50 26.06 24.24 24.67 24.02
15.55 15.55 16.64 17.08 19.35 20.95 20.44 20.00 19.71 17.52 16.13 14.75 10.95 10.95 11.46 13.29 13.65 12.56 13.58 15.26 15.26 13.43 16.13 17.30 17.89 18.76 18.76 20.29 17.52 17.81 18.69 19.56 20.44 20.37 20.37 20.37 20.37 19.49 19.64 19.42 19.64 21.10 23.07 23.29 22.05 22.27 22.70 21.68 21.02 19.35 16.13 16.13 13.51 14.89 16.86 18.61 17.67 17.16 18.54 19.78 19.71 20.95 23.43 23.29 22.63 22.19 21.32 21.10 18.98 17.74 16.79 18.25 19.78 19.13 19.05 20.44 20.44 21.53 22.92 23.87 25.26 26.79 28.18 25.92
15.55 15.55 16.64 17.08 19.35 20.95 20.44 20.00 19.71 17.52 16.13 14.75 10.95 10.95 11.46 13.29 13.65 12.56 13.58 15.26 15.26 13.43 16.13 17.30 17.89 18.76 18.76 20.29 17.52 17.81 18.69 19.56 20.44 20.37 20.37 20.37 20.37 19.49 19.64 19.42 19.64 21.10 23.07 23.29 22.05 22.27 22.70 21.68 21.02 19.35 16.13 16.13 13.51 14.89 16.86 18.61 17.67 17.16 18.54 19.78 19.71 20.95 23.43 23.29 22.63 22.19 21.32 21.10 18.98 17.74 16.79 18.25 19.78 19.13 19.05 20.44 20.44 21.53 22.92 23.87 25.26 26.79 28.18 25.92
18.91 18.91 20.22 21.24 21.46 20.59 20.29 19.13 19.20 18.61 17.67 18.18 16.64 17.81 15.77 16.79 16.72 16.86 17.59 17.59 15.62 16.79 18.18 18.25 17.30 14.82 14.82 13.72 15.77 16.35 15.62 15.99 17.81 18.47 19.86 19.20 20.00 17.81 17.30 15.84 13.58 14.16 17.52 19.93 22.70 23.00 21.83 20.44 22.85 22.85 23.07 23.07 23.36 19.20 16.50 17.52 18.10 18.25 18.91 19.42 20.29 20.66 20.29 19.35 19.64 18.18 19.42 19.05 19.35 18.32 17.81 17.37 17.59 19.93 20.37 20.44 20.44 19.78 15.84 18.03 22.48 23.51 24.09 23.51
17.67 17.67 19.64 20.88 20.81 19.56 17.74 18.61 18.40 18.83 18.76 16.21 21.10 21.61 21.46 19.64 19.05 19.71 15.99 15.70 16.64 17.81 19.93 20.29 16.86 14.82 14.82 14.24 15.62 17.59 17.01 16.94 17.30 17.52 17.45 17.52 18.61 19.78 20.08 19.42 19.27 18.98 19.71 22.12 25.77 25.70 24.60 21.61 25.77 28.62 28.54 28.54 27.59 25.48 21.61 21.75 22.34 20.08 19.56 20.44 22.05 23.14 20.00 19.13 19.71 20.44 19.64 18.10 17.45 19.86 19.35 17.89 17.59 19.78 20.81 21.90 21.90 19.35 18.40 21.90 21.17 21.24 23.43 24.02
19.49 19.49 20.44 21.83 22.19 21.39 20.59 21.10 20.37 21.24 21.17 20.88 23.07 23.87 22.92 21.10 21.02 20.44 17.37 15.99 16.57 16.72 17.01 15.70 13.29 11.83 11.83 12.78 14.16 14.97 15.33 16.21 17.74 18.54 18.32 19.42 21.02 20.73 19.49 19.13 18.69 19.49 20.95 23.14 26.06 28.40 29.57 27.45 30.00 29.42 30.44 30.44 29.49 26.43 24.38 24.24 23.21 21.75 20.29 20.00 18.32 18.69 19.20 18.69 19.20 18.47 20.37 21.83 23.14 22.05 21.68 21.75 21.61 23.21 24.02 23.80 23.80 22.85 23.07 23.65 21.90 24.24 27.23 27.89
19.49 19.49 20.44 21.83 22.19 21.39 20.59 21.10 20.37 21.24 21.17 20.88 23.07 23.87 22.92 21.10 21.02 20.44 17.37 15.99 16.57 16.72 17.01 15.70 13.29 11.83 11.83 12.78 14.16 14.97 15.33 16.21 17.74 18.54 18.32 19.42 21.02 20.73 19.49 19.13 18.69 19.49 20.95 23.14 26.06 28.40 29.57 27.45 30.00 29.42 30.44 30.44 29.49 26.43 24.38 24.24 23.21 21.75 20.29 20.00 18.32 18.69 19.20 18.69 19.20 18.47 20.37 21.83 23.14 22.05 21.68 21.75 21.61 23.21 24.02 23.80 23.80 22.85 23.07 23.65 21.90 24.24 27.23 27.89
20.29 20.29 21.46 22.56 23.36 24.38 25.11 25.84 25.62 23.21 25.77 24.16 24.45 25.04 22.78 22.27 22.12 20.51 17.96 14.31 11.97 11.83 10.37 11.02 12.05 12.85 12.85 12.41 12.92 14.53 13.94 15.84 16.13 16.79 17.74 18.40 19.42 18.40 18.10 19.49 18.69 20.81 22.56 23.21 24.67 26.50 27.59 24.53 26.21 25.48 25.55 25.55 25.11 22.92 19.42 20.59 22.19 20.15 18.32 17.67 15.99 16.57 16.57 18.18 20.44 20.81 20.81 21.68 21.32 21.46 20.66 22.48 24.45 25.40 25.48 23.87 23.87 24.82 25.92 25.11 28.25 26.79 25.62 23.36
24.97 24.97 24.53 27.16 27.30 26.21 26.50 28.62 28.18 23.80 22.85 22.27 20.29 20.59 21.02 20.37 19.86 18.61 17.16 12.99 9.27 9.05 9.78 10.59 12.05 13.72 13.72 12.78 12.12 11.90 12.92 13.65 12.70 13.65 15.33 17.23 19.27 19.42 19.42 17.96 17.23 18.40 19.13 20.73 21.46 21.68 20.15 23.07 24.97 24.02 23.65 23.65 22.85 17.37 16.28 17.74 18.03 16.94 16.28 14.82 10.95 7.66 9.20 12.41 18.25 21.32 21.17 23.36 22.19 21.24 22.34 24.24 25.70 27.01 26.57 24.38 24.38 24.89 25.48 24.38 24.53 24.02 20.44 18.83
25.40 25.40 25.19 24.82 26.13 25.33 23.87 25.70 21.39 20.15 19.71 20.22 19.13 19.20 19.64 19.49 18.25 18.83 17.01 14.02 12.34 10.95 9.86 10.07 12.26 15.33 15.33 15.04 13.43 13.58 14.45 15.48 15.62 14.67 15.55 17.45 18.40 16.94 16.13 16.28 15.33 14.97 15.55 16.72 18.91 19.05 19.78 21.02 19.78 19.64 17.89 17.89 15.18 13.72 12.99 17.59 17.96 15.26 15.18 15.84 15.40 13.65 12.78 14.45 17.67 20.15 22.34 23.21 24.24 23.14 21.97 23.65 25.48 25.11 25.62 26.06 26.06 24.38 24.09 22.05 21.97 21.46 19.86 18.25
24.60 24.60 25.48 25.26 26.21 24.24 23.07 22.56 20.88 18.98 17.59 17.45 15.77 13.58 13.65 15.99 18.10 19.35 17.96 16.79 15.40 13.58 11.75 10.80 11.90 14.53 14.53 15.91 15.77 17.30 17.74 17.96 17.52 16.35 15.33 16.28 16.43 13.14 14.38 14.89 14.45 16.50 16.35 15.99 17.08 16.94 17.89 17.59 15.04 14.16 14.38 14.38 14.60 15.70 17.89 17.30 17.37 16.35 16.72 17.37 16.86 15.04 13.80 14.38 15.91 17.81 22.70 22.05 22.92 25.55 23.65 21.97 22.85 25.33 26.43 24.45 24.45 20.51 17.01 19.56 19.35 17.89 15.26 13.14
24.60 24.60 25.48 25.26 26.21 24.24 23.07 22.56 20.88 18.98 17.59 17.45 15.77 13.58 13.65 15.99 18.10 19.35 17.96 16.79 15.40 13.58 11.75 10.80 11.90 14.53 14.53 15.91 15.77 17.30 17.74 17.96 17.52 16.35 15.33 16.28 16.43 13.14 14.38 14.89 14.45 16.50 16.35 15.99 17.08 16.94 17.89 17.59 15.04 14.16 14.38 14.38 14.60 15.70 17.89 17.30 17.37 16.35 16.72 17.37 16.86 15.04 13.80 14.38 15.91 17.81 22.70 22.05 22.92 25.55 23.65 21.97 22.85 25.33 26.43 24.45 24.45 20.51 17.01 19.56 19.35 17.89 15.26 13.14
21.24 21.24 22.56 24.45 24.24 24.09 24.09 18.10 18.47 20.51 18.69 16.06 15.48 13.80 13.80 14.24 15.55 17.08 16.86 14.89 13.72 13.14 11.90 10.73 11.61 12.26 12.26 13.58 15.48 16.57 18.76 19.20 19.13 17.23 17.23 16.35 13.65 12.63 13.65 16.21 17.37 17.96 18.61 15.62 14.53 15.62 17.01 15.33 14.97 14.60 16.06 16.06 16.72 16.86 17.81 17.81 18.40 17.89 16.86 16.79 16.13 14.38 9.93 11.83 12.78 14.31 15.11 17.89 20.88 23.58 24.67 23.29 22.63 23.94 25.99 26.57 26.57 23.73 22.34 20.73 18.40 16.79 14.31 13.87
19.64 19.64 20.81 23.58 23.51 23.73 19.13 17.45 17.52 18.10 17.45 17.08 17.96 16.94 15.33 13.94 13.94 15.11 16.79 13.51 11.53 10.22 10.73 11.90 13.07 13.14 13.14 12.85 12.85 17.89 20.66 20.81 21.46 21.02 18.32 12.70 12.34 14.75 15.33 16.35 17.37 15.18 17.81 16.13 14.38 16.28 16.28 16.64 14.97 16.06 15.62 15.62 15.55 17.37 18.61 19.05 18.40 17.23 15.18 12.99 17.30 16.79 13.94 9.93 7.81 8.03 10.66 15.48 18.25 20.59 22.19 23.00 23.73 24.53 23.80 20.51 20.51 21.24 20.59 19.49 20.37 22.05 20.44 18.61
18.18 18.18 19.13 21.24 22.05 18.47 17.52 16.64 15.18 15.33 14.89 15.11 15.84 15.40 14.75 13.14 12.26 12.99 12.85 12.99 12.70 11.68 11.68 13.51 15.99 15.70 15.70 13.14 12.19 14.97 19.49 19.78 20.44 21.75 17.74 11.83 14.24 16.35 16.28 16.35 16.64 15.33 17.89 17.81 16.94 16.57 17.81 20.95 18.83 17.81 18.76 18.76 17.96 19.35 20.51 19.35 18.98 17.59 17.01 16.28 16.35 18.40 18.18 15.70 13.72 12.56 11.90 12.85 15.33 17.45 18.40 19.05 21.90 26.43 25.70 23.87 23.87 21.24 18.61 19.27 19.86 20.66 19.56 17.37
17.59 17.59 17.01 18.18 19.93 17.23 16.79 15.18 14.45 13.36 13.21 14.16 15.04 13.87 14.60 15.04 15.40 14.82 13.29 11.90 13.72 15.84 16.21 16.35 16.28 15.77 15.77 14.67 16.13 19.42 22.34 21.83 22.05 21.24 19.27 18.54 18.69 20.37 20.73 20.00 18.91 18.69 18.91 18.91 18.54 17.74 18.25 19.93 19.93 19.93 19.78 19.78 19.05 17.45 18.69 19.13 20.08 21.02 21.39 21.75 19.42 18.83 19.35 19.27 18.32 16.50 15.33 16.72 15.99 14.89 18.03 16.72 17.30 20.22 22.92 23.87 23.87 24.24 23.65 22.12 21.32 21.68 21.17 18.10
16.64 16.64 16.50 16.06 16.57 15.48 13.65 13.72 12.70 13.94 13.29 14.67 16.57 16.79 17.37 17.74 17.30 15.77 14.45 14.97 16.28 17.01 17.23 18.32 17.96 18.76 18.76 18.18 18.18 20.37 21.02 18.98 19.49 19.27 18.10 18.40 18.61 20.66 21.46 20.44 19.64 20.29 19.13 19.49 21.39 23.65 21.39 20.88 21.02 21.10 21.90 21.90 20.29 18.69 19.42 21.97 21.39 21.39 22.48 22.05 19.78 18.83 19.64 18.69 17.16 17.96 18.40 18.61 19.71 18.76 19.20 17.37 16.43 19.78 24.24 24.16 24.16 25.04 27.23 27.89 25.40 23.14 20.44 17.74
16.64 16.64 16.50 16.06 16.57 15.48 13.65 13.72 12.70 13.94 13.29 14.67 16.57 16.79 17.37 17.74 17.30 15.77 14.45 14.97 16.28 17.01 17.23 18.32 17.96 18.76 18.76 18.18 18.18 20.37 21.02 18.98 19.49 19.27 18.10 18.40 18.61 20.66 21.46 20.44 19.64 20.29 19.13 19.49 21.39 23.65 21.39 20.88 21.02 21.10 21.90 21.90 20.29 18.69 19.42 21.97 21.39 21.39 22.48 22.05 19.78 18.83 19.64 18.69 17.16 17.96 18.40 18.61 19.71 18.76 19.20 17.37 16.43 19.78 24.24 24.16 24.16 25.04 27.23 27.89 25.40 23.14 20.44 17.74
16.35 16.35 16.64 15.99 12.48 14.38 15.33 14.45 14.16 13.14 12.85 15.04 16.79 17.37 17.74 17.89 17.23 16.21 17.59 17.89 18.25 19.64 20.51 20.66 20.22 20.37 20.37 19.20 18.32 20.29 21.75 21.75 21.10 20.37 20.15 18.69 19.27 20.44 19.64 19.49 20.95 21.46 21.90 22.85 26.06 23.94 22.63 22.70 20.59 21.17 22.85 22.85 21.97 22.05 22.27 23.00 22.48 20.51 17.89 19.35 18.32 17.52 19.13 17.08 16.57 19.20 20.00 19.13 16.13 14.97 15.55 16.13 16.94 17.89 17.37 19.93 19.93 21.24 22.34 25.26 24.97 19.56 16.72 15.40
18.76 18.76 19.13 14.89 12.63 13.21 13.29 12.63 14.31 14.16 14.97 16.35 16.79 16.64 17.16 15.99 16.94 18.10 18.61 18.98 19.42 20.73 21.75 21.83 20.95 19.27 19.27 17.67 19.71 23.07 25.11 25.48 23.94 23.80 24.45 22.63 20.73 20.08 19.71 24.82 25.11 25.48 25.40 24.97 24.89 24.67 23.58 23.65 22.34 21.39 21.32 21.32 21.75 24.02 26.06 25.70 22.27 21.53 20.66 20.22 19.86 20.22 20.00 19.35 19.27 21.53 22.92 21.46 20.22 21.24 20.81 20.15 18.32 19.64 17.37 15.99 15.99 19.42 23.58 25.11 22.41 17.67 13.58 10.00
16.21 16.21 14.89 16.28 15.77 16.86 14.89 14.38 14.89 13.65 13.51 13.14 11.39 11.02 12.12 13.14 14.89 18.10 21.02 18.47 19.20 22.05 20.95 19.64 19.64 18.83 18.83 18.47 21.46 24.75 23.21 24.67 22.41 23.73 23.36 20.29 21.02 21.75 25.33 25.77 26.65 26.21 24.97 24.67 24.09 22.48 23.43 23.14 21.75 21.17 22.05 22.05 24.45 26.72 27.67 26.94 25.40 23.87 23.51 23.73 23.51 22.85 23.21 24.16 23.21 23.94 24.60 24.75 23.94 25.11 25.70 24.97 24.24 23.00 22.19 20.29 20.29 17.89 20.59 23.07 19.56 15.99 15.04 14.67
11.24 11.24 12.41 12.12 11.75 11.53 13.87 15.77 17.37 15.18 11.39 9.78 7.59 7.96 7.30 8.98 10.73 12.85 13.87 14.09 15.91 18.54 18.69 18.61 17.89 20.29 20.29 21.83 23.36 23.94 23.43 24.09 23.36 23.51 23.07 22.48 23.29 23.29 25.77 26.06 26.28 26.65 26.35 26.13 26.13 23.94 23.07 22.56 22.34 23.65 27.01 27.01 29.05 28.91 28.47 26.35 24.31 23.73 24.89 25.92 23.94 22.19 23.29 26.35 25.19 25.19 24.09 26.57 26.72 26.06 26.72 25.11 25.62 27.08 23.87 20.66 20.66 17.89 17.37 18.91 19.05 17.37 16.64 18.10
11.02 11.02 11.24 9.20 10.15 11.90 13.36 17.37 18.54 16.57 14.75 14.60 13.72 11.61 9.34 8.76 7.88 7.23 8.25 9.13 10.07 10.15 11.02 12.63 13.72 17.30 17.30 22.85 23.73 23.21 22.56 22.85 22.19 22.78 21.02 20.15 21.75 25.11 25.77 24.82 24.97 22.41 21.53 22.12 21.46 20.22 18.25 19.27 20.15 24.02 26.13 26.13 27.23 28.98 29.93 28.76 25.77 25.11 24.24 21.97 22.34 20.22 24.09 24.09 23.65 24.09 22.34 21.90 25.77 26.50 25.99 25.92 25.62 25.33 22.70 20.37 20.37 17.89 17.67 17.45 18.76 18.54 19.35 19.71
11.02 11.02 11.24 9.20 10.15 11.90 13.36 17.37 18.54 16.57 14.75 14.60 13.72 11.61 9.34 8.76 7.88 7.23 8.25 9.13 10.07 10.15 11.02 12.63 13.72 17.30 17.30 22.85 23.73 23.21 22.56 22.85 22.19 22.78 21.02 20.15 21.75 25.11 25.77 24.82 24.97 22.41 21.53 22.12 21.46 20.22 18.25 19.27 20.15 24.02 26.13 26.13 27.23 28.98 29.93 28.76 25.77 25.11 24.24 21.97 22.34 20.22 24.09 24.09 23.65 24.09 22.34 21.90 25.77 26.50 25.99 25.92 25.62 25.33 22.70 20.37 20.37 17.89 17.67 17.45 18.76 18.54 19.35 19.71
12.26 12.26 12.78 11.68 12.34 13.36 16.94 16.94 16.72 17.96 19.56 20.88 21.24 21.46 20.73 19.86 18.18 13.87 10.51 10.44 11.83 12.48 11.75 12.12 12.99 18.25 18.25 24.31 24.02 23.65 22.27 20.22 18.47 16.94 17.52 18.03 18.32 24.31 24.45 22.27 21.02 17.89 16.86 16.86 17.16 17.74 17.74 18.98 20.29 22.19 22.27 22.27 23.21 27.23 29.27 26.86 24.09 20.51 18.91 18.83 20.15 21.24 21.68 21.83 23.07 23.51 21.17 22.19 21.83 23.36 23.94 23.21 25.99 26.21 26.79 24.97 24.97 24.09 22.48 21.46 20.00 19.27 21.10 22.19
12.26 12.26 12.12 14.53 16.79 17.52 19.42 20.73 20.59 20.88 22.27 23.43 23.87 25.19 23.87 23.00 22.48 17.96 12.05 12.63 14.31 14.24 11.24 10.29 11.46 15.77 15.77 18.91 19.42 18.69 17.16 14.82 12.56 14.16 15.84 15.91 20.81 22.27 20.51 21.24 18.54 17.16 16.13 16.72 16.86 17.01 17.74 20.44 22.19 24.67 25.48 25.48 25.19 25.26 26.13 24.82 21.39 18.83 18.18 18.25 20.37 20.00 20.37 22.85 24.67 25.55 22.19 21.75 21.17 21.39 22.05 23.21 26.72 28.54 27.52 24.16 24.16 22.92 20.73 19.78 19.35 19.71 18.47 18.03
17.52 17.52 17.96 18.10 17.23 18.25 21.39 21.97 22.92 23.21 25.26 23.87 24.45 25.70 25.55 24.67 23.14 20.37 16.21 12.26 11.75 14.16 16.13 12.85 12.78 14.60 14.60 16.72 17.74 14.16 12.99 13.65 13.07 13.43 14.82 17.67 17.45 17.81 18.61 19.20 16.43 14.02 11.90 12.92 14.09 15.91 18.10 20.51 20.59 21.68 25.19 25.19 27.23 24.89 23.14 22.56 19.86 17.16 15.77 17.81 20.66 22.70 23.07 24.82 24.97 25.33 25.04 23.43 23.14 23.51 21.90 21.02 23.51 24.53 23.94 23.43 23.43 22.19 20.37 19.27 20.37 21.75 19.13 18.47
17.59 17.59 17.67 17.30 17.67 18.10 20.73 24.31 24.75 26.06 27.59 25.55 24.60 23.73 22.48 23.07 23.51 21.17 17.52 10.80 11.46 14.24 11.97 11.02 12.26 13.72 13.72 16.43 17.81 17.81 18.10 16.79 16.35 15.99 14.24 13.72 15.84 16.13 16.13 14.60 14.31 11.32 10.66 10.51 12.85 15.04 16.57 17.52 17.52 17.23 18.47 18.47 22.19 21.97 21.90 21.90 20.00 19.78 18.47 17.81 19.86 22.85 23.94 23.80 24.38 25.55 26.06 24.67 23.58 24.09 22.34 18.83 17.96 19.20 22.41 24.09 24.09 17.01 11.24 11.39 14.02 16.21 19.78 23.36
14.67 14.67 14.89 15.33 16.86 17.16 15.04 17.30 19.86 21.10 19.93 16.50 14.75 13.14 15.18 17.67 19.86 18.69 12.78 5.40 5.33 11.24 16.35 18.98 17.81 17.59 17.59 16.72 18.61 17.45 18.91 17.89 18.91 18.69 13.58 13.80 15.91 16.43 15.26 13.65 12.70 10.15 10.51 11.53 11.53 10.22 10.80 13.87 13.94 13.80 15.33 15.33 15.55 17.16 18.18 20.08 20.81 18.69 11.97 6.57 17.89 19.20 19.86 16.94 17.81 21.39 26.50 25.33 24.09 22.63 21.17 21.02 15.91 12.70 12.99 12.19 12.19 13.58 7.01 2.12 2.04 3.07 13.87 21.17
10.73 10.73 11.17 13.43 16.21 10.59 7.88 7.30 5.04 8.03 7.52 3.80 0.22 0.58 5.40 9.78 18.54 15.48 8.32 6.13 10.44 18.54 23.51 25.55 24.38 21.83 21.83 18.25 18.54 21.24 21.17 21.75 21.24 21.17 14.67 15.11 15.91 16.21 13.07 11.97 12.41 11.68 12.12 11.83 9.78 7.52 7.66 9.20 10.66 11.61 12.48 12.48 13.65 15.33 16.94 19.35 18.47 11.61 5.55 9.13 26.65 27.96 26.94 27.67 30.51 29.05 30.81 25.99 20.95 18.25 17.67 14.09 8.47 8.83 11.24 14.24 14.24 15.40 12.85 9.64 7.96 7.74 10.66 14.24
10.73 10.73 11.17 13.43 16.21 10.59 7.88 7.30 5.04 8.03 7.52 3.80 0.22 0.58 5.40 9.78 18.54 15.48 8.32 6.13 10.44 18.54 23.51 25.55 24.38 21.83 21.83 18.25 18.54 21.24 21.17 21.75 21.24 21.17 14.67 15.11 15.91 16.21 13.07 11.97 12.41 11.68 12.12 11.83 9.78 7.52 7.66 9.20 10.66 11.61 12.48 12.48 13.65 15.33 16.94 19.35 18.47 11.61 5.55 9.13 26.65 27.96 26.94 27.67 30.51 29.05 30.81 25.99 20.95 18.25 17.67 14.09 8.47 8.83 11.24 14.24 14.24 15.40 12.85 9.64 7.96 7.74 10.66 14.24
1.90 1.90 0.51 2.12 2.34 0.00 0.00 0.00 0.00 0.00 0.00 0.00 0.00 0.00 0.00 0.00 2.19 5.48 11.97 25.55 30.59 25.48 19.35 19.64 17.96 18.47 18.47 22.56 24.67 25.33 24.75 24.38 24.31 17.52 15.04 14.60 13.14 13.65 12.70 13.51 14.60 13.87 12.26 12.12 10.66 6.57 4.74 6.64 9.20 10.00 13.07 13.07 13.94 14.97 14.31 13.21 10.59 10.59 16.28 24.97 31.97 32.27 32.85 31.54 33.80 33.29 31.10 28.40 26.86 29.49 29.49 26.86 27.67 26.28 25.33 24.75 24.75 20.37 17.89 23.21 26.43 24.09 21.90 21.53
