Wansh/Snow_depth/snowdepth-1982/spring/1982090.txt
ncols 321
nrows 161
xllcenter 60
yllcenter 15 
cellsize  0.25 
NODATA_value -1
[rows 0 to 36 of 161, columns 84 to 167 of 321]
15.91 15.04 15.62 17.37 18.98 18.25 13.29 9.78 11.53 12.92 13.29 13.07 12.78 13.43 15.33 16.35 17.16 17.23 17.23 17.59 18.32 14.38 9.93 7.45 6.64 4.45 4.31 3.43 3.94 5.48 10.73 14.45 16.79 16.28 17.74 19.13 22.34 21.97 20.81 22.63 24.09 20.51 12.34 12.34 7.81 8.69 7.74 5.33 9.56 16.64 21.24 17.16 14.24 15.62 19.05 20.51 18.18 16.57 14.24 7.59 6.42 0.00 0.00 0.00 2.12 4.53 3.87 4.82 4.82 7.74 0.00 0.00 0.00 0.00 0.00 0.00 0.00 0.00 0.00 17.74 12.78 8.69 9.20 11.97
19.49 17.08 16.72 18.10 20.37 19.71 14.02 10.95 11.39 13.14 12.70 10.00 10.44 11.10 10.73 13.21 17.74 22.34 22.34 22.56 23.51 22.78 18.10 0.00 7.59 4.60 3.87 5.33 5.26 4.89 6.79 11.24 9.64 7.74 0.00 0.00 0.00 7.23 10.07 11.61 18.61 19.20 15.62 15.62 9.49 6.79 4.60 4.96 4.96 7.37 9.78 10.51 9.56 8.18 7.74 10.07 10.88 10.00 7.01 3.36 5.62 0.00 0.00 0.00 0.00 0.00 0.00 5.84 5.84 8.69 10.59 0.00 0.00 0.00 0.00 0.00 0.00 0.00 17.81 16.35 14.24 14.60 12.05 15.04
19.86 19.13 19.35 20.66 15.55 16.57 17.52 19.49 21.02 19.56 17.01 15.18 12.41 10.29 7.74 4.82 6.79 10.37 10.37 9.56 13.36 18.98 26.57 19.49 8.76 5.69 3.87 3.87 6.57 6.64 5.62 6.35 7.59 6.79 5.99 6.94 7.37 11.61 18.18 24.75 26.43 26.65 27.59 27.59 26.06 22.85 15.77 7.23 4.38 5.26 4.31 3.14 4.82 7.30 9.42 11.83 14.82 17.23 14.97 14.53 12.26 13.14 11.68 7.96 6.72 6.13 7.88 10.22 10.22 10.15 9.86 8.69 0.00 0.00 0.00 0.00 0.00 0.00 16.64 19.86 19.27 20.08 21.39 20.15
19.86 19.13 19.35 20.66 15.55 16.57 17.52 19.49 21.02 19.56 17.01 15.18 12.41 10.29 7.74 4.82 6.79 10.37 10.37 9.56 13.36 18.98 26.57 19.49 8.76 5.69 3.87 3.87 6.57 6.64 5.62 6.35 7.59 6.79 5.99 6.94 7.37 11.61 18.18 24.75 26.43 26.65 27.59 27.59 26.06 22.85 15.77 7.23 4.38 5.26 4.31 3.14 4.82 7.30 9.42 11.83 14.82 17.23 14.97 14.53 12.26 13.14 11.68 7.96 6.72 6.13 7.88 10.22 10.22 10.15 9.86 8.69 0.00 0.00 0.00 0.00 0.00 0.00 16.64 19.86 19.27 20.08 21.39 20.15
14.60 11.46 8.76 12.70 14.82 17.96 20.73 20.08 20.51 20.44 16.50 13.94 12.78 12.99 12.48 9.05 5.18 4.67 4.67 6.57 7.59 11.68 18.03 22.34 20.37 11.53 5.11 4.89 7.52 8.32 6.28 5.62 7.30 11.90 15.91 19.86 23.07 25.19 24.75 25.55 25.11 21.97 25.77 25.77 30.66 32.12 29.20 20.51 12.34 8.83 5.84 5.99 5.26 3.80 4.38 5.91 7.74 12.78 11.24 12.99 14.75 14.38 12.70 10.00 11.32 14.02 15.11 14.75 14.75 14.89 12.34 9.05 0.00 0.00 0.00 0.00 0.00 22.48 22.85 21.32 20.22 21.10 22.41 20.59
20.08 14.67 12.99 12.63 8.91 6.13 4.38 5.33 7.45 9.27 10.66 14.60 15.91 12.99 13.29 16.86 16.13 12.99 12.99 5.62 6.20 5.77 9.34 13.87 15.99 12.78 8.61 6.42 5.62 5.99 5.84 7.01 8.91 11.83 15.91 14.82 12.85 12.92 12.26 9.49 6.42 13.72 19.93 19.93 23.29 27.52 32.49 30.44 20.81 10.80 7.81 7.88 0.00 0.00 0.00 4.74 5.40 4.45 7.59 10.29 12.56 13.14 16.21 15.91 14.53 13.80 14.24 11.32 11.32 10.44 11.68 11.32 0.00 0.00 0.00 0.00 0.00 11.53 14.53 19.05 18.18 19.20 20.22 19.64
17.01 16.86 16.64 17.23 16.57 15.18 12.99 11.17 11.75 11.02 10.44 12.12 14.02 13.72 13.29 16.35 17.89 16.28 16.28 12.78 15.55 7.45 4.89 8.32 11.46 10.73 0.00 0.00 0.00 0.00 0.00 0.00 7.01 9.05 12.05 12.70 8.76 5.84 6.28 8.69 11.24 15.99 18.54 18.54 19.20 22.92 28.11 27.30 18.76 11.17 0.00 0.00 0.00 0.00 0.00 0.00 8.25 10.88 10.80 11.02 14.60 18.32 19.86 21.68 19.05 15.26 14.67 11.75 11.75 11.17 12.56 14.31 15.40 13.51 12.12 11.02 14.16 12.70 10.80 13.58 17.89 19.20 20.29 24.97
17.01 16.86 16.64 17.23 16.57 15.18 12.99 11.17 11.75 11.02 10.44 12.12 14.02 13.72 13.29 16.35 17.89 16.28 16.28 12.78 15.55 7.45 4.89 8.32 11.46 10.73 0.00 0.00 0.00 0.00 0.00 0.00 7.01 9.05 12.05 12.70 8.76 5.84 6.28 8.69 11.24 15.99 18.54 18.54 19.20 22.92 28.11 27.30 18.76 11.17 0.00 0.00 0.00 0.00 0.00 0.00 8.25 10.88 10.80 11.02 14.60 18.32 19.86 21.68 19.05 15.26 14.67 11.75 11.75 11.17 12.56 14.31 15.40 13.51 12.12 11.02 14.16 12.70 10.80 13.58 17.89 19.20 20.29 24.97
14.45 16.21 16.21 16.72 16.13 14.89 14.24 14.45 14.67 13.07 9.71 0.00 5.33 10.51 12.85 13.21 15.40 14.67 14.67 17.16 18.54 15.11 10.51 0.00 0.00 0.00 0.00 0.00 0.00 0.00 0.00 0.00 7.96 10.80 14.75 15.26 8.91 8.18 8.47 9.64 11.68 15.70 18.32 18.32 17.52 17.16 16.28 14.38 11.83 0.00 0.00 0.00 0.00 0.00 0.00 4.89 8.32 9.78 10.80 11.75 12.85 15.40 16.64 9.93 13.07 16.50 18.54 16.86 16.86 14.45 16.43 16.35 15.70 14.53 14.60 15.04 15.33 14.53 14.97 15.70 13.94 14.09 15.04 19.20
19.42 17.96 17.89 15.55 12.70 13.65 14.82 15.48 17.08 15.99 8.10 0.00 0.00 6.20 12.92 16.13 15.77 14.38 14.38 15.18 0.00 0.00 0.00 0.00 0.00 0.00 0.00 0.00 0.00 0.00 0.00 0.00 0.00 0.00 18.03 17.45 13.87 12.70 12.92 0.00 0.00 0.00 0.00 0.00 0.00 0.00 0.00 0.00 0.00 0.00 14.60 18.18 14.67 0.00 11.83 10.29 8.98 9.42 9.71 8.61 8.61 9.93 10.15 9.05 8.98 8.54 8.54 11.10 11.10 11.61 13.14 16.79 17.01 12.85 10.22 15.91 16.50 22.05 21.53 19.71 15.70 11.02 10.15 11.24
20.88 18.61 16.21 15.40 15.26 14.09 14.82 15.77 17.81 14.31 5.26 0.00 0.00 0.00 9.05 14.89 12.19 0.00 0.00 0.00 0.00 0.00 0.00 0.00 0.00 0.00 0.00 0.00 0.00 0.00 0.00 0.00 0.00 0.00 0.00 0.00 0.00 0.00 0.00 0.00 7.30 0.00 0.00 0.00 0.00 0.00 0.00 0.00 0.00 10.59 13.14 16.28 17.01 16.43 12.05 12.05 12.78 11.24 10.37 10.95 10.95 10.66 10.44 10.88 12.48 13.29 15.04 19.93 19.93 22.85 18.32 17.08 17.67 16.21 11.68 18.10 25.19 25.48 24.38 17.01 14.38 13.07 10.80 8.40
20.88 18.61 16.21 15.40 15.26 14.09 14.82 15.77 17.81 14.31 5.26 0.00 0.00 0.00 9.05 14.89 12.19 0.00 0.00 0.00 0.00 0.00 0.00 0.00 0.00 0.00 0.00 0.00 0.00 0.00 0.00 0.00 0.00 0.00 0.00 0.00 0.00 0.00 0.00 0.00 7.30 0.00 0.00 0.00 0.00 0.00 0.00 0.00 0.00 10.59 13.14 16.28 17.01 16.43 12.05 12.05 12.78 11.24 10.37 10.95 10.95 10.66 10.44 10.88 12.48 13.29 15.04 19.93 19.93 22.85 18.32 17.08 17.67 16.21 11.68 18.10 25.19 25.48 24.38 17.01 14.38 13.07 10.80 8.40
15.91 19.13 18.91 15.77 13.36 12.19 13.14 12.99 11.53 12.48 11.68 11.90 14.67 15.33 14.82 14.82 0.00 0.00 0.00 0.00 0.00 0.00 0.00 0.00 0.00 0.00 0.00 0.00 0.00 0.00 0.00 0.00 0.00 5.91 8.10 12.05 12.92 11.10 0.00 11.68 14.82 16.21 14.31 14.31 11.39 0.00 0.00 0.00 14.31 18.40 24.02 21.90 17.23 14.24 11.90 17.30 19.93 21.24 18.61 14.16 10.73 8.61 9.34 9.93 11.17 12.85 13.43 18.83 18.83 20.88 21.02 20.00 19.42 19.78 24.67 23.43 23.21 26.21 23.73 19.78 19.13 18.69 19.49 18.10
17.37 19.86 15.77 13.65 13.72 10.51 11.83 13.43 14.24 14.24 13.51 14.38 18.61 19.78 16.06 17.23 0.00 0.00 0.00 0.00 0.00 0.00 0.00 0.00 0.00 0.00 0.00 4.96 6.57 9.20 9.71 13.87 15.77 13.87 14.60 18.25 21.61 18.61 16.86 18.47 17.81 15.70 14.75 14.75 15.18 14.89 15.26 17.96 18.40 21.46 24.38 25.92 22.63 21.90 14.45 12.85 15.33 17.16 16.72 16.86 14.31 15.40 14.45 14.75 14.53 15.62 17.23 19.78 19.78 22.27 25.19 24.45 23.58 22.12 25.04 24.89 23.36 26.35 25.11 23.00 22.05 17.96 15.18 13.72
20.81 16.94 14.02 13.51 13.72 12.70 13.21 14.45 14.97 15.18 14.02 13.14 19.35 21.97 20.66 18.91 0.00 0.00 0.00 0.00 0.00 0.00 0.00 0.00 0.00 3.50 10.22 14.02 14.45 15.11 19.71 23.14 23.43 20.00 20.08 17.96 15.55 13.43 12.92 12.41 10.80 11.83 15.26 15.26 17.96 19.71 19.05 18.61 19.64 23.29 21.39 29.42 31.24 30.73 34.16 30.08 22.78 16.13 8.69 7.45 10.22 14.82 18.18 20.59 21.46 20.66 18.25 16.86 16.86 19.71 23.43 23.65 23.29 18.03 20.73 19.56 13.72 8.18 6.79 11.61 14.82 14.45 11.53 9.49
16.13 16.35 17.52 17.89 15.48 8.98 6.79 8.76 11.02 10.44 11.83 11.02 11.83 14.89 15.18 16.43 16.21 0.00 0.00 0.00 0.00 0.00 14.75 16.64 15.55 11.90 10.66 12.56 14.89 16.64 20.00 22.34 16.06 11.97 9.71 8.54 8.40 8.91 8.18 0.00 0.00 0.00 0.00 0.00 12.41 14.82 12.92 13.65 14.60 20.44 15.99 22.92 25.99 29.78 36.28 35.26 25.19 15.04 8.47 3.72 4.09 4.16 5.04 7.96 12.34 16.21 15.84 13.87 13.87 17.37 21.24 22.05 18.83 18.25 20.08 19.71 12.26 0.00 0.00 16.64 20.95 17.45 15.40 18.47
16.13 16.35 17.52 17.89 15.48 8.98 6.79 8.76 11.02 10.44 11.83 11.02 11.83 14.89 15.18 16.43 16.21 0.00 0.00 0.00 0.00 0.00 14.75 16.64 15.55 11.90 10.66 12.56 14.89 16.64 20.00 22.34 16.06 11.97 9.71 8.54 8.40 8.91 8.18 0.00 0.00 0.00 0.00 0.00 12.41 14.82 12.92 13.65 14.60 20.44 15.99 22.92 25.99 29.78 36.28 35.26 25.19 15.04 8.47 3.72 4.09 4.16 5.04 7.96 12.34 16.21 15.84 13.87 13.87 17.37 21.24 22.05 18.83 18.25 20.08 19.71 12.26 0.00 0.00 16.64 20.95 17.45 15.40 18.47
16.43 16.28 17.59 16.64 16.57 8.91 3.29 5.18 6.79 9.56 11.46 11.24 15.70 11.75 8.25 11.24 14.60 12.85 12.85 8.54 6.57 7.74 8.47 11.17 13.43 12.41 7.96 9.49 10.51 13.94 17.30 19.78 17.89 14.53 9.78 5.18 7.45 9.20 9.78 8.83 11.24 14.16 15.62 15.62 20.73 24.75 24.09 23.73 19.64 15.48 22.12 19.93 20.29 24.60 25.33 22.19 15.26 9.27 5.40 6.57 10.88 11.61 8.69 7.08 10.07 13.58 16.35 19.71 19.71 22.56 22.19 21.75 25.70 22.70 20.59 20.08 10.73 0.00 12.70 23.21 15.99 11.24 9.64 11.97
17.23 20.08 21.39 20.73 18.83 11.46 6.13 5.40 5.69 7.15 8.18 9.13 17.01 17.30 12.05 13.36 14.82 12.78 12.78 10.51 9.71 7.08 6.35 8.83 12.78 11.53 11.02 10.29 11.39 13.87 15.70 21.32 25.92 22.34 15.18 10.15 9.56 10.15 12.70 14.45 17.52 21.46 23.43 23.43 28.47 33.07 32.70 32.12 29.93 23.94 23.73 23.14 24.09 26.43 30.44 29.57 21.83 16.86 16.43 19.05 21.75 24.82 18.54 13.43 13.87 13.87 17.81 21.90 21.90 28.32 29.20 28.11 27.67 22.70 18.69 17.37 11.10 10.07 13.29 15.33 12.48 10.66 6.50 6.94
14.67 17.45 20.15 22.12 22.48 18.83 11.24 6.79 6.13 10.29 11.17 13.51 14.67 14.60 12.48 12.41 13.94 14.60 14.60 14.60 12.92 8.10 5.77 8.03 12.12 15.55 16.13 17.08 14.89 15.18 20.81 25.40 26.21 23.43 20.08 15.55 8.83 6.64 9.78 11.75 15.18 24.97 29.42 29.42 32.27 31.83 31.39 31.39 23.73 24.53 23.14 21.75 20.59 21.02 25.48 30.73 30.66 29.13 23.29 23.73 30.00 31.83 29.78 25.40 22.19 20.08 32.19 34.97 34.97 27.59 25.62 27.16 27.30 22.48 19.20 12.34 13.21 15.33 13.07 11.97 12.19 9.27 7.15 5.26
0.00 0.00 13.14 17.37 21.83 23.00 18.61 15.26 14.89 12.48 15.84 15.33 12.63 9.86 8.47 11.10 12.19 12.56 12.56 12.48 11.02 9.86 12.34 12.99 15.11 18.40 17.08 14.09 10.66 8.25 11.75 18.98 23.58 20.44 11.83 6.13 2.56 0.00 3.29 3.36 6.79 16.94 28.25 28.25 37.52 34.75 31.03 29.57 30.37 29.27 25.92 22.48 23.14 20.88 23.00 29.64 30.08 28.98 26.65 25.19 28.18 29.71 28.25 28.25 29.57 30.88 31.97 29.93 29.93 22.56 19.93 19.42 25.99 20.44 13.94 7.59 6.72 9.42 10.80 8.76 7.08 8.25 11.83 11.46
9.78 7.74 11.10 13.14 0.00 14.45 14.31 16.94 19.42 17.59 19.05 19.71 17.74 0.00 0.00 5.48 11.02 11.61 11.61 14.67 16.57 16.06 17.37 18.76 18.91 19.71 20.88 18.47 13.94 8.10 4.74 8.10 16.86 17.16 9.78 0.00 0.00 0.00 0.00 7.45 11.90 6.13 11.39 11.39 27.52 21.32 31.24 24.89 26.35 22.41 25.77 30.30 30.59 29.93 28.76 28.25 27.08 28.18 30.66 31.61 34.89 35.92 35.33 31.32 28.62 28.84 29.05 21.68 21.68 13.21 8.76 8.03 10.22 5.84 4.16 0.00 3.07 4.02 4.38 4.23 5.62 6.42 6.57 7.88
9.78 7.74 11.10 13.14 0.00 14.45 14.31 16.94 19.42 17.59 19.05 19.71 17.74 0.00 0.00 5.48 11.02 11.61 11.61 14.67 16.57 16.06 17.37 18.76 18.91 19.71 20.88 18.47 13.94 8.10 4.74 8.10 16.86 17.16 9.78 0.00 0.00 0.00 0.00 7.45 11.90 6.13 11.39 11.39 27.52 21.32 31.24 24.89 26.35 22.41 25.77 30.30 30.59 29.93 28.76 28.25 27.08 28.18 30.66 31.61 34.89 35.92 35.33 31.32 28.62 28.84 29.05 21.68 21.68 13.21 8.76 8.03 10.22 5.84 4.16 0.00 3.07 4.02 4.38 4.23 5.62 6.42 6.57 7.88
8.47 0.00 0.00 8.91 11.97 11.46 15.84 20.15 18.25 20.44 21.46 15.91 0.00 0.00 0.00 4.96 7.01 7.37 7.37 6.64 10.88 11.17 14.89 19.71 22.78 21.46 19.93 19.78 18.32 14.89 7.74 4.89 5.69 7.59 5.33 0.00 0.00 0.00 0.00 0.00 4.23 2.63 4.82 4.82 10.15 11.24 3.58 7.96 11.17 9.27 11.32 11.83 15.18 18.69 21.17 22.34 21.53 19.42 21.68 24.75 30.51 35.99 39.93 36.43 28.40 25.84 24.38 24.16 24.16 23.43 22.48 18.10 10.95 7.15 4.89 5.18 8.03 3.87 0.00 0.00 0.00 0.00 0.00 0.00
0.00 0.00 0.00 7.01 10.66 17.59 26.43 25.84 24.82 18.32 13.65 0.00 0.00 0.00 0.00 12.99 17.08 18.40 18.40 16.21 14.89 14.60 13.14 13.71 16.36 19.28 16.74 14.97 8.98 3.94 0.00 0.00 0.00 0.00 0.00 0.00 0.00 0.00 0.00 0.00 0.00 0.00 0.00 0.00 0.00 0.00 0.00 0.00 0.00 0.00 0.00 0.00 0.00 0.00 0.00 0.00 0.00 0.00 15.48 24.82 28.11 28.98 30.73 32.85 32.12 30.81 27.74 26.21 26.21 27.16 29.57 24.45 21.90 16.13 9.49 4.96 3.14 2.04 1.61 0.00 0.00 0.00 0.00 0.00
12.70 18.76 20.37 20.88 23.65 28.69 34.02 33.87 21.75 14.75 0.00 0.00 0.00 0.00 0.00 10.59 16.72 22.56 22.56 25.33 21.02 13.36 7.37 8.73 20.73 16.24 17.96 18.81 19.56 14.97 8.32 0.00 0.00 0.00 0.00 0.00 3.14 2.85 3.29 0.00 0.00 0.00 0.00 0.00 0.00 0.00 0.00 0.00 0.00 0.00 0.00 0.00 0.00 0.00 0.00 0.00 0.00 0.00 0.00 27.96 29.57 23.73 24.38 24.45 25.55 28.18 27.30 26.21 26.21 25.77 26.79 27.89 27.01 15.62 6.86 4.67 4.23 3.80 5.40 0.00 0.00 0.00 0.00 0.00
23.65 21.39 19.42 21.90 21.10 19.13 29.05 18.10 13.94 0.00 0.00 0.00 0.00 0.00 0.00 9.20 12.92 11.83 11.83 10.15 9.86 9.41 7.98 10.16 13.09 9.61 8.88 15.41 17.54 14.15 9.71 11.61 11.32 0.00 0.00 0.00 5.04 0.00 5.33 0.00 0.00 0.00 0.00 0.00 0.00 0.00 0.00 0.00 0.00 0.00 0.00 0.00 0.00 0.00 0.00 0.00 0.00 0.00 0.00 23.94 30.73 26.86 22.27 17.52 13.36 20.00 26.35 25.84 25.84 26.21 26.65 24.67 26.21 20.73 16.94 16.94 13.14 7.88 6.72 0.00 0.00 0.00 0.00 0.00
22.92 19.35 19.78 10.44 4.82 6.50 11.02 9.71 11.90 13.51 0.00 0.00 0.00 0.00 0.00 0.00 0.00 0.00 0.00 0.00 0.00 0.00 0.00 0.00 3.34 1.97 4.44 11.51 18.07 21.61 18.64 16.64 15.26 10.29 10.29 10.73 0.00 0.00 0.00 0.00 0.00 0.00 0.00 0.00 0.00 0.00 0.00 0.00 0.00 0.00 0.00 0.00 0.00 0.00 0.00 0.00 0.00 0.00 0.00 14.82 30.73 35.62 32.85 25.33 22.27 23.36 27.59 29.20 29.20 28.40 28.32 22.05 15.48 11.75 14.82 12.48 5.99 3.72 0.00 0.00 0.00 0.00 0.00 0.00
22.92 19.35 19.78 10.44 4.82 6.50 11.02 9.71 11.90 13.51 0.00 0.00 0.00 0.00 0.00 0.00 0.00 0.00 0.00 0.00 0.00 0.00 0.00 0.00 3.29 1.97 4.31 10.69 16.89 21.94 18.82 17.34 17.14 10.89 10.56 10.73 0.00 0.00 0.00 0.00 0.00 0.00 0.00 0.00 0.00 0.00 0.00 0.00 0.00 0.00 0.00 0.00 0.00 0.00 0.00 0.00 0.00 0.00 0.00 14.82 30.73 35.62 32.85 25.33 22.27 23.36 27.59 29.20 29.20 28.40 28.32 22.05 15.48 11.75 14.82 12.48 5.99 3.72 0.00 0.00 0.00 0.00 0.00 0.00
23.58 22.63 18.47 10.07 5.62 5.26 10.73 14.16 15.62 11.24 9.71 12.12 5.48 4.45 0.00 0.00 0.00 0.00 0.00 0.00 0.00 0.00 0.00 0.00 0.00 0.00 0.00 0.00 0.00 9.68 8.77 7.79 14.09 22.28 21.30 16.49 8.48 0.00 0.00 0.00 0.00 0.00 0.00 0.00 0.00 0.00 0.00 0.00 0.00 0.00 0.00 0.00 0.00 0.00 0.00 0.00 0.00 0.00 0.00 8.03 18.03 25.62 27.89 31.83 33.00 28.32 27.16 22.48 22.48 21.90 14.97 12.05 6.50 7.37 9.34 7.59 2.92 0.00 0.00 0.00 0.00 0.00 0.00 0.00
25.19 20.29 15.62 8.32 7.30 14.45 22.34 34.60 29.78 23.29 17.67 16.06 13.36 11.90 12.70 20.00 22.27 13.21 13.21 5.43 0.00 0.00 0.00 0.00 0.00 0.00 0.00 0.00 0.00 0.00 0.00 0.00 0.00 10.73 17.21 19.89 18.75 8.58 0.00 0.00 0.00 0.00 0.00 0.00 0.00 0.00 0.00 0.00 0.00 0.00 0.00 0.00 0.00 0.00 0.00 0.00 0.00 0.00 0.00 0.00 0.00 5.48 19.71 31.68 34.46 28.40 24.38 24.75 24.75 20.00 16.79 12.12 7.66 10.59 9.64 7.01 2.99 2.12 0.00 0.00 0.00 0.00 0.00 0.00
25.33 25.26 22.48 15.70 7.74 6.50 11.39 16.64 16.57 15.91 18.83 12.05 9.93 7.01 8.47 15.62 17.01 14.89 14.89 8.03 0.00 3.50 3.21 0.00 0.00 0.00 0.00 0.00 0.00 12.45 0.00 0.00 0.00 2.26 7.15 13.62 20.54 15.11 6.42 6.50 5.11 0.00 0.00 0.00 0.00 0.00 0.00 0.00 0.00 0.00 0.00 0.00 0.00 0.00 0.00 0.00 0.00 0.00 0.00 0.00 0.00 0.00 12.56 28.47 29.27 24.09 20.73 18.83 18.83 15.33 8.76 6.28 5.69 6.28 5.33 3.36 1.83 6.06 6.06 5.40 0.00 0.00 0.00 0.00
31.68 32.41 27.38 25.04 11.02 14.45 18.10 20.15 20.37 17.59 12.85 13.07 11.61 11.90 11.68 16.94 14.75 11.97 11.97 9.78 10.44 12.26 9.56 0.88 0.00 0.00 0.00 0.00 0.00 0.00 7.88 15.40 20.81 24.24 23.07 24.24 16.82 22.32 18.03 11.21 10.95 8.10 3.07 3.07 0.00 0.00 0.00 0.00 0.00 0.00 0.00 0.00 0.00 0.00 0.00 0.00 0.00 0.00 0.00 0.00 0.00 0.00 4.74 13.72 15.84 13.58 9.05 10.51 10.51 5.11 5.62 0.00 0.00 0.00 2.19 2.99 4.82 5.84 6.50 8.18 9.13 8.03 0.00 0.00
13.80 23.00 21.75 11.68 0.00 0.00 0.00 0.00 0.00 13.14 11.90 0.00 0.00 10.73 10.66 9.49 5.26 4.23 4.23 4.02 7.52 12.12 10.22 0.00 0.00 0.00 0.00 0.00 0.00 0.00 0.00 0.00 6.28 19.35 27.30 25.19 5.48 7.96 14.82 14.45 9.46 10.88 7.37 7.37 0.00 0.00 2.99 1.90 0.00 2.63 3.80 0.00 0.00 0.00 0.00 0.00 0.00 0.00 4.60 5.04 2.56 0.00 0.00 3.14 3.58 3.72 0.00 0.00 0.00 0.00 1.90 0.00 0.00 0.00 2.41 2.63 0.00 2.56 3.72 3.65 4.02 3.65 5.04 0.00
0.00 0.00 15.62 10.73 0.00 0.00 0.00 0.00 0.00 0.00 0.00 0.00 11.53 10.73 0.00 0.00 0.00 0.00 0.00 0.00 0.00 0.00 0.00 0.00 0.00 0.00 0.00 0.00 0.00 0.00 0.00 0.00 0.00 3.65 7.01 0.00 0.00 0.00 4.96 10.44 7.74 9.42 10.44 10.44 5.18 4.09 5.91 5.48 5.04 4.96 6.86 5.11 0.00 2.92 0.00 0.00 1.75 0.00 4.38 6.50 3.94 0.00 0.00 2.12 0.00 3.21 0.00 0.00 0.00 0.00 0.00 0.00 0.00 0.00 2.99 0.00 0.00 0.00 2.92 2.26 2.26 1.83 0.00 0.00
0.00 0.00 15.62 10.73 0.00 0.00 0.00 0.00 0.00 0.00 0.00 0.00 11.53 10.73 0.00 0.00 0.00 0.00 0.00 0.00 0.00 0.00 0.00 0.00 0.00 0.00 0.00 0.00 0.00 0.00 0.00 0.00 0.00 3.65 7.04 0.00 0.00 0.00 5.01 10.44 7.66 9.42 10.44 10.44 5.18 4.09 5.91 5.48 5.04 4.96 6.86 5.11 0.00 2.92 0.00 0.00 1.75 0.00 4.38 6.50 3.94 0.00 0.00 2.12 0.00 3.21 0.00 0.00 0.00 0.00 0.00 0.00 0.00 0.00 2.99 0.00 0.00 0.00 2.92 2.26 2.26 1.83 0.00 0.00
0.00 0.00 0.00 0.00 0.00 0.00 9.49 0.00 0.00 0.00 0.00 0.00 5.84 0.00 0.00 0.00 0.00 0.00 0.00 0.00 0.00 0.00 0.00 0.00 0.00 0.00 0.00 0.00 0.00 0.00 0.00 0.00 0.00 0.00 0.00 0.00 0.00 0.00 0.00 1.97 0.95 0.00 0.00 0.00 0.00 3.07 4.38 7.30 10.66 8.18 6.35 4.16 0.00 2.41 0.00 0.00 0.00 0.00 0.00 0.00 4.67 4.82 3.65 4.89 3.94 0.00 0.00 4.38 4.38 0.00 0.00 0.00 1.17 0.00 0.00 0.00 0.00 0.00 4.38 0.00 2.12 1.10 0.00 0.00
