Wansh/Snow_depth/snowdepth-1982/spring/1982067.txt
ncols 321
nrows 161
xllcenter 60
yllcenter 15 
cellsize  0.25 
NODATA_value -1
[rows 0 to 36 of 161, columns 0 to 82 of 321]
0.00 0.00 0.00 19.49 19.93 19.56 20.59 20.51 20.08 0.00 0.00 20.59 20.66 21.17 21.97 21.24 0.00 0.00 0.00 0.00 0.00 0.00 0.00 0.00 0.00 0.00 0.00 0.00 0.00 0.00 13.72 14.09 14.31 14.53 13.65 13.58 14.60 16.79 18.91 20.08 20.81 20.88 21.53 21.53 21.46 22.19 22.19 22.41 22.27 23.14 22.85 22.85 22.05 21.46 24.02 25.33 26.35 26.06 25.92 26.13 26.65 26.94 26.94 25.84 24.75 23.80 23.80 21.39 23.87 26.13 18.69 21.24 22.92 22.63 22.63 20.95 20.95 22.70 23.29 21.90 21.10 20.95 21.10
0.00 0.00 0.00 19.86 22.78 22.85 21.39 0.00 0.00 19.86 19.71 20.29 19.93 18.83 16.94 16.06 0.00 0.00 0.00 0.00 0.00 0.00 0.00 0.00 0.00 10.29 10.29 10.44 0.00 12.78 11.39 11.75 11.97 12.05 12.56 13.07 12.70 16.06 16.72 17.16 15.26 15.33 15.04 16.57 17.30 18.40 17.59 17.37 19.20 20.08 20.37 20.37 19.78 19.71 21.10 24.09 24.09 24.60 24.24 23.65 23.58 23.73 23.29 21.97 22.05 22.34 20.95 16.35 21.24 12.99 16.79 19.86 22.78 21.61 21.24 22.05 22.05 23.00 22.85 22.85 23.87 22.19 21.83
22.63 22.63 20.59 21.39 22.78 23.43 19.78 18.54 18.25 17.37 16.28 15.33 13.72 13.72 13.07 11.83 10.80 9.56 8.98 9.42 0.00 0.00 0.00 10.66 11.46 10.80 10.80 11.68 12.70 11.46 0.00 11.46 12.34 11.53 13.65 16.13 14.67 16.06 16.43 15.91 14.97 13.58 13.43 13.87 14.89 15.91 15.33 16.50 17.08 17.67 18.25 18.25 17.74 18.32 18.54 19.13 19.27 20.95 21.53 21.32 22.05 23.65 23.73 23.94 22.34 23.87 23.80 22.56 22.85 22.56 22.48 22.56 23.07 21.61 21.61 22.63 22.63 23.65 21.83 19.93 20.37 21.10 21.24
22.63 22.63 20.59 21.39 22.78 23.43 19.78 18.54 18.25 17.37 16.28 15.33 13.72 13.72 13.07 11.83 10.80 9.56 8.98 9.42 0.00 0.00 0.00 10.66 11.46 10.80 10.80 11.68 12.70 11.46 0.00 11.46 12.34 11.53 13.65 16.13 14.67 16.06 16.43 15.91 14.97 13.58 13.43 13.87 14.89 15.91 15.33 16.50 17.08 17.67 18.25 18.25 17.74 18.32 18.54 19.13 19.27 20.95 21.53 21.32 22.05 23.65 23.73 23.94 22.34 23.87 23.80 22.56 22.85 22.56 22.48 22.56 23.07 21.61 21.61 22.63 22.63 23.65 21.83 19.93 20.37 21.10 21.24
19.13 19.13 18.03 18.76 18.83 17.37 17.59 17.45 17.37 14.53 13.14 12.26 11.53 10.29 9.49 8.32 8.25 8.76 9.13 9.49 9.78 10.37 9.34 10.44 10.29 10.44 10.44 13.51 14.75 13.72 14.97 15.55 15.33 14.16 15.40 16.86 15.99 16.35 17.01 16.86 16.64 15.77 15.55 16.28 16.79 16.57 15.77 15.04 14.31 15.40 16.21 16.21 17.96 16.64 16.50 18.03 18.76 19.71 21.46 21.68 21.75 22.92 25.04 25.04 23.43 23.29 24.67 21.90 22.56 22.27 22.78 22.34 21.68 19.71 18.69 20.29 20.29 20.08 20.37 20.51 20.81 20.00 19.49
17.08 17.08 18.10 18.61 17.74 16.43 15.33 13.21 11.83 11.10 10.15 9.64 8.40 7.30 8.47 8.83 8.69 9.34 10.59 11.97 10.66 11.02 10.51 12.70 14.16 17.37 17.37 17.30 15.91 16.28 18.18 18.83 18.98 16.57 15.84 16.64 18.76 18.61 18.03 17.59 19.13 21.32 21.53 20.51 18.91 18.40 17.45 16.64 15.33 15.33 16.13 16.13 15.91 13.51 14.24 15.18 15.33 16.50 18.69 19.78 21.17 21.83 22.48 22.41 23.51 23.14 22.63 20.44 18.61 18.03 19.86 17.74 18.76 21.39 20.51 19.78 19.78 19.56 21.24 21.97 20.73 20.44 20.88
18.25 18.25 17.52 17.01 18.69 18.18 16.64 15.48 13.87 12.34 10.95 10.66 10.15 10.07 11.39 12.26 10.73 9.34 10.95 12.78 12.63 14.24 14.67 16.64 18.03 18.10 18.10 18.18 15.26 15.48 15.40 16.50 16.64 16.06 16.21 16.43 18.10 19.93 18.47 17.30 18.10 20.44 23.00 21.10 19.42 18.69 17.81 17.45 17.37 16.50 15.11 15.11 14.38 14.45 15.48 16.06 14.82 15.55 18.61 19.27 19.05 17.59 19.49 22.19 23.73 17.81 18.10 18.91 18.18 15.84 13.72 14.16 15.77 17.08 16.50 16.57 16.57 18.54 19.49 20.95 21.17 22.92 23.58
18.25 18.25 17.52 17.01 18.69 18.18 16.64 15.48 13.87 12.34 10.95 10.66 10.15 10.07 11.39 12.26 10.73 9.34 10.95 12.78 12.63 14.24 14.67 16.64 18.03 18.10 18.10 18.18 15.26 15.48 15.40 16.50 16.64 16.06 16.21 16.43 18.10 19.93 18.47 17.30 18.10 20.44 23.00 21.10 19.42 18.69 17.81 17.45 17.37 16.50 15.11 15.11 14.38 14.45 15.48 16.06 14.82 15.55 18.61 19.27 19.05 17.59 19.49 22.19 23.73 17.81 18.10 18.91 18.18 15.84 13.72 14.16 15.77 17.08 16.50 16.57 16.57 18.54 19.49 20.95 21.17 22.92 23.58
14.67 14.67 17.30 19.42 18.83 18.25 17.08 16.21 15.40 14.53 14.09 14.38 14.24 14.82 16.43 16.06 14.24 14.60 16.28 16.72 15.18 16.79 17.81 16.64 15.40 15.48 15.48 12.34 13.14 12.92 13.21 13.58 14.31 15.40 17.59 17.37 16.86 16.57 16.72 14.82 10.22 11.10 16.13 18.76 19.05 19.71 18.10 18.98 20.44 20.59 20.37 20.37 18.83 15.26 14.24 16.06 18.54 18.10 16.50 18.03 19.35 19.71 18.10 17.23 15.70 16.13 17.23 18.76 16.50 15.62 16.13 16.79 16.72 16.79 17.37 17.23 17.23 14.97 13.80 16.28 18.47 19.35 20.37
15.91 15.91 16.50 17.01 16.64 16.64 15.04 15.33 16.13 17.16 18.18 19.13 20.66 21.32 21.39 19.86 19.27 18.32 15.62 15.18 17.16 17.96 18.54 17.37 16.21 13.65 13.65 12.78 13.87 14.09 14.97 15.26 15.18 15.33 15.70 15.48 14.67 16.43 16.94 17.23 16.13 15.77 16.64 20.81 23.80 22.34 21.83 22.19 24.53 27.01 25.19 25.19 24.97 21.46 19.42 19.20 19.42 17.67 17.67 19.35 20.08 21.10 19.71 17.30 16.28 16.43 16.57 15.70 15.04 14.97 16.64 17.30 16.86 17.01 17.08 17.52 17.52 16.28 16.43 17.01 18.76 18.98 20.22
17.30 17.30 17.74 18.98 19.64 18.98 18.25 17.45 19.13 20.51 20.44 21.17 21.97 23.07 22.05 20.00 19.05 18.47 15.91 12.99 13.14 12.63 14.24 15.99 12.63 11.97 11.97 11.83 12.78 12.05 13.36 14.60 15.99 17.67 17.23 17.08 15.99 16.13 16.72 16.86 15.99 16.86 18.83 21.10 23.94 25.70 26.65 27.81 27.23 24.82 26.65 26.65 25.62 22.78 21.10 21.39 21.90 19.78 17.67 18.25 18.18 18.40 16.86 17.96 17.89 17.08 15.62 15.48 16.50 18.32 19.27 19.27 18.18 19.27 19.71 20.00 20.00 20.29 21.83 22.12 20.29 21.61 23.14
17.30 17.30 17.74 18.98 19.64 18.98 18.25 17.45 19.13 20.51 20.44 21.17 21.97 23.07 22.05 20.00 19.05 18.47 15.91 12.99 13.14 12.63 14.24 15.99 12.63 11.97 11.97 11.83 12.78 12.05 13.36 14.60 15.99 17.67 17.23 17.08 15.99 16.13 16.72 16.86 15.99 16.86 18.83 21.10 23.94 25.70 26.65 27.81 27.23 24.82 26.65 26.65 25.62 22.78 21.10 21.39 21.90 19.78 17.67 18.25 18.18 18.40 16.86 17.96 17.89 17.08 15.62 15.48 16.50 18.32 19.27 19.27 18.18 19.27 19.71 20.00 20.00 20.29 21.83 22.12 20.29 21.61 23.14
21.17 21.17 21.61 22.05 22.85 22.41 23.21 23.65 23.73 24.02 23.80 22.27 21.53 21.46 22.19 22.63 21.10 20.29 17.74 14.45 11.39 7.45 9.78 11.53 9.27 9.20 9.20 10.80 12.19 12.70 13.36 14.60 15.91 16.35 15.40 15.77 15.40 15.55 14.31 15.70 17.08 18.61 19.64 20.29 21.83 22.78 24.02 24.24 23.87 22.48 23.36 23.36 22.63 19.93 18.98 22.12 21.46 17.67 17.23 17.52 17.81 16.06 13.29 15.04 17.81 19.78 17.74 16.35 16.50 17.96 19.71 20.37 21.53 21.97 20.81 18.83 18.83 20.59 22.92 24.16 23.80 23.29 0.00
23.43 23.43 23.73 24.53 23.87 24.24 24.31 25.04 26.65 25.77 23.29 21.46 19.56 19.56 18.18 18.18 17.59 17.16 14.97 10.44 8.32 8.10 8.91 6.13 8.25 9.71 9.71 10.37 10.95 11.39 12.63 12.85 12.78 12.70 12.78 15.18 16.13 16.35 15.55 15.84 16.50 17.16 19.42 18.76 17.59 17.74 18.25 20.95 20.88 22.05 22.63 22.63 20.29 17.59 17.89 19.35 19.13 17.96 18.83 18.76 17.81 10.07 10.07 13.43 15.84 18.25 19.71 20.81 19.49 18.61 18.98 20.73 23.07 25.11 22.70 21.75 21.75 21.68 22.34 23.94 24.31 20.15 0.00
22.48 22.48 22.78 23.51 23.58 23.43 21.75 22.27 22.41 19.42 18.91 18.69 18.76 18.83 17.37 16.72 16.64 16.35 14.31 12.26 11.17 9.20 3.50 4.31 6.72 10.73 10.73 12.41 12.05 11.75 12.34 12.05 13.65 12.92 14.97 16.64 17.30 16.64 16.06 14.89 14.97 14.82 14.67 15.77 18.03 20.22 21.46 20.44 19.56 19.42 19.35 19.35 15.99 12.99 15.11 18.83 18.61 15.48 17.08 19.20 14.53 12.85 12.70 14.02 15.84 17.01 18.98 19.78 19.71 18.98 20.00 21.39 23.07 24.09 24.02 23.36 23.36 21.75 21.61 20.08 19.49 0.00 0.00
22.27 22.27 22.12 22.85 22.56 22.12 19.93 20.00 20.66 19.42 17.23 15.48 14.60 13.29 12.26 15.04 17.01 15.26 14.09 12.99 13.21 7.66 6.20 5.33 6.57 8.83 8.83 10.73 12.63 13.80 16.35 16.50 15.91 15.55 15.33 13.65 13.36 12.92 13.51 14.09 15.48 16.28 14.60 14.53 15.84 17.45 17.30 16.94 16.28 15.11 13.58 13.58 13.21 14.02 17.16 19.35 16.28 16.79 17.08 15.99 15.84 12.85 12.19 12.92 14.31 15.70 17.67 18.69 19.49 19.49 18.76 19.27 20.88 23.58 23.00 19.56 19.56 18.03 17.16 17.52 17.59 14.60 15.62
22.27 22.27 22.12 22.85 22.56 22.12 19.93 20.00 20.66 19.42 17.23 15.48 14.60 13.29 12.26 15.04 17.01 15.26 14.09 12.99 13.21 7.66 6.20 5.33 6.57 8.83 8.83 10.73 12.63 13.80 16.35 16.50 15.91 15.55 15.33 13.65 13.36 12.92 13.51 14.09 15.48 16.28 14.60 14.53 15.84 17.45 17.30 16.94 16.28 15.11 13.58 13.58 13.21 14.02 17.16 19.35 16.28 16.79 17.08 15.99 15.84 12.85 12.19 12.92 14.31 15.70 17.67 18.69 19.49 19.49 18.76 19.27 20.88 23.58 23.00 19.56 19.56 18.03 17.16 17.52 17.59 14.60 15.62
19.49 19.49 20.81 21.75 21.90 21.02 19.71 19.27 17.81 16.57 14.38 12.85 11.53 10.00 10.95 13.36 14.82 15.33 14.60 13.29 13.65 6.35 7.37 6.79 7.74 8.18 8.18 9.49 12.63 16.50 18.40 19.05 19.35 18.18 16.57 14.82 13.87 12.63 13.65 16.06 17.81 17.23 16.28 15.18 13.43 12.56 15.84 13.94 13.36 14.09 14.53 14.53 15.48 15.48 15.84 17.52 18.76 18.83 19.20 14.09 14.31 10.88 6.72 8.91 11.24 13.94 15.91 17.52 17.16 20.44 21.83 21.24 21.17 22.34 23.00 21.53 21.53 20.66 19.71 19.13 13.87 13.65 11.83
15.55 15.55 16.64 18.03 20.22 19.78 17.45 17.16 13.80 14.38 13.72 13.65 13.36 13.07 13.87 11.75 11.32 12.99 11.17 12.48 6.94 6.42 6.79 7.88 8.76 7.88 7.88 6.20 8.83 14.16 16.79 17.67 17.67 17.37 16.43 11.61 12.12 13.80 15.40 16.28 18.32 17.01 16.72 14.82 13.14 13.43 15.55 16.28 15.18 16.28 15.62 15.62 15.33 15.70 17.23 18.76 21.53 19.93 14.38 12.12 14.09 15.70 14.16 9.27 5.62 7.01 12.48 15.55 15.70 16.06 17.81 20.00 21.39 20.44 19.35 20.44 20.44 19.93 19.13 19.49 19.27 17.37 14.53
14.31 14.31 15.70 15.77 15.26 14.31 12.85 11.61 11.32 11.97 12.26 13.51 15.62 14.97 11.53 8.47 8.10 9.49 9.49 4.23 5.04 6.57 10.15 12.34 12.12 11.39 11.39 9.93 10.59 14.31 17.67 17.16 16.72 17.59 15.33 12.26 11.02 14.97 16.21 17.52 17.52 16.28 15.26 15.55 15.40 15.91 17.30 17.37 16.43 16.57 17.81 17.81 18.10 18.83 18.32 16.64 18.54 16.57 15.40 14.16 15.48 16.35 15.99 13.72 12.48 10.51 10.95 12.85 12.99 13.94 14.89 14.82 17.08 19.27 20.66 20.95 20.95 19.71 16.86 18.03 20.44 18.61 17.81
12.26 12.26 12.26 12.05 11.53 9.42 9.71 10.66 10.22 8.98 7.96 10.73 12.41 10.80 8.91 7.01 8.10 8.03 7.08 5.55 6.94 8.03 9.20 11.83 12.34 12.92 12.92 13.36 15.48 16.86 17.89 17.89 17.08 17.45 15.18 14.67 16.79 18.25 19.64 19.78 19.42 19.20 17.96 16.72 16.13 16.72 18.61 20.15 19.13 19.64 19.78 19.78 17.81 17.52 17.16 16.64 18.47 19.27 20.95 21.53 18.25 17.01 20.15 18.18 16.43 14.60 13.87 14.60 14.60 14.67 15.55 15.18 14.75 16.79 21.02 22.12 22.12 22.05 20.88 22.34 20.22 19.78 17.89
9.56 9.56 8.98 8.98 9.27 7.74 6.86 7.74 9.13 9.42 8.83 8.91 10.00 10.15 8.76 7.81 8.83 8.61 6.79 7.81 10.44 12.26 12.70 12.56 13.21 14.82 14.82 14.89 17.01 17.37 16.21 16.28 17.08 17.01 16.06 15.99 17.45 18.98 20.22 19.86 21.61 20.00 19.27 18.40 20.08 20.88 20.29 20.51 21.10 20.00 21.24 21.24 19.64 19.05 19.27 19.20 20.15 20.29 21.24 19.78 18.18 16.72 16.94 16.50 15.77 16.13 16.06 17.67 16.50 16.86 17.23 14.89 14.89 16.64 19.56 21.39 21.39 21.32 22.56 26.72 24.31 19.42 16.21
9.56 9.56 8.98 8.98 9.27 7.74 6.86 7.74 9.13 9.42 8.83 8.91 10.00 10.15 8.76 7.81 8.83 8.61 6.79 7.81 10.44 12.26 12.70 12.56 13.21 14.82 14.82 14.89 17.01 17.37 16.21 16.28 17.08 17.01 16.06 15.99 17.45 18.98 20.22 19.86 21.61 20.00 19.27 18.40 20.08 20.88 20.29 20.51 21.10 20.00 21.24 21.24 19.64 19.05 19.27 19.20 20.15 20.29 21.24 19.78 18.18 16.72 16.94 16.50 15.77 16.13 16.06 17.67 16.50 16.86 17.23 14.89 14.89 16.64 19.56 21.39 21.39 21.32 22.56 26.72 24.31 19.42 16.21
10.37 10.37 10.66 11.02 7.81 6.28 6.94 7.96 8.32 8.03 7.01 7.01 7.23 7.23 9.05 10.66 9.56 8.40 8.98 9.56 10.22 11.32 14.02 14.38 13.65 16.35 16.35 15.48 15.91 17.59 19.78 20.66 20.95 19.93 20.29 18.40 18.76 21.02 20.37 19.78 19.78 19.64 18.98 21.53 23.65 24.09 23.14 23.58 22.12 19.42 20.00 20.00 21.02 20.59 19.27 22.78 21.61 18.61 18.10 17.37 18.18 17.96 16.57 13.72 13.29 17.67 19.13 17.23 15.18 14.53 13.51 13.87 14.02 14.53 16.35 17.52 17.52 18.54 24.67 26.13 22.92 17.30 12.34
10.73 10.73 11.02 11.68 9.05 8.98 8.91 7.30 7.45 7.88 9.49 8.76 10.00 9.05 0.00 8.76 7.15 8.47 9.13 10.37 11.97 14.02 15.26 15.40 13.72 13.80 13.80 14.38 17.08 22.27 24.53 23.94 23.65 24.31 23.51 21.83 21.02 20.59 21.10 20.81 20.73 22.27 22.41 21.90 22.78 23.73 24.02 23.73 22.27 20.73 20.95 20.95 22.12 24.16 25.11 23.29 22.12 22.12 20.15 19.64 19.56 19.27 18.61 17.30 16.43 18.76 21.24 19.93 18.69 19.42 19.13 18.03 17.23 15.84 13.94 14.02 14.02 15.33 22.63 23.80 18.98 16.21 11.02
9.20 9.20 10.29 10.95 9.78 10.59 11.17 9.71 0.00 9.34 12.19 10.51 0.00 0.00 7.30 7.52 7.66 8.98 10.95 11.97 13.65 15.99 15.48 15.18 13.21 11.83 11.83 12.26 18.54 22.19 24.09 24.45 24.02 24.31 24.02 21.97 21.97 21.83 22.56 23.58 23.36 23.58 23.43 22.12 22.92 23.65 21.75 21.75 20.15 22.12 20.37 20.37 22.19 25.55 27.01 25.62 23.58 23.29 22.34 23.07 22.48 23.00 23.87 21.61 20.44 20.44 21.68 22.12 22.19 23.07 23.65 24.24 23.21 22.34 18.69 14.82 14.82 13.58 18.03 21.17 17.30 13.21 10.15
7.45 7.45 6.72 7.08 7.45 8.25 9.13 0.00 0.00 8.10 8.69 0.00 5.26 4.23 4.53 4.45 7.01 8.83 12.19 13.65 11.75 12.56 11.83 10.15 9.71 12.34 12.34 14.97 21.97 23.58 23.14 23.58 23.65 22.92 22.78 22.27 22.56 23.36 23.29 24.82 24.67 24.45 24.09 23.80 23.58 22.48 22.70 22.34 20.00 23.00 24.75 24.75 22.12 27.74 27.23 25.92 24.02 23.58 23.58 22.56 21.83 19.93 21.10 21.83 21.39 21.24 22.12 22.12 23.07 24.67 21.75 20.44 22.12 22.05 20.08 17.37 17.37 13.94 13.87 15.84 15.40 15.40 15.40
7.23 7.23 6.57 7.30 7.01 0.00 0.00 0.00 0.00 0.00 7.59 5.18 3.36 3.72 3.14 0.80 2.63 8.54 10.44 10.07 9.13 10.29 8.54 6.57 7.81 15.33 15.33 20.00 22.19 22.12 20.59 21.46 22.85 21.75 21.39 21.90 23.58 25.92 25.11 23.21 22.41 20.37 19.78 20.44 21.61 21.24 19.49 18.18 18.91 23.51 26.65 26.65 26.57 27.67 32.05 28.76 25.40 24.38 22.05 19.93 20.66 19.78 20.08 20.73 20.88 21.24 19.78 20.59 22.41 22.92 21.90 22.48 23.29 22.19 19.27 18.91 18.91 18.91 16.35 16.28 15.70 17.45 18.69
7.23 7.23 6.57 7.30 7.01 0.00 0.00 0.00 0.00 0.00 7.59 5.18 3.36 3.72 3.14 0.80 2.63 8.54 10.44 10.07 9.13 10.29 8.54 6.57 7.81 15.33 15.33 20.00 22.19 22.12 20.59 21.46 22.85 21.75 21.39 21.90 23.58 25.92 25.11 23.21 22.41 20.37 19.78 20.44 21.61 21.24 19.49 18.18 18.91 23.51 26.65 26.65 26.57 27.67 32.05 28.76 25.40 24.38 22.05 19.93 20.66 19.78 20.08 20.73 20.88 21.24 19.78 20.59 22.41 22.92 21.90 22.48 23.29 22.19 19.27 18.91 18.91 18.91 16.35 16.28 15.70 17.45 18.69
0.00 0.00 7.88 7.59 0.00 0.00 0.00 0.00 8.83 10.59 9.71 9.34 8.54 6.42 3.72 5.40 8.25 9.78 9.78 8.10 9.49 10.15 8.18 6.94 8.25 12.78 12.78 18.69 20.22 19.64 17.16 17.45 21.10 22.12 21.32 21.24 22.92 23.87 23.07 21.02 18.54 17.89 16.94 17.08 17.96 16.43 17.08 18.32 20.88 22.92 23.36 23.36 22.56 25.19 27.08 24.97 21.75 19.71 16.79 15.11 17.16 18.83 19.27 19.64 21.02 20.29 19.78 17.37 17.52 18.47 20.59 22.19 22.92 22.63 22.41 23.29 23.29 22.56 21.68 20.15 18.61 20.88 20.37
0.00 0.00 0.00 0.00 0.00 0.00 0.00 10.00 12.85 11.02 10.22 10.88 11.24 8.10 8.47 11.39 12.34 12.92 10.51 8.76 9.42 11.10 9.93 8.47 9.42 12.48 12.48 17.74 20.08 18.98 18.32 18.98 19.05 19.93 20.44 20.15 19.56 20.15 20.73 19.64 18.10 16.57 15.04 14.97 15.26 15.26 16.79 18.98 20.15 22.48 24.38 24.38 23.51 24.02 26.79 23.80 19.13 17.30 14.38 14.45 17.52 18.32 16.57 18.25 20.15 20.44 19.71 18.91 18.98 19.13 20.00 20.08 23.14 24.16 23.87 20.73 20.73 21.10 18.69 18.03 17.52 16.72 17.16
2.85 2.85 4.67 5.40 6.20 7.52 8.69 10.37 11.97 11.83 11.61 12.05 11.24 10.44 13.51 13.43 15.40 14.60 11.32 9.13 9.34 9.86 9.49 9.56 8.25 10.66 10.66 14.02 17.89 17.74 18.76 19.86 19.71 19.78 18.98 18.98 18.03 19.49 19.71 18.40 16.06 13.58 12.05 11.68 12.63 14.38 17.59 19.64 18.83 21.17 21.83 21.83 24.75 22.63 20.95 20.95 20.08 16.35 13.58 14.82 16.72 18.83 18.61 19.56 20.00 21.24 21.90 21.32 20.95 20.08 17.89 17.59 19.86 21.90 22.27 22.78 22.78 20.37 17.30 16.28 14.53 14.09 13.43
4.38 4.38 7.23 6.86 7.37 10.66 10.66 14.02 14.75 13.65 14.02 13.51 11.17 10.37 9.86 11.97 13.65 14.38 11.83 8.98 8.91 11.46 11.53 8.83 7.59 6.94 6.94 8.91 13.87 17.08 19.27 21.10 19.13 17.08 16.21 16.43 18.25 19.64 18.61 14.67 12.05 10.29 9.86 11.68 13.21 14.82 16.72 18.69 18.03 15.55 18.83 18.83 20.88 19.93 18.91 18.91 17.23 15.70 14.31 15.55 16.86 20.00 21.53 21.39 21.10 21.10 21.97 21.61 20.08 20.00 17.59 15.55 15.55 17.45 19.78 21.46 21.46 18.61 16.79 14.60 13.80 13.72 14.45
1.90 1.90 0.00 0.00 0.00 0.00 0.00 0.00 0.00 0.00 0.00 10.51 10.51 8.91 7.45 11.10 12.70 12.12 9.93 6.50 6.28 9.05 12.05 10.80 10.07 8.61 8.61 10.00 14.09 16.86 17.52 18.10 17.52 15.99 16.21 17.08 16.94 16.50 15.84 13.07 10.37 11.02 14.24 14.24 12.41 10.15 9.71 15.18 16.06 14.82 16.43 16.43 14.89 14.45 14.67 16.35 15.48 13.14 6.50 4.02 9.20 15.70 17.89 16.43 14.67 20.15 23.87 22.27 21.02 18.76 16.94 15.48 12.26 9.49 6.64 10.66 10.66 12.92 13.87 11.39 10.59 10.51 9.34
0.00 0.00 0.00 0.00 0.00 0.00 0.00 0.00 0.00 0.00 0.00 10.07 10.44 8.54 6.13 9.13 11.83 10.66 7.74 6.06 8.91 12.48 14.31 12.70 11.32 9.20 9.20 7.45 10.51 13.87 16.43 17.59 17.81 17.16 15.70 15.11 14.16 14.09 13.65 12.70 11.75 11.46 13.43 12.56 10.88 9.49 9.56 11.97 11.53 12.34 12.34 12.34 11.97 11.53 11.32 11.32 5.77 2.34 0.00 5.04 14.09 20.08 23.36 23.51 22.34 23.36 24.16 21.90 21.53 18.91 14.31 10.07 9.78 8.83 8.83 8.47 8.47 15.62 13.36 12.56 11.53 11.61 8.83
0.00 0.00 0.00 0.00 0.00 0.00 0.00 0.00 0.00 0.00 0.00 10.07 10.44 8.54 6.13 9.13 11.83 10.66 7.74 6.06 8.91 12.48 14.31 12.70 11.32 9.20 9.20 7.45 10.51 13.87 16.43 17.59 17.81 17.16 15.70 15.11 14.16 14.09 13.65 12.70 11.75 11.46 13.43 12.56 10.88 9.49 9.56 11.97 11.53 12.34 12.34 12.34 11.97 11.53 11.32 11.32 5.77 2.34 0.00 5.04 14.09 20.08 23.36 23.51 22.34 23.36 24.16 21.90 21.53 18.91 14.31 10.07 9.78 8.83 8.83 8.47 8.47 15.62 13.36 12.56 11.53 11.61 8.83
0.00 0.00 0.00 0.00 0.00 0.00 0.00 0.00 0.00 0.00 11.02 9.93 6.20 3.72 4.60 5.99 6.50 3.87 6.94 9.64 13.14 13.58 13.43 11.46 7.59 5.99 5.99 8.10 9.20 11.97 13.65 14.53 15.70 16.06 13.07 10.29 10.37 11.17 12.34 12.12 13.21 14.24 12.99 10.80 8.76 6.86 7.45 7.74 10.59 11.24 12.26 12.26 13.58 12.12 7.45 2.99 1.46 2.41 8.10 17.37 22.41 25.99 26.21 26.50 27.23 27.52 25.33 22.78 22.12 22.70 23.00 21.68 20.37 22.27 19.56 19.93 19.93 14.75 14.16 15.04 18.54 18.47 16.50
