Wansh/Snow_depth/snowdepth-1982/spring/1982065.txt
ncols 321
nrows 161
xllcenter 60
yllcenter 15 
cellsize  0.25 
NODATA_value -1
[rows 0 to 36 of 161, columns 0 to 82 of 321]
10.95 10.95 14.02 19.05 18.54 17.67 18.25 20.88 20.00 21.90 22.12 22.12 23.43 24.53 24.09 24.82 24.67 20.22 18.10 14.45 15.11 15.77 16.35 16.57 14.24 14.31 14.31 14.16 14.09 15.33 15.18 16.35 15.70 14.53 13.65 13.58 14.60 16.79 18.91 20.08 20.81 20.88 21.53 21.53 21.46 22.19 22.19 22.41 22.27 23.14 22.85 22.85 22.05 21.46 24.02 25.33 26.35 26.06 25.92 26.13 26.65 26.94 26.94 25.84 24.75 23.80 23.80 21.39 23.87 26.13 18.69 21.24 22.92 22.63 22.63 20.95 20.95 22.70 23.29 21.90 21.10 20.95 21.10
15.33 15.33 20.08 21.17 22.56 21.02 19.56 20.08 20.37 21.02 20.44 20.44 19.56 20.00 19.05 16.50 16.57 15.84 14.82 12.92 13.51 14.75 13.58 11.97 11.10 10.59 10.59 12.19 13.36 12.99 11.97 11.97 11.97 12.05 12.56 13.07 12.70 16.06 16.72 17.16 15.26 15.33 15.04 16.57 17.30 18.40 17.59 17.37 19.20 20.08 20.37 20.37 19.78 19.71 21.10 24.09 24.09 24.60 24.24 23.65 23.58 23.73 23.29 21.97 22.05 22.34 20.95 16.35 21.24 12.99 16.79 19.86 22.78 21.61 21.24 22.05 22.05 23.00 22.85 22.85 23.87 22.19 21.83
21.24 21.24 20.15 20.44 20.51 20.00 19.13 17.23 15.91 15.18 15.26 15.84 13.36 10.73 12.48 11.75 11.02 10.37 11.17 11.17 10.44 10.44 10.73 11.53 11.32 12.34 12.34 11.97 11.83 11.97 11.17 11.46 12.34 11.53 13.65 16.13 14.67 16.06 16.43 15.91 14.97 13.58 13.43 13.87 14.89 15.91 15.33 16.50 17.08 17.67 18.25 18.25 17.74 18.32 18.54 19.13 19.27 20.95 21.53 21.32 22.05 23.65 23.73 23.94 22.34 23.87 23.80 22.56 22.85 22.56 22.48 22.56 23.07 21.61 21.61 22.63 22.63 23.65 21.83 19.93 20.37 21.10 21.24
21.24 21.24 20.15 20.44 20.51 20.00 19.13 17.23 15.91 15.18 15.26 15.84 13.36 10.73 12.48 11.75 11.02 10.37 11.17 11.17 10.44 10.44 10.73 11.53 11.32 12.34 12.34 11.97 11.83 11.97 11.17 11.46 12.34 11.53 13.65 16.13 14.67 16.06 16.43 15.91 14.97 13.58 13.43 13.87 14.89 15.91 15.33 16.50 17.08 17.67 18.25 18.25 17.74 18.32 18.54 19.13 19.27 20.95 21.53 21.32 22.05 23.65 23.73 23.94 22.34 23.87 23.80 22.56 22.85 22.56 22.48 22.56 23.07 21.61 21.61 22.63 22.63 23.65 21.83 19.93 20.37 21.10 21.24
14.89 14.89 17.23 19.13 17.74 15.70 13.14 11.83 11.17 10.37 9.34 10.15 9.34 8.83 8.91 7.37 6.86 7.81 10.22 11.39 9.05 10.51 9.64 10.15 10.44 11.83 11.83 12.92 14.09 14.16 14.97 15.55 15.33 14.16 15.40 16.86 15.99 16.35 17.01 16.86 16.64 15.77 15.55 16.28 16.79 16.57 15.77 15.04 14.31 15.40 16.21 16.21 17.96 16.64 16.50 18.03 18.76 19.71 21.46 21.68 21.75 22.92 25.04 25.04 23.43 23.29 24.67 21.90 22.56 22.27 22.78 22.34 21.68 19.71 18.69 20.29 20.29 20.08 20.37 20.51 20.81 20.00 19.49
14.24 14.24 12.70 11.90 13.21 13.29 12.41 11.17 9.93 8.83 8.61 7.81 6.35 4.02 6.35 7.30 7.37 8.61 9.42 10.66 11.61 11.17 11.17 11.53 13.14 17.16 17.16 17.59 15.84 16.28 18.18 18.83 18.98 16.57 15.84 16.64 18.76 18.61 18.03 17.59 19.13 21.32 21.53 20.51 18.91 18.40 17.45 16.64 15.33 15.33 16.13 16.13 15.91 13.51 14.24 15.18 15.33 16.50 18.69 19.78 21.17 21.83 22.48 22.41 23.51 23.14 22.63 20.44 18.61 18.03 19.86 17.74 18.76 21.39 20.51 19.78 19.78 19.56 21.24 21.97 20.73 20.44 20.88
11.75 11.75 12.05 10.95 12.26 13.94 14.97 14.31 13.65 12.85 11.83 10.51 7.37 8.32 8.69 11.02 11.53 10.07 10.80 14.09 14.45 13.36 15.40 16.28 18.32 19.05 19.05 16.06 15.26 15.48 15.40 16.50 16.64 16.06 16.21 16.43 18.10 19.93 18.47 17.30 18.10 20.44 23.00 21.10 19.42 18.69 17.81 17.45 17.37 16.50 15.11 15.11 14.38 14.45 15.48 16.06 14.82 15.55 18.61 19.27 19.05 17.59 19.49 22.19 23.73 17.81 18.10 18.91 18.18 15.84 13.72 14.16 15.77 17.08 16.50 16.57 16.57 18.54 19.49 20.95 21.17 22.92 23.58
11.75 11.75 12.05 10.95 12.26 13.94 14.97 14.31 13.65 12.85 11.83 10.51 7.37 8.32 8.69 11.02 11.53 10.07 10.80 14.09 14.45 13.36 15.40 16.28 18.32 19.05 19.05 16.06 15.26 15.48 15.40 16.50 16.64 16.06 16.21 16.43 18.10 19.93 18.47 17.30 18.10 20.44 23.00 21.10 19.42 18.69 17.81 17.45 17.37 16.50 15.11 15.11 14.38 14.45 15.48 16.06 14.82 15.55 18.61 19.27 19.05 17.59 19.49 22.19 23.73 17.81 18.10 18.91 18.18 15.84 13.72 14.16 15.77 17.08 16.50 16.57 16.57 18.54 19.49 20.95 21.17 22.92 23.58
12.41 12.41 12.26 13.87 14.16 14.09 14.09 14.38 14.67 14.67 14.60 13.65 12.26 11.97 12.85 12.78 17.23 14.16 15.91 17.81 16.72 17.16 17.96 15.99 14.67 14.31 14.31 12.34 13.14 12.92 13.21 13.58 14.31 15.40 17.59 17.37 16.86 16.57 16.72 14.82 10.22 11.10 16.13 18.76 19.05 19.71 18.10 18.98 20.44 20.59 20.37 20.37 18.83 15.26 14.24 16.06 18.54 18.10 16.50 18.03 19.35 19.71 18.10 17.23 15.70 16.13 17.23 18.76 16.50 15.62 16.13 16.79 16.72 16.79 17.37 17.23 17.23 14.97 13.80 16.28 18.47 19.35 20.37
13.58 13.58 14.16 15.11 14.89 14.45 13.29 14.67 15.99 16.86 17.45 17.08 19.49 20.66 20.66 18.54 19.27 18.40 14.82 15.26 14.67 15.84 17.16 16.64 15.33 13.65 13.65 12.78 13.87 14.09 14.97 15.26 15.18 15.33 15.70 15.48 14.67 16.43 16.94 17.23 16.13 15.77 16.64 20.81 23.80 22.34 21.83 22.19 24.53 27.01 25.19 25.19 24.97 21.46 19.42 19.20 19.42 17.67 17.67 19.35 20.08 21.10 19.71 17.30 16.28 16.43 16.57 15.70 15.04 14.97 16.64 17.30 16.86 17.01 17.08 17.52 17.52 16.28 16.43 17.01 18.76 18.98 20.22
16.43 16.43 16.94 18.25 18.83 17.96 18.18 17.96 19.49 20.22 20.00 20.81 22.63 24.31 23.36 19.35 18.10 18.47 13.72 10.88 11.90 12.05 13.43 13.65 12.63 11.97 11.97 11.83 12.78 12.05 13.36 14.60 15.99 17.67 17.23 17.08 15.99 16.13 16.72 16.86 15.99 16.86 18.83 21.10 23.94 25.70 26.65 27.81 27.23 24.82 26.65 26.65 25.62 22.78 21.10 21.39 21.90 19.78 17.67 18.25 18.18 18.40 16.86 17.96 17.89 17.08 15.62 15.48 16.50 18.32 19.27 19.27 18.18 19.27 19.71 20.00 20.00 20.29 21.83 22.12 20.29 21.61 23.14
16.43 16.43 16.94 18.25 18.83 17.96 18.18 17.96 19.49 20.22 20.00 20.81 22.63 24.31 23.36 19.35 18.10 18.47 13.72 10.88 11.90 12.05 13.43 13.65 12.63 11.97 11.97 11.83 12.78 12.05 13.36 14.60 15.99 17.67 17.23 17.08 15.99 16.13 16.72 16.86 15.99 16.86 18.83 21.10 23.94 25.70 26.65 27.81 27.23 24.82 26.65 26.65 25.62 22.78 21.10 21.39 21.90 19.78 17.67 18.25 18.18 18.40 16.86 17.96 17.89 17.08 15.62 15.48 16.50 18.32 19.27 19.27 18.18 19.27 19.71 20.00 20.00 20.29 21.83 22.12 20.29 21.61 23.14
21.53 21.53 22.34 23.00 23.80 24.09 22.92 24.09 25.04 24.97 24.97 24.38 24.60 22.78 21.97 19.78 19.49 17.16 14.45 11.32 8.76 8.40 8.47 9.34 9.27 9.20 9.20 10.80 12.19 12.70 13.36 14.60 15.91 16.35 15.40 15.77 15.40 15.55 14.31 15.70 17.08 18.61 19.64 20.29 21.83 22.78 24.02 24.24 23.87 22.48 23.36 23.36 22.63 19.93 18.98 22.12 21.46 17.67 17.23 17.52 17.81 16.06 13.29 15.04 17.81 19.78 17.74 16.35 16.50 17.96 19.71 20.37 21.53 21.97 20.81 18.83 18.83 20.59 22.92 24.16 23.80 23.29 19.56
25.04 25.04 25.33 25.92 26.65 26.06 25.33 25.40 26.57 26.21 24.16 21.02 21.10 20.88 16.79 17.16 16.13 12.56 10.51 7.96 0.00 4.45 6.06 6.13 8.25 9.71 9.71 10.37 10.95 11.39 12.63 12.85 12.78 12.70 12.78 15.18 16.13 16.35 15.55 15.84 16.50 17.16 19.42 18.76 17.59 17.74 18.25 20.95 20.88 22.05 22.63 22.63 20.29 17.59 17.89 19.35 19.13 17.96 18.83 18.76 17.81 10.07 10.07 13.43 15.84 18.25 19.71 20.81 19.49 18.61 18.98 20.73 23.07 25.11 22.70 21.75 21.75 21.68 22.34 23.94 24.31 20.15 17.52
25.70 25.70 25.11 25.77 26.13 25.26 22.70 22.41 22.70 22.19 20.81 19.42 18.91 18.91 13.51 15.91 14.38 12.26 9.42 6.06 4.96 3.72 3.50 4.31 6.72 10.73 10.73 12.41 12.05 11.75 12.34 12.05 13.65 12.92 14.97 16.64 17.30 16.64 16.06 14.89 14.97 14.82 14.67 15.77 18.03 20.22 21.46 20.44 19.56 19.42 19.35 19.35 15.99 12.99 15.11 18.83 18.61 15.48 17.08 19.20 14.53 12.85 12.70 14.02 15.84 17.01 18.98 19.78 19.71 18.98 20.00 21.39 23.07 24.09 24.02 23.36 23.36 21.75 21.61 20.08 19.49 18.54 18.98
25.84 25.84 26.72 26.13 25.48 24.53 22.78 21.90 21.24 19.78 16.79 15.70 14.31 13.51 11.75 12.19 12.99 13.36 9.64 9.05 8.18 7.66 6.20 5.33 6.57 8.83 8.83 10.73 12.63 13.80 16.35 16.50 15.91 15.55 15.33 13.65 13.36 12.92 13.51 14.09 15.48 16.28 14.60 14.53 15.84 17.45 17.30 16.94 16.28 15.11 13.58 13.58 13.21 14.02 17.16 19.35 16.28 16.79 17.08 15.99 15.84 12.85 12.19 12.92 14.31 15.70 17.67 18.69 19.49 19.49 18.76 19.27 20.88 23.58 23.00 19.56 19.56 18.03 17.16 17.52 17.59 16.43 15.18
25.84 25.84 26.72 26.13 25.48 24.53 22.78 21.90 21.24 19.78 16.79 15.70 14.31 13.51 11.75 12.19 12.99 13.36 9.64 9.05 8.18 7.66 6.20 5.33 6.57 8.83 8.83 10.73 12.63 13.80 16.35 16.50 15.91 15.55 15.33 13.65 13.36 12.92 13.51 14.09 15.48 16.28 14.60 14.53 15.84 17.45 17.30 16.94 16.28 15.11 13.58 13.58 13.21 14.02 17.16 19.35 16.28 16.79 17.08 15.99 15.84 12.85 12.19 12.92 14.31 15.70 17.67 18.69 19.49 19.49 18.76 19.27 20.88 23.58 23.00 19.56 19.56 18.03 17.16 17.52 17.59 16.43 15.18
22.56 22.56 24.16 25.19 24.67 23.94 21.46 20.44 19.78 18.54 16.72 15.18 14.45 9.13 9.64 9.86 9.71 12.05 9.13 8.10 7.66 6.35 7.37 6.79 7.74 8.18 8.18 9.49 12.63 16.50 18.40 19.05 19.35 18.18 16.57 14.82 13.87 12.63 13.65 16.06 17.81 17.23 16.28 15.18 13.43 12.56 15.84 13.94 13.36 14.09 14.53 14.53 15.48 15.48 15.84 17.52 18.76 18.83 19.20 14.09 14.31 10.88 6.72 8.91 11.24 13.94 15.91 17.52 17.16 20.44 21.83 21.24 21.17 22.34 23.00 21.53 21.53 20.66 19.71 19.13 17.01 15.48 14.16
19.71 19.71 21.39 23.73 21.32 19.78 19.35 19.05 18.61 17.96 16.79 16.50 16.64 9.13 8.91 8.18 6.72 8.18 7.66 5.62 6.94 6.42 6.79 7.88 8.76 7.88 7.88 6.20 8.83 14.16 16.79 17.67 17.67 17.37 16.43 11.61 12.12 13.80 15.40 16.28 18.32 17.01 16.72 14.82 13.14 13.43 15.55 16.28 15.18 16.28 15.62 15.62 15.33 15.70 17.23 18.76 21.53 19.93 14.38 12.12 14.09 15.70 14.16 9.27 5.62 7.01 12.48 15.55 15.70 16.06 17.81 20.00 21.39 20.44 19.35 20.44 20.44 19.93 19.13 19.49 19.20 18.47 17.37
19.49 19.49 19.71 20.44 20.29 18.98 18.47 17.81 16.64 15.70 15.55 15.70 8.83 8.47 7.01 5.11 4.09 5.91 5.18 4.23 5.04 6.57 10.15 12.34 12.12 11.39 11.39 9.93 10.59 14.31 17.67 17.16 16.72 17.59 15.33 12.26 11.02 14.97 16.21 17.52 17.52 16.28 15.26 15.55 15.40 15.91 17.30 17.37 16.43 16.57 17.81 17.81 18.10 18.83 18.32 16.64 18.54 16.57 15.40 14.16 15.48 16.35 15.99 13.72 12.48 10.51 10.95 12.85 12.99 13.94 14.89 14.82 17.08 19.27 20.66 20.95 20.95 19.71 16.86 18.03 19.20 19.35 17.08
18.18 18.18 17.74 18.69 18.25 17.59 17.08 16.64 16.21 14.97 12.78 13.87 6.50 6.28 6.42 6.35 6.57 6.57 6.50 5.55 6.94 8.03 9.20 11.83 12.34 12.92 12.92 13.36 15.48 16.86 17.89 17.89 17.08 17.45 15.18 14.67 16.79 18.25 19.64 19.78 19.42 19.20 17.96 16.72 16.13 16.72 18.61 20.15 19.13 19.64 19.78 19.78 17.81 17.52 17.16 16.64 18.47 19.27 20.95 21.53 18.25 17.01 20.15 18.18 16.43 14.60 13.87 14.60 14.60 14.67 15.55 15.18 14.75 16.79 21.02 22.12 22.12 22.05 20.88 20.51 19.05 18.69 17.37
17.45 17.45 17.59 16.79 16.79 15.62 12.48 12.70 14.24 15.77 15.48 8.83 7.45 8.40 7.96 8.61 7.59 6.64 6.79 7.81 10.44 12.26 12.70 12.56 13.21 14.82 14.82 14.89 17.01 17.37 16.21 16.28 17.08 17.01 16.06 15.99 17.45 18.98 20.22 19.86 21.61 20.00 19.27 18.40 20.08 20.88 20.29 20.51 21.10 20.00 21.24 21.24 19.64 19.05 19.27 19.20 20.15 20.29 21.24 19.78 18.18 16.72 16.94 16.50 15.77 16.13 16.06 17.67 16.50 16.86 17.23 14.89 14.89 16.64 19.56 21.39 21.39 21.32 22.56 24.89 22.85 18.69 15.18
17.45 17.45 17.59 16.79 16.79 15.62 12.48 12.70 14.24 15.77 15.48 8.83 7.45 8.40 7.96 8.61 7.59 6.64 6.79 7.81 10.44 12.26 12.70 12.56 13.21 14.82 14.82 14.89 17.01 17.37 16.21 16.28 17.08 17.01 16.06 15.99 17.45 18.98 20.22 19.86 21.61 20.00 19.27 18.40 20.08 20.88 20.29 20.51 21.10 20.00 21.24 21.24 19.64 19.05 19.27 19.20 20.15 20.29 21.24 19.78 18.18 16.72 16.94 16.50 15.77 16.13 16.06 17.67 16.50 16.86 17.23 14.89 14.89 16.64 19.56 21.39 21.39 21.32 22.56 24.89 22.85 18.69 15.18
16.50 16.50 15.91 13.65 12.19 12.41 12.99 13.80 14.67 14.82 13.51 8.91 9.42 9.56 8.69 8.32 8.25 8.40 8.98 9.56 10.22 11.32 14.02 14.38 13.65 16.35 16.35 15.48 15.91 17.59 19.78 20.66 20.95 19.93 20.29 18.40 18.76 21.02 20.37 19.78 19.78 19.64 18.98 21.53 23.65 24.09 23.14 23.58 22.12 19.42 20.00 20.00 21.02 20.59 19.27 22.78 21.61 18.61 18.10 17.37 18.18 17.96 16.57 13.72 13.29 17.67 19.13 17.23 15.18 14.53 13.51 13.87 14.02 14.53 16.35 17.52 17.52 18.54 21.10 23.58 21.17 17.01 12.26
14.60 14.60 14.31 12.85 12.05 11.97 12.78 12.63 12.63 13.80 9.78 9.20 9.42 7.66 8.47 9.05 7.15 8.47 9.13 10.37 11.97 14.02 15.26 15.40 13.72 13.80 13.80 14.38 17.08 22.27 24.53 23.94 23.65 24.31 23.51 21.83 21.02 20.59 21.10 20.81 20.73 22.27 22.41 21.90 22.78 23.73 24.02 23.73 22.27 20.73 20.95 20.95 22.12 24.16 25.11 23.29 22.12 22.12 20.15 19.64 19.56 19.27 18.61 17.30 16.43 18.76 21.24 19.93 18.69 19.42 19.13 18.03 17.23 15.84 13.94 14.02 14.02 15.33 19.56 21.97 20.08 15.40 12.63
11.17 11.17 11.68 11.90 12.92 13.29 12.85 11.53 11.90 13.51 7.81 7.59 8.98 7.37 5.91 5.48 7.66 8.98 10.95 11.97 13.65 15.99 15.48 15.18 13.21 11.83 11.83 12.26 18.54 22.19 24.09 24.45 24.02 24.31 24.02 21.97 21.97 21.83 22.56 23.58 23.36 23.58 23.43 22.12 22.92 23.65 21.75 21.75 20.15 22.12 20.37 20.37 22.19 25.55 27.01 25.62 23.58 23.29 22.34 23.07 22.48 23.00 23.87 21.61 20.44 20.44 21.68 22.12 22.19 23.07 23.65 24.24 23.21 22.34 18.69 14.82 14.82 13.58 17.59 20.73 17.45 13.43 11.90
11.53 11.53 10.15 10.59 10.59 11.32 11.68 13.14 12.78 10.88 4.96 3.14 2.92 2.92 2.70 4.45 7.01 8.83 12.19 13.65 11.75 12.56 11.83 10.15 9.71 12.34 12.34 14.97 21.97 23.58 23.14 23.58 23.65 22.92 22.78 22.27 22.56 23.36 23.29 24.82 24.67 24.45 24.09 23.80 23.58 22.48 22.70 22.34 20.00 23.00 24.75 24.75 22.12 27.74 27.23 25.92 24.02 23.58 23.58 22.56 21.83 19.93 21.10 21.83 21.39 21.24 22.12 22.12 23.07 24.67 21.75 20.44 22.12 22.05 20.08 17.37 17.37 14.89 14.67 15.48 14.45 14.16 15.99
12.85 12.85 10.88 10.37 10.29 9.56 9.93 10.22 10.51 5.33 5.48 3.50 1.17 0.00 0.00 0.80 2.63 8.54 10.44 10.07 9.13 10.29 8.54 6.57 7.81 15.33 15.33 20.00 22.19 22.12 20.59 21.46 22.85 21.75 21.39 21.90 23.58 25.92 25.11 23.21 22.41 20.37 19.78 20.44 21.61 21.24 19.49 18.18 18.91 23.51 26.65 26.65 26.57 27.67 32.05 28.76 25.40 24.38 22.05 19.93 20.66 19.78 20.08 20.73 20.88 21.24 19.78 20.59 22.41 22.92 21.90 22.48 23.29 22.19 19.27 18.91 18.91 17.23 16.43 15.33 15.18 16.57 18.32
12.85 12.85 10.88 10.37 10.29 9.56 9.93 10.22 10.51 5.33 5.48 3.50 1.17 0.00 0.00 0.80 2.63 8.54 10.44 10.07 9.13 10.29 8.54 6.57 7.81 15.33 15.33 20.00 22.19 22.12 20.59 21.46 22.85 21.75 21.39 21.90 23.58 25.92 25.11 23.21 22.41 20.37 19.78 20.44 21.61 21.24 19.49 18.18 18.91 23.51 26.65 26.65 26.57 27.67 32.05 28.76 25.40 24.38 22.05 19.93 20.66 19.78 20.08 20.73 20.88 21.24 19.78 20.59 22.41 22.92 21.90 22.48 23.29 22.19 19.27 18.91 18.91 17.23 16.43 15.33 15.18 16.57 18.32
12.41 12.41 12.05 10.80 10.88 10.73 10.95 10.66 11.53 8.10 6.42 5.55 4.82 2.99 3.72 5.40 8.25 9.78 9.78 8.10 9.49 10.15 8.18 6.94 8.25 12.78 12.78 18.69 20.22 19.64 17.16 17.45 21.10 22.12 21.32 21.24 22.92 23.87 23.07 21.02 18.54 17.89 16.94 17.08 17.96 16.43 17.08 18.32 20.88 22.92 23.36 23.36 22.56 25.19 27.08 24.97 21.75 19.71 16.79 15.11 17.16 18.83 19.27 19.64 21.02 20.29 19.78 17.37 17.52 18.47 20.59 22.19 22.92 22.63 22.41 21.68 21.68 20.51 17.96 17.01 17.59 20.22 21.53
12.05 12.05 11.02 10.51 11.10 13.65 13.65 13.36 13.51 11.17 9.78 9.49 8.32 8.10 8.47 11.39 12.34 12.92 10.51 8.76 9.42 11.10 9.93 8.47 9.42 12.48 12.48 17.74 20.08 18.98 18.32 18.98 19.05 19.93 20.44 20.15 19.56 20.15 20.73 19.64 18.10 16.57 15.04 14.97 15.26 15.26 16.79 18.98 20.15 22.48 24.38 24.38 23.51 24.02 26.79 23.80 19.13 17.30 14.38 14.45 17.52 18.32 16.57 18.25 20.15 20.44 19.71 18.91 18.98 19.13 20.00 20.08 23.14 24.16 23.87 22.56 22.56 19.56 16.86 14.89 15.91 16.64 15.99
9.49 9.49 9.27 8.91 10.22 10.59 11.39 11.68 8.18 9.42 8.47 7.96 9.49 10.44 13.51 13.43 15.40 14.60 11.32 9.13 9.34 9.86 9.49 9.56 8.25 10.66 10.66 14.02 17.89 17.74 18.76 19.86 19.71 19.78 18.98 18.98 18.03 19.49 19.71 18.40 16.06 13.58 12.05 11.68 12.63 14.38 17.59 19.64 18.83 21.17 21.83 21.83 24.75 22.63 20.95 20.95 20.08 16.35 13.58 14.82 16.72 18.83 18.61 19.56 20.00 21.24 21.90 21.32 20.95 20.08 17.89 17.59 19.86 21.90 22.27 21.24 21.24 18.32 15.18 13.94 14.09 12.92 10.88
9.49 9.49 8.69 9.49 9.71 9.20 10.00 12.26 8.25 8.61 9.86 9.78 11.17 10.37 9.86 11.97 13.65 14.38 11.83 8.98 8.91 11.46 11.53 8.83 7.59 6.94 6.94 8.91 13.87 17.08 19.27 21.10 19.13 17.08 16.21 16.43 18.25 19.64 18.61 14.67 12.05 10.29 9.86 11.68 13.21 14.82 16.72 18.69 18.03 15.55 18.83 18.83 20.88 19.93 18.91 18.91 17.23 15.70 14.31 15.55 16.86 20.00 21.53 21.39 21.10 21.10 21.97 21.61 20.08 20.00 17.59 15.55 15.55 17.45 18.76 18.91 18.91 15.99 13.14 12.92 13.07 14.24 14.16
5.84 5.84 6.86 7.59 9.64 7.45 8.40 10.44 10.15 10.66 7.74 10.51 10.51 8.91 7.45 11.10 12.70 12.12 9.93 6.50 6.28 9.05 12.05 10.80 10.07 8.61 8.61 10.00 14.09 16.86 17.52 18.10 17.52 15.99 16.21 17.08 16.94 16.50 15.84 13.07 10.37 11.02 14.24 14.24 12.41 10.15 9.71 15.18 16.06 14.82 16.43 16.43 14.89 14.45 14.67 16.35 15.48 13.14 6.50 4.02 9.20 15.70 17.89 16.43 14.67 20.15 23.87 22.27 21.02 18.76 16.94 15.48 12.26 9.49 7.59 10.29 10.29 12.48 11.61 11.02 11.97 11.39 10.22
3.58 3.58 4.23 4.38 5.91 10.37 14.97 12.63 10.66 11.02 9.86 10.07 10.44 8.54 6.13 9.13 11.83 10.66 7.74 6.06 8.91 12.48 14.31 12.70 11.32 9.20 9.20 7.45 10.51 13.87 16.43 17.59 17.81 17.16 15.70 15.11 14.16 14.09 13.65 12.70 11.75 11.46 13.43 12.56 10.88 9.49 9.56 11.97 11.53 12.34 12.34 12.34 11.97 11.53 11.32 11.32 5.77 2.34 0.00 5.04 14.09 20.08 23.36 23.51 22.34 23.36 24.16 21.90 21.53 18.91 14.31 10.07 9.78 8.83 9.13 12.26 12.26 15.33 14.45 12.48 12.85 13.72 8.54
3.58 3.58 4.23 4.38 5.91 10.37 14.97 12.63 10.66 11.02 9.86 10.07 10.44 8.54 6.13 9.13 11.83 10.66 7.74 6.06 8.91 12.48 14.31 12.70 11.32 9.20 9.20 7.45 10.51 13.87 16.43 17.59 17.81 17.16 15.70 15.11 14.16 14.09 13.65 12.70 11.75 11.46 13.43 12.56 10.88 9.49 9.56 11.97 11.53 12.34 12.34 12.34 11.97 11.53 11.32 11.32 5.77 2.34 0.00 5.04 14.09 20.08 23.36 23.51 22.34 23.36 24.16 21.90 21.53 18.91 14.31 10.07 9.78 8.83 9.13 12.26 12.26 15.33 14.45 12.48 12.85 13.72 8.54
2.92 2.92 2.70 3.58 8.61 13.36 14.82 9.05 9.20 12.48 11.02 9.93 6.20 3.72 4.60 5.99 6.50 3.87 6.94 9.64 13.14 13.58 13.43 11.46 7.59 5.99 5.99 8.10 9.20 11.97 13.65 14.53 15.70 16.06 13.07 10.29 10.37 11.17 12.34 12.12 13.21 14.24 12.99 10.80 8.76 6.86 7.45 7.74 10.59 11.24 12.26 12.26 13.58 12.12 7.45 2.99 1.46 2.41 8.10 17.37 22.41 25.99 26.21 26.50 27.23 27.52 25.33 22.78 22.12 22.70 23.00 21.68 20.37 21.53 19.64 18.83 18.83 16.13 15.84 15.84 18.61 17.45 16.06
