Wansh/Snow_depth/snowdepth-1982/spring/1982073.txt
ncols 321
nrows 161
xllcenter 60
yllcenter 15 
cellsize  0.25 
NODATA_value -1
[rows 0 to 36 of 161, columns 0 to 82 of 321]
14.67 14.67 21.53 24.45 24.53 23.29 23.87 23.36 23.80 23.29 23.87 24.45 25.04 25.33 24.82 23.73 22.41 21.90 20.37 17.89 16.50 17.01 17.59 18.10 18.91 16.57 16.57 15.26 16.79 16.79 17.23 17.74 16.72 17.08 17.01 16.13 18.10 19.35 21.32 23.36 26.43 23.94 23.29 24.45 24.16 24.82 25.19 25.99 24.82 23.73 23.07 23.07 23.65 24.02 25.04 26.43 27.16 27.52 27.38 27.01 27.23 27.30 25.33 25.48 25.33 25.70 21.83 22.12 22.70 21.10 20.08 22.63 24.38 24.38 21.24 22.48 22.48 22.19 21.83 21.10 25.26 24.09 24.24
22.92 22.92 22.41 23.43 25.11 24.89 23.51 23.87 23.14 21.61 21.97 22.34 22.70 21.75 20.37 19.20 18.18 17.08 16.35 13.94 14.75 16.35 16.06 16.35 0.00 12.70 12.70 13.87 14.53 15.99 14.09 13.72 12.34 11.97 13.94 14.97 15.99 16.72 17.67 17.08 17.16 17.96 15.99 14.16 16.28 18.32 19.05 19.78 21.24 23.21 23.65 23.65 22.56 22.48 24.38 25.84 27.01 27.23 26.57 26.65 27.01 29.13 24.31 24.53 23.80 23.36 20.88 17.01 15.84 16.57 17.01 19.35 20.44 21.39 21.24 22.27 22.27 22.34 23.36 22.56 27.52 27.01 25.19
23.36 23.36 22.48 23.21 25.19 24.82 23.00 20.88 19.05 18.47 17.67 15.11 13.51 13.65 12.99 12.41 11.46 12.26 11.10 10.44 11.24 12.05 11.39 12.92 12.12 11.46 11.46 13.07 13.43 12.78 12.99 13.21 13.80 13.43 14.60 15.99 17.45 15.99 15.11 15.33 15.40 14.82 14.24 14.53 15.26 16.64 17.37 17.81 18.61 18.83 19.05 19.05 19.35 19.05 20.73 22.12 22.56 23.65 23.58 22.48 25.04 25.04 25.77 25.77 24.31 23.21 22.85 23.21 22.70 23.29 23.94 23.51 23.00 22.48 21.46 21.97 21.97 21.83 21.83 24.45 26.28 24.60 25.26
23.36 23.36 22.48 23.21 25.19 24.82 23.00 20.88 19.05 18.47 17.67 15.11 13.51 13.65 12.99 12.41 11.46 12.26 11.10 10.44 11.24 12.05 11.39 12.92 12.12 11.46 11.46 13.07 13.43 12.78 12.99 13.21 13.80 13.43 14.60 15.99 17.45 15.99 15.11 15.33 15.40 14.82 14.24 14.53 15.26 16.64 17.37 17.81 18.61 18.83 19.05 19.05 19.35 19.05 20.73 22.12 22.56 23.65 23.58 22.48 25.04 25.04 25.77 25.77 24.31 23.21 22.85 23.21 22.70 23.29 23.94 23.51 23.00 22.48 21.46 21.97 21.97 21.83 21.83 24.45 26.28 24.60 25.26
15.70 15.70 17.23 18.25 19.64 17.89 16.50 15.33 14.09 12.63 11.46 11.32 10.88 10.00 9.78 8.47 8.76 10.59 10.73 9.27 10.80 11.46 11.39 10.88 12.12 13.43 13.43 14.75 15.70 14.89 15.55 17.23 16.50 15.55 15.55 15.77 16.57 16.94 16.64 17.45 15.91 15.70 15.18 14.24 15.70 16.72 17.01 17.08 16.79 16.57 17.52 17.52 17.89 17.81 18.98 19.35 20.44 21.97 23.80 23.94 22.56 23.14 24.09 24.97 23.94 23.07 23.29 24.60 23.87 22.56 22.63 22.56 21.83 21.46 21.46 21.10 21.10 21.32 23.58 23.07 22.48 23.80 22.78
13.87 13.87 12.34 11.75 13.65 12.78 12.70 11.83 10.95 10.07 9.86 7.88 5.55 6.64 7.45 9.27 9.78 10.29 12.19 11.83 11.61 13.43 14.09 13.94 15.26 17.52 17.52 19.05 18.54 18.98 20.00 20.66 20.95 19.93 18.03 18.18 18.61 18.61 19.35 20.29 20.73 21.53 22.56 20.81 18.91 18.61 19.05 18.69 17.52 16.21 16.57 16.57 16.13 15.70 16.94 17.37 17.23 17.74 20.08 21.90 23.07 22.78 23.80 24.16 24.24 23.51 23.58 20.44 20.08 19.27 18.25 19.42 20.08 20.15 21.46 21.75 21.75 21.53 24.09 24.45 23.14 22.34 23.58
11.61 11.61 11.32 10.73 10.73 9.86 8.83 9.34 9.86 9.86 8.61 6.13 5.33 7.74 10.22 10.29 12.19 10.29 13.36 13.58 14.24 15.33 16.94 17.96 19.27 20.37 20.37 19.27 19.35 18.18 20.59 20.44 21.17 20.73 19.78 20.00 20.00 20.81 20.08 20.51 21.24 22.48 22.92 22.27 21.10 20.44 20.08 19.71 18.98 17.30 15.84 15.84 14.75 16.28 18.91 20.29 17.59 15.77 18.03 19.78 20.00 19.78 21.68 21.83 20.08 20.08 19.35 18.54 18.18 16.64 16.79 17.67 18.47 17.16 16.35 17.96 17.96 22.78 22.48 20.88 22.70 24.45 25.33
11.61 11.61 11.32 10.73 10.73 9.86 8.83 9.34 9.86 9.86 8.61 6.13 5.33 7.74 10.22 10.29 12.19 10.29 13.36 13.58 14.24 15.33 16.94 17.96 19.27 20.37 20.37 19.27 19.35 18.18 20.59 20.44 21.17 20.73 19.78 20.00 20.00 20.81 20.08 20.51 21.24 22.48 22.92 22.27 21.10 20.44 20.08 19.71 18.98 17.30 15.84 15.84 14.75 16.28 18.91 20.29 17.59 15.77 18.03 19.78 20.00 19.78 21.68 21.83 20.08 20.08 19.35 18.54 18.18 16.64 16.79 17.67 18.47 17.16 16.35 17.96 17.96 22.78 22.48 20.88 22.70 24.45 25.33
11.53 11.53 12.19 11.61 10.37 9.05 9.05 9.13 8.47 7.45 5.91 4.82 4.96 7.37 8.76 10.22 11.83 13.80 15.48 18.76 17.52 18.91 18.61 18.76 17.59 16.06 16.06 14.82 15.70 16.50 17.01 18.25 19.20 19.42 20.08 19.13 19.20 19.78 18.47 15.91 15.11 16.43 18.10 19.05 21.61 21.32 19.35 19.27 21.90 22.63 21.02 21.02 21.17 16.57 15.40 16.13 16.50 18.18 17.67 18.25 19.13 22.05 18.40 16.21 17.52 18.91 18.54 17.74 16.72 16.64 16.79 16.57 17.16 17.45 18.10 18.10 18.10 12.63 13.36 19.86 23.14 23.14 23.29
10.66 10.66 9.71 10.15 11.24 11.83 11.83 11.10 11.83 11.39 9.34 9.13 10.51 11.75 12.56 10.88 11.90 12.05 13.80 16.06 16.57 17.45 18.98 18.69 17.30 15.04 15.04 13.80 15.18 16.57 16.64 16.21 17.01 17.59 17.96 17.08 17.74 18.32 19.49 18.10 17.01 16.57 18.25 22.34 25.40 24.24 23.73 23.73 25.62 28.91 28.91 28.91 28.76 24.53 20.29 17.89 20.08 20.22 20.00 17.74 17.89 19.86 18.10 16.13 17.01 17.81 18.18 18.69 16.79 15.84 15.99 16.79 17.23 17.67 18.83 19.13 19.13 15.55 16.79 19.49 20.59 21.02 23.36
10.00 10.00 8.98 10.80 12.34 14.24 14.16 14.16 13.14 13.14 15.04 14.53 15.84 17.45 15.70 14.09 14.38 14.67 16.94 14.53 14.38 13.51 15.48 15.91 15.40 14.24 14.24 13.80 15.04 15.26 15.62 15.91 17.16 16.21 17.08 18.69 19.35 19.13 20.59 19.86 19.86 19.56 19.93 21.83 25.77 27.38 27.01 28.40 30.95 31.03 31.10 31.10 31.10 27.01 25.40 21.90 23.00 20.08 19.49 18.83 18.91 18.25 18.10 17.30 17.37 17.74 19.78 21.17 21.39 19.71 18.91 20.29 17.74 20.00 20.73 23.65 23.65 21.61 21.83 23.36 19.64 23.29 25.77
10.00 10.00 8.98 10.80 12.34 14.24 14.16 14.16 13.14 13.14 15.04 14.53 15.84 17.45 15.70 14.09 14.38 14.67 16.94 14.53 14.38 13.51 15.48 15.91 15.40 14.24 14.24 13.80 15.04 15.26 15.62 15.91 17.16 16.21 17.08 18.69 19.35 19.13 20.59 19.86 19.86 19.56 19.93 21.83 25.77 27.38 27.01 28.40 30.95 31.03 31.10 31.10 31.10 27.01 25.40 21.90 23.00 20.08 19.49 18.83 18.91 18.25 18.10 17.30 17.37 17.74 19.78 21.17 21.39 19.71 18.91 20.29 17.74 20.00 20.73 23.65 23.65 21.61 21.83 23.36 19.64 23.29 25.77
9.64 9.64 8.98 10.73 13.51 15.55 16.43 17.16 17.81 19.78 20.59 20.08 18.76 17.89 17.08 16.79 15.55 21.46 18.91 14.97 11.32 9.56 10.44 9.20 11.39 13.51 13.51 13.36 13.58 14.67 14.53 15.04 13.65 15.77 16.72 17.52 17.23 16.50 16.64 17.45 18.61 21.68 22.92 24.09 25.04 25.40 25.40 27.08 26.13 26.65 27.30 27.30 24.38 24.02 18.32 20.29 24.38 20.15 18.10 17.23 16.43 16.28 17.16 18.03 21.32 21.75 20.66 21.46 21.17 17.96 17.81 19.35 20.08 20.22 18.61 22.19 22.19 23.65 26.57 27.16 27.81 27.74 22.48
12.92 12.92 12.78 14.97 17.30 18.83 19.78 20.66 21.97 22.56 21.46 19.64 19.05 16.57 14.82 15.04 20.08 18.91 16.50 12.12 10.00 9.42 9.86 10.00 10.59 11.68 11.68 13.51 12.12 11.75 13.14 13.65 13.72 14.09 15.84 16.21 17.89 17.59 16.86 16.13 15.99 16.35 17.45 18.91 20.81 20.22 22.27 23.80 24.24 24.97 24.82 24.82 22.05 22.92 16.94 18.76 19.86 17.52 16.13 16.50 13.21 6.79 9.56 14.16 19.20 21.53 20.88 20.73 20.00 18.54 18.47 19.71 22.12 23.51 23.94 22.56 22.56 24.75 25.92 25.40 23.65 22.05 17.37
15.33 15.33 14.97 16.06 17.01 19.05 19.49 19.64 20.22 19.71 18.10 17.16 16.79 16.28 15.26 20.00 18.83 17.67 16.13 13.36 10.66 9.42 8.61 9.64 11.83 14.60 14.60 14.45 13.21 12.99 14.31 14.89 15.48 15.70 17.01 18.40 19.35 17.67 16.21 16.50 16.43 16.57 16.94 19.05 21.90 23.36 21.39 21.53 20.88 19.86 20.44 20.44 23.14 14.09 14.60 19.27 19.78 16.72 16.43 16.94 15.91 12.41 12.05 15.18 18.54 20.81 21.75 21.24 19.86 18.61 18.25 19.56 20.95 22.27 26.43 26.50 26.50 25.84 24.75 22.41 21.39 19.64 20.08
19.93 19.93 20.37 20.29 20.59 19.78 18.54 18.10 17.59 17.52 16.50 14.53 13.21 13.14 14.97 15.70 16.64 17.01 15.84 15.91 14.24 12.48 10.37 9.49 10.51 12.19 12.19 15.40 12.34 14.97 16.79 17.30 17.67 17.74 18.54 16.64 15.33 14.82 15.40 17.01 17.74 17.96 17.74 18.10 18.98 19.27 17.59 17.74 17.45 14.89 16.43 16.43 13.94 12.99 16.06 19.49 19.42 17.01 16.79 16.86 16.57 13.51 11.53 12.99 16.28 18.10 20.22 20.51 21.17 21.90 20.29 19.64 20.88 29.93 29.78 25.26 25.26 20.00 20.81 20.66 19.13 19.42 18.47
19.93 19.93 20.37 20.29 20.59 19.78 18.54 18.10 17.59 17.52 16.50 14.53 13.21 13.14 14.97 15.70 16.64 17.01 15.84 15.91 14.24 12.48 10.37 9.49 10.51 12.19 12.19 15.40 12.34 14.97 16.79 17.30 17.67 17.74 18.54 16.64 15.33 14.82 15.40 17.01 17.74 17.96 17.74 18.10 18.98 19.27 17.59 17.74 17.45 14.89 16.43 16.43 13.94 12.99 16.06 19.49 19.42 17.01 16.79 16.86 16.57 13.51 11.53 12.99 16.28 18.10 20.22 20.51 21.17 21.90 20.29 19.64 20.88 29.93 29.78 25.26 25.26 20.00 20.81 20.66 19.13 19.42 18.47
19.93 19.93 21.02 21.68 22.34 21.02 18.10 16.43 14.97 14.09 12.12 11.10 8.76 7.66 12.85 12.12 14.53 17.08 17.23 16.06 13.21 12.56 13.36 12.70 11.46 10.29 10.29 10.22 12.70 15.40 18.54 19.86 20.29 19.64 18.32 15.33 14.09 14.53 15.55 18.69 20.08 19.56 18.10 17.30 15.84 15.33 15.70 15.77 16.28 15.62 16.57 16.57 17.81 17.16 17.74 17.74 19.05 18.91 18.47 17.23 15.70 11.68 8.25 9.49 13.87 14.16 16.06 17.74 19.56 21.90 23.36 20.22 19.56 26.57 28.84 26.50 26.50 23.00 21.61 19.42 17.81 17.89 15.40
18.83 18.83 19.78 21.02 20.73 18.47 17.67 15.99 13.72 13.14 14.09 11.17 9.86 16.06 15.91 13.36 12.41 14.16 14.60 13.51 11.46 11.17 11.32 11.97 12.63 12.34 12.34 9.64 11.24 14.97 17.67 18.54 18.83 19.13 19.13 16.06 14.02 16.13 16.64 18.54 19.35 18.25 18.54 16.13 14.89 15.70 16.79 17.23 16.86 17.37 16.57 16.57 15.62 16.35 16.79 19.27 18.83 17.81 16.35 14.60 16.13 15.77 13.07 9.86 6.79 7.23 10.37 14.24 16.28 17.67 19.93 21.53 25.04 23.51 23.29 22.12 22.12 21.83 22.56 22.27 20.66 20.81 18.54
17.52 17.52 17.23 18.32 17.45 15.40 13.72 13.65 12.41 12.05 11.61 12.34 15.84 15.70 13.87 11.61 11.39 11.97 12.26 11.90 11.68 12.12 13.29 14.16 15.11 14.67 14.67 12.85 12.41 14.09 16.35 18.03 17.37 18.03 15.99 12.41 13.58 15.62 16.43 19.35 18.47 18.18 18.25 17.45 16.35 14.38 16.86 18.25 17.52 15.18 15.99 15.99 17.81 20.88 19.13 18.61 17.30 17.45 17.30 15.26 15.04 18.03 16.86 15.11 12.63 11.10 10.80 11.46 11.90 13.58 15.40 15.48 22.34 23.58 23.94 22.63 22.63 21.53 19.64 20.08 21.10 20.73 18.69
15.33 15.33 16.35 16.43 16.28 15.18 14.45 13.87 12.63 12.70 9.93 10.80 14.67 14.89 12.92 13.43 12.78 13.87 12.78 10.15 11.75 13.58 14.45 14.82 15.40 15.55 15.55 15.70 17.23 19.05 19.13 18.40 17.59 16.72 15.99 17.96 17.30 18.32 19.20 20.95 21.10 19.27 18.61 17.45 17.30 18.10 19.13 19.20 19.78 18.91 20.08 20.08 20.15 19.56 18.32 20.29 20.29 20.29 21.83 21.68 19.64 19.56 20.22 19.35 17.59 15.26 14.16 14.31 13.80 14.53 15.26 19.05 19.35 19.86 23.73 24.82 24.82 24.60 23.43 22.34 22.19 21.61 21.02
14.89 14.89 14.82 14.89 15.26 13.14 11.90 11.02 12.41 12.92 11.24 13.51 15.55 14.75 15.77 15.99 16.57 15.11 13.14 11.53 14.24 14.82 15.91 16.94 17.16 17.96 17.96 18.18 18.54 19.35 17.30 16.21 17.08 17.52 16.94 18.25 18.91 19.35 20.15 20.81 20.81 21.75 19.93 20.88 22.34 21.97 20.81 18.91 21.32 21.90 22.56 22.56 20.22 18.10 17.81 21.17 20.66 20.51 20.08 19.64 18.25 16.35 17.23 17.08 15.70 17.23 17.59 17.45 18.91 18.10 17.08 18.25 18.47 19.86 24.09 25.19 25.19 24.24 25.70 27.38 25.92 23.21 19.78
14.89 14.89 14.82 14.89 15.26 13.14 11.90 11.02 12.41 12.92 11.24 13.51 15.55 14.75 15.77 15.99 16.57 15.11 13.14 11.53 14.24 14.82 15.91 16.94 17.16 17.96 17.96 18.18 18.54 19.35 17.30 16.21 17.08 17.52 16.94 18.25 18.91 19.35 20.15 20.81 20.81 21.75 19.93 20.88 22.34 21.97 20.81 18.91 21.32 21.90 22.56 22.56 20.22 18.10 17.81 21.17 20.66 20.51 20.08 19.64 18.25 16.35 17.23 17.08 15.70 17.23 17.59 17.45 18.91 18.10 17.08 18.25 18.47 19.86 24.09 25.19 25.19 24.24 25.70 27.38 25.92 23.21 19.78
15.26 15.26 14.89 12.34 10.37 9.86 10.15 11.02 10.80 12.34 15.48 15.48 15.40 16.21 18.61 17.37 18.03 16.35 15.77 15.40 16.06 17.23 18.76 18.91 19.20 19.20 19.20 18.98 17.74 20.81 20.22 21.02 20.81 19.93 19.64 19.42 19.27 19.64 19.42 18.10 19.64 20.88 20.66 22.92 25.11 22.63 20.81 22.05 21.24 19.71 18.47 18.47 19.35 20.15 21.83 21.53 21.02 19.13 18.10 17.74 17.01 17.08 17.30 16.94 15.70 17.16 18.91 15.84 14.60 15.26 15.99 18.10 16.86 18.03 18.98 19.35 19.35 22.27 24.97 26.79 28.69 21.53 18.25
14.53 14.53 13.07 10.51 10.22 9.05 10.80 10.29 11.39 9.64 16.06 17.59 17.23 17.59 17.37 16.43 14.75 15.33 16.50 17.89 17.59 20.51 22.56 21.53 20.66 19.42 19.42 19.05 20.15 22.70 23.29 24.45 24.24 22.70 22.56 21.53 21.61 21.90 21.53 22.56 23.14 24.09 23.58 22.92 22.48 23.87 22.19 21.46 20.66 20.15 19.20 19.20 20.15 23.73 24.82 23.58 22.56 21.17 19.71 19.05 18.61 19.71 20.15 17.23 17.52 19.27 20.81 20.08 20.15 20.08 22.19 18.91 19.64 18.32 17.01 16.72 16.72 20.22 24.89 25.99 21.68 17.81 13.14
12.26 12.26 12.05 12.05 11.90 9.49 9.42 11.61 11.46 16.06 17.37 17.23 17.37 15.99 14.31 13.14 14.97 16.13 15.84 19.49 21.53 22.48 21.68 20.81 18.91 15.18 15.18 14.89 18.91 23.51 24.24 24.31 24.24 25.19 24.67 21.97 21.90 22.92 24.31 25.70 25.99 25.04 24.24 24.75 25.11 22.70 21.83 20.66 20.00 21.61 24.24 24.24 22.41 26.28 29.35 28.18 25.19 23.00 21.90 22.63 22.41 21.68 21.53 20.51 21.39 21.39 22.63 22.56 22.78 25.33 26.06 25.77 23.87 23.80 22.34 18.69 18.69 17.67 20.37 22.63 20.22 17.67 15.91
11.75 11.75 10.95 12.34 9.71 7.30 8.69 8.10 17.67 15.70 14.53 14.31 13.14 14.02 12.85 12.70 14.09 16.06 17.16 19.56 20.37 19.93 18.32 17.23 17.08 17.37 17.37 18.83 21.39 23.87 23.51 24.09 23.94 25.33 24.75 23.00 23.00 24.75 25.33 25.99 26.57 24.24 23.51 25.40 25.55 19.71 20.66 20.44 18.40 22.27 25.77 25.77 27.45 27.38 26.35 25.92 24.38 23.21 22.63 23.94 22.12 21.02 22.85 23.43 20.37 21.97 21.68 22.78 23.94 25.55 25.40 25.62 26.06 24.60 23.21 20.73 20.73 18.18 17.45 21.46 18.47 17.81 17.45
10.66 10.66 9.20 7.30 5.55 5.26 7.08 6.06 19.93 18.25 17.59 16.35 13.72 13.80 12.48 13.87 15.62 16.86 17.37 16.79 16.79 16.06 14.75 13.14 13.43 16.50 16.50 21.75 22.56 22.41 22.63 23.43 22.92 21.90 21.17 20.37 22.12 24.09 24.31 23.80 24.09 21.75 20.73 22.27 17.52 17.96 14.82 16.57 17.01 20.81 25.62 25.62 27.23 26.21 28.69 27.96 25.33 23.58 21.97 20.95 20.08 19.27 19.42 20.51 20.81 20.44 19.35 19.71 22.41 24.02 24.67 25.92 28.32 25.48 23.00 22.19 22.19 21.24 17.37 17.08 17.59 19.35 21.61
10.66 10.66 9.20 7.30 5.55 5.26 7.08 6.06 19.93 18.25 17.59 16.35 13.72 13.80 12.48 13.87 15.62 16.86 17.37 16.79 16.79 16.06 14.75 13.14 13.43 16.50 16.50 21.75 22.56 22.41 22.63 23.43 22.92 21.90 21.17 20.37 22.12 24.09 24.31 23.80 24.09 21.75 20.73 22.27 17.52 17.96 14.82 16.57 17.01 20.81 25.62 25.62 27.23 26.21 28.69 27.96 25.33 23.58 21.97 20.95 20.08 19.27 19.42 20.51 20.81 20.44 19.35 19.71 22.41 24.02 24.67 25.92 28.32 25.48 23.00 22.19 22.19 21.24 17.37 17.08 17.59 19.35 21.61
11.46 11.46 10.88 9.71 7.01 7.52 7.81 16.79 17.01 18.54 18.69 18.32 17.37 18.18 18.76 21.75 22.56 20.59 18.61 17.59 15.84 14.24 13.58 14.31 14.97 18.69 18.69 22.19 23.14 23.58 24.16 24.09 21.53 21.53 19.27 20.15 22.34 23.29 23.29 20.95 19.35 16.43 16.50 19.13 16.13 12.05 12.63 16.94 17.01 18.69 19.05 19.05 20.66 22.78 24.89 23.00 20.81 20.51 17.16 17.08 18.69 18.25 17.45 19.20 21.17 20.15 19.71 18.69 17.74 21.83 23.07 23.29 24.09 26.50 25.84 26.06 26.06 23.80 21.68 20.15 20.88 20.59 21.61
9.86 9.86 8.40 9.56 11.61 11.97 14.31 15.70 18.10 19.71 20.08 18.98 20.37 22.34 26.72 28.91 29.13 25.70 20.51 18.25 19.35 19.49 17.01 14.67 14.16 17.89 17.89 21.02 21.24 21.39 20.15 19.56 19.05 20.29 19.93 20.44 20.95 20.37 20.44 18.91 18.83 16.72 16.35 16.43 14.89 13.87 14.45 17.16 17.37 19.86 19.49 19.49 19.42 21.68 21.17 18.69 15.11 14.82 14.09 15.70 17.67 17.74 17.37 19.05 22.05 20.88 20.88 18.69 19.64 20.81 21.83 23.21 26.06 26.79 24.82 23.87 23.87 22.27 20.81 17.89 17.37 18.25 19.13
9.71 9.71 9.71 9.49 8.61 8.69 13.51 15.40 17.67 18.47 19.78 21.61 22.27 23.65 26.43 28.91 30.08 28.40 23.07 18.98 19.35 20.66 18.98 16.50 15.26 16.50 16.50 18.54 20.00 19.42 18.76 19.05 20.08 20.15 20.66 19.64 19.35 18.83 18.83 18.10 17.30 16.72 9.78 11.02 11.46 11.75 13.80 14.16 14.89 16.57 20.08 20.08 20.81 20.00 18.61 16.21 14.53 14.16 12.41 13.14 17.67 18.91 20.81 23.07 23.73 23.43 22.05 20.81 20.88 20.88 21.61 19.49 20.95 23.00 22.56 20.95 20.95 19.71 17.37 18.25 18.10 17.08 16.94
8.61 8.61 12.05 9.86 8.98 11.39 13.29 16.94 20.59 23.29 25.19 23.51 24.67 24.53 24.02 25.70 26.50 25.48 23.58 20.44 18.03 19.27 19.64 19.05 17.01 15.33 15.33 15.70 16.79 17.52 18.40 19.20 18.83 18.25 18.47 18.69 18.25 18.03 18.32 16.35 14.24 14.24 4.82 6.28 7.74 8.40 11.39 13.94 14.45 13.21 15.91 15.91 16.86 15.33 15.70 14.82 14.24 13.94 13.58 14.24 16.21 18.91 20.44 21.24 21.83 23.14 24.45 23.94 19.05 19.49 19.13 15.70 12.99 14.09 16.57 17.52 17.52 16.35 13.65 10.80 13.72 16.86 18.91
11.97 11.97 13.94 11.97 11.39 12.99 15.70 19.20 22.85 24.82 24.38 23.87 24.60 22.63 22.19 24.31 26.21 25.48 22.05 14.60 11.17 17.30 22.70 23.87 21.97 18.76 18.76 16.86 16.57 16.06 17.30 17.23 17.23 17.30 17.89 17.96 17.52 15.62 14.16 12.05 11.83 5.48 5.62 5.62 5.33 3.36 7.08 12.56 12.41 11.10 10.95 10.95 9.78 10.37 11.97 12.99 12.56 12.56 8.91 5.69 8.76 14.53 15.70 15.62 16.79 22.63 24.89 20.00 18.61 16.79 15.33 13.94 10.29 8.25 5.26 8.03 8.03 10.44 9.64 8.10 7.30 7.30 9.93
12.56 12.56 13.87 15.33 17.96 18.91 21.83 24.09 24.09 24.82 22.92 18.10 18.47 17.52 15.11 19.71 24.67 24.89 18.18 8.32 9.34 20.81 26.65 25.84 23.14 20.00 20.00 16.79 15.77 16.94 18.25 18.61 19.05 19.05 18.69 15.70 14.60 13.43 12.92 12.63 11.10 3.21 4.31 3.80 4.09 2.56 2.92 8.32 9.34 10.22 11.10 11.10 9.34 10.07 10.07 10.07 7.45 4.31 4.02 5.04 9.42 16.35 21.53 22.34 24.02 26.86 26.06 23.21 20.29 16.79 10.73 5.11 6.50 3.21 4.67 12.99 12.99 14.53 12.41 8.98 10.29 10.15 11.97
12.56 12.56 13.87 15.33 17.96 18.91 21.83 24.09 24.09 24.82 22.92 18.10 18.47 17.52 15.11 19.71 24.67 24.89 18.18 8.32 9.34 20.81 26.65 25.84 23.14 20.00 20.00 16.79 15.77 16.94 18.25 18.61 19.05 19.05 18.69 15.70 14.60 13.43 12.92 12.63 11.10 3.21 4.31 3.80 4.09 2.56 2.92 8.32 9.34 10.22 11.10 11.10 9.34 10.07 10.07 10.07 7.45 4.31 4.02 5.04 9.42 16.35 21.53 22.34 24.02 26.86 26.06 23.21 20.29 16.79 10.73 5.11 6.50 3.21 4.67 12.99 12.99 14.53 12.41 8.98 10.29 10.15 11.97
6.28 6.28 7.59 10.66 0.00 0.00 0.00 24.31 17.23 13.43 12.05 5.77 0.15 0.73 1.61 5.18 9.42 10.88 14.31 18.40 21.68 23.07 23.21 21.75 19.05 17.89 17.89 17.08 18.10 18.76 17.74 17.23 16.72 16.50 16.43 14.38 13.07 11.61 12.99 13.87 4.45 4.96 2.12 1.53 2.12 1.02 1.83 5.40 9.13 10.44 13.58 13.58 13.72 12.78 8.83 3.72 3.07 3.43 5.99 12.85 19.42 23.14 26.65 27.16 28.18 28.18 27.16 26.28 24.67 23.94 17.52 16.06 12.48 11.24 12.26 14.02 14.02 13.51 10.37 13.87 18.03 18.40 20.44
