Wansh/Snow_depth/snowdepth-1985/spring/1985090.txt
ncols 321
nrows 161
xllcenter 60
yllcenter 15 
cellsize  0.25 
NODATA_value -1
[rows 0 to 36 of 161, columns 84 to 167 of 321]
0.00 0.00 0.00 0.00 0.00 0.00 0.00 0.00 0.00 0.00 0.00 0.00 0.00 0.00 0.00 0.00 0.00 0.00 0.00 0.00 0.00 0.00 0.00 0.00 0.00 0.00 0.00 0.00 0.00 0.00 0.00 0.00 0.00 0.00 0.00 0.00 0.00 0.00 0.00 0.00 0.00 0.00 0.00 0.00 0.00 0.00 0.00 0.00 0.00 0.00 0.00 0.00 0.00 13.21 0.00 0.00 0.00 0.00 0.00 0.00 0.00 0.00 0.00 0.00 0.00 0.00 0.00 0.00 0.00 0.00 0.00 9.42 12.12 0.00 6.72 4.38 4.45 5.62 9.34 11.83 11.10 15.62 15.77 10.37
0.00 0.00 0.00 0.00 0.00 0.00 0.00 0.00 0.00 0.00 0.00 0.00 0.00 0.00 0.00 0.00 0.00 0.00 0.00 0.00 0.00 0.00 0.00 0.00 0.00 0.00 0.00 0.00 0.00 0.00 0.00 0.00 0.00 0.00 0.00 0.00 0.00 0.00 0.00 0.00 0.00 0.00 0.00 0.00 0.00 0.00 0.00 0.00 0.00 0.00 0.00 0.00 0.00 0.00 0.00 0.00 0.00 0.00 0.00 0.00 0.00 0.00 0.00 0.00 0.00 0.00 0.00 0.00 0.00 0.00 0.00 0.00 0.00 0.00 0.00 0.00 12.12 16.06 17.52 15.18 11.32 10.07 15.04 12.41
0.00 0.00 0.00 0.00 0.00 0.00 0.00 0.00 0.00 0.00 0.00 0.00 0.00 0.00 0.00 0.00 0.00 0.00 0.00 0.00 0.00 0.00 0.00 0.00 0.00 0.00 0.00 0.00 0.00 0.00 0.00 0.00 0.00 0.00 0.00 0.00 0.00 0.00 0.00 0.00 0.00 0.00 0.00 0.00 0.00 0.00 0.00 0.00 0.00 0.00 0.00 0.00 0.00 0.00 0.00 0.00 0.00 0.00 0.00 0.00 0.00 0.00 0.00 0.00 0.00 0.00 0.00 0.00 0.00 0.00 0.00 0.00 0.00 0.00 0.00 0.00 0.00 16.06 17.30 13.65 0.00 9.05 21.32 18.32
0.00 0.00 0.00 0.00 0.00 0.00 0.00 0.00 0.00 0.00 0.00 0.00 0.00 0.00 0.00 0.00 0.00 0.00 0.00 0.00 0.00 0.00 0.00 0.00 0.00 0.00 0.00 0.00 0.00 0.00 0.00 0.00 0.00 0.00 0.00 0.00 0.00 0.00 0.00 0.00 0.00 0.00 0.00 0.00 0.00 0.00 0.00 0.00 0.00 0.00 0.00 0.00 0.00 0.00 0.00 0.00 0.00 0.00 0.00 0.00 0.00 0.00 0.00 0.00 0.00 0.00 0.00 0.00 0.00 0.00 0.00 0.00 0.00 0.00 0.00 0.00 0.00 16.06 17.30 13.65 0.00 9.05 21.32 18.32
0.00 0.00 0.00 0.00 0.00 0.00 0.00 0.00 0.00 0.00 0.00 0.00 0.00 0.00 0.00 0.00 0.00 0.00 0.00 0.00 0.00 0.00 0.00 0.00 0.00 0.00 0.00 0.00 0.00 0.00 0.00 0.00 0.00 9.34 12.05 0.00 0.00 0.00 0.00 0.00 0.00 0.00 0.00 0.00 0.00 0.00 0.00 0.00 0.00 0.00 0.00 0.00 0.00 0.00 0.00 0.00 11.24 0.00 0.00 0.00 0.00 0.00 0.00 0.00 0.00 0.00 0.00 0.00 0.00 0.00 0.00 0.00 0.00 0.00 0.00 18.47 0.00 19.64 18.25 17.52 16.43 20.22 19.86 20.00
0.00 0.00 0.00 0.00 0.00 0.00 0.00 0.00 0.00 0.00 0.00 0.00 0.00 0.00 0.00 0.00 0.00 0.00 0.00 0.00 0.00 0.00 0.00 0.00 0.00 0.00 0.00 0.00 0.00 0.00 0.00 0.00 0.00 11.32 14.75 0.00 0.00 0.00 0.00 0.00 0.00 0.00 0.00 0.00 0.00 0.00 0.00 0.00 0.00 0.00 0.00 0.00 0.00 0.00 0.00 10.37 11.17 11.53 12.48 13.94 14.31 14.24 12.85 11.61 11.90 12.34 13.36 13.29 13.29 0.00 0.00 0.00 0.00 0.00 0.00 0.00 0.00 23.73 22.12 20.22 22.12 22.27 21.61 21.24
0.00 0.00 0.00 0.00 0.00 0.00 0.00 0.00 0.00 0.00 0.00 0.00 0.00 0.00 0.00 0.00 0.00 0.00 0.00 0.00 0.00 0.00 0.00 0.00 0.00 0.00 0.00 0.00 0.00 0.00 0.00 0.00 0.00 0.00 0.00 0.00 0.00 0.00 0.00 0.00 0.00 0.00 0.00 0.00 0.00 19.49 0.00 0.00 0.00 0.00 0.00 0.00 0.00 0.00 0.00 4.82 7.66 10.29 12.05 13.94 13.21 13.29 13.21 12.99 13.87 15.26 14.67 13.21 13.21 0.00 0.00 0.00 0.00 0.00 0.00 0.00 0.00 0.00 18.10 15.84 17.16 20.37 21.17 22.05
0.00 0.00 0.00 0.00 0.00 0.00 0.00 0.00 0.00 0.00 0.00 0.00 0.00 0.00 0.00 0.00 0.00 0.00 0.00 0.00 0.00 0.00 0.00 0.00 0.00 0.00 0.00 0.00 0.00 0.00 0.00 0.00 0.00 0.00 0.00 0.00 0.00 0.00 0.00 0.00 0.00 0.00 0.00 0.00 0.00 19.49 0.00 0.00 0.00 0.00 0.00 0.00 0.00 0.00 0.00 4.82 7.66 10.29 12.05 13.94 13.21 13.29 13.21 12.99 13.87 15.26 14.67 13.21 13.21 0.00 0.00 0.00 0.00 0.00 0.00 0.00 0.00 0.00 18.10 15.84 17.16 20.37 21.17 22.05
0.00 0.00 0.00 0.00 0.00 0.00 0.00 0.00 0.00 0.00 0.00 0.00 0.00 0.00 0.00 0.00 0.00 0.00 0.00 0.00 0.00 0.00 0.00 0.00 0.00 0.00 0.00 0.00 0.00 0.00 0.00 0.00 0.00 0.00 0.00 0.00 0.00 0.00 0.00 0.00 0.00 0.00 0.00 0.00 0.00 10.80 0.00 0.00 0.00 0.00 0.00 0.00 0.00 0.00 0.00 4.67 6.86 7.88 6.50 10.00 14.53 18.25 20.66 19.05 16.28 12.99 10.88 9.42 9.42 9.93 11.61 12.05 9.20 0.00 0.00 0.00 0.00 0.00 0.00 11.10 11.39 13.07 15.70 17.96
0.00 0.00 0.00 0.00 0.00 0.00 0.00 0.00 0.00 0.00 0.00 0.00 0.00 0.00 0.00 0.00 0.00 0.00 0.00 0.00 0.00 0.00 0.00 0.00 0.00 0.00 0.00 0.00 0.00 0.00 0.00 0.00 0.00 0.00 0.00 0.00 0.00 0.00 0.00 0.00 0.00 0.00 0.00 0.00 0.00 0.00 0.00 0.00 0.00 0.00 0.00 0.00 0.00 0.00 7.45 10.44 15.04 14.89 12.70 13.72 17.37 22.85 23.80 21.02 20.08 18.61 17.01 14.38 14.38 14.38 16.57 15.91 14.89 12.99 13.07 13.29 12.05 0.00 17.16 15.04 12.48 11.10 11.61 13.94
0.00 0.00 0.00 0.00 0.00 0.00 0.00 0.00 0.00 0.00 0.00 0.00 0.00 0.00 0.00 0.00 0.00 0.00 0.00 0.00 0.00 0.00 0.00 0.00 0.00 0.00 0.00 0.00 0.00 0.00 0.00 0.00 0.00 0.00 0.00 0.00 0.00 0.00 0.00 0.00 0.00 0.00 0.00 0.00 0.00 0.00 0.00 0.00 0.00 0.00 8.32 0.00 0.00 0.00 7.01 7.66 7.30 8.32 9.93 11.17 12.63 14.97 15.48 17.74 20.08 17.96 15.77 15.11 15.11 16.13 18.10 18.54 16.43 16.28 13.65 12.12 12.19 18.76 16.64 14.67 12.63 14.89 11.90 10.44
0.00 0.00 0.00 0.00 0.00 0.00 0.00 0.00 0.00 0.00 0.00 0.00 0.00 0.00 0.00 0.00 0.00 0.00 0.00 0.00 0.00 0.00 0.00 0.00 0.00 0.00 0.00 0.00 0.00 0.00 0.00 0.00 0.00 0.00 0.00 0.00 0.00 0.00 0.00 0.00 0.00 0.00 0.00 0.00 0.00 0.00 0.00 0.00 0.00 0.00 8.32 0.00 0.00 0.00 7.01 7.66 7.30 8.32 9.93 11.17 12.63 14.97 15.48 17.74 20.08 17.96 15.77 15.11 15.11 16.13 18.10 18.54 16.43 16.28 13.65 12.12 12.19 18.76 16.64 14.67 12.63 14.89 11.90 10.44
0.00 0.00 0.00 0.00 0.00 0.00 0.00 0.00 0.00 0.00 0.00 0.00 0.00 0.00 0.00 0.00 0.00 0.00 0.00 0.00 0.00 0.00 0.00 0.00 0.00 0.00 0.00 0.00 0.00 0.00 4.02 3.29 5.55 7.30 0.00 8.83 11.46 9.42 0.00 0.00 0.00 0.00 0.00 0.00 0.00 0.00 0.00 0.00 0.00 10.95 16.64 16.43 12.70 11.10 10.22 9.34 9.34 9.05 8.54 10.37 11.39 12.19 12.19 12.56 13.29 13.51 15.55 16.13 16.13 15.91 15.84 16.28 16.21 13.36 10.37 11.39 19.13 21.10 18.61 16.57 17.67 17.16 17.89 16.79
0.00 0.00 0.00 0.00 0.00 0.00 0.00 0.00 0.00 0.00 0.00 0.00 0.00 0.00 0.00 0.00 0.00 0.00 0.00 0.00 0.00 0.00 0.00 0.00 0.00 0.00 0.00 0.00 8.83 11.97 13.36 15.40 15.18 12.99 13.36 17.89 19.56 16.21 0.00 0.00 10.29 10.37 0.00 0.00 0.00 0.00 0.00 11.90 10.29 12.99 16.21 13.94 11.46 11.17 13.36 14.31 14.82 12.26 9.42 12.19 13.87 12.05 12.85 14.67 15.70 18.10 23.43 25.92 25.92 23.51 20.73 19.13 18.32 19.05 13.87 11.10 17.67 18.83 17.45 18.25 15.99 13.51 13.14 13.21
0.00 0.00 0.00 0.00 0.00 0.00 0.00 0.00 0.00 0.00 0.00 0.00 0.00 0.00 0.00 0.00 0.00 0.00 0.00 0.00 0.00 0.00 0.00 0.00 0.00 8.69 11.17 13.72 16.35 18.32 21.17 23.21 21.17 18.47 18.25 15.18 13.58 20.44 12.19 12.56 10.29 6.72 7.23 7.23 0.00 7.08 11.17 11.97 15.33 21.61 23.94 20.37 18.10 14.02 13.36 15.99 21.61 24.89 17.96 12.41 10.44 9.93 11.97 12.63 12.12 13.94 18.10 19.78 19.78 20.59 21.02 22.27 19.35 17.37 16.13 17.67 7.74 0.00 0.00 15.26 19.86 18.61 16.72 14.89
0.00 0.00 0.00 0.00 0.00 0.00 0.00 0.00 0.00 0.00 0.00 0.00 0.00 0.00 0.00 12.26 14.38 0.00 0.00 0.00 10.95 11.32 17.01 17.96 18.54 16.72 11.97 12.19 15.62 18.47 20.44 21.97 16.28 11.97 11.97 9.05 8.83 12.70 11.02 9.64 9.20 8.76 10.29 10.29 10.88 15.33 17.52 17.89 19.27 17.89 16.13 17.96 21.17 20.95 17.30 18.98 15.26 12.12 13.21 15.99 18.91 20.95 18.76 17.96 16.94 17.81 19.56 20.66 20.66 24.82 25.04 24.16 25.33 23.21 19.20 19.27 8.91 0.00 0.00 18.76 25.04 18.98 20.81 25.70
0.00 0.00 0.00 0.00 0.00 0.00 0.00 0.00 0.00 0.00 0.00 0.00 0.00 0.00 0.00 12.26 14.38 0.00 0.00 0.00 10.95 11.32 17.01 17.96 18.54 16.72 11.97 12.19 15.62 18.47 20.44 21.97 16.28 11.97 11.97 9.05 8.83 12.70 11.02 9.64 9.20 8.76 10.29 10.29 10.88 15.33 17.52 17.89 19.27 17.89 16.13 17.96 21.17 20.95 17.30 18.98 15.26 12.12 13.21 15.99 18.91 20.95 18.76 17.96 16.94 17.81 19.56 20.66 20.66 24.82 25.04 24.16 25.33 23.21 19.20 19.27 8.91 0.00 0.00 18.76 25.04 18.98 20.81 25.70
0.00 0.00 0.00 0.00 0.00 0.00 0.00 0.00 0.00 0.00 0.00 0.00 12.70 13.29 10.88 10.44 14.45 11.90 11.90 9.56 7.81 7.81 10.66 13.72 16.28 16.28 13.36 11.97 11.90 14.24 17.81 18.69 17.59 16.79 9.71 7.23 6.86 7.74 8.91 8.54 13.21 14.16 15.55 15.55 20.44 22.19 25.84 25.40 26.13 26.94 24.82 24.16 27.74 28.98 28.40 29.20 28.11 19.27 8.61 8.03 10.66 12.48 15.55 18.69 19.27 17.52 14.60 17.01 17.01 20.15 23.07 20.73 21.53 18.83 21.32 17.08 6.94 0.00 17.08 19.49 16.79 14.09 14.16 16.57
0.00 0.00 0.00 0.00 0.00 0.00 0.00 0.00 0.00 0.00 0.00 11.46 19.64 20.15 17.37 16.86 18.83 16.35 16.35 11.39 9.64 5.69 5.33 9.71 14.45 16.57 15.18 14.24 15.55 16.72 17.74 20.88 23.21 22.85 16.28 1.24 2.34 5.69 10.15 11.90 13.80 14.53 12.85 12.85 14.67 13.21 10.59 10.51 12.99 12.78 11.39 14.24 19.05 25.19 27.38 25.11 18.76 12.19 6.86 5.48 7.01 6.28 5.62 9.05 14.97 19.56 18.40 19.13 19.13 21.97 21.17 22.19 18.54 20.22 17.45 11.53 6.86 9.20 11.39 9.13 10.37 12.92 14.16 14.75
0.00 0.00 0.00 0.00 0.00 0.00 0.00 0.00 0.00 0.00 0.00 0.00 15.40 16.28 14.53 17.08 17.89 19.49 19.49 19.56 17.52 11.97 8.32 8.47 12.41 17.08 17.59 18.98 17.08 14.97 18.76 21.75 20.81 19.86 22.34 5.33 7.52 12.56 12.63 16.86 17.16 15.84 14.82 14.82 15.70 15.91 14.89 14.75 14.97 16.06 16.13 16.13 16.28 16.06 16.57 14.89 11.53 8.32 7.81 11.68 13.29 12.12 8.61 9.05 14.02 15.55 15.91 21.61 21.61 25.11 20.29 15.48 13.65 13.51 13.21 8.32 7.59 12.26 11.10 8.61 9.78 11.39 13.80 13.43
15.91 0.00 0.00 0.00 0.00 0.00 0.00 0.00 0.00 0.00 0.00 0.00 0.00 0.00 10.22 12.70 15.62 17.30 17.30 17.30 17.08 15.91 14.60 14.38 15.55 18.76 17.16 12.99 10.29 9.20 12.48 17.96 21.90 19.56 18.47 12.34 10.07 10.51 11.53 12.12 12.12 12.70 13.94 13.94 17.52 22.78 22.19 19.20 15.40 15.26 15.62 15.62 16.57 16.64 18.91 17.52 15.11 16.64 17.16 19.49 23.07 20.37 14.24 11.97 15.48 14.02 18.47 25.19 25.19 27.67 25.04 7.08 10.95 9.93 6.86 4.16 3.72 5.04 6.28 6.79 5.91 8.54 11.90 11.24
15.04 0.00 0.00 0.00 0.00 0.00 0.00 0.00 0.00 0.00 0.00 0.00 0.00 0.00 0.00 15.26 19.27 20.44 20.44 21.02 21.97 21.68 20.59 20.37 23.14 25.33 25.33 19.86 15.84 11.97 9.42 13.51 19.05 15.04 12.41 9.56 6.94 5.62 5.40 6.35 10.29 14.97 26.13 26.13 29.13 28.32 27.38 25.33 21.24 18.54 19.20 20.95 19.49 21.02 22.78 22.34 23.73 24.31 23.94 26.06 29.57 27.08 25.33 22.05 18.54 21.10 27.74 28.47 28.47 24.45 10.07 6.64 5.84 3.65 0.00 1.75 3.29 3.58 2.99 2.99 4.53 5.91 5.40 6.57
15.04 0.00 0.00 0.00 0.00 0.00 0.00 0.00 0.00 0.00 0.00 0.00 0.00 0.00 0.00 15.26 19.27 20.44 20.44 21.02 21.97 21.68 20.59 20.37 23.14 25.33 25.33 19.86 15.84 11.97 9.42 13.51 19.05 15.04 12.41 9.56 6.94 5.62 5.40 6.35 10.29 14.97 26.13 26.13 29.13 28.32 27.38 25.33 21.24 18.54 19.20 20.95 19.49 21.02 22.78 22.34 23.73 24.31 23.94 26.06 29.57 27.08 25.33 22.05 18.54 21.10 27.74 28.47 28.47 24.45 10.07 6.64 5.84 3.65 0.00 1.75 3.29 3.58 2.99 2.99 4.53 5.91 5.40 6.57
0.00 0.00 0.00 0.00 0.00 0.00 0.00 0.00 0.00 0.00 0.00 0.00 0.00 0.00 0.00 0.00 22.63 24.75 24.75 23.43 24.31 24.60 23.94 25.26 27.96 28.32 27.23 27.38 19.86 15.84 10.07 8.47 14.45 9.20 5.84 4.45 6.50 7.74 8.83 8.98 10.73 14.16 23.00 23.00 31.17 30.88 31.03 30.37 27.59 24.97 24.89 24.09 21.61 20.73 24.82 27.30 23.87 23.07 25.77 28.11 29.27 30.00 31.32 27.38 28.98 28.47 25.33 17.23 17.23 19.78 23.00 11.83 10.22 9.49 6.28 5.04 4.60 4.31 3.43 2.63 2.70 1.46 1.39 2.34
11.61 12.48 13.43 14.38 0.00 0.00 0.00 0.00 0.00 0.00 0.00 0.00 0.00 0.00 0.00 22.85 24.24 25.19 25.19 24.60 24.24 24.82 25.40 23.91 22.16 22.99 21.46 22.41 19.64 12.41 8.69 8.18 14.09 8.69 0.00 0.00 0.00 7.23 18.83 18.61 10.73 9.20 15.26 15.26 15.11 16.94 16.94 17.37 18.91 22.19 23.07 24.09 27.30 30.95 32.27 30.00 25.33 22.63 24.31 27.23 29.42 32.49 33.29 31.17 30.15 29.05 28.40 25.84 25.84 30.66 29.35 22.48 18.47 12.19 7.96 5.77 4.53 3.58 2.70 2.99 4.45 2.48 0.88 0.95
20.15 19.20 18.61 19.05 18.54 0.00 0.00 0.00 0.00 0.00 0.00 0.00 0.00 21.32 23.36 27.81 31.39 36.28 36.28 38.33 33.80 32.34 33.00 30.44 31.79 25.33 23.58 24.53 26.43 24.09 16.64 10.00 7.08 6.06 4.45 0.00 0.00 0.00 3.94 7.37 7.59 3.80 4.74 4.74 4.38 3.43 4.53 6.35 5.40 7.23 8.61 11.53 15.77 21.32 22.48 20.88 19.42 19.56 23.07 26.50 27.74 30.51 34.53 33.43 29.71 26.72 24.53 25.92 25.92 25.40 23.80 21.32 17.23 12.41 8.03 5.99 5.91 5.77 7.23 6.94 4.09 1.17 1.46 1.24
24.75 23.87 21.53 20.88 19.20 19.71 0.00 0.00 0.00 0.00 31.10 25.40 16.50 10.22 15.70 26.13 32.49 37.08 37.08 35.11 32.56 30.90 33.79 33.79 30.56 27.84 28.35 27.65 26.64 25.10 25.40 0.00 0.00 2.70 0.00 0.00 0.00 0.00 1.97 0.00 3.14 0.00 0.00 0.00 0.00 0.00 2.48 3.07 2.77 2.56 2.92 2.63 3.72 7.30 11.10 10.73 7.74 14.24 19.56 21.24 22.56 25.48 30.00 30.00 29.86 29.20 24.45 27.08 27.08 27.81 25.48 22.70 20.73 19.64 19.78 19.05 13.51 9.71 9.71 8.54 4.82 3.14 3.94 2.56
22.12 22.56 20.95 17.30 17.67 19.71 20.59 20.08 23.73 25.26 21.61 18.18 15.11 12.34 14.53 18.61 23.21 23.21 23.21 17.73 16.66 21.27 27.69 33.51 33.28 30.22 32.81 29.28 31.41 28.61 12.62 7.96 2.99 2.04 3.94 4.16 4.67 6.50 5.33 2.85 4.02 3.94 4.16 4.16 0.00 0.00 0.00 0.00 0.00 0.00 0.00 0.00 0.00 0.00 3.65 2.92 2.26 6.13 14.24 19.71 15.91 16.79 20.73 20.22 22.34 26.65 24.38 27.52 27.52 26.43 23.00 21.61 24.31 23.21 22.27 20.29 11.97 6.72 9.86 7.08 5.40 4.23 5.55 0.00
22.12 22.56 20.95 17.30 17.67 19.71 20.59 20.08 23.73 25.26 21.61 18.18 15.11 12.34 14.53 18.61 23.21 23.21 23.33 18.31 16.92 22.77 27.00 34.37 32.78 30.22 31.83 27.21 29.35 29.05 12.75 8.29 3.36 2.16 4.04 4.16 4.67 6.50 5.33 2.85 4.02 3.94 4.16 4.16 0.00 0.00 0.00 0.00 0.00 0.00 0.00 0.00 0.00 0.00 3.65 2.92 2.26 6.13 14.24 19.71 15.91 16.79 20.73 20.22 22.34 26.65 24.38 27.52 27.52 26.43 23.00 21.61 24.31 23.21 22.27 20.29 11.97 6.72 9.86 7.08 5.40 4.23 5.55 0.00
18.69 20.08 19.71 18.25 20.73 24.16 22.05 22.12 22.27 22.27 18.76 13.65 13.58 15.33 19.35 22.85 24.67 22.27 22.27 16.06 9.93 6.86 0.00 13.27 18.64 23.52 33.26 38.88 35.84 20.40 18.80 19.44 10.02 9.22 6.77 5.75 4.94 4.74 4.02 4.45 0.00 1.39 0.00 0.00 0.00 0.00 0.00 0.00 0.66 0.00 0.00 0.00 0.00 0.00 0.00 0.00 0.00 0.00 11.02 17.16 16.94 14.31 15.26 14.31 12.85 15.33 26.13 27.74 27.74 23.36 21.83 22.78 25.40 26.28 25.48 22.19 16.06 11.39 10.07 6.94 4.96 3.43 2.12 0.00
20.44 18.32 17.08 16.35 14.02 13.94 21.10 26.57 28.84 28.40 26.28 20.81 18.25 19.20 22.63 25.40 26.21 25.55 25.55 22.74 15.40 7.41 3.07 3.14 0.00 3.71 7.66 20.12 39.33 27.87 26.94 26.28 22.85 18.39 17.62 9.63 5.34 5.58 2.48 1.61 2.19 0.00 0.00 0.00 0.00 0.00 0.00 0.00 0.00 0.00 0.00 0.00 0.00 0.00 0.00 0.00 0.00 0.00 6.72 14.97 18.83 19.71 23.73 24.02 10.44 26.06 25.55 27.74 27.74 25.04 26.65 27.08 26.50 28.32 26.06 20.15 13.58 12.85 8.69 4.74 2.12 1.24 1.24 0.88
24.31 22.34 19.93 19.05 16.57 14.02 15.04 18.61 19.56 20.66 20.66 17.67 15.04 14.02 16.72 19.71 20.88 22.48 22.48 20.66 15.91 8.83 4.53 0.00 0.00 0.00 0.00 3.54 32.75 31.81 22.63 24.16 26.06 24.53 20.98 14.00 8.42 4.82 2.92 1.68 2.12 0.00 0.00 0.00 0.00 3.36 5.11 3.21 0.00 0.00 0.00 0.00 0.00 0.00 0.00 0.00 0.00 0.00 3.65 5.62 11.75 15.33 23.94 29.78 24.31 19.71 23.94 26.86 26.86 23.94 17.37 19.49 23.21 26.65 26.21 24.02 17.89 15.91 11.46 10.00 6.50 4.16 2.70 2.04
31.54 33.00 33.80 30.88 29.05 28.18 29.49 30.59 34.60 27.52 19.35 13.58 11.46 12.70 17.08 16.72 13.94 11.10 11.10 11.17 9.49 5.04 0.00 0.00 0.00 0.00 0.00 0.00 0.00 36.28 33.65 28.91 26.35 27.74 28.69 24.31 14.67 8.78 6.56 4.35 1.97 0.00 0.00 0.00 0.00 0.00 4.53 6.72 8.25 7.74 4.74 0.00 0.00 0.00 0.00 0.00 0.00 0.00 0.00 0.00 1.83 6.20 16.06 22.27 14.45 20.51 25.92 16.72 16.72 8.40 6.13 12.78 21.53 29.13 25.04 23.58 22.63 24.89 17.30 11.90 10.66 9.27 7.81 6.06
25.92 30.88 35.04 30.59 25.19 24.53 23.94 21.02 26.25 31.68 33.14 24.60 17.74 18.40 13.87 8.54 4.16 2.70 2.70 3.72 2.48 0.00 0.00 0.00 0.00 0.00 0.00 0.00 0.00 0.00 36.06 36.87 34.82 33.43 29.86 27.59 22.78 18.47 19.71 15.35 7.26 2.92 0.00 0.00 0.00 0.00 1.24 0.00 3.87 6.50 5.62 3.58 0.00 0.00 0.00 0.00 0.00 0.00 0.00 0.00 0.00 4.89 10.44 3.36 3.50 6.28 7.45 4.09 4.09 3.80 5.48 9.27 12.99 15.70 18.83 23.36 29.20 27.89 21.24 13.29 9.64 7.01 7.88 6.28
9.71 12.48 18.91 22.85 18.54 16.86 12.92 9.64 8.54 11.97 21.10 20.44 15.04 11.68 6.13 3.14 0.00 0.00 0.00 0.00 0.00 0.00 0.00 0.00 0.00 0.00 0.00 0.00 0.00 0.00 0.00 34.92 36.50 37.81 38.54 33.58 30.81 26.32 21.24 19.42 12.17 5.48 3.43 3.43 3.80 3.80 3.65 0.00 0.00 0.00 0.00 3.07 0.00 0.00 0.00 0.00 0.00 3.80 3.14 0.00 0.00 0.00 0.00 3.80 0.00 0.00 3.14 0.00 0.00 5.26 7.59 5.99 4.31 5.69 7.08 8.91 9.78 11.97 13.58 13.94 12.63 9.56 7.59 5.11
9.71 12.48 18.91 22.85 18.54 16.86 12.92 9.64 8.32 11.97 21.10 20.44 15.04 11.68 6.13 3.14 0.00 0.00 0.00 0.00 0.00 0.00 0.00 0.00 0.00 0.00 0.00 0.00 0.00 0.00 0.00 34.75 35.41 37.81 38.74 33.75 30.81 26.19 21.46 19.42 12.05 5.48 3.43 3.43 3.80 3.80 3.65 0.00 0.00 0.00 0.00 3.07 0.00 0.00 0.00 0.00 0.00 3.80 3.14 0.00 0.00 0.00 0.00 3.80 0.00 0.00 3.14 0.00 0.00 5.26 7.59 5.99 4.31 5.69 7.08 8.91 9.78 11.97 13.58 13.94 12.63 9.56 7.59 5.11
0.00 0.00 12.70 14.97 15.04 21.32 25.04 22.31 15.56 10.66 12.34 13.58 10.88 4.96 0.00 4.09 2.04 0.00 0.00 0.00 0.00 0.00 0.00 0.00 0.00 0.00 6.20 0.00 0.00 0.00 0.00 0.00 0.00 34.38 35.41 37.74 33.94 30.66 26.41 20.88 18.76 15.48 9.71 9.71 6.86 5.40 5.69 3.87 0.00 4.16 3.21 1.46 1.53 0.00 0.00 0.00 3.65 7.96 11.17 8.47 5.33 0.00 0.00 5.48 4.09 2.63 0.00 0.00 0.00 0.00 3.07 0.00 0.00 1.10 1.75 2.12 3.21 0.00 7.01 7.66 8.91 7.96 3.65 0.00
