Wansh/Snow_depth/snowdepth-1985/spring/1985069.txt
ncols 321
nrows 161
xllcenter 60
yllcenter 15 
cellsize  0.25 
NODATA_value -1
[rows 0 to 36 of 161, columns 168 to 251 of 321]
10.95 8.76 7.08 8.61 8.91 9.05 7.59 6.94 6.50 6.50 7.66 7.66 7.88 7.45 7.74 8.47 9.49 11.53 14.02 15.04 13.58 13.07 14.02 14.24 12.41 9.42 10.51 0.00 0.00 0.00 6.57 13.72 18.40 21.68 21.39 21.39 16.35 18.54 22.34 24.45 24.82 26.13 29.64 32.49 34.82 36.43 36.43 34.16 30.59 26.06 23.51 22.48 23.94 24.82 25.19 34.53 35.19 34.24 32.56 31.32 31.32 31.61 33.14 36.43 38.11 39.71 38.25 33.80 30.73 28.54 27.23 27.74 27.96 27.16 26.50 26.28 25.19 25.62 24.60 23.07 20.08 18.61 19.86 20.44
12.05 9.78 8.91 9.13 9.42 5.91 6.57 7.66 8.18 8.18 9.56 11.17 8.03 7.01 6.94 8.03 9.64 11.61 15.18 13.07 10.37 10.07 11.53 11.75 9.71 5.33 0.00 0.00 0.00 0.00 5.40 12.48 18.83 16.13 14.89 14.89 13.80 16.72 24.67 29.86 31.97 33.58 36.21 38.25 37.81 32.85 29.49 27.74 27.89 26.94 24.89 24.02 22.63 23.14 28.47 30.15 35.19 35.84 35.41 32.56 32.56 32.63 34.53 35.84 37.67 35.62 35.41 33.07 30.37 30.81 30.15 30.15 29.20 26.86 24.09 24.45 25.92 26.21 23.94 20.59 18.18 17.23 17.67 18.40
15.18 13.43 12.41 13.87 10.59 8.61 5.18 6.13 7.45 7.45 8.83 6.42 5.55 6.64 8.61 9.42 11.10 11.24 11.83 11.83 12.78 11.83 12.70 11.83 7.08 0.00 0.00 0.00 0.00 0.00 3.43 13.87 16.72 14.97 14.09 14.09 16.64 23.73 33.07 35.62 35.48 34.67 33.36 30.08 24.89 23.36 22.34 21.02 20.81 22.34 24.45 26.06 25.48 29.93 30.81 28.11 24.45 29.05 31.90 32.27 32.27 30.88 31.97 32.41 32.27 32.05 33.65 32.49 30.81 30.66 30.95 29.57 27.67 25.40 24.82 24.53 24.53 25.19 23.51 22.92 20.22 19.78 19.13 17.81
15.18 13.43 12.41 13.87 10.59 8.61 5.18 6.13 7.45 7.45 8.83 6.42 5.55 6.64 8.61 9.42 11.10 11.24 11.83 11.83 12.78 11.83 12.70 11.83 7.08 0.00 0.00 0.00 0.00 0.00 3.43 13.87 16.72 14.97 14.09 14.09 16.64 23.73 33.07 35.62 35.48 34.67 33.36 30.08 24.89 23.36 22.34 21.02 20.81 22.34 24.45 26.06 25.48 29.93 30.81 28.11 24.45 29.05 31.90 32.27 32.27 30.88 31.97 32.41 32.27 32.05 33.65 32.49 30.81 30.66 30.95 29.57 27.67 25.40 24.82 24.53 24.53 25.19 23.51 22.92 20.22 19.78 19.13 17.81
16.79 16.43 14.75 14.75 10.95 9.56 5.91 5.69 6.42 6.42 7.96 7.96 8.18 8.83 9.71 10.95 11.53 11.75 10.73 10.15 10.80 11.24 10.00 8.98 0.00 0.00 0.00 0.00 0.00 5.18 10.59 12.34 13.29 11.90 18.03 18.03 22.78 28.25 30.44 28.62 27.38 27.16 24.24 21.61 19.71 19.93 20.29 19.64 20.51 21.97 20.73 23.94 26.79 29.42 23.87 24.97 24.67 26.35 28.32 28.84 28.84 30.00 32.27 32.34 31.83 31.03 29.57 29.42 29.64 27.67 27.38 27.30 26.86 24.97 21.53 20.81 21.24 20.51 20.51 22.05 21.83 19.93 20.22 19.35
18.69 17.81 16.72 15.48 13.72 12.34 10.51 8.40 8.61 8.61 9.86 9.56 8.61 8.76 9.78 9.78 9.20 8.18 6.86 6.57 7.96 6.86 0.00 0.00 0.00 0.00 0.00 4.09 6.35 10.22 13.36 15.18 13.07 16.86 19.05 19.05 21.75 22.27 19.86 18.47 20.73 22.27 22.56 22.78 23.73 22.56 20.59 18.18 20.00 22.92 20.95 27.38 24.24 23.36 23.21 24.38 23.36 22.34 25.04 28.03 28.03 32.05 35.41 35.04 30.22 27.08 25.33 24.31 24.31 24.89 25.33 25.04 23.58 22.78 21.90 20.00 18.83 20.81 23.00 21.10 18.69 18.40 19.35 18.69
21.39 20.88 17.96 17.45 16.43 15.26 14.82 13.21 11.97 11.97 11.10 11.90 12.41 12.05 12.41 12.34 10.88 8.98 7.96 6.06 0.00 0.00 0.00 0.00 0.00 0.00 0.00 7.88 10.07 11.83 16.28 16.50 18.03 22.12 24.89 24.89 25.92 24.24 20.66 20.29 20.59 18.83 18.47 19.78 20.00 20.08 20.22 21.53 23.21 23.36 24.16 22.85 20.15 22.63 23.14 21.90 20.29 19.13 20.88 23.58 23.58 27.16 28.69 28.11 25.70 23.43 24.02 22.85 21.75 19.93 20.66 20.73 19.42 17.74 17.16 16.64 16.94 17.74 19.05 19.77 20.52 21.12 19.28 19.17
21.39 20.88 17.96 17.45 16.43 15.26 14.82 13.21 11.97 11.97 11.10 11.90 12.41 12.05 12.41 12.34 10.88 8.98 7.96 6.06 0.00 0.00 0.00 0.00 0.00 0.00 0.00 7.88 10.07 11.83 16.28 16.50 18.03 22.12 24.89 24.89 25.92 24.24 20.66 20.29 20.59 18.83 18.47 19.78 20.00 20.08 20.22 21.53 23.21 23.36 24.16 22.85 20.15 22.63 23.14 21.90 20.29 19.13 20.88 23.58 23.58 27.16 28.69 28.11 25.70 23.43 24.02 22.85 21.75 19.93 20.66 20.73 19.42 17.74 17.16 19.24 23.36 25.52 26.10 33.59 33.89 28.10 24.81 19.89
19.78 20.29 18.76 20.08 18.47 17.01 13.58 13.87 13.87 13.87 13.07 15.40 16.06 15.11 12.99 9.05 8.25 8.54 0.00 0.00 0.00 0.00 0.00 0.00 0.00 0.00 2.41 7.88 10.00 12.56 14.38 15.62 19.64 25.33 30.88 30.88 29.93 25.92 22.92 22.34 23.36 24.38 24.89 28.32 27.89 23.73 23.00 27.08 27.16 28.98 27.08 22.56 20.15 19.71 18.54 18.76 21.24 20.29 20.08 21.75 21.75 23.14 24.16 23.43 24.75 23.36 22.27 21.24 20.00 20.15 19.78 20.44 18.47 16.93 20.63 24.41 26.09 24.89 22.98 30.02 27.30 23.65 22.28 21.59
14.75 18.25 19.20 18.98 17.23 17.08 14.38 12.34 16.21 16.21 16.79 14.53 11.61 9.42 7.59 3.80 1.90 0.00 0.00 0.00 0.00 0.00 0.00 0.00 3.65 8.98 12.56 12.78 13.87 15.70 15.91 17.08 20.44 23.73 26.35 26.35 26.72 25.77 23.94 23.94 25.04 25.99 25.92 27.30 26.35 24.82 28.84 29.86 27.45 26.79 23.65 19.42 20.15 18.61 15.26 17.01 19.27 20.29 18.98 20.00 20.00 23.14 25.55 25.11 25.19 24.53 21.17 19.93 20.44 21.53 22.56 20.66 18.77 23.02 25.87 28.01 31.21 31.35 30.47 31.55 28.57 26.06 28.88 31.13
9.78 12.78 14.82 18.61 20.22 20.95 19.49 20.00 21.61 21.61 16.50 11.17 7.88 6.79 2.70 0.00 0.00 0.00 0.00 0.00 0.00 3.50 10.37 11.24 11.39 13.07 14.97 15.26 15.84 16.57 17.23 18.91 20.00 22.19 22.92 22.92 24.09 23.65 23.14 27.23 28.69 27.01 24.53 25.19 26.06 21.97 21.46 22.27 22.56 23.43 21.02 20.15 20.88 21.02 21.83 23.00 25.92 24.97 24.75 25.11 25.11 25.92 26.50 24.53 22.85 21.02 19.86 18.54 18.69 19.49 18.83 17.81 17.45 16.38 16.86 26.24 35.13 35.39 28.29 29.73 28.36 28.23 25.17 27.51
9.78 12.78 14.82 18.61 20.22 20.95 19.49 20.00 21.61 21.61 16.50 11.17 7.88 6.79 2.70 0.00 0.00 0.00 0.00 0.00 0.00 3.50 10.37 11.24 11.39 13.07 14.97 15.26 15.84 16.57 17.23 18.91 20.00 22.19 22.92 22.92 24.09 23.65 23.14 27.23 28.69 27.01 24.53 25.19 26.06 21.97 21.46 22.27 22.56 23.43 21.02 20.15 20.88 21.02 21.83 23.00 25.92 24.97 24.75 25.11 25.11 25.92 26.50 24.53 22.85 21.02 19.86 18.54 18.69 19.49 18.83 17.81 17.01 16.13 16.35 24.36 31.32 32.77 30.17 30.85 28.36 27.61 27.65 29.43
17.81 13.58 12.19 13.80 15.70 15.55 16.21 15.33 12.19 12.19 9.13 4.23 0.44 0.00 0.00 0.00 0.00 7.88 11.10 10.00 9.27 10.37 12.63 13.21 12.48 13.72 16.06 16.28 15.62 15.70 18.25 20.51 22.48 23.29 23.36 23.36 23.43 22.63 22.78 25.92 26.57 26.35 26.94 25.55 23.07 16.13 15.33 19.86 20.88 21.17 19.56 19.49 21.97 24.89 26.06 26.65 26.86 26.86 27.30 25.26 25.26 25.26 21.83 21.24 21.10 18.83 20.37 22.92 21.53 20.08 19.27 18.03 19.27 18.54 17.37 20.59 26.44 25.07 25.58 28.66 29.30 31.78 31.00 26.77
13.51 15.99 14.97 13.21 11.83 11.90 11.39 6.86 3.80 3.80 0.00 0.00 0.00 0.00 0.00 0.00 1.61 4.38 7.74 10.95 12.41 14.89 13.80 11.39 13.36 16.13 17.96 19.20 20.73 22.19 19.49 19.42 19.78 19.64 18.91 18.91 19.35 19.93 20.66 21.39 21.75 22.19 21.17 19.27 17.52 17.23 21.68 20.51 21.46 22.19 20.08 18.61 19.20 21.10 22.48 19.78 20.00 18.54 20.08 21.17 21.17 22.19 23.07 24.60 24.45 23.94 23.65 23.65 23.87 24.38 22.12 20.29 19.71 19.96 22.96 26.23 22.89 25.01 28.30 25.64 31.85 31.18 26.70 27.67
25.04 23.73 20.95 21.24 18.47 13.29 11.83 9.20 4.89 4.89 0.00 0.00 0.00 2.77 4.23 3.50 7.59 11.24 10.80 12.78 15.18 16.64 15.84 14.16 13.58 16.86 17.59 18.47 18.54 18.03 17.96 16.64 15.55 15.77 15.77 15.77 16.79 18.61 19.20 18.83 17.08 15.33 12.78 15.91 16.21 20.44 19.93 20.08 20.15 20.08 17.89 16.79 16.50 18.32 18.91 19.05 17.96 18.10 19.78 20.88 20.88 22.63 22.56 23.00 22.48 22.70 23.36 22.78 21.97 23.00 21.97 19.93 17.35 18.43 19.43 20.79 25.01 30.39 27.34 27.05 29.69 30.81 26.55 22.64
24.89 25.48 21.97 22.19 20.88 17.59 17.08 15.84 13.29 13.29 11.90 14.67 14.31 13.07 8.54 7.37 8.83 10.37 11.02 12.26 13.29 15.55 17.52 17.30 15.70 15.33 15.33 15.91 14.38 13.14 14.31 15.48 15.62 15.11 14.67 14.67 14.97 14.31 14.24 14.16 14.24 15.11 15.84 15.40 15.18 17.59 17.89 18.10 18.54 19.64 18.54 16.64 14.97 14.82 14.89 16.57 17.74 18.76 20.59 20.59 20.59 21.17 20.51 19.35 16.06 15.84 15.04 14.09 15.18 20.15 21.32 19.42 20.30 19.66 22.45 24.50 31.10 26.69 27.87 26.72 27.89 28.98 24.40 23.01
24.89 25.48 21.97 22.19 20.88 17.59 17.08 15.84 13.29 13.29 11.90 14.67 14.31 13.07 8.54 7.37 8.83 10.37 11.02 12.26 13.29 15.55 17.52 17.30 15.70 15.33 15.33 15.91 14.38 13.14 14.31 15.48 15.62 15.11 14.67 14.67 14.97 14.31 14.24 14.16 14.24 15.11 15.84 15.40 15.18 17.59 17.89 18.10 18.54 19.64 18.54 16.64 14.97 14.82 14.89 16.57 17.74 18.76 20.59 20.59 20.59 21.17 20.51 19.35 16.06 15.84 15.04 14.09 15.18 20.15 21.32 23.84 19.02 21.37 20.16 30.31 31.56 29.51 28.43 24.09 26.96 24.92 26.54 26.13
20.51 21.32 17.59 16.35 16.86 15.33 16.35 16.50 16.06 16.06 15.77 14.82 15.26 14.45 11.97 9.27 9.34 10.07 13.29 13.72 14.16 14.45 15.18 15.33 14.89 13.72 16.13 14.67 11.75 13.58 14.89 14.75 15.26 15.18 17.01 17.01 16.50 13.21 12.99 14.45 16.57 18.98 19.64 17.08 17.59 14.97 15.33 15.11 14.31 14.02 11.46 10.00 8.91 7.96 10.51 12.34 13.58 15.26 16.06 14.53 14.53 13.72 13.94 12.70 10.88 9.56 8.61 6.64 7.88 13.72 20.05 19.49 19.23 17.35 20.87 27.27 27.45 23.12 21.76 26.73 24.17 22.30 23.17 20.03
18.47 23.51 25.11 19.71 17.45 16.86 14.97 13.36 12.41 12.41 13.21 14.38 14.45 14.60 15.77 15.11 15.48 15.62 16.57 17.30 16.79 15.62 13.94 12.63 12.48 13.07 13.65 13.51 13.14 13.43 13.43 14.24 15.48 14.82 16.28 16.28 16.21 14.24 18.03 15.18 15.62 15.55 19.42 11.10 12.56 10.29 8.83 7.01 7.15 6.42 6.50 7.59 7.52 6.72 8.76 11.61 13.14 12.70 12.56 10.73 10.73 9.42 8.91 7.66 6.50 5.84 5.11 5.11 8.76 14.60 18.73 19.25 19.32 18.64 19.06 20.64 22.85 22.96 23.28 27.08 21.95 23.30 20.88 21.18
14.75 16.50 16.43 17.08 19.56 18.18 14.82 14.16 15.33 15.33 14.97 15.70 17.30 17.37 17.01 17.30 15.84 16.06 18.25 20.29 19.86 18.76 17.37 15.91 14.60 14.16 13.80 13.51 12.70 13.51 15.70 16.72 15.77 14.16 14.89 14.89 15.18 14.53 15.70 17.08 17.01 16.86 12.56 8.83 8.25 7.59 7.15 6.79 5.04 4.16 5.04 6.86 7.96 8.69 6.94 9.49 12.78 14.45 14.53 10.95 10.95 7.88 6.28 4.96 5.84 6.50 6.13 6.28 7.59 8.25 12.78 18.83 21.68 24.24 25.99 25.21 23.27 27.58 29.91 21.53 20.51 18.03 16.40 19.33
13.43 15.33 15.91 14.89 15.55 15.33 14.09 14.16 14.67 14.67 15.48 17.01 18.47 19.05 19.93 18.76 17.16 18.98 22.19 23.94 25.11 26.57 26.50 17.08 14.45 14.31 11.68 9.56 12.85 18.10 19.27 19.86 19.13 16.35 15.91 15.91 17.45 15.33 12.78 10.73 14.09 15.18 7.59 8.03 9.71 7.30 5.04 5.99 4.38 5.84 4.74 5.18 5.84 7.52 7.08 8.10 11.02 10.37 9.05 9.56 9.56 8.32 6.13 3.94 4.53 5.62 6.28 7.66 8.98 10.29 14.89 20.22 22.70 24.89 25.45 26.35 27.29 22.47 27.74 21.24 16.93 16.49 17.47 13.82
10.95 14.97 17.59 15.84 12.19 13.36 14.75 15.11 14.60 14.60 16.64 18.91 21.32 21.90 22.12 18.98 20.22 25.40 31.76 27.59 24.09 21.17 17.96 13.87 14.16 15.33 14.67 13.51 17.37 21.53 21.02 19.27 20.00 20.73 20.81 20.81 16.86 13.07 9.56 8.61 11.02 7.52 7.52 7.74 7.37 5.99 4.16 4.09 3.87 4.38 5.48 4.74 3.80 5.48 7.96 7.66 7.74 8.54 9.05 8.69 8.69 5.99 4.11 3.65 4.09 4.74 5.99 8.54 9.86 11.90 16.72 21.32 24.89 24.89 26.61 29.28 32.50 24.03 27.02 22.83 14.05 13.58 15.79 15.49
10.95 14.97 17.59 15.84 12.19 13.36 14.75 15.11 14.60 14.60 16.64 18.91 21.32 21.90 22.12 18.98 20.22 25.40 31.76 27.59 24.09 21.17 17.96 13.87 14.16 15.33 14.67 13.51 17.37 21.53 21.02 19.27 20.00 20.73 20.81 20.81 16.86 13.07 9.56 8.61 11.02 7.52 7.52 7.74 7.37 5.99 4.16 4.09 3.87 4.38 5.48 4.74 3.80 5.48 7.96 7.66 7.74 8.54 9.05 8.69 8.69 5.99 4.11 3.65 4.09 4.74 5.99 8.54 9.86 11.90 16.72 21.32 24.89 24.89 25.55 29.44 25.24 21.14 22.63 26.57 17.18 13.87 12.37 14.29
3.50 3.72 7.37 9.42 11.10 14.02 14.60 14.89 14.38 14.38 14.89 17.74 20.37 22.12 21.17 20.88 23.07 24.09 24.02 21.17 18.03 17.52 17.30 15.99 16.86 16.13 18.69 19.93 20.44 21.02 19.64 17.01 16.21 16.28 14.02 14.02 12.26 12.34 12.78 10.73 10.22 8.47 8.40 8.32 9.13 7.66 6.13 5.40 5.40 5.99 7.01 6.13 3.58 2.12 4.38 6.57 7.08 6.13 4.23 2.34 2.34 0.00 0.00 0.00 5.18 5.91 6.64 7.96 9.64 10.22 12.56 16.21 21.61 24.53 23.65 24.80 25.43 29.52 25.13 22.07 19.80 15.32 16.24 17.07
3.80 4.45 5.62 8.76 10.22 12.34 16.43 17.89 18.61 18.61 18.91 22.48 22.27 20.15 18.32 15.48 16.72 18.98 23.29 21.75 16.50 15.18 16.64 18.40 17.74 18.40 21.68 21.53 17.81 16.64 16.21 14.02 13.87 13.87 15.77 15.77 17.45 17.08 15.55 12.12 15.40 13.65 11.53 11.53 11.10 9.49 8.25 7.52 6.06 5.04 4.45 5.04 3.87 6.13 5.18 5.40 4.02 2.48 0.00 0.00 0.00 0.00 0.00 4.53 6.42 8.18 10.59 11.24 11.02 11.68 13.21 15.48 18.61 21.10 23.36 23.27 24.60 26.81 26.53 23.95 24.21 15.59 16.80 19.22
4.67 4.74 5.26 5.40 5.04 7.37 14.82 19.13 19.13 19.13 18.76 17.81 17.01 16.43 16.13 14.75 14.89 16.86 19.27 20.51 18.18 14.31 17.96 20.29 18.40 17.23 20.73 22.34 20.37 15.55 12.34 13.36 12.99 11.75 14.67 14.67 17.67 19.93 17.74 16.28 15.84 13.80 14.16 13.72 14.45 15.77 13.21 9.86 7.96 8.32 5.91 5.11 4.96 5.99 5.48 4.09 3.36 0.00 0.00 0.00 0.00 0.00 4.16 7.30 7.45 8.98 10.73 13.58 14.24 13.14 14.38 16.86 20.60 24.55 25.20 26.13 26.34 21.56 19.72 21.45 18.91 15.78 15.64 16.15
5.33 3.36 3.94 3.87 3.94 4.82 6.79 11.97 16.28 16.28 15.55 13.58 12.26 12.26 14.89 14.45 15.91 17.81 18.98 19.49 22.12 21.10 21.02 21.68 19.49 18.10 19.42 20.66 19.05 14.97 10.66 11.24 14.60 13.65 14.60 14.60 16.72 16.94 16.57 11.90 10.88 11.24 10.29 9.56 11.97 12.26 12.48 13.43 9.71 8.47 8.32 6.35 5.26 3.65 4.45 4.82 4.96 4.31 4.09 3.50 3.50 5.11 6.64 7.96 8.69 10.73 12.19 13.07 14.31 15.11 15.62 20.08 24.01 28.08 28.96 26.88 24.72 24.75 21.49 19.89 18.35 16.52 18.42 15.16
5.48 5.62 5.69 4.82 3.43 0.00 3.29 4.96 7.37 7.37 8.47 7.37 8.47 11.53 13.94 11.75 13.43 15.11 15.33 16.57 21.53 20.59 16.79 18.32 15.91 15.77 14.45 13.94 11.53 10.15 9.34 9.42 9.86 10.15 11.24 11.24 12.85 13.51 12.34 9.93 9.86 14.02 12.63 9.78 10.07 9.20 6.20 4.53 4.16 3.07 0.00 2.19 1.53 1.97 2.41 0.00 3.58 5.26 5.99 7.37 7.37 8.61 8.54 8.10 9.05 11.17 12.19 14.09 17.52 20.44 23.73 25.67 31.52 28.53 26.70 26.28 20.89 19.59 18.47 16.41 13.90 10.97 11.49 10.85
5.48 5.62 5.69 4.82 3.43 0.00 3.29 4.96 7.37 7.37 8.47 7.37 8.47 11.53 13.94 11.75 13.43 15.11 15.33 16.57 21.53 20.59 16.79 18.32 15.91 15.77 14.45 13.94 11.53 10.15 9.34 9.42 9.86 10.15 11.24 11.24 12.85 13.51 12.34 9.93 9.86 14.02 12.63 9.78 10.07 9.20 6.20 4.53 4.16 3.07 0.00 2.19 1.53 1.97 2.41 0.00 3.58 5.26 5.99 7.37 7.37 8.61 8.54 8.10 9.05 11.17 12.19 14.09 17.52 20.44 23.86 25.39 28.50 31.79 28.49 30.66 24.25 18.96 19.29 15.95 14.71 13.02 10.48 9.22
4.74 6.35 6.79 2.70 0.00 0.00 0.00 0.00 5.33 5.33 5.48 5.55 6.86 8.69 6.57 7.37 8.32 6.86 7.66 8.76 11.61 12.48 11.24 10.44 8.76 11.17 12.26 10.00 8.25 6.86 7.52 7.08 4.31 4.74 4.53 4.53 7.52 6.72 8.54 9.13 8.61 9.56 9.49 9.20 7.59 5.33 4.38 2.99 2.99 1.02 0.00 0.00 3.36 1.10 0.00 0.00 2.34 4.45 5.55 5.55 5.58 5.14 6.53 7.59 9.13 11.24 12.12 12.63 17.75 25.73 27.87 29.20 34.53 34.13 29.76 19.76 17.14 14.72 15.45 12.38 10.16 7.95 6.21 4.09
0.00 4.31 0.00 0.00 0.00 0.00 0.00 2.19 0.00 0.00 0.00 0.00 0.00 5.33 7.15 7.23 7.66 7.74 7.30 6.94 7.30 6.64 4.16 4.16 4.96 6.42 7.37 5.99 4.74 3.14 3.14 0.00 2.92 1.31 2.04 2.04 3.29 4.45 0.00 4.67 4.53 5.99 6.86 6.42 7.81 7.96 7.15 4.23 3.50 0.00 0.00 2.41 0.00 0.00 0.00 0.00 3.94 5.84 6.35 5.69 5.69 5.11 5.99 6.50 7.23 8.32 10.15 11.97 18.91 24.16 29.42 29.12 33.85 29.87 13.46 10.40 12.19 11.62 10.85 11.90 8.42 4.54 3.25 4.21
5.55 3.65 2.19 3.14 2.92 0.00 0.00 0.00 3.50 3.50 0.00 5.18 4.74 4.60 4.31 6.64 6.28 6.42 6.06 5.11 5.40 5.55 5.77 5.77 5.26 2.56 1.24 3.72 4.23 0.00 0.00 2.34 0.00 0.15 0.00 0.00 0.00 0.00 5.18 5.91 5.99 4.89 6.13 7.37 8.69 9.49 9.93 7.88 8.47 7.88 6.94 6.94 6.42 5.18 3.50 4.02 4.89 6.20 5.91 5.18 5.18 5.48 5.69 8.40 10.59 10.88 12.56 16.79 21.61 23.43 25.48 28.13 26.69 21.69 11.60 11.19 12.92 11.48 12.54 12.36 4.87 2.31 1.00 2.81
6.86 4.67 3.21 6.64 5.91 4.45 3.65 5.04 4.31 4.31 2.99 0.00 0.00 3.43 3.36 2.56 3.07 4.53 0.00 3.21 3.36 0.00 4.09 3.65 3.80 2.85 5.18 4.96 0.00 1.90 1.46 0.00 0.00 0.00 0.00 0.00 0.00 4.31 6.64 6.42 5.55 7.15 8.61 10.07 10.44 9.71 9.05 8.47 9.05 8.98 8.69 7.74 6.42 4.23 2.92 3.43 5.18 7.23 7.45 7.52 7.52 9.34 9.34 9.49 12.85 14.16 15.48 19.35 22.56 23.73 25.70 25.07 21.03 15.87 12.80 10.43 11.02 7.99 8.56 6.90 4.31 1.24 0.22 0.15
7.01 3.50 2.92 4.96 5.84 6.35 5.40 3.72 2.99 2.99 0.00 0.00 3.87 5.26 4.16 4.96 3.50 2.56 0.00 0.00 3.36 0.00 0.00 0.00 3.07 4.60 5.69 2.41 2.19 0.00 0.00 0.00 3.80 5.48 5.48 5.48 4.02 3.50 3.80 4.23 5.11 4.31 5.55 6.06 7.45 8.69 9.49 9.71 9.78 7.59 7.74 6.20 3.65 3.50 4.23 4.89 7.37 8.47 9.27 8.61 8.61 8.98 8.25 9.93 13.58 15.18 17.59 18.98 21.83 22.19 24.89 20.73 12.09 8.11 6.67 6.78 5.98 5.40 6.11 4.21 1.39 0.66 0.80 1.25
0.00 0.00 3.65 3.50 3.65 3.65 2.99 2.26 3.72 3.72 2.63 0.00 0.00 4.74 4.02 3.94 3.21 1.10 0.00 0.00 0.95 0.00 0.00 0.00 0.88 2.19 4.67 5.04 4.16 3.07 0.00 0.00 0.00 3.29 4.02 4.02 3.14 0.00 0.80 0.95 2.19 2.70 2.41 2.92 3.50 6.06 7.30 8.18 7.23 7.45 6.79 6.35 5.55 6.06 8.18 9.86 9.05 7.08 5.91 6.94 6.94 6.72 7.15 8.91 10.00 10.66 12.48 18.18 22.05 22.56 19.49 12.91 8.27 5.21 5.68 4.37 3.58 2.51 2.52 0.00 0.53 0.00 0.00 0.74
0.00 0.00 3.65 3.50 3.65 3.65 2.99 2.26 3.72 3.72 2.63 0.00 0.00 4.74 4.02 3.94 3.21 1.10 0.00 0.00 0.95 0.00 0.00 0.00 0.88 2.19 4.67 5.04 4.16 3.07 0.00 0.00 0.00 3.29 4.02 4.02 3.14 0.00 0.80 0.95 2.19 2.70 2.41 2.92 3.50 6.06 7.30 8.18 7.23 7.45 6.79 6.35 5.55 6.06 8.18 9.86 9.05 7.08 5.91 6.94 6.94 6.72 7.15 8.91 10.00 10.66 12.48 18.18 22.05 22.56 19.49 12.85 8.14 5.14 5.68 4.57 3.19 2.41 2.46 0.00 0.52 0.00 0.00 0.73
0.00 0.00 0.00 2.04 0.00 3.87 0.00 0.00 0.00 0.00 0.00 0.00 2.26 0.00 0.00 0.00 0.00 0.00 0.00 0.00 0.00 0.00 0.00 1.68 1.68 1.53 1.68 1.68 1.17 1.90 0.00 0.00 0.00 0.00 0.00 0.00 0.00 0.00 0.00 0.00 0.00 1.17 2.48 3.58 4.67 4.89 5.84 6.79 7.23 5.48 4.60 6.35 7.74 7.74 7.74 6.86 4.67 4.38 5.11 5.11 5.11 6.13 6.57 7.37 7.96 8.76 10.15 11.68 13.07 17.59 11.46 6.57 5.48 3.69 3.59 3.12 2.90 2.86 2.03 1.64 1.19 0.00 0.00 0.00
