Wansh/Snow_depth/snowdepth-1985/spring/1985066.txt
ncols 321
nrows 161
xllcenter 60
yllcenter 15 
cellsize  0.25 
NODATA_value -1
[rows 0 to 36 of 161, columns 84 to 167 of 321]
31.17 33.00 29.64 28.32 26.21 24.02 21.17 21.68 24.89 26.35 27.23 27.45 27.01 26.06 24.97 25.99 28.40 28.11 28.11 27.16 26.06 24.31 21.32 15.33 13.65 10.22 6.86 6.64 7.59 8.83 10.73 17.74 18.83 17.37 12.56 14.60 14.67 14.31 14.24 12.19 14.53 12.92 11.75 11.75 11.17 7.74 7.96 9.64 11.97 14.75 20.37 17.74 15.91 14.24 14.82 17.30 16.57 13.21 10.73 7.66 6.13 6.20 6.28 5.77 5.99 7.37 8.40 8.03 8.03 11.10 14.31 15.18 12.12 11.39 11.53 12.99 14.60 15.91 15.84 14.97 13.94 11.46 11.68 11.90
26.94 29.05 30.15 24.24 23.43 20.29 18.54 21.39 23.29 24.16 24.75 21.90 21.90 19.56 18.32 20.00 21.53 23.94 23.94 24.67 26.06 26.72 25.62 19.71 15.62 12.12 8.98 6.28 6.42 7.59 11.97 15.11 15.48 11.75 8.98 8.91 9.71 10.22 12.26 16.35 17.45 19.93 20.29 20.29 17.96 15.18 11.75 10.44 10.80 9.56 8.91 10.29 11.10 10.51 11.32 13.43 13.65 12.56 12.34 11.02 10.22 11.46 9.71 8.91 10.51 9.78 9.71 12.05 12.05 14.09 13.14 13.58 12.70 12.85 14.45 15.99 15.48 15.70 16.94 16.13 16.94 15.18 14.45 13.36
24.60 25.84 26.79 20.66 21.83 23.00 23.65 25.04 25.84 28.47 27.96 26.72 24.38 22.48 14.97 13.87 16.06 19.42 19.42 21.24 23.14 25.62 25.26 24.53 19.27 15.70 12.41 7.88 8.69 7.59 7.59 9.42 12.41 14.60 13.80 11.46 8.83 10.80 11.90 12.48 12.12 13.51 17.08 17.08 19.78 20.37 19.56 14.45 10.44 8.54 6.64 5.84 6.50 7.81 10.15 10.51 11.24 14.97 17.59 17.16 17.52 18.25 18.76 17.52 17.59 17.23 17.59 17.96 17.96 16.57 12.99 12.26 13.51 16.21 16.86 17.37 17.59 18.61 19.20 19.56 19.71 19.27 18.03 17.23
24.60 25.84 26.79 20.66 21.83 23.00 23.65 25.04 25.84 28.47 27.96 26.72 24.38 22.48 14.97 13.87 16.06 19.42 19.42 21.24 23.14 25.62 25.26 24.53 19.27 15.70 12.41 7.88 8.69 7.59 7.59 9.42 12.41 14.60 13.80 11.46 8.83 10.80 11.90 12.48 12.12 13.51 17.08 17.08 19.78 20.37 19.56 14.45 10.44 8.54 6.64 5.84 6.50 7.81 10.15 10.51 11.24 14.97 17.59 17.16 17.52 18.25 18.76 17.52 17.59 17.23 17.59 17.96 17.96 16.57 12.99 12.26 13.51 16.21 16.86 17.37 17.59 18.61 19.20 19.56 19.71 19.27 18.03 17.23
21.90 20.51 21.83 23.21 24.31 23.87 22.56 23.36 25.26 28.25 28.54 27.59 26.13 24.89 22.12 19.93 15.77 13.29 13.29 13.14 14.89 17.89 25.04 26.72 25.55 19.78 14.53 10.22 8.98 9.20 7.81 8.69 9.42 15.33 17.01 13.72 12.12 11.68 10.80 8.98 7.74 8.61 11.10 11.10 14.24 18.47 20.95 20.81 17.52 14.31 11.17 10.00 8.83 7.66 7.01 6.64 7.59 10.73 12.92 14.60 15.62 16.06 17.01 15.99 17.52 21.10 19.49 19.64 19.64 17.08 14.75 14.09 14.82 15.62 16.43 18.54 20.59 19.71 19.56 18.40 16.79 16.06 17.45 17.81
21.83 23.73 23.36 24.60 21.90 18.98 19.20 19.71 21.83 22.85 24.75 27.16 26.72 25.84 27.67 26.86 24.16 20.37 20.37 16.50 13.87 15.11 17.96 23.87 23.65 20.00 15.11 12.34 10.44 6.57 6.35 7.52 9.93 13.65 16.64 12.99 8.69 4.82 4.16 4.96 5.33 5.40 6.50 6.50 9.49 13.94 18.18 20.08 17.52 14.02 10.88 10.29 9.56 8.98 8.54 8.61 9.42 10.59 10.88 12.78 15.70 17.59 20.22 21.02 19.64 17.81 16.86 13.80 13.80 13.36 13.72 14.53 14.89 13.94 13.29 12.63 12.05 12.12 14.75 17.74 18.83 18.18 17.45 16.94
24.31 23.73 23.00 22.92 22.34 22.12 20.88 23.87 23.58 22.85 21.61 22.70 23.29 24.24 24.53 23.29 20.00 20.73 20.73 20.29 22.05 17.59 17.01 18.47 20.08 15.77 11.90 9.20 10.15 9.56 8.69 9.86 13.07 15.11 14.09 11.75 7.45 2.41 0.00 0.00 0.00 3.72 7.30 7.30 10.22 14.31 20.37 21.17 17.30 13.80 11.39 9.64 8.69 8.83 8.98 11.02 14.60 19.42 17.52 16.43 18.83 22.56 25.19 24.89 23.07 21.17 17.01 17.89 17.89 16.57 15.99 18.25 16.94 15.70 16.72 15.48 16.06 11.97 10.80 11.61 15.18 17.37 19.20 20.29
24.31 23.73 23.00 22.92 22.34 22.12 20.88 23.87 23.58 22.85 21.61 22.70 23.29 24.24 24.53 23.29 20.00 20.73 20.73 20.29 22.05 17.59 17.01 18.47 20.08 15.77 11.90 9.20 10.15 9.56 8.69 9.86 13.07 15.11 14.09 11.75 7.45 2.41 0.00 0.00 0.00 3.72 7.30 7.30 10.22 14.31 20.37 21.17 17.30 13.80 11.39 9.64 8.69 8.83 8.98 11.02 14.60 19.42 17.52 16.43 18.83 22.56 25.19 24.89 23.07 21.17 17.01 17.89 17.89 16.57 15.99 18.25 16.94 15.70 16.72 15.48 16.06 11.97 10.80 11.61 15.18 17.37 19.20 20.29
20.95 20.29 18.76 22.19 21.39 21.17 21.24 20.44 19.42 17.45 16.86 18.69 19.71 22.34 24.89 22.92 19.56 18.54 18.54 18.54 23.07 23.21 23.65 17.23 16.28 14.09 13.29 12.78 13.21 13.87 11.32 10.07 10.22 13.80 14.89 10.88 6.79 5.18 4.67 4.38 4.74 6.50 10.44 10.44 11.83 12.05 13.43 13.51 11.83 10.00 9.56 9.42 8.76 8.47 9.56 10.88 12.48 14.60 14.67 15.55 18.61 20.73 22.78 22.85 25.92 23.36 21.17 19.05 19.05 17.67 17.59 19.20 17.16 16.79 15.91 14.89 14.82 14.45 13.87 12.85 12.41 13.21 14.67 17.89
18.54 17.37 18.03 19.93 19.20 19.49 18.18 16.72 15.70 15.33 17.23 20.44 18.98 19.78 19.78 20.66 20.59 19.49 19.49 21.61 24.89 24.02 20.73 14.45 11.61 11.90 13.36 14.60 14.02 12.41 10.80 10.66 12.70 17.37 15.99 12.70 11.46 10.80 9.86 8.47 7.81 8.18 8.98 8.98 9.42 9.56 9.34 11.17 12.70 13.14 15.70 17.81 17.23 15.04 13.65 14.60 13.94 12.34 12.41 13.43 16.21 16.35 15.99 16.86 19.71 17.16 15.62 14.53 14.53 13.21 14.60 17.59 17.67 15.18 12.70 13.07 16.79 19.42 18.18 16.50 13.94 10.15 11.02 11.61
18.10 18.25 17.89 17.23 15.26 13.14 12.41 12.48 13.51 14.45 16.28 16.72 17.59 17.30 15.33 16.57 17.59 19.71 19.71 24.16 22.19 23.14 15.91 13.21 11.53 12.12 11.61 13.58 10.66 12.05 10.80 10.00 11.39 12.34 11.75 11.75 12.34 11.17 9.49 9.56 10.29 10.44 10.95 10.95 10.29 9.20 10.37 13.14 15.84 14.38 17.16 19.56 17.81 15.26 13.58 15.33 17.01 15.77 14.75 14.97 15.99 16.57 15.18 15.40 18.98 20.29 23.29 23.36 23.36 22.05 19.49 19.56 21.02 18.10 14.82 16.13 17.96 19.05 17.81 14.97 15.84 16.35 15.26 12.26
18.10 18.25 17.89 17.23 15.26 13.14 12.41 12.48 13.51 14.45 16.28 16.72 17.59 17.30 15.33 16.57 17.59 19.71 19.71 24.16 22.19 23.14 15.91 13.21 11.53 12.12 11.61 13.58 10.66 12.05 10.80 10.00 11.39 12.34 11.75 11.75 12.34 11.17 9.49 9.56 10.29 10.44 10.95 10.95 10.29 9.20 10.37 13.14 15.84 14.38 17.16 19.56 17.81 15.26 13.58 15.33 17.01 15.77 14.75 14.97 15.99 16.57 15.18 15.40 18.98 20.29 23.29 23.36 23.36 22.05 19.49 19.56 21.02 18.10 14.82 16.13 17.96 19.05 17.81 14.97 15.84 16.35 15.26 12.26
18.03 18.61 16.50 14.24 12.34 11.75 11.10 11.17 11.53 12.26 12.92 12.63 13.43 16.64 18.03 19.56 21.17 24.67 24.67 25.33 25.26 20.95 14.67 14.38 13.51 12.41 11.68 10.95 11.83 11.75 11.53 11.46 11.75 11.90 11.61 16.21 16.79 15.04 12.92 15.04 17.01 14.67 12.41 12.41 11.32 9.71 11.32 13.43 15.84 19.27 20.81 19.20 18.10 15.55 16.13 18.10 21.32 24.31 22.56 18.98 17.01 15.33 14.82 15.33 16.35 18.18 19.64 21.90 21.90 23.00 21.97 21.46 20.95 19.86 20.44 19.05 16.94 17.89 18.91 17.23 16.72 18.40 20.15 20.88
18.54 17.01 13.36 10.00 8.18 9.56 11.39 13.65 15.11 16.35 16.94 20.08 23.58 26.50 28.03 27.59 27.74 24.16 24.16 23.00 20.95 17.74 16.28 16.21 12.78 11.75 11.68 12.92 13.94 16.72 17.89 18.83 18.54 17.30 17.67 22.34 22.19 21.02 17.01 14.89 14.67 13.43 12.78 12.78 11.39 12.92 15.84 18.47 19.78 19.93 18.76 17.16 16.43 16.50 17.16 18.83 20.37 20.51 19.13 18.69 22.12 19.20 22.63 21.53 19.78 20.95 21.75 23.21 23.21 23.73 23.58 23.87 24.89 24.97 23.07 19.93 17.16 17.81 20.22 18.76 14.67 13.58 13.65 13.29
17.16 15.99 14.89 12.12 11.02 12.34 15.18 18.69 20.44 20.95 20.95 21.61 24.31 25.40 25.55 24.24 19.05 18.40 18.40 16.43 15.04 17.81 18.61 16.21 14.09 15.04 16.28 18.54 20.22 21.53 23.43 23.65 21.24 19.49 18.54 15.99 15.18 14.09 13.58 12.41 13.36 16.94 17.16 17.16 16.28 17.45 20.44 21.53 23.87 25.19 22.05 19.13 20.88 23.21 24.89 27.08 29.27 25.19 17.16 15.11 18.10 20.00 17.52 20.95 21.61 20.51 19.64 19.64 19.64 22.19 22.63 23.14 20.88 18.40 19.05 17.96 9.49 0.00 7.66 16.86 19.71 16.94 16.57 18.47
14.97 16.06 16.86 17.45 15.55 12.78 13.72 16.21 18.25 17.37 18.03 18.76 19.35 18.91 18.83 19.56 20.73 21.83 21.83 18.61 13.72 16.50 22.41 18.76 18.03 16.13 14.09 17.16 21.75 23.21 26.57 23.14 19.49 16.79 14.67 11.83 8.03 9.56 12.92 14.53 14.89 16.79 16.94 16.94 16.43 16.79 15.99 15.26 15.62 19.05 18.61 15.18 17.08 20.08 22.19 23.00 22.27 19.78 15.04 11.32 12.19 12.70 11.32 14.09 17.45 20.73 21.90 21.97 21.97 23.29 26.21 23.29 17.67 17.37 21.75 19.13 9.86 0.00 0.00 21.17 24.60 20.81 24.16 27.16
14.97 16.06 16.86 17.45 15.55 12.78 13.72 16.21 18.25 17.37 18.03 18.76 19.35 18.91 18.83 19.56 20.73 21.83 21.83 18.61 13.72 16.50 22.41 18.76 18.03 16.13 14.09 17.16 21.75 23.21 26.57 23.14 19.49 16.79 14.67 11.83 8.03 9.56 12.92 14.53 14.89 16.79 16.94 16.94 16.43 16.79 15.99 15.26 15.62 19.05 18.61 15.18 17.08 20.08 22.19 23.00 22.27 19.78 15.04 11.32 12.19 12.70 11.32 14.09 17.45 20.73 21.90 21.97 21.97 23.29 26.21 23.29 17.67 17.37 21.75 19.13 9.86 0.00 0.00 21.17 24.60 20.81 24.16 27.16
14.67 13.80 14.75 16.35 17.59 14.16 8.69 9.05 10.37 9.34 11.10 14.16 17.37 17.52 15.99 17.89 19.86 16.21 16.21 14.16 11.46 10.73 14.53 17.52 19.27 17.45 15.84 15.04 15.70 18.98 21.90 22.78 20.29 15.91 8.69 4.31 6.94 9.71 12.78 15.04 14.60 15.40 14.89 14.89 15.40 15.40 14.53 14.45 15.18 16.50 17.37 17.08 19.05 19.93 18.91 18.32 17.67 16.94 13.58 11.97 17.81 17.59 15.77 14.89 18.10 19.56 20.51 23.94 23.94 26.28 23.29 18.47 18.32 21.02 23.21 20.59 10.73 0.00 15.04 19.13 20.08 14.89 15.91 17.74
19.42 18.91 18.40 18.91 19.93 17.45 12.34 9.93 10.15 11.97 14.24 16.94 21.97 24.09 23.43 21.61 21.83 18.47 18.47 18.10 13.36 9.56 10.29 16.79 17.37 19.49 18.61 17.96 19.56 20.95 23.00 26.35 26.35 22.92 17.74 12.19 11.17 12.26 13.07 14.53 14.24 13.80 11.90 11.90 12.56 13.65 14.02 13.65 11.24 11.53 10.59 11.02 15.11 18.18 19.05 18.98 17.81 18.25 16.72 24.24 24.75 23.43 20.73 18.18 18.25 19.27 22.56 26.28 26.28 28.32 25.92 20.29 18.76 19.71 16.72 11.10 9.71 10.22 13.14 11.97 10.95 13.51 16.50 16.21
13.29 13.94 15.55 16.35 19.93 21.46 19.05 15.40 13.65 14.38 16.50 16.72 17.67 18.69 19.20 17.45 21.17 25.04 25.04 25.04 21.61 16.13 12.70 13.43 17.89 19.27 19.42 18.54 17.37 18.61 22.48 23.58 22.12 17.89 15.91 12.05 8.83 8.47 8.18 7.81 9.05 10.95 13.94 13.94 18.98 18.61 15.84 16.06 14.53 15.33 13.14 14.02 16.28 17.81 20.08 19.93 22.12 23.58 22.19 30.59 31.83 31.32 28.25 25.48 22.85 22.48 28.25 29.35 29.35 22.41 16.43 14.97 13.87 15.11 15.40 10.44 10.22 12.99 11.32 11.10 11.90 13.58 14.60 15.62
13.65 14.02 15.48 14.24 14.31 17.16 19.13 18.76 15.84 13.36 14.38 15.26 12.63 11.46 13.21 12.78 16.13 19.42 19.42 18.61 18.91 18.25 18.32 17.08 19.42 20.15 18.61 14.97 11.68 12.41 14.89 18.69 20.66 17.52 10.73 6.28 4.45 5.40 7.23 7.74 9.42 11.17 15.11 15.11 22.56 28.47 26.06 23.73 23.87 21.32 18.10 19.05 18.54 17.67 21.39 25.11 23.73 22.12 24.75 29.42 31.76 32.41 33.00 31.54 30.44 28.62 28.62 25.77 25.77 16.72 10.00 9.56 13.07 8.61 5.33 5.26 5.18 7.01 7.45 8.47 9.56 9.93 12.19 15.04
14.31 14.97 15.84 15.77 15.48 17.45 21.39 25.55 29.20 29.13 29.27 30.59 30.81 28.11 21.97 17.45 19.20 20.00 20.00 21.61 22.70 21.61 23.21 24.38 27.59 27.96 26.13 22.27 17.67 13.58 11.32 13.94 16.79 14.38 6.94 2.70 0.00 0.00 7.37 15.18 16.72 10.80 10.66 10.66 15.11 17.52 18.83 18.76 18.69 17.81 21.83 22.78 22.27 25.62 31.32 31.68 25.77 21.46 21.97 27.16 30.73 31.83 33.65 33.29 30.88 30.66 30.51 26.94 26.94 17.96 10.59 6.94 6.50 5.33 3.87 3.72 4.67 5.40 5.33 3.21 4.09 6.06 6.50 9.20
14.31 14.97 15.84 15.77 15.48 17.45 21.39 25.55 29.20 29.13 29.27 30.59 30.81 28.11 21.97 17.45 19.20 20.00 20.00 21.61 22.70 21.61 23.21 24.38 27.59 27.96 26.13 22.27 17.67 13.58 11.32 13.94 16.79 14.38 6.94 2.70 0.00 0.00 7.37 15.18 16.72 10.80 10.66 10.66 15.11 17.52 18.83 18.76 18.69 17.81 21.83 22.78 22.27 25.62 31.32 31.68 25.77 21.46 21.97 27.16 30.73 31.83 33.65 33.29 30.88 30.66 30.51 26.94 26.94 17.96 10.59 6.94 6.50 5.33 3.87 3.72 4.67 5.40 5.33 3.21 4.09 6.06 6.50 9.20
12.34 13.36 13.51 14.82 15.77 18.61 21.61 23.80 24.97 26.28 26.94 26.50 26.65 27.30 28.18 27.89 32.12 27.89 27.89 27.67 27.52 26.94 27.30 28.18 30.30 28.32 26.21 22.34 17.74 14.82 11.53 12.19 11.68 8.69 5.62 3.29 0.00 0.00 0.00 6.06 8.76 8.03 7.08 7.08 7.37 6.57 6.06 5.99 6.72 8.32 11.46 12.78 14.38 22.12 25.26 26.35 22.70 20.73 23.87 27.08 27.96 29.27 32.85 33.87 33.00 30.22 27.23 27.59 27.59 26.50 24.89 16.57 12.34 9.34 7.45 6.20 5.69 4.67 2.48 2.92 4.02 3.94 2.99 3.43
12.92 13.14 14.89 17.74 19.64 22.85 28.47 31.03 30.73 27.96 25.04 21.46 20.95 25.33 25.33 26.28 25.04 27.59 27.59 25.26 25.55 26.57 24.53 24.06 23.55 25.09 21.83 20.88 16.57 11.75 10.51 8.47 4.74 0.00 3.29 0.00 0.00 0.00 2.99 2.34 0.00 0.00 3.50 3.50 4.96 4.74 4.74 5.33 3.43 4.02 5.99 6.64 8.18 10.15 13.80 17.74 11.90 16.50 21.53 21.97 21.90 24.60 27.81 29.93 31.32 30.66 28.54 29.64 29.64 32.12 30.00 24.67 19.49 14.82 10.95 6.64 4.38 3.21 3.80 4.96 5.48 4.67 4.89 3.94
16.72 19.05 20.66 21.02 24.53 27.96 31.39 33.58 33.29 30.00 29.05 28.69 25.70 22.63 25.19 27.23 28.32 33.94 33.94 31.68 32.27 32.70 30.37 31.36 34.30 23.99 23.50 27.17 27.30 22.34 15.99 10.15 6.28 3.50 0.00 0.00 3.58 4.74 5.62 4.67 0.00 0.00 3.72 3.72 6.20 5.99 5.26 4.45 0.00 0.00 0.00 3.29 5.18 6.06 8.69 7.23 6.06 8.83 15.04 19.49 18.54 18.91 20.44 19.71 20.22 23.87 24.97 25.84 25.84 28.03 27.16 23.65 19.42 13.51 10.95 8.18 7.15 8.83 10.15 7.52 4.53 3.87 5.04 4.09
17.59 18.54 20.29 21.53 22.34 22.92 23.29 23.80 25.33 26.57 25.92 21.02 16.06 16.94 21.32 26.79 31.10 34.75 34.75 33.94 31.83 31.35 33.34 32.59 29.96 27.38 27.19 26.91 25.36 23.69 19.71 17.45 12.63 7.01 5.62 5.69 5.04 5.11 4.82 3.72 3.29 0.00 3.29 3.29 4.31 5.33 6.13 5.55 4.74 4.09 4.60 4.31 5.33 4.89 0.00 3.58 3.14 2.99 8.98 16.57 18.76 17.23 17.23 15.99 9.64 15.70 24.97 28.76 28.76 28.54 27.01 24.09 22.78 22.56 22.41 21.83 16.86 11.75 11.90 10.22 4.45 5.48 5.84 5.04
15.99 16.13 16.43 16.28 17.08 16.86 16.64 16.06 14.53 13.80 13.87 14.75 10.22 14.45 18.76 20.51 26.65 24.16 24.16 24.31 21.68 24.16 31.76 32.92 34.83 34.89 35.37 34.04 31.17 27.73 26.49 24.67 21.10 15.91 13.36 12.63 7.37 4.82 4.31 2.26 2.26 2.34 0.00 0.00 0.00 0.00 0.00 3.72 0.00 0.00 0.00 4.23 4.09 0.00 4.16 3.87 3.80 0.00 8.69 14.67 18.40 20.29 24.09 21.61 19.93 21.24 25.99 29.20 29.20 27.81 28.32 25.55 25.92 27.01 25.55 22.12 16.28 10.95 11.10 8.76 6.72 7.30 6.28 7.74
15.99 16.13 16.43 16.28 17.08 16.86 16.64 16.06 14.53 13.80 13.87 14.75 10.22 14.45 18.76 20.51 26.65 24.16 24.28 25.10 22.01 25.87 30.96 33.77 34.31 34.89 34.31 31.63 29.13 28.15 26.75 25.70 23.70 16.84 13.70 12.63 7.37 4.82 4.31 2.26 2.26 2.34 0.00 0.00 0.00 0.00 0.00 3.72 0.00 0.00 0.00 4.23 4.09 0.00 4.16 3.87 3.80 0.00 8.69 14.67 18.40 20.29 24.09 21.61 19.93 21.24 25.99 29.20 29.20 27.81 28.32 25.55 25.92 27.01 25.55 22.12 16.28 10.95 11.10 8.76 6.72 7.30 6.28 7.74
17.08 17.16 16.50 15.84 16.13 17.81 18.18 17.89 15.55 12.92 7.96 5.69 9.34 15.99 23.00 25.70 29.57 26.06 26.06 21.75 18.32 14.09 13.94 19.27 25.38 28.17 35.03 38.96 37.60 34.04 28.76 24.43 29.96 30.74 23.86 20.05 13.72 8.47 6.42 2.99 0.00 0.00 3.14 3.14 0.00 0.00 6.28 6.35 5.48 0.00 5.04 0.00 0.00 0.00 2.19 0.00 2.99 4.16 0.00 8.61 11.75 15.91 23.07 31.24 31.54 27.74 28.40 27.23 27.23 23.43 23.43 24.16 25.92 26.86 26.72 22.70 16.79 12.48 11.46 8.18 6.57 4.96 3.80 4.60
17.74 16.72 15.26 14.82 13.72 14.89 19.35 23.51 27.01 25.19 21.53 22.19 21.10 21.90 24.89 31.39 31.03 26.43 26.43 21.57 17.74 13.13 10.95 10.29 11.96 17.05 22.70 29.12 36.28 41.15 40.08 32.56 28.25 29.44 29.04 26.60 19.71 11.45 8.47 4.67 3.58 3.29 3.87 3.87 3.29 2.77 4.16 7.52 10.73 8.54 6.28 0.00 0.00 0.00 0.00 0.00 0.00 4.31 0.00 0.00 3.87 7.15 18.32 28.76 30.59 27.30 26.79 29.49 29.49 27.67 28.98 27.74 26.86 27.01 24.53 18.25 13.87 14.38 11.53 8.83 6.28 0.00 3.94 0.00
20.15 19.27 17.08 16.28 15.18 11.68 12.34 15.40 16.79 17.45 18.18 18.18 21.02 17.96 21.32 20.95 19.71 19.42 19.42 17.01 16.94 11.24 8.91 8.32 8.03 11.24 16.06 19.02 26.50 37.50 42.63 42.49 40.73 36.43 35.50 31.83 30.64 24.60 21.83 19.93 12.48 5.40 1.46 1.46 3.29 0.00 2.70 4.09 5.40 9.71 9.34 7.08 5.91 6.79 4.23 0.00 0.00 0.00 0.00 1.17 0.00 7.66 19.42 23.73 23.43 22.63 25.92 26.28 26.28 22.63 20.66 22.70 25.33 26.50 27.74 22.63 17.45 14.45 11.75 11.46 10.44 8.83 4.67 5.04
28.25 29.42 28.54 26.86 23.94 23.36 26.72 29.42 28.62 21.68 22.63 20.59 18.03 17.67 18.83 18.18 13.80 13.43 13.43 13.72 13.87 12.85 9.71 8.54 8.98 11.75 14.45 20.03 26.50 30.88 33.14 34.67 38.18 39.27 39.57 41.10 38.76 32.15 27.56 23.52 19.42 10.88 5.77 5.77 3.94 3.65 3.50 3.29 3.94 4.23 6.79 5.40 7.01 7.52 6.06 0.00 4.96 6.72 6.42 3.94 0.00 7.30 10.37 14.09 16.72 21.61 27.30 18.18 18.18 12.05 8.03 13.43 23.00 24.97 23.73 23.58 24.31 22.63 16.94 12.70 11.68 11.53 9.34 7.96
18.47 24.02 27.52 28.18 26.86 28.84 30.51 31.46 33.33 34.97 32.56 29.78 21.46 17.96 14.89 9.34 6.06 6.35 6.35 6.72 8.32 7.23 6.57 5.48 9.49 13.07 15.48 17.25 18.91 20.15 22.27 26.57 31.39 35.99 39.20 39.13 39.71 36.35 32.68 27.33 21.28 19.20 14.31 14.31 8.03 7.52 5.04 4.53 3.87 4.53 3.21 4.67 5.18 7.81 6.13 4.89 6.72 9.86 9.49 8.25 7.59 6.06 5.55 5.26 6.28 9.78 10.15 7.74 7.74 7.37 9.93 13.51 16.13 18.32 19.64 23.94 27.01 25.92 19.71 14.60 10.95 7.37 9.05 8.69
6.79 7.45 10.88 17.89 24.75 28.69 29.05 24.97 19.47 17.45 24.02 22.19 15.18 12.05 5.77 0.00 0.00 0.00 0.00 5.26 5.40 4.89 3.65 4.67 8.98 12.70 14.31 16.72 19.19 18.23 19.29 18.19 19.27 22.92 24.82 24.09 28.98 32.89 31.39 29.57 23.23 22.78 21.68 21.68 20.15 17.96 15.84 12.26 7.30 2.56 7.23 4.31 4.23 3.58 3.80 3.65 5.55 6.50 7.81 8.76 6.13 4.82 5.11 0.00 0.00 4.67 4.09 5.04 5.04 10.15 13.21 11.68 9.20 7.81 11.53 11.83 10.73 15.26 17.89 18.98 15.33 10.15 7.74 6.28
6.79 7.45 10.88 17.89 24.75 28.69 29.05 24.97 18.98 17.45 24.02 22.19 15.18 12.05 5.77 0.00 0.00 0.00 0.00 5.26 5.40 4.89 3.65 4.67 8.98 12.70 14.31 16.72 18.91 17.59 18.61 18.10 18.69 22.92 24.94 24.21 28.98 32.72 31.71 29.57 23.00 22.78 21.68 21.68 20.15 17.96 15.84 12.26 7.30 2.56 7.23 4.31 4.23 3.58 3.80 3.65 5.55 6.50 7.81 8.76 6.13 4.82 5.11 0.00 0.00 4.67 4.09 5.04 5.04 10.15 13.21 11.68 9.20 7.81 11.53 11.83 10.73 15.26 17.89 18.98 15.33 10.15 7.74 6.28
8.54 0.00 0.00 7.37 22.34 30.88 29.42 25.49 18.38 18.91 15.62 14.02 11.90 7.15 4.16 2.92 2.56 3.72 3.72 4.31 4.82 4.74 0.00 3.36 8.47 15.40 18.25 19.78 19.64 17.23 15.33 15.99 16.72 16.06 15.11 14.38 15.84 20.66 21.57 20.37 15.48 14.53 18.03 18.03 22.63 24.53 24.45 25.19 19.64 12.34 6.86 4.67 2.77 0.00 0.00 4.31 0.00 6.13 7.15 7.52 7.23 5.18 5.69 4.60 2.99 2.77 2.63 3.21 3.21 4.45 6.28 0.00 0.00 4.60 6.28 6.28 6.13 7.88 10.44 13.29 14.09 9.49 4.53 0.00
