Wansh/Snow_depth/snowdepth-1985/spring/1985095.txt
ncols 321
nrows 161
xllcenter 60
yllcenter 15 
cellsize  0.25 
NODATA_value -1
[rows 0 to 36 of 161, columns 84 to 167 of 321]
0.00 0.00 0.00 0.00 0.00 0.00 0.00 0.00 0.00 0.00 0.00 0.00 0.00 0.00 0.00 0.00 0.00 0.00 0.00 0.00 0.00 0.00 0.00 0.00 0.00 0.00 0.00 0.00 0.00 0.00 9.86 11.39 10.22 7.15 3.43 3.07 4.67 0.00 5.33 10.15 12.85 13.72 11.83 11.83 0.00 0.00 0.00 0.00 4.67 6.72 10.66 9.05 6.79 5.84 0.00 0.00 0.00 0.00 0.00 0.00 0.00 0.00 0.00 0.00 0.00 0.00 0.00 0.00 0.00 0.00 0.00 0.00 0.00 0.00 0.00 0.00 0.00 0.00 0.00 0.00 0.00 0.00 0.00 0.00
0.00 0.00 0.00 0.00 0.00 0.00 0.00 0.00 0.00 0.00 0.00 0.00 0.00 0.00 0.00 0.00 0.00 0.00 0.00 0.00 0.00 0.00 0.00 0.00 0.00 0.00 0.00 0.00 0.00 0.00 7.59 10.88 9.56 6.20 0.00 0.00 0.00 0.00 0.00 0.00 0.00 11.83 11.17 11.17 0.00 0.00 0.00 0.00 2.70 4.16 4.31 0.00 3.87 7.23 6.86 6.94 0.00 0.00 0.00 0.00 0.00 0.00 0.00 0.00 0.00 0.00 0.00 0.00 0.00 0.00 0.00 0.00 0.00 0.00 0.00 0.00 0.00 0.00 0.00 0.00 0.00 0.00 0.00 0.00
0.00 0.00 0.00 0.00 0.00 0.00 0.00 0.00 0.00 0.00 0.00 0.00 0.00 0.00 0.00 0.00 0.00 0.00 0.00 0.00 0.00 0.00 0.00 0.00 0.00 0.00 0.00 0.00 0.00 0.00 4.89 7.37 8.40 8.83 5.26 0.00 0.00 0.00 0.00 0.00 0.00 0.00 0.00 0.00 0.00 0.00 0.00 0.00 0.00 0.00 0.00 0.00 0.00 0.00 7.74 8.83 9.20 10.29 11.61 11.17 10.88 11.61 12.41 10.29 7.59 6.86 9.05 10.80 10.80 10.44 0.00 0.00 0.00 0.00 0.00 0.00 0.00 0.00 0.00 0.00 0.00 0.00 0.00 0.00
0.00 0.00 0.00 0.00 0.00 0.00 0.00 0.00 0.00 0.00 0.00 0.00 0.00 0.00 0.00 0.00 0.00 0.00 0.00 0.00 0.00 0.00 0.00 0.00 0.00 0.00 0.00 0.00 0.00 0.00 4.89 7.37 8.40 8.83 5.26 0.00 0.00 0.00 0.00 0.00 0.00 0.00 0.00 0.00 0.00 0.00 0.00 0.00 0.00 0.00 0.00 0.00 0.00 0.00 7.74 8.83 9.20 10.29 11.61 11.17 10.88 11.61 12.41 10.29 7.59 6.86 9.05 10.80 10.80 10.44 0.00 0.00 0.00 0.00 0.00 0.00 0.00 0.00 0.00 0.00 0.00 0.00 0.00 0.00
0.00 0.00 0.00 0.00 0.00 0.00 0.00 0.00 0.00 0.00 0.00 0.00 0.00 0.00 0.00 0.00 0.00 0.00 0.00 0.00 0.00 0.00 0.00 0.00 0.00 0.00 0.00 0.00 0.00 0.00 0.00 5.77 6.79 10.37 14.31 0.00 0.00 0.00 0.00 0.00 0.00 0.00 0.00 0.00 0.00 0.00 0.00 0.00 0.00 0.00 0.00 0.00 0.00 0.00 2.41 3.14 4.23 5.77 8.91 11.39 13.87 14.45 13.80 12.70 12.56 14.45 15.33 14.82 14.82 14.45 12.05 0.00 0.00 0.00 0.00 0.00 0.00 0.00 0.00 0.00 0.00 0.00 0.00 0.00
0.00 0.00 0.00 0.00 0.00 0.00 0.00 0.00 0.00 0.00 0.00 0.00 0.00 0.00 0.00 0.00 0.00 0.00 0.00 0.00 0.00 0.00 0.00 0.00 0.00 0.00 0.00 0.00 0.00 0.00 0.00 0.00 0.00 9.78 10.80 0.00 0.00 0.00 0.00 0.00 0.00 0.00 0.00 0.00 0.00 0.00 0.00 0.00 0.00 0.00 0.00 0.00 0.00 0.00 3.29 0.95 1.53 3.29 5.48 8.32 11.32 13.72 15.77 16.13 15.33 14.45 11.61 10.22 10.22 9.78 10.00 0.00 0.00 0.00 0.00 0.00 0.00 0.00 0.00 0.00 0.00 0.00 0.00 0.00
0.00 0.00 0.00 0.00 0.00 0.00 0.00 0.00 0.00 0.00 0.00 0.00 0.00 0.00 0.00 0.00 0.00 0.00 0.00 0.00 0.00 0.00 0.00 0.00 0.00 0.00 0.00 0.00 0.00 0.00 0.00 0.00 0.00 7.45 7.88 0.00 0.00 0.00 0.00 0.00 0.00 0.00 0.00 0.00 0.00 0.00 0.00 0.00 0.00 0.00 0.00 0.00 0.00 0.00 0.00 8.47 9.20 8.69 10.22 9.42 12.26 17.67 20.00 18.83 18.10 18.03 15.91 13.21 13.21 11.75 11.97 11.97 12.85 11.68 11.75 11.17 10.37 9.42 0.00 0.00 0.00 0.00 0.00 0.00
0.00 0.00 0.00 0.00 0.00 0.00 0.00 0.00 0.00 0.00 0.00 0.00 0.00 0.00 0.00 0.00 0.00 0.00 0.00 0.00 0.00 0.00 0.00 0.00 0.00 0.00 0.00 0.00 0.00 0.00 0.00 0.00 0.00 7.45 7.88 0.00 0.00 0.00 0.00 0.00 0.00 0.00 0.00 0.00 0.00 0.00 0.00 0.00 0.00 0.00 0.00 0.00 0.00 0.00 0.00 8.47 9.20 8.69 10.22 9.42 12.26 17.67 20.00 18.83 18.10 18.03 15.91 13.21 13.21 11.75 11.97 11.97 12.85 11.68 11.75 11.17 10.37 9.42 0.00 0.00 0.00 0.00 0.00 0.00
0.00 0.00 0.00 0.00 0.00 0.00 0.00 0.00 0.00 0.00 0.00 0.00 0.00 0.00 0.00 0.00 0.00 0.00 0.00 0.00 0.00 0.00 0.00 0.00 0.00 0.00 0.00 0.00 0.00 0.00 0.00 0.00 0.00 0.00 0.00 0.00 0.00 0.00 0.00 0.00 0.00 0.00 0.00 0.00 0.00 0.00 0.00 0.00 0.00 0.00 0.00 0.00 0.00 0.00 0.00 4.23 5.11 7.45 8.18 8.98 12.26 14.89 16.86 16.79 17.67 18.83 17.81 16.79 16.79 15.84 15.55 15.40 13.94 13.29 12.05 10.80 9.78 9.71 9.13 8.40 0.00 0.00 0.00 0.00
0.00 0.00 0.00 0.00 0.00 0.00 0.00 0.00 0.00 0.00 0.00 0.00 0.00 0.00 0.00 0.00 0.00 0.00 0.00 0.00 0.00 0.00 0.00 0.00 0.00 0.00 0.00 0.00 0.00 0.00 0.00 0.00 0.00 0.00 0.00 0.00 0.00 0.00 0.00 0.00 0.00 0.00 0.00 0.00 0.00 0.00 0.00 0.00 8.54 8.83 10.37 11.53 10.29 8.18 0.00 0.00 5.91 5.33 5.99 7.52 8.40 8.91 9.93 9.86 11.83 12.85 11.02 10.44 10.44 9.71 10.22 13.72 13.80 11.46 9.56 8.98 12.48 15.48 14.75 11.68 8.69 0.00 0.00 0.00
23.36 0.00 0.00 0.00 0.00 0.00 0.00 0.00 0.00 0.00 0.00 0.00 0.00 0.00 0.00 0.00 0.00 0.00 0.00 0.00 0.00 0.00 0.00 0.00 0.00 0.00 0.00 0.00 0.00 0.00 0.00 0.00 0.00 0.00 0.00 0.00 0.00 0.00 0.00 0.00 0.00 7.15 7.66 7.66 0.00 0.00 0.00 8.91 7.30 7.52 8.61 10.44 11.39 9.42 7.88 7.81 7.66 5.04 2.04 0.00 0.00 0.00 8.98 10.88 13.43 15.26 15.48 17.30 17.30 17.74 13.43 10.80 19.20 15.48 8.98 10.51 14.82 15.84 14.38 11.97 9.42 8.98 6.72 5.69
23.36 0.00 0.00 0.00 0.00 0.00 0.00 0.00 0.00 0.00 0.00 0.00 0.00 0.00 0.00 0.00 0.00 0.00 0.00 0.00 0.00 0.00 0.00 0.00 0.00 0.00 0.00 0.00 0.00 0.00 0.00 0.00 0.00 0.00 0.00 0.00 0.00 0.00 0.00 0.00 0.00 7.15 7.66 7.66 0.00 0.00 0.00 8.91 7.30 7.52 8.61 10.44 11.39 9.42 7.88 7.81 7.66 5.04 2.04 0.00 0.00 0.00 8.98 10.88 13.43 15.26 15.48 17.30 17.30 17.74 13.43 10.80 19.20 15.48 8.98 10.51 14.82 15.84 14.38 11.97 9.42 8.98 6.72 5.69
0.00 21.53 19.27 0.00 0.00 0.00 0.00 0.00 0.00 0.00 0.00 0.00 0.00 0.00 0.00 0.00 0.00 0.00 0.00 0.00 0.00 0.00 0.00 0.00 0.00 0.00 0.00 0.00 0.00 0.00 0.00 0.00 5.84 5.69 6.79 9.42 11.39 10.07 9.20 11.02 10.95 10.95 9.20 9.20 6.42 6.64 6.28 5.33 7.81 10.29 18.25 17.16 14.82 12.48 11.39 13.65 17.37 20.08 18.69 12.70 9.20 8.40 8.18 8.25 8.69 8.83 9.78 14.97 14.97 19.35 19.05 19.42 16.72 14.09 15.48 14.82 15.40 16.50 16.43 17.89 17.74 15.18 15.84 13.51
23.00 21.61 0.00 0.00 0.00 0.00 0.00 0.00 0.00 0.00 0.00 0.00 0.00 0.00 0.00 0.00 0.00 0.00 0.00 0.00 0.00 0.00 0.00 0.00 0.00 0.00 0.00 6.57 8.69 11.75 13.65 17.52 15.84 12.99 13.29 17.08 18.32 15.04 12.41 12.48 11.24 7.74 5.77 5.77 4.09 6.28 10.95 12.34 11.90 12.56 13.80 12.70 10.95 9.49 12.05 14.16 14.38 14.02 13.21 13.87 14.24 15.70 16.35 14.24 12.12 12.05 16.28 17.08 17.08 17.96 21.10 22.78 23.14 19.86 18.18 18.25 16.43 16.50 18.10 16.21 13.14 9.64 8.18 7.45
23.94 0.00 0.00 0.00 0.00 0.00 0.00 0.00 0.00 0.00 0.00 0.00 0.00 0.00 0.00 0.00 0.00 0.00 0.00 0.00 0.00 0.00 0.00 0.00 7.37 8.76 7.96 15.70 15.91 17.74 20.88 22.92 17.59 18.18 16.72 12.48 11.24 8.54 8.10 6.28 4.67 4.38 4.67 4.67 5.84 6.64 5.99 7.23 10.29 15.62 14.67 9.49 8.32 14.02 21.83 24.02 20.44 13.65 7.81 6.79 8.03 9.78 12.19 14.67 14.45 14.97 14.09 16.43 16.43 18.69 20.73 21.17 19.05 17.16 17.37 16.94 9.93 3.65 0.00 9.13 12.78 10.44 8.40 9.34
21.75 0.00 0.00 0.00 0.00 0.00 0.00 0.00 0.00 0.00 0.00 0.00 0.00 0.00 0.00 12.26 14.38 0.00 0.00 0.00 10.95 11.32 17.01 17.96 17.59 14.75 10.88 11.39 16.79 19.71 21.32 21.17 14.67 12.34 11.02 5.69 1.97 2.56 1.31 0.00 0.00 0.00 6.35 6.35 8.91 11.61 9.64 8.83 9.20 10.44 10.88 8.47 7.74 12.99 17.96 18.10 0.00 0.00 0.00 0.00 0.00 4.09 1.90 3.94 7.45 14.45 16.64 16.57 16.57 19.13 21.90 19.71 14.09 11.02 17.30 17.89 9.78 0.00 0.00 15.91 26.06 17.23 18.54 22.19
21.75 0.00 0.00 0.00 0.00 0.00 0.00 0.00 0.00 0.00 0.00 0.00 0.00 0.00 0.00 12.26 14.38 0.00 0.00 0.00 10.95 11.32 17.01 17.96 17.59 14.75 10.88 11.39 16.79 19.71 21.32 21.17 14.67 12.34 11.02 5.69 1.97 2.56 1.31 0.00 0.00 0.00 6.35 6.35 8.91 11.61 9.64 8.83 9.20 10.44 10.88 8.47 7.74 12.99 17.96 18.10 0.00 0.00 0.00 0.00 0.00 4.09 1.90 3.94 7.45 14.45 16.64 16.57 16.57 19.13 21.90 19.71 14.09 11.02 17.30 17.89 9.78 0.00 0.00 15.91 26.06 17.23 18.54 22.19
0.00 0.00 0.00 0.00 0.00 0.00 0.00 0.00 0.00 0.00 0.00 0.00 12.70 13.29 10.88 10.44 14.45 11.90 11.90 9.56 7.81 7.81 10.66 13.21 15.62 16.21 9.05 10.07 9.64 14.82 16.86 18.25 17.81 13.87 7.15 3.65 3.72 2.77 5.55 8.61 9.78 11.90 12.70 12.70 16.43 17.89 16.64 15.11 13.21 13.14 16.50 18.54 17.16 15.55 13.72 10.51 6.94 0.00 5.40 6.64 8.98 8.25 6.35 5.62 7.88 12.78 15.48 18.91 18.91 22.63 20.00 15.18 13.80 17.37 19.42 18.47 10.73 0.00 15.26 20.44 13.65 10.88 12.78 17.16
0.00 0.00 0.00 0.00 0.00 0.00 0.00 0.00 0.00 0.00 0.00 11.46 19.64 20.15 17.37 16.86 18.83 16.35 16.35 11.39 9.64 5.69 5.33 12.19 13.94 14.16 15.62 11.68 13.51 14.53 16.13 18.18 21.02 20.81 16.57 12.70 10.88 11.53 12.85 15.62 13.87 14.38 15.40 15.40 18.18 21.02 21.97 24.02 18.98 17.01 17.96 19.71 19.56 20.08 21.61 20.73 14.16 11.97 13.43 15.04 20.00 18.40 16.13 11.61 13.07 11.32 18.18 19.05 19.05 24.75 25.19 18.54 15.62 15.99 14.60 8.98 8.54 9.05 10.88 7.88 5.26 7.74 9.71 10.37
0.00 0.00 0.00 0.00 0.00 0.00 0.00 0.00 0.00 0.00 0.00 0.00 15.40 16.28 14.53 17.08 17.89 19.49 19.49 19.56 17.52 11.97 8.32 8.47 13.94 15.48 15.91 15.99 15.99 14.31 17.45 19.05 16.94 14.67 14.60 11.68 8.47 7.37 6.94 6.35 7.59 14.09 19.27 19.27 27.96 32.63 30.00 30.30 26.94 20.51 19.64 20.66 20.81 22.05 24.31 25.19 24.75 22.19 19.20 19.56 23.94 25.62 22.48 19.71 14.24 17.30 23.87 23.36 23.36 19.93 15.33 11.97 10.07 10.95 12.70 7.74 5.69 9.71 8.32 6.57 6.42 7.52 8.83 7.45
15.91 0.00 0.00 0.00 0.00 0.00 0.00 0.00 0.00 0.00 0.00 0.00 0.00 0.00 10.22 12.70 15.62 17.30 17.30 17.30 17.08 15.91 17.08 13.80 15.33 19.49 16.72 12.12 5.77 7.08 8.47 17.01 21.24 17.89 9.78 3.14 3.29 7.01 7.15 7.37 8.69 12.63 19.49 19.49 28.18 33.94 32.92 31.46 31.46 30.00 30.44 28.76 27.08 25.04 26.50 30.22 28.62 23.36 23.21 24.89 26.35 26.79 26.21 23.80 25.11 25.48 23.80 18.61 18.61 12.26 6.50 6.79 9.27 6.20 2.26 1.53 1.17 3.50 4.16 5.48 0.00 0.00 0.00 0.00
15.04 0.00 0.00 0.00 0.00 0.00 0.00 0.00 0.00 0.00 0.00 0.00 0.00 0.00 0.00 15.26 19.27 20.44 20.44 21.02 21.97 21.68 23.51 20.22 23.43 23.94 22.78 20.29 14.82 11.24 11.02 15.77 19.56 16.50 9.05 4.96 1.17 0.00 6.42 14.97 17.16 9.20 10.95 10.95 17.08 17.23 18.83 19.49 19.05 17.45 21.39 25.11 26.86 29.13 32.12 31.76 28.76 23.73 23.36 25.99 26.65 29.64 30.73 27.01 30.00 29.20 26.72 20.37 20.37 11.32 7.37 3.94 1.83 0.00 0.95 0.00 0.00 0.00 0.00 0.00 0.00 0.00 0.00 0.00
15.04 0.00 0.00 0.00 0.00 0.00 0.00 0.00 0.00 0.00 0.00 0.00 0.00 0.00 0.00 15.26 19.27 20.44 20.44 21.02 21.97 21.68 23.51 20.22 23.43 23.94 22.78 20.29 14.82 11.24 11.02 15.77 19.56 16.50 9.05 4.96 1.17 0.00 6.42 14.97 17.16 9.20 10.95 10.95 17.08 17.23 18.83 19.49 19.05 17.45 21.39 25.11 26.86 29.13 32.12 31.76 28.76 23.73 23.36 25.99 26.65 29.64 30.73 27.01 30.00 29.20 26.72 20.37 20.37 11.32 7.37 3.94 1.83 0.00 0.95 0.00 0.00 0.00 0.00 0.00 0.00 0.00 0.00 0.00
0.00 0.00 0.00 0.00 0.00 0.00 0.00 0.00 0.00 0.00 0.00 0.00 0.00 0.00 0.00 0.00 22.63 24.75 24.75 23.43 24.31 22.34 23.14 24.97 27.23 25.40 25.55 21.90 16.94 12.99 9.64 11.68 13.07 9.71 5.91 4.09 2.48 0.00 0.00 5.40 8.03 4.96 3.29 3.29 4.16 3.58 3.65 5.84 6.86 7.81 9.20 10.00 12.05 17.01 20.00 20.59 21.68 20.37 18.47 23.14 24.53 26.94 29.86 33.22 28.69 25.11 22.63 25.70 25.70 27.89 22.05 13.80 8.10 4.23 3.21 2.34 2.63 0.00 0.00 0.00 0.00 0.00 0.00 0.00
11.61 12.48 13.43 14.38 0.00 0.00 0.00 0.00 0.00 0.00 0.00 0.00 0.00 0.00 0.00 22.85 24.24 25.19 25.19 24.60 24.24 26.86 22.48 23.61 20.69 20.17 19.61 20.22 16.06 10.37 8.32 7.15 4.45 2.85 2.63 0.00 0.00 0.00 3.07 0.00 0.00 0.00 0.00 0.00 0.00 0.00 2.70 0.00 5.33 9.49 8.76 1.24 1.53 3.65 3.50 4.16 4.38 5.40 13.87 19.20 20.44 22.63 35.77 34.09 31.24 29.35 26.94 27.89 27.89 29.27 28.54 22.63 17.67 15.11 6.50 3.43 1.83 0.00 0.00 0.00 0.00 0.00 0.00 0.00
20.15 19.20 18.61 19.05 18.54 0.00 0.00 0.00 0.00 0.00 0.00 0.00 0.00 21.32 23.36 27.81 31.39 36.28 36.28 38.33 34.24 32.70 34.97 27.89 27.99 24.43 22.80 27.85 30.15 20.73 14.53 10.22 5.77 1.97 0.00 0.00 3.21 4.53 5.40 0.00 0.00 0.00 0.00 0.00 0.00 0.00 0.00 0.00 0.00 0.00 0.00 0.00 0.00 0.00 0.00 0.00 0.00 0.00 9.71 17.16 17.89 18.83 34.53 34.09 29.93 27.08 26.57 24.67 24.67 25.62 25.48 23.00 17.16 10.37 5.26 3.94 4.23 3.43 3.14 4.53 0.00 0.00 0.00 0.00
24.75 23.87 21.53 20.88 19.20 19.71 0.00 0.00 0.00 0.00 31.10 25.40 16.50 10.22 15.70 26.13 32.49 37.08 37.08 35.11 20.59 27.05 31.91 30.63 28.97 27.08 29.51 24.92 23.86 20.48 17.67 16.21 10.51 5.55 4.23 5.04 5.69 4.89 4.60 5.69 0.00 0.00 0.00 0.00 0.00 0.00 0.00 0.00 0.00 0.00 0.00 0.00 0.00 0.00 0.00 0.00 0.00 0.00 0.00 11.32 18.40 25.48 30.00 30.00 29.86 29.20 24.45 24.60 24.60 23.73 23.43 22.41 19.42 15.70 14.09 13.94 12.99 9.05 10.15 8.47 0.00 0.00 0.00 0.00
22.12 22.56 20.95 17.30 17.67 19.71 20.59 20.08 23.73 25.26 21.61 18.18 15.11 12.34 14.53 18.61 23.21 23.21 23.21 17.73 0.00 0.00 19.87 23.21 27.50 31.24 32.74 30.47 32.75 28.54 25.46 25.77 22.19 16.50 13.87 11.02 6.72 5.69 4.89 2.99 1.53 0.00 0.00 0.00 0.00 0.00 0.00 0.00 0.00 0.00 0.00 0.00 0.00 0.00 0.00 0.00 0.00 0.00 0.00 8.10 14.67 16.79 20.73 20.22 22.34 26.65 24.38 27.52 27.52 26.43 23.00 21.61 24.31 18.54 20.00 17.89 14.09 6.86 8.18 0.00 0.00 0.00 0.00 0.00
22.12 22.56 20.95 17.30 17.67 19.71 20.59 20.08 23.73 25.26 21.61 18.18 15.11 12.34 14.53 18.61 23.21 23.21 23.33 18.31 0.00 0.00 19.37 23.81 27.08 31.24 31.76 28.32 30.60 28.98 25.72 26.84 24.93 17.46 14.23 11.02 6.72 5.69 4.89 2.99 1.53 0.00 0.00 0.00 0.00 0.00 0.00 0.00 0.00 0.00 0.00 0.00 0.00 0.00 0.00 0.00 0.00 0.00 0.00 8.10 14.67 16.79 20.73 20.22 22.34 26.65 24.38 27.52 27.52 26.43 23.00 21.61 24.31 18.54 20.00 17.89 14.09 6.86 8.18 0.00 0.00 0.00 0.00 0.00
18.69 20.08 19.71 18.25 20.73 24.16 22.05 22.12 22.27 22.27 18.76 13.65 13.58 15.33 19.35 22.85 24.67 22.27 22.27 0.00 0.00 0.00 0.00 4.22 8.69 16.22 26.10 30.23 30.88 30.23 27.21 25.04 27.84 31.33 23.78 16.95 10.47 6.35 6.06 4.02 0.88 0.00 0.00 0.00 0.00 0.00 0.00 0.00 0.00 0.00 0.00 0.00 0.00 0.00 0.00 0.00 0.00 0.00 0.00 0.00 12.05 15.04 23.07 31.46 12.85 15.33 26.13 27.74 27.74 23.36 21.83 22.78 25.40 26.28 25.48 22.19 16.06 11.39 10.07 0.00 0.00 0.00 0.00 0.00
20.44 18.32 17.08 16.35 14.02 13.94 21.10 26.57 28.84 28.40 26.28 20.81 18.25 19.20 22.63 25.40 26.21 25.55 25.55 0.00 0.00 0.00 0.00 0.00 0.00 0.00 0.00 9.46 18.03 28.68 30.73 27.08 25.40 29.28 29.04 29.83 20.83 11.59 8.10 6.50 4.31 0.00 0.00 0.00 2.19 0.00 0.07 1.02 0.00 0.00 0.00 0.00 0.00 0.00 0.00 0.00 0.00 0.00 0.00 0.00 0.00 6.28 14.75 28.47 30.22 23.21 23.36 29.27 29.27 25.04 26.65 27.08 26.50 28.32 26.06 20.15 13.58 12.85 8.69 4.74 2.12 1.24 1.24 0.88
24.31 22.34 19.93 19.05 16.57 14.02 15.04 18.61 19.56 20.66 20.66 17.67 15.04 14.02 16.72 19.71 20.88 22.48 22.48 8.91 0.00 0.00 0.00 0.00 0.00 0.00 0.00 0.00 2.39 11.53 18.32 25.40 29.71 31.54 30.66 29.50 29.04 23.14 19.42 19.05 14.75 6.20 2.63 2.63 0.00 0.00 0.00 0.00 0.00 0.00 0.00 0.00 0.00 0.00 0.00 0.00 0.00 0.00 0.00 0.00 0.00 8.32 17.01 22.78 23.87 20.00 23.87 28.47 28.47 22.34 16.21 15.99 18.40 29.35 26.21 24.02 17.89 15.91 11.46 10.00 6.50 4.16 2.70 2.04
31.54 33.00 33.80 30.88 29.05 28.18 29.49 30.59 34.60 27.52 19.35 13.58 11.46 12.70 17.08 16.72 13.94 6.86 6.86 9.34 5.91 0.00 0.00 0.00 0.00 0.00 0.00 0.00 0.00 0.00 7.74 13.94 16.79 20.73 28.98 33.07 31.20 29.43 24.66 19.61 16.94 11.17 5.26 5.26 2.77 2.77 0.00 0.00 0.00 0.00 0.00 0.00 0.00 0.00 0.00 0.00 0.00 0.00 0.00 0.00 0.00 4.89 10.37 13.43 15.04 21.02 25.11 19.13 19.13 12.48 8.40 12.12 19.64 27.30 25.55 23.73 25.55 27.59 25.11 15.33 10.95 6.50 7.81 6.06
25.92 30.88 35.04 30.59 25.19 24.53 23.94 21.02 26.25 31.68 33.14 24.60 17.74 18.40 13.87 8.54 4.16 0.00 0.00 0.00 0.00 0.00 0.00 0.00 0.00 0.00 0.00 0.00 0.00 0.00 0.00 0.00 10.29 15.99 23.73 28.32 30.15 28.11 28.76 24.93 16.43 17.01 12.26 12.26 6.50 5.04 5.77 4.53 3.65 4.45 3.43 1.24 0.00 0.00 0.00 0.00 0.00 8.83 6.79 6.94 3.21 0.00 0.00 0.00 4.67 8.98 11.24 5.18 5.18 2.77 2.34 5.40 10.29 15.40 18.61 22.27 27.08 27.01 21.17 14.24 10.51 6.94 5.55 6.64
9.71 12.48 18.91 22.85 18.54 16.86 12.92 9.64 8.54 11.97 21.10 20.44 15.04 11.68 6.13 3.14 0.00 0.00 0.00 0.00 0.00 0.00 0.00 0.00 0.00 0.00 0.00 0.00 0.00 0.00 0.00 0.00 0.00 0.00 6.28 9.78 14.97 17.99 20.88 22.78 18.07 18.03 17.74 17.74 13.58 13.14 11.53 8.54 3.80 0.00 4.89 0.00 0.00 0.00 0.00 0.00 0.00 3.29 4.67 5.40 2.34 1.61 0.00 0.00 0.00 0.00 0.00 0.00 0.00 0.00 4.23 3.65 2.70 5.18 9.49 8.10 6.72 10.66 10.22 11.10 10.88 8.83 7.01 7.01
9.71 12.48 18.91 22.85 18.54 16.86 12.92 9.64 8.32 11.97 21.10 20.44 15.04 11.68 6.13 3.14 0.00 0.00 0.00 0.00 0.00 0.00 0.00 0.00 0.00 0.00 0.00 0.00 0.00 0.00 0.00 0.00 0.00 0.00 6.31 9.83 14.97 17.90 21.09 22.78 17.89 18.03 17.74 17.74 13.58 13.14 11.53 8.54 3.80 0.00 4.89 0.00 0.00 0.00 0.00 0.00 0.00 3.29 4.67 5.40 2.34 1.61 0.00 0.00 0.00 0.00 0.00 0.00 0.00 0.00 4.23 3.65 2.70 5.18 9.49 8.10 6.72 10.66 10.22 11.10 10.88 8.83 7.01 7.01
0.00 0.00 12.70 14.97 15.04 21.32 25.04 22.31 15.56 10.66 12.34 13.58 10.88 4.96 0.00 4.09 0.00 0.00 0.00 0.00 0.00 0.00 0.00 0.00 0.00 0.00 0.00 0.00 0.00 0.00 0.00 0.00 0.00 0.00 0.00 0.00 6.28 6.42 8.44 9.42 5.77 5.69 8.10 8.10 12.41 15.77 16.28 19.13 16.64 9.05 5.84 2.77 1.10 0.00 0.00 0.00 0.00 0.00 0.00 5.84 5.11 3.87 3.65 3.80 2.85 0.00 2.34 1.97 1.97 0.00 0.00 2.34 0.00 0.00 2.26 3.21 2.48 2.99 4.53 7.23 9.64 6.42 1.68 0.22
