Wansh/Snow_depth/snowdepth-1985/spring/1985073.txt
ncols 321
nrows 161
xllcenter 60
yllcenter 15 
cellsize  0.25 
NODATA_value -1
[rows 0 to 36 of 161, columns 168 to 251 of 321]
10.07 8.03 6.86 7.15 8.91 7.23 6.42 6.28 7.08 7.08 7.96 8.47 9.05 8.32 8.69 8.32 8.83 10.73 12.41 15.04 13.58 13.07 14.02 14.24 12.41 9.42 10.51 0.00 0.00 0.00 6.57 13.72 18.40 21.68 21.39 21.39 16.35 20.29 24.02 23.58 22.34 25.26 28.03 27.74 34.46 36.14 36.43 32.27 26.43 21.90 20.29 21.53 23.21 22.70 25.77 29.86 31.83 30.59 27.52 27.30 27.30 27.81 29.57 33.07 36.06 34.75 34.38 31.10 26.21 22.70 23.58 24.97 24.89 23.80 23.73 22.70 22.63 22.63 24.24 22.63 19.93 18.25 19.35 19.42
12.99 9.64 8.91 10.07 10.44 7.45 6.35 7.66 8.98 8.98 10.37 10.37 9.86 9.56 8.91 7.96 10.07 10.22 15.18 13.07 10.37 10.07 11.53 11.75 9.71 5.33 0.00 0.00 0.00 0.00 5.40 12.48 18.83 16.13 14.89 14.89 13.80 23.73 25.55 26.94 29.78 30.08 34.60 35.99 33.73 29.35 27.01 26.57 25.40 23.80 21.97 20.66 21.61 23.65 25.26 30.22 36.87 34.31 30.95 28.84 28.84 29.78 32.27 33.58 34.60 33.94 32.05 29.71 27.01 26.06 26.57 26.65 26.21 25.04 23.43 23.80 23.51 23.21 22.27 19.56 17.89 16.50 17.37 17.96
16.94 13.36 13.07 14.67 12.05 8.03 7.30 7.66 8.32 8.32 8.47 7.88 7.01 6.94 7.08 8.76 10.59 11.24 11.83 11.83 12.78 11.83 12.70 11.83 7.08 0.00 0.00 0.00 0.00 0.00 3.43 13.87 16.72 14.97 14.09 14.09 16.64 21.97 31.54 34.75 34.02 32.85 32.41 30.44 24.53 22.48 21.68 19.49 19.42 21.24 23.51 24.09 25.40 26.13 24.97 22.92 24.02 26.72 29.42 29.20 29.20 27.45 28.76 29.71 27.38 29.27 30.66 30.15 28.11 28.32 28.69 27.01 25.19 23.58 22.41 23.36 24.31 23.00 21.53 21.10 19.05 17.81 15.91 19.93
16.94 13.36 13.07 14.67 12.05 8.03 7.30 7.66 8.32 8.32 8.47 7.88 7.01 6.94 7.08 8.76 10.59 11.24 11.83 11.83 12.78 11.83 12.70 11.83 7.08 0.00 0.00 0.00 0.00 0.00 3.43 13.87 16.72 14.97 14.09 14.09 16.64 21.97 31.54 34.75 34.02 32.85 32.41 30.44 24.53 22.48 21.68 19.49 19.42 21.24 23.51 24.09 25.40 26.13 24.97 22.92 24.02 26.72 29.42 29.20 29.20 27.45 28.76 29.71 27.38 29.27 30.66 30.15 28.11 28.32 28.69 27.01 25.19 23.58 22.41 23.36 24.31 23.00 21.53 21.10 19.05 17.81 15.91 19.93
18.03 16.21 15.91 14.53 12.05 8.98 6.86 6.86 8.03 8.03 8.98 8.32 8.54 8.76 10.95 10.73 11.53 11.75 10.73 10.15 10.80 11.24 10.00 8.98 0.00 0.00 0.00 0.00 0.00 5.18 10.59 12.34 13.29 11.90 18.03 18.03 23.94 26.06 29.78 27.08 27.59 26.43 21.17 16.64 16.28 17.23 17.59 18.03 18.18 18.69 19.71 22.78 25.04 25.19 27.52 23.07 22.41 24.53 26.65 27.81 27.81 27.38 27.59 27.67 29.42 28.47 31.17 29.05 26.50 24.45 24.89 25.84 25.33 21.17 18.40 19.35 19.71 19.71 20.66 20.81 19.42 19.05 17.74 21.90
18.76 16.35 16.13 14.97 13.58 11.46 9.42 8.54 9.13 9.13 10.37 11.10 10.88 10.15 10.44 9.78 9.20 8.18 6.86 6.57 7.96 6.86 0.00 0.00 0.00 0.00 0.00 4.09 6.35 10.22 13.36 15.18 13.07 16.86 21.24 21.24 22.63 23.07 17.89 15.33 19.78 22.63 22.27 17.89 17.81 18.54 16.86 15.84 17.23 20.44 22.85 23.80 26.28 21.02 19.35 21.83 20.44 21.46 22.56 27.08 27.08 31.10 31.54 30.81 27.59 23.07 23.21 24.53 21.46 21.90 22.78 22.05 20.44 18.47 17.08 15.48 14.89 17.52 19.86 19.49 19.42 19.27 23.14 21.53
22.19 19.71 19.13 18.47 16.35 15.11 14.89 14.53 12.41 12.41 10.73 10.66 10.29 9.49 12.41 12.34 10.88 8.98 7.96 6.06 0.00 0.00 0.00 0.00 0.00 0.00 0.00 7.88 10.07 11.83 16.28 16.50 18.03 22.12 25.55 25.55 24.53 21.39 17.52 19.35 17.96 17.30 17.96 18.32 18.98 18.47 19.35 20.59 21.75 22.48 21.83 21.39 20.95 21.61 20.44 18.98 17.16 16.50 18.10 20.88 20.88 23.80 25.99 24.82 20.81 18.91 19.71 20.29 19.56 18.61 18.10 17.23 17.08 14.45 14.24 13.72 14.67 15.26 16.50 15.82 20.85 23.43 22.38 24.36
22.19 19.71 19.13 18.47 16.35 15.11 14.89 14.53 12.41 12.41 10.73 10.66 10.29 9.49 12.41 12.34 10.88 8.98 7.96 6.06 0.00 0.00 0.00 0.00 0.00 0.00 0.00 7.88 10.07 11.83 16.28 16.50 18.03 22.12 25.55 25.55 24.53 21.39 17.52 19.35 17.96 17.30 17.96 18.32 18.98 18.47 19.35 20.59 21.75 22.48 21.83 21.39 20.95 21.61 20.44 18.98 17.16 16.50 18.10 20.88 20.88 23.80 25.99 24.82 20.81 18.91 19.71 20.29 19.56 18.61 18.10 17.23 17.08 14.45 14.24 15.87 20.24 21.95 22.60 26.87 34.42 31.18 28.79 25.28
21.53 22.34 21.68 21.02 19.56 18.47 17.30 16.57 15.04 15.04 13.21 13.87 13.36 15.11 12.99 9.05 8.25 8.54 0.00 0.00 0.00 0.00 0.00 0.00 0.00 0.00 2.41 7.88 10.00 12.56 14.38 15.62 19.64 31.97 29.78 29.78 26.72 24.02 21.39 20.66 22.78 22.92 22.56 23.29 23.29 21.32 22.70 25.77 28.98 27.96 24.31 20.51 17.81 17.67 15.55 15.11 16.94 16.94 16.79 18.32 18.32 18.61 21.32 20.81 19.35 17.45 18.32 18.47 16.86 15.40 15.99 16.72 15.40 14.15 17.99 20.73 21.54 20.79 17.71 21.78 30.89 26.87 25.45 26.99
19.13 22.56 23.21 20.44 18.25 17.30 15.40 14.31 15.11 15.11 16.79 16.13 11.61 9.42 7.59 3.80 1.90 0.00 0.00 0.00 0.00 0.00 0.00 0.00 3.65 8.98 12.56 12.78 13.87 15.70 15.91 17.08 20.44 24.02 26.06 26.06 26.79 25.40 25.19 23.80 26.21 25.99 25.40 27.16 27.08 26.06 24.75 25.70 25.55 25.40 21.75 18.10 16.13 14.31 13.14 14.31 16.64 16.06 14.09 17.81 17.81 20.59 22.48 23.21 22.85 20.59 18.25 16.21 16.21 18.83 18.98 17.52 15.96 19.08 20.69 20.01 23.59 29.99 29.07 35.44 30.47 29.40 32.42 32.10
10.88 12.48 16.35 18.18 19.71 20.44 18.61 20.00 20.51 20.51 20.29 11.17 7.88 6.79 2.70 0.00 0.00 0.00 0.00 0.00 0.00 3.50 10.37 11.24 11.39 13.07 14.97 15.26 15.84 16.57 17.23 18.91 22.85 21.90 22.63 22.63 22.19 23.00 24.45 27.08 27.23 25.62 24.16 24.67 24.31 22.05 20.81 18.54 19.93 19.35 16.79 15.62 16.43 17.81 17.52 19.56 25.40 24.16 22.92 22.92 22.92 23.80 23.65 20.95 19.93 18.40 16.64 15.40 15.62 16.57 16.13 15.04 14.00 13.27 14.22 22.36 33.00 35.27 31.13 32.37 31.51 33.20 30.51 30.68
10.88 12.48 16.35 18.18 19.71 20.44 18.61 20.00 20.51 20.51 20.29 11.17 7.88 6.79 2.70 0.00 0.00 0.00 0.00 0.00 0.00 3.50 10.37 11.24 11.39 13.07 14.97 15.26 15.84 16.57 17.23 18.91 22.85 21.90 22.63 22.63 22.19 23.00 24.45 27.08 27.23 25.62 24.16 24.67 24.31 22.05 20.81 18.54 19.93 19.35 16.79 15.62 16.43 17.81 17.52 19.56 25.40 24.16 22.92 22.92 22.92 23.80 23.65 20.95 19.93 18.40 16.64 15.40 15.62 16.57 16.13 15.04 13.65 13.07 13.80 20.76 29.41 32.66 33.20 33.59 31.51 32.48 33.51 32.82
15.77 13.36 13.36 14.02 15.55 15.11 15.33 16.43 15.84 15.84 16.43 4.23 0.44 0.00 0.00 0.00 0.00 7.88 11.10 10.00 9.27 10.37 12.63 13.21 12.48 13.72 16.06 16.28 15.62 15.70 18.25 20.51 22.92 22.85 23.65 23.65 23.58 21.39 24.53 25.55 25.77 25.11 25.40 23.00 20.00 15.70 14.89 16.21 17.52 17.45 16.21 17.08 19.49 23.51 25.04 26.21 27.74 26.94 27.52 24.09 24.09 22.12 19.42 17.74 17.08 17.30 16.43 17.52 19.64 17.59 16.79 14.97 15.40 16.57 16.25 18.66 26.10 29.41 31.44 33.01 30.42 33.92 33.24 31.75
14.09 14.75 13.58 12.70 11.61 10.95 12.05 10.88 10.73 10.73 0.00 0.00 0.00 0.00 0.00 0.00 1.61 4.38 7.74 10.95 12.41 14.89 13.80 11.39 13.36 16.13 17.96 19.20 20.73 22.19 19.49 17.01 19.86 22.12 19.13 19.13 17.37 19.86 19.35 19.05 22.05 22.92 20.15 19.27 17.52 15.99 16.13 16.50 16.50 15.62 14.75 15.04 17.16 20.59 21.75 21.10 19.64 16.50 17.89 18.54 18.54 18.61 20.81 18.18 18.54 20.15 19.93 20.29 20.37 20.00 17.08 16.06 18.47 19.96 21.05 19.62 18.05 29.52 32.34 28.10 33.90 32.40 31.50 32.26
19.49 20.66 19.05 20.15 18.25 14.16 10.88 11.83 4.89 4.89 0.00 0.00 0.00 2.77 4.23 3.50 7.59 11.24 10.80 12.78 15.18 16.64 15.84 14.16 13.58 16.86 17.59 18.47 18.54 18.03 17.96 15.62 16.06 14.09 14.02 14.02 15.11 18.25 17.96 19.35 18.25 14.89 14.31 14.97 14.67 15.55 16.50 15.91 14.75 14.53 12.99 12.41 15.26 17.16 17.23 16.86 16.06 15.62 17.96 18.91 18.91 19.71 20.29 20.51 21.10 21.39 20.88 19.78 20.88 21.02 20.88 19.42 17.74 19.03 19.54 20.68 31.78 33.85 28.83 28.83 30.77 30.81 31.75 27.51
26.65 24.16 22.19 22.63 22.78 20.44 16.35 15.84 13.29 13.29 11.90 14.67 14.31 13.07 8.54 7.37 8.83 10.37 11.02 12.26 13.29 15.55 17.52 17.30 15.70 15.33 15.33 15.91 14.38 13.14 14.31 13.43 15.40 18.61 13.65 13.65 13.94 15.33 14.60 13.72 13.94 13.36 13.87 14.02 13.51 12.56 13.80 16.72 15.55 14.16 14.53 15.26 13.21 12.56 13.29 16.50 15.99 16.72 17.67 18.69 18.69 19.86 18.69 17.37 17.37 16.64 14.16 11.39 14.45 21.02 22.48 20.92 18.07 17.42 21.02 26.30 31.74 28.36 28.44 29.20 28.90 31.04 25.57 24.85
26.65 24.16 22.19 22.63 22.78 20.44 16.35 15.84 13.29 13.29 11.90 14.67 14.31 13.07 8.54 7.37 8.83 10.37 11.02 12.26 13.29 15.55 17.52 17.30 15.70 15.33 15.33 15.91 14.38 13.14 14.31 13.43 15.40 18.61 13.65 13.65 13.94 15.33 14.60 13.72 13.94 13.36 13.87 14.02 13.51 12.56 13.80 16.72 15.55 14.16 14.53 15.26 13.21 12.56 13.29 16.50 15.99 16.72 17.67 18.69 18.69 19.86 18.69 17.37 17.37 16.64 14.16 11.39 14.45 21.02 22.48 25.69 16.94 18.94 18.87 32.54 32.21 31.36 29.01 26.33 27.93 26.69 27.81 28.21
21.24 21.24 18.25 18.40 17.30 15.62 16.35 16.50 16.06 16.06 15.77 14.82 15.26 14.45 11.97 9.27 9.34 10.07 13.29 13.72 14.16 14.45 15.18 15.33 14.89 13.72 16.13 14.67 11.75 13.58 15.26 16.72 14.75 13.87 15.18 15.18 14.97 13.72 13.43 12.92 16.06 17.45 18.25 14.09 11.97 11.97 12.99 12.92 12.56 11.46 10.88 10.51 8.69 8.32 11.53 12.99 14.67 16.94 16.64 14.31 14.31 14.67 13.87 11.68 9.56 7.74 5.91 6.13 9.49 15.04 19.67 18.21 18.07 17.72 22.83 28.60 29.55 25.08 22.97 26.73 25.65 24.50 23.59 21.62
20.66 23.73 25.55 20.44 16.64 14.89 14.97 13.36 12.41 12.41 13.21 14.38 14.45 14.60 15.77 15.11 15.48 15.62 16.57 17.30 16.79 15.62 13.94 12.63 12.48 13.07 13.65 13.51 13.14 13.43 12.85 14.53 13.58 13.72 16.43 16.43 15.26 13.94 13.51 12.63 13.21 13.43 11.02 9.13 8.98 9.56 8.76 7.88 5.69 4.89 3.80 6.28 6.79 6.79 8.98 12.12 12.70 13.43 12.05 8.47 8.47 7.30 8.54 7.08 6.50 5.18 4.74 5.69 8.54 16.43 19.84 20.57 19.39 15.22 22.12 25.39 24.30 26.22 26.34 27.72 23.62 22.78 20.21 21.08
16.72 18.03 20.81 19.27 19.86 18.18 14.82 14.16 15.33 15.33 14.97 15.70 17.30 17.37 17.01 17.30 15.84 16.06 18.25 20.29 19.86 18.76 17.37 15.91 14.60 14.16 13.80 13.51 12.70 14.16 13.65 14.97 15.62 14.60 15.11 15.11 13.51 14.31 14.89 15.55 15.84 10.44 9.13 8.03 6.86 6.86 6.42 5.18 3.65 3.58 3.43 4.53 6.06 7.88 8.40 9.71 12.12 14.24 14.60 10.66 10.66 6.42 5.18 4.45 4.45 3.87 4.74 5.04 5.99 7.88 13.14 20.00 20.95 28.03 26.35 24.41 22.74 24.44 30.39 23.32 21.18 15.97 15.32 19.12
15.33 16.13 15.62 16.21 20.37 15.33 14.09 14.16 14.67 14.67 15.48 17.01 18.47 19.05 19.93 18.76 17.16 18.98 22.19 23.94 25.11 26.57 26.50 17.08 14.45 14.31 11.68 9.56 12.85 17.30 18.25 18.76 18.69 15.18 15.84 15.84 15.26 13.14 11.68 11.02 10.59 6.94 5.18 4.38 4.60 5.91 5.77 4.02 4.23 5.77 4.45 4.89 5.55 7.23 8.10 8.47 10.59 12.26 10.73 7.88 7.88 6.35 3.50 2.41 3.21 4.45 7.08 6.86 9.20 10.66 14.31 16.50 23.51 25.11 25.92 25.17 27.69 24.55 27.63 21.35 17.79 12.60 12.88 12.15
11.32 15.62 20.73 18.03 12.19 13.36 14.75 15.11 14.60 14.60 16.64 18.91 21.32 21.90 22.12 18.98 20.22 25.40 31.76 27.59 24.09 21.17 17.96 13.87 14.16 15.33 14.67 13.51 23.29 21.24 19.27 18.91 18.61 21.10 17.59 17.59 11.68 10.15 7.88 6.72 6.86 6.20 4.96 4.31 3.87 1.97 2.19 2.12 2.12 2.99 2.85 2.34 3.58 5.84 7.37 8.18 8.98 8.69 7.81 6.57 6.57 4.60 0.00 0.00 0.00 3.94 8.10 10.88 11.53 12.26 15.70 20.00 23.94 26.13 27.98 29.28 32.80 24.12 28.00 21.59 14.88 13.68 14.24 15.38
11.32 15.62 20.73 18.03 12.19 13.36 14.75 15.11 14.60 14.60 16.64 18.91 21.32 21.90 22.12 18.98 20.22 25.40 31.76 27.59 24.09 21.17 17.96 13.87 14.16 15.33 14.67 13.51 23.29 21.24 19.27 18.91 18.61 21.10 17.59 17.59 11.68 10.15 7.88 6.72 6.86 6.20 4.96 4.31 3.87 1.97 2.19 2.12 2.12 2.99 2.85 2.34 3.58 5.84 7.37 8.18 8.98 8.69 7.81 6.57 6.57 4.60 0.00 0.00 0.00 3.94 8.10 10.88 11.53 12.26 15.70 20.00 23.94 26.13 26.86 29.44 25.47 21.22 23.45 25.13 18.19 13.97 11.16 14.19
5.99 6.86 11.61 9.42 11.10 14.02 14.60 14.89 14.38 14.38 14.89 17.74 20.37 22.12 21.17 20.88 23.07 24.09 24.02 21.17 18.03 17.52 17.30 15.99 16.86 16.13 18.69 19.93 19.42 20.22 20.37 17.45 17.23 14.60 12.41 12.41 11.39 12.12 9.49 7.08 7.23 6.35 4.96 4.96 4.23 3.65 2.63 2.70 3.07 2.77 4.16 2.48 0.00 0.00 3.07 6.64 7.23 5.40 4.02 2.12 2.12 0.00 0.00 2.19 4.09 6.13 8.69 11.24 11.10 9.42 12.85 19.42 21.97 22.70 23.51 24.80 26.74 33.06 27.05 21.50 17.03 14.42 15.18 16.85
3.07 2.63 5.62 8.76 10.22 12.34 16.43 17.89 18.61 18.61 18.91 22.48 22.27 20.15 18.32 15.48 16.72 18.98 23.29 21.75 16.50 15.18 16.64 18.40 17.74 18.40 21.68 21.53 17.96 15.99 15.55 14.09 12.63 13.65 16.28 16.28 15.18 13.80 12.85 10.80 10.44 7.96 6.28 7.30 6.13 4.09 2.63 2.99 2.04 1.46 2.48 3.58 3.07 3.21 2.04 4.16 4.02 2.70 0.00 0.00 0.00 0.00 0.00 4.45 6.50 7.74 9.64 11.39 10.95 10.59 14.31 15.91 17.59 20.15 22.99 24.20 26.26 27.34 27.14 25.31 23.48 15.50 16.36 17.59
0.00 3.07 5.26 5.40 5.04 7.37 14.82 19.13 19.13 19.13 18.76 17.81 17.01 16.43 16.13 14.75 14.89 16.86 19.27 20.51 18.18 14.31 17.96 20.29 18.40 17.23 20.73 20.15 16.06 12.92 13.43 11.17 11.97 15.55 16.79 16.79 17.45 16.86 14.82 13.65 13.29 11.90 10.15 10.29 10.51 10.44 9.05 6.35 4.23 3.43 3.07 2.99 3.29 3.36 2.85 2.56 1.90 0.29 0.00 0.00 0.00 0.00 4.67 7.15 9.13 10.51 11.61 12.41 12.48 11.53 15.62 19.20 19.86 23.37 24.83 27.41 26.52 23.09 21.75 21.11 17.12 15.03 16.69 15.84
0.00 3.36 3.94 3.87 3.94 4.82 6.79 11.97 16.28 16.28 15.55 13.58 12.26 12.26 14.89 14.45 15.91 17.81 18.98 19.49 22.12 21.10 21.02 21.68 19.49 18.10 19.42 21.53 19.71 11.68 10.95 11.83 12.78 14.89 14.67 14.67 12.12 14.97 15.70 12.12 8.54 7.01 6.79 8.25 10.51 10.73 10.44 8.83 7.08 5.84 5.04 3.87 3.58 1.46 1.39 0.66 1.75 3.21 2.85 2.77 2.77 4.45 6.50 7.15 7.88 10.51 13.21 13.72 13.36 16.72 17.89 21.02 26.04 26.97 27.16 26.32 25.26 24.13 21.02 17.93 17.42 15.85 16.73 13.49
8.03 5.62 5.69 4.82 3.43 0.00 3.29 4.96 7.37 7.37 8.47 7.37 8.47 11.53 13.94 11.75 13.43 15.11 15.33 16.57 21.53 20.59 16.79 18.32 15.91 15.77 16.06 18.54 12.48 7.59 7.74 8.69 10.66 10.44 11.68 11.68 12.48 13.21 11.75 8.54 7.52 8.54 9.42 7.30 6.28 7.45 6.86 3.14 0.00 1.97 0.00 0.00 0.00 0.00 0.00 0.00 2.19 3.29 4.31 5.26 5.26 6.13 6.72 6.42 7.37 8.61 10.15 11.68 17.89 21.46 23.14 25.12 32.03 27.93 26.61 25.24 19.20 19.47 18.84 15.24 13.01 12.31 11.70 6.34
8.03 5.62 5.69 4.82 3.43 0.00 3.29 4.96 7.37 7.37 8.47 7.37 8.47 11.53 13.94 11.75 13.43 15.11 15.33 16.57 21.53 20.59 16.79 18.32 15.91 15.77 16.06 18.54 12.48 7.59 7.74 8.69 10.66 10.44 11.68 11.68 12.48 13.21 11.75 8.54 7.52 8.54 9.42 7.30 6.28 7.45 6.86 3.14 0.00 1.97 0.00 0.00 0.00 0.00 0.00 0.00 2.19 3.29 4.31 5.26 5.26 6.13 6.72 6.42 7.37 8.61 10.15 11.68 17.89 21.46 23.25 24.85 28.97 31.12 28.40 29.44 22.29 18.84 19.68 14.81 13.76 14.60 10.68 5.38
4.74 6.35 6.79 2.70 0.00 0.00 0.00 0.00 5.33 5.33 5.48 5.55 6.86 8.69 6.57 7.37 8.32 6.86 7.66 8.76 11.61 12.48 11.24 10.44 8.76 11.17 11.90 11.46 8.18 6.42 5.40 5.26 4.45 3.36 4.23 4.23 3.36 5.11 7.52 9.05 9.05 7.66 9.05 8.61 5.33 3.14 2.48 0.00 0.00 0.00 0.00 0.00 0.00 0.00 0.00 0.00 0.00 3.50 3.58 4.09 4.11 5.50 4.18 4.38 7.88 10.80 10.44 10.00 17.17 23.82 28.46 29.35 32.52 31.27 27.52 19.26 16.50 14.60 15.33 12.49 9.98 8.28 4.38 1.93
0.00 4.31 0.00 0.00 0.00 0.00 0.00 2.19 0.00 0.00 0.00 0.00 0.00 5.33 7.15 7.23 7.66 7.74 7.30 6.94 7.30 6.64 4.16 4.16 4.96 6.42 7.37 7.81 2.77 0.00 0.00 0.00 0.00 0.00 0.00 0.00 0.00 0.00 0.00 3.43 3.43 3.29 5.91 7.52 5.77 3.94 3.87 3.43 0.00 0.00 0.00 0.00 0.00 0.00 0.00 0.00 3.43 5.40 5.04 5.04 5.04 6.86 4.89 6.06 7.74 11.17 10.95 12.48 17.67 25.33 29.64 30.18 29.38 28.09 18.48 10.51 10.54 10.34 10.43 10.81 6.93 3.83 3.25 2.56
5.55 3.65 2.19 3.14 2.92 0.00 0.00 0.00 3.50 3.50 0.00 5.18 4.74 4.60 4.31 6.64 6.28 6.42 6.06 5.11 5.40 5.55 5.77 5.77 5.26 0.00 0.00 3.21 3.50 0.00 0.00 0.00 0.00 0.95 1.17 1.17 0.00 0.95 1.39 4.38 4.74 4.38 3.72 5.33 6.64 6.50 6.64 6.35 4.82 3.50 0.00 3.43 5.11 4.96 3.50 2.77 5.84 7.52 7.01 6.13 6.13 7.23 8.69 8.61 8.83 8.98 11.97 16.64 21.24 24.16 27.67 27.44 27.15 21.79 13.56 8.60 8.09 9.14 9.36 9.80 6.72 3.56 1.08 0.62
6.86 4.67 3.21 6.64 5.91 4.45 3.65 5.04 4.31 4.31 2.99 0.00 0.00 3.43 3.36 2.56 3.07 4.53 0.00 3.21 3.36 0.00 4.09 3.65 3.80 2.77 5.77 5.77 4.09 0.00 0.00 0.00 0.00 0.00 2.12 2.12 2.04 3.43 6.42 5.99 5.91 5.77 6.79 8.47 8.98 9.49 9.34 8.98 9.86 9.05 9.49 8.69 6.50 4.31 2.56 3.43 6.06 8.32 9.27 8.91 8.91 9.49 9.56 9.78 11.39 10.44 16.43 20.44 21.61 24.02 27.23 24.55 23.42 16.19 12.35 9.14 8.84 6.71 6.04 5.63 3.24 1.24 0.52 0.07
7.01 3.50 2.92 4.96 5.84 6.35 5.40 3.72 2.99 2.99 0.00 0.00 3.87 5.26 4.16 4.96 3.50 2.56 0.00 0.00 3.36 0.00 0.00 0.00 3.07 7.81 6.94 5.55 2.19 0.00 0.00 0.00 0.00 4.96 5.55 5.55 5.18 3.58 3.29 2.34 3.36 4.38 6.13 7.08 8.54 9.56 9.86 8.91 10.51 9.20 7.88 7.45 3.87 2.63 4.45 6.20 7.88 9.34 10.22 10.59 10.59 9.71 9.20 9.13 11.90 15.33 14.53 18.32 21.10 22.56 23.65 19.71 14.44 9.04 5.87 5.48 6.07 4.21 3.36 1.98 1.47 0.00 0.44 0.00
0.00 0.00 3.65 3.50 3.65 3.65 2.99 2.26 3.72 3.72 2.63 0.00 0.00 4.74 4.02 3.94 3.21 1.10 0.00 0.00 0.95 0.00 0.00 0.00 3.07 4.23 5.18 5.26 3.58 0.00 0.00 0.00 0.00 3.50 4.60 4.60 5.55 2.99 1.31 0.00 0.00 3.65 4.09 4.67 7.08 9.49 8.76 9.27 8.98 8.03 7.96 7.08 6.79 7.59 7.59 9.42 9.20 7.59 7.81 8.83 8.83 7.74 6.72 8.10 9.13 11.39 14.24 17.37 20.59 19.93 17.52 12.91 11.10 7.52 4.65 4.06 4.14 2.25 2.26 2.03 1.36 0.58 0.00 0.00
0.00 0.00 3.65 3.50 3.65 3.65 2.99 2.26 3.72 3.72 2.63 0.00 0.00 4.74 4.02 3.94 3.21 1.10 0.00 0.00 0.95 0.00 0.00 0.00 3.07 4.23 5.18 5.26 3.58 0.00 0.00 0.00 0.00 3.50 4.60 4.60 5.55 2.99 1.31 0.00 0.00 3.65 4.09 4.67 7.08 9.49 8.76 9.27 8.98 8.03 7.96 7.08 6.79 7.59 7.59 9.42 9.20 7.59 7.81 8.83 8.83 7.74 6.72 8.10 9.13 11.39 14.24 17.37 20.59 19.93 17.52 12.85 10.93 7.41 4.65 4.24 3.69 2.16 2.21 2.13 1.33 0.61 0.00 0.00
0.00 0.00 0.00 2.04 0.00 3.87 0.00 0.00 0.00 0.00 0.00 0.00 2.26 0.00 0.00 0.00 0.00 0.00 0.00 0.00 0.00 0.00 0.00 1.68 0.00 0.00 0.00 2.56 0.00 1.83 0.00 0.00 0.00 0.51 2.34 2.34 3.21 2.92 1.90 1.24 0.00 3.29 2.63 3.50 5.40 6.86 7.30 7.88 7.45 6.13 5.18 6.72 6.64 7.08 7.96 8.10 5.84 5.11 5.91 5.69 5.69 4.67 5.62 5.40 6.79 8.69 9.56 11.24 13.14 13.29 10.37 6.64 4.16 5.46 4.92 3.80 3.55 2.86 1.27 1.42 0.30 0.00 0.00 0.00
