Wansh/Snow_depth/snowdepth-1985/spring/1985099.txt
ncols 321
nrows 161
xllcenter 60
yllcenter 15 
cellsize  0.25 
NODATA_value -1
[rows 0 to 36 of 161, columns 168 to 251 of 321]
11.53 9.42 8.03 8.69 10.37 9.56 8.32 7.23 7.81 7.81 7.45 8.83 8.40 7.23 5.99 7.81 10.37 12.78 15.40 17.30 13.72 12.12 12.56 12.26 10.95 6.79 5.91 3.72 0.00 0.00 5.04 9.27 14.45 17.37 13.94 13.94 13.65 16.57 19.13 20.59 21.39 21.32 23.80 24.53 27.01 27.74 27.30 26.28 22.34 17.30 14.75 15.11 16.35 15.11 15.91 24.89 30.30 29.05 24.75 21.46 21.46 18.32 27.08 28.40 32.85 34.02 31.46 28.11 26.72 24.97 23.07 23.21 22.34 20.66 20.81 20.15 21.46 20.73 22.63 21.39 16.43 17.81 18.98 17.89
13.29 10.00 8.76 10.80 10.66 6.06 5.18 8.61 9.93 9.93 10.07 10.73 13.58 10.73 8.98 8.83 8.91 11.39 15.04 15.04 12.26 11.10 12.12 12.41 7.45 3.36 0.00 0.00 0.00 0.00 5.69 12.26 14.89 10.59 9.27 9.27 8.54 15.77 23.14 25.48 25.19 29.05 30.95 33.14 32.63 29.35 24.60 19.93 19.42 18.25 15.55 13.80 14.24 15.99 18.40 23.58 29.64 33.22 28.98 23.21 23.21 19.56 30.08 30.00 29.93 31.39 30.51 28.69 24.97 24.82 24.16 23.43 22.63 20.44 18.40 18.76 19.35 20.73 20.66 19.64 16.21 15.84 13.87 12.92
17.67 14.24 13.58 17.52 18.83 10.80 6.79 6.86 8.10 8.10 9.34 8.83 7.52 7.88 8.03 9.05 10.29 10.00 12.56 12.99 12.92 10.00 10.22 9.05 5.18 0.00 0.00 0.00 0.00 1.39 6.06 7.37 7.30 4.82 6.64 6.64 13.58 21.24 27.38 32.12 29.93 29.13 27.89 27.59 21.61 16.72 15.11 13.80 10.59 10.73 14.02 17.30 17.74 18.54 18.10 18.54 18.40 20.73 24.38 25.26 25.26 24.24 25.48 26.43 26.79 27.38 28.69 27.74 25.55 24.97 26.50 23.80 20.59 19.27 17.08 19.78 19.71 19.27 19.56 17.08 16.50 16.13 12.99 12.12
17.67 14.24 13.58 17.52 18.83 10.80 6.79 6.86 8.10 8.10 9.34 8.83 7.52 7.88 8.03 9.05 10.29 10.00 12.56 12.99 12.92 10.00 10.22 9.05 5.18 0.00 0.00 0.00 0.00 1.39 6.06 7.37 7.30 4.82 6.64 6.64 13.58 21.24 27.38 32.12 29.93 29.13 27.89 27.59 21.61 16.72 15.11 13.80 10.59 10.73 14.02 17.30 17.74 18.54 18.10 18.54 18.40 20.73 24.38 25.26 25.26 24.24 25.48 26.43 26.79 27.38 28.69 27.74 25.55 24.97 26.50 23.80 20.59 19.27 17.08 19.78 19.71 19.27 19.56 17.08 16.50 16.13 12.99 12.12
18.40 16.06 20.08 19.56 19.27 15.48 8.76 5.77 7.37 7.37 8.18 7.81 9.56 16.28 11.17 12.70 14.60 15.55 12.85 13.07 13.72 13.07 10.88 8.32 2.99 0.00 0.00 0.00 5.69 9.20 8.32 5.11 2.92 10.22 14.67 14.67 18.91 24.97 29.20 25.48 25.77 24.82 19.78 14.24 11.68 9.86 9.56 9.49 11.24 12.26 13.07 13.72 16.13 18.18 18.18 16.28 15.70 17.16 22.41 25.70 25.70 24.53 22.92 27.89 27.16 26.65 25.70 25.19 22.05 20.08 20.59 21.17 20.44 17.16 15.48 15.91 16.50 17.16 17.89 15.77 15.55 16.94 13.94 13.43
0.00 0.00 0.00 0.00 0.00 0.00 0.00 0.00 6.79 6.79 7.37 7.66 10.07 14.02 10.00 11.17 16.06 17.52 12.19 12.12 12.85 13.21 5.84 0.00 0.00 0.00 0.00 6.79 11.32 10.07 4.09 4.23 8.47 13.51 17.89 17.89 20.95 19.13 16.64 12.70 11.39 14.53 16.06 14.89 12.41 11.46 10.44 10.07 10.95 12.12 13.36 17.30 17.01 14.97 11.97 14.38 17.08 17.37 19.35 20.81 20.81 24.89 27.74 29.20 25.04 20.44 18.98 19.56 17.96 17.89 20.59 21.32 19.56 17.67 15.91 13.87 13.65 15.18 13.87 16.64 15.40 14.09 13.14 11.61
0.00 0.00 0.00 0.00 0.00 0.00 0.00 0.00 0.00 0.00 0.00 11.53 15.11 13.87 10.44 8.18 8.91 10.44 10.73 9.56 7.15 0.00 0.00 0.00 0.00 0.00 8.32 15.70 13.80 12.85 12.63 13.72 17.96 21.53 22.70 22.70 21.53 18.25 11.97 10.95 10.59 8.10 8.40 10.00 10.29 10.07 11.10 12.70 14.31 14.82 13.87 13.87 11.61 10.59 11.39 12.99 15.70 14.31 16.06 17.16 17.16 20.73 24.16 23.51 18.69 16.13 17.01 15.99 15.04 14.89 13.58 14.31 13.87 11.10 9.93 10.15 10.88 11.61 10.80 12.17 12.49 13.69 12.46 12.23
0.00 0.00 0.00 0.00 0.00 0.00 0.00 0.00 0.00 0.00 0.00 11.53 15.11 13.87 10.44 8.18 8.91 10.44 10.73 9.56 7.15 0.00 0.00 0.00 0.00 0.00 8.32 15.70 13.80 12.85 12.63 13.72 17.96 21.53 22.70 22.70 21.53 18.25 11.97 10.95 10.59 8.10 8.40 10.00 10.29 10.07 11.10 12.70 14.31 14.82 13.87 13.87 11.61 10.59 11.39 12.99 15.70 14.31 16.06 17.16 17.16 20.73 24.16 23.51 18.69 16.13 17.01 15.99 15.04 14.89 13.58 14.31 13.87 11.10 9.93 11.73 15.00 16.70 14.80 20.67 20.63 18.22 16.03 12.68
17.96 19.27 15.70 9.71 0.00 0.00 0.00 0.00 0.00 0.00 0.00 4.38 4.96 8.25 6.86 9.34 10.44 13.21 8.91 4.23 0.00 0.00 0.00 0.00 0.00 9.13 8.98 10.29 10.44 11.75 12.78 15.55 18.47 23.51 26.72 26.72 25.70 18.69 14.67 12.12 10.66 9.71 10.73 13.14 13.51 11.10 11.83 15.77 20.22 20.37 14.97 9.05 6.72 6.28 6.50 8.18 11.97 13.14 13.87 14.89 14.89 15.04 16.13 17.37 18.47 14.89 13.65 13.51 12.48 12.34 11.53 13.14 10.15 9.26 11.49 14.04 13.64 22.34 17.71 23.43 19.68 17.47 15.60 16.19
16.79 18.61 16.28 9.78 4.16 1.90 1.31 0.37 0.00 0.00 1.17 3.87 7.08 9.64 11.53 7.66 4.09 0.00 0.00 0.00 5.91 7.45 8.25 10.44 11.97 10.37 11.46 11.32 12.48 15.33 15.18 16.13 16.64 19.49 20.59 20.59 21.39 18.10 14.09 13.72 15.62 15.70 14.97 15.99 14.75 12.63 14.75 17.08 17.52 16.50 14.24 9.78 5.77 3.14 3.58 9.56 12.05 12.05 12.63 13.72 13.72 15.77 16.86 16.79 17.08 15.55 14.24 12.92 11.53 12.85 14.16 13.14 11.47 10.76 10.81 13.41 19.04 26.94 25.65 22.02 21.48 20.87 21.47 21.47
11.02 11.90 13.94 16.94 14.53 8.91 4.89 2.70 1.83 1.83 5.55 11.02 10.51 11.68 10.73 4.31 1.61 0.00 6.57 8.76 9.64 10.29 11.68 12.99 11.61 10.29 10.22 11.24 12.34 15.11 12.34 11.61 10.59 10.15 9.56 9.56 10.66 15.18 15.99 20.00 21.97 20.44 17.01 16.64 17.01 12.41 9.78 9.93 8.76 9.49 8.54 5.62 5.40 0.00 9.49 9.56 15.04 14.24 10.59 15.18 15.18 18.61 17.59 16.50 16.28 13.51 11.61 12.34 12.56 11.90 11.83 10.80 7.56 8.08 9.03 14.80 28.13 26.05 19.97 19.57 24.37 22.71 18.63 21.05
11.02 11.90 13.94 16.94 14.53 8.91 4.89 2.70 1.83 1.83 5.55 11.02 10.51 11.68 10.73 4.31 1.61 0.00 6.57 8.76 9.64 10.29 11.68 12.99 11.61 10.29 10.22 11.24 12.34 15.11 12.34 11.61 10.59 10.15 9.56 9.56 10.66 15.18 15.99 20.00 21.97 20.44 17.01 16.64 17.01 12.41 9.78 9.93 8.76 9.49 8.54 5.62 5.40 0.00 9.49 9.56 15.04 14.24 10.59 15.18 15.18 18.61 17.59 16.50 16.28 13.51 11.61 12.34 12.56 11.90 11.83 10.80 7.37 7.96 8.76 13.75 25.07 24.12 21.31 20.31 24.37 22.22 20.46 22.52
12.05 13.72 13.80 13.43 14.09 14.31 11.17 7.59 6.35 6.35 8.03 9.49 8.18 5.55 5.11 0.00 0.00 11.61 8.83 9.27 8.61 9.27 9.93 8.83 6.28 4.96 3.80 6.28 6.28 5.99 5.69 6.79 10.29 8.76 12.34 12.34 15.33 17.81 19.42 21.46 21.53 18.76 15.26 15.70 11.39 4.82 6.79 12.63 8.76 6.79 6.50 7.37 8.10 9.05 8.18 8.47 11.75 16.06 16.28 15.33 15.33 16.28 11.61 11.32 11.90 11.61 12.92 13.72 14.09 11.68 11.53 10.07 10.00 10.37 11.23 11.51 18.97 20.10 18.54 21.14 20.38 22.44 20.44 18.54
6.79 6.42 6.86 4.60 7.08 9.13 9.13 6.94 4.96 4.96 4.89 4.89 4.45 0.00 4.09 0.00 0.00 8.83 6.94 6.64 5.69 4.96 5.33 4.38 0.37 4.09 7.52 9.42 10.73 8.76 5.55 7.01 9.71 10.88 11.39 11.39 12.41 13.65 13.87 11.32 13.87 14.45 11.39 7.81 6.72 8.98 5.99 5.40 6.42 4.16 1.10 3.43 0.00 0.00 2.85 4.16 7.81 8.10 9.86 12.12 12.12 14.75 14.60 14.45 14.82 14.16 15.11 14.24 15.33 15.33 14.31 11.83 12.34 10.97 11.43 14.71 13.22 17.39 19.54 18.71 23.28 20.82 17.70 16.48
10.51 13.07 12.63 13.51 12.92 10.80 9.49 9.27 9.27 9.27 15.84 15.18 10.22 9.49 3.80 3.43 9.86 7.23 4.67 2.12 3.07 4.60 6.94 8.69 10.07 8.83 9.93 12.99 13.51 10.73 9.34 10.00 10.51 10.51 9.34 9.34 8.47 10.73 12.99 13.80 11.97 10.07 3.58 2.41 6.79 7.66 6.20 4.16 3.50 2.85 0.00 0.00 0.00 0.00 0.00 0.00 7.52 9.49 11.24 14.02 14.02 13.14 12.34 12.26 12.78 12.92 12.78 12.63 11.68 13.21 11.39 9.56 8.63 9.57 8.61 13.72 15.67 20.98 19.90 20.78 20.48 19.06 17.97 14.00
19.78 17.08 16.43 15.91 17.01 16.13 14.02 13.80 14.53 14.53 14.31 11.68 9.49 0.00 0.00 4.23 4.96 3.65 0.95 0.44 2.85 0.29 1.24 2.70 5.69 7.37 7.45 8.69 8.47 7.81 8.47 9.86 9.78 8.54 8.10 8.10 10.07 12.92 10.22 7.23 4.89 5.77 8.18 9.05 7.74 7.15 6.79 6.86 5.62 0.00 0.00 0.00 0.00 0.00 0.00 0.00 0.00 8.18 11.10 11.97 11.97 11.61 11.61 10.07 7.15 7.45 0.00 0.00 0.00 4.45 6.35 7.38 8.81 10.61 15.60 16.80 22.32 19.34 21.99 18.08 20.14 20.66 16.17 15.28
19.78 17.08 16.43 15.91 17.01 16.13 14.02 13.80 14.53 14.53 14.31 11.68 9.49 0.00 0.00 4.23 4.96 3.65 0.95 0.44 2.85 0.29 1.24 2.70 5.69 7.37 7.45 8.69 8.47 7.81 8.47 9.86 9.78 8.54 8.10 8.10 10.07 12.92 10.22 7.23 4.89 5.77 8.18 9.05 7.74 7.15 6.79 6.86 5.62 0.00 0.00 0.00 0.00 0.00 0.00 0.00 0.00 8.18 11.10 11.97 11.97 11.61 11.61 10.07 7.15 7.45 0.00 0.00 0.00 4.45 6.35 9.06 8.26 11.53 14.00 20.79 22.65 21.39 22.43 16.30 19.47 17.76 17.58 17.34
12.78 9.71 8.32 8.98 10.88 7.96 9.56 13.58 14.45 14.45 13.51 10.80 9.56 9.71 2.56 2.04 1.83 0.00 0.00 0.00 2.92 3.43 4.74 5.84 8.40 8.83 6.94 7.59 11.24 12.34 13.14 13.29 11.17 9.86 10.37 10.37 11.75 8.32 5.77 7.59 10.66 14.60 16.13 13.43 9.34 6.50 4.82 5.04 0.00 0.00 0.00 0.00 0.00 0.00 0.00 0.00 0.00 0.00 0.00 0.00 0.00 0.00 6.28 5.48 2.41 0.00 0.00 0.00 0.00 0.00 0.00 9.48 9.17 8.82 10.69 15.32 18.22 12.54 10.88 14.92 18.74 15.80 11.85 10.95
12.63 16.06 11.90 9.42 5.48 2.92 5.04 7.37 5.11 5.11 2.48 1.02 3.50 5.91 0.00 0.00 0.00 0.00 0.07 0.88 2.85 4.23 4.60 5.40 8.91 10.22 8.91 8.91 9.42 9.05 7.01 9.49 11.17 11.32 12.63 12.63 13.94 12.70 12.99 12.34 12.56 14.53 12.12 7.59 4.89 2.99 1.53 0.00 0.66 0.00 0.00 0.00 0.00 0.00 0.00 0.00 0.00 0.00 0.00 0.00 0.00 0.00 0.00 0.00 0.00 0.00 0.00 0.00 0.00 0.00 0.00 0.00 0.00 4.81 8.83 6.88 8.43 12.58 14.50 19.26 15.34 11.39 9.57 10.08
0.00 8.18 10.07 10.07 8.32 8.40 7.01 5.48 4.23 4.23 4.09 3.21 2.56 0.00 0.00 0.00 0.00 0.00 1.02 2.34 5.40 8.61 10.73 12.05 10.29 8.47 7.74 8.91 10.29 10.37 11.10 13.14 14.60 13.65 11.83 11.83 13.21 13.65 15.18 15.40 14.53 11.32 6.28 2.26 0.51 0.80 1.24 0.51 0.00 0.00 0.00 0.00 0.00 0.00 0.00 0.00 0.00 0.00 0.00 0.00 0.00 0.00 0.00 0.00 0.00 0.00 0.00 0.00 0.00 0.00 0.00 0.00 0.00 7.96 6.28 9.49 11.06 14.49 14.01 10.29 5.80 4.51 6.04 7.35
0.00 0.00 2.04 4.16 7.81 9.13 7.96 7.01 5.91 5.91 5.91 5.33 0.00 0.00 0.00 0.00 0.00 1.24 2.63 5.18 6.79 6.64 7.52 7.66 8.10 10.95 9.56 8.25 9.49 12.05 18.18 17.01 16.86 14.31 15.77 15.77 17.37 14.67 12.78 10.00 7.88 6.72 1.31 0.80 1.90 2.63 0.00 0.00 0.00 0.00 0.00 0.00 0.00 0.00 0.00 0.00 0.00 0.00 0.00 0.00 0.00 0.00 0.00 0.00 0.00 0.00 0.00 0.00 0.00 0.00 0.00 0.00 0.00 6.86 9.60 10.07 11.78 9.10 8.42 7.08 6.50 0.00 0.00 0.00
0.00 0.00 0.00 0.00 0.00 4.23 6.79 4.89 2.77 2.77 3.07 4.67 6.72 0.00 0.00 0.00 0.00 0.73 2.04 7.88 10.44 10.95 9.64 8.91 10.66 13.87 11.97 7.45 11.10 17.74 18.18 16.72 17.81 18.47 17.45 17.45 13.72 8.25 4.53 2.26 2.56 0.88 0.37 1.68 2.12 1.53 0.00 0.00 0.00 0.00 0.00 0.00 0.00 0.00 0.00 0.00 0.00 0.00 0.00 0.00 0.00 0.00 0.00 0.00 0.00 0.00 0.00 0.00 0.00 0.00 0.00 0.00 0.00 2.56 4.64 5.26 5.90 6.62 7.41 6.17 0.00 0.00 0.00 0.00
0.00 0.00 0.00 0.00 0.00 4.23 6.79 4.89 2.77 2.77 3.07 4.67 6.72 0.00 0.00 0.00 0.00 0.73 2.04 7.88 10.44 10.95 9.64 8.91 10.66 13.87 11.97 7.45 11.10 17.74 18.18 16.72 17.81 18.47 17.45 17.45 13.72 8.25 4.53 2.26 2.56 0.88 0.37 1.68 2.12 1.53 0.00 0.00 0.00 0.00 0.00 0.00 0.00 0.00 0.00 0.00 0.00 0.00 0.00 0.00 0.00 0.00 0.00 0.00 0.00 0.00 0.00 0.00 0.00 0.00 0.00 0.00 0.00 2.56 4.45 5.29 4.58 5.82 6.21 7.18 0.00 0.00 0.00 0.00
0.00 0.00 0.00 0.00 0.00 0.00 0.00 4.67 3.50 3.50 1.97 0.00 3.87 0.00 0.00 0.00 0.00 4.60 10.95 11.75 10.59 11.53 13.87 14.45 13.51 11.90 13.36 13.80 15.40 18.40 18.83 16.28 14.09 11.61 9.86 9.86 4.67 3.21 3.14 2.48 0.00 0.00 2.41 0.00 0.00 0.00 0.00 0.00 0.00 0.00 0.00 0.00 0.00 0.00 0.00 0.00 0.00 0.00 0.00 0.00 0.00 0.00 0.00 0.00 0.00 0.00 0.00 0.00 0.00 0.00 0.00 0.00 0.00 0.00 0.00 0.00 0.00 6.66 7.70 6.11 0.00 0.00 0.00 0.00
0.00 0.00 0.00 0.00 0.00 0.00 0.00 0.00 0.00 0.00 2.63 0.00 0.00 0.00 0.00 0.00 0.00 4.60 11.17 13.07 11.39 10.95 12.99 14.89 12.85 12.56 19.64 19.05 13.21 12.99 9.64 7.30 6.42 3.07 0.22 0.22 1.75 2.99 0.00 0.00 0.00 0.00 0.00 0.00 0.00 0.00 0.00 0.00 0.00 0.00 0.00 0.00 0.00 0.00 0.00 0.00 0.00 0.00 0.00 0.00 0.00 0.00 0.00 0.00 0.00 0.00 0.00 0.00 0.00 0.00 0.00 0.00 0.00 0.00 2.17 3.98 5.32 6.81 7.71 0.00 0.00 0.00 0.00 0.00
0.00 0.00 0.00 0.00 0.00 0.00 0.00 0.00 0.00 0.00 0.00 0.00 0.00 0.00 0.00 0.00 0.00 0.66 5.26 13.21 14.24 13.29 15.40 17.89 13.80 14.97 17.45 18.03 15.55 11.53 5.91 1.90 1.75 2.92 2.92 2.92 0.00 0.00 0.00 0.00 0.00 0.00 0.00 0.00 0.00 0.00 0.00 0.00 0.00 0.00 0.00 0.00 0.00 0.00 0.00 0.00 0.00 0.00 0.00 0.00 0.00 0.00 0.00 0.00 0.00 0.00 0.00 0.00 0.00 0.00 0.00 0.00 0.00 4.65 13.04 11.53 8.22 6.28 0.00 0.00 0.00 0.00 0.00 0.00
0.00 0.00 0.00 0.00 0.00 0.00 0.00 0.00 0.00 0.00 0.00 0.00 0.00 0.00 0.00 0.00 0.00 2.26 4.82 11.10 16.43 17.59 17.59 17.74 14.75 12.78 13.36 14.75 13.43 6.28 3.58 2.48 0.00 0.00 0.00 0.00 0.00 0.00 0.00 0.00 0.00 0.00 0.00 0.00 0.00 0.00 0.00 0.00 0.00 0.00 0.00 0.00 0.00 0.00 0.00 0.00 0.00 0.00 0.00 0.00 0.00 0.00 0.00 0.00 0.00 0.00 0.00 0.00 0.00 0.00 0.00 5.40 8.28 13.18 18.43 15.34 10.66 9.16 0.00 0.00 0.00 0.00 0.00 0.00
0.00 0.00 0.00 0.00 0.00 0.00 0.00 0.00 0.00 0.00 0.00 0.00 0.00 0.00 0.00 0.00 2.56 4.53 4.74 10.15 17.89 15.99 11.32 10.73 7.30 4.38 5.55 8.03 7.81 2.63 0.00 0.00 0.00 0.00 0.00 0.00 0.00 0.00 0.00 0.00 0.00 0.00 0.00 0.00 0.00 0.00 0.00 0.00 0.00 0.00 0.00 0.00 0.00 0.00 0.00 0.00 0.00 0.00 0.00 0.00 0.00 0.00 0.00 0.00 0.00 0.00 0.00 0.00 0.00 0.00 8.98 7.30 15.54 16.25 17.77 13.97 8.09 8.39 0.00 0.00 0.00 0.00 0.00 0.00
0.00 0.00 0.00 0.00 0.00 0.00 0.00 0.00 0.00 0.00 0.00 0.00 0.00 0.00 0.00 0.00 2.56 4.53 4.74 10.15 17.89 15.99 11.32 10.73 7.30 4.38 5.55 8.03 7.81 2.63 0.00 0.00 0.00 0.00 0.00 0.00 0.00 0.00 0.00 0.00 0.00 0.00 0.00 0.00 0.00 0.00 0.00 0.00 0.00 0.00 0.00 0.00 0.00 0.00 0.00 0.00 0.00 0.00 0.00 0.00 0.00 0.00 0.00 0.00 0.00 0.00 0.00 0.00 0.00 0.00 9.03 7.22 14.06 18.10 18.96 16.30 9.39 8.12 0.00 0.00 0.00 0.00 0.00 0.00
0.00 0.00 0.00 0.00 0.00 0.00 0.00 0.00 0.00 0.00 0.00 0.00 0.00 0.00 0.00 0.00 0.00 0.00 1.61 4.02 7.30 5.77 3.80 4.38 2.34 0.00 1.97 2.85 2.26 0.66 0.00 0.00 0.00 0.00 0.00 0.00 0.00 0.00 0.00 0.00 0.00 0.00 0.00 0.00 0.00 0.00 0.00 0.00 0.00 0.00 0.00 0.00 0.00 0.00 0.00 0.00 0.00 0.00 0.00 0.00 0.00 0.00 0.00 0.00 0.00 0.00 0.00 0.00 2.79 16.44 16.74 14.75 22.82 23.28 20.22 12.33 7.11 0.00 0.00 0.00 0.00 0.00 0.00 0.00
0.00 0.00 0.00 0.00 0.00 0.00 0.00 0.00 0.00 0.00 0.00 0.00 0.00 0.00 0.00 0.00 0.00 0.00 0.00 0.00 0.73 0.00 0.00 0.00 0.00 0.58 0.00 0.00 0.00 0.00 0.00 0.00 0.00 0.00 0.00 0.00 0.00 0.00 0.00 0.00 0.00 0.00 0.00 0.00 0.00 0.00 0.00 0.00 0.00 0.00 0.00 0.00 0.00 0.00 0.00 0.00 0.00 0.00 0.00 0.00 0.00 0.00 0.00 0.00 0.00 0.00 0.00 0.00 7.59 18.69 24.75 22.05 24.36 21.84 9.47 4.79 0.00 0.00 0.00 0.00 0.00 0.00 0.00 0.00
0.00 0.00 0.00 0.00 0.00 0.00 0.00 0.00 0.00 0.00 0.00 0.00 0.00 0.00 0.00 0.00 0.00 0.00 0.00 0.00 0.00 0.00 0.00 0.00 0.00 0.00 0.00 0.00 0.00 0.00 0.00 0.00 0.00 0.00 0.00 0.00 0.00 0.00 0.00 0.00 0.00 0.00 0.00 0.00 0.00 0.00 0.00 0.00 0.00 0.00 0.00 0.00 0.00 0.00 0.00 0.00 0.00 0.00 0.00 0.00 0.00 0.00 0.00 0.00 0.00 0.00 0.00 0.00 7.08 10.66 14.45 20.33 18.41 19.89 8.39 0.00 0.00 0.00 0.00 0.00 0.00 0.00 0.00 0.00
0.00 0.00 0.00 0.00 0.00 0.00 0.00 0.00 0.00 0.00 0.00 0.00 0.00 0.00 0.00 0.00 0.00 0.00 0.00 0.00 0.00 0.00 0.00 0.00 0.00 0.00 0.00 0.00 0.00 0.00 0.00 0.00 0.00 0.00 0.00 0.00 0.00 0.00 0.00 0.00 0.00 0.00 0.00 0.00 0.00 0.00 0.00 0.00 0.00 0.00 0.00 0.00 0.00 0.00 0.00 0.00 0.00 0.00 0.00 0.00 0.00 0.00 0.00 0.00 0.00 0.00 0.00 0.00 2.34 8.25 19.49 23.08 19.93 14.39 7.41 0.00 0.00 0.00 0.00 0.00 0.00 0.00 0.00 0.00
0.00 0.00 0.00 0.00 0.00 0.00 0.00 0.00 0.00 0.00 0.00 0.00 0.00 0.00 0.00 0.00 0.00 0.00 0.00 0.00 0.00 0.00 0.00 0.00 0.00 0.00 0.00 0.00 0.00 0.00 0.00 0.00 0.00 0.00 0.00 0.00 0.00 0.00 0.00 0.00 0.00 0.00 0.00 0.00 0.00 0.00 0.00 0.00 0.00 0.00 0.00 0.00 0.00 0.00 0.00 0.00 0.00 0.00 0.00 0.00 0.00 0.00 0.00 0.00 0.00 0.00 0.00 0.00 0.00 0.00 13.80 16.43 7.87 0.00 0.00 0.00 0.00 0.00 0.00 0.00 0.00 0.00 0.00 0.00
0.00 0.00 0.00 0.00 0.00 0.00 0.00 0.00 0.00 0.00 0.00 0.00 0.00 0.00 0.00 0.00 0.00 0.00 0.00 0.00 0.00 0.00 0.00 0.00 0.00 0.00 0.00 0.00 0.00 0.00 0.00 0.00 0.00 0.00 0.00 0.00 0.00 0.00 0.00 0.00 0.00 0.00 0.00 0.00 0.00 0.00 0.00 0.00 0.00 0.00 0.00 0.00 0.00 0.00 0.00 0.00 0.00 0.00 0.00 0.00 0.00 0.00 0.00 0.00 0.00 0.00 0.00 0.00 0.00 0.00 0.00 4.48 0.00 0.00 0.00 0.00 0.00 0.00 0.00 0.00 0.00 0.00 0.00 0.00
0.00 0.00 0.00 0.00 0.00 0.00 0.00 0.00 0.00 0.00 0.00 0.00 0.00 0.00 0.00 0.00 0.00 0.00 0.00 0.00 0.00 0.00 0.00 0.00 0.00 0.00 0.00 0.00 0.00 0.00 0.00 0.00 0.00 0.00 0.00 0.00 0.00 0.00 0.00 0.00 0.00 0.00 0.00 0.00 0.00 0.00 0.00 0.00 0.00 0.00 0.00 0.00 0.00 0.00 0.00 0.00 0.00 0.00 0.00 0.00 0.00 0.00 0.00 0.00 0.00 0.00 0.00 0.00 0.00 0.00 0.00 4.45 0.00 0.00 0.00 0.00 0.00 0.00 0.00 0.00 0.00 0.00 0.00 0.00
0.00 0.00 0.00 0.00 0.00 0.00 0.00 0.00 0.00 0.00 0.00 0.00 0.00 0.00 0.00 0.00 0.00 0.00 0.00 0.00 0.00 0.00 0.00 0.00 0.00 0.00 0.00 0.00 0.00 0.00 0.00 0.00 0.00 0.00 0.00 0.00 0.00 0.00 0.00 0.00 0.00 0.00 0.00 0.00 0.00 0.00 0.00 0.00 0.00 0.00 0.00 0.00 0.00 0.00 0.00 0.00 0.00 0.00 0.00 0.00 0.00 0.00 0.00 0.00 0.00 0.00 0.00 0.00 0.00 0.00 0.00 0.00 0.00 0.00 0.00 0.00 0.00 0.00 0.00 0.00 0.00 0.00 0.00 0.00
