Wansh/Snow_depth/snowdepth-1985/spring/1985081.txt
ncols 321
nrows 161
xllcenter 60
yllcenter 15 
cellsize  0.25 
NODATA_value -1
[rows 37 to 73 of 161, columns 84 to 167 of 321]
16.57 14.16 7.37 8.47 21.61 24.53 23.29 19.27 16.64 16.94 14.24 12.85 10.73 6.28 4.09 1.46 0.15 0.00 0.00 0.00 0.51 0.00 0.00 0.00 2.26 9.71 19.27 25.33 23.87 19.05 13.29 16.72 19.86 17.45 15.91 16.06 12.12 11.83 13.36 10.44 6.13 5.91 9.64 9.64 15.26 17.52 20.44 25.70 27.16 23.21 15.48 8.03 5.04 2.77 0.00 0.00 3.50 4.31 6.06 5.69 5.48 3.80 2.92 2.92 1.97 0.00 0.00 3.14 3.14 2.77 0.00 0.00 0.00 2.77 2.04 0.00 0.00 0.00 3.36 0.00 3.07 3.29 0.00 0.00
17.74 16.06 11.46 7.96 8.83 8.10 9.13 9.86 9.34 8.83 8.40 7.74 6.13 2.85 0.00 0.00 0.00 0.88 0.88 0.00 0.00 0.00 0.00 1.02 12.12 18.83 21.10 22.27 16.57 13.65 14.24 15.33 14.09 6.64 4.38 8.91 11.61 9.93 7.01 5.26 4.82 0.00 2.63 2.63 5.40 7.59 7.30 6.64 11.61 20.81 20.37 15.04 7.66 3.43 2.99 3.65 4.45 4.96 5.40 5.48 5.11 5.55 4.23 1.39 0.00 0.00 0.00 0.00 0.00 0.00 0.00 0.00 0.00 0.00 0.00 0.00 0.00 0.00 2.19 0.00 0.00 1.17 2.56 0.00
21.32 18.25 14.09 15.42 12.31 5.11 5.11 8.32 10.37 12.92 15.62 15.55 15.77 13.36 10.07 8.54 11.17 14.75 14.75 12.99 5.33 0.00 3.58 10.29 19.27 25.48 21.90 17.23 12.85 10.15 7.23 6.20 5.69 3.36 2.04 1.53 13.58 12.99 8.76 5.48 4.53 0.00 4.23 4.23 5.04 4.16 4.16 5.77 7.74 9.49 12.48 13.29 8.83 3.94 0.00 0.00 0.00 2.26 0.00 0.00 2.77 4.96 4.31 5.55 6.28 5.55 3.58 0.00 0.00 0.00 0.00 0.00 0.00 0.00 0.00 0.00 0.00 0.00 0.00 0.00 0.00 2.41 2.41 1.39
17.08 19.37 18.05 20.81 20.15 10.88 7.08 10.59 12.12 19.27 30.23 30.15 26.35 22.12 24.09 22.48 25.19 29.42 29.42 25.26 14.82 10.51 12.85 15.18 20.81 24.31 21.10 15.55 11.39 8.47 3.36 0.95 1.75 2.99 4.53 4.74 5.11 5.62 6.35 5.62 2.12 3.43 4.53 4.53 4.74 4.31 3.65 4.82 7.52 9.05 8.98 7.30 4.31 0.00 0.00 0.00 0.00 0.00 0.88 0.00 1.02 0.00 0.00 3.07 5.69 5.11 5.62 5.69 5.69 4.45 4.67 4.74 3.14 0.00 0.00 0.00 0.00 0.22 0.00 0.00 0.00 2.56 0.00 0.00
8.89 8.70 10.78 12.63 12.56 5.69 0.00 4.67 0.00 1.83 6.82 16.36 24.65 27.01 29.94 30.30 31.10 35.36 35.54 33.07 29.27 26.86 26.94 24.67 21.32 18.47 15.48 13.43 11.17 9.86 7.81 2.19 0.00 4.38 7.37 2.48 3.07 2.63 4.38 4.02 1.97 0.00 3.36 3.36 2.41 0.00 0.00 2.85 4.74 5.26 4.09 3.36 2.41 3.94 2.99 2.85 2.63 1.83 1.46 1.68 0.80 0.00 0.00 0.00 0.00 0.00 3.43 4.23 4.23 4.53 4.45 4.02 2.77 0.00 3.07 3.36 3.50 3.58 2.34 0.00 2.56 2.41 1.53 0.00
13.60 10.11 8.04 6.64 3.87 0.00 0.00 2.99 3.36 0.00 4.06 8.61 18.91 26.28 30.73 33.02 32.63 33.50 33.16 34.12 34.29 34.26 34.09 31.76 28.11 21.97 14.38 10.15 8.98 11.68 10.44 3.58 0.00 0.00 0.00 0.00 4.53 5.11 3.87 1.68 0.00 4.16 6.86 6.86 4.60 0.00 0.00 1.31 3.80 4.16 2.63 2.48 2.99 3.80 3.87 3.29 0.00 0.00 2.99 0.00 2.92 3.14 0.00 3.58 3.14 3.29 0.00 0.00 0.00 0.00 4.45 3.14 3.87 2.99 2.56 2.77 3.65 3.80 0.00 5.26 3.94 2.56 3.43 2.41
24.55 22.74 18.95 16.72 9.73 7.11 6.74 5.40 7.98 8.32 9.71 12.19 17.68 20.22 24.06 27.74 30.08 32.92 34.12 33.36 33.22 37.53 37.64 34.56 31.18 26.34 18.34 11.53 6.57 6.33 7.01 2.48 0.00 0.00 13.43 14.09 15.91 14.97 8.69 4.74 5.33 9.56 10.80 10.80 6.42 3.07 2.41 3.29 2.85 3.58 4.16 3.43 2.99 3.80 3.07 1.10 0.00 0.00 0.00 2.92 2.56 3.72 0.00 3.14 4.31 3.72 3.07 1.90 1.90 0.00 0.00 0.00 0.00 5.11 4.89 4.38 4.16 5.84 4.82 4.60 3.21 1.02 0.00 0.00
32.34 34.19 30.44 25.31 25.33 22.28 18.55 19.34 21.90 17.95 11.30 10.37 7.08 5.33 6.82 13.13 21.45 28.13 27.69 28.18 30.44 33.51 35.04 35.19 29.27 20.03 17.68 17.89 12.65 15.82 15.78 15.04 10.37 29.71 32.65 30.81 22.85 20.51 15.84 9.49 9.05 10.07 13.72 13.72 8.98 5.18 3.29 3.43 5.33 7.15 6.57 5.55 3.87 2.56 1.97 1.83 2.56 3.50 1.90 0.00 3.21 3.65 0.00 0.00 3.43 3.72 0.00 1.53 1.53 2.70 2.26 2.77 2.34 2.77 3.50 3.94 2.85 1.90 2.34 4.23 3.80 0.00 0.00 0.00
34.09 35.41 35.29 27.81 22.63 20.13 21.02 22.41 23.51 23.29 23.58 22.56 18.91 14.16 10.15 7.96 10.51 14.23 14.83 16.56 20.38 22.10 22.26 23.33 21.83 17.01 11.68 11.32 12.70 15.85 17.89 21.60 23.42 29.81 34.09 28.47 20.84 17.49 13.64 10.22 9.05 7.23 5.62 5.62 4.60 4.60 6.86 12.63 21.61 21.35 13.87 5.65 2.63 2.99 4.23 3.72 4.82 2.56 2.12 1.61 1.90 2.92 0.00 0.00 0.00 0.00 0.00 0.00 0.00 4.23 3.29 2.70 2.04 2.04 0.00 3.50 0.00 0.00 2.85 3.43 2.56 0.66 0.00 0.00
35.15 37.87 36.77 28.38 22.74 20.03 20.81 22.41 23.51 23.29 23.58 22.56 18.91 14.16 10.15 7.96 10.51 14.09 14.09 16.06 19.05 20.66 20.78 24.20 23.47 18.19 12.23 11.49 12.19 15.77 17.89 20.73 22.48 28.91 35.16 29.66 20.94 17.05 13.78 10.27 9.05 7.23 5.62 5.62 4.60 4.62 6.93 12.89 21.83 21.79 13.94 5.65 2.64 2.99 4.23 3.72 4.82 2.56 2.12 1.61 1.90 2.92 0.00 0.00 0.00 0.00 0.00 0.00 0.00 4.23 3.29 2.70 2.04 2.04 0.00 3.50 0.00 0.00 2.85 3.43 2.56 0.66 0.00 0.00
20.48 20.10 20.25 20.47 17.91 12.15 16.23 20.14 20.61 19.52 20.36 21.37 21.31 23.33 22.24 17.97 14.75 12.05 12.05 10.66 17.59 17.16 13.21 14.53 19.14 17.55 9.61 5.33 3.50 3.36 8.03 15.04 13.72 15.40 20.66 13.80 8.47 6.42 4.23 4.16 3.72 0.00 2.77 2.77 2.41 4.09 5.33 10.95 18.03 22.41 22.71 15.05 3.93 0.00 3.21 3.94 3.87 2.77 2.19 2.48 0.00 0.00 0.00 0.00 3.14 0.00 0.00 4.16 4.16 0.00 0.00 3.80 3.65 3.29 0.00 0.00 1.53 0.00 0.00 0.00 0.00 0.00 0.00 0.00
21.39 22.41 19.35 14.82 17.07 18.33 18.19 19.68 17.19 19.62 18.80 17.37 17.37 19.27 17.45 14.67 14.09 14.38 14.38 16.35 15.70 16.28 18.18 18.76 15.62 11.24 7.30 4.45 1.24 0.00 2.92 5.84 0.22 3.15 5.33 4.31 0.00 0.00 2.77 1.90 0.00 0.00 0.00 0.00 0.00 3.36 3.50 2.70 3.43 6.60 8.14 9.78 10.64 6.57 2.71 0.00 2.48 2.70 3.14 2.04 1.17 3.50 3.21 0.00 2.92 4.45 0.00 4.74 4.74 4.02 2.85 2.70 3.65 3.80 0.00 0.00 0.00 1.97 0.00 0.00 0.00 0.00 0.00 0.00
25.36 23.28 19.64 18.46 21.98 23.18 18.62 20.22 19.35 19.13 18.32 16.06 20.37 23.58 19.35 13.29 11.46 15.84 15.84 17.45 11.90 7.52 12.98 14.82 11.39 7.81 2.86 4.04 3.43 0.00 0.00 0.00 0.00 0.00 0.00 0.00 0.00 0.00 2.85 3.14 1.90 0.00 0.00 0.00 0.00 0.00 3.72 2.48 0.00 0.00 3.05 3.94 7.37 10.66 8.69 4.23 0.00 4.60 4.23 2.77 0.00 3.43 4.74 0.00 5.33 4.09 3.87 3.87 3.87 3.80 2.56 2.41 3.80 3.94 3.29 0.00 0.00 0.00 1.61 2.99 2.77 2.41 2.99 4.02
18.56 19.54 21.39 14.09 10.54 10.88 14.53 21.61 24.14 23.51 23.00 26.35 30.60 30.73 25.04 18.38 18.49 17.37 17.37 11.68 4.31 4.84 11.53 9.10 9.36 8.83 2.79 1.75 0.00 0.00 0.00 0.00 0.00 0.00 0.00 0.00 0.00 0.00 1.17 2.99 0.00 0.00 1.31 1.31 0.88 0.29 0.00 0.00 0.00 0.00 0.00 3.07 4.09 4.53 4.89 4.09 4.09 4.89 5.33 3.14 4.82 4.53 4.82 4.16 3.87 0.00 2.77 3.36 3.36 3.43 3.14 3.43 3.58 3.50 2.99 2.41 2.56 2.26 2.41 3.36 3.36 4.09 4.23 3.72
15.62 16.29 15.85 12.18 8.51 5.72 5.87 8.03 10.00 14.97 16.31 16.30 23.04 19.86 14.82 9.05 8.61 5.55 5.55 4.23 2.99 4.02 4.33 4.02 5.91 4.96 2.41 3.50 1.39 0.80 4.60 0.00 0.00 0.00 0.00 1.68 0.00 0.00 2.85 0.00 2.34 4.31 3.87 3.87 0.00 0.00 0.00 0.00 0.95 2.04 2.56 3.07 3.80 3.80 5.04 5.04 4.23 3.14 0.00 0.00 0.00 0.00 0.00 0.00 0.00 4.82 3.87 0.00 0.00 0.00 1.97 0.00 0.00 0.00 3.14 4.02 3.14 3.94 3.58 2.56 2.03 0.00 2.70 2.56
13.12 9.32 9.11 7.52 6.13 7.59 6.28 2.41 0.00 0.73 3.43 2.48 2.77 2.34 2.34 1.61 1.02 0.95 0.95 2.41 0.00 0.00 0.00 1.17 0.00 2.85 3.65 3.43 4.31 5.26 0.00 3.72 5.33 5.48 0.00 4.16 4.74 3.80 4.38 4.45 5.40 5.69 6.28 6.28 5.77 3.65 1.53 0.58 3.21 3.58 3.43 4.96 4.74 3.58 4.60 3.50 1.83 3.80 1.90 1.31 4.02 4.89 5.99 4.53 4.38 5.48 4.02 3.36 3.36 2.70 0.00 0.00 0.00 0.00 3.50 2.77 0.00 0.00 0.00 0.00 0.00 0.00 0.00 0.00
8.18 2.85 0.00 0.00 0.00 0.00 0.00 0.00 0.00 0.00 0.00 0.00 1.31 0.00 0.00 0.00 0.00 0.00 0.00 0.00 0.00 0.00 0.00 0.00 0.00 0.00 0.00 3.50 4.60 0.00 0.00 0.00 0.00 3.65 4.82 3.43 4.09 4.02 1.53 2.48 3.50 4.89 4.74 4.74 4.89 5.62 4.60 2.19 1.10 1.68 3.21 5.18 5.55 5.18 4.67 4.31 2.85 4.09 2.85 2.48 3.58 6.20 5.55 4.45 0.00 0.00 0.00 3.94 3.94 5.26 4.16 3.43 3.43 2.77 3.36 0.00 0.00 0.00 0.00 0.00 0.00 0.00 0.00 0.00
0.00 0.00 0.00 0.00 0.00 0.00 0.00 0.00 0.00 0.00 0.00 0.00 0.00 0.00 0.00 0.00 0.00 0.00 0.00 0.00 0.00 2.92 2.12 0.22 0.00 0.00 0.00 0.00 0.00 0.00 0.00 0.00 0.00 0.00 0.00 3.07 4.45 4.02 2.99 1.39 2.34 2.85 3.72 3.72 3.50 3.21 3.72 2.92 2.26 2.26 4.45 5.84 4.60 4.96 4.74 4.67 4.96 5.11 3.36 0.00 0.00 0.00 0.00 0.00 0.00 3.29 2.04 0.00 0.00 0.00 4.89 0.00 3.59 3.72 2.56 0.00 0.00 0.00 0.00 0.00 0.00 0.00 0.00 0.00
0.00 0.00 0.00 0.00 0.00 0.00 0.00 0.00 0.00 0.00 0.00 0.00 0.00 0.00 0.00 0.00 0.00 0.00 0.00 0.00 0.00 0.00 0.00 0.00 0.58 2.48 0.00 0.00 0.00 0.00 2.63 0.00 1.75 1.97 2.99 1.02 1.39 2.12 1.24 0.80 0.00 0.00 1.31 1.31 1.17 2.34 3.36 4.38 0.00 0.80 2.92 4.45 3.14 2.85 3.43 4.09 4.45 3.72 3.87 4.89 0.00 0.00 0.00 5.40 4.45 5.18 3.87 0.00 0.00 0.00 0.00 0.00 4.77 3.07 2.04 0.00 0.00 0.00 0.00 0.00 0.00 0.00 0.00 0.00
0.00 0.00 0.00 0.00 0.00 0.00 0.00 0.00 0.00 0.00 0.00 0.00 0.00 0.00 0.00 0.00 0.00 0.00 0.00 0.00 0.00 0.00 0.00 0.00 0.00 0.00 0.00 0.00 2.70 3.50 3.50 2.48 2.41 2.48 1.83 1.46 0.00 0.00 0.00 0.00 1.83 2.70 1.90 1.90 0.00 2.26 2.41 1.53 0.00 0.00 3.14 3.72 3.72 3.07 3.50 4.82 4.23 4.23 4.53 3.72 3.80 3.80 0.00 0.00 4.02 4.67 0.00 0.00 0.00 0.00 0.00 3.07 0.00 2.63 0.00 0.00 0.00 0.00 0.00 0.00 0.00 0.00 0.00 0.00
0.00 0.00 0.00 0.00 0.00 0.00 0.00 0.00 0.00 0.00 0.00 0.00 0.00 0.00 0.00 0.00 0.00 0.00 0.00 0.00 0.00 0.00 0.00 0.00 0.00 0.00 0.00 0.00 0.00 0.00 1.83 0.00 0.00 0.00 0.00 0.00 0.00 0.00 0.00 0.00 0.95 2.19 2.48 2.48 3.87 2.85 2.70 2.19 0.00 0.00 3.80 4.16 4.67 5.04 3.29 2.99 2.63 3.14 4.31 5.26 0.00 5.33 5.26 4.09 4.82 5.18 5.77 3.87 3.87 2.48 2.19 3.21 0.00 2.77 2.85 0.00 0.00 0.00 0.00 0.00 0.00 0.00 0.00 0.00
0.00 0.00 0.00 0.00 0.00 0.00 0.00 0.00 0.00 0.00 0.00 0.00 0.00 0.00 0.00 0.00 0.00 0.00 0.00 0.00 0.00 0.00 0.00 0.00 0.00 0.00 0.00 0.00 0.00 0.00 0.00 0.00 0.00 0.00 0.00 0.00 0.00 0.00 0.00 0.00 0.00 0.73 1.53 1.53 2.63 1.10 0.00 0.00 0.00 1.24 1.61 0.00 2.12 2.04 0.00 0.00 0.00 0.00 2.99 4.67 0.00 0.00 0.00 0.00 0.00 0.00 0.00 0.00 0.00 2.41 0.00 3.72 4.45 3.21 0.00 0.00 0.00 0.00 0.00 0.00 0.00 0.00 0.00 0.00
0.00 0.00 0.00 0.00 0.00 0.00 0.00 0.00 0.00 0.00 0.00 0.00 0.00 0.00 0.00 0.00 0.00 0.00 0.00 0.00 0.00 0.00 0.00 0.00 0.00 0.00 0.00 0.00 0.00 0.00 0.00 0.00 0.00 0.00 0.00 0.00 0.00 0.00 0.00 0.00 0.00 0.00 0.00 0.00 0.00 0.00 0.00 0.00 0.00 0.66 0.00 0.88 1.53 1.53 0.00 0.29 0.00 0.00 0.00 0.00 0.00 0.00 0.00 0.00 2.85 0.00 0.00 0.00 0.00 0.00 0.00 0.00 0.00 0.00 0.00 0.00 0.00 0.00 0.00 0.00 0.00 0.00 0.00 0.00
0.00 0.00 0.00 0.00 0.00 0.00 0.00 0.00 0.00 0.00 0.00 0.00 0.00 0.00 0.00 0.00 0.00 0.00 0.00 0.00 0.00 0.00 0.00 0.00 0.00 0.00 0.00 0.00 0.00 0.00 0.00 0.00 0.00 0.00 0.00 0.00 0.00 0.00 0.00 0.00 0.00 0.00 0.00 0.00 0.00 0.00 0.00 0.00 0.00 0.00 0.00 0.00 0.59 0.00 0.00 0.00 0.00 2.19 0.00 0.00 0.00 0.00 0.00 0.00 0.00 0.00 0.00 0.00 0.00 0.00 0.00 0.00 0.00 0.00 0.00 0.00 0.00 0.00 0.00 0.00 0.00 0.00 0.00 0.00
0.00 0.00 0.00 0.00 0.00 0.00 0.00 0.00 0.00 0.00 0.00 0.00 0.00 0.00 0.00 0.00 0.00 0.00 0.00 0.00 0.00 0.00 0.00 0.00 0.00 0.00 0.00 0.00 0.00 0.00 0.00 0.00 0.00 0.00 0.00 0.00 0.00 0.00 0.00 0.00 0.00 0.00 0.00 0.00 0.00 0.00 0.00 0.00 0.00 0.00 0.00 0.00 0.00 0.00 0.00 0.00 0.00 0.66 0.00 0.00 0.00 2.48 1.02 0.51 0.00 0.00 0.00 2.26 2.26 0.00 0.00 0.00 0.00 0.00 0.00 0.00 0.00 0.00 0.00 0.00 0.00 0.00 0.00 0.00
0.00 0.00 0.00 0.00 0.00 0.00 0.00 0.00 0.00 0.00 0.00 0.00 0.00 0.00 0.00 0.00 0.00 0.00 0.00 0.00 0.00 0.00 0.00 0.00 0.00 0.00 0.00 0.00 0.00 0.00 0.00 0.00 0.00 0.00 0.29 0.00 0.00 0.00 0.00 0.00 0.00 0.00 0.00 0.00 0.00 0.00 0.00 0.00 0.00 0.00 0.00 0.00 0.00 0.00 0.00 0.00 0.00 5.11 4.60 0.00 5.11 5.62 2.19 1.17 4.74 3.58 1.68 0.00 0.00 0.58 0.00 0.00 0.00 0.00 0.00 0.00 0.00 0.00 0.00 0.00 0.00 0.00 0.00 0.00
0.00 0.00 0.00 0.00 0.00 0.00 0.00 0.00 0.00 0.00 0.00 0.00 0.00 0.00 0.00 0.00 0.00 0.00 0.00 0.00 0.00 0.00 0.00 0.00 0.00 0.00 0.00 0.00 0.00 0.00 0.00 0.00 1.83 0.00 0.00 0.00 0.00 0.00 0.00 0.00 0.00 0.00 0.00 0.00 0.00 0.22 0.00 0.00 0.00 1.68 3.87 3.29 0.00 3.29 3.21 2.26 3.50 4.16 2.92 0.00 0.00 6.28 3.80 0.88 3.72 3.50 2.48 3.43 3.43 3.94 3.80 1.68 0.00 0.00 0.00 0.00 0.00 0.00 0.00 0.00 0.00 0.00 0.00 0.00
0.00 0.00 0.00 0.00 0.00 0.00 0.00 0.00 0.00 0.00 0.00 0.00 0.00 0.00 0.00 0.00 0.00 0.00 0.00 0.00 0.00 0.00 0.00 0.00 0.00 0.00 0.00 3.50 0.00 0.00 0.00 0.00 0.00 0.00 0.00 0.00 0.00 0.00 0.00 1.61 2.26 0.00 1.31 1.31 0.00 0.37 1.10 1.46 1.75 3.65 4.89 4.16 3.21 7.08 7.52 5.18 5.18 9.71 0.00 1.10 0.00 0.00 0.00 2.34 0.80 0.51 1.97 2.34 2.34 2.48 4.31 4.02 4.02 0.00 0.00 0.00 0.00 0.00 0.00 0.00 0.00 0.00 0.00 0.00
0.00 0.00 0.00 0.00 0.00 0.00 0.00 0.00 0.00 0.00 0.00 0.00 0.00 0.00 0.00 0.00 0.00 0.00 0.00 0.00 0.00 0.00 0.00 0.00 0.00 0.00 0.00 0.00 0.00 0.22 1.97 0.00 0.00 0.00 4.02 6.28 6.42 6.72 8.98 8.47 5.84 4.45 3.65 3.65 2.26 0.00 0.00 0.00 0.00 0.00 0.00 2.41 2.19 3.72 0.00 0.00 0.00 0.00 0.00 3.58 2.48 0.00 0.00 5.40 3.21 1.10 2.19 0.66 0.66 0.07 0.00 0.29 4.23 4.09 0.98 0.00 0.00 0.00 0.00 0.00 0.00 0.00 0.00 0.00
0.00 0.00 0.00 0.00 0.00 0.00 0.00 0.00 0.00 0.00 0.00 0.00 0.00 0.00 0.00 0.00 0.00 0.00 0.00 0.00 0.00 0.00 0.00 0.00 0.00 0.00 0.00 0.00 0.00 1.31 2.56 1.02 0.00 0.00 6.28 5.04 5.33 0.00 3.50 3.72 0.00 0.00 1.97 1.97 0.51 0.00 0.00 0.00 0.00 0.00 0.00 2.77 4.45 3.14 0.00 0.00 0.00 0.00 5.62 4.16 3.94 3.07 5.11 5.55 4.02 4.96 6.28 2.70 2.70 0.00 2.41 0.95 2.26 2.85 3.36 2.37 0.84 0.00 0.00 0.00 0.00 0.00 0.00 0.00
0.00 0.00 0.00 0.00 0.00 0.00 0.00 0.00 0.00 0.00 0.00 0.00 0.00 0.00 0.00 0.00 0.00 0.00 0.00 0.00 0.00 0.00 0.00 0.00 0.00 0.00 0.00 0.95 2.34 2.04 4.02 4.53 3.21 3.94 0.00 3.87 0.00 2.41 0.00 0.00 0.00 0.00 0.00 0.00 0.00 0.00 0.00 0.00 0.00 0.00 0.00 0.00 1.90 0.58 0.58 0.00 0.00 4.23 5.62 4.96 6.13 3.65 3.65 4.67 0.00 0.00 0.00 4.60 4.60 1.68 4.38 3.29 2.26 2.63 3.94 3.80 3.54 5.65 0.00 0.00 0.00 0.00 0.00 0.00
0.00 0.00 0.00 0.00 0.00 0.00 0.00 0.00 0.00 0.00 0.00 0.00 0.00 0.00 0.00 0.00 0.00 0.00 0.00 0.00 0.00 0.00 0.00 0.00 0.00 3.58 1.53 3.43 4.60 0.00 5.40 0.00 0.00 0.00 0.00 0.00 0.00 0.00 3.65 0.00 0.00 0.00 0.00 0.00 0.00 0.00 0.00 0.00 0.00 0.00 0.00 0.00 0.00 0.29 2.34 0.00 0.00 0.00 0.00 4.82 5.84 4.96 4.09 5.77 5.48 0.00 0.00 0.00 0.00 2.12 4.02 2.77 1.61 1.39 1.31 2.48 2.26 1.83 2.85 0.00 0.00 0.00 0.00 0.00
0.00 0.00 0.00 0.00 0.00 0.00 0.00 0.00 0.00 0.00 0.00 0.00 0.00 0.00 0.00 0.00 0.00 0.00 0.00 0.00 0.00 0.00 0.00 0.37 0.00 5.69 5.91 6.64 5.84 3.43 3.58 3.50 0.00 0.00 0.00 0.00 0.00 0.37 0.58 0.00 0.00 0.00 0.00 0.00 0.00 0.00 0.00 1.02 0.00 0.00 0.00 0.00 0.00 0.00 0.00 0.00 0.00 0.00 0.00 0.00 4.45 6.86 6.72 6.50 4.89 2.77 1.02 2.63 2.63 2.19 0.15 1.24 1.75 3.29 3.43 3.07 1.10 0.29 1.90 3.58 5.55 8.98 4.96 0.88
0.00 0.00 0.00 0.00 0.00 0.00 0.00 0.00 0.00 0.00 0.00 0.00 0.00 0.00 0.00 0.00 0.00 0.00 0.00 0.00 0.00 0.00 0.00 0.00 0.00 0.88 0.66 6.64 6.79 5.18 6.79 4.82 0.00 20.08 0.00 0.00 0.00 2.77 2.12 1.10 0.00 0.00 0.00 0.00 0.00 0.00 0.00 3.29 0.00 0.44 0.00 0.00 0.00 0.00 0.00 0.00 0.00 0.00 0.00 0.00 0.00 0.00 0.00 0.00 0.00 0.00 0.00 1.46 1.46 1.83 0.00 0.07 0.15 0.44 0.95 1.02 0.00 0.00 1.75 2.85 1.24 7.01 12.05 9.49
0.00 0.00 0.00 0.00 0.00 0.00 0.00 0.00 0.00 0.00 0.00 0.00 0.00 0.00 0.00 0.00 0.00 0.00 0.00 0.00 0.37 0.00 0.00 0.00 0.00 0.00 7.30 5.99 5.26 5.18 4.38 0.00 0.00 0.00 0.00 0.00 0.00 0.00 2.48 4.89 4.45 3.72 3.65 3.65 0.00 0.00 0.00 0.66 0.00 0.00 0.00 0.00 0.00 0.00 0.00 0.00 0.00 0.00 0.00 0.00 0.00 0.00 0.00 0.00 0.00 0.00 0.00 0.22 0.22 0.15 0.58 0.29 0.00 0.00 0.00 0.00 0.00 0.00 0.00 0.00 0.00 5.91 5.96 5.50
0.00 0.00 0.00 0.00 0.00 0.00 0.00 0.00 0.00 0.00 0.00 0.00 0.00 0.00 0.00 0.00 0.00 0.00 0.00 4.16 4.45 1.17 3.65 0.00 0.00 0.00 0.00 0.00 0.00 0.00 6.57 4.89 0.00 1.90 2.92 3.80 0.00 0.00 0.00 0.00 3.72 2.99 2.85 2.85 4.53 0.00 0.00 0.00 0.00 1.24 2.92 0.00 0.00 0.00 0.00 0.00 0.00 0.00 0.00 0.00 0.00 3.29 0.00 0.00 0.00 0.00 0.00 0.00 0.00 1.02 0.66 0.51 0.00 0.00 0.00 0.00 0.00 0.00 0.00 0.00 0.00 0.00 0.00 0.00
0.00 0.00 0.00 0.00 0.00 0.00 0.00 0.00 0.00 0.00 0.00 0.00 0.00 0.00 2.26 3.36 4.45 3.80 3.80 4.60 4.23 3.07 3.07 0.00 0.00 0.00 0.00 0.00 0.00 2.19 3.50 3.43 2.92 0.00 0.00 1.46 0.00 0.00 0.00 0.00 0.00 0.00 3.07 3.07 2.92 0.00 0.00 0.00 0.00 0.00 3.36 1.75 0.51 0.00 0.00 0.00 0.00 0.00 0.00 0.00 0.00 0.00 0.00 0.00 0.00 0.00 0.00 0.00 0.00 0.00 0.00 1.68 2.77 0.00 0.00 0.00 0.00 0.00 0.00 0.00 0.00 0.00 0.00 0.00
